#Value_Function_Estimate.
34.33   35.39   36.46   37.20   38.01   38.29   38.64   38.52   38.61   38.26   39.24   40.63   42.06   43.50   44.90   46.33   47.73   49.02   49.80   50.46   50.53   50.58   50.51   50.55   50.48   50.47   50.35   51.03   51.64   52.33   53.26   53.48   53.55   53.49   53.53   53.60   54.39   55.45   55.82   55.91   55.87   55.90   55.87   56.16   56.08   56.16   56.05   56.09   55.63   55.22  
34.32   35.41   36.50   37.64   38.34   39.27   39.47   39.91   39.45   39.35   39.39   40.64   42.07   43.51   44.95   46.35   47.80   49.21   50.56   51.28   52.03   52.01   52.08   51.97   52.01   51.75   51.66   51.85   52.65   53.23   53.91   54.99   55.11   55.19   55.09   55.13   55.25   56.15   57.35   57.65   57.74   57.67   57.71   57.64   58.04   57.86   58.00   57.46   57.04   56.76  
34.43   35.39   36.52   37.63   38.87   39.48   40.61   40.67   40.66   40.18   39.92   40.73   42.07   43.52   44.96   46.41   47.80   49.27   50.70   52.13   52.76   53.64   53.48   53.58   53.25   53.22   52.83   52.65   53.47   54.31   54.85   55.49   56.79   56.74   56.87   56.39   56.37   56.94   57.90   59.28   59.45   59.55   59.44   59.49   59.33   59.92   59.25   58.82   58.55   58.30  
35.06   35.52   36.49   37.67   38.77   40.16   40.63   42.05   41.49   41.21   41.31   41.12   42.13   43.51   44.97   46.42   47.88   49.25   50.75   52.18   53.76   54.20   55.22   54.75   54.84   54.37   54.08   54.03   54.19   55.13   56.01   56.49   57.06   58.68   58.02   58.11   57.76   57.97   58.64   59.61   61.23   61.20   61.35   60.88   61.06   61.02   60.59   60.33   60.08   59.77  
35.84   36.48   36.74   37.60   38.84   39.46   40.65   41.60   42.28   42.78   42.36   42.44   42.42   43.54   44.95   46.42   47.87   49.36   50.71   52.25   53.67   55.47   55.53   56.54   55.96   55.65   55.67   55.32   55.56   55.76   56.83   57.74   58.16   58.60   59.91   59.43   59.55   59.22   59.66   60.34   61.28   63.25   62.54   62.65   62.61   62.35   62.12   61.87   61.53   61.35  
35.80   37.47   38.01   38.05   38.30   39.36   40.26   40.99   42.38   43.33   43.98   43.49   43.58   43.75   44.97   46.40   47.88   49.33   50.85   52.16   53.78   54.70   56.47   57.05   57.27   57.40   56.95   56.90   56.63   57.31   57.31   58.56   59.51   59.86   60.15   61.37   60.92   61.03   60.81   61.38   62.06   62.80   64.51   63.98   64.14   63.91   63.68   63.29   63.15   62.89  
36.50   37.05   38.28   39.68   39.50   39.64   39.75   40.95   41.90   42.87   44.34   45.16   44.74   44.83   45.09   46.41   47.85   49.36   50.79   52.38   53.21   54.77   56.03   57.70   58.77   58.61   58.72   57.91   57.79   58.31   59.11   58.81   60.35   61.32   61.58   61.74   62.88   62.42   62.52   62.49   63.14   63.82   64.40   66.01   65.74   65.53   65.07   64.98   64.76   64.02  
37.74   37.99   38.46   39.57   41.32   40.96   41.09   40.92   41.48   42.79   43.81   45.00   46.45   45.92   45.98   46.45   47.86   49.30   50.84   52.26   54.00   54.43   55.98   57.42   59.37   60.67   59.56   59.63   58.83   58.01   59.21   60.13   60.32   62.20   63.16   63.34   63.35   64.42   63.72   63.80   64.25   64.93   65.64   66.04   67.52   66.55   66.72   66.92   65.89   64.79  
38.95   39.27   39.49   39.91   41.00   42.80   42.49   42.54   42.43   42.50   43.49   44.82   45.89   47.62   46.92   47.02   47.85   49.33   50.76   52.35   53.19   54.90   55.77   57.57   59.05   61.06   61.56   60.63   59.79   59.04   58.66   60.44   61.41   61.61   63.21   64.89   65.14   64.97   65.70   65.20   65.47   66.05   66.75   67.51   67.67   68.64   68.00   67.75   66.65   65.43  
39.88   40.52   40.82   41.00   41.37   42.44   44.23   44.07   44.12   44.02   43.98   44.63   46.00   46.94   48.64   48.13   48.15   49.27   50.76   51.75   53.24   54.29   56.08   57.35   59.17   60.50   62.56   61.65   60.84   60.38   59.84   59.88   61.81   62.78   63.18   64.75   66.72   66.97   66.20   67.26   66.81   67.28   67.87   68.59   69.37   69.13   69.48   68.55   67.19   66.71  
40.57   41.45   42.12   42.38   42.52   42.85   43.98   45.81   45.68   45.59   45.64   45.52   46.11   47.00   48.13   49.85   48.63   49.21   50.29   51.66   52.79   54.38   55.69   57.28   58.70   60.48   60.76   62.66   62.29   61.73   60.76   60.40   61.40   63.43   64.33   64.83   66.51   68.02   68.07   67.83   68.86   68.53   69.14   69.72   70.42   70.54   70.33   68.96   68.58   68.22  
41.43   42.09   43.04   43.73   43.95   44.06   44.33   45.42   47.23   47.34   47.16   47.27   46.66   47.16   48.14   48.56   50.18   49.32   50.13   51.31   52.78   54.08   55.56   56.97   58.45   59.07   60.69   61.64   63.63   62.57   62.18   62.07   61.89   62.96   64.93   65.73   66.35   68.21   69.88   69.05   69.26   70.52   70.30   71.04   71.52   71.96   70.72   70.45   70.31   68.52  
42.61   42.95   43.63   44.65   45.38   45.55   45.63   45.83   46.87   48.61   49.07   48.27   48.20   48.07   48.10   48.52   49.20   50.86   49.82   51.23   52.53   53.92   55.27   56.62   57.37   58.70   59.89   61.65   62.62   64.08   63.41   62.54   63.60   63.63   64.68   66.41   67.11   67.87   69.36   71.20   70.38   71.08   72.20   72.11   73.02   72.39   72.42   71.59   70.43   68.68  
43.76   44.19   44.48   45.17   46.31   47.07   47.17   47.24   47.36   48.44   49.88   49.92   49.79   49.61   49.48   49.14   49.17   50.00   51.09   51.00   52.34   53.63   54.87   55.70   56.90   58.09   59.62   60.82   62.27   64.25   64.34   64.48   64.08   65.12   65.37   66.46   68.12   68.89   69.54   70.94   72.37   72.14   72.94   73.96   73.87   74.40   73.25   72.43   70.61   68.78  
44.14   45.45   45.78   46.01   46.72   48.01   48.81   48.81   48.89   48.91   50.12   51.61   51.36   51.29   50.87   50.63   50.28   50.10   51.14   51.13   52.04   53.21   54.07   55.18   56.33   57.73   58.98   60.42   62.26   63.39   65.02   65.38   65.70   65.84   66.53   67.17   68.31   69.71   70.44   71.39   72.53   73.79   73.67   74.64   75.35   75.06   74.50   72.55   70.72   68.75  
44.23   45.75   47.19   47.38   47.56   48.29   49.78   50.61   50.48   50.61   50.52   51.89   53.20   52.71   52.48   52.15   51.78   51.56   51.23   52.16   51.59   52.48   53.51   54.62   55.88   57.12   58.59   60.29   61.43   63.05   64.43   65.82   66.28   67.01   67.40   67.88   69.10   70.30   70.58   71.46   72.38   73.93   74.19   74.68   75.29   76.67   74.48   72.69   70.65   68.79  
44.19   45.83   47.37   49.01   48.98   49.12   49.88   51.61   52.48   51.79   51.71   52.25   53.77   54.42   54.11   53.67   53.55   52.98   52.82   52.40   53.12   52.22   52.96   54.12   55.27   56.71   58.33   59.59   61.12   62.39   63.88   65.79   66.59   67.51   67.98   68.91   69.82   69.27   69.53   70.63   72.34   72.62   73.43   74.20   74.74   74.85   74.69   72.57   70.72   68.75  
44.21   45.77   47.46   48.98   50.91   50.20   50.21   51.56   53.52   53.47   53.46   53.50   53.99   54.80   55.59   55.63   54.89   54.88   54.28   54.21   53.65   54.13   53.54   53.82   54.85   56.37   57.68   59.20   60.52   61.98   63.63   64.78   66.84   67.35   68.92   68.93   67.82   67.70   69.24   71.46   70.86   71.83   72.23   72.73   72.98   73.15   72.93   72.52   70.63   68.79  
44.16   45.81   47.36   49.12   50.21   52.08   50.78   51.68   53.28   55.34   54.98   55.09   55.34   55.56   56.38   56.80   56.96   56.18   56.27   55.56   55.52   55.39   55.60   55.05   55.59   55.74   57.28   58.65   60.11   61.65   62.88   64.65   65.58   67.58   67.98   67.04   66.85   67.32   69.24   69.34   70.29   70.29   70.76   71.07   71.61   71.12   71.17   70.96   70.41   68.70  
44.18   45.74   47.39   48.60   50.24   51.09   52.46   51.96   53.44   54.95   57.01   56.74   56.93   57.22   57.25   57.88   57.77   58.35   57.40   57.47   57.32   57.34   56.89   57.06   56.63   56.60   56.75   58.23   59.73   61.02   62.61   63.70   65.69   66.73   65.84   65.91   65.50   67.08   67.52   68.72   68.44   68.83   69.16   69.60   69.47   70.08   69.31   69.23   69.00   68.36  
44.13   45.72   47.05   48.46   49.44   50.76   52.30   53.55   53.49   55.09   56.71   58.63   58.59   58.82   59.16   59.02   59.72   59.18   59.46   59.22   59.36   58.79   58.60   58.44   58.52   57.96   57.10   57.84   59.19   60.65   61.86   63.62   64.71   64.54   64.67   64.03   65.03   65.71   67.10   66.63   66.93   67.27   67.64   67.64   68.10   68.04   68.41   67.52   67.33   67.06  
44.07   45.42   46.76   47.77   49.06   50.45   51.80   53.48   54.64   55.10   56.73   58.56   60.25   60.52   60.76   61.18   60.84   61.11   60.79   61.46   60.72   60.58   60.37   60.55   59.94   59.01   58.53   58.42   58.78   60.03   61.60   62.68   62.71   62.82   62.69   63.15   63.95   65.51   65.04   65.16   65.40   65.73   65.82   66.25   66.70   66.47   66.29   66.58   65.74   65.46  
43.81   45.10   46.16   47.40   48.75   50.10   51.67   53.12   54.86   55.83   56.82   58.36   60.54   61.50   62.60   62.71   63.13   62.71   62.94   62.70   62.44   62.27   62.67   61.79   60.87   60.50   60.41   60.42   60.34   60.13   60.71   60.88   60.97   60.94   61.41   62.30   63.99   63.49   63.61   63.56   63.85   64.01   64.46   65.50   64.68   64.79   64.66   64.55   64.42   63.91  
43.47   44.56   45.77   47.08   48.43   49.94   51.41   53.03   54.37   55.94   57.22   58.66   60.19   62.46   63.26   64.82   64.68   64.90   64.78   64.54   63.98   64.66   63.40   62.88   62.54   62.46   62.50   62.42   62.27   61.51   60.93   60.45   59.95   59.72   60.77   62.73   62.03   62.12   61.77   62.01   62.21   62.67   63.51   63.40   63.53   62.93   62.93   62.82   62.71   62.54  
43.17   44.47   45.49   46.79   48.26   49.71   51.27   52.67   54.44   55.62   57.18   58.55   60.35   61.93   64.25   65.29   67.15   66.66   66.80   65.97   66.37   65.33   65.05   64.67   64.58   64.67   64.55   64.51   63.62   63.03   62.57   62.02   61.60   61.26   60.93   60.71   60.85   60.37   60.32   60.44   60.89   61.58   61.60   61.68   61.61   61.63   61.17   61.11   61.00   60.89  
43.40   44.77   46.11   47.05   48.13   49.55   50.97   52.62   53.87   55.50   56.90   58.53   59.95   62.06   63.67   66.06   67.24   69.25   68.06   68.44   67.48   67.37   66.82   66.54   66.95   66.75   66.87   65.81   65.19   64.74   64.11   63.69   63.34   63.01   62.63   62.40   62.34   62.34   62.30   62.31   62.24   62.08   61.68   61.43   61.23   60.79   59.86   59.42   59.32   59.21  
43.54   45.02   46.39   47.79   48.65   49.73   51.00   52.15   53.67   55.09   56.83   58.25   59.98   61.65   63.81   65.45   67.90   69.33   70.53   69.66   69.76   69.06   68.89   68.37   68.52   69.36   68.05   67.42   67.02   66.28   65.84   65.45   65.12   64.72   64.50   64.45   64.48   64.42   64.45   64.37   64.24   63.80   63.56   63.39   62.99   61.93   60.19   58.49   57.72   57.57  
43.75   45.13   46.65   48.00   49.51   50.27   51.38   52.72   53.81   54.95   56.37   58.26   59.67   61.66   63.37   65.58   67.17   69.44   71.45   72.26   71.30   71.31   70.63   70.89   70.43   70.31   69.71   69.41   68.53   68.11   67.66   67.32   66.84   66.60   66.60   66.66   66.58   66.63   66.54   66.47   65.95   65.73   65.59   65.25   64.18   62.29   60.52   58.96   57.23   56.08  
43.78   45.39   46.72   48.30   49.62   51.29   51.88   53.06   54.48   55.56   56.30   57.69   59.60   61.33   63.36   65.03   67.15   69.11   70.82   73.49   73.85   72.81   73.27   72.30   72.51   72.04   71.90   70.86   70.50   70.02   69.65   69.09   68.62   68.41   68.85   68.78   68.87   68.75   68.76   68.15   67.96   67.86   67.57   66.52   64.44   62.61   61.07   59.31   57.29   55.36  
43.81   45.38   47.05   48.30   49.99   51.24   53.14   53.45   54.70   56.29   57.37   57.54   59.31   61.22   62.92   64.93   66.94   68.55   70.93   71.94   74.47   75.50   74.49   74.60   74.40   74.49   73.20   72.96   72.43   72.09   71.42   70.93   70.47   70.62   70.61   71.20   71.00   71.15   70.38   70.24   70.17   69.96   68.95   66.63   64.75   63.25   61.47   59.34   57.36   55.43  
43.76   45.42   46.99   48.74   49.88   51.74   51.97   53.45   54.86   56.00   56.63   57.64   59.17   60.86   62.78   64.70   66.36   68.47   70.07   71.94   73.26   75.76   76.90   76.02   76.34   75.44   75.39   74.78   74.50   73.73   73.25   72.75   72.57   72.55   72.95   72.79   73.61   72.63   72.57   72.51   72.39   71.48   68.86   66.96   65.53   63.71   61.43   59.42   57.45   55.51  
43.78   45.36   47.06   48.59   50.49   50.54   51.81   53.30   54.33   55.75   56.37   57.30   58.86   60.68   62.55   64.25   66.51   67.79   69.72   71.68   73.39   75.06   77.63   78.59   77.59   77.81   77.04   76.89   75.98   75.54   75.01   74.65   74.66   74.91   74.81   75.34   74.84   74.94   74.86   74.90   73.37   71.01   69.21   67.88   66.04   63.58   61.54   59.51   57.53   55.69  
43.74   45.40   46.95   48.68   49.50   50.45   52.30   52.85   54.61   54.58   55.44   56.93   58.65   60.53   62.20   64.45   65.50   67.42   69.48   71.83   73.38   75.18   76.77   79.31   80.30   79.25   79.34   78.22   77.87   77.29   76.94   76.66   76.92   76.99   77.32   77.07   77.10   77.22   77.33   75.35   73.27   71.50   70.15   67.62   65.78   63.74   61.62   59.57   57.74   55.74  
43.75   45.32   46.93   47.91   49.37   51.28   51.75   53.31   52.91   53.70   55.30   56.77   58.79   60.36   62.63   63.42   65.22   67.20   69.46   71.39   73.97   74.96   76.87   78.51   81.11   82.02   80.47   80.27   79.63   79.30   78.92   78.94   79.02   79.34   79.34   79.53   79.45   79.44   77.12   75.60   73.64   72.00   69.60   68.13   65.76   63.80   61.65   59.84   57.77   55.77  
43.68   45.22   46.32   47.80   49.50   50.61   51.87   51.48   52.21   53.88   55.19   57.24   58.63   60.86   61.55   63.73   64.94   67.14   69.14   71.49   73.65   76.22   76.69   78.61   80.24   82.89   82.91   82.03   81.78   81.34   81.15   81.12   81.38   81.40   81.91   81.72   82.00   79.15   77.87   75.51   74.14   71.73   70.62   68.01   66.11   63.78   62.00   59.83   57.81   55.75  
43.57   44.95   46.68   47.85   49.43   50.49   50.08   50.91   52.21   53.96   55.74   56.96   59.11   59.80   61.95   62.92   64.91   66.95   69.14   71.32   73.67   75.56   78.21   78.60   80.32   81.83   84.57   84.53   83.85   83.66   83.48   83.34   83.48   83.96   83.76   84.48   81.70   80.27   77.55   76.10   73.76   71.73   69.52   68.51   65.96   64.25   61.93   59.89   57.78   55.77  
43.35   45.02   46.53   48.40   49.14   48.76   49.82   50.81   52.68   53.88   55.25   57.33   58.10   60.21   60.95   62.79   64.80   66.91   69.02   71.16   73.14   75.69   77.21   79.72   80.81   82.25   83.95   86.22   86.45   86.01   85.80   85.58   85.68   85.98   86.57   83.68   81.90   79.44   77.94   75.67   73.96   71.48   69.54   67.36   66.63   64.07   62.03   59.83   57.81   55.76  
43.37   44.92   46.66   47.78   47.39   48.19   49.68   51.61   52.19   53.69   55.40   56.56   58.50   59.05   60.73   62.69   64.75   66.81   68.80   70.73   73.13   74.95   77.21   78.65   80.79   82.86   83.85   85.89   88.07   88.29   88.16   87.66   88.23   88.33   85.25   84.29   81.55   79.52   77.13   75.48   73.60   71.99   69.37   67.50   65.24   64.17   61.92   59.89   57.78   55.79  
43.30   44.96   46.22   46.11   46.62   48.03   49.77   50.57   52.03   53.61   55.52   56.85   57.19   58.72   60.62   62.67   64.64   66.58   68.46   70.66   72.63   74.84   76.76   78.53   80.22   81.68   84.40   85.57   87.88   90.00   90.02   90.65   89.75   86.71   85.40   82.95   82.04   79.45   77.38   74.88   73.20   71.36   69.94   67.30   65.35   63.20   61.87   59.80   57.81   55.86  
43.28   44.52   45.30   45.12   46.40   48.00   48.99   50.67   51.91   53.81   55.28   55.40   56.78   58.61   60.63   62.64   64.78   66.38   68.58   70.47   72.60   74.76   76.14   77.78   79.47   81.69   83.22   85.94   87.40   90.21   93.47   90.80   88.22   86.71   84.20   82.76   80.66   79.89   77.21   75.27   72.85   71.27   69.31   67.71   65.47   63.25   61.33   59.73   57.88   55.81  
42.83   43.59   43.67   44.80   46.31   47.59   49.31   50.55   52.45   53.55   53.68   54.90   56.64   58.59   60.58   62.69   64.71   66.97   68.42   70.79   72.59   73.86   75.41   77.09   79.23   81.11   83.71   85.05   87.29   89.98   89.99   90.24   87.85   85.69   83.97   81.80   80.24   78.38   77.77   75.13   73.40   70.88   69.55   67.09   65.34   63.36   61.33   60.00   57.72   55.86  
41.91   42.19   43.23   44.70   46.16   47.89   49.18   51.05   51.69   51.99   53.09   54.73   56.61   58.56   60.60   62.62   64.80   66.79   69.24   70.39   71.65   73.16   74.81   76.87   79.49   81.28   82.77   85.23   86.94   87.42   87.76   87.98   87.35   85.22   83.14   81.41   79.41   77.78   76.13   75.90   73.20   71.00   68.67   67.11   64.85   63.05   61.15   59.27   57.83   55.75  
40.69   41.69   43.10   44.59   46.33   47.74   49.61   49.97   50.33   51.34   52.88   54.67   56.57   58.56   60.55   62.66   64.68   66.93   68.23   69.52   71.04   72.64   74.58   77.00   78.82   80.38   82.65   84.35   85.46   85.46   85.70   85.33   85.29   84.56   82.58   80.66   78.94   77.03   75.38   73.90   73.27   70.87   68.66   66.47   64.76   62.63   60.84   59.02   57.26   55.77  
40.18   41.58   43.02   44.67   46.15   48.01   48.44   48.70   49.65   51.10   52.81   54.64   56.57   58.53   60.57   62.58   64.68   66.08   67.39   68.90   70.53   72.42   74.71   76.32   77.84   80.02   81.79   83.37   83.00   83.29   83.38   83.14   82.82   82.66   81.89   80.08   78.25   76.51   74.66   73.03   71.65   70.73   68.54   66.39   64.30   62.50   60.49   58.72   56.98   55.31  
40.31   41.58   43.15   44.56   46.28   47.22   47.13   48.01   49.38   51.01   52.77   54.63   56.54   58.53   60.50   62.49   63.94   65.27   66.76   68.41   70.28   72.79   73.93   75.54   77.56   79.29   80.69   80.59   80.87   81.64   81.23   80.92   80.66   80.35   80.12   79.28   77.64   75.85   74.11   72.33   70.74   69.39   68.28   66.27   64.20   62.19   60.35   58.42   56.68   55.01  
40.24   41.88   43.08   44.76   45.87   45.60   46.40   47.71   49.27   50.96   52.76   54.61   56.54   58.46   60.35   61.82   63.17   64.65   66.29   68.15   70.12   71.73   73.30   75.18   76.85   78.12   78.22   78.51   79.16   79.24   79.38   79.40   78.55   78.22   77.93   77.63   76.77   75.21   73.47   71.77   70.06   68.48   67.13   65.92   64.06   62.07   60.11   58.27   56.39   54.70  
40.30   41.74   43.50   44.32   44.13   44.83   46.07   47.58   49.22   50.95   52.74   54.59   56.46   58.27   59.74   61.09   62.55   64.18   66.02   67.94   69.61   71.16   72.88   74.45   75.62   75.87   76.26   76.76   77.21   76.99   77.34   77.37   76.91   76.16   75.79   75.51   75.17   74.30   72.82   71.15   69.50   67.82   66.25   64.92   63.67   61.91   59.98   58.06   56.20   54.39  
40.20   41.71   42.64   42.64   43.28   44.47   45.94   47.53   49.20   50.93   52.71   54.51   56.24   57.70   59.03   60.47   62.08   63.89   65.77   67.47   69.04   70.66   72.11   73.19   73.55   73.93   74.43   74.75   74.65   75.45   74.90   74.88   75.39   74.45   73.77   73.39   73.13   72.75   71.89   70.49   68.90   67.26   65.60   64.08   62.78   61.50   59.81   57.93   56.02   54.19  
40.08   40.98   41.14   41.75   42.90   44.32   45.88   47.50   49.18   50.89   52.62   54.27   55.70   57.02   58.42   59.99   61.75   63.60   65.31   66.91   68.48   69.84   70.83   71.25   71.63   72.11   72.56   72.36   72.91   72.72   72.92   72.77   72.52   72.72   71.98   71.41   71.07   70.81   70.40   69.55   68.22   66.68   65.06   63.45   61.98   60.69   59.38   57.74   55.92   54.06  
39.36   39.65   40.25   41.35   42.73   44.26   45.85   47.48   49.14   50.79   52.37   53.76   55.05   56.41   57.91   59.61   61.41   63.14   64.76   66.30   67.61   68.53   68.99   69.37   69.82   70.21   70.11   70.45   70.37   70.49   70.37   70.46   70.16   70.05   69.97   69.48   69.07   68.80   68.54   68.11   67.27   66.00   64.50   62.92   61.35   59.91   58.62   57.32   55.74   53.98  
