#Value Function.
12.8297 13.0624 13.3775 13.7175 14.0380 14.3626 14.7390 15.1862 15.4993 15.7681 15.8498 15.8737 15.8683 15.8793 15.8732 15.8842 15.8811 15.9804 16.1012 16.1293 16.1451 16.1388 16.1502 16.1436 16.1532 16.1280 16.0430 15.7884 15.4462 15.0939 14.8296 14.5026 14.2370 14.3576 14.5126 14.6684 14.7985 14.9264 15.0650 15.1808 15.3333 15.5153 15.7216 15.7759 15.7994 15.7871 15.7781 15.5764 15.5210 15.4010
13.1054 13.2315 13.4710 13.8028 14.1570 14.4816 14.8083 15.1928 15.6819 15.9852 16.2841 16.3450 16.3684 16.3562 16.3735 16.3611 16.3764 16.3574 16.4737 16.6122 16.6269 16.6465 16.6337 16.6509 16.6263 16.5572 16.2857 15.9260 15.5465 15.2990 14.9534 14.6238 14.5694 14.6803 14.7990 14.9627 15.1255 15.2551 15.3850 15.5323 15.6416 15.8007 15.9879 16.2252 16.2590 16.2868 16.0258 15.9990 15.8809 15.6898
13.4460 13.5177 13.6333 13.8845 14.2345 14.6040 14.9312 15.2590 15.6479 16.1929 16.4630 16.8170 16.8427 16.8716 16.8487 16.8758 16.8410 16.7945 16.8468 16.9727 17.1351 17.1281 17.1568 17.1284 17.0834 16.7501 16.4091 15.9979 15.7798 15.4111 15.0574 14.8428 14.7900 15.0353 15.1281 15.2450 15.4194 15.5900 15.7174 15.8489 16.0083 16.1063 16.2748 16.4630 16.8189 16.4674 16.4876 16.3656 16.1592 16.0091
13.7314 13.8844 13.9343 14.0431 14.3079 14.6778 15.0643 15.3924 15.7209 16.0564 16.5483 16.9607 17.3759 17.3452 17.3911 17.3443 17.3227 17.0829 17.1492 17.3688 17.4796 17.6788 17.6364 17.6419 17.2250 16.7527 16.4449 16.2807 15.8809 15.5006 15.2737 15.2392 15.2116 15.2054 15.5248 15.5835 15.7009 15.8884 16.0678 16.1907 16.3233 16.5002 16.5794 16.7629 16.8984 16.9958 16.8656 16.6335 16.4773 16.4433
13.8176 14.1954 14.3294 14.3600 14.4607 14.7418 15.1330 15.5387 15.8650 16.2024 16.5132 16.9421 17.3985 17.9251 17.8532 17.8772 17.5622 17.4958 17.6043 17.6443 17.9123 17.9906 18.2484 17.6157 17.1853 16.9085 16.8069 16.3624 15.9538 15.7108 15.7017 15.6783 15.6231 15.5482 15.6404 16.0417 16.0437 16.1672 16.3702 16.5596 16.6750 16.8077 17.0103 17.0587 17.2569 17.3812 17.1185 16.9476 16.9372 16.9050
13.8380 14.2611 14.6730 14.7856 14.7949 14.8855 15.1866 15.6002 16.0283 16.3478 16.7015 16.9922 17.3921 17.8484 18.4646 18.0486 18.0259 17.8926 17.9441 18.1556 18.1388 18.4835 17.8977 17.6708 17.3826 17.3626 16.8541 16.4178 16.1526 16.1795 16.1544 16.1241 15.8542 15.9412 16.0221 16.0701 16.5952 16.4777 16.6490 16.8646 17.0666 17.1703 17.3008 17.5423 17.5308 17.6145 17.4249 17.4391 17.4177 17.3342
13.8348 14.2789 14.7072 15.1723 15.2520 15.2393 15.3170 15.6432 16.0795 16.5348 16.8388 17.2193 17.4896 17.8730 18.0537 18.6224 18.1165 18.1655 18.4603 18.4548 18.7371 18.1393 17.9067 17.7130 17.9549 17.3523 16.9000 16.5569 16.6759 16.6364 16.6546 16.2787 16.2311 16.3418 16.4287 16.5147 16.5074 16.7469 16.9793 17.1404 17.3722 17.5901 17.6762 17.8010 18.0975 17.9006 17.9566 17.9389 17.8919 17.4896
13.8547 14.2691 14.7271 15.1583 15.6980 15.7266 15.6909 15.7547 16.1125 16.5704 17.0606 17.3354 17.7583 17.9980 18.1113 18.3660 18.4063 18.6597 18.6737 19.0617 18.4495 18.1596 18.0991 18.2707 17.6879 17.3964 17.0231 16.9271 16.9747 17.2175 16.7419 16.5820 16.6186 16.7249 16.8661 16.5417 16.7834 17.0047 17.2492 17.4970 17.6400 17.8935 18.1317 18.1927 18.2362 18.4941 18.2748 18.5276 17.9259 17.4357
13.9421 14.2841 14.7091 15.1892 15.4049 15.9180 16.2381 16.1524 16.1971 16.5963 17.0716 17.6096 17.8328 18.3236 18.5522 18.6314 18.8580 18.8415 19.2687 18.7220 18.5705 18.5410 18.6977 18.1058 17.7187 17.5018 17.3720 17.3808 17.4408 17.2018 17.0613 17.0510 17.0438 17.1247 16.7514 16.8517 17.0462 17.2876 17.5091 17.7636 18.0330 18.1457 18.4295 18.6937 18.7237 18.6355 18.8591 18.2662 17.9629 17.4141
14.1615 14.3655 14.7197 15.0899 15.4281 15.8138 16.1901 16.7087 16.5689 16.6414 17.0976 17.5806 18.1881 18.3231 18.9181 19.1046 19.1145 19.4485 18.9984 18.9251 18.9156 19.1592 18.5647 18.2211 18.0144 17.8703 17.8546 17.9001 17.6864 17.5611 17.5052 17.4622 17.5825 17.1000 16.9468 17.1387 17.3583 17.5480 17.8069 18.0248 18.2899 18.5906 18.6544 18.9812 18.9150 19.2882 18.6767 18.2967 17.7723 17.4188
14.2156 14.6355 14.7863 15.1195 15.5692 15.8604 16.2947 16.5838 17.1256 16.9778 17.1043 17.6180 17.9080 18.4867 18.8231 19.4748 19.6537 19.4230 19.4458 19.1749 19.5351 19.0814 18.7425 18.5475 18.3549 18.3262 18.4205 18.2009 18.0830 17.9693 17.8970 18.0580 17.4888 17.3780 17.2235 17.4315 17.6492 17.8799 18.0592 18.3432 18.5510 18.8271 19.1745 19.1723 19.5963 18.9844 18.7009 18.1645 17.7598 17.2735
14.2346 14.6650 15.1287 15.2121 15.5744 16.0729 16.3219 16.8167 17.0079 17.5375 17.3902 17.5799 17.9978 18.3037 18.8603 19.2537 19.9175 20.0848 19.6949 19.6961 19.6197 19.2754 19.0996 18.8772 18.8525 18.8760 18.7265 18.6191 18.5066 18.3652 18.4896 17.9267 17.7466 17.4287 17.5439 17.7342 17.9494 18.1721 18.4181 18.5778 18.8993 19.0866 19.3734 19.7618 19.1556 18.9870 18.4736 18.1432 17.6559 17.2367
14.2231 14.6873 15.1147 15.6526 15.6317 16.0405 16.6031 16.7780 17.3779 17.4391 17.9528 17.8545 18.0849 18.5586 18.7215 19.2877 19.5180 20.1353 20.3404 19.8584 19.8221 19.6794 19.4089 19.4266 19.2629 19.2386 19.1751 19.0639 18.8747 18.9260 18.3359 18.1914 17.9535 17.5903 17.8435 18.0695 18.2566 18.4812 18.7067 18.9755 19.1005 19.4794 19.6358 19.1425 19.1342 18.6510 18.4136 17.9621 17.6085 17.1487
14.2348 14.6672 15.1491 15.3972 15.7634 16.0730 16.3217 16.8150 17.1118 17.6154 17.9174 18.3755 18.3534 18.5976 19.1637 19.1772 19.4819 19.7381 20.1980 20.5006 19.9747 19.9445 20.0301 19.8320 19.6907 19.6928 19.6428 19.3976 19.4385 18.8193 18.5205 18.5262 17.9790 17.8314 18.1165 18.3767 18.6100 18.7905 19.0279 19.2520 19.5560 19.6218 19.0591 19.0587 18.8063 18.5749 18.1441 17.8671 17.4556 17.0863
14.2210 14.6689 14.9472 15.2861 15.5962 16.0356 16.2981 16.6267 17.0764 17.3993 17.8290 18.2429 18.7272 18.8862 19.1090 19.8161 19.3854 19.5747 19.8501 20.2469 20.6131 20.0368 20.0365 20.2684 20.2878 20.1155 19.9324 19.8882 19.3017 18.9481 19.0418 18.5097 17.9888 18.0761 18.3596 18.6570 18.9234 19.1664 19.3348 19.5911 19.8056 19.1789 19.0172 18.5730 18.5878 18.4513 18.0999 17.6520 17.3431 16.9512
14.2025 14.5026 14.8248 15.1412 15.5419 15.8475 16.3776 16.5598 16.8993 17.3130 17.7507 18.2260 18.6618 18.8398 19.4584 19.3539 20.0057 19.6768 19.6570 20.0700 20.3324 20.6710 20.3320 20.3320 20.4737 20.4520 20.3018 19.8465 19.4426 19.4764 19.0613 18.4984 18.1536 18.4576 18.5919 18.9034 19.2120 19.4835 19.7404 19.8880 19.2533 19.1778 18.6813 18.5733 18.2830 18.0857 18.0048 17.7372 17.4477 16.8697
14.0606 14.3772 14.6935 15.0680 15.3952 15.8644 16.1720 16.7150 16.9471 17.2336 17.6933 18.1220 18.5017 19.1063 18.9255 19.3689 19.3717 19.7786 19.9916 19.8013 20.4149 20.4559 20.9806 20.5902 20.6398 20.6703 20.4283 19.9732 19.8519 19.6520 19.0091 18.5121 18.4949 18.6744 19.0302 19.1105 19.4652 19.7817 20.0566 19.4069 19.2610 18.8071 18.8454 18.8420 18.4410 17.9805 17.6885 17.4956 17.2266 16.9086
13.9366 14.2547 14.6102 14.9466 15.3752 15.7127 16.1924 16.5052 17.0557 17.4711 17.7131 18.0853 18.6937 18.6141 18.7690 18.8525 19.1888 19.4395 19.9249 20.1228 20.1369 20.7055 20.6874 21.2317 21.0044 20.9711 20.5192 20.3724 20.1803 19.5305 19.0673 18.5103 18.6612 19.0693 19.1953 19.6350 19.6256 20.0548 19.4808 19.4139 19.0527 19.3806 19.1329 18.5468 18.2975 18.1733 17.5907 17.4763 17.0171 16.7224
13.8205 14.1665 14.5045 14.9049 15.2561 15.6946 16.0392 16.5372 16.9598 17.3632 17.6390 18.2506 18.2425 18.2272 18.3311 18.6252 18.8989 19.3238 19.5919 20.1806 20.1063 20.4279 21.0363 21.0180 21.5356 21.0726 20.9808 20.6516 20.0101 19.5778 19.0554 18.5173 18.7219 19.2227 19.6704 19.7078 20.2840 19.7895 19.6508 19.3946 19.6050 19.4281 18.8614 18.7259 18.1452 17.8025 17.6065 17.1310 16.9414 16.5348
13.7313 14.0795 14.5303 14.8057 15.2163 15.5766 16.0393 16.4704 16.9417 17.1107 17.6939 17.7921 17.7322 17.8166 18.0819 18.3641 18.7496 19.0537 19.5463 19.7004 20.3144 20.4667 20.7404 21.3045 21.4577 21.6034 21.1021 20.5822 20.0506 19.6227 19.0555 18.5716 18.6851 19.2858 19.8120 20.2806 20.2647 20.1894 19.6615 19.9893 19.5897 19.1339 19.2044 18.5512 18.3434 17.7701 17.5346 17.0971 16.6677 16.4268
13.6563 14.0855 14.4942 15.0119 15.1205 15.5582 15.9902 16.4450 16.6627 17.1257 17.2684 17.2655 17.3145 17.5559 17.8383 18.1968 18.5179 18.9564 19.2459 19.7089 20.1478 20.4545 20.9493 21.0612 21.5711 21.3955 21.1999 20.5464 20.2223 19.6100 19.1016 18.7859 18.7897 19.1950 19.9132 20.2372 20.1325 19.9870 20.1049 19.6369 19.5355 19.3357 18.7648 18.6038 18.1426 18.1028 17.4941 17.0895 16.6713 16.3341
13.6500 14.0616 14.5200 14.7124 15.1952 15.5146 15.9498 16.2225 16.5883 16.7452 16.7655 16.8264 17.0453 17.3231 17.6619 17.9901 18.4033 18.8165 19.2635 19.8305 20.0512 20.6713 20.5913 21.1979 21.0846 21.1516 20.8820 20.8594 20.1759 19.6431 19.3162 19.2543 19.2484 19.2995 19.6399 19.6267 20.0224 19.8045 19.5347 19.6390 19.3895 19.0272 18.9086 18.3448 18.0620 17.6814 17.5992 17.1674 16.8400 16.5179
13.6303 14.0540 14.2967 14.7191 15.0408 15.4418 15.7694 16.0767 16.2359 16.2764 16.3471 16.5493 16.8195 17.1431 17.4734 17.8759 18.3610 18.8145 19.3938 19.8173 20.4721 20.3444 20.9536 20.6336 20.8374 20.5542 20.4962 20.3092 20.1964 19.8555 19.8240 19.8176 19.8239 19.8216 19.8273 19.8184 19.7933 19.9626 19.6162 19.4569 19.1971 19.2197 18.6558 18.4236 18.1382 17.9400 17.6749 17.3555 17.0255 16.7478
13.6033 13.8803 14.2636 14.5950 14.9694 15.2894 15.5803 15.7410 15.7980 15.8775 16.0724 16.3805 16.6391 16.9685 17.3639 17.8553 18.3445 18.9261 19.3561 19.9967 20.0522 20.6706 20.3090 20.3094 20.2203 20.5822 20.3948 20.4074 20.4022 20.4123 20.4070 20.4171 20.4118 20.4211 20.4106 20.3954 20.3206 20.2088 20.0663 19.7731 19.4783 19.1615 18.9477 18.7043 18.5038 18.2235 17.9044 17.5434 17.2707 16.9636
13.4626 13.8243 14.1566 14.5113 14.8251 15.0985 15.2600 15.3306 15.4183 15.6110 15.9412 16.4055 16.9101 16.9664 17.3617 17.8311 18.4015 18.8799 19.5156 19.6929 20.2025 20.0037 20.0301 20.2860 20.7029 20.8315 20.9989 21.0052 21.0216 21.0111 21.0266 21.0160 21.0311 21.0169 21.0102 20.9287 20.8248 20.6394 20.3958 20.0758 19.7838 19.5288 19.2604 19.0714 18.7944 18.4745 18.0978 17.7692 17.4847 17.2069
13.3940 13.7272 14.0661 14.3713 14.6308 14.7923 14.8741 14.9693 15.1602 15.4804 15.9270 16.4339 16.8999 17.4900 17.4207 17.8841 18.3536 18.9688 19.2285 19.6115 19.6842 19.7832 20.1955 20.4977 20.9204 21.4311 21.5485 21.6418 21.6284 21.6536 21.6337 21.6585 21.6366 21.6432 21.5508 21.4535 21.2601 21.0115 20.6943 20.4125 20.1384 19.8819 19.6626 19.3658 19.0420 18.6409 18.3397 18.0211 17.7407 17.4412
13.3025 13.6327 13.9286 14.1765 14.3374 14.4284 14.5304 14.7196 15.0300 15.4569 15.9415 16.4091 16.9425 17.2603 17.8373 17.8824 18.4308 18.8681 19.1291 19.4395 19.5236 19.7877 20.4101 20.6358 21.1813 21.6854 22.1251 22.2199 22.2966 22.2641 22.3049 22.2684 22.2963 22.1859 22.1006 21.8959 21.6455 21.3040 21.0208 20.7670 20.5039 20.2589 20.0114 19.6342 19.1883 18.8978 18.5618 18.2815 17.9828 17.6493
13.2059 13.4968 13.7348 13.8949 13.9935 14.1017 14.2915 14.6170 15.0185 15.4635 15.9258 16.4227 16.7983 17.3656 17.4807 17.9139 18.3752 18.5839 18.8843 19.1897 19.5743 19.9892 20.3618 20.7794 21.2598 21.8604 22.3516 22.8295 22.8741 22.9733 22.9102 22.9727 22.8322 22.7680 22.5460 22.2993 21.9268 21.6395 21.3854 21.1121 20.8957 20.6616 20.2295 19.8266 19.4806 19.1138 18.8370 18.5309 18.2049 17.7696
13.0712 13.3054 13.4651 13.5765 13.7571 14.0635 14.3702 14.7134 15.0699 15.4801 15.9319 16.4001 16.8428 17.1941 17.3971 17.8126 18.0568 18.3854 18.8267 19.2456 19.6388 19.9725 20.3819 20.8543 21.4333 21.8730 22.5304 23.0139 23.5679 23.5318 23.6772 23.4868 23.4587 23.2089 22.9757 22.5617 22.2732 22.0219 21.7295 21.5144 21.3021 20.8529 20.4512 20.0680 19.7264 19.4087 19.0911 18.7727 18.3085 17.9275
12.8844 13.0601 13.2935 13.6097 13.9227 14.1923 14.5129 14.8201 15.1740 15.5346 15.9535 16.3632 16.9131 16.9498 17.3943 17.7146 18.2062 18.5437 18.9442 19.3647 19.6272 19.9973 20.4465 20.9875 21.4645 22.0955 22.4887 23.2290 23.6850 24.3321 24.0823 24.0457 23.8757 23.6783 23.2072 22.9219 22.6784 22.3603 22.1444 21.9686 21.4660 21.0569 20.6712 20.3662 20.0234 19.6791 19.3625 18.8476 18.4922 17.9941
12.8296 13.1049 13.3947 13.7235 14.0476 14.3744 14.6363 14.9765 15.2801 15.6473 16.0112 16.4461 16.7125 17.1685 17.4577 17.9502 18.2302 18.8008 19.1111 19.3519 19.6301 20.1027 20.5741 21.0510 21.6266 22.0808 22.7906 23.0351 23.6799 24.0326 24.7374 24.1288 24.0320 23.8664 23.5857 23.3570 23.0046 22.7831 22.6663 22.0877 21.6800 21.2729 20.9791 20.6161 20.3461 19.8155 19.3950 19.0728 18.5366 18.1093
12.9921 13.2494 13.5276 13.8215 14.1655 14.4958 14.8412 15.0873 15.4566 15.7493 16.1337 16.4995 16.9059 17.2156 17.7420 17.9757 18.5743 18.7511 19.0423 19.4560 19.8346 20.2173 20.7092 21.1907 21.6781 22.2895 22.6228 23.0228 23.6463 24.2363 24.3625 24.1901 23.7082 23.7821 24.0664 23.6633 23.4252 23.4036 22.7136 22.3231 21.8843 21.6145 21.2096 20.9934 20.3917 19.9816 19.5547 19.0803 18.6631 18.2411
13.1456 13.4208 13.6744 13.9618 14.2575 14.6204 14.9535 15.3255 15.5427 15.9562 16.2375 16.6552 17.0265 17.4409 17.7303 18.3275 18.4418 18.7379 19.2147 19.6811 20.0813 20.4269 20.8103 21.3662 21.8294 22.2555 22.6763 23.3223 23.6658 24.3647 23.8971 23.8441 23.5410 23.3590 23.6418 24.1061 23.8125 23.3355 22.9914 22.5015 22.2784 21.8012 21.6772 20.9714 20.5800 20.1492 19.6460 19.2274 18.7925 18.4227
13.2778 13.5795 13.8565 14.1091 14.4084 14.7020 15.0899 15.4193 15.8368 16.0319 16.4911 16.7179 17.1822 17.4623 18.0838 18.1726 18.4693 18.8947 19.3608 19.8433 20.2845 20.6926 21.0568 21.4234 21.8783 22.2949 22.9433 23.3108 24.0601 23.6689 23.6268 23.3188 23.2419 22.9772 23.3599 23.5181 23.9948 23.6936 23.1176 22.9759 22.4145 22.0867 21.5108 21.1848 20.7633 20.2217 19.8091 19.3492 18.9820 18.6384
13.4170 13.7107 14.0204 14.3043 14.5529 14.8689 15.1536 15.5939 15.8984 16.3654 16.4885 17.0438 17.1432 17.7078 17.8122 18.3242 18.5833 19.0094 19.4781 19.9493 20.4478 20.8985 21.3533 21.6859 22.0726 22.5332 22.9219 23.6680 23.5510 23.5982 23.2193 22.9590 22.8763 22.6677 22.8711 23.2480 23.2731 23.7611 23.3616 23.0588 22.5670 22.1048 21.7719 21.3601 20.8107 20.4106 19.9176 19.5460 19.2277 18.7183
13.5907 13.8501 14.1495 14.4735 14.7650 15.0049 15.3456 15.6310 16.1029 16.3687 16.9287 16.9215 17.3803 17.6372 18.2122 18.2887 18.7135 19.1957 19.5911 20.0665 20.5471 21.0813 21.5324 22.0188 22.3252 22.7184 23.2126 23.4148 23.1278 22.9711 23.1960 22.7434 22.3563 22.3985 22.5466 22.6477 23.0171 23.0277 23.5992 22.9241 22.6800 22.1727 21.7953 21.1812 20.7368 20.5028 20.1197 19.8342 19.2798 18.8406
13.7099 14.0419 14.2869 14.5994 14.9393 15.2398 15.4805 15.8479 16.0909 16.6399 16.7189 17.2190 17.4157 17.9900 18.0904 18.3384 18.8536 19.2741 19.7920 20.1696 20.7011 21.1979 21.7480 22.1756 22.6994 22.9705 23.4014 22.9294 22.7565 22.5106 22.4588 22.6864 22.3827 21.8909 21.9894 22.3218 22.4189 22.8589 22.9112 23.2931 22.5828 22.2406 21.7478 21.2310 20.7157 20.1970 20.4752 19.8433 19.4416 18.7854
13.8407 14.1524 14.5040 14.7309 15.0610 15.4180 15.7682 15.9413 16.3657 16.4328 16.9382 17.2414 17.8345 17.5962 17.8957 18.3813 18.8972 19.4412 19.8419 20.4124 20.7910 21.3597 21.8183 22.4156 22.8171 23.4165 22.6867 22.6561 22.5950 22.1375 22.0007 21.9652 22.1800 21.7404 21.6489 21.7476 22.1617 22.2820 22.5747 22.5527 22.9362 22.2227 21.8654 21.3356 20.7778 20.3689 19.8493 19.8088 19.2813 18.8407
13.8971 14.3008 14.5968 14.9849 15.1857 15.5866 15.8968 16.2945 16.4209 16.9817 16.8784 17.4822 17.2673 17.4145 17.8869 18.4532 18.9371 19.4687 20.0513 20.4645 21.0044 21.3892 22.0172 22.4446 23.1182 22.6468 22.6670 22.1042 22.0166 22.2074 21.5697 21.5082 21.4698 21.6580 21.1959 21.4905 21.6536 21.8940 21.9430 22.2473 22.3936 22.5605 21.8396 21.3749 21.0068 20.3436 19.7963 19.3250 19.1844 18.7147
13.9170 14.3509 14.7719 15.0451 15.4303 15.6450 16.0921 16.3156 16.8702 16.4916 16.8895 16.8927 17.0284 17.4455 17.9540 18.4215 19.0308 19.5037 20.0784 20.6775 21.0574 21.6589 21.9882 22.7071 22.3695 22.6114 22.2568 21.9877 21.5393 21.5116 21.8176 21.1802 21.0018 20.9570 21.0982 21.0231 21.2421 21.3336 21.5874 21.7498 21.9141 22.1119 22.0410 21.3424 20.9341 20.3861 19.8479 19.2709 18.8022 18.5854
13.9137 14.3703 14.8097 15.2619 15.5008 15.9434 16.0975 16.6327 16.3168 16.3451 16.4119 16.6405 17.0333 17.5684 17.9675 18.5128 18.9622 19.4980 20.0951 20.6799 21.3305 21.6501 22.3496 22.1694 22.1776 21.9151 22.0646 21.8744 21.3776 21.1470 21.1360 21.5210 20.8301 20.4645 20.4414 20.6089 20.6994 20.9510 21.1196 21.2804 21.4479 21.4434 21.6934 21.5903 20.8971 20.4502 19.8339 19.3719 18.8699 18.5348
13.9190 14.3624 14.8310 15.2772 15.7745 15.9533 16.4890 16.1902 16.1068 15.9461 16.2608 16.6487 17.1721 17.5370 18.1323 18.4934 18.9291 19.5047 20.0841 20.7032 21.2906 22.0176 21.6747 21.8826 21.5776 21.5170 21.3713 21.5483 21.6006 20.9107 20.8433 20.7951 20.8881 20.2604 20.0006 20.1113 20.3278 20.4733 20.6606 20.8091 20.8446 21.0303 21.0010 21.2736 21.0880 20.4035 19.9637 19.4094 19.1264 18.5858
13.9139 14.3712 14.8162 15.3052 15.7510 16.3165 15.9549 15.9581 15.7229 15.8822 16.2672 16.7824 17.1437 17.7290 17.9576 18.3833 18.9298 19.4980 20.0955 20.6836 21.3255 21.2878 21.3845 21.2159 21.5223 21.0168 20.9108 20.9840 21.1149 20.9270 20.3675 20.2912 20.4769 20.2366 19.7061 19.7256 19.8782 20.0481 20.1567 20.2510 20.3979 20.4182 20.6192 20.6372 20.7642 20.5841 19.9465 19.7391 19.1499 18.6314
13.9190 14.3625 14.8312 15.2795 15.7949 15.7426 15.7781 15.5085 15.5055 15.8865 16.3934 16.7532 17.3284 17.4485 17.8493 18.3713 18.9255 19.5043 20.0807 20.6728 20.7280 20.9269 20.7152 20.8585 20.8452 21.1599 20.5381 20.4801 20.4419 20.7182 20.3044 19.8496 19.7977 19.8477 19.6128 19.2957 19.4534 19.5648 19.6600 19.7664 19.8387 19.9986 20.0467 20.1593 20.2900 20.2889 20.3880 19.7134 19.2110 18.6008
13.9138 14.3706 14.8105 15.2535 15.2823 15.3483 15.2805 15.2704 15.5084 16.0063 16.3635 16.9283 16.9615 17.3289 17.8278 18.3669 18.9278 19.4863 20.0135 20.1515 20.5519 20.2649 20.2928 20.2686 20.5044 20.4933 20.8114 20.1907 20.0745 20.0290 20.0634 19.7037 19.3139 19.2371 19.2406 19.0282 18.9875 19.0828 19.1826 19.2623 19.3815 19.4661 19.5696 19.6866 19.7380 20.0811 19.8361 19.8056 19.1572 18.6322
13.9169 14.3482 14.7425 14.8346 14.9512 14.8924 14.8769 15.1668 15.6394 15.9739 16.5307 16.4927 16.8228 17.2987 17.8219 18.3655 18.9034 19.3861 19.5841 19.9056 19.9317 19.9224 19.7070 19.8818 19.9256 20.1650 20.1603 20.5249 19.8636 19.5404 19.4610 19.4387 19.1208 18.7821 18.6870 18.6558 18.5194 18.6147 18.6980 18.8072 18.8985 19.0264 19.1037 19.1843 19.4461 19.4122 19.4744 19.5544 19.1934 18.5988
13.8903 14.2574 14.4073 14.7413 14.4592 14.4857 14.8552 15.3545 15.6177 16.1547 16.0440 16.3311 16.7837 17.2904 17.8167 18.3336 18.7842 19.0172 19.2886 19.3435 19.3404 19.3497 19.3201 19.3595 19.5515 19.6043 19.8766 19.8461 19.9313 19.3911 19.0562 18.9086 18.8404 18.5548 18.2563 18.1480 18.0974 18.1466 18.2489 18.3430 18.4606 18.5578 18.7803 18.8423 18.8510 18.9013 18.9640 18.9213 18.9374 18.5943
13.7875 13.9753 14.2423 14.2192 14.2526 14.4096 14.8769 15.3173 15.8741 15.6457 15.8539 16.2823 16.7721 17.2812 17.7777 18.2037 18.4562 18.6954 18.7673 18.7718 18.7783 18.7768 18.8041 18.9632 19.0478 19.2614 19.2744 19.3306 19.2847 19.2935 18.8527 18.5955 18.3692 18.2655 18.0048 17.7381 17.6211 17.7054 17.8002 17.9115 18.0186 18.2061 18.2795 18.2979 18.3425 18.3931 18.3708 18.3997 18.3722 18.3377
13.5398 13.7690 13.7854 13.8267 13.9954 14.4147 14.8515 15.3218 15.3218 15.3949 15.7943 16.2666 16.7588 17.2357 17.6420 17.9041 18.1222 18.2043 18.2163 18.2222 18.2257 18.2609 18.3956 18.4964 18.6718 18.7097 18.7509 18.7258 18.7564 18.7260 18.6895 18.3058 18.0350 17.8398 17.7111 17.4701 17.2286 17.2704 17.3773 17.4886 17.6511 17.7304 17.7568 17.7973 17.8395 17.8302 17.8482 17.8353 17.8527 17.8242
13.3079 13.3542 13.4064 13.5806 13.9631 14.3853 14.7965 14.8587 14.9537 15.3142 15.7681 16.2432 16.7014 17.0909 17.3566 17.5604 17.6487 17.6676 17.6742 17.6819 17.7219 17.8396 17.9473 18.0969 18.1486 18.1827 18.1702 18.1892 18.1752 18.1936 18.1685 18.0959 17.7237 17.4999 17.3133 17.1687 16.9437 16.8511 16.9630 17.1073 17.1888 17.2217 17.2593 17.2956 17.2945 17.3064 17.2998 17.3113 17.3047 17.3102
