#Value Function.
11.4398 11.7808 11.8290 12.0817 12.3681 12.6729 12.9500 13.2040 13.4362 13.6919 13.9217 14.1698 14.5130 14.5991 14.6266 14.6177 14.6159 14.6363 14.8340 15.1004 15.3378 15.4984 15.6321 15.8764 16.0436 16.0688 16.0711 16.0613 16.0555 16.0089 15.9814 15.9658 16.0208 16.0600 16.1581 16.1990 16.1975 16.1946 16.1879 16.1810 16.1256 15.9360 15.6994 15.5017 15.3455 15.2054 15.0768 14.9633 14.8628 14.7454
11.4249 11.8318 12.0181 12.1933 12.4670 12.7625 13.0815 13.3598 13.6182 13.8485 14.1204 14.3453 14.5952 14.9984 15.0222 15.0554 14.9949 14.9911 15.0512 15.2781 15.5644 15.8063 15.9564 16.0777 16.3657 16.5265 16.5244 16.5291 16.4684 16.4489 16.3936 16.3632 16.4260 16.4827 16.5125 16.6353 16.6636 16.6555 16.6541 16.6154 16.4068 16.1483 15.9449 15.7897 15.6473 15.5151 15.3987 15.2995 15.1906 15.0116
11.4473 11.7974 12.2165 12.3159 12.5756 12.8579 13.1624 13.4984 13.7739 14.0391 14.2635 14.5592 14.7718 15.0200 15.5127 15.4095 15.4286 15.4048 15.4004 15.4699 15.7322 16.0372 16.2823 16.4184 16.5210 16.8736 17.0142 16.9284 16.9257 16.8552 16.8373 16.7588 16.7902 16.9002 16.9495 16.9652 17.1265 17.1298 17.1181 16.8842 16.5995 16.3918 16.2399 16.0948 15.9587 15.8388 15.7405 15.6391 15.4623 15.2007
11.4396 11.8336 12.1470 12.5769 12.6681 12.9748 13.2573 13.5719 13.9293 14.1954 14.4726 14.6835 15.0162 15.2038 15.4375 15.8859 15.8253 15.8540 15.7875 15.7637 15.9092 16.2007 16.5243 16.7710 16.8899 16.9635 17.1353 17.4210 17.3213 17.3283 17.2269 17.1981 17.1904 17.2608 17.3898 17.4263 17.4213 17.6425 17.3737 17.0575 16.8477 16.7018 16.5532 16.4128 16.2887 16.1907 16.0994 15.9224 15.6379 15.4054
11.4935 11.8068 12.2240 12.4542 12.8952 13.0328 13.3933 13.6627 13.9917 14.3721 14.5779 14.9317 15.1026 15.4774 15.6228 15.8141 16.3297 16.2262 16.2389 16.0669 16.1230 16.3760 16.6809 17.0268 17.2727 17.3713 17.4180 17.5243 17.8411 17.7007 17.6822 17.6707 17.6297 17.6681 17.7411 17.8969 17.9122 17.8748 17.5209 17.3126 17.1766 17.0226 16.8777 16.7489 16.6495 16.5714 16.4007 16.0694 15.8831 15.4490
11.4053 11.9035 12.1284 12.4918 12.7553 13.2050 13.3816 13.8203 14.0079 14.3899 14.7179 14.9547 15.1614 15.3674 15.8007 16.0190 16.1643 16.7427 16.4978 16.5035 16.3834 16.5897 16.8546 17.1728 17.5462 17.7871 17.8623 17.8970 17.9907 18.1775 18.1783 18.1053 18.1161 18.1130 18.1580 18.2301 18.4252 17.9881 17.7865 17.6656 17.5028 17.3537 17.2197 17.1168 17.0537 16.9038 16.4917 16.3828 15.8959 15.4531
11.3933 11.7745 12.1053 12.3973 12.7876 13.0803 13.4138 13.6194 13.9644 14.3160 14.7838 14.7891 15.1240 15.3102 15.5250 15.7716 16.2052 16.4482 17.0125 16.7668 16.7205 16.8455 17.0695 17.3453 17.6760 18.0848 18.3134 18.3607 18.3869 18.4757 18.5436 18.5150 18.6227 18.6136 18.5968 18.6497 18.4495 18.2693 18.1710 17.9936 17.8412 17.7019 17.5925 17.5430 17.4382 16.9216 16.6089 16.1280 15.8850 15.4596
11.2977 11.7342 12.0367 12.3912 12.6917 12.9965 13.2333 13.5545 13.9028 14.2842 14.3906 14.6560 14.8612 15.0758 15.3359 15.7134 16.0075 16.4424 16.5529 17.0782 17.1682 17.1725 17.3212 17.5629 17.8481 18.1897 18.6459 18.8503 18.8658 18.8880 18.9677 18.9237 19.0196 19.0090 19.0133 18.8884 18.7622 18.6959 18.4939 18.3403 18.1971 18.0721 18.0648 17.7722 17.2854 16.9290 16.4874 16.1353 15.7173 15.4179
11.2557 11.6776 12.0099 12.3085 12.5973 12.8494 13.1558 13.4903 13.8212 13.9804 14.2112 14.4215 14.6389 14.9023 15.2460 15.5567 15.9247 16.1247 16.5387 16.7934 17.1214 17.5500 17.5853 17.8229 18.0675 18.3638 18.7125 19.2346 19.3944 19.3771 19.3628 19.4333 19.4159 19.4592 19.2861 19.2693 19.2450 19.0012 18.8525 18.7000 18.5535 18.5028 18.1779 17.6894 17.2800 16.8364 16.4595 16.0501 15.6858 15.2961
11.1990 11.6392 11.9334 12.2121 12.4708 12.7660 13.0838 13.3831 13.5693 13.7829 13.9929 14.2126 14.4747 14.7958 15.1075 15.4392 15.6828 16.0407 16.3288 16.6935 17.1111 17.4620 17.8015 17.9751 18.3598 18.5577 18.8992 19.2359 19.8437 19.8780 19.8601 19.8160 19.9150 19.7667 19.7041 19.8247 19.5115 19.3775 19.2264 19.0381 18.9748 18.5600 18.1431 17.6903 17.3008 16.8502 16.3982 16.0094 15.6175 15.2476
11.1537 11.5662 11.8386 12.0989 12.3844 12.6858 12.9637 13.1629 13.3677 13.5756 13.7967 14.0566 14.3620 14.6676 14.9791 15.2507 15.6231 15.9647 16.3869 16.7012 17.2068 17.5629 17.8096 18.3293 18.2671 18.6766 18.9939 19.3272 19.7089 20.2577 20.3094 20.3179 20.2929 20.2319 20.1991 20.0173 19.9167 19.7700 19.5535 19.4292 19.0341 18.5308 18.0832 17.7983 17.3262 16.8592 16.4134 16.0011 15.6065 15.2276
11.1181 11.4764 11.7356 12.0122 12.2985 12.5606 12.7655 12.9661 13.1748 13.4132 13.7719 14.1711 14.4118 14.6711 14.9679 15.3362 15.6853 16.1101 16.4337 16.9025 17.1694 17.6459 18.0586 18.1380 18.3833 18.6552 18.8849 19.4566 19.6806 19.8815 20.5441 20.6605 20.7180 20.7104 20.5417 20.4738 20.3302 20.0937 19.8796 19.5162 18.9673 18.5429 18.3323 17.8120 17.3314 16.8724 16.4537 16.0480 15.6732 15.2633
11.2022 11.4733 11.7494 12.0295 12.2687 12.4768 12.6926 12.9214 13.1565 13.4337 13.8000 14.2068 14.6338 14.8372 15.1123 15.4145 15.8106 16.1505 16.6181 16.9022 17.4490 17.6408 17.7482 18.1360 18.5103 18.7157 19.3077 19.1788 19.3699 19.8725 20.1997 20.8079 21.0970 21.0827 21.0455 20.9069 20.6538 20.3720 19.9718 19.4179 18.9897 18.6732 18.1876 17.8150 17.3406 16.9185 16.4976 16.1262 15.7078 15.2778
11.2977 11.5671 11.8412 12.1252 12.4171 12.6548 12.8614 13.0839 13.3200 13.5570 13.8411 14.2321 14.6519 15.1181 15.2599 15.5698 15.8683 16.3042 16.6179 17.1545 17.3031 17.4965 17.9311 18.2842 18.5286 19.1384 18.7408 18.8841 19.4144 19.7348 20.3480 20.5523 20.9621 21.4219 21.4621 21.2461 20.8234 20.4298 19.8697 19.4214 19.1367 18.6713 18.2795 17.7819 17.3971 16.9538 16.5933 16.1573 15.7198 15.2859
11.3917 11.6659 11.9368 12.2184 12.5103 12.8168 13.0493 13.2540 13.4855 13.7294 13.9662 14.2571 14.6786 15.1050 15.6302 15.6706 16.0515 16.3245 16.8235 17.0792 17.2155 17.6637 18.0031 18.4811 18.8325 18.5513 18.5512 19.0475 19.4076 20.0284 20.1132 20.5440 20.8706 21.2032 21.9608 21.2455 20.7632 20.3448 19.8929 19.5297 19.1461 18.6446 18.2591 17.8999 17.4135 17.0770 16.6166 16.1669 15.7271 15.2960
11.4708 11.7655 12.0386 12.3157 12.6053 12.9043 13.2297 13.4511 13.6550 13.8979 14.1498 14.3840 14.6812 15.1415 15.4364 15.9520 16.0928 16.5634 16.7782 17.0221 17.3570 17.7225 18.2106 18.5187 18.3409 18.2275 18.5208 19.0194 19.6514 19.6638 20.1066 20.4219 20.7959 21.0493 21.2120 21.0945 20.6898 20.2576 19.8012 19.3927 19.0136 18.7933 18.2568 17.8734 17.5818 17.0844 16.6243 16.1736 15.7361 15.3167
11.5394 11.8470 12.1450 12.4199 12.7040 13.0021 13.3070 13.6581 13.8586 14.0646 14.3218 14.5819 14.8097 15.0610 15.4681 15.8123 16.3411 16.5328 16.8466 17.1266 17.5406 17.8639 18.2601 18.1695 17.9812 18.0791 18.5893 19.0610 19.3527 19.7252 19.9214 20.2972 20.4378 20.6087 20.7182 20.7189 20.5117 20.1280 19.7120 19.2785 18.8762 18.5485 18.3974 17.8700 17.4869 17.0926 16.6308 16.1807 15.7595 15.3386
11.6062 11.9165 12.2287 12.5347 12.8094 13.1022 13.4093 13.7173 14.1053 14.2686 14.4844 14.7580 15.0261 15.2488 15.4962 15.8430 16.1715 16.5422 16.9682 17.3705 17.6078 18.1001 17.9610 17.7450 17.7843 18.1401 18.6220 19.1536 19.2867 19.3920 19.7770 19.8784 20.1256 20.2259 20.4813 20.4100 20.2874 20.0486 19.6057 19.1847 18.7660 18.3794 18.1562 17.9970 17.4786 17.0691 16.6320 16.2087 15.7787 15.3767
11.6731 11.9849 12.2988 12.6203 12.9352 13.2067 13.5111 13.8276 14.1335 14.5765 14.6755 14.9173 15.2066 15.4828 15.6969 15.9477 16.3165 16.6441 17.0249 17.4884 17.9194 17.6364 17.5596 17.4993 17.8036 18.3455 18.6596 18.8111 18.8805 19.2147 19.3617 19.6287 19.6742 19.9394 20.0637 20.2010 19.9496 19.7612 19.5664 19.1414 18.6999 18.2713 17.9045 17.7677 17.5626 17.0592 16.6712 16.2216 15.8264 15.3883
11.7358 12.0546 12.3687 12.6908 13.0221 13.3473 13.6107 13.9318 14.2575 14.5524 15.0805 15.0570 15.3643 15.6389 15.9550 16.1236 16.3990 16.8205 17.1304 17.5288 17.4073 17.3537 17.2781 17.4757 18.0429 18.2908 18.3180 18.5112 18.7665 18.9088 19.1379 19.1447 19.3919 19.7473 20.0313 19.6794 19.6479 19.4546 19.2171 19.0402 18.7507 18.2549 17.8020 17.4498 17.3765 17.1562 16.6702 16.2854 15.8301 15.4068
11.7961 12.1189 12.4416 12.7619 13.0927 13.4343 13.7721 14.0199 14.3662 14.6831 14.9628 15.2498 15.3490 15.5965 15.9074 16.1895 16.5541 16.7723 17.3460 17.1986 17.0155 17.0029 17.2107 17.7657 17.8060 17.9453 18.1197 18.2926 18.4783 18.7094 18.9326 19.0601 19.5267 19.7583 19.4389 19.3931 19.1650 19.2112 18.9252 18.6890 18.4907 18.2234 17.8613 17.3965 17.0329 17.0486 16.7620 16.2735 15.8554 15.4063
11.8477 12.1824 12.5069 12.8388 13.1646 13.5048 13.8570 14.2155 14.4874 14.8147 15.0267 14.9487 15.2674 15.4961 15.7864 16.2995 16.3656 16.8941 17.0049 16.8426 16.7965 16.9128 17.4482 17.3343 17.5702 17.7280 17.8207 18.2419 18.5203 19.0041 19.0223 19.5327 19.5475 19.2089 19.2405 19.1024 18.8561 18.6589 18.6165 18.3929 18.1682 17.9607 17.7435 17.4220 17.0533 16.6695 16.5591 16.3129 15.8473 15.4199
11.9212 12.2292 12.5759 12.9039 13.2469 13.5765 13.9275 14.2920 14.6708 14.9446 14.5854 14.8132 15.0867 15.4759 16.0038 16.0060 16.5330 16.6547 16.4671 16.5811 16.6791 17.2093 16.9341 17.2486 17.3504 17.4333 17.9719 18.2988 18.8227 19.0368 19.6316 19.4314 19.0140 18.9471 18.8722 18.7967 18.6143 18.3919 18.1649 18.0617 17.8677 17.6559 17.4506 17.2287 16.9322 16.6442 16.3665 16.1457 15.8401 15.4145
11.9682 12.3138 12.6130 12.9825 13.3089 13.6670 13.9973 14.3738 14.7649 14.4695 14.4436 14.6672 15.0561 15.5738 15.6159 16.0307 16.3433 16.1707 16.2966 16.4289 16.9828 16.6795 16.7427 16.9856 17.1135 17.6473 17.9158 18.4593 18.8202 19.4309 19.1722 19.1398 18.8726 18.5337 18.4101 18.3264 18.2872 18.1938 18.0081 17.6972 17.5396 17.3552 17.1540 16.9519 16.7304 16.4565 16.2437 15.9944 15.7239 15.3847
12.0819 12.3429 12.7179 13.0007 13.4053 13.7198 14.0359 14.3483 14.2702 14.2703 14.2637 14.6403 15.1241 15.2553 15.5963 16.0039 15.8455 15.9635 16.1295 16.5128 16.4265 16.4272 16.6305 16.8033 17.3393 17.5434 18.0254 18.4353 19.0453 19.0857 18.9039 18.6716 18.6543 18.3490 18.0477 17.8936 17.8017 17.7462 17.6553 17.5846 17.2422 17.0431 16.8574 16.6634 16.4649 16.2469 16.0055 15.9716 15.5742 15.2733
12.0771 12.4962 12.7113 13.1436 13.3870 13.7037 14.0023 13.9119 13.8982 13.8988 14.2446 14.6614 14.9765 15.2446 15.6488 15.5202 15.6512 15.8363 16.1344 15.9810 16.0062 16.3404 16.4594 16.9914 17.1408 17.5450 18.0835 18.5749 18.8047 18.7060 18.6833 18.3995 18.2074 18.1305 17.8400 17.5632 17.3933 17.2908 17.2226 17.1434 17.1532 16.8393 16.5789 16.3775 16.1853 15.9899 15.7785 15.5711 15.4613 15.1386
12.0782 12.4720 12.9271 13.0587 13.5178 13.7148 13.5444 13.5533 13.6272 13.9707 14.2764 14.6903 14.9242 15.4107 15.3472 15.3427 15.5019 15.7745 15.6063 15.6207 16.0701 16.1154 16.6424 16.8331 17.1204 17.6871 18.0471 18.4656 18.2284 18.3575 18.3211 18.3439 17.9784 17.7721 17.5977 17.3388 17.0832 16.9061 16.7937 16.7164 16.6546 16.7130 16.4980 16.1481 15.9177 15.7209 15.5274 15.3244 15.1328 14.9803
11.9829 12.4976 12.7100 13.0894 13.3741 13.2581 13.2631 13.4755 13.8227 14.0263 14.4158 14.6991 15.1951 15.1698 14.9926 15.1056 15.3622 15.2633 15.3175 15.7994 15.7882 16.2041 16.5091 16.7271 17.2690 17.5505 17.9968 17.8763 17.8821 18.0550 18.0417 17.9350 18.0494 17.6163 17.3134 17.0946 16.8497 16.6100 16.4305 16.3101 16.2270 16.1752 16.1819 16.1223 15.7400 15.4775 15.2712 15.0778 14.8821 14.6935
11.9636 12.3491 12.6923 13.0186 12.9242 12.9366 13.2551 13.6279 13.8798 14.2748 14.4241 14.8991 15.0302 14.7738 14.7949 14.9260 14.8932 15.0269 15.5095 15.3944 15.7533 16.1927 16.4198 16.8078 17.0564 17.3986 17.4132 17.5046 17.6236 17.6810 17.7357 17.6045 17.5016 17.8377 17.2852 16.9204 16.6262 16.3764 16.1461 15.9659 15.8395 15.7524 15.7007 15.6962 15.7899 15.3438 15.0542 14.8360 14.6410 14.4460
11.8532 12.3060 12.6181 12.5715 12.5966 12.9170 13.3348 13.6665 14.0730 14.2893 14.7637 14.7014 14.7780 14.5770 14.4935 14.6348 14.7849 15.2396 15.0515 15.3692 15.8554 16.1583 16.3416 16.5669 16.8464 16.9335 17.1033 17.1025 17.1902 17.3700 17.4439 17.5264 17.3437 17.2257 17.4218 16.8914 16.5342 16.1840 15.9202 15.6930 15.5125 15.3815 15.2909 15.2926 15.2625 15.2512 14.9227 14.6386 14.4134 14.2119
11.7910 12.1904 12.2562 12.2663 12.5474 12.9411 13.3261 13.7732 14.0800 14.5626 14.2953 14.3109 14.2833 14.2935 14.4145 14.4857 14.8893 14.8124 15.0803 15.5361 15.8089 16.0043 16.0889 16.3284 16.4675 16.7305 16.6169 16.7065 16.9162 17.2706 17.1601 17.2686 17.1467 17.0643 16.9310 17.0250 16.5122 16.1534 15.7620 15.4807 15.2518 15.0701 14.9356 14.8477 14.8270 14.8015 14.7526 14.4943 14.2278 13.9970
11.6477 11.8532 11.9558 12.1969 12.5578 12.9414 13.3601 13.7416 14.2322 14.0810 14.0778 13.9025 13.8799 14.0049 14.1973 14.6225 14.5240 14.8245 15.2956 15.5084 15.7510 15.6367 15.8368 16.0094 16.2887 16.1925 16.2342 16.4397 16.7361 16.8463 16.9258 16.7934 16.9345 16.7895 16.5934 16.6536 16.6234 16.2080 15.7756 15.4038 15.0669 14.8250 14.6395 14.5021 14.4130 14.3778 14.3482 14.2812 14.0673 13.8173
11.3595 11.6057 11.8463 12.1874 12.5626 12.9612 13.3395 13.7248 13.7431 13.7652 13.6698 13.6284 13.6379 14.0394 14.3083 14.2615 14.5331 14.9959 15.2493 15.7463 15.2843 15.3709 15.5618 15.8591 15.7610 15.7802 15.9802 16.2779 16.4875 16.6794 16.4982 16.4257 16.3980 16.5889 16.4350 16.1777 16.2850 16.2220 15.8445 15.4674 15.0767 14.7125 14.4347 14.2257 14.0813 13.9883 13.9422 13.9056 13.8302 13.6418
11.1391 11.5008 11.8271 12.1911 12.5721 12.9348 13.2552 13.3173 13.3328 13.3216 13.3233 13.2834 13.6186 13.9626 13.9262 14.1567 14.5850 14.9774 15.4931 15.2396 15.2112 15.1279 15.4416 15.3427 15.3598 15.5471 15.9107 16.0700 16.2498 16.2621 16.3884 16.0800 16.0642 16.0467 16.2224 16.0613 15.7922 15.9763 15.8863 15.5087 15.1177 14.8735 14.4592 14.0680 13.8293 13.6737 13.5745 13.5192 13.4751 13.3914
11.0937 11.4749 11.8273 12.1914 12.5339 12.8119 12.8964 12.9138 12.9088 12.9130 12.9368 13.2317 13.6378 13.7128 13.9593 14.1687 14.5997 15.0472 14.9771 14.9840 14.8152 15.0480 14.9375 14.9532 15.1415 15.5395 15.6236 15.7827 16.0024 16.0071 16.0064 16.0710 15.6976 15.7108 15.7196 15.8168 15.6417 15.4664 15.5961 15.4769 15.3359 14.8732 14.4787 14.0696 13.6979 13.4452 13.2784 13.1718 13.1081 13.0526
11.0702 11.4699 11.8185 12.1401 12.3885 12.4841 12.5067 12.5079 12.5223 12.5910 12.8855 13.3206 13.4901 13.7440 13.8243 14.2909 14.5852 14.5449 14.5701 14.5299 14.6653 14.5553 14.5686 14.7566 15.2587 15.2336 15.3511 15.6337 15.6571 15.8967 15.7429 15.6263 15.6999 15.3227 15.3376 15.4063 15.4911 15.2264 15.1831 15.2180 15.0658 14.9012 14.4752 14.0804 13.6867 13.3309 13.0710 12.8947 12.7803 12.7044
11.0083 11.4521 11.7549 11.9814 12.0822 12.1113 12.1224 12.1652 12.3532 12.7133 12.9774 13.2764 13.4523 13.4908 13.9302 14.1035 14.1299 14.2351 14.1288 14.2592 14.1774 14.1945 14.3558 14.7341 14.8036 14.9501 15.3490 15.3804 15.6453 15.6289 15.7581 15.4238 15.2193 15.1805 14.9476 15.0250 15.1521 15.1317 14.8941 14.8506 14.8023 14.7701 14.4686 14.0780 13.6921 13.3121 12.9689 12.7059 12.5217 12.3955
10.9717 11.3776 11.5886 11.6916 11.7287 11.7554 11.8392 12.1522 12.5470 12.7143 13.1392 13.1597 13.1529 13.5167 13.6777 13.7359 13.9009 13.7796 13.9201 13.7918 13.8040 13.9529 14.2531 14.3787 14.5638 15.0045 15.1601 15.3243 15.2469 15.5727 15.5826 15.5592 15.1209 14.8271 14.7142 14.6769 14.6849 14.8335 14.8194 14.6976 14.5073 14.4943 14.3576 14.0500 13.6852 13.3121 12.9452 12.6127 12.3491 12.1547
10.8879 11.2078 11.3167 11.3824 11.5244 11.5354 11.8324 12.2045 12.5356 12.9819 12.9036 12.8333 13.2243 13.3620 13.3848 13.5557 13.4557 13.6472 13.4666 13.4695 13.5521 13.8034 13.9647 14.1881 14.6541 14.8919 15.1473 14.8641 15.0681 15.1437 15.1946 15.1325 15.2717 14.7943 14.5595 14.3205 14.3671 14.3929 14.5304 14.5536 14.2924 14.1503 14.1878 13.9920 13.6538 13.3009 12.9402 12.5858 12.2630 11.9963
10.7200 10.9573 11.0620 11.2877 11.2343 11.5492 11.8879 12.2084 12.6076 12.7633 12.5993 12.9233 13.0750 13.0632 13.1561 13.1046 13.1927 13.1804 13.1934 13.1645 13.3812 13.5796 13.9123 14.2725 14.6097 14.8040 14.6525 14.6464 14.6982 14.8308 14.9281 14.8084 14.7803 15.0174 14.5437 14.2658 13.9753 14.0737 14.1017 14.1633 14.2224 13.9247 13.8635 13.9503 13.6089 13.2695 12.9257 12.5765 12.2337 11.9160
10.4961 10.7594 11.1028 10.9599 11.3013 11.5526 11.9203 12.2481 12.5520 12.4401 12.5754 12.7299 12.6696 12.7284 12.7138 12.7687 12.7732 12.7855 12.8118 13.0606 13.2641 13.6407 13.9485 14.3539 14.3812 14.3095 14.3244 14.2702 14.4129 14.6096 14.6075 14.4833 14.5246 14.5236 14.7085 14.2427 13.9674 13.6811 13.7311 13.7937 13.7943 14.0279 13.5983 13.4985 13.6549 13.2632 12.9372 12.5861 12.2634 12.0150
10.3244 10.6973 10.7208 10.9614 11.3000 11.6885 11.9029 12.2795 12.1900 12.2210 12.4442 12.3670 12.3296 12.3249 12.3635 12.3818 12.4281 12.6292 12.9463 13.1301 13.4878 13.6428 14.0881 14.0942 13.9467 13.9287 13.8821 14.0072 14.2866 14.2778 14.2045 14.1541 14.1047 14.2292 14.2238 14.4028 13.9409 13.6628 13.3710 13.3926 13.5104 13.5479 13.6357 13.2604 13.2016 13.3254 12.9577 12.6167 12.3759 12.1536
10.2135 10.4144 10.6391 10.9630 11.3283 11.6650 12.0961 11.8781 11.9023 12.1922 12.1325 12.0585 11.9879 11.9831 12.0551 12.3754 12.5348 12.8029 13.0077 13.3743 13.5025 13.9452 13.8951 13.6950 13.6494 13.5405 13.6253 13.9381 13.8596 13.9552 13.8819 13.7842 13.7804 13.8112 13.9318 13.9241 14.0737 13.7215 13.3866 13.0916 13.1346 13.1963 13.1763 13.2674 12.9302 12.8787 12.9781 12.7416 12.5476 12.1590
9.9928  10.3240 10.6331 10.9800 11.3137 11.6544 11.6808 11.6802 11.9758 11.8998 11.8175 11.7526 11.6825 11.7343 12.0804 12.4323 12.7907 12.8976 13.2169 13.3835 13.8327 13.5478 13.5144 13.4523 13.3023 13.2704 13.5968 13.4781 13.5142 13.5326 13.6414 13.4858 13.4011 13.4890 13.5153 13.6154 13.6075 13.7744 13.4692 13.0634 12.7869 12.7968 12.8345 12.8192 12.9244 12.6076 12.5430 12.6263 12.4160 12.1599
9.9981  10.3119 10.6413 10.9645 11.2693 11.4309 11.3780 11.6968 11.6775 11.6024 11.5274 11.4502 11.4167 11.7212 12.0804 12.4784 12.8293 13.2282 13.2483 13.6615 13.3850 13.3677 13.1725 13.1026 13.0304 13.3194 13.1488 13.1548 13.1349 13.2568 13.2014 13.3155 13.1081 13.1100 13.1832 13.2090 13.3193 13.3023 13.3032 13.1682 12.7556 12.4714 12.5985 12.5023 12.4901 12.6473 12.2938 12.1973 12.1976 12.0273
10.1356 10.3136 10.6256 10.9176 11.1660 11.1041 11.4307 11.5098 11.3586 11.3059 11.2370 11.1646 11.3751 11.7233 12.1028 12.4681 12.8904 13.2298 13.6964 13.2452 13.2075 13.0152 12.9419 12.7873 12.9998 12.8733 12.8776 12.7666 12.8317 12.8602 13.0411 12.8848 12.9951 12.7687 12.8125 12.8884 12.8914 12.8982 12.8886 12.8751 12.8457 12.4325 12.1888 12.1871 12.2231 12.2049 12.1996 11.9547 11.8396 11.7934
10.1623 10.4954 10.6052 10.9263 10.8817 11.1364 11.1251 11.1040 11.1148 11.0116 10.9475 11.0473 11.3741 11.7390 12.1036 12.4997 12.8622 13.3194 13.2213 13.2101 12.9059 12.7959 12.6379 12.7607 12.5713 12.5729 12.4903 12.4636 12.4777 12.5978 12.5909 12.6057 12.5651 12.7389 12.4781 12.4896 12.4922 12.4875 12.4900 12.4827 12.4718 12.5268 12.1225 11.8812 11.8267 11.8305 11.8187 11.7857 11.6045 11.4821
10.2491 10.4917 10.8760 10.7001 10.7902 10.7686 10.7723 10.7633 10.7487 10.7414 10.7380 11.0342 11.3857 11.7449 12.1234 12.4883 12.8858 13.0147 12.9153 12.8285 12.7693 12.5441 12.4069 12.3263 12.3305 12.2066 12.1725 12.1080 12.1909 12.2267 12.3946 12.2366 12.3106 12.2955 12.2994 12.1294 12.1016 12.0969 12.0931 12.0932 12.1204 12.1038 12.2647 11.8543 11.5691 11.4736 11.4547 11.4393 11.3944 11.2487
10.1038 10.6435 10.4970 10.4966 10.4247 10.4324 10.4202 10.4190 10.4113 10.4430 10.7030 11.0402 11.3918 11.7570 12.1189 12.5021 12.8896 12.5988 12.5932 12.5169 12.4370 12.3564 12.1758 12.0385 11.9569 11.9289 11.8375 11.8049 11.8582 11.9744 11.9625 11.9757 11.9104 11.9158 11.9074 11.8894 11.7705 11.7266 11.7142 11.7339 11.7434 11.8480 11.8311 11.8202 11.5158 11.2532 11.1330 11.0935 11.0701 11.0163
10.1182 10.2362 10.2632 10.1722 10.1449 10.0926 10.0853 10.0756 10.0720 10.2592 10.5769 10.9156 11.2653 11.6159 11.9753 12.3040 12.4196 12.4347 12.2454 12.1935 12.1235 12.0472 11.9581 11.8052 11.6735 11.5890 11.5427 11.4691 11.4562 11.5423 11.5767 11.5775 11.5792 11.5371 11.5309 11.5220 11.4952 11.4063 11.3574 11.3411 11.3517 11.4211 11.4534 11.4478 11.4059 11.1674 10.9309 10.7976 10.7410 10.7056
