#Value Function.
20003.89 20656.41 21203.03 21839.56 22517.07 23220.74 23938.37 24652.32 25327.34 25920.09 26361.05 26729.94 26965.67 27161.53 27342.32 27682.12 28178.40 28851.37 29628.56 30476.55 31378.24 32309.56 33267.60 34243.26 35228.14 36209.03 37172.40 38092.38 38890.09 39558.55 40084.62 40514.48 40802.20 40939.78 40981.13 41038.94 40978.29 40833.34 40602.93 40165.46 39706.81 39008.20 38204.39 37324.78 36415.04 35498.36 34598.08 33698.83 32818.96 31950.33
20111.59 20656.54 21202.38 21838.79 22520.99 23229.54 23958.07 24698.35 25436.47 26133.99 26748.73 27181.55 27563.32 27782.46 27963.29 28127.41 28448.15 28989.81 29685.66 30505.85 31390.10 32321.14 33278.51 34261.44 35262.54 36273.70 37280.68 38267.07 39207.53 40017.36 40660.82 41172.36 41525.56 41766.74 41907.16 41842.28 41746.98 41558.25 41139.00 40724.49 40016.11 39207.62 38310.16 37382.71 36444.55 35524.54 34604.39 33704.74 32823.30 31952.16
20041.68 20583.58 21185.60 21829.96 22511.75 23225.52 23957.92 24707.96 25470.11 26230.26 26943.44 27580.20 27976.03 28357.47 28518.12 28709.01 28782.24 29185.82 29788.07 30530.59 31395.07 32316.09 33276.36 34259.85 35267.72 36294.54 37328.13 38358.14 39354.90 40287.85 41099.77 41659.09 42133.82 42404.05 42555.14 42456.90 42354.16 41989.07 41672.63 40976.62 40196.35 39294.56 38356.66 37400.18 36460.39 35519.08 34599.53 33698.43 32818.10 31946.32
19944.27 20536.48 21156.55 21815.68 22505.16 23218.30 23953.69 24707.02 25478.12 26258.14 27031.20 27758.36 28382.78 28712.67 28975.08 29122.06 29214.48 29367.64 29886.46 30568.07 31401.99 32315.24 33270.17 34256.47 35265.40 36298.73 37348.17 38395.73 39434.87 40431.65 41327.98 42066.41 42430.18 42841.23 42975.80 42872.99 42699.50 42474.40 41880.95 41126.36 40258.40 39334.78 38370.12 37413.55 36454.06 35514.19 34592.99 33693.18 32812.09 31941.08
19882.86 20494.21 21132.65 21802.61 22496.69 23212.72 23947.14 24703.98 25476.55 26265.29 27054.86 27825.49 28502.20 29010.26 29208.18 29352.76 29358.11 29610.19 29979.63 30607.99 31412.98 32314.19 33264.66 34249.63 35262.24 36295.56 37351.31 38416.24 39470.02 40484.72 41423.62 42203.07 42781.04 42978.79 43131.64 43090.07 42999.52 42594.27 41980.76 41187.55 40299.71 39347.85 38377.16 37406.35 36449.16 35507.40 34587.69 33686.98 32806.76 31935.33
19835.09 20464.22 21117.25 21792.67 22489.79 23204.66 23942.50 24697.24 25472.48 26257.42 27053.32 27815.90 28504.25 28998.68 29262.02 29343.13 29454.09 29597.21 30008.76 30623.03 31413.80 32309.09 33257.70 34242.75 35254.71 36288.62 37343.36 38409.96 39461.95 40480.22 41413.93 42203.49 42770.57 43081.44 43108.84 43132.92 42984.56 42600.82 41969.03 41187.32 40290.93 39344.49 38369.23 37401.49 36442.10 35502.06 34581.29 33681.58 32800.85 31930.01
19802.82 20445.92 21104.61 21783.28 22480.31 23199.57 23935.52 24692.98 25464.98 26254.61 27043.66 27816.52 28488.74 28883.50 29199.76 29303.62 29344.91 29553.80 29993.76 30660.94 31428.06 32308.88 33252.04 34235.40 35247.79 36280.71 37336.50 38401.41 39456.04 40471.12 41407.74 42071.88 42641.34 42966.45 43087.22 43079.55 42860.69 42566.45 41967.70 41177.84 40287.83 39336.11 38364.45 37394.14 36436.74 35495.45 34575.82 33675.50 32795.44 31924.32
19782.70 20431.57 21093.45 21773.30 22474.44 23192.36 23931.02 24684.13 25456.86 26237.35 27013.90 27734.49 28272.44 28685.73 28918.92 28969.65 29171.62 29502.77 30096.06 30718.98 31467.52 32322.06 33250.73 34229.21 35237.21 36270.74 37320.66 38367.98 39407.84 40400.45 41196.39 41939.79 42388.60 42790.28 42794.33 42777.23 42628.54 42298.33 41798.30 41074.60 40220.28 39300.64 38341.05 37379.08 36428.16 35489.60 34569.50 33669.99 32789.60 31918.90
19767.96 20419.97 21083.21 21766.72 22467.27 23187.32 23922.29 24675.74 25439.47 26199.68 26912.25 27483.95 27927.23 28217.61 28362.73 28559.05 28889.98 29505.23 30141.25 30838.13 31568.96 32377.17 33267.54 34227.64 35230.64 36258.21 37290.99 38309.82 39310.58 40155.95 40973.86 41507.46 42078.15 42216.65 42214.82 42192.42 42044.91 41804.29 41412.91 40818.60 40057.47 39217.45 38297.73 37352.63 36411.41 35479.74 34563.04 33663.79 32784.08 31913.09
19756.28 20409.78 21076.30 21759.50 22461.79 23178.97 23913.64 24658.09 25399.03 26091.94 26661.13 27101.94 27430.22 27620.56 27816.15 28145.31 28738.60 29472.49 30239.64 30985.01 31721.48 32489.48 33326.05 34241.49 35225.67 36236.14 37233.80 38215.20 39055.24 39889.22 40463.48 41102.43 41331.58 41424.83 41422.04 41396.24 41340.77 41129.41 40775.18 40355.66 39749.58 39008.57 38187.08 37294.74 36376.55 35460.11 34551.64 33656.57 32777.83 31907.56
19746.09 20402.55 21069.03 21753.95 22453.73 23170.10 23895.70 24616.42 25289.13 25845.87 26278.59 26608.88 26809.46 27022.51 27349.14 27922.02 28636.22 29454.40 30303.88 31115.62 31902.08 32653.14 33439.49 34293.18 35228.34 36201.43 37156.94 37978.44 38780.67 39385.05 40008.73 40282.42 40422.17 40478.89 40475.63 40450.94 40392.20 40273.64 40041.09 39661.27 39232.14 38653.13 37950.04 37163.93 36306.81 35419.78 34528.74 33643.35 32769.68 31901.11
19738.91 20395.53 21063.42 21746.15 22444.67 23151.84 23852.91 24506.20 25049.19 25472.52 25795.41 25999.47 26216.93 26547.08 27100.90 27795.74 28591.88 29448.71 30323.13 31206.85 32040.09 32849.31 33602.88 34395.39 35252.35 36178.12 36953.90 37706.35 38301.36 38891.81 39173.76 39336.00 39415.52 39451.71 39448.32 39424.42 39367.20 39257.32 39121.06 38885.63 38529.64 38107.93 37565.54 36902.89 36155.68 35336.98 34481.70 33616.63 32754.34 31891.84
19732.12 20389.89 21055.83 21736.91 22426.07 23108.04 23742.63 24272.13 24686.13 25000.76 25206.19 25423.15 25751.39 26288.96 26964.81 27739.52 28573.92 29436.98 30330.42 31229.90 32140.77 32982.67 33806.61 34548.40 35334.13 36093.75 36760.66 37303.87 37832.20 38089.71 38244.02 38328.63 38363.89 38387.98 38384.55 38361.38 38305.95 38203.55 38086.85 37949.32 37728.63 37401.04 37001.04 36495.17 35874.67 35166.11 34384.96 33561.74 32723.16 31874.00
19726.50 20382.50 21046.44 21717.97 22381.37 22997.92 23514.21 23918.99 24225.90 24432.15 24648.54 24972.93 25493.87 26151.21 26905.09 27717.69 28559.88 29433.86 30321.58 31238.15 32153.48 33082.69 33893.75 34713.79 35404.48 36050.42 36506.32 36878.33 37092.73 37188.40 37251.62 37287.63 37307.47 37312.03 37308.39 37285.90 37232.52 37146.24 37048.85 36931.04 36795.81 36591.03 36292.22 35918.26 35446.26 34865.45 34194.86 33450.47 32659.40 31837.68
19719.26 20372.95 21027.14 21672.47 22271.61 22774.95 23170.62 23470.31 23676.88 23892.62 24212.86 24718.07 25357.34 26090.97 26882.39 27704.09 28556.07 29423.85 30320.82 31224.16 32159.44 33066.84 33974.24 34738.48 35450.02 35895.30 36160.45 36223.56 36213.16 36218.53 36233.41 36245.46 36250.54 36247.81 36243.31 36221.41 36170.53 36088.10 36004.27 35911.25 35797.00 35667.77 35480.22 35207.43 34859.02 34418.69 33875.21 33241.66 32533.21 31764.19
19709.59 20353.30 20980.95 21563.23 22053.90 22440.60 22733.47 22939.97 23154.92 23470.77 23961.08 24582.74 25296.66 26067.49 26869.11 27699.67 28546.91 29421.99 30308.14 31226.83 32140.03 33079.42 33940.80 34772.88 35299.09 35553.00 35527.27 35396.95 35276.81 35226.14 35213.35 35210.89 35209.21 35205.80 35200.56 35179.21 35130.63 35049.93 34969.59 34888.12 34799.00 34691.66 34568.59 34395.97 34146.59 33822.86 33412.29 32903.96 32306.26 31622.91
19689.61 20306.53 20872.37 21350.61 21728.49 22014.89 22220.96 22435.02 22746.29 23222.41 23826.92 24521.68 25272.48 26054.42 26864.18 27691.24 28544.31 29410.68 30309.01 31209.84 32148.50 33051.25 33959.38 34551.41 34930.02 34936.85 34788.05 34658.79 34433.24 34260.35 34210.09 34196.03 34189.96 34185.54 34179.63 34158.79 34112.29 34036.75 33958.60 33880.40 33801.21 33715.64 33614.44 33497.49 33337.95 33109.61 32809.40 32426.87 31951.61 31378.52
19642.34 20198.74 20664.68 21033.86 21314.09 21519.43 21732.46 22039.01 22501.62 23089.44 23765.57 24496.87 25259.55 26049.10 26856.36 27688.08 28534.16 29410.23 30294.05 31210.56 32107.72 33020.45 33684.50 34110.52 34204.44 34195.86 34080.66 33885.81 33672.52 33419.86 33240.43 33207.73 33196.62 33190.84 33184.25 33163.89 33119.42 33047.98 32972.21 32895.92 32819.75 32742.76 32660.45 32564.72 32453.72 32305.77 32096.30 31818.30 31462.18 31008.21
19535.47 19995.83 20356.34 20630.63 20834.98 21046.82 21348.57 21798.25 22369.85 23027.85 23740.18 24484.03 25253.91 26041.77 26852.78 27678.89 28532.64 29396.02 30289.69 31172.10 32055.92 32729.48 33165.75 33303.72 33346.96 33337.98 33236.36 33094.22 32892.05 32662.56 32417.09 32255.69 32230.43 32222.80 32215.51 32195.57 32153.03 32084.23 32010.33 31935.49 31861.11 31786.91 31712.04 31632.73 31541.91 31436.61 31298.98 31106.45 30849.27 30508.27
19337.26 19695.65 19964.10 20167.19 20377.71 20674.57 21111.87 21667.72 22308.09 23001.96 23727.38 24478.12 25246.99 26037.88 26844.38 27676.52 28519.70 29389.74 30251.57 31105.30 31767.40 32195.59 32349.78 32410.16 32430.06 32419.22 32334.10 32223.40 32080.84 31890.30 31667.74 31435.53 31301.79 31284.41 31275.59 31255.96 31215.17 31147.88 31074.22 31000.14 30926.16 30853.46 30781.14 30708.32 30631.79 30545.40 30445.48 30317.14 30139.81 29892.42
19045.07 19314.19 19515.71 19724.74 20016.65 20442.07 20982.63 21605.84 22281.73 22989.15 23721.26 24471.54 25242.87 26030.12 26841.34 27664.61 28511.81 29352.26 30176.85 30821.85 31239.55 31404.60 31470.22 31490.93 31497.70 31484.89 31410.19 31328.54 31221.83 31083.38 30908.94 30701.68 30485.69 30393.13 30375.68 30355.55 30316.17 30243.87 30168.29 30091.44 30016.93 29943.56 29872.32 29801.77 29730.90 29656.96 29574.57 29479.71 29359.73 29186.70
18674.27 18880.26 19087.54 19374.45 19788.44 20314.15 20920.68 21579.07 22268.89 22982.85 23714.95 24467.25 25235.65 26026.57 26830.24 27655.35 28474.55 29271.57 29898.86 30305.88 30475.06 30542.66 30566.87 30573.86 30574.68 30560.17 30491.10 30418.97 30339.11 30242.06 30115.54 29967.64 29789.12 29605.91 29540.38 29515.17 29476.12 29394.15 29299.34 29216.38 29135.67 29059.68 28986.97 28917.02 28848.10 28779.10 28707.57 28628.82 28538.69 28417.13
18254.39 18465.89 18747.66 19150.59 19661.89 20252.19 20893.54 21566.18 22262.45 22976.78 23710.56 24460.49 25231.69 26016.10 26819.80 27617.99 28388.83 28998.72 29395.59 29567.22 29636.00 29660.93 29669.04 29670.01 29668.24 29652.37 29589.16 29520.48 29451.73 29379.88 29294.72 29200.57 29112.56 28990.02 28823.22 28768.75 28691.00 28602.17 28487.29 28382.15 28289.01 28204.32 28127.50 28055.65 27986.88 27919.49 27852.25 27782.98 27707.55 27612.90
17927.08 18205.71 18534.47 19025.54 19599.99 20224.72 20880.57 21559.61 22256.57 22972.32 23704.18 24456.22 25221.72 26004.64 26782.10 27528.04 28120.88 28508.06 28681.44 28751.41 28777.03 28785.41 28786.57 28784.93 28782.31 28765.57 28708.02 28642.44 28577.41 28514.46 28459.99 28415.51 28395.47 28363.71 28303.33 28160.86 28047.84 27887.36 27739.87 27608.17 27486.26 27385.54 27297.85 27220.30 27149.00 27081.27 27015.29 26949.71 26882.55 26801.50
18212.03 18483.23 18762.53 19101.18 19596.21 20212.25 20873.90 21553.90 22252.08 22966.26 23699.66 24446.62 25209.35 25966.42 26688.62 27264.81 27642.67 27817.21 27888.34 27914.64 27923.31 27924.66 27923.17 27921.30 27918.04 27900.81 27848.07 27786.17 27726.62 27674.06 27644.39 27651.80 27713.11 27767.53 27749.83 27703.45 27529.44 27321.56 27093.13 26900.95 26746.79 26617.43 26511.81 26422.42 26338.63 26266.64 26199.62 26134.88 26070.86 25997.28
18503.52 18774.63 19046.45 19331.64 19680.87 20221.27 20868.99 21549.40 22246.30 22961.56 23690.35 24433.43 25170.50 25870.01 26429.96 26798.85 26974.03 27046.27 27073.25 27082.20 27083.73 27082.40 27080.63 27078.72 27074.90 27057.46 27008.87 26950.74 26896.63 26854.69 26861.56 26972.91 27110.82 27191.90 27201.29 27163.93 27066.25 26823.97 26551.21 26286.78 26071.62 25905.49 25770.48 25661.52 25570.55 25487.39 25414.97 25342.63 25277.91 25206.99
18801.44 19073.16 19344.47 19623.22 19913.07 20271.70 20867.93 21543.85 22241.44 22952.46 23676.43 24393.89 25071.67 25615.81 25976.03 26151.40 26224.69 26252.32 26261.57 26263.29 26262.11 26260.39 26258.64 26256.68 26252.38 26234.95 26189.99 26135.15 26084.99 26060.01 26182.22 26357.92 26505.96 26565.05 26604.40 26578.04 26493.25 26320.62 26048.84 25768.85 25493.55 25268.17 25093.17 24953.59 24835.80 24741.98 24658.80 24585.98 24509.38 24436.02
19101.90 19379.06 19650.16 19928.20 20214.10 20508.21 20889.41 21538.93 22232.50 22937.85 23636.13 24293.12 24822.36 25174.19 25349.88 25424.13 25452.42 25462.27 25463.73 25463.51 25461.83 25459.38 25457.58 25454.78 25450.00 25432.72 25390.95 25339.38 25294.94 25394.45 25575.28 25743.38 25856.66 25938.39 25937.38 25910.97 25833.37 25723.43 25537.46 25278.34 25000.40 24727.69 24492.49 24310.74 24160.95 24040.16 23937.80 23853.03 23779.57 23697.56
19402.75 19687.25 19964.31 20241.22 20526.20 20819.85 21121.65 21530.33 22217.29 22896.82 23534.33 24049.17 24394.48 24569.71 24646.97 24676.76 24687.71 24689.98 24688.31 24689.78 24687.60 24681.99 24679.76 24674.41 24668.22 24650.33 24611.33 24563.64 24620.35 24802.43 24967.97 25095.85 25195.35 25225.84 25228.71 25203.34 25157.89 25067.69 24946.47 24770.13 24527.26 24427.44 24411.19 24401.95 24385.44 24352.38 24300.28 24242.51 24149.42 23995.82
19711.67 19994.52 20280.42 20564.04 20846.68 21138.82 21441.15 21746.80 22175.71 22794.37 23295.25 23634.20 23810.98 23891.76 23928.91 23940.95 23944.08 23947.06 23945.98 23951.64 23947.86 23933.10 23929.47 23920.20 23909.81 23888.53 23851.52 23865.97 24043.81 24205.45 24340.94 24440.45 24491.33 24592.99 24694.52 24782.44 24859.73 24917.44 24980.60 25012.55 25022.19 25019.89 25014.24 25003.67 24975.93 24928.36 24870.14 24781.72 24633.40 24395.30
20039.32 20309.88 20593.97 20888.43 21178.64 21466.84 21766.35 22077.71 22380.14 22650.13 22905.54 23124.68 23296.33 23423.44 23527.18 23614.47 23737.09 23858.36 23947.47 24021.25 24024.56 24000.31 23949.57 23818.90 23652.23 23291.09 23134.91 23310.30 23563.23 24021.89 24401.11 24721.31 24964.28 25136.57 25261.43 25357.04 25440.43 25507.28 25577.05 25615.37 25627.28 25628.53 25617.93 25595.65 25552.62 25499.70 25416.27 25271.41 25042.63 24696.97
20385.89 20645.92 20915.55 21208.16 21511.70 21808.48 22102.01 22409.11 22730.98 23043.60 23317.34 23563.87 23801.32 23967.83 24084.03 24173.17 24250.29 24394.69 24508.91 24591.57 24594.46 24544.14 24433.97 24273.38 23905.51 23402.87 22830.72 23148.68 23721.41 24256.67 24720.62 25106.43 25417.77 25660.38 25823.75 25943.32 26032.53 26104.77 26175.46 26215.71 26226.62 26227.63 26217.46 26172.89 26125.24 26053.10 25911.77 25684.83 25343.65 24936.07
20735.98 21003.30 21260.06 21535.85 21837.45 22150.70 22453.96 22752.51 23067.34 23399.91 23721.32 23994.29 24238.34 24462.90 24605.80 24687.21 24772.05 24845.11 25003.96 25094.21 25093.55 25015.53 24879.71 24526.45 24014.83 23426.97 22851.87 23217.30 23827.27 24416.22 24961.47 25422.41 25810.85 26120.32 26356.47 26505.46 26613.55 26689.99 26765.86 26807.20 26815.25 26817.57 26782.79 26746.63 26686.51 26548.60 26323.49 25984.94 25582.36 25106.94
21065.09 21365.21 21628.60 21889.00 22171.08 22482.21 22805.89 23115.48 23418.63 23740.27 24080.74 24405.07 24654.21 24881.23 25040.37 25132.09 25196.91 25294.57 25357.86 25469.60 25465.88 25394.50 25113.63 24626.83 24032.44 23446.80 22845.12 23268.32 23894.24 24515.57 25115.08 25664.77 26128.93 26513.13 26816.11 27031.75 27166.36 27262.08 27338.68 27380.67 27387.51 27369.63 27346.20 27298.51 27169.34 26964.59 26622.84 26217.17 25750.59 25224.37
21340.00 21706.59 22002.56 22269.23 22533.09 22821.57 23142.80 23477.82 23792.90 24097.80 24422.52 24758.07 25057.33 25271.91 25410.47 25478.12 25548.65 25582.05 25672.73 25718.78 25708.11 25571.57 25180.32 24626.53 24047.62 23438.66 22847.60 23296.75 23940.10 24575.37 25207.72 25811.41 26365.83 26826.61 27192.29 27492.17 27697.30 27807.74 27888.00 27930.56 27936.51 27912.65 27880.66 27766.91 27584.97 27244.63 26854.23 26382.77 25864.83 25284.02
21535.72 21991.03 22356.86 22655.52 22925.64 23192.62 23487.63 23819.57 24166.57 24484.92 24787.58 25104.10 25409.89 25644.17 25759.19 25831.38 25874.95 25880.20 25898.86 25931.62 25833.40 25565.68 25130.12 24613.41 24028.61 23437.01 22843.45 23322.89 23966.27 24615.85 25259.84 25897.28 26497.56 27044.16 27504.15 27836.47 28134.57 28318.32 28404.91 28447.55 28453.27 28421.84 28344.22 28176.28 27843.21 27470.35 26998.72 26493.78 25918.59 25322.77
21655.90 22190.46 22651.34 23023.57 23324.39 23598.27 23867.92 24169.59 24512.36 24870.46 25188.23 25472.72 25758.55 25997.57 26129.79 26181.92 26171.55 26131.50 26134.38 26057.40 25881.38 25584.75 25148.63 24577.26 24011.49 23418.94 22838.81 23348.64 23994.20 24640.53 25294.55 25941.10 26570.34 27160.91 27712.59 28148.09 28452.86 28717.03 28871.34 28908.11 28916.23 28867.64 28727.82 28399.04 28056.75 27604.56 27101.23 26535.24 25952.34 25339.23
21719.21 22310.96 22854.14 23328.80 23707.18 24009.45 24287.65 24559.27 24867.30 25219.21 25588.76 25897.23 26139.94 26368.29 26502.04 26549.95 26496.81 26468.01 26356.95 26198.19 25977.53 25608.21 25046.99 24539.81 23961.39 23392.10 22817.15 23360.76 24014.79 24663.20 25311.33 25963.04 26599.46 27219.58 27804.39 28336.84 28732.09 29001.67 29175.22 29272.18 29283.58 29194.58 28921.27 28603.08 28177.40 27697.23 27142.20 26558.02 25962.75 25346.47
21745.94 22373.20 22974.70 23534.50 24023.97 24408.13 24710.90 24994.41 25266.98 25580.15 25936.00 26306.16 26584.74 26762.70 26900.74 26943.86 26925.05 26832.19 26645.32 26443.46 26135.19 25604.87 25096.51 24482.05 23911.76 23340.13 22786.36 23363.15 24027.44 24685.18 25335.53 25978.55 26621.89 27246.36 27845.79 28403.80 28893.56 29191.38 29402.59 29482.85 29476.05 29336.70 29064.33 28695.67 28251.20 27719.05 27153.04 26568.36 25970.00 25355.00
21748.82 22399.08 23035.66 23654.91 24231.88 24737.51 25126.91 25428.88 25718.70 25987.91 26301.94 26649.67 26992.83 27189.64 27298.36 27331.25 27332.76 27206.73 27009.05 26712.91 26170.77 25693.79 25100.47 24522.22 23902.25 23296.35 22735.73 23360.05 24022.75 24691.82 25352.44 25990.68 26622.40 27248.25 27847.37 28412.23 28908.31 29296.58 29499.11 29513.92 29533.00 29421.54 29158.16 28742.28 28255.41 27714.84 27150.89 26563.76 25966.95 25350.69
21747.67 22399.43 23060.95 23714.30 24352.02 24946.61 25470.14 25864.01 26162.89 26459.91 26718.53 27023.06 27332.00 27613.31 27691.29 27738.91 27698.72 27587.82 27330.03 26795.05 26324.19 25732.45 25153.89 24520.05 23896.53 23286.60 22699.07 23354.07 24020.18 24685.15 25359.67 26010.04 26635.46 27245.90 27848.01 28410.25 28914.17 29296.70 29512.94 29541.55 29517.77 29433.28 29150.42 28745.09 28250.36 27712.80 27146.05 26560.73 25962.47 25346.99
21741.40 22398.74 23058.02 23739.48 24409.42 25066.50 25678.92 26222.71 26619.48 26905.34 27197.67 27422.45 27694.70 27905.67 28085.46 28108.62 28074.36 27914.97 27426.21 26979.36 26383.27 25803.24 25157.60 24516.76 23890.48 23280.15 22689.84 23350.94 24013.18 24683.67 25350.19 26018.11 26655.89 27257.58 27835.58 28395.66 28864.00 29246.61 29390.36 29474.64 29477.95 29268.26 29065.81 28684.35 28214.53 27687.07 27125.47 26540.64 25944.76 25328.59
21739.10 22390.98 23058.57 23732.13 24435.33 25121.23 25798.88 26424.68 26979.23 27351.55 27576.43 27871.64 28010.80 28260.44 28400.33 28414.13 28375.82 28015.83 27623.20 27043.49 26466.85 25811.49 25157.57 24511.01 23886.78 23274.66 22685.54 23338.03 24004.71 24669.43 25342.47 26003.81 26663.62 27267.68 27856.51 28358.55 28807.01 29019.53 29210.31 29296.55 29284.79 29166.30 28823.32 28545.47 28117.15 27621.11 27093.31 26518.39 25924.73 25310.84
21732.00 22390.03 23048.53 23735.23 24421.76 25149.31 25849.85 26533.37 27152.92 27606.94 27867.87 28055.64 28303.62 28408.21 28586.74 28585.19 28459.56 28157.55 27671.99 27131.95 26472.53 25811.80 25152.20 24508.28 23881.73 23270.78 22678.59 23329.33 23991.36 24661.74 25321.01 26003.28 26643.79 27289.21 27819.16 28308.57 28565.51 28862.31 28957.62 29022.53 29010.40 28886.56 28672.25 28312.13 27954.72 27501.52 27002.17 26464.95 25885.66 25281.97
21730.41 22381.12 23049.88 23721.54 24429.54 25126.72 25878.25 26555.28 27219.18 27669.38 27898.95 28131.65 28303.06 28488.99 28603.47 28590.20 28526.40 28227.36 27737.10 27123.28 26470.11 25805.30 25149.59 24502.97 23872.74 23265.13 22668.66 23310.22 23976.54 24636.09 25318.42 25978.85 26665.89 27248.74 27750.78 28073.48 28389.16 28547.83 28674.42 28675.67 28660.55 28570.21 28362.92 28090.17 27708.06 27309.39 26859.72 26355.20 25811.63 25231.65
21722.47 22381.36 23038.07 23726.80 24409.92 25142.64 25842.73 26594.14 27145.08 27603.26 27919.12 28036.38 28293.32 28496.33 28541.31 28579.07 28425.50 28223.77 27730.05 27120.14 26462.25 25801.88 25143.84 24499.81 23867.90 23257.13 22662.66 23294.84 23946.48 24625.11 25290.66 25982.41 26613.45 27135.29 27512.02 27846.24 28047.39 28215.83 28248.60 28274.40 28243.48 28139.71 27995.08 27742.02 27434.71 27051.30 26637.03 26189.91 25688.67 25144.76
21721.84 22371.08 23041.41 23710.22 24421.52 25108.64 25847.67 26453.91 26973.60 27390.99 27649.60 27844.84 28079.01 28132.18 28267.98 28374.56 28256.03 27895.24 27591.19 27053.75 26433.10 25785.47 25136.97 24494.00 23864.30 23252.58 22655.48 23260.49 23927.64 24592.21 25272.81 25910.76 26439.20 26873.56 27230.36 27437.63 27621.52 27714.22 27770.32 27794.48 27732.34 27647.31 27522.47 27330.26 27064.25 26741.26 26362.69 25951.30 25508.20 25008.56
21712.74 22372.91 23027.28 23718.34 24391.79 25104.71 25702.54 26222.42 26690.69 26960.24 27227.44 27418.57 27485.44 27726.50 27817.57 27909.12 27791.72 27598.92 27224.41 26854.27 26338.23 25741.32 25115.93 24484.70 23858.00 23242.74 22650.03 23240.80 23896.37 24564.20 25192.33 25727.39 26166.60 26532.69 26783.12 26963.23 27074.39 27140.67 27196.49 27216.37 27151.66 27077.68 26961.22 26818.33 26616.29 26352.24 26033.69 25661.68 25260.30 24814.42
21713.28 22360.73 23032.58 23691.89 24380.50 24965.61 25474.01 25928.81 26212.86 26476.61 26688.10 26767.05 27002.95 27131.99 27219.39 27267.28 27176.85 27031.59 26826.93 26477.67 26106.95 25624.10 25058.49 24457.57 23845.67 23235.43 22635.08 23210.55 23859.91 24476.89 25006.32 25443.56 25813.53 26071.67 26262.60 26381.83 26465.01 26522.38 26564.39 26573.40 26515.27 26441.44 26358.72 26228.42 26076.88 25879.38 25626.51 25320.16 24956.32 24556.48
21698.47 22355.72 23000.36 23666.02 24238.07 24734.83 25173.54 25457.50 25713.29 25918.21 26016.68 26236.82 26372.80 26473.20 26520.42 26538.40 26467.84 26382.42 26236.62 26034.79 25716.19 25359.68 24909.64 24377.22 23801.95 23210.24 22617.20 23164.55 23763.85 24280.47 24714.61 25080.99 25342.24 25535.39 25661.84 25749.77 25816.11 25860.44 25882.08 25884.35 25830.16 25762.25 25686.94 25599.29 25472.12 25320.59 25129.09 24886.61 24592.23 24237.78
