#Value Function.
743.72  1039.96 1094.98 1136.17 1208.65 1317.32 1459.75 1631.59 1830.74 2055.10 2303.76 2564.07 2818.74 3040.66 3176.13 3215.12 3083.37 2867.96 2601.62 2358.10 2190.64 2123.00 2166.02 2311.16 2543.49 2845.91 3209.60 3630.34 4094.66 4625.78 5171.59 5760.43 6266.08 6605.44 6803.03 6633.75 6281.87 5707.29 5017.48 4293.36 3582.30 2966.43 2428.09 1980.24 1605.74 1293.76 1025.80 784.94  553.07  302.85 
1467.63 1827.28 1938.49 2063.86 2233.95 2460.08 2740.59 3074.70 3456.13 3881.18 4342.80 4838.25 5325.40 5746.53 6000.61 6070.10 5792.56 5324.67 4801.96 4338.01 4018.02 3903.20 4006.95 4310.00 4771.62 5362.91 6045.75 6818.82 7683.56 8598.11 9603.76 10557.29 11415.55 12076.86 12384.36 12089.28 11427.95 10373.26 9108.90 7769.73 6528.55 5397.01 4430.98 3617.80 2942.31 2376.62 1890.41 1454.26 1035.07 601.44 
1882.64 2402.49 2646.40 2878.38 3170.66 3530.68 3953.33 4441.14 4996.81 5618.36 6286.24 6997.35 7651.32 8286.98 8635.26 8738.28 8283.68 7548.11 6740.34 6021.88 5560.19 5419.82 5617.14 6152.60 6873.94 7727.93 8702.01 9788.65 10973.35 12250.74 13560.31 14810.86 15869.21 16707.25 17093.75 16652.28 15726.54 14181.26 12461.75 10639.47 8965.44 7441.97 6124.86 5020.70 4100.80 3323.50 2657.08 2065.99 1498.06 876.48 
2220.37 2895.64 3259.33 3608.05 4007.97 4479.07 5021.71 5643.56 6350.14 7144.41 8018.57 8948.16 9861.71 10536.45 11019.23 11102.26 10500.28 9435.11 8378.95 7434.59 6846.47 6711.81 7071.94 7811.37 8735.50 9805.78 11015.39 12354.28 13822.54 15379.66 16953.31 18416.43 19549.07 20526.57 20898.63 20365.10 19125.58 17364.85 15210.60 13026.16 10997.75 9182.20 7601.13 6270.21 5142.77 4192.36 3376.30 2643.50 1929.06 1134.90
2507.34 3313.03 3774.57 4210.65 4695.76 5249.80 5881.62 6602.74 7422.53 8346.94 9381.40 10490.74 11570.08 12432.21 12828.86 12798.68 12089.35 10996.17 9666.45 8551.34 7877.58 7769.52 8307.64 9189.10 10261.74 11485.77 12864.56 14396.07 16053.10 17796.36 19548.20 21153.83 22472.85 23211.56 23534.13 23011.18 21730.84 19708.49 17390.36 15000.92 12726.14 10674.88 8885.51 7363.93 6074.44 4979.62 4033.16 3175.45 2328.34 1374.57
2733.95 3638.65 4170.08 4662.97 5199.75 5802.67 6485.41 7257.84 8131.69 9115.09 10212.46 11380.73 12499.00 13375.71 13743.86 13617.22 12994.53 11846.87 10498.89 9323.53 8627.34 8581.66 9257.91 10227.68 11381.21 12686.21 14148.97 15764.48 17499.30 19308.54 21095.73 22730.49 24052.49 24810.57 24901.73 24428.98 23150.34 21201.39 18865.35 16408.47 14028.55 11851.15 9931.28 8283.75 6875.71 5670.41 4618.66 3656.31 2696.33 1595.76
2886.88 3855.99 4425.39 4945.75 5503.35 6122.05 6812.52 7585.76 8450.88 9413.22 10475.13 11595.84 12657.35 13387.64 13825.25 13728.37 13169.43 12099.63 10845.76 9797.28 9109.56 9181.21 9909.81 10908.18 12075.66 13384.88 14840.60 16439.36 18147.10 19914.24 21650.45 23119.63 24384.82 25165.90 25274.40 24828.42 23629.77 21925.91 19705.61 17301.88 14926.09 12715.26 10737.29 9023.77 7542.31 6260.29 5129.59 4084.06 3034.42 1797.39
2958.76 3957.61 4538.53 5061.03 5611.49 6213.16 6875.38 7603.72 8404.22 9278.24 10213.64 11177.36 12078.34 12737.11 13113.98 13169.02 12797.42 11874.76 10881.10 9915.14 9357.21 9542.11 10284.76 11258.25 12374.48 13617.64 14983.32 16461.31 18041.71 19665.75 21241.36 22676.38 23755.75 24545.65 24709.13 24405.73 23450.56 21913.83 19899.42 17663.78 15410.62 13274.26 11328.27 9598.25 8084.72 6754.08 5568.23 4464.54 3334.91 1977.46
2952.12 3949.21 4519.72 5022.66 5543.95 6104.54 6711.42 7366.83 8071.93 8819.48 9596.52 10379.01 11069.03 11619.91 12040.56 12144.15 11891.31 11296.47 10470.61 9775.65 9395.33 9714.58 10441.71 11347.39 12363.16 13481.75 14699.56 15996.45 17382.25 18793.90 20174.39 21380.57 22443.90 23105.49 23433.19 23269.75 22499.35 21228.48 19553.41 17559.62 15512.42 13547.23 11687.51 10003.58 8500.01 7157.09 5943.01 4793.26 3594.44 2132.47
2875.16 3843.89 4387.25 4855.80 5333.06 5838.32 6375.76 6945.06 7543.48 8161.85 8792.82 9397.43 9973.96 10470.13 10812.19 10947.64 10822.43 10416.41 9899.96 9426.92 9316.49 9775.84 10471.65 11280.20 12156.10 13105.64 14126.24 15218.78 16360.79 17542.66 18666.96 19745.09 20634.60 21347.67 21713.53 21674.11 21194.32 20180.71 18718.89 17075.43 15285.88 13507.01 11804.94 10217.01 8767.51 7449.99 6233.39 5057.66 3806.43 2259.05
2740.75 3660.58 4165.63 4591.60 5017.78 5462.02 5927.00 6410.90 6909.22 7416.50 7920.53 8416.84 8877.91 9308.30 9621.59 9772.99 9731.22 9514.33 9218.09 9021.09 9282.02 9811.09 10472.44 11185.36 11902.76 12645.69 13441.02 14289.35 15189.40 16132.53 17051.02 17927.80 18724.32 19404.70 19802.89 19871.57 19547.97 18775.89 17665.68 16272.76 14771.60 13222.57 11700.83 10249.91 8888.31 7623.13 6429.10 5248.29 3964.26 2353.71
2564.58 3421.39 3882.10 4262.26 4636.54 5021.44 5419.01 5827.22 6242.39 6659.51 7074.62 7481.21 7881.95 8246.88 8530.01 8695.64 8731.78 8662.03 8596.24 8840.98 9299.27 9890.57 10529.25 11158.60 11748.65 12274.33 12794.82 13380.66 14041.29 14741.59 15461.37 16188.89 16896.83 17500.76 17893.86 18016.14 17816.72 17259.48 16396.56 15305.33 14066.02 12747.34 11418.89 10115.55 8867.81 7677.48 6526.73 5360.69 4063.92 2414.10
2361.89 3147.58 3562.18 3897.69 4223.63 4555.42 4895.13 5241.30 5591.35 5942.41 6291.60 6637.27 6983.72 7300.61 7561.08 7746.88 7864.20 8009.14 8304.33 8765.32 9365.68 10042.72 10704.91 11299.88 11780.61 12108.54 12361.09 12687.05 13089.28 13561.67 14094.32 14668.30 15227.14 15737.90 16089.88 16234.00 16123.95 15722.96 15079.21 14232.17 13229.87 12135.25 10992.69 9848.08 8721.31 7620.58 6529.23 5394.99 4104.61 2439.63
2146.67 2858.31 3228.16 3522.88 3806.49 4093.51 4386.32 4684.31 4986.09 5290.19 5595.22 5899.98 6198.79 6482.87 6745.45 6999.80 7278.44 7635.67 8111.54 8711.55 9417.86 10181.05 10892.25 11539.93 11939.83 12118.64 12196.98 12251.87 12415.15 12632.47 12952.66 13348.37 13766.17 14153.82 14445.37 14585.18 14530.20 14260.96 13790.06 13132.28 12333.59 11429.54 10466.37 9472.01 8469.56 7465.32 6444.23 5355.44 4088.54 2431.46
1930.68 2569.31 2897.76 3156.85 3404.97 3655.77 3912.04 4173.99 4441.33 4713.76 4991.08 5272.67 5557.73 5846.93 6148.41 6480.31 6869.08 7341.99 7915.71 8590.69 9355.62 10169.38 10969.40 11630.91 12001.50 12096.25 12077.46 11960.55 11855.08 11865.16 11993.32 12215.63 12492.98 12767.26 12987.75 13105.60 13083.56 12898.30 12549.29 12048.75 11412.25 10677.47 9869.69 9015.86 8133.29 7227.42 6282.67 5249.37 4020.46 2392.27
1722.99 2292.50 2583.87 2812.74 3031.86 3254.04 3482.41 3717.90 3961.12 4212.85 4474.16 4746.69 5033.42 5340.44 5678.60 6063.10 6510.77 7036.13 7647.46 8344.99 9122.83 9949.12 10749.41 11410.70 11784.68 11892.64 11819.24 11575.59 11338.11 11184.50 11153.89 11233.26 11384.53 11558.05 11709.15 11796.33 11785.33 11651.29 11391.19 11003.83 10502.99 9905.11 9232.62 8504.18 7733.65 6923.52 6057.31 5086.17 3906.94 2325.82
1530.11 2036.15 2295.03 2498.63 2694.30 2893.93 3100.86 3316.59 3542.44 3780.04 4031.60 4300.31 4590.92 4910.43 5268.07 5674.33 6139.19 6670.71 7272.92 7945.83 8687.95 9473.14 10232.95 10814.83 11243.39 11410.12 11284.49 11066.26 10757.79 10513.34 10379.78 10353.95 10403.58 10492.27 10581.36 10634.79 10622.09 10522.79 10323.37 10022.13 9623.01 9137.22 8578.11 7959.41 7290.25 6570.31 5781.71 4876.43 3755.67 2236.64
1356.35 1805.57 2036.34 2218.85 2395.38 2576.85 2766.67 2966.68 3178.65 3404.71 3647.62 3911.02 4199.64 4519.31 4876.55 5277.75 5728.32 6232.39 6791.65 7400.10 8056.49 8740.75 9402.74 9942.46 10348.08 10558.67 10523.79 10320.97 10037.13 9787.81 9618.84 9536.61 9519.39 9545.35 9584.44 9607.24 9588.19 9506.22 9349.01 9109.78 8788.90 8391.49 7925.93 7400.71 6821.04 6183.67 5469.41 4631.16 3574.92 2129.61
1204.41 1603.91 1810.54 1975.30 2135.83 2302.04 2477.28 2663.48 2862.56 3076.74 3308.74 3561.84 3839.83 4146.83 4486.84 4863.25 5278.38 5733.15 6226.93 6756.84 7307.45 7874.05 8403.10 8873.41 9281.66 9509.65 9527.48 9405.90 9218.38 9013.74 8859.46 8754.54 8706.26 8694.25 8699.97 8700.57 8674.30 8601.78 8471.70 8275.92 8012.60 7683.27 7292.53 6844.91 6342.15 5778.46 5133.48 4361.31 3373.07 2009.74
1075.95 1433.03 1619.09 1768.74 1915.50 2068.29 2230.20 2403.10 2588.78 2789.24 3006.75 3243.85 3503.20 3787.33 4098.38 4437.75 4805.83 5201.86 5623.99 6065.99 6523.65 6975.57 7411.31 7830.48 8190.16 8419.45 8493.70 8455.29 8348.17 8220.91 8095.42 8009.07 7953.29 7931.34 7924.20 7914.82 7885.19 7817.74 7701.92 7532.25 7306.42 7026.22 6692.44 6306.78 5868.02 5368.23 4786.19 4077.39 3158.31 1881.93
972.18  1294.25 1463.07 1599.82 1734.50 1875.10 2024.36 2183.90 2355.22 2539.90 2739.64 2956.16 3191.11 3445.87 3721.37 4017.89 4334.94 4671.15 5023.89 5390.11 5763.10 6140.01 6510.60 6866.43 7178.16 7398.76 7512.32 7542.12 7506.35 7432.38 7362.86 7304.89 7279.39 7279.97 7284.07 7277.98 7247.95 7174.82 7056.65 6891.39 6684.27 6433.09 6138.64 5799.28 5411.45 4965.24 4438.81 3789.25 2938.40 1750.89
894.24  1188.96 1343.83 1469.78 1594.00 1723.58 1860.87 2007.17 2163.59 2331.24 2511.22 2704.58 2912.18 3134.67 3372.30 3624.93 3891.91 4172.04 4463.67 4764.56 5073.19 5386.17 5705.49 6010.17 6279.74 6487.79 6623.19 6692.65 6708.29 6699.41 6683.26 6699.23 6744.08 6806.27 6837.68 6836.51 6803.71 6702.40 6549.28 6368.66 6156.95 5915.32 5641.86 5333.42 4983.49 4580.34 4101.59 3505.99 2720.63 1621.05
843.47  1118.93 1263.38 1380.89 1496.55 1616.71 1743.31 1877.28 2019.33 2170.12 2330.22 2500.14 2680.21 2870.60 3071.28 3282.03 3502.45 3732.07 3970.29 4216.65 4470.83 4734.30 5003.24 5263.11 5497.40 5690.64 5834.68 5932.54 5997.87 6054.58 6148.86 6316.69 6492.55 6605.57 6631.57 6636.02 6546.72 6399.69 6189.89 5968.26 5731.07 5478.60 5209.80 4917.82 4593.45 4223.12 3783.77 3236.08 2511.96 1496.76
821.49  1086.39 1224.45 1336.42 1446.11 1559.28 1677.48 1801.29 1931.02 2066.92 2209.14 2357.74 2512.68 2673.81 2840.89 3013.73 3192.28 3376.72 3567.61 3765.79 3972.38 4188.48 4411.65 4630.73 4834.56 5014.03 5165.41 5294.79 5439.87 5636.77 5886.81 6174.93 6447.87 6606.07 6673.15 6643.45 6507.40 6252.92 5967.17 5685.98 5400.86 5124.23 4846.72 4559.20 4249.91 3902.11 3494.40 2988.12 2319.64 1382.52
830.10  1093.95 1230.34 1340.48 1447.72 1557.46 1670.91 1788.28 1909.56 2034.60 2163.20 2295.07 2429.82 2566.99 2706.13 2846.88 2989.16 3133.48 3281.12 3434.16 3595.11 3765.62 3944.42 4127.25 4309.47 4489.44 4671.86 4871.82 5109.95 5400.11 5745.61 6122.04 6468.38 6693.85 6744.90 6705.50 6525.04 6210.18 5842.60 5482.05 5152.08 4847.43 4556.70 4267.37 3959.44 3627.95 3244.59 2772.89 2151.80 1283.75
871.03  1144.21 1284.45 1397.36 1506.81 1618.02 1731.92 1848.41 1967.12 2087.58 2209.25 2331.52 2453.68 2574.95 2694.48 2811.49 2925.31 3035.82 3144.11 3252.89 3366.47 3490.10 3628.99 3785.94 3960.39 4151.96 4364.74 4608.22 4892.95 5225.60 5607.47 6013.32 6382.60 6634.71 6699.84 6671.69 6474.30 6122.75 5711.36 5313.93 4955.57 4632.42 4331.75 4038.82 3741.30 3419.63 3053.95 2602.36 2020.19 1207.17
945.63  1239.30 1389.68 1510.89 1628.30 1747.25 1868.47 1991.55 2115.81 2240.39 2364.41 2486.98 2607.07 2723.63 2835.24 2940.52 3038.04 3125.64 3202.30 3269.43 3331.74 3398.44 3482.32 3600.11 3758.56 3953.45 4181.32 4442.29 4738.34 5069.87 5434.61 5816.46 6157.57 6370.39 6489.44 6476.07 6286.54 5939.11 5548.90 5176.06 4823.28 4502.39 4202.37 3910.73 3608.96 3291.64 2933.07 2501.72 1938.30 1163.38
1054.50 1380.32 1547.69 1683.46 1815.57 1949.75 2086.68 2225.75 2365.90 2505.91 2644.43 2780.17 2912.08 3038.26 3158.17 3267.95 3366.77 3451.67 3514.24 3552.58 3565.79 3562.12 3560.64 3586.79 3695.12 3868.86 4093.65 4353.96 4642.63 4952.59 5277.65 5599.07 5886.31 6078.65 6162.75 6150.62 5993.46 5742.09 5427.27 5121.92 4820.82 4527.36 4233.33 3940.02 3629.02 3298.34 2922.80 2485.17 1934.55 1167.97
1197.15 1566.85 1758.29 1915.26 2069.32 2227.02 2389.19 2555.16 2723.68 2892.99 3061.44 3226.55 3387.11 3540.12 3686.69 3824.87 3944.39 4037.19 4093.94 4110.23 4074.43 3994.71 3900.83 3824.66 3807.29 3899.95 4098.82 4348.15 4621.35 4910.36 5188.05 5454.94 5679.58 5837.59 5901.61 5905.12 5850.35 5698.90 5495.43 5269.38 5024.49 4761.53 4475.18 4173.05 3843.26 3481.58 3076.65 2607.23 2013.09 1220.02
1371.82 1796.64 2018.96 2203.54 2386.70 2576.25 2773.47 2977.97 3188.56 3403.63 3619.53 3833.58 4041.46 4241.12 4435.52 4608.92 4754.65 4867.97 4929.76 4932.58 4843.65 4671.78 4465.61 4264.39 4122.41 4086.81 4209.63 4441.64 4709.43 4974.52 5236.37 5466.85 5665.37 5813.72 5901.03 5945.98 5956.80 5907.90 5812.70 5664.43 5469.44 5225.04 4929.36 4603.02 4236.93 3833.36 3381.27 2853.80 2200.59 1327.76
1575.57 2065.63 2324.80 2542.53 2760.98 2989.66 3230.76 3484.63 3750.68 4027.59 4312.22 4597.20 4877.61 5145.33 5397.36 5618.21 5787.02 5929.92 6016.05 6016.17 5871.11 5579.33 5233.53 4866.37 4585.42 4434.13 4445.34 4655.93 4917.88 5192.77 5450.18 5697.10 5904.16 6076.70 6212.00 6321.13 6413.31 6449.66 6437.38 6348.05 6183.07 5940.52 5613.57 5224.55 4801.62 4336.22 3813.05 3213.96 2476.42 1496.46
1804.55 2368.37 2668.99 2923.86 3181.93 3454.86 3746.12 4057.28 4389.43 4742.08 5110.97 5486.31 5871.81 6228.93 6546.27 6813.49 7019.19 7185.49 7307.93 7326.15 7116.78 6681.71 6142.15 5604.81 5154.81 4887.97 4829.60 4989.32 5265.95 5566.20 5863.98 6137.15 6387.71 6616.99 6820.73 7005.38 7168.34 7275.19 7323.96 7275.08 7123.14 6863.97 6494.00 6040.92 5527.54 4972.42 4368.92 3677.69 2829.55 1712.53
2054.57 2698.79 3043.78 3337.82 3637.35 3956.50 4300.23 4671.69 5073.87 5508.56 5972.60 6459.11 6937.93 7417.66 7805.93 8107.58 8339.73 8523.52 8696.37 8724.85 8457.80 7882.04 7156.61 6394.58 5782.45 5407.96 5295.29 5442.51 5755.88 6102.30 6451.83 6781.54 7100.61 7398.65 7682.34 7933.31 8166.06 8339.17 8446.49 8425.14 8267.89 7974.32 7539.24 7007.69 6401.67 5745.85 5023.83 4223.43 3252.61 1967.79
2321.78 3051.23 3441.91 3775.13 4115.37 4479.23 4873.12 5301.86 5770.03 6280.34 6835.81 7423.07 7993.43 8550.07 9003.19 9317.48 9584.42 9795.73 9917.89 9956.59 9641.02 8996.34 8082.72 7168.92 6412.56 5946.96 5809.21 5998.55 6365.44 6774.19 7194.25 7606.60 8003.98 8392.75 8742.98 9064.37 9366.75 9618.47 9777.98 9775.84 9598.79 9232.60 8733.03 8103.43 7383.85 6608.00 5781.19 4838.60 3723.61 2254.11
2603.25 3421.52 3858.06 4229.01 4607.15 5011.37 5449.16 5926.08 6447.05 7016.17 7634.81 8290.37 8947.22 9532.71 9965.44 10257.57 10510.51 10700.40 10839.60 10787.85 10421.50 9757.76 8815.97 7805.18 6967.77 6459.02 6344.21 6618.18 7062.17 7547.83 8052.69 8560.94 9059.85 9529.07 9985.49 10391.37 10761.24 11084.62 11300.27 11314.26 11106.10 10659.04 10052.55 9282.14 8444.45 7554.48 6587.62 5519.18 4230.95 2562.31
2897.29 3807.48 4289.88 4696.76 5109.25 5548.23 6021.70 6535.36 7093.97 7699.27 8354.53 9039.61 9716.98 10302.50 10688.82 10940.31 11121.35 11231.94 11301.13 11197.62 10815.75 10118.74 9164.38 8182.90 7368.25 6899.10 6884.75 7273.29 7802.40 8379.75 8977.21 9589.04 10188.49 10762.79 11328.57 11837.88 12314.27 12710.35 12992.68 13025.43 12778.84 12227.46 11457.83 10549.14 9575.89 8535.23 7425.43 6212.71 4762.40 2882.91
3203.01 4208.73 4737.99 5180.22 5624.74 6093.92 6595.73 7135.65 7717.96 8341.60 9002.81 9686.48 10341.42 10901.53 11258.92 11412.38 11441.98 11427.70 11388.02 11247.24 10866.44 10191.55 9341.62 8406.61 7645.27 7284.22 7444.78 7937.50 8553.15 9218.29 9914.30 10625.09 11332.83 12026.40 12714.37 13364.08 13924.02 14431.31 14794.35 14854.01 14571.33 13885.22 12938.78 11833.11 10707.04 9517.12 8263.32 6895.19 5293.60 3204.90
3519.19 4625.20 5204.53 5684.46 6162.18 6660.87 7187.83 7747.45 8343.96 8978.89 9644.09 10311.98 10930.06 11442.78 11754.12 11835.81 11709.11 11543.56 11344.83 11094.12 10659.76 10010.53 9231.00 8447.99 7808.14 7611.11 7971.28 8563.92 9260.27 10007.94 10791.25 11596.10 12408.23 13227.79 14039.06 14825.20 15544.32 16103.50 16514.74 16672.79 16348.91 15527.63 14343.25 13109.80 11796.38 10461.69 9069.81 7561.86 5805.99 3512.69
3842.32 5054.35 5689.79 6214.01 6731.74 7266.17 7822.67 8404.05 9013.75 9653.03 10318.31 10988.27 11604.18 12052.18 12327.42 12362.89 12160.37 11767.32 11346.00 10918.05 10402.70 9787.92 9075.32 8374.45 7903.36 7937.22 8437.22 9120.38 9888.22 10707.08 11570.46 12455.37 13361.25 14277.51 15195.89 16101.18 16944.09 17588.81 18076.30 18217.22 17855.45 16896.09 15611.03 14195.48 12777.23 11305.54 9798.90 8175.03 6295.88 3812.59
4164.07 5487.42 6187.26 6766.64 7337.84 7923.64 8525.86 9142.72 9773.36 10419.66 11081.32 11747.89 12359.48 12820.47 13045.54 13014.19 12722.85 12176.49 11522.22 10887.94 10240.18 9576.77 8899.63 8308.60 7968.46 8213.78 8811.44 9562.16 10386.44 11261.48 12182.85 13127.09 14093.27 15070.20 16051.43 17023.66 17936.69 18702.28 19157.07 19199.92 18828.84 17928.94 16612.17 15102.67 13552.17 11998.90 10410.59 8707.29 6723.78 4069.22
4469.17 5905.77 6678.16 7325.61 7968.64 8630.49 9309.87 9995.90 10678.67 11350.05 12011.94 12656.61 13264.75 13743.06 13941.96 13878.70 13437.25 12740.29 11868.94 11010.35 10220.38 9476.40 8801.56 8264.75 8035.31 8404.74 9066.82 9861.70 10724.71 11638.14 12598.10 13581.02 14577.01 15575.73 16570.01 17550.56 18478.14 19243.77 19682.85 19687.79 19296.84 18485.27 17192.05 15695.34 14125.28 12534.81 10909.49 9155.08 7078.36 4280.11
4734.31 6278.66 7127.58 7853.04 8585.21 9350.78 10148.72 10966.50 11763.73 12500.21 13150.67 13777.56 14309.74 14731.26 15038.07 14909.35 14350.07 13449.49 12332.02 11292.68 10339.10 9501.83 8789.96 8272.64 8092.52 8490.09 9179.05 9994.66 10877.16 11809.54 12791.18 13791.66 14805.96 15783.27 16740.42 17669.27 18513.34 19226.26 19604.02 19668.04 19395.67 18538.63 17407.14 15983.87 14468.22 12902.73 11269.43 9483.93 7339.62 4428.55
4929.05 6564.08 7484.63 8288.30 9116.08 10002.55 10954.29 11943.20 12961.09 13821.38 14464.11 15062.14 15505.92 15924.43 16187.00 16003.72 15342.83 14171.16 12929.52 11671.25 10574.31 9629.91 8858.74 8320.53 8132.68 8458.98 9134.12 9940.52 10822.18 11753.81 12730.62 13740.42 14742.70 15730.33 16636.10 17467.95 18226.24 18785.21 19160.62 19300.63 19076.88 18400.14 17283.74 16028.25 14597.60 13086.48 11496.19 9702.82 7517.53 4531.76
5018.73 6713.18 7688.26 8555.11 9463.78 10460.89 11567.77 12735.62 13944.55 14968.99 15625.65 16124.43 16597.04 16873.81 17131.45 16897.33 16122.64 14878.39 13429.05 12105.61 10860.13 9808.41 8966.57 8382.06 8137.02 8313.07 8926.60 9700.70 10559.56 11470.88 12420.33 13409.04 14402.86 15354.25 16199.01 16977.48 17628.60 18198.74 18496.37 18691.57 18546.82 17937.00 17015.17 15862.75 14536.52 13100.72 11550.50 9782.49 7584.55 4567.25
4968.55 6677.03 7677.59 8576.82 9528.10 10584.14 11772.02 13078.05 14400.29 15438.18 16088.58 16604.97 16984.34 17344.06 17480.42 17244.30 16576.49 15364.84 13901.13 12407.95 11084.16 9956.71 9056.11 8415.74 8080.67 8099.92 8563.48 9267.51 10076.92 10945.64 11858.76 12808.16 13765.31 14659.34 15448.69 16178.06 16795.87 17309.41 17701.60 17876.86 17789.54 17322.33 16503.99 15465.94 14264.03 12918.65 11443.63 9713.40 7536.16 4532.60
4746.86 6412.84 7402.11 8293.52 9234.47 10275.22 11445.42 12723.88 13925.83 15021.69 15752.11 16191.55 16668.57 17051.66 17214.15 17133.63 16473.80 15420.72 13954.88 12484.29 11135.39 9986.17 9055.54 8368.96 7957.49 7869.81 8089.08 8666.92 9386.34 10184.60 11032.55 11911.44 12809.93 13631.35 14392.30 15064.08 15674.93 16201.90 16615.95 16870.85 16828.93 16428.04 15759.15 14846.41 13759.43 12540.94 11137.29 9483.96 7363.82 4416.80
4325.93 5886.12 6826.46 7670.99 8551.70 9507.33 10552.69 11666.04 12737.73 13709.14 14499.47 15025.11 15525.37 15894.76 16229.18 16281.24 15766.86 14684.54 13477.08 12140.36 10885.43 9785.53 8871.71 8172.12 7715.24 7521.45 7606.00 7929.97 8515.03 9204.57 9949.82 10741.12 11528.81 12323.00 13033.15 13658.45 14264.04 14838.74 15293.73 15576.16 15566.37 15273.79 14738.36 13956.31 13012.95 11899.01 10614.18 9050.28 7023.05 4190.94
3678.58 5066.62 5925.18 6695.45 7483.36 8316.86 9200.23 10109.99 11033.70 11861.10 12645.64 13245.99 13732.37 14264.30 14537.88 14642.34 14204.98 13434.31 12408.23 11287.66 10197.30 9205.96 8362.49 7693.00 7223.95 6974.31 6950.88 7147.84 7524.29 8042.62 8654.88 9328.43 10032.59 10732.52 11428.11 12052.15 12640.92 13163.93 13613.42 13900.29 13934.91 13746.35 13306.26 12682.14 11872.47 10906.34 9744.58 8304.61 6418.39 3785.19
2765.54 3922.82 4665.23 5353.59 6042.30 6745.71 7471.99 8222.16 8964.13 9680.03 10331.52 10887.97 11394.45 11799.86 12077.08 12134.76 11844.26 11263.42 10501.67 9641.47 8766.70 7952.58 7239.81 6662.98 6242.61 5994.07 5924.50 6030.39 6284.03 6664.10 7138.27 7676.44 8256.48 8850.51 9430.72 9985.93 10502.97 10958.79 11342.85 11591.33 11648.81 11509.27 11191.73 10686.07 10034.50 9229.58 8242.30 6992.31 5330.00 3062.04
1500.60 2394.66 3034.27 3540.67 4015.09 4491.04 4977.82 5469.73 5958.74 6426.69 6862.62 7252.33 7586.96 7864.34 8023.86 8045.35 7848.71 7498.73 7010.20 6454.96 5892.75 5361.21 4895.08 4514.40 4235.27 4067.63 4015.76 4079.37 4237.69 4477.50 4787.71 5146.09 5532.24 5928.23 6322.15 6697.95 7048.82 7356.15 7606.51 7763.28 7793.76 7694.88 7476.85 7144.50 6700.42 6143.51 5447.20 4551.74 3367.31 1801.34
