#Value Function.
20.3688 20.4382 20.5504 20.5660 20.5676 20.5649 20.5651 20.5773 20.6221 20.6504 20.6516 20.5931 20.3884 20.4072 20.3919 20.3068 28.0304 30.4052 31.1899 31.7619 32.3121 32.8538 33.4062 33.9372 34.5207 35.1863 35.1940 35.2209 35.6876 36.1986 36.2494 37.2189 38.4443 39.6798 40.8443 41.9028 42.7704 43.3906 43.7422 43.9009 44.0574 44.1410 44.1520 44.0927 43.9979 43.8380 43.5456 43.1672 42.7324 42.5624
19.7772 20.8101 20.8324 20.8335 20.8331 20.8293 20.8272 20.8323 20.8656 20.8761 20.8730 20.8051 20.5861 20.6772 20.6508 20.5502 30.4464 31.3109 31.8644 32.4085 32.9564 33.4962 34.0514 34.5769 35.1741 35.8588 35.6999 35.7492 36.3234 36.8342 36.7670 37.9701 39.2152 40.4143 41.5058 42.4469 43.1633 43.6210 43.8446 43.9503 44.0566 44.0943 44.0886 44.0449 44.0352 43.9001 43.6507 43.3519 42.9658 42.5718
19.9342 21.0528 21.0677 21.0940 21.0895 21.0836 21.0861 21.0909 21.0953 21.1021 21.0483 20.8888 20.9503 20.9213 20.8129 20.6787 28.9756 31.2908 31.8731 32.4214 32.9640 33.5140 34.0497 34.6128 35.1216 35.7289 36.5262 36.1282 38.2474 36.4523 37.5480 38.9279 40.9837 41.3695 42.0022 42.7837 43.3373 43.6488 43.8696 43.9816 44.0491 44.0543 44.0686 44.0242 43.9201 43.8376 43.6457 43.3078 42.9162 42.5090
20.0056 21.0805 21.3582 21.3520 21.3516 21.3443 21.3446 21.3419 21.3465 21.3133 21.0806 21.2169 21.1891 21.0741 20.9336 20.8055 20.6965 31.1449 31.8772 32.4304 32.9783 33.5190 34.0725 34.6003 35.1783 35.6877 36.2685 37.2493 36.7301 39.4119 39.9151 40.4886 40.9577 41.5445 42.2977 42.9060 43.3243 43.6037 43.7874 43.8766 43.9006 43.8993 43.8831 43.8721 43.7768 43.6471 43.5032 43.2804 42.7706 42.3598
20.4201 21.5649 21.6228 21.6108 21.6005 21.6030 21.5971 21.6030 21.5951 21.3600 21.4962 21.4572 21.3328 21.1868 21.0564 20.9538 20.8269 30.4046 31.8440 32.4422 32.9863 33.5366 34.0786 34.6682 35.3474 35.9273 36.5638 36.7115 38.9116 39.4042 39.9772 40.4535 41.0546 41.7814 42.3982 42.8600 43.1842 43.4221 43.5692 43.6134 43.6409 43.6552 43.6354 43.5443 43.5285 43.4250 43.2907 43.1204 42.6946 42.2757
20.6338 21.7782 21.8205 21.8895 21.8593 21.8496 21.8559 21.8840 21.6541 21.7820 21.7257 21.5905 21.4384 21.3050 21.2075 21.1067 20.8057 26.2004 31.7836 32.4078 33.0021 33.5554 34.1502 34.8008 35.3814 35.8946 36.4831 38.1745 38.9378 39.4704 39.9448 40.5478 41.2450 41.8539 42.3353 42.6818 42.9487 43.1195 43.2093 43.2120 43.2847 43.3011 43.3020 43.2616 43.1150 43.1062 43.0153 42.8706 42.6659 42.1905
20.7436 21.8847 22.0581 22.0654 22.1564 22.0918 22.1694 21.9720 22.0694 21.9930 21.8465 21.6881 21.5516 21.4561 21.3854 21.1132 20.4348 20.3166 27.3736 32.3392 32.9957 33.6261 34.2594 34.8451 35.4041 36.1278 37.5363 38.4034 38.9458 39.4962 40.0313 40.6994 41.2897 41.7582 42.0063 41.6704 42.6033 42.7186 42.7218 42.8325 42.8669 42.8811 42.8836 42.8717 42.6590 42.6313 42.6410 42.5547 42.4053 41.9060
20.8296 21.9794 22.1495 22.3333 22.2788 22.3961 22.4020 22.3436 22.2549 22.1002 21.9360 21.7967 21.6997 21.6572 21.4548 20.5770 20.5631 20.4694 19.9462 28.9864 32.9716 33.7005 34.3163 34.9213 35.7139 36.9446 37.8289 38.4127 38.9604 39.5006 40.0551 40.1745 41.1557 41.3766 41.2381 41.5694 42.1645 42.1692 42.2105 42.3708 42.3958 42.4004 42.4123 42.4109 42.3787 42.1538 42.1301 42.1375 42.0569 41.5264
20.8230 21.9544 22.2636 22.3865 22.5498 22.5914 22.5567 22.4943 22.3467 22.1785 22.0397 21.9382 21.9190 21.8045 20.9417 20.9240 20.8035 20.1567 19.8549 20.4676 30.9856 33.6574 34.4367 35.2633 36.3787 37.2585 37.8735 38.4221 38.9492 39.4105 39.4464 39.4978 40.7728 40.7577 41.0570 41.5247 41.5706 41.6179 41.8197 41.8642 41.8755 41.8623 41.8991 41.9148 41.9094 41.8613 41.6969 41.6372 41.6204 41.0739
20.8764 22.0153 22.3411 22.4559 22.6074 22.6409 22.6330 22.5547 22.4076 22.2740 22.1670 22.1649 22.1583 21.3484 21.3213 21.1585 20.3384 20.0864 19.8809 19.7786 19.7623 33.7777 34.6632 35.8270 36.6934 37.3299 37.8798 38.3887 38.7978 38.9166 39.1214 40.0539 40.2507 40.5282 40.9109 41.0160 41.0857 41.2469 41.3138 41.3329 41.3368 41.3626 41.3851 41.3828 41.3924 41.3853 41.3330 41.1974 41.1262 40.5728
20.9339 22.0903 22.3282 22.5547 22.6428 22.5983 22.6302 22.5670 22.4833 22.3766 22.3971 22.4070 22.3377 21.8085 21.5415 20.4790 20.3013 20.2501 20.0544 20.1546 19.9973 21.4912 35.2513 36.1332 36.7831 37.3335 37.8251 38.2071 38.3918 38.6786 39.4093 39.7115 39.9877 40.3143 40.4529 40.5389 40.6757 40.7492 40.7734 40.7737 40.8153 40.8355 40.8428 40.8492 40.8501 40.8559 40.8465 40.7894 40.6779 40.1175
20.8099 22.0632 22.3387 22.5358 22.5744 22.6228 22.5711 22.6381 22.5332 22.5957 22.6117 22.6058 22.2203 21.9483 20.5540 20.5243 20.4866 20.5033 20.4487 20.2544 20.0267 33.0362 35.5689 36.2326 36.7841 37.2615 37.6312 37.8664 38.1972 38.8058 39.1577 39.4396 39.7295 39.8845 39.9834 40.1051 40.1783 40.2057 40.1997 40.2544 40.2779 40.2873 40.2980 40.3003 40.3052 40.3075 40.3109 40.2989 40.2407 39.6637
19.6339 20.6048 22.2799 22.4158 22.5114 22.5101 22.5795 22.5760 22.7124 22.7369 22.7559 22.6129 22.3151 20.9340 20.8313 20.7747 20.7584 20.7190 20.5045 20.2762 20.0206 34.6404 35.5255 36.2305 36.6993 37.0654 37.3384 37.6928 38.2251 38.5976 38.8855 39.1522 39.3156 39.4234 39.5333 39.6045 39.6321 39.6143 39.6864 39.7140 39.7249 39.7351 39.7412 39.7455 39.7486 39.7528 39.7556 39.7572 39.7406 39.1550
19.5849 20.6588 20.6893 21.2332 22.3200 22.3922 22.4071 22.6824 22.8129 22.7243 22.8940 22.5552 21.5008 21.2432 21.0823 21.0454 20.9941 20.7497 20.5234 20.2769 20.0347 19.6127 35.5043 36.1369 36.5061 36.8073 37.1743 37.6572 38.0353 38.3274 38.5792 38.7467 38.8605 38.9627 39.0305 39.0556 39.0378 39.1146 39.1400 39.1207 39.1690 39.1762 39.1830 39.1864 39.1903 39.1937 39.1976 39.2005 39.1979 38.6079
19.5637 20.6345 20.9492 20.9723 21.4139 21.4503 22.5042 22.4764 22.9143 22.7803 22.4561 22.0960 21.7614 21.4619 21.3657 21.2625 20.9850 20.7704 20.5196 20.2826 20.0353 19.7862 35.4039 35.9487 36.2718 36.6467 37.0964 37.4726 37.7666 38.0088 38.1780 38.2955 38.3925 38.4570 38.4817 38.4749 38.4888 38.5629 38.5414 38.5692 38.6108 38.6171 38.6210 38.6249 38.6284 38.6322 38.6358 38.6395 38.6419 38.0508
19.6050 20.6806 20.9469 21.2327 21.4433 21.6530 21.9603 22.2900 22.4472 22.5706 22.5405 22.1092 21.8104 21.6641 21.5087 21.2015 21.0173 20.7594 20.5285 20.2807 20.0326 19.7804 35.1991 35.5826 36.1162 36.5432 36.9151 37.2058 37.4400 37.6095 37.7291 37.8224 37.8841 37.9097 37.9112 37.9289 37.9795 37.9631 37.9915 38.0381 38.0485 38.0527 38.0565 38.0601 38.0639 38.0675 38.0712 38.0748 38.0784 37.4845
19.6727 20.6971 20.9845 21.2315 21.4906 21.6757 21.8428 22.0932 22.3003 22.2319 22.2802 22.0122 21.8428 21.6981 21.3855 21.2624 20.9930 20.7747 20.5238 20.2819 20.0074 19.7678 19.5125 35.4005 35.8510 36.3754 36.6637 36.8818 37.0429 37.1620 37.2525 37.3120 37.3388 37.3462 37.3644 37.3988 37.3804 37.4089 37.4654 37.4794 37.4843 37.4881 37.4918 37.4955 37.4992 37.5029 37.5065 37.5103 37.5139 36.9200
20.2435 21.3768 21.5115 21.2539 21.5258 21.7390 21.8989 22.0005 22.1674 22.2135 21.9949 22.0793 21.7807 21.5093 21.4545 21.1912 21.0124 20.7635 20.5331 20.2451 20.0187 19.7394 19.5536 19.3895 35.6861 36.0097 36.3575 36.4971 36.6041 36.6843 36.7402 36.7671 36.7716 36.7488 36.7798 36.7958 36.8271 36.8921 36.9099 36.9158 36.9197 36.9234 36.9271 36.9308 36.9345 36.9382 36.9419 36.9456 36.9493 36.3554
20.3663 21.4626 21.6204 21.7990 21.9398 21.7682 21.9696 22.0686 22.1122 22.1579 22.1248 21.8313 21.5957 21.5437 21.3263 21.1977 20.9653 20.5244 20.4752 20.2763 19.9610 19.7802 19.5882 19.4706 19.4106 35.7468 35.8862 36.1070 36.1371 36.1734 36.1950 36.1972 36.1735 36.2005 36.1944 36.2643 36.3173 36.3401 36.3472 36.3513 36.3551 36.3588 36.3625 36.3662 36.3698 36.3735 36.3772 36.3809 36.3846 35.7908
20.4413 21.4971 21.7112 21.8567 22.0509 22.2124 22.0076 22.2034 22.2290 22.2253 21.9336 21.7398 21.6193 21.4118 21.2923 21.1012 20.9429 20.2140 20.1851 20.1783 20.0109 19.7565 19.6022 19.4998 19.4669 19.4250 35.5147 35.6413 35.6241 35.6277 35.6232 35.5991 35.6260 35.6188 35.6348 35.6420 35.7698 35.7785 35.7829 35.7867 35.7904 35.7941 35.7978 35.8015 35.8052 35.8089 35.8126 35.8163 35.8199 35.2260
20.8488 21.9688 21.9903 22.0028 22.0775 22.3057 22.4916 22.2476 22.4427 22.0691 21.9306 21.7300 21.5319 21.3796 21.1891 21.0418 20.8619 20.6336 19.9024 19.8856 19.8873 19.7610 19.5887 19.5077 19.4638 19.4268 35.0330 34.9927 35.0782 35.0602 35.0652 35.0520 35.0445 35.0602 35.0605 35.1856 35.2096 35.2145 35.2183 35.2220 35.2257 35.2294 35.2331 35.2368 35.2405 35.2442 35.2479 35.2516 35.2553 34.6564
21.1159 22.2302 22.1793 22.2185 22.2183 22.2928 22.5666 22.7780 22.2267 22.1608 21.8783 21.7012 21.5012 21.3041 21.1360 20.9534 20.6172 19.8219 20.1654 19.6095 19.5997 19.6160 19.5590 19.4569 19.4106 19.3662 21.0216 34.3946 34.3663 34.4993 34.5002 34.5023 34.4930 34.4877 34.4972 34.6387 34.6460 34.6499 34.6537 34.6574 34.6611 34.6648 34.6685 34.6721 34.6758 34.6795 34.6832 34.6869 34.6906 33.9468
21.4078 22.6011 22.4234 22.3903 22.4508 22.9694 23.0043 23.2342 23.6492 22.3222 21.9622 21.6741 21.4689 20.8959 20.8552 20.8473 20.5722 20.3031 19.4835 19.7428 19.3369 19.3328 19.3523 19.3505 19.1835 19.2386 19.3665 19.0982 33.7595 33.8141 33.8914 33.9296 33.9381 33.9489 34.0527 34.0772 34.0815 34.0853 34.0890 34.0927 34.0964 34.1001 34.1038 34.1075 34.1054 34.0820 34.1115 33.5320 33.0094 32.4808
21.1100 22.2545 22.9713 22.5730 23.2983 23.2080 23.4177 23.9885 23.7957 23.3229 24.0281 22.1650 21.5506 21.2159 20.5899 20.5594 20.5454 20.2726 19.9928 19.1716 19.3591 19.0769 19.0854 19.0969 19.0972 19.1032 19.0823 19.0605 18.7705 31.7764 33.2045 33.3166 33.3589 33.3749 33.5048 33.5131 33.5169 33.5206 33.5243 33.5280 33.5317 33.5354 33.5391 33.5341 33.5198 33.5319 33.5012 33.4753 32.9042 32.3814
20.5645 21.4773 22.6125 23.3696 23.3958 23.5644 24.3470 24.2015 24.6096 24.4407 24.1778 23.6313 23.6646 21.7556 21.0530 20.2971 20.2913 20.2498 19.9782 19.0329 18.8783 19.0071 18.8157 18.8144 18.8261 18.8287 18.7752 18.7524 18.7373 18.4406 32.5769 32.6357 32.7461 32.7891 32.9425 32.9485 32.9522 32.9559 32.9596 32.9633 32.9670 32.9707 32.9744 32.9771 32.9583 32.9419 32.9616 32.9422 32.8566 32.2741
21.6387 22.9372 23.4600 23.2396 23.6696 24.6623 25.0293 24.9697 24.7196 24.3943 24.1798 23.9712 23.7066 23.4475 21.8251 20.0566 20.0334 20.0198 19.9583 19.6547 18.7065 18.6370 18.6876 18.5686 18.5446 18.5476 18.4617 18.4438 18.4249 18.4112 18.1124 17.8196 32.0742 32.2095 32.3775 32.3823 32.3875 32.3912 32.3949 32.3986 32.4023 32.4059 32.4090 32.4132 32.4138 32.3993 32.3874 32.3960 32.3751 31.7798
21.0650 21.9670 23.3596 23.7772 25.0156 25.3573 25.2495 25.0214 24.7329 24.5071 24.2388 23.9633 23.7068 23.4477 23.1877 21.7012 20.1927 19.8531 19.7645 19.6697 19.3369 18.4422 18.3810 18.3886 18.3067 18.2731 18.1492 18.1294 18.1105 18.0962 18.0827 17.7821 17.2691 31.6086 31.6677 31.8165 31.8206 31.8244 31.8286 31.8335 31.8372 31.8397 31.8389 31.8155 31.8447 31.8498 31.2703 31.7086 31.8059 31.1838
22.1698 23.1360 23.8252 25.4206 25.6900 25.5230 25.2784 25.0223 24.7693 24.4963 24.2162 23.9650 23.7066 23.4496 23.1799 22.8939 21.5676 20.2334 19.7103 19.5282 19.3877 18.1164 18.0841 18.0971 18.0957 17.8713 17.7639 17.3335 17.7897 17.7888 17.7668 17.7525 15.8100 16.7819 31.0491 31.0714 31.0788 31.1042 31.2308 31.2667 31.2685 31.2656 31.2522 31.2699 31.2717 31.2399 31.2137 30.6343 31.0488 30.3913
23.3871 23.8219 25.9060 26.0207 25.7877 25.5318 25.2733 25.0260 24.7528 24.4656 24.2231 23.9637 23.7104 23.4430 23.1535 22.8767 22.5446 21.4053 20.2079 19.5805 19.3083 19.0119 18.8379 19.2001 19.2507 19.2393 18.3598 16.4529 17.8279 15.7968 15.7901 15.7845 15.7854 15.7810 15.7827 15.7777 15.7793 15.7740 30.5244 30.5279 30.5216 30.5102 30.5220 30.5433 30.6676 30.6394 30.6045 30.5777 29.9983 29.4735
26.1109 26.3688 26.3147 26.0407 25.7826 25.5214 25.2823 25.0099 24.7105 24.4819 24.2188 23.9699 23.7065 23.4098 23.1419 22.8363 22.3020 21.9467 21.6409 20.2242 19.6135 19.5578 19.5336 19.5385 19.5230 19.4708 19.1536 18.7384 16.1386 16.1131 16.0866 16.0843 16.0773 16.0806 16.0737 16.0777 16.0716 16.0572 15.9465 15.6994 15.4179 15.1584 14.8855 29.9026 29.8936 29.8836 30.0033 29.9685 29.9417 29.3347
26.0891 26.4481 26.2800 25.9459 25.7753 25.4879 25.2693 24.9485 24.7432 24.4711 24.2281 23.9699 23.6695 23.3630 23.1440 22.5268 22.1960 21.9014 21.5933 19.9577 19.8590 19.8976 19.8177 19.8030 19.7620 19.6106 19.3716 16.6248 16.4646 16.4264 16.4040 16.3741 16.3785 16.3679 16.3755 16.3655 16.3642 16.2599 15.9960 15.7032 15.4581 15.1719 14.9763 14.7580 14.4911 29.2438 29.2497 29.3584 29.2818 28.6758
24.8876 25.8989 26.1431 26.0131 25.7349 25.4624 25.1783 24.9949 24.7157 24.4859 24.2251 23.9755 23.3539 23.0303 22.7290 22.4468 22.1590 21.8732 21.4361 20.2642 20.2304 20.1028 20.1918 20.0674 19.8259 19.8751 18.1441 17.3334 16.8386 16.7411 16.7148 16.6943 16.6585 16.6737 16.6550 16.6682 16.5719 16.2882 15.9717 15.7486 15.4433 15.2742 15.0648 14.7975 14.5011 14.2249 28.6003 28.5844 28.7437 27.6721
23.5283 24.5552 25.4469 25.7665 25.7135 25.4274 25.1474 24.8547 24.5264 24.1304 23.8722 23.5500 23.2809 22.9804 22.7045 22.4154 22.1364 21.8227 20.5546 20.5412 20.5342 20.5053 20.3326 20.2543 20.2128 19.8575 18.7252 18.4513 17.4886 17.0574 17.0277 17.0017 16.9842 16.9388 16.9709 16.8882 16.5749 16.2211 16.0257 15.6737 15.5528 15.3571 15.0993 14.7964 14.5307 14.2394 13.9266 13.5914 24.9864 22.9394
23.6413 24.9447 24.5363 25.0805 25.4007 25.3984 25.1081 24.7938 24.3515 24.1376 23.7907 23.5409 23.2293 22.9627 22.6691 22.3974 22.0975 21.6790 20.8151 20.8242 20.8052 20.5839 20.5362 20.5189 20.2612 19.0437 19.0482 19.0267 18.7751 17.5979 17.2920 17.3243 17.2844 17.2750 17.2119 16.8548 16.4407 16.3045 15.8489 15.7847 15.6050 15.3821 15.0721 14.8318 14.5446 14.2368 13.8928 13.5918 13.2339 12.9108
23.1410 24.3604 24.5678 24.3996 24.7624 25.0506 25.0750 24.5515 24.4167 24.0206 23.8063 23.4725 23.2227 22.9195 22.6570 22.3658 21.9955 21.1977 20.9163 21.1167 20.8198 20.8139 20.8040 20.6993 19.3481 19.3451 19.3168 19.3316 19.3280 19.1263 17.6378 17.5622 17.6268 17.5596 17.0834 17.0110 16.6070 16.0488 15.9870 15.8077 15.6171 15.3148 15.1239 14.8435 14.5474 14.1874 13.9088 13.5449 13.1694 12.8572
22.7064 23.8814 24.1754 24.2582 24.2038 24.4660 24.7146 24.7226 24.2307 24.0830 23.7060 23.4871 23.1648 22.9168 22.6253 22.3132 21.5479 21.5364 21.4756 21.0936 21.0907 21.0864 20.9984 20.7045 19.6444 19.6214 19.6258 19.5854 19.6147 18.0483 17.8312 17.9524 17.8171 17.9407 17.3434 16.8939 16.2497 16.1937 15.9783 15.8136 15.4861 15.3794 15.1208 14.8202 14.4702 14.2285 13.8562 13.4625 13.1871 12.8729
22.5951 23.8207 23.6938 23.8742 23.9623 24.3721 24.2624 24.4044 24.3824 23.9223 23.7613 23.4016 23.1805 22.8722 22.6335 21.9035 21.8779 21.7947 21.3769 21.3301 21.3660 21.2933 21.0348 19.9618 19.9338 19.9197 19.8918 19.9086 19.8477 18.2666 18.3709 18.0444 18.2948 17.9804 16.5831 16.2217 16.4467 16.1689 15.8925 15.6291 15.5629 15.2793 15.1018 14.7625 14.4143 14.1681 13.7462 13.5020 13.1909 12.8761
22.2716 23.4524 23.5599 23.4768 23.5905 23.7193 24.0914 24.0287 24.1067 24.0548 23.6233 23.4523 23.1115 22.8961 22.6120 22.3902 22.1140 21.6592 21.6209 21.6508 21.5781 21.3936 21.0542 20.2535 20.2353 20.2038 20.1953 20.1581 19.8844 18.8065 18.4791 18.7287 18.0288 17.9565 17.5727 16.1131 16.1106 16.1110 15.8317 15.5441 15.2927 14.9414 14.6419 14.7116 14.3608 14.0157 13.8224 13.5000 13.1892 12.8754
22.0648 23.2551 23.2388 23.3337 23.4793 23.7220 23.5503 23.8107 23.7782 23.8167 23.7402 23.3369 23.1641 22.8535 22.6516 22.3960 21.9588 21.8956 21.9314 21.8697 21.6322 21.6285 21.4779 20.5673 20.5193 20.5095 20.4707 20.1984 19.8971 18.9160 19.1617 18.4566 18.3465 17.8417 17.6424 15.8067 15.7890 15.7768 15.7741 15.5521 15.1867 14.9282 14.5527 14.2822 14.3184 13.9713 13.7186 13.4967 13.1959 12.8783
21.8094 22.9770 23.0772 23.2204 23.3954 23.3355 23.4984 23.5135 23.5363 23.5216 23.5352 23.4433 23.0780 22.9144 22.6326 22.4779 22.2570 22.2124 22.1379 22.0528 21.9221 21.7541 21.5505 20.8633 20.8387 20.7814 20.5100 20.2109 19.4103 19.5911 18.8913 18.7810 18.2681 18.0265 17.6109 15.4896 15.4703 15.4499 15.4574 15.4322 15.2352 14.8216 14.5853 14.2743 13.9555 13.9368 13.6694 13.4158 13.1771 12.8507
21.6381 22.8059 22.9522 23.0907 23.0911 23.2041 23.2396 23.2606 23.2619 23.2774 23.2765 23.2767 23.1787 22.8487 22.7242 22.5540 22.4720 22.3968 22.3217 22.1921 22.0263 21.8216 21.5954 21.3476 21.0878 20.8148 20.5217 20.2414 20.0051 19.3222 19.2131 18.7040 18.4621 18.0359 17.7341 17.1492 15.1288 15.1400 15.1280 15.0834 15.0787 14.8968 14.5754 14.2593 13.9331 13.6104 13.5706 13.3523 13.1068 12.7285
21.4941 22.6667 22.7969 22.8297 22.9168 22.9631 22.9931 23.0094 23.0354 23.0499 23.0226 22.8440 23.0160 22.9492 22.7566 22.6904 22.6327 22.5789 22.4566 22.2949 22.0904 21.8661 21.6179 21.3581 21.0931 20.8257 20.5480 20.2854 20.0148 19.6907 19.1469 18.8987 18.4737 18.1706 17.7832 15.3349 16.2797 14.8051 14.7743 14.7876 14.7273 14.7224 14.5621 14.2356 13.9166 13.5887 13.2642 13.2128 12.6438 12.3193
21.3063 22.4934 22.5559 22.6318 22.6825 22.7204 22.7556 22.7968 22.8470 22.8403 22.7404 22.8585 22.8428 22.8912 22.8559 22.7963 22.7860 22.7007 22.5509 22.3527 22.1348 21.8868 21.6270 21.3627 21.0965 20.8287 20.5600 20.2897 20.0173 19.7394 19.4689 18.6530 18.5538 17.9033 17.8223 15.8412 15.8809 15.7725 14.4421 14.4051 14.4370 14.4025 14.3735 14.2221 13.8931 13.5720 13.2422 12.9150 12.5802 12.2611
20.9088 22.0283 22.3361 22.3397 22.4353 22.4431 22.5572 22.6224 22.6702 22.6656 22.7556 22.7854 22.8573 22.8720 22.9036 22.8669 22.8786 22.7558 22.5930 22.3962 22.1514 21.8939 21.6310 21.3660 21.0996 20.8320 20.5630 20.2926 20.0155 19.7472 19.4700 19.1355 18.3012 18.1806 17.5153 17.2844 15.8994 14.2962 14.0937 14.0899 14.0780 14.0928 14.0693 14.0276 13.8791 13.5483 13.2248 12.8899 12.5574 12.2375
20.8331 21.9977 22.0344 22.1434 22.1815 22.2858 22.3723 22.4136 22.5385 22.6169 22.7149 22.8039 22.8511 22.9160 22.9196 22.9227 22.8820 22.7975 22.6258 22.4028 22.1548 21.8969 21.6341 21.3690 21.1027 20.8349 20.5658 20.2958 20.0244 19.7477 19.4755 19.1917 17.8886 17.8357 17.7843 17.2973 16.8802 15.6731 13.7790 13.7398 13.7463 13.7339 13.7484 13.7309 13.6822 13.5340 13.1976 12.8687 12.5294 12.2096
20.6092 21.7493 21.8507 21.9087 22.0036 22.0880 22.1041 22.1107 22.3717 22.5894 22.7216 22.7851 22.8827 22.9336 22.9377 22.9103 22.8842 22.7983 22.6282 22.4056 22.1577 21.9000 21.6371 21.3711 21.1056 20.8376 20.5691 20.2989 20.0276 19.7545 19.4779 19.2023 18.8042 17.4832 17.4393 17.4065 17.0231 16.5224 13.4443 13.4299 13.3935 13.3984 13.3781 13.3245 13.2274 13.3014 13.1792 12.8388 12.5045 12.1824
20.4113 21.5488 21.6276 21.7144 21.7866 21.7845 21.7580 22.0661 22.3220 22.5513 22.6608 22.7467 22.8179 22.8264 22.8310 22.8344 22.7803 22.7029 22.5828 22.3850 22.1503 21.8988 21.6389 21.3748 21.1081 20.8410 20.5720 20.3021 20.0307 19.7581 19.4835 19.2063 18.9155 18.4348 17.1023 17.0612 17.0387 16.7071 15.9613 13.0948 13.0756 13.0247 12.9719 12.9017 12.9299 12.8642 12.9258 12.8180 12.4630 12.1403
20.2066 21.3307 21.4222 21.4858 21.4979 21.5241 21.7856 22.0153 22.3081 22.4358 22.5423 22.6008 22.6194 22.6562 22.6418 22.6164 22.5111 22.4642 22.4428 22.3136 22.1179 21.8853 21.6354 21.3757 21.1111 20.8437 20.5752 20.3051 20.0339 19.7613 19.4873 19.2114 18.9318 18.6208 16.7630 16.7305 16.6920 16.6749 16.3629 15.4683 12.7161 12.6484 12.5653 12.5692 12.5304 12.5524 12.4788 12.4468 12.4284 12.0660
20.0592 21.1231 21.1854 21.2115 21.2689 21.4984 21.7408 22.0082 22.1469 22.1652 22.3426 22.3655 22.3940 22.3908 22.3560 22.2852 22.2211 22.2343 22.1947 22.1521 22.0294 21.8429 21.6164 21.1119 21.0553 20.8340 20.5754 20.3077 19.7667 19.7063 19.4780 19.2125 18.9373 18.6540 18.1733 16.3931 16.4005 16.3741 16.3217 15.9986 15.0138 12.2532 12.2163 12.1868 12.1874 12.1337 12.1051 12.1237 12.1040 11.7445
20.4798 20.7684 20.8613 20.8967 20.9635 21.1769 21.4198 21.6763 21.8236 21.8695 22.0268 22.0622 22.0913 22.0912 22.0552 21.9972 21.9297 21.9287 21.8865 21.8320 21.7093 21.5231 21.2800 20.8386 20.7233 20.5104 20.2532 19.9659 19.4898 19.3669 19.1470 18.8843 18.6065 18.2985 17.7400 16.2378 16.0671 16.0219 15.9427 15.5813 14.5344 12.1798 11.8751 11.8192 11.8095 11.7630 11.7358 11.7458 11.7258 11.7090
