#Mean Error.
0.00    0.00    0.00    0.00    0.00    0.00    0.00    0.00   
0.00    0.04    0.00    0.00    0.00    0.00    0.00    0.00   
0.00    0.04    0.09    0.00    0.00    0.00    0.00    0.00   
0.00    0.04    0.09    0.04    0.00    0.00    0.00    0.00   
0.00    0.04    0.09    0.04    0.09    0.00    0.00    0.00   
0.00    0.04    0.09    0.04    0.09    0.04    0.00    0.00   
0.00    0.04    0.09    0.04    0.09    0.04    0.09    0.00   
0.00    0.04    0.09    0.04    0.09    0.04    0.09    0.09   
0.09    0.04    0.09    0.04    0.09    0.04    0.09    0.09   
0.09    0.04    0.09    0.04    0.09    0.04    0.09    0.09   
0.09    0.04    0.08    0.04    0.09    0.04    0.09    0.09   
0.09    0.04    0.08    0.03    0.09    0.04    0.09    0.09   
0.09    0.04    0.08    0.03    0.08    0.04    0.09    0.09   
0.09    0.04    0.08    0.03    0.08    0.02    0.09    0.09   
0.09    0.04    0.08    0.03    0.08    0.02    0.08    0.09   
0.09    0.04    0.08    0.03    0.08    0.02    0.08    0.08   
0.08    0.04    0.08    0.03    0.08    0.02    0.08    0.08   
0.08    0.04    0.08    0.03    0.08    0.02    0.08    0.08   
0.08    0.04    0.08    0.03    0.08    0.02    0.08    0.08   
0.08    0.04    0.08    0.03    0.08    0.02    0.08    0.08   
0.08    0.04    0.08    0.03    0.08    0.02    0.08    0.08   
0.08    0.04    0.08    0.03    0.08    0.02    0.08    0.08   
0.08    0.04    0.08    0.03    0.08    0.02    0.08    0.08   
0.08    0.04    0.08    0.03    0.08    0.02    0.08    0.08   
0.08    0.04    0.08    0.03    0.08    0.02    0.08    0.08   
0.08    0.04    0.08    0.03    0.08    0.02    0.08    0.08   
0.08    0.04    0.08    0.03    0.08    0.02    0.08    0.08   
0.08    0.04    0.08    0.03    0.08    0.02    0.08    0.08   
0.08    0.04    0.08    0.03    0.08    0.02    0.08    0.08   
0.08    0.04    0.08    0.03    0.08    0.02    0.08    0.08   
0.08    0.04    0.08    0.03    0.08    0.02    0.08    0.08   
0.08    0.04    0.08    0.03    0.08    0.02    0.08    0.08   
0.08    0.04    0.08    0.03    0.08    0.02    0.08    0.08   
0.08    0.04    0.08    0.03    0.08    0.02    0.08    0.08   
0.08    0.04    0.08    0.03    0.08    0.02    0.08    0.08   
0.08    0.04    0.08    0.03    0.08    0.02    0.08    0.08   
0.08    0.04    0.08    0.03    0.08    0.02    0.08    0.08   
0.08    0.04    0.08    0.03    0.08    0.02    0.08    0.08   
0.08    0.04    0.08    0.03    0.08    0.02    0.08    0.08   
0.08    0.04    0.08    0.03    0.08    0.02    0.08    0.08   
0.08    0.04    0.08    0.03    0.08    0.02    0.08    0.08   
0.08    0.04    0.08    0.03    0.08    0.02    0.08    0.08   
0.08    0.04    0.08    0.03    0.08    0.02    0.08    0.08   
0.08    0.04    0.08    0.03    0.08    0.02    0.08    0.08   
0.08    0.04    0.08    0.03    0.08    0.02    0.08    0.08   
0.08    0.04    0.08    0.03    0.08    0.02    0.08    0.08   
0.08    0.04    0.08    0.03    0.08    0.02    0.08    0.08   
0.08    0.04    0.08    0.03    0.08    0.02    0.08    0.08   
0.08    0.04    0.08    0.03    0.08    0.02    0.08    0.08   
0.08    0.04    0.08    0.03    0.08    0.02    0.08    0.08   
0.08    0.04    0.08    0.03    0.08    0.02    0.08    0.08   
0.08    0.04    0.08    0.03    0.08    0.02    0.08    0.08   
0.08    0.04    0.08    0.03    0.08    0.02    0.08    0.08   
0.08    0.04    0.08    0.03    0.08    0.02    0.08    0.08   
0.08    0.04    0.08    0.03    0.08    0.02    0.08    0.08   
0.08    0.04    0.08    0.03    0.08    0.02    0.08    0.08   
0.08    0.04    0.08    0.03    0.08    0.02    0.08    0.08   
0.08    0.03    0.08    0.03    0.08    0.02    0.08    0.08   
0.08    0.03    0.08    0.03    0.08    0.02    0.08    0.08   
0.08    0.03    0.08    0.02    0.08    0.02    0.08    0.08   
0.08    0.03    0.08    0.02    0.08    0.02    0.08    0.08   
0.08    0.03    0.08    0.02    0.08    0.02    0.08    0.08   
0.08    0.03    0.08    0.02    0.08    0.02    0.08    0.08   
0.08    0.03    0.08    0.02    0.08    0.02    0.08    0.08   
0.08    0.03    0.08    0.02    0.08    0.02    0.08    0.08   
0.08    0.03    0.08    0.02    0.08    0.02    0.08    0.08   
0.08    0.03    0.08    0.02    0.08    0.02    0.08    0.08   
0.08    0.03    0.08    0.02    0.08    0.02    0.08    0.08   
0.08    0.03    0.08    0.02    0.08    0.02    0.08    0.08   
0.08    0.03    0.08    0.02    0.08    0.02    0.08    0.08   
0.08    0.03    0.08    0.02    0.08    0.02    0.08    0.08   
0.08    0.03    0.08    0.02    0.08    0.02    0.08    0.08   
0.08    0.03    0.08    0.02    0.08    0.02    0.08    0.08   
0.08    0.03    0.08    0.02    0.08    0.02    0.08    0.08   
0.08    0.03    0.08    0.02    0.08    0.02    0.08    0.08   
0.08    0.03    0.08    0.02    0.08    0.02    0.08    0.08   
0.08    0.03    0.08    0.02    0.08    0.02    0.08    0.08   
0.08    0.03    0.08    0.02    0.08    0.02    0.08    0.08   
0.08    0.03    0.08    0.02    0.08    0.02    0.08    0.08   
0.08    0.03    0.08    0.02    0.08    0.02    0.08    0.08   
0.08    0.03    0.08    0.02    0.08    0.02    0.08    0.08   
0.08    0.03    0.08    0.02    0.08    0.02    0.08    0.08   
0.08    0.03    0.08    0.02    0.08    0.02    0.08    0.08   
0.08    0.03    0.08    0.01    0.08    0.02    0.08    0.08   
0.08    0.03    0.08    0.01    0.08    0.02    0.08    0.08   
0.08    0.03    0.08    0.01    0.08    0.02    0.08    0.08   
0.08    0.03    0.08    0.01    0.08    0.02    0.08    0.08   
0.08    0.03    0.08    0.01    0.08    0.02    0.08    0.08   
0.08    0.03    0.08    0.01    0.08    0.02    0.08    0.08   
0.08    0.03    0.08    0.01    0.08    0.02    0.08    0.08   
0.08    0.03    0.08    0.01    0.08    0.02    0.08    0.08   
0.08    0.03    0.08    0.01    0.08    0.02    0.08    0.08   
0.08    0.03    0.08    0.01    0.08    0.02    0.08    0.08   
0.08    0.03    0.08    0.01    0.08    0.01    0.08    0.08   
0.08    0.03    0.08    0.01    0.08    0.01    0.08    0.08   
0.08    0.03    0.08    0.01    0.08    0.01    0.08    0.08   
0.08    0.03    0.08    0.01    0.08    0.01    0.08    0.08   
0.08    0.03    0.08    0.01    0.08    0.01    0.08    0.08   
0.08    0.03    0.08    0.01    0.08    0.01    0.08    0.08   
0.08    0.03    0.08    0.01    0.08    0.01    0.08    0.08   
0.08    0.03    0.08    0.01    0.08    0.01    0.08    0.08   
0.08    0.03    0.08    0.01    0.08    0.01    0.08    0.08   
0.08    0.03    0.08    0.01    0.08    0.01    0.08    0.08   
0.08    0.03    0.08    0.01    0.08    0.01    0.08    0.08   
0.08    0.03    0.08    0.01    0.08    0.01    0.08    0.08   
0.08    0.03    0.08    0.01    0.08    0.01    0.08    0.08   
0.08    0.03    0.08    0.01    0.08    0.01    0.08    0.08   
0.08    0.03    0.08    0.01    0.08    0.01    0.08    0.08   
0.08    0.03    0.08    0.01    0.08    0.01    0.08    0.08   
0.08    0.03    0.08    0.01    0.08    0.01    0.08    0.08   
0.08    0.03    0.08    0.01    0.08    0.01    0.08    0.08   
0.08    0.03    0.08    0.01    0.08    0.01    0.08    0.08   
0.08    0.03    0.08    0.01    0.08    0.01    0.08    0.08   
0.08    0.03    0.08    0.01    0.08    0.01    0.08    0.08   
0.08    0.03    0.08    0.01    0.08    0.01    0.08    0.08   
0.08    0.03    0.08    0.01    0.08    0.01    0.08    0.08   
0.08    0.03    0.08    0.01    0.08    0.01    0.08    0.08   
0.08    0.03    0.08    0.01    0.08    0.01    0.08    0.08   
0.08    0.03    0.08    0.01    0.08    0.01    0.08    0.08   
0.08    0.03    0.08    0.01    0.08    0.01    0.08    0.08   
0.08    0.03    0.08    0.01    0.08    0.01    0.08    0.08   
0.08    0.03    0.08    0.01    0.08    0.01    0.08    0.08   
0.08    0.03    0.08    0.01    0.08    0.01    0.08    0.08   
0.08    0.03    0.08    0.01    0.08    0.01    0.08    0.08   
0.08    0.03    0.08    0.01    0.08    0.01    0.08    0.08   
0.08    0.03    0.08    0.01    0.08    0.01    0.08    0.08   
0.08    0.03    0.08    0.01    0.08    0.01    0.08    0.08   
0.08    0.03    0.08    0.01    0.08    0.01    0.08    0.08   
0.08    0.03    0.08    0.01    0.08    0.01    0.08    0.08   
0.08    0.03    0.08    0.01    0.08    0.01    0.08    0.08   
0.08    0.03    0.08    0.01    0.08    0.01    0.08    0.08   
0.08    0.03    0.08    0.01    0.08    0.01    0.08    0.08   
0.08    0.03    0.08    0.01    0.08    0.01    0.08    0.08   
0.08    0.03    0.08    0.01    0.08    0.01    0.08    0.08   
0.08    0.03    0.08    0.01    0.08    0.01    0.08    0.08   
0.08    0.03    0.08    0.01    0.08    0.01    0.08    0.08   
0.08    0.03    0.08    0.01    0.08    0.01    0.08    0.08   
0.08    0.03    0.08    0.01    0.08    0.01    0.08    0.08   
0.08    0.03    0.08    0.01    0.08    0.01    0.08    0.08   
0.08    0.03    0.08    0.01    0.08    0.01    0.08    0.08   
0.08    0.03    0.08    0.01    0.08    0.01    0.08    0.08   
0.08    0.03    0.08    0.01    0.08    0.01    0.08    0.08   
0.08    0.03    0.08    0.01    0.08    0.01    0.08    0.08   
0.08    0.03    0.08    0.01    0.08    0.01    0.08    0.08   
0.08    0.03    0.08    0.01    0.08    0.01    0.08    0.08   
0.08    0.03    0.08    0.01    0.08    0.01    0.08    0.08   
0.08    0.03    0.08    0.01    0.08    0.01    0.08    0.08   
0.08    0.03    0.08    0.01    0.08    0.01    0.08    0.08   
0.08    0.03    0.08    0.01    0.08    0.01    0.08    0.08   
0.08    0.03    0.08    0.01    0.08    0.01    0.08    0.08   
0.08    0.03    0.08    0.01    0.08    0.01    0.08    0.08   
0.08    0.03    0.08    0.01    0.08    0.01    0.08    0.08   
0.08    0.03    0.08    0.01    0.08    0.01    0.08    0.08   
0.08    0.03    0.08    0.01    0.08    0.01    0.08    0.08   
0.08    0.03    0.08    0.01    0.08    0.01    0.08    0.08   
0.08    0.03    0.08    0.01    0.08    0.01    0.08    0.08   
0.08    0.03    0.08    0.01    0.08    0.01    0.08    0.08   
0.08    0.03    0.08    0.01    0.08    0.01    0.08    0.08   
0.08    0.03    0.08    0.01    0.08    0.01    0.08    0.08   
0.08    0.03    0.08    0.01    0.08    0.01    0.08    0.08   
0.08    0.03    0.08    0.01    0.08    0.01    0.08    0.08   
0.08    0.03    0.08    0.01    0.08    0.01    0.08    0.08   
0.08    0.03    0.08    0.01    0.08    0.01    0.08    0.08   
0.08    0.03    0.08    0.01    0.08    0.01    0.08    0.08   
0.08    0.03    0.08    0.01    0.08    0.01    0.08    0.08   
0.08    0.03    0.08    0.01    0.08    0.01    0.08    0.08   
0.08    0.03    0.08    0.01    0.08    0.01    0.08    0.08   
0.08    0.03    0.08    0.01    0.08    0.01    0.08    0.08   
0.08    0.03    0.08    0.01    0.08    0.01    0.08    0.08   
0.08    0.03    0.08    0.01    0.08    0.01    0.08    0.08   
0.08    0.03    0.08    0.01    0.08    0.01    0.08    0.08   
0.08    0.03    0.08    0.01    0.08    0.01    0.08    0.08   
0.08    0.03    0.08    0.01    0.08    0.01    0.08    0.08   
0.08    0.03    0.08    0.01    0.08    0.01    0.08    0.08   
0.08    0.03    0.08    0.01    0.08    0.01    0.08    0.08   
0.08    0.03    0.08    0.01    0.08    0.01    0.08    0.08   
0.08    0.03    0.08    0.01    0.08    0.01    0.08    0.08   
0.08    0.03    0.08    0.01    0.08    0.01    0.08    0.08   
0.08    0.03    0.08    0.01    0.08    0.01    0.08    0.08   
0.08    0.03    0.08    0.01    0.08    0.01    0.08    0.08   
0.08    0.03    0.08    0.01    0.08    0.01    0.08    0.08   
0.08    0.03    0.08    0.01    0.08    0.01    0.08    0.08   
0.08    0.03    0.08    0.01    0.08    0.01    0.08    0.08   
0.08    0.03    0.08    0.01    0.08    0.01    0.08    0.08   
0.08    0.03    0.08    0.01    0.08    0.01    0.08    0.08   
0.08    0.03    0.08    0.01    0.08    0.01    0.08    0.08   
0.08    0.03    0.08    0.01    0.08    0.01    0.08    0.08   
0.08    0.03    0.08    0.01    0.08    0.01    0.08    0.08   
0.08    0.03    0.08    0.01    0.08    0.01    0.08    0.08   
0.08    0.03    0.08    0.01    0.08    0.01    0.08    0.08   
0.08    0.03    0.08    0.01    0.08    0.01    0.08    0.08   
0.08    0.03    0.08    0.01    0.08    0.01    0.08    0.08   
0.08    0.03    0.08    0.01    0.08    0.01    0.08    0.08   
0.08    0.03    0.08    0.01    0.08    0.01    0.08    0.08   
0.08    0.03    0.08    0.01    0.08    0.01    0.08    0.08   
0.08    0.03    0.08    0.01    0.08    0.01    0.08    0.08   
0.08    0.03    0.08    0.01    0.08    0.01    0.08    0.08   
0.08    0.03    0.08    0.01    0.08    0.01    0.08    0.08   
0.08    0.03    0.08    0.01    0.08    0.01    0.08    0.08   
0.08    0.03    0.08    0.01    0.08    0.01    0.08    0.08   
0.08    0.03    0.08    0.01    0.08    0.01    0.08    0.08   
0.08    0.03    0.08    0.01    0.08    0.01    0.08    0.08   
0.08    0.03    0.08    0.01    0.08    0.01    0.08    0.08   
0.08    0.03    0.08    0.01    0.08    0.01    0.08    0.08   
0.08    0.03    0.08    0.01    0.08    0.01    0.08    0.08   
0.08    0.03    0.08    0.01    0.08    0.01    0.08    0.08   
0.08    0.03    0.08    0.01    0.08    0.01    0.08    0.08   
0.08    0.03    0.08    0.01    0.08    0.01    0.08    0.08   
0.08    0.03    0.08    0.01    0.08    0.01    0.08    0.08   
0.08    0.03    0.08    0.01    0.08    0.01    0.08    0.08   
0.08    0.03    0.08    0.01    0.08    0.01    0.08    0.08   
0.08    0.03    0.08    0.01    0.08    0.01    0.08    0.08   
0.08    0.03    0.08    0.01    0.08    0.01    0.08    0.08   
0.08    0.03    0.08    0.01    0.08    0.01    0.08    0.08   
0.08    0.03    0.08    0.01    0.08    0.01    0.08    0.08   
0.08    0.03    0.08    0.01    0.08    0.01    0.08    0.08   
0.08    0.03    0.08    0.01    0.08    0.01    0.08    0.08   
0.08    0.03    0.08    0.01    0.08    0.01    0.08    0.08   
0.08    0.03    0.08    0.01    0.08    0.01    0.08    0.08   
0.08    0.03    0.08    0.01    0.08    0.01    0.08    0.08   
0.08    0.03    0.08    0.01    0.08    0.01    0.08    0.08   
0.08    0.03    0.08    0.01    0.08    0.01    0.08    0.08   
0.08    0.03    0.08    0.01    0.08    0.01    0.08    0.08   
0.08    0.03    0.08    0.01    0.08    0.01    0.08    0.08   
0.08    0.03    0.08    0.01    0.08    0.01    0.08    0.08   
0.08    0.03    0.08    0.01    0.08    0.01    0.08    0.08   
0.08    0.03    0.08    0.01    0.08    0.01    0.08    0.08   
0.08    0.03    0.08    0.01    0.08    0.01    0.08    0.08   
0.08    0.03    0.08    0.01    0.08    0.01    0.08    0.08   
0.08    0.03    0.08    0.01    0.08    0.01    0.08    0.08   
0.08    0.03    0.08    0.01    0.08    0.01    0.08    0.08   
0.08    0.03    0.08    0.01    0.08    0.01    0.08    0.08   
0.08    0.03    0.08    0.01    0.08    0.01    0.08    0.08   
0.08    0.03    0.08    0.01    0.08    0.01    0.08    0.08   
0.08    0.03    0.08    0.01    0.08    0.01    0.08    0.08   
0.08    0.03    0.08    0.01    0.08    0.01    0.08    0.08   
0.08    0.03    0.08    0.01    0.08    0.01    0.08    0.08   
0.08    0.03    0.08    0.01    0.08    0.01    0.08    0.08   
0.08    0.03    0.08    0.01    0.08    0.01    0.08    0.08   
0.08    0.03    0.08    0.01    0.08    0.01    0.08    0.08   
0.08    0.03    0.08    0.01    0.08    0.01    0.08    0.08   
0.08    0.03    0.08    0.01    0.08    0.01    0.08    0.08   
0.08    0.03    0.08    0.01    0.08    0.01    0.08    0.08   
0.08    0.03    0.08    0.01    0.08    0.01    0.08    0.08   
0.08    0.03    0.08    0.01    0.08    0.01    0.08    0.08   
0.08    0.03    0.08    0.01    0.08    0.01    0.08    0.08   
0.08    0.03    0.08    0.01    0.08    0.01    0.08    0.08   
0.08    0.03    0.08    0.01    0.08    0.01    0.08    0.08   
0.08    0.03    0.08    0.01    0.08    0.01    0.08    0.08   
0.08    0.03    0.08    0.01    0.08    0.01    0.08    0.08   
0.08    0.03    0.08    0.01    0.08    0.01    0.08    0.08   
0.08    0.03    0.08    0.01    0.08    0.01    0.08    0.08   
0.08    0.03    0.08    0.01    0.08    0.01    0.08    0.08   
0.08    0.03    0.08    0.01    0.08    0.01    0.08    0.08   
0.08    0.03    0.08    0.01    0.08    0.01    0.08    0.08   
0.08    0.03    0.08    0.01    0.08    0.01    0.08    0.08   
0.08    0.03    0.08    0.01    0.08    0.01    0.08    0.08   
0.08    0.03    0.08    0.01    0.08    0.01    0.08    0.08   
0.08    0.03    0.08    0.01    0.08    0.01    0.08    0.08   
0.08    0.03    0.08    0.01    0.08    0.01    0.08    0.08   
0.08    0.03    0.08    0.01    0.08    0.01    0.08    0.08   
0.08    0.03    0.08    0.01    0.08    0.01    0.08    0.08   
0.08    0.03    0.08    0.01    0.08    0.01    0.08    0.08   
0.08    0.03    0.08    0.01    0.08    0.01    0.08    0.08   
0.08    0.03    0.08    0.01    0.08    0.01    0.08    0.08   
0.08    0.03    0.08    0.01    0.08    0.01    0.08    0.08   
0.08    0.03    0.08    0.01    0.08    0.01    0.08    0.08   
0.08    0.03    0.08    0.01    0.08    0.01    0.08    0.08   
0.08    0.03    0.08    0.01    0.08    0.01    0.08    0.08   
0.08    0.03    0.08    0.01    0.08    0.01    0.08    0.08   
0.08    0.03    0.08    0.01    0.08    0.01    0.08    0.08   
0.08    0.03    0.08    0.01    0.08    0.01    0.08    0.08   
0.08    0.03    0.08    0.01    0.08    0.01    0.08    0.08   
0.08    0.03    0.08    0.01    0.08    0.01    0.08    0.08   
0.08    0.03    0.08    0.01    0.08    0.01    0.08    0.08   
0.08    0.03    0.08    0.01    0.08    0.01    0.08    0.08   
0.08    0.03    0.08    0.01    0.08    0.01    0.08    0.08   
0.08    0.03    0.08    0.01    0.08    0.01    0.08    0.08   
0.08    0.03    0.08    0.01    0.08    0.01    0.08    0.08   
0.08    0.03    0.08    0.01    0.08    0.01    0.08    0.08   
0.08    0.03    0.08    0.01    0.08    0.01    0.08    0.08   
0.08    0.03    0.08    0.01    0.08    0.01    0.08    0.08   
0.08    0.03    0.08    0.01    0.08    0.01    0.08    0.08   
0.08    0.03    0.08    0.01    0.08    0.01    0.08    0.08   
0.08    0.03    0.08    0.01    0.08    0.01    0.08    0.08   
0.08    0.03    0.08    0.01    0.08    0.01    0.08    0.08   
0.08    0.03    0.08    0.01    0.08    0.01    0.08    0.08   
0.08    0.03    0.08    0.01    0.08    0.01    0.08    0.08   
0.08    0.03    0.08    0.01    0.08    0.01    0.08    0.08   
0.08    0.03    0.08    0.01    0.08    0.01    0.08    0.08   
0.08    0.03    0.08    0.01    0.08    0.01    0.08    0.08   
0.08    0.03    0.08    0.01    0.08    0.01    0.08    0.08   
0.08    0.03    0.08    0.01    0.08    0.01    0.08    0.08   
0.08    0.03    0.08    0.01    0.08    0.01    0.08    0.08   
0.08    0.03    0.08    0.01    0.08    0.01    0.08    0.08   
0.08    0.03    0.08    0.01    0.08    0.01    0.08    0.08   
0.08    0.03    0.08    0.01    0.08    0.01    0.08    0.08   
0.08    0.03    0.08    0.01    0.08    0.01    0.08    0.08   
0.08    0.03    0.08    0.01    0.08    0.01    0.08    0.08   
0.08    0.03    0.08    0.01    0.08    0.01    0.08    0.08   
0.08    0.03    0.08    0.01    0.08    0.01    0.08    0.08   
0.08    0.03    0.08    0.01    0.08    0.01    0.08    0.08   
0.08    0.03    0.08    0.01    0.08    0.01    0.08    0.08   
0.08    0.03    0.08    0.01    0.08    0.01    0.08    0.08   
0.08    0.03    0.08    0.01    0.08    0.01    0.08    0.08   
0.08    0.03    0.08    0.01    0.08    0.01    0.08    0.08   
0.08    0.03    0.08    0.01    0.08    0.01    0.08    0.08   
0.08    0.03    0.08    0.01    0.08    0.01    0.08    0.08   
0.08    0.03    0.08    0.01    0.08    0.01    0.08    0.08   
0.08    0.03    0.08    0.01    0.08    0.01    0.08    0.08   
0.08    0.03    0.08    0.01    0.08    0.01    0.08    0.08   
0.08    0.03    0.08    0.01    0.08    0.01    0.08    0.08   
0.08    0.03    0.08    0.01    0.08    0.01    0.08    0.08   
0.08    0.03    0.08    0.01    0.08    0.01    0.08    0.08   
0.08    0.03    0.08    0.01    0.08    0.01    0.08    0.08   
0.08    0.03    0.08    0.01    0.08    0.01    0.08    0.08   
0.08    0.03    0.08    0.01    0.08    0.01    0.08    0.08   
0.08    0.03    0.08    0.01    0.08    0.01    0.08    0.08   
0.08    0.03    0.08    0.01    0.08    0.01    0.08    0.08   
0.08    0.03    0.08    0.01    0.08    0.01    0.08    0.08   
0.08    0.03    0.08    0.01    0.08    0.01    0.08    0.08   
0.08    0.03    0.08    0.01    0.08    0.01    0.08    0.08   
0.08    0.03    0.08    0.01    0.08    0.01    0.08    0.08   
0.08    0.03    0.08    0.01    0.08    0.01    0.08    0.08   
0.08    0.03    0.08    0.01    0.08    0.01    0.08    0.08   
0.08    0.03    0.08    0.01    0.08    0.01    0.08    0.08   
0.08    0.03    0.08    0.01    0.08    0.01    0.08    0.08   
0.08    0.03    0.08    0.01    0.08    0.01    0.08    0.08   
0.08    0.03    0.08    0.01    0.08    0.01    0.08    0.08   
0.08    0.03    0.08    0.01    0.08    0.01    0.08    0.08   
0.08    0.03    0.08    0.01    0.08    0.01    0.08    0.08   
0.08    0.03    0.08    0.01    0.08    0.01    0.08    0.08   
0.08    0.03    0.08    0.01    0.08    0.01    0.08    0.08   
0.08    0.03    0.08    0.01    0.08    0.01    0.08    0.08   
0.08    0.03    0.08    0.01    0.08    0.01    0.08    0.08   
0.08    0.03    0.08    0.01    0.08    0.01    0.08    0.08   
0.08    0.03    0.08    0.01    0.08    0.01    0.08    0.08   
0.08    0.03    0.08    0.01    0.08    0.01    0.08    0.08   
0.08    0.03    0.08    0.01    0.08    0.01    0.08    0.08   
0.08    0.03    0.08    0.01    0.08    0.01    0.08    0.08   
0.08    0.03    0.08    0.01    0.08    0.01    0.08    0.08   
0.08    0.03    0.08    0.01    0.08    0.01    0.08    0.08   
0.08    0.03    0.08    0.01    0.08    0.01    0.08    0.08   
0.08    0.03    0.08    0.01    0.08    0.01    0.08    0.08   
0.08    0.03    0.08    0.01    0.08    0.01    0.08    0.08   
0.08    0.03    0.08    0.01    0.08    0.01    0.08    0.08   
0.08    0.03    0.08    0.01    0.08    0.01    0.08    0.08   
0.08    0.03    0.08    0.01    0.08    0.01    0.08    0.08   
0.08    0.03    0.08    0.01    0.08    0.01    0.08    0.08   
0.08    0.03    0.08    0.01    0.08    0.01    0.08    0.08   
0.08    0.03    0.08    0.01    0.08    0.01    0.08    0.08   
0.08    0.03    0.08    0.01    0.08    0.01    0.08    0.08   
0.08    0.03    0.08    0.01    0.08    0.01    0.08    0.08   
0.08    0.03    0.08    0.01    0.08    0.01    0.08    0.08   
0.08    0.03    0.08    0.01    0.08    0.01    0.08    0.08   
0.08    0.03    0.08    0.01    0.08    0.01    0.08    0.08   
0.08    0.03    0.08    0.01    0.08    0.01    0.08    0.08   
0.08    0.03    0.08    0.01    0.08    0.01    0.08    0.08   
0.08    0.03    0.08    0.01    0.08    0.01    0.08    0.08   
0.08    0.03    0.08    0.01    0.08    0.01    0.08    0.08   
0.08    0.03    0.08    0.01    0.08    0.01    0.08    0.08   
0.08    0.03    0.08    0.01    0.08    0.01    0.08    0.08   
0.08    0.03    0.08    0.01    0.08    0.01    0.08    0.08   
0.08    0.03    0.08    0.01    0.08    0.01    0.08    0.08   
0.08    0.03    0.08    0.01    0.08    0.01    0.08    0.08   
0.08    0.03    0.08    0.01    0.08    0.01    0.08    0.08   
0.08    0.03    0.08    0.01    0.08    0.01    0.08    0.08   
0.08    0.03    0.08    0.01    0.08    0.01    0.08    0.08   
0.08    0.03    0.08    0.01    0.08    0.01    0.08    0.08   
0.08    0.03    0.08    0.01    0.08    0.01    0.08    0.08   
0.08    0.03    0.08    0.01    0.08    0.01    0.08    0.08   
0.08    0.03    0.08    0.01    0.08    0.01    0.08    0.08   
0.08    0.03    0.08    0.01    0.08    0.01    0.08    0.08   
0.08    0.03    0.08    0.01    0.08    0.01    0.08    0.08   
0.08    0.03    0.08    0.01    0.08    0.01    0.08    0.08   
0.08    0.03    0.08    0.01    0.08    0.01    0.08    0.08   
0.08    0.03    0.08    0.01    0.08    0.01    0.08    0.08   
0.08    0.03    0.08    0.01    0.08    0.01    0.08    0.08   
0.08    0.03    0.08    0.01    0.08    0.01    0.08    0.08   
0.08    0.03    0.08    0.01    0.08    0.01    0.08    0.08   
0.08    0.03    0.08    0.01    0.08    0.01    0.08    0.08   
0.08    0.03    0.08    0.01    0.08    0.01    0.08    0.08   
0.08    0.03    0.08    0.01    0.08    0.01    0.08    0.08   
0.08    0.03    0.08    0.01    0.08    0.01    0.08    0.08   
0.08    0.03    0.08    0.01    0.08    0.01    0.08    0.08   
0.08    0.03    0.08    0.01    0.08    0.01    0.08    0.08   
0.08    0.03    0.08    0.01    0.08    0.01    0.08    0.08   
0.08    0.03    0.08    0.01    0.08    0.01    0.08    0.08   
0.08    0.03    0.08    0.01    0.08    0.01    0.08    0.08   
0.08    0.03    0.08    0.01    0.08    0.01    0.08    0.08   
0.08    0.03    0.08    0.01    0.08    0.01    0.08    0.08   
0.08    0.03    0.08    0.01    0.08    0.01    0.08    0.08   
0.08    0.03    0.08    0.01    0.08    0.01    0.08    0.08   
0.08    0.03    0.08    0.01    0.08    0.01    0.08    0.08   
0.08    0.03    0.08    0.01    0.08    0.01    0.08    0.08   
0.08    0.03    0.08    0.01    0.08    0.01    0.08    0.08   
0.08    0.03    0.08    0.01    0.08    0.01    0.08    0.08   
0.08    0.03    0.08    0.01    0.08    0.01    0.08    0.08   
0.08    0.03    0.08    0.01    0.08    0.01    0.08    0.08   
0.08    0.03    0.08    0.01    0.08    0.01    0.08    0.08   
0.08    0.03    0.08    0.01    0.08    0.01    0.08    0.08   
0.08    0.03    0.08    0.01    0.08    0.01    0.08    0.08   
0.08    0.03    0.08    0.01    0.08    0.01    0.08    0.08   
0.08    0.03    0.08    0.01    0.08    0.01    0.08    0.08   
0.08    0.03    0.08    0.01    0.08    0.01    0.08    0.08   
0.08    0.03    0.08    0.01    0.08    0.01    0.08    0.08   
0.08    0.03    0.08    0.01    0.08    0.01    0.08    0.08   
0.08    0.03    0.08    0.01    0.08    0.01    0.08    0.08   
0.08    0.03    0.08    0.01    0.08    0.01    0.08    0.08   
0.08    0.03    0.08    0.01    0.08    0.01    0.08    0.08   
0.08    0.03    0.08    0.01    0.08    0.01    0.08    0.08   
0.08    0.03    0.08    0.01    0.08    0.01    0.08    0.08   
0.08    0.03    0.08    0.01    0.08    0.01    0.08    0.08   
0.08    0.03    0.08    0.01    0.08    0.01    0.08    0.08   
0.08    0.03    0.08    0.01    0.08    0.01    0.08    0.08   
0.08    0.03    0.08    0.01    0.08    0.01    0.08    0.08   
0.08    0.03    0.08    0.01    0.08    0.01    0.08    0.08   
0.08    0.03    0.08    0.01    0.08    0.01    0.08    0.08   
0.08    0.03    0.08    0.01    0.08    0.01    0.08    0.08   
0.08    0.03    0.08    0.01    0.08    0.01    0.08    0.08   
0.08    0.03    0.08    0.01    0.08    0.01    0.08    0.08   
0.08    0.03    0.08    0.01    0.08    0.01    0.08    0.08   
0.08    0.03    0.08    0.01    0.08    0.01    0.08    0.08   
0.08    0.03    0.08    0.01    0.08    0.01    0.08    0.08   
0.08    0.03    0.08    0.01    0.08    0.01    0.08    0.08   
0.08    0.03    0.08    0.01    0.08    0.01    0.08    0.08   
0.08    0.03    0.08    0.01    0.08    0.01    0.08    0.08   
0.08    0.03    0.08    0.01    0.08    0.01    0.08    0.08   
0.08    0.03    0.08    0.01    0.08    0.01    0.08    0.08   
0.08    0.03    0.08    0.01    0.08    0.01    0.08    0.08   
0.08    0.03    0.08    0.01    0.08    0.01    0.08    0.08   
0.08    0.03    0.08    0.01    0.08    0.01    0.08    0.08   
0.08    0.03    0.08    0.01    0.08    0.01    0.08    0.08   
0.08    0.03    0.08    0.01    0.08    0.01    0.08    0.08   
0.08    0.03    0.08    0.01    0.08    0.01    0.08    0.08   
0.08    0.03    0.08    0.01    0.08    0.01    0.08    0.08   
0.08    0.03    0.08    0.01    0.08    0.01    0.08    0.08   
0.08    0.03    0.08    0.01    0.08    0.01    0.08    0.08   
0.08    0.03    0.08    0.01    0.08    0.01    0.08    0.08   
0.08    0.03    0.08    0.01    0.08    0.01    0.08    0.08   
0.08    0.03    0.08    0.01    0.08    0.01    0.08    0.08   
0.08    0.03    0.08    0.01    0.08    0.01    0.08    0.08   
0.08    0.03    0.08    0.01    0.08    0.01    0.08    0.08   
0.08    0.03    0.08    0.01    0.08    0.01    0.08    0.08   
0.08    0.03    0.08    0.01    0.08    0.01    0.08    0.08   
0.08    0.03    0.08    0.01    0.08    0.01    0.08    0.08   
0.08    0.03    0.08    0.01    0.08    0.01    0.08    0.08   
0.08    0.03    0.08    0.01    0.08    0.01    0.08    0.08   
0.08    0.03    0.08    0.01    0.08    0.01    0.08    0.08   
0.08    0.03    0.08    0.01    0.08    0.01    0.08    0.08   
0.08    0.03    0.08    0.01    0.08    0.01    0.08    0.08   
0.08    0.03    0.08    0.01    0.08    0.01    0.08    0.08   
0.08    0.03    0.08    0.01    0.08    0.01    0.08    0.08   
0.08    0.03    0.08    0.01    0.08    0.01    0.08    0.08   
0.08    0.03    0.08    0.01    0.08    0.01    0.08    0.08   
0.08    0.03    0.08    0.01    0.08    0.01    0.08    0.08   
0.08    0.03    0.08    0.01    0.08    0.01    0.08    0.08   
0.08    0.03    0.08    0.01    0.08    0.01    0.08    0.08   
0.08    0.03    0.08    0.01    0.08    0.01    0.08    0.08   
0.08    0.03    0.08    0.01    0.08    0.01    0.08    0.08   
0.08    0.03    0.08    0.01    0.08    0.01    0.08    0.08   
0.08    0.03    0.08    0.01    0.08    0.01    0.08    0.08   
0.08    0.03    0.08    0.01    0.08    0.01    0.08    0.08   
0.08    0.03    0.08    0.01    0.08    0.01    0.08    0.08   
0.08    0.03    0.08    0.01    0.08    0.01    0.08    0.08   
0.08    0.03    0.08    0.01    0.08    0.01    0.08    0.08   
0.08    0.03    0.08    0.01    0.08    0.01    0.08    0.08   
0.08    0.03    0.08    0.01    0.08    0.01    0.08    0.08   
0.08    0.03    0.08    0.01    0.08    0.01    0.08    0.08   
0.08    0.03    0.08    0.01    0.08    0.01    0.08    0.08   
0.08    0.03    0.08    0.01    0.08    0.01    0.08    0.08   
0.08    0.03    0.08    0.01    0.08    0.01    0.08    0.08   
0.08    0.03    0.08    0.01    0.08    0.01    0.08    0.08   
0.08    0.03    0.08    0.01    0.08    0.01    0.08    0.08   
0.08    0.03    0.08    0.01    0.08    0.01    0.08    0.08   
0.08    0.03    0.08    0.01    0.08    0.01    0.08    0.08   
0.08    0.03    0.08    0.01    0.08    0.01    0.08    0.08   
0.08    0.03    0.08    0.01    0.08    0.01    0.08    0.08   
0.08    0.03    0.08    0.01    0.08    0.01    0.08    0.08   
0.08    0.03    0.08    0.01    0.08    0.01    0.08    0.08   
0.08    0.03    0.08    0.01    0.08    0.01    0.08    0.08   
0.08    0.03    0.08    0.01    0.08    0.01    0.08    0.08   
0.08    0.03    0.08    0.01    0.08    0.01    0.08    0.08   
0.08    0.03    0.08    0.01    0.08    0.01    0.08    0.08   
0.08    0.03    0.08    0.01    0.08    0.01    0.08    0.08   
0.08    0.03    0.08    0.01    0.08    0.01    0.08    0.08   
0.08    0.03    0.08    0.01    0.08    0.01    0.08    0.08   
0.08    0.03    0.08    0.01    0.08    0.01    0.08    0.08   
0.08    0.03    0.08    0.01    0.08    0.01    0.08    0.08   
0.08    0.03    0.08    0.01    0.08    0.01    0.08    0.08   
0.08    0.03    0.08    0.01    0.08    0.01    0.08    0.08   
0.08    0.03    0.08    0.01    0.08    0.01    0.08    0.08   
0.08    0.03    0.08    0.01    0.08    0.01    0.08    0.08   
0.08    0.03    0.08    0.01    0.08    0.01    0.08    0.08   
0.08    0.03    0.08    0.01    0.08    0.01    0.08    0.08   
0.08    0.03    0.08    0.01    0.08    0.01    0.08    0.08   
0.08    0.03    0.08    0.01    0.08    0.01    0.08    0.08   
0.08    0.03    0.08    0.01    0.08    0.01    0.08    0.08   
0.08    0.03    0.08    0.01    0.08    0.01    0.08    0.08   
0.08    0.03    0.08    0.01    0.08    0.01    0.08    0.08   
0.08    0.03    0.08    0.01    0.08    0.01    0.08    0.08   
0.08    0.03    0.08    0.01    0.08    0.01    0.08    0.08   
0.08    0.03    0.08    0.01    0.08    0.01    0.08    0.08   
0.08    0.03    0.08    0.01    0.08    0.01    0.08    0.08   
0.08    0.03    0.08    0.01    0.08    0.01    0.08    0.08   
0.08    0.03    0.08    0.01    0.08    0.01    0.08    0.08   
0.08    0.03    0.08    0.01    0.08    0.01    0.08    0.08   
0.08    0.03    0.08    0.01    0.08    0.01    0.08    0.08   
0.08    0.03    0.08    0.01    0.08    0.01    0.08    0.08   
0.08    0.03    0.08    0.01    0.08    0.01    0.08    0.08   
0.08    0.03    0.08    0.01    0.08    0.01    0.08    0.08   
0.08    0.03    0.08    0.01    0.08    0.01    0.08    0.08   
0.08    0.03    0.08    0.01    0.08    0.01    0.08    0.08   
0.08    0.03    0.08    0.01    0.08    0.01    0.08    0.08   
0.08    0.03    0.08    0.01    0.08    0.01    0.08    0.08   
0.08    0.03    0.08    0.01    0.08    0.01    0.08    0.08   
0.08    0.03    0.08    0.01    0.08    0.01    0.08    0.08   
0.08    0.03    0.08    0.01    0.08    0.01    0.08    0.08   
0.08    0.03    0.08    0.01    0.08    0.01    0.08    0.08   
0.08    0.03    0.08    0.01    0.08    0.01    0.08    0.08   
0.08    0.03    0.08    0.01    0.08    0.01    0.08    0.08   
0.08    0.03    0.08    0.01    0.08    0.01    0.08    0.08   
0.08    0.03    0.08    0.01    0.08    0.01    0.08    0.08   
0.08    0.03    0.08    0.01    0.08    0.01    0.08    0.08   
0.08    0.03    0.08    0.01    0.08    0.01    0.08    0.08   
0.08    0.03    0.08    0.01    0.08    0.01    0.08    0.08   
0.08    0.03    0.08    0.01    0.08    0.01    0.08    0.08   
0.08    0.03    0.08    0.01    0.08    0.01    0.08    0.08   
0.08    0.03    0.08    0.01    0.08    0.01    0.08    0.08   
0.08    0.03    0.08    0.01    0.08    0.01    0.08    0.08   
0.08    0.03    0.08    0.01    0.08    0.01    0.08    0.08   
0.08    0.03    0.08    0.01    0.08    0.01    0.08    0.08   
0.08    0.03    0.08    0.01    0.08    0.01    0.08    0.08   
0.08    0.03    0.08    0.01    0.08    0.01    0.08    0.08   
0.08    0.03    0.08    0.01    0.08    0.01    0.08    0.08   
0.08    0.03    0.08    0.01    0.08    0.01    0.08    0.08   
0.08    0.03    0.08    0.01    0.08    0.01    0.08    0.08   
0.08    0.03    0.08    0.01    0.08    0.01    0.08    0.08   
0.08    0.03    0.08    0.01    0.08    0.01    0.08    0.08   
0.08    0.03    0.08    0.01    0.08    0.01    0.08    0.08   
0.08    0.03    0.08    0.01    0.08    0.01    0.08    0.08   
0.08    0.03    0.08    0.01    0.08    0.01    0.08    0.08   
0.08    0.03    0.08    0.01    0.08    0.01    0.08    0.08   
0.08    0.03    0.08    0.01    0.08    0.01    0.08    0.08   
0.08    0.03    0.08    0.01    0.08    0.01    0.08    0.08   
0.08    0.03    0.08    0.01    0.08    0.01    0.08    0.08   
0.08    0.03    0.08    0.01    0.08    0.01    0.08    0.08   
0.08    0.03    0.08    0.01    0.08    0.01    0.08    0.08   
0.08    0.03    0.08    0.01    0.08    0.01    0.08    0.08   
0.08    0.03    0.08    0.01    0.08    0.01    0.08    0.08   
0.08    0.03    0.08    0.01    0.08    0.01    0.08    0.08   
0.08    0.03    0.08    0.01    0.08    0.01    0.08    0.08   
0.08    0.03    0.08    0.01    0.08    0.01    0.08    0.08   
0.08    0.03    0.08    0.01    0.08    0.01    0.08    0.08   
0.08    0.03    0.08    0.01    0.08    0.01    0.08    0.08   
0.08    0.03    0.08    0.01    0.08    0.01    0.08    0.08   
0.08    0.03    0.08    0.01    0.08    0.01    0.08    0.08   
0.08    0.03    0.08    0.01    0.08    0.01    0.08    0.08   
0.08    0.03    0.08    0.01    0.08    0.01    0.08    0.08   
0.08    0.03    0.08    0.01    0.08    0.01    0.08    0.08   
0.08    0.03    0.08    0.01    0.08    0.01    0.08    0.08   
0.08    0.03    0.08    0.01    0.08    0.01    0.08    0.08   
0.08    0.03    0.08    0.01    0.08    0.01    0.08    0.08   
0.08    0.03    0.08    0.01    0.08    0.01    0.08    0.08   
0.08    0.03    0.08    0.01    0.08    0.01    0.08    0.08   
0.08    0.03    0.08    0.01    0.08    0.01    0.08    0.08   
0.08    0.03    0.08    0.01    0.08    0.01    0.08    0.08   
0.08    0.03    0.08    0.01    0.08    0.01    0.08    0.08   
0.08    0.03    0.08    0.01    0.08    0.01    0.08    0.08   
0.08    0.03    0.08    0.01    0.08    0.01    0.08    0.08   
0.08    0.03    0.08    0.01    0.08    0.01    0.08    0.08   
0.08    0.03    0.08    0.01    0.08    0.01    0.08    0.08   
0.08    0.03    0.08    0.01    0.08    0.01    0.08    0.08   
0.08    0.03    0.08    0.01    0.08    0.01    0.08    0.08   
0.08    0.03    0.08    0.01    0.08    0.01    0.08    0.08   
0.08    0.03    0.08    0.01    0.08    0.01    0.08    0.08   
0.08    0.03    0.08    0.01    0.08    0.01    0.08    0.08   
0.08    0.03    0.08    0.01    0.08    0.01    0.08    0.08   
0.08    0.03    0.08    0.01    0.08    0.01    0.08    0.08   
0.08    0.03    0.08    0.01    0.08    0.01    0.08    0.08   
0.08    0.03    0.08    0.01    0.08    0.01    0.08    0.08   
0.08    0.03    0.08    0.01    0.08    0.01    0.08    0.08   
0.08    0.03    0.08    0.01    0.08    0.01    0.08    0.08   
0.08    0.03    0.08    0.01    0.08    0.01    0.08    0.08   
0.08    0.03    0.08    0.01    0.08    0.01    0.08    0.08   
0.08    0.03    0.08    0.01    0.08    0.01    0.08    0.08   
0.08    0.03    0.08    0.01    0.08    0.01    0.08    0.08   
0.08    0.03    0.08    0.01    0.08    0.01    0.08    0.08   
0.08    0.03    0.08    0.01    0.08    0.01    0.08    0.08   
0.08    0.03    0.08    0.01    0.08    0.01    0.08    0.08   
0.08    0.03    0.08    0.01    0.08    0.01    0.08    0.08   
0.08    0.03    0.08    0.01    0.08    0.01    0.08    0.08   
0.08    0.03    0.08    0.01    0.08    0.01    0.08    0.08   
0.08    0.03    0.08    0.01    0.08    0.01    0.08    0.08   
0.08    0.03    0.08    0.01    0.08    0.01    0.08    0.08   
0.08    0.03    0.08    0.01    0.08    0.01    0.08    0.08   
0.08    0.03    0.08    0.01    0.08    0.01    0.08    0.08   
0.08    0.03    0.08    0.01    0.08    0.01    0.08    0.08   
0.08    0.03    0.08    0.01    0.08    0.01    0.08    0.08   
0.08    0.03    0.08    0.01    0.08    0.01    0.08    0.08   
0.08    0.03    0.08    0.01    0.08    0.01    0.08    0.08   
0.08    0.03    0.08    0.01    0.08    0.01    0.08    0.08   
0.08    0.03    0.08    0.01    0.08    0.01    0.08    0.08   
0.08    0.03    0.08    0.01    0.08    0.01    0.08    0.08   
0.08    0.03    0.08    0.01    0.08    0.01    0.08    0.08   
0.08    0.03    0.08    0.01    0.08    0.01    0.08    0.08   
0.08    0.03    0.08    0.01    0.08    0.01    0.08    0.08   
0.08    0.03    0.08    0.01    0.08    0.01    0.08    0.08   
0.08    0.03    0.08    0.01    0.08    0.01    0.08    0.08   
0.08    0.03    0.08    0.01    0.08    0.01    0.08    0.08   
0.08    0.03    0.08    0.01    0.08    0.01    0.08    0.08   
0.08    0.03    0.08    0.01    0.08    0.01    0.08    0.08   
0.08    0.03    0.08    0.01    0.08    0.01    0.08    0.08   
0.08    0.03    0.08    0.01    0.08    0.01    0.08    0.08   
0.08    0.03    0.08    0.01    0.08    0.01    0.08    0.08   
0.08    0.03    0.08    0.01    0.08    0.01    0.08    0.08   
0.08    0.03    0.08    0.01    0.08    0.01    0.08    0.08   
0.08    0.03    0.08    0.01    0.08    0.01    0.08    0.08   
0.08    0.03    0.08    0.01    0.08    0.01    0.08    0.08   
0.08    0.03    0.08    0.01    0.08    0.01    0.08    0.08   
0.08    0.03    0.08    0.01    0.08    0.01    0.08    0.08   
0.08    0.03    0.08    0.01    0.08    0.01    0.08    0.08   
0.08    0.03    0.08    0.01    0.08    0.01    0.08    0.08   
0.08    0.03    0.08    0.01    0.08    0.01    0.08    0.08   
0.08    0.03    0.08    0.01    0.08    0.01    0.08    0.08   
0.08    0.03    0.08    0.01    0.08    0.01    0.08    0.08   
0.08    0.03    0.08    0.01    0.08    0.01    0.08    0.08   
0.08    0.03    0.08    0.01    0.08    0.01    0.08    0.08   
0.08    0.03    0.08    0.01    0.08    0.01    0.08    0.08   
0.08    0.03    0.08    0.01    0.08    0.01    0.08    0.08   
0.08    0.03    0.08    0.01    0.08    0.01    0.08    0.08   
0.08    0.03    0.08    0.01    0.08    0.01    0.08    0.08   
0.08    0.03    0.08    0.01    0.08    0.01    0.08    0.08   
0.08    0.03    0.08    0.01    0.08    0.01    0.08    0.08   
0.08    0.03    0.08    0.01    0.08    0.01    0.08    0.08   
0.08    0.03    0.08    0.01    0.08    0.01    0.08    0.08   
0.08    0.03    0.08    0.01    0.08    0.01    0.08    0.08   
0.08    0.03    0.08    0.01    0.08    0.01    0.08    0.08   
0.08    0.03    0.08    0.01    0.08    0.01    0.08    0.08   
0.08    0.03    0.08    0.01    0.08    0.01    0.08    0.08   
0.08    0.03    0.08    0.01    0.08    0.01    0.08    0.08   
0.08    0.03    0.08    0.01    0.08    0.01    0.08    0.08   
0.08    0.03    0.08    0.01    0.08    0.01    0.08    0.08   
0.08    0.03    0.08    0.01    0.08    0.01    0.08    0.08   
0.08    0.03    0.08    0.01    0.08    0.01    0.08    0.08   
0.08    0.03    0.08    0.01    0.08    0.01    0.08    0.08   
0.08    0.03    0.08    0.01    0.08    0.01    0.08    0.08   
0.08    0.03    0.08    0.01    0.08    0.01    0.08    0.08   
0.08    0.03    0.08    0.01    0.08    0.01    0.08    0.08   
0.08    0.03    0.08    0.01    0.08    0.01    0.08    0.08   
0.08    0.03    0.08    0.01    0.08    0.01    0.08    0.08   
0.08    0.03    0.08    0.01    0.08    0.01    0.08    0.08   
0.08    0.03    0.08    0.01    0.08    0.01    0.08    0.08   
0.08    0.03    0.08    0.01    0.08    0.01    0.08    0.08   
0.08    0.03    0.08    0.01    0.08    0.01    0.08    0.08   
0.08    0.03    0.08    0.01    0.08    0.01    0.08    0.08   
0.08    0.03    0.08    0.01    0.08    0.01    0.08    0.08   
0.08    0.03    0.08    0.01    0.08    0.01    0.08    0.08   
0.08    0.03    0.08    0.01    0.08    0.01    0.08    0.08   
0.08    0.03    0.08    0.01    0.08    0.01    0.08    0.08   
0.08    0.03    0.08    0.01    0.08    0.01    0.08    0.08   
0.08    0.03    0.08    0.01    0.08    0.01    0.08    0.08   
0.08    0.03    0.08    0.01    0.08    0.01    0.08    0.08   
0.08    0.03    0.08    0.01    0.08    0.01    0.08    0.08   
0.08    0.03    0.08    0.01    0.08    0.01    0.08    0.08   
0.08    0.03    0.08    0.01    0.08    0.01    0.08    0.08   
0.08    0.03    0.08    0.01    0.08    0.01    0.08    0.08   
0.08    0.03    0.08    0.01    0.08    0.01    0.08    0.08   
0.08    0.03    0.08    0.01    0.08    0.01    0.08    0.08   
0.08    0.03    0.08    0.01    0.08    0.01    0.08    0.08   
0.08    0.03    0.08    0.01    0.08    0.01    0.08    0.08   
0.08    0.03    0.08    0.01    0.08    0.01    0.08    0.08   
0.08    0.03    0.08    0.01    0.08    0.01    0.08    0.08   
0.08    0.03    0.08    0.01    0.08    0.01    0.08    0.08   
0.08    0.03    0.08    0.01    0.08    0.01    0.08    0.08   
0.08    0.03    0.08    0.01    0.08    0.01    0.08    0.08   
0.08    0.03    0.08    0.01    0.08    0.01    0.08    0.08   
0.08    0.03    0.08    0.01    0.08    0.01    0.08    0.08   
0.08    0.03    0.08    0.01    0.08    0.01    0.08    0.08   
0.08    0.03    0.08    0.01    0.08    0.01    0.08    0.08   
0.08    0.03    0.08    0.01    0.08    0.01    0.08    0.08   
0.08    0.03    0.08    0.01    0.08    0.01    0.08    0.08   
0.08    0.03    0.08    0.01    0.08    0.01    0.08    0.08   
0.08    0.03    0.08    0.01    0.08    0.01    0.08    0.08   
0.08    0.03    0.08    0.01    0.08    0.01    0.08    0.08   
0.08    0.03    0.08    0.01    0.08    0.01    0.08    0.08   
0.08    0.03    0.08    0.01    0.08    0.01    0.08    0.08   
0.08    0.03    0.08    0.01    0.08    0.01    0.08    0.08   
0.08    0.03    0.08    0.01    0.08    0.01    0.08    0.08   
0.08    0.03    0.08    0.01    0.08    0.01    0.08    0.08   
0.08    0.03    0.08    0.01    0.08    0.01    0.08    0.08   
0.08    0.03    0.08    0.01    0.08    0.01    0.08    0.08   
0.08    0.03    0.08    0.01    0.08    0.01    0.08    0.08   
0.08    0.03    0.08    0.01    0.08    0.01    0.08    0.08   
0.08    0.03    0.08    0.01    0.08    0.01    0.08    0.08   
0.08    0.03    0.08    0.01    0.08    0.01    0.08    0.08   
0.08    0.03    0.08    0.01    0.08    0.01    0.08    0.08   
0.08    0.03    0.08    0.01    0.08    0.01    0.08    0.08   
0.08    0.03    0.08    0.01    0.08    0.01    0.08    0.08   
0.08    0.03    0.08    0.01    0.08    0.01    0.08    0.08   
0.08    0.03    0.08    0.01    0.08    0.01    0.08    0.08   
0.08    0.03    0.08    0.01    0.08    0.01    0.08    0.08   
0.08    0.03    0.08    0.01    0.08    0.01    0.08    0.08   
0.08    0.03    0.08    0.01    0.08    0.01    0.08    0.08   
0.08    0.03    0.08    0.01    0.08    0.01    0.08    0.08   
0.08    0.03    0.08    0.01    0.08    0.01    0.08    0.08   
0.08    0.03    0.08    0.01    0.08    0.01    0.08    0.08   
0.08    0.03    0.08    0.01    0.08    0.01    0.08    0.08   
0.08    0.03    0.08    0.01    0.08    0.01    0.08    0.08   
0.08    0.03    0.08    0.01    0.08    0.01    0.08    0.08   
0.08    0.03    0.08    0.01    0.08    0.01    0.08    0.08   
0.08    0.03    0.08    0.01    0.08    0.01    0.08    0.08   
0.08    0.03    0.08    0.01    0.08    0.01    0.08    0.08   
0.08    0.03    0.08    0.01    0.08    0.01    0.08    0.08   
0.08    0.03    0.08    0.01    0.08    0.01    0.08    0.08   
0.08    0.03    0.08    0.01    0.08    0.01    0.08    0.08   
0.08    0.03    0.08    0.01    0.08    0.01    0.08    0.08   
0.08    0.03    0.08    0.01    0.08    0.01    0.08    0.08   
0.08    0.03    0.08    0.01    0.08    0.01    0.08    0.08   
0.08    0.03    0.08    0.01    0.08    0.01    0.08    0.08   
0.08    0.03    0.08    0.01    0.08    0.01    0.08    0.08   
0.08    0.03    0.08    0.01    0.08    0.01    0.08    0.08   
0.08    0.03    0.08    0.01    0.08    0.01    0.08    0.08   
0.08    0.03    0.08    0.01    0.08    0.01    0.08    0.08   
0.08    0.03    0.08    0.01    0.08    0.01    0.08    0.08   
0.08    0.03    0.08    0.01    0.08    0.01    0.08    0.08   
0.08    0.03    0.08    0.01    0.08    0.01    0.08    0.08   
0.08    0.03    0.08    0.01    0.08    0.01    0.08    0.08   
0.08    0.03    0.08    0.01    0.08    0.01    0.08    0.08   
0.08    0.03    0.08    0.01    0.08    0.01    0.08    0.08   
0.08    0.03    0.08    0.01    0.08    0.01    0.08    0.08   
0.08    0.03    0.08    0.01    0.08    0.01    0.08    0.08   
0.08    0.03    0.08    0.01    0.08    0.01    0.08    0.08   
0.08    0.03    0.08    0.01    0.08    0.01    0.08    0.08   
0.08    0.03    0.08    0.01    0.08    0.01    0.08    0.08   
0.08    0.03    0.08    0.01    0.08    0.01    0.08    0.08   
0.08    0.03    0.08    0.01    0.08    0.01    0.08    0.08   
0.08    0.03    0.08    0.01    0.08    0.01    0.08    0.08   
0.08    0.03    0.08    0.01    0.08    0.01    0.08    0.08   
0.08    0.03    0.08    0.01    0.08    0.01    0.08    0.08   
0.08    0.03    0.08    0.01    0.08    0.01    0.08    0.08   
0.08    0.03    0.08    0.01    0.08    0.01    0.08    0.08   
0.08    0.03    0.08    0.01    0.08    0.01    0.08    0.08   
0.08    0.03    0.08    0.01    0.08    0.01    0.08    0.08   
0.08    0.03    0.08    0.01    0.08    0.01    0.08    0.08   
0.08    0.03    0.08    0.01    0.08    0.01    0.08    0.08   
0.08    0.03    0.08    0.01    0.08    0.01    0.08    0.08   
0.08    0.03    0.08    0.01    0.08    0.01    0.08    0.08   
0.08    0.03    0.08    0.01    0.08    0.01    0.08    0.08   
0.08    0.03    0.08    0.01    0.08    0.01    0.08    0.08   
0.08    0.03    0.08    0.01    0.08    0.01    0.08    0.08   
0.08    0.03    0.08    0.01    0.08    0.01    0.08    0.08   
0.08    0.03    0.08    0.01    0.08    0.01    0.08    0.08   
0.08    0.03    0.08    0.01    0.08    0.01    0.08    0.08   
0.08    0.03    0.08    0.01    0.08    0.01    0.08    0.08   
0.08    0.03    0.08    0.01    0.08    0.01    0.08    0.08   
0.08    0.03    0.08    0.01    0.08    0.01    0.08    0.08   
0.08    0.03    0.08    0.01    0.08    0.01    0.08    0.08   
0.08    0.03    0.08    0.01    0.08    0.01    0.08    0.08   
0.08    0.03    0.08    0.01    0.08    0.01    0.08    0.08   
0.08    0.03    0.08    0.01    0.08    0.01    0.08    0.08   
0.08    0.03    0.08    0.01    0.08    0.01    0.08    0.08   
0.08    0.03    0.08    0.01    0.08    0.01    0.08    0.08   
0.08    0.03    0.08    0.01    0.08    0.01    0.08    0.08   
0.08    0.03    0.08    0.01    0.08    0.01    0.08    0.08   
0.08    0.03    0.08    0.01    0.08    0.01    0.08    0.08   
0.08    0.03    0.08    0.01    0.08    0.01    0.08    0.08   
0.08    0.03    0.08    0.01    0.08    0.01    0.08    0.08   
0.08    0.03    0.08    0.01    0.08    0.01    0.08    0.08   
0.08    0.03    0.08    0.01    0.08    0.01    0.08    0.08   
0.08    0.03    0.08    0.01    0.08    0.01    0.08    0.08   
0.08    0.03    0.08    0.01    0.08    0.01    0.08    0.08   
0.08    0.03    0.08    0.01    0.08    0.01    0.08    0.08   
0.08    0.03    0.08    0.01    0.08    0.01    0.08    0.08   
0.08    0.03    0.08    0.01    0.08    0.01    0.08    0.08   
0.08    0.03    0.08    0.01    0.08    0.01    0.08    0.08   
0.08    0.03    0.08    0.01    0.08    0.01    0.08    0.08   
0.08    0.03    0.08    0.01    0.08    0.01    0.08    0.08   
0.08    0.03    0.08    0.01    0.08    0.01    0.08    0.08   
0.08    0.03    0.08    0.01    0.08    0.01    0.08    0.08   
0.08    0.03    0.08    0.01    0.08    0.01    0.08    0.08   
0.08    0.03    0.08    0.01    0.08    0.01    0.08    0.08   
0.08    0.03    0.08    0.01    0.08    0.01    0.08    0.08   
0.08    0.03    0.08    0.01    0.08    0.01    0.08    0.08   
0.08    0.03    0.08    0.01    0.08    0.01    0.08    0.08   
0.08    0.03    0.08    0.01    0.08    0.01    0.08    0.08   
0.08    0.03    0.08    0.01    0.08    0.01    0.08    0.08   
0.08    0.03    0.08    0.01    0.08    0.01    0.08    0.08   
0.08    0.03    0.08    0.01    0.08    0.01    0.08    0.08   
0.08    0.03    0.08    0.01    0.08    0.01    0.08    0.08   
0.08    0.03    0.08    0.01    0.08    0.01    0.08    0.08   
0.08    0.03    0.08    0.01    0.08    0.01    0.08    0.08   
0.08    0.03    0.08    0.01    0.08    0.01    0.08    0.08   
0.08    0.03    0.08    0.01    0.08    0.01    0.08    0.08   
0.08    0.03    0.08    0.01    0.08    0.01    0.08    0.08   
0.08    0.03    0.08    0.01    0.08    0.01    0.08    0.08   
0.08    0.03    0.08    0.01    0.08    0.01    0.08    0.08   
0.08    0.03    0.08    0.01    0.08    0.01    0.08    0.08   
0.08    0.03    0.08    0.01    0.08    0.01    0.08    0.08   
0.08    0.03    0.08    0.01    0.08    0.01    0.08    0.08   
0.08    0.03    0.08    0.01    0.08    0.01    0.08    0.08   
0.08    0.03    0.08    0.01    0.08    0.01    0.08    0.08   
0.08    0.03    0.08    0.01    0.08    0.01    0.08    0.08   
0.08    0.03    0.08    0.01    0.08    0.01    0.08    0.08   
0.08    0.03    0.08    0.01    0.08    0.01    0.08    0.08   
0.08    0.03    0.08    0.01    0.08    0.01    0.08    0.08   
0.08    0.03    0.08    0.01    0.08    0.01    0.08    0.08   
0.08    0.03    0.08    0.01    0.08    0.01    0.08    0.08   
0.08    0.03    0.08    0.01    0.08    0.01    0.08    0.08   
0.08    0.03    0.08    0.01    0.08    0.01    0.08    0.08   
0.08    0.03    0.08    0.01    0.08    0.01    0.08    0.08   
0.08    0.03    0.08    0.01    0.08    0.01    0.08    0.08   
0.08    0.03    0.08    0.01    0.08    0.01    0.08    0.08   
0.08    0.03    0.08    0.01    0.08    0.01    0.08    0.08   
0.08    0.03    0.08    0.01    0.08    0.01    0.08    0.08   
0.08    0.03    0.08    0.01    0.08    0.01    0.08    0.08   
0.08    0.03    0.08    0.01    0.08    0.01    0.08    0.08   
0.08    0.03    0.08    0.01    0.08    0.01    0.08    0.08   
0.08    0.03    0.08    0.01    0.08    0.01    0.08    0.08   
0.08    0.03    0.08    0.01    0.08    0.01    0.08    0.08   
0.08    0.03    0.08    0.01    0.08    0.01    0.08    0.08   
0.08    0.03    0.08    0.01    0.08    0.01    0.08    0.08   
0.08    0.03    0.08    0.01    0.08    0.01    0.08    0.08   
0.08    0.03    0.08    0.01    0.08    0.01    0.08    0.08   
0.08    0.03    0.08    0.01    0.08    0.01    0.08    0.08   
0.08    0.03    0.08    0.01    0.08    0.01    0.08    0.08   
0.08    0.03    0.08    0.01    0.08    0.01    0.08    0.08   
0.08    0.03    0.08    0.01    0.08    0.01    0.08    0.08   
0.08    0.03    0.08    0.01    0.08    0.01    0.08    0.08   
0.08    0.03    0.08    0.01    0.08    0.01    0.08    0.08   
0.08    0.03    0.08    0.01    0.08    0.01    0.08    0.08   
0.08    0.03    0.08    0.01    0.08    0.01    0.08    0.08   
0.08    0.03    0.08    0.01    0.08    0.01    0.08    0.08   
0.08    0.03    0.08    0.01    0.08    0.01    0.08    0.08   
0.08    0.03    0.08    0.01    0.08    0.01    0.08    0.08   
0.08    0.03    0.08    0.01    0.08    0.01    0.08    0.08   
0.08    0.03    0.08    0.01    0.08    0.01    0.08    0.08   
0.08    0.03    0.08    0.01    0.08    0.01    0.08    0.08   
0.08    0.03    0.08    0.01    0.08    0.01    0.08    0.08   
0.08    0.03    0.08    0.01    0.08    0.01    0.08    0.08   
0.08    0.03    0.08    0.01    0.08    0.01    0.08    0.08   
0.08    0.03    0.08    0.01    0.08    0.01    0.08    0.08   
0.08    0.03    0.08    0.01    0.08    0.01    0.08    0.08   
0.08    0.03    0.08    0.01    0.08    0.01    0.08    0.08   
0.08    0.03    0.08    0.01    0.08    0.01    0.08    0.08   
0.08    0.03    0.08    0.01    0.08    0.01    0.08    0.08   
0.08    0.03    0.08    0.01    0.08    0.01    0.08    0.08   
0.08    0.03    0.08    0.01    0.08    0.01    0.08    0.08   
0.08    0.03    0.08    0.01    0.08    0.01    0.08    0.08   
0.08    0.03    0.08    0.01    0.08    0.01    0.08    0.08   
0.08    0.03    0.08    0.01    0.08    0.01    0.08    0.08   
0.08    0.03    0.08    0.01    0.08    0.01    0.08    0.08   
0.08    0.03    0.08    0.01    0.08    0.01    0.08    0.08   
0.08    0.03    0.08    0.01    0.08    0.01    0.08    0.08   
0.08    0.03    0.08    0.01    0.08    0.01    0.08    0.08   
0.08    0.03    0.08    0.01    0.08    0.01    0.08    0.08   
0.08    0.03    0.08    0.01    0.08    0.01    0.08    0.08   
0.08    0.03    0.08    0.01    0.08    0.01    0.08    0.08   
0.08    0.03    0.08    0.01    0.08    0.01    0.08    0.08   
0.08    0.03    0.08    0.01    0.08    0.01    0.08    0.08   
0.08    0.03    0.08    0.01    0.08    0.01    0.08    0.08   
0.08    0.03    0.08    0.01    0.08    0.01    0.08    0.08   
0.08    0.03    0.08    0.01    0.08    0.01    0.08    0.08   
0.08    0.03    0.08    0.01    0.08    0.01    0.08    0.08   
0.08    0.03    0.08    0.01    0.08    0.01    0.08    0.08   
0.08    0.03    0.08    0.01    0.08    0.01    0.08    0.08   
0.08    0.03    0.08    0.01    0.08    0.01    0.08    0.08   
0.08    0.03    0.08    0.01    0.08    0.01    0.08    0.08   
0.08    0.03    0.08    0.01    0.08    0.01    0.08    0.08   
0.08    0.03    0.08    0.01    0.08    0.01    0.08    0.08   
0.08    0.03    0.08    0.01    0.08    0.01    0.08    0.08   
0.08    0.03    0.08    0.01    0.08    0.01    0.08    0.08   
0.08    0.03    0.08    0.01    0.08    0.01    0.08    0.08   
0.08    0.03    0.08    0.01    0.08    0.01    0.08    0.08   
0.08    0.03    0.08    0.01    0.08    0.01    0.08    0.08   
0.08    0.03    0.08    0.01    0.08    0.01    0.08    0.08   
0.08    0.03    0.08    0.01    0.08    0.01    0.08    0.08   
0.08    0.03    0.08    0.01    0.08    0.01    0.08    0.08   
0.08    0.03    0.08    0.01    0.08    0.01    0.08    0.08   
0.08    0.03    0.08    0.01    0.08    0.01    0.08    0.08   
0.08    0.03    0.08    0.01    0.08    0.01    0.08    0.08   
0.08    0.03    0.08    0.01    0.08    0.01    0.08    0.08   
0.08    0.03    0.08    0.01    0.08    0.01    0.08    0.08   
0.08    0.03    0.08    0.01    0.08    0.01    0.08    0.08   
0.08    0.03    0.08    0.01    0.08    0.01    0.08    0.08   
0.08    0.03    0.08    0.01    0.08    0.01    0.08    0.08   
0.08    0.03    0.08    0.01    0.08    0.01    0.08    0.08   
0.08    0.03    0.08    0.01    0.08    0.01    0.08    0.08   
0.08    0.03    0.08    0.01    0.08    0.01    0.08    0.08   
0.08    0.03    0.08    0.01    0.08    0.01    0.08    0.08   
0.08    0.03    0.08    0.01    0.08    0.01    0.08    0.08   
0.08    0.03    0.08    0.01    0.08    0.01    0.08    0.08   
0.08    0.03    0.08    0.01    0.08    0.01    0.08    0.08   
0.08    0.03    0.08    0.01    0.08    0.01    0.08    0.08   
0.08    0.03    0.08    0.01    0.08    0.01    0.08    0.08   
0.08    0.03    0.08    0.01    0.08    0.01    0.08    0.08   
0.08    0.03    0.08    0.01    0.08    0.01    0.08    0.08   
0.08    0.03    0.08    0.01    0.08    0.01    0.08    0.08   
0.08    0.03    0.08    0.01    0.08    0.01    0.08    0.08   
0.08    0.03    0.08    0.01    0.08    0.01    0.08    0.08   
0.08    0.03    0.08    0.01    0.08    0.01    0.08    0.08   
0.08    0.03    0.08    0.01    0.08    0.01    0.08    0.08   
0.08    0.03    0.08    0.01    0.08    0.01    0.08    0.08   
0.08    0.03    0.08    0.01    0.08    0.01    0.08    0.08   
0.08    0.03    0.08    0.01    0.08    0.01    0.08    0.08   
0.08    0.03    0.08    0.01    0.08    0.01    0.08    0.08   
0.08    0.03    0.08    0.01    0.08    0.01    0.08    0.08   
0.08    0.03    0.08    0.01    0.08    0.01    0.08    0.08   
0.08    0.03    0.08    0.01    0.08    0.01    0.08    0.08   
0.08    0.03    0.08    0.01    0.08    0.01    0.08    0.08   
0.08    0.03    0.08    0.01    0.08    0.01    0.08    0.08   
0.08    0.03    0.08    0.01    0.08    0.01    0.08    0.08   
0.08    0.03    0.08    0.01    0.08    0.01    0.08    0.08   
0.08    0.03    0.08    0.01    0.08    0.01    0.08    0.08   
0.08    0.03    0.08    0.01    0.08    0.01    0.08    0.08   
0.08    0.03    0.08    0.01    0.08    0.01    0.08    0.08   
0.08    0.03    0.08    0.01    0.08    0.01    0.08    0.08   
0.08    0.03    0.08    0.01    0.08    0.01    0.08    0.08   
0.08    0.03    0.08    0.01    0.08    0.01    0.08    0.08   
0.08    0.03    0.08    0.01    0.08    0.01    0.08    0.08   
0.08    0.03    0.08    0.01    0.08    0.01    0.08    0.08   
0.08    0.03    0.08    0.01    0.08    0.01    0.08    0.08   
0.08    0.03    0.08    0.01    0.08    0.01    0.08    0.08   
0.08    0.03    0.08    0.01    0.08    0.01    0.08    0.08   
0.08    0.03    0.08    0.01    0.08    0.01    0.08    0.08   
0.08    0.03    0.08    0.01    0.08    0.01    0.08    0.08   
0.08    0.03    0.08    0.01    0.08    0.01    0.08    0.08   
0.08    0.03    0.08    0.01    0.08    0.01    0.08    0.08   
0.08    0.03    0.08    0.01    0.08    0.01    0.08    0.08   
0.08    0.03    0.08    0.01    0.08    0.01    0.08    0.08   
0.08    0.03    0.08    0.01    0.08    0.01    0.08    0.08   
0.08    0.03    0.08    0.01    0.08    0.01    0.08    0.08   
0.08    0.03    0.08    0.01    0.08    0.01    0.08    0.08   
0.08    0.03    0.08    0.01    0.08    0.01    0.08    0.08   
0.08    0.03    0.08    0.01    0.08    0.01    0.08    0.08   
0.08    0.03    0.08    0.01    0.08    0.01    0.08    0.08   
0.08    0.03    0.08    0.01    0.08    0.01    0.08    0.08   
0.08    0.03    0.08    0.01    0.08    0.01    0.08    0.08   
0.08    0.03    0.08    0.01    0.08    0.01    0.08    0.08   
0.08    0.03    0.08    0.01    0.08    0.01    0.08    0.08   
0.08    0.03    0.08    0.01    0.08    0.01    0.08    0.08   
0.08    0.03    0.08    0.01    0.08    0.01    0.08    0.08   
0.08    0.03    0.08    0.01    0.08    0.01    0.08    0.08   
0.08    0.03    0.08    0.01    0.08    0.01    0.08    0.08   
0.08    0.03    0.08    0.01    0.08    0.01    0.08    0.08   
0.08    0.03    0.08    0.01    0.08    0.01    0.08    0.08   
0.08    0.03    0.08    0.01    0.08    0.01    0.08    0.08   
0.08    0.03    0.08    0.01    0.08    0.01    0.08    0.08   
0.08    0.03    0.08    0.01    0.08    0.01    0.08    0.08   
0.08    0.03    0.08    0.01    0.08    0.01    0.08    0.08   
0.08    0.03    0.08    0.01    0.08    0.01    0.08    0.08   
0.08    0.03    0.08    0.01    0.08    0.01    0.08    0.08   
0.08    0.03    0.08    0.01    0.08    0.01    0.08    0.08   
0.08    0.03    0.08    0.01    0.08    0.01    0.08    0.08   
0.08    0.03    0.08    0.01    0.08    0.01    0.08    0.08   
0.08    0.03    0.08    0.01    0.08    0.01    0.08    0.08   
0.08    0.03    0.08    0.01    0.08    0.01    0.08    0.08   
0.08    0.03    0.08    0.01    0.08    0.01    0.08    0.08   
0.08    0.03    0.08    0.01    0.08    0.01    0.08    0.08   
0.08    0.03    0.08    0.01    0.08    0.01    0.08    0.08   
0.08    0.03    0.08    0.01    0.08    0.01    0.08    0.08   
0.08    0.03    0.08    0.01    0.08    0.01    0.08    0.08   
0.08    0.03    0.08    0.01    0.08    0.01    0.08    0.08   
0.08    0.03    0.08    0.01    0.08    0.01    0.08    0.08   
0.08    0.03    0.08    0.01    0.08    0.01    0.08    0.08   
0.08    0.03    0.08    0.01    0.08    0.01    0.08    0.08   
0.08    0.03    0.08    0.01    0.08    0.01    0.08    0.08   
0.08    0.03    0.08    0.01    0.08    0.01    0.08    0.08   
0.08    0.03    0.08    0.01    0.08    0.01    0.08    0.08   
0.08    0.03    0.08    0.01    0.08    0.01    0.08    0.08   
0.08    0.03    0.08    0.01    0.08    0.01    0.08    0.08   
0.08    0.03    0.08    0.01    0.08    0.01    0.08    0.08   
0.08    0.03    0.08    0.01    0.08    0.01    0.08    0.08   
0.08    0.03    0.08    0.01    0.08    0.01    0.08    0.08   
0.08    0.03    0.08    0.01    0.08    0.01    0.08    0.08   
0.08    0.03    0.08    0.01    0.08    0.01    0.08    0.08   
0.08    0.03    0.08    0.01    0.08    0.01    0.08    0.08   
0.08    0.03    0.08    0.01    0.08    0.01    0.08    0.08   
0.08    0.03    0.08    0.01    0.08    0.01    0.08    0.08   
0.08    0.03    0.08    0.01    0.08    0.01    0.08    0.08   
0.08    0.03    0.08    0.01    0.08    0.01    0.08    0.08   
0.08    0.03    0.08    0.01    0.08    0.01    0.08    0.08   
0.08    0.03    0.08    0.01    0.08    0.01    0.08    0.08   
0.08    0.03    0.08    0.01    0.08    0.01    0.08    0.08   
0.08    0.03    0.08    0.01    0.08    0.01    0.08    0.08   
0.08    0.03    0.08    0.01    0.08    0.01    0.08    0.08   
0.08    0.03    0.08    0.01    0.08    0.01    0.08    0.08   
0.08    0.03    0.08    0.01    0.08    0.01    0.08    0.08   
0.08    0.03    0.08    0.01    0.08    0.01    0.08    0.08   
0.08    0.03    0.08    0.01    0.08    0.01    0.08    0.08   
0.08    0.03    0.08    0.01    0.08    0.01    0.08    0.08   
0.08    0.03    0.08    0.01    0.08    0.01    0.08    0.08   
0.08    0.03    0.08    0.01    0.08    0.01    0.08    0.08   
0.08    0.03    0.08    0.01    0.08    0.01    0.08    0.08   
0.08    0.03    0.08    0.01    0.08    0.01    0.08    0.08   
0.08    0.03    0.08    0.01    0.08    0.01    0.08    0.08   
0.08    0.03    0.08    0.01    0.08    0.01    0.08    0.08   
0.08    0.03    0.08    0.01    0.08    0.01    0.08    0.08   
0.08    0.03    0.08    0.01    0.08    0.01    0.08    0.08   
0.08    0.03    0.08    0.01    0.08    0.01    0.08    0.08   
0.08    0.03    0.08    0.01    0.08    0.01    0.08    0.08   
0.08    0.03    0.08    0.01    0.08    0.01    0.08    0.08   
0.00    0.00    0.00    0.00    0.00    0.00    0.00    0.00   
0.00    0.00    0.00    0.00    0.00    0.00    0.00    0.00   
0.00    0.00    0.00    0.00    0.00    0.00    0.00    0.00   
0.00    0.00    0.00    0.00    0.00    0.00    0.00    0.00   
0.00    0.00    0.00    0.00    0.00    0.00    0.00    0.00   
0.00    0.00    0.00    0.00    0.00    0.00    0.00    0.00   
0.00    0.00    0.00    0.00    0.00    0.00    0.00    0.00   
0.00    0.00    0.00    0.00    0.00    0.00    0.00    0.00   
