#Transition Function.
-0.00   0.76    -0.00  
0.03    0.01    0.22   
-0.00   -0.01   -0.00  
#Transition Function.
-0.00   -0.01   -0.00  
0.14    0.01    0.01   
0.00    0.86    0.00   
#Transition Function.
-0.02   0.15    -0.00  
0.72    0.12    -0.00  
-0.01   0.04    0.00   
#Transition Function.
-0.00   -0.00   -0.02  
-0.00   0.04    0.80   
0.00    0.20    -0.01  
#Transition Function.
0.68    0.02    -0.00  
0.21    0.11    -0.00  
-0.01   -0.00   0.00   
#Transition Function.
0.00    0.00    0.83   
-0.00   0.11    0.06   
0.01    -0.00   -0.00  
#Transition Function.
-0.01   -0.01   -0.00  
0.18    0.06    0.00   
0.67    0.11    0.00   
#Transition Function.
-0.00   -0.01   -0.02  
-0.00   0.17    0.00   
0.00    0.13    0.72   
