#Value Function.
23415.54 24160.36 24903.46 25642.65 26362.21 27031.81 27617.40 28086.16 28413.42 28592.88 28643.41 28621.13 28569.41 28512.94 28453.47 28396.27 28336.61 28279.23 28218.95 28161.76 28099.53 28039.58 27970.25 27900.44 27817.20 27739.12 27660.19 27592.25 27531.87 27474.96 27418.20 27361.53 27304.90 27248.10 27190.91 27134.13 27076.30 27106.46 27169.20 27183.41 27158.20 27110.99 27058.71 27002.27 26948.27 26891.34 26836.84 26779.59 26724.81 26655.07
23439.72 24194.55 24950.60 25709.99 26463.69 27194.02 27866.58 28446.53 28900.57 29205.42 29358.67 29384.75 29349.67 29292.30 29234.62 29173.08 29115.53 29053.72 28996.02 28931.67 28871.70 28800.26 28730.75 28644.40 28564.90 28482.66 28412.37 28350.38 28291.15 28232.85 28174.80 28116.88 28059.03 28001.22 27943.20 27884.27 27822.73 27755.20 27816.47 27879.85 27882.07 27849.34 27797.18 27743.55 27684.86 27630.69 27571.51 27516.54 27452.61 27375.61
23456.61 24214.99 24979.74 25753.14 26528.72 27296.65 28036.96 28710.64 29282.98 29720.04 30000.44 30126.28 30127.88 30082.63 30020.61 29962.60 29898.50 29840.60 29773.71 29714.14 29640.10 29571.52 29481.64 29401.03 29315.25 29242.51 29178.92 29118.24 29058.56 28999.14 28939.84 28880.62 28821.48 28762.18 28702.11 28639.69 28571.88 28491.29 28435.55 28540.62 28595.27 28584.38 28545.37 28488.45 28434.34 28372.87 28318.01 28252.10 28188.51 28074.27
23475.71 24231.70 25001.56 25784.76 26575.69 27367.56 28149.61 28899.21 29572.01 30134.92 30552.71 30806.71 30904.12 30881.44 30829.35 30762.60 30705.43 30635.41 30576.82 30499.46 30432.59 30338.59 30257.28 30167.67 30092.34 30027.10 29964.94 29903.85 29843.02 29782.32 29721.70 29661.17 29600.54 29539.30 29475.92 29407.73 29328.14 29221.23 29062.21 29174.70 29279.48 29323.39 29298.32 29254.89 29191.77 29138.69 29069.96 29009.77 28908.64 28746.36
23503.31 24249.13 25018.45 25808.29 26610.03 27418.71 28226.93 29022.95 29781.01 30450.61 31002.34 31398.33 31623.60 31691.39 31644.95 31588.55 31516.19 31459.85 31378.66 31314.56 31215.65 31134.17 31040.40 30962.32 30895.40 30831.72 30769.18 30706.91 30644.78 30582.71 30520.77 30458.77 30396.29 30331.88 30263.16 30184.42 30080.36 29925.16 29694.09 29774.02 29938.41 30031.24 30063.29 30021.82 29973.10 29904.46 29848.13 29748.78 29614.88 29289.20
23546.62 24273.51 25034.53 25825.74 26635.61 27456.00 28282.67 29107.28 29917.08 30682.58 31346.23 31884.79 32254.13 32447.77 32486.08 32413.92 32360.34 32275.40 32217.15 32112.68 32032.24 31933.93 31852.92 31784.30 31719.05 31655.04 31591.28 31527.68 31464.14 31400.75 31337.32 31273.57 31208.06 31138.64 31060.54 30959.30 30808.37 30579.93 30265.80 30323.64 30564.24 30712.94 30790.57 30807.54 30743.67 30697.87 30601.72 30488.70 30195.21 29619.09
23612.09 24312.47 25055.85 25840.85 26654.02 27483.95 28323.11 29168.07 30009.02 30832.38 31603.63 32256.09 32779.18 33117.89 33275.02 33275.42 33182.24 33135.72 33028.41 32951.08 32848.76 32764.63 32694.27 32627.41 32561.89 32496.62 32431.53 32366.47 32301.59 32236.69 32171.62 32104.95 32034.68 31957.00 31858.48 31712.05 31487.27 31169.85 30787.91 30857.30 31130.12 31360.98 31486.92 31540.88 31527.26 31448.40 31366.30 31103.17 30535.35 29849.58
23700.95 24373.94 25090.20 25859.42 26668.57 27503.71 28353.76 29211.82 30075.40 30932.10 31766.76 32541.07 33172.09 33673.73 33966.99 34073.69 34047.66 33955.11 33886.00 33782.87 33696.95 33625.84 33557.32 33490.23 33423.43 33356.81 33290.19 33223.79 33157.36 33090.93 33023.05 32951.78 32874.27 32778.34 32636.61 32416.19 32098.05 31702.79 31306.63 31404.27 31664.84 31942.37 32132.11 32211.56 32210.85 32194.35 31991.40 31451.26 30780.87 29953.04
23801.07 24462.59 25146.57 25889.14 26684.77 27518.13 28375.26 29245.47 30122.62 31004.26 31873.29 32718.95 33481.45 34060.95 34528.31 34748.52 34830.20 34814.21 34728.85 34647.79 34576.62 34508.69 34440.29 34372.08 34304.02 34235.81 34167.87 34099.85 34032.00 33962.87 33890.46 33812.85 33719.36 33582.47 33367.05 33049.26 32644.67 32212.12 31953.41 32027.48 32200.16 32476.28 32705.99 32841.39 32840.09 32749.43 32321.92 31682.26 30883.64 30006.10
23888.06 24568.92 25233.35 25939.41 26710.09 27532.40 28390.01 29269.13 30159.08 31055.17 31952.40 32828.57 33664.91 34379.48 34900.12 35277.78 35464.58 35568.51 35569.33 35527.01 35469.80 35408.42 35341.71 35273.23 35203.80 35134.33 35064.66 34995.35 34924.96 34851.27 34773.28 34682.01 34550.06 34340.30 34023.68 33612.68 33155.17 32788.88 32737.67 32730.30 32806.14 32984.65 33209.53 33288.15 33336.29 33016.47 32454.33 31757.49 30924.89 30041.13
23941.97 24666.55 25344.98 26022.49 26753.47 27553.83 28402.78 29284.65 30185.31 31093.39 32004.97 32905.32 33760.66 34545.24 35171.52 35639.96 35986.67 36193.77 36325.02 36378.62 36363.15 36318.11 36260.13 36193.20 36123.51 36052.34 35981.50 35909.83 35834.75 35756.08 35666.81 35539.80 35336.39 35021.66 34605.85 34128.00 33713.15 33612.36 33565.51 33524.79 33504.69 33549.48 33647.15 33715.29 33434.43 33045.54 32534.44 31799.38 30962.55 30062.27
23968.60 24728.38 25454.29 26138.02 26830.79 27589.80 28421.09 29296.27 30202.09 31122.59 32044.84 32959.80 33841.79 34633.72 35347.66 35899.50 36364.88 36706.43 36981.48 37171.46 37246.06 37236.49 37190.40 37132.40 37062.40 36991.00 36918.04 36841.49 36761.80 36674.27 36552.14 36355.78 36043.61 35624.36 35129.78 34662.19 34548.01 34481.24 34420.98 34367.45 34308.59 34231.30 34150.45 33832.85 33429.47 32960.13 32458.54 31768.73 30947.22 30067.94
23984.14 24758.12 25525.44 26260.01 26948.17 27659.26 28449.50 29312.51 30212.74 31140.54 32075.18 32999.84 33888.43 34711.74 35450.74 36064.90 36616.00 37109.11 37543.77 37888.06 38088.62 38149.95 38133.06 38083.52 38017.82 37944.90 37872.05 37791.02 37704.94 37587.51 37398.97 37090.00 36668.18 36162.28 35633.40 35514.31 35444.60 35375.10 35306.20 35203.82 35022.86 34782.74 34358.67 33881.28 33269.70 32825.64 32278.04 31623.35 30868.96 30042.91
23999.05 24774.04 25559.00 26342.13 27083.78 27775.60 28509.12 29333.70 30228.66 31150.87 32094.85 33030.46 33938.96 34772.30 35505.12 36164.99 36784.04 37434.18 37981.39 38481.10 38845.58 39033.36 39072.29 39046.15 38983.98 38915.73 38839.70 38754.49 38640.75 38466.11 38161.02 37736.99 37227.49 36627.21 36503.17 36433.18 36360.86 36289.58 36186.29 35977.29 35674.59 35193.96 34538.34 33769.98 33098.73 32510.14 31976.75 31387.06 30699.25 29944.10
24011.99 24789.84 25575.12 26380.43 27178.72 27925.59 28620.51 29381.92 30242.69 31165.84 32106.26 33058.46 33963.76 34808.43 35516.96 36178.12 36855.33 37543.85 38298.62 38942.11 39476.46 39839.87 39992.93 39996.42 39947.64 39880.45 39810.25 39709.18 39551.96 39250.98 38827.96 38326.94 37643.63 37514.65 37444.30 37370.79 37300.00 37202.09 36992.92 36683.57 36196.78 35457.48 34612.53 33707.74 32894.42 32220.63 31606.89 31042.79 30445.12 29761.72
24027.63 24802.38 25592.17 26396.43 27223.06 28035.44 28785.37 29483.14 30278.82 31174.47 32121.04 33057.61 33978.51 34798.34 35527.71 36181.42 36832.13 37563.04 38394.88 39278.80 39959.99 40498.13 40827.64 40924.79 40877.43 40826.80 40753.20 40627.27 40345.91 39927.18 39453.25 38684.36 38450.20 38456.78 38389.38 38317.90 38238.83 38039.63 37738.08 37258.70 36497.15 35618.59 34661.83 33690.42 32776.85 31980.33 31293.46 30679.50 30108.41 29503.97
24039.73 24819.39 25603.81 26415.35 27238.34 28087.61 28912.36 29663.02 30363.10 31199.84 32120.67 33069.35 33915.72 34746.17 35500.10 36134.85 36796.66 37521.81 38439.41 39396.28 40345.61 40998.84 41486.16 41752.86 41745.55 41686.09 41633.59 41390.75 41011.87 40573.44 39782.21 39041.93 39236.44 39355.81 39306.61 39236.78 39077.80 38803.73 38361.16 37585.65 36689.39 35705.28 34698.34 33688.49 32732.93 31846.42 31060.09 30378.01 29765.83 29183.82
24054.89 24830.95 25622.76 26425.29 27260.12 28101.09 28974.95 29809.36 30552.42 31254.54 32138.91 32997.96 33832.22 34657.06 35339.78 35985.35 36634.02 37485.26 38461.35 39482.06 40478.86 41417.04 41975.05 42312.69 42463.72 42419.57 42257.52 42001.75 41632.02 40855.21 40052.27 39405.86 39738.83 40120.37 40101.41 40048.20 39836.03 39459.65 38689.50 37796.84 36789.53 35755.75 34713.88 33702.54 32721.08 31790.15 30926.45 30155.85 29479.22 28862.13
24064.98 24847.87 25633.13 26447.08 27267.08 28127.40 28979.53 29882.30 30720.86 31452.62 32140.34 32918.71 33735.96 34416.14 35086.00 35718.80 36512.85 37447.55 38476.79 39520.91 40551.61 41516.18 42336.88 42738.30 42930.51 42908.41 42772.13 42482.63 41812.94 41039.29 40266.00 39733.48 40275.39 40504.78 40631.25 40599.60 40391.93 39765.06 38898.81 37895.21 36845.28 35775.54 34732.22 33716.20 32729.36 31774.44 30867.72 30026.58 29271.27 28592.66
24079.92 24856.88 25652.63 26455.19 27293.20 28124.06 29014.52 29878.17 30804.35 31603.87 32283.08 32944.34 33503.17 34133.15 34765.15 35539.68 36446.87 37451.63 38484.83 39533.83 40572.57 41536.67 42344.25 42890.26 43085.80 43102.59 42950.83 42526.61 41867.78 41127.62 40361.64 39881.45 40469.01 40787.35 40817.66 40811.81 40567.78 39933.24 39002.98 37947.36 36865.85 35795.13 34751.36 33733.67 32742.73 31780.26 30850.59 29967.52 29147.68 28397.42
24086.82 24874.39 25659.53 26478.63 27292.05 28158.33 29000.80 29920.99 30775.09 31662.04 32375.93 32720.61 33230.18 33813.70 34611.49 35525.12 36479.01 37468.59 38496.44 39549.87 40587.00 41552.52 42356.80 42889.17 43096.00 43094.71 42957.52 42536.95 41902.85 41129.12 40382.51 39886.16 40473.34 40787.37 40818.21 40811.02 40573.15 39946.51 39020.60 37967.71 36885.77 35814.97 34770.51 33752.18 32759.47 31792.96 30854.48 29949.07 29088.93 28279.38
24104.53 24878.52 25681.10 26476.43 27323.09 28148.31 29042.81 29886.44 30798.13 31542.93 31964.30 32397.77 32986.27 33805.36 34679.67 35580.63 36520.85 37506.28 38515.53 39561.88 40597.14 41561.02 42365.21 42738.63 42899.96 42894.29 42748.96 42470.23 41838.04 41108.94 40296.19 39716.25 40270.41 40630.53 40747.55 40598.29 40369.53 39762.53 38994.85 37974.44 36901.90 35833.34 34789.44 33770.75 32777.34 31809.00 30866.35 29951.36 29069.37 28221.42
24109.24 24900.25 25680.55 26504.63 27312.48 28186.24 29014.14 29914.17 30650.17 31092.26 31550.89 32252.44 33060.88 33889.93 34743.59 35643.50 36557.17 37533.57 38543.16 39563.85 40562.97 41481.52 41933.91 42377.50 42540.68 42520.60 42355.24 41973.29 41571.74 40900.00 40174.42 39426.27 39890.68 40154.53 40195.10 40079.02 39925.75 39398.46 38718.31 37873.54 36880.45 35841.11 34804.98 33788.41 32795.19 31826.23 30881.70 29962.34 29070.30 28201.01
24125.65 24901.82 25703.12 26497.66 27345.78 28163.30 29051.01 29773.89 30226.11 30713.46 31514.17 32327.41 33130.46 33961.53 34817.13 35691.13 36605.21 37552.40 38555.41 39529.53 40463.42 40989.00 41493.58 41741.15 41851.10 41816.93 41664.00 41392.84 40982.30 40489.20 39820.54 39133.42 39170.76 39281.78 39315.99 39211.77 39094.34 38818.01 38253.17 37574.11 36746.23 35800.89 34803.35 33800.07 32811.12 31843.16 30898.21 29976.98 29080.37 28200.77
24123.81 24923.60 25699.21 26528.10 27328.38 28204.12 28919.18 29370.45 29978.18 30772.32 31582.69 32386.29 33201.90 34023.21 34867.56 35748.09 36626.80 37589.19 38535.65 39442.65 39965.92 40475.25 40738.65 40888.71 40932.68 40897.34 40770.45 40564.53 40259.48 39864.17 39352.10 38709.09 38352.04 38271.23 38249.17 38198.39 38097.01 37930.71 37626.31 37094.75 36439.94 35647.93 34746.19 33788.57 32818.08 31856.88 30913.99 29992.70 29094.26 28209.95
24145.03 24909.97 25731.09 26509.04 27373.10 28080.49 28535.86 29216.60 30020.31 30833.77 31622.38 32443.82 33252.97 34075.60 34907.08 35776.25 36666.87 37580.01 38454.44 38961.30 39454.24 39700.87 39848.21 39908.33 39896.16 39853.51 39773.56 39633.40 39619.56 39589.41 39535.74 39373.41 39172.03 38704.19 38108.23 37402.70 37111.40 36952.99 36763.46 36455.91 35962.18 35334.88 34577.47 33716.11 32796.62 31858.54 30925.07 30007.08 29109.08 28223.06
24132.19 24941.04 25704.88 26557.52 27257.47 27711.82 28430.88 29239.28 30057.35 30867.64 31677.14 32469.85 33293.95 34104.28 34940.83 35792.11 36677.75 37520.58 38005.15 38465.82 38702.77 38832.73 38881.04 38849.35 38808.92 38956.59 39602.58 40125.37 40382.91 40526.55 40411.03 40256.86 39801.00 39186.92 38523.22 37487.79 36457.38 36051.43 35839.99 35631.53 35323.24 34857.62 34258.02 33533.90 32710.35 31827.27 30921.02 30015.12 29121.83 28236.84
24165.46 24915.50 25752.07 26444.73 26898.09 27626.43 28442.73 29264.51 30079.85 30898.98 31701.72 32507.92 33301.52 34134.13 34948.85 35812.63 36634.61 37097.39 37531.75 37752.97 37859.65 37881.92 37832.49 37778.73 38186.75 39119.34 39975.91 40587.91 41063.66 41202.93 41229.35 40859.87 40300.84 39671.28 38625.78 37527.66 36446.37 35498.53 35025.73 34765.95 34536.06 34226.45 33782.49 33208.88 32516.48 31728.50 30880.22 30005.11 29126.49 28247.71
24137.16 24966.43 25647.01 26099.41 26827.43 27638.57 28460.01 29275.16 30099.05 30907.02 31724.24 32517.71 33327.30 34126.32 34973.75 35775.40 36226.89 36645.56 36846.43 36930.62 36927.46 36854.43 36814.75 37196.83 38196.52 39244.27 40178.23 40992.23 41348.36 41682.84 41517.74 41282.32 40777.47 39773.23 38666.44 37557.38 36470.33 35421.78 34542.64 34031.83 33731.03 33477.36 33165.68 32737.16 32187.10 31524.59 30770.18 29955.16 29110.38 28248.73
24186.72 24863.96 25310.40 26030.44 26831.50 27647.70 28462.71 29286.23 30099.25 30921.27 31720.14 32537.36 33324.03 34155.51 34932.36 35372.84 35786.14 35977.13 36049.31 36031.33 35965.51 35920.01 36234.04 37191.72 38239.01 39262.97 40331.41 41126.08 41641.06 41744.53 41747.47 41484.75 40789.81 39795.40 38686.60 37580.33 36497.17 35456.85 34466.08 33610.65 33074.85 32734.80 32456.14 32137.69 31720.87 31192.70 30557.81 29834.98 29051.75 28226.49
24086.77 24535.82 25243.08 26034.35 26840.40 27650.34 28473.51 29286.43 30113.14 30917.28 31739.30 32526.53 33352.42 34115.02 34539.80 34942.89 35134.18 35199.65 35172.18 35122.38 35075.31 35315.58 36224.55 37221.12 38218.99 39307.72 40291.61 41192.78 41502.67 41747.78 41743.20 41492.04 40803.36 39807.21 38707.70 37602.41 36530.50 35502.70 34545.25 33680.30 32925.59 32231.38 31794.62 31477.50 31143.60 30733.80 30224.21 29615.49 28922.48 28159.67
23766.95 24470.12 25246.84 26043.02 26842.97 27660.86 28473.70 29299.97 30109.25 30935.94 31718.77 32544.18 33302.85 33727.25 34125.35 34311.96 34370.90 34344.15 34302.18 34252.61 34429.70 35291.16 36238.20 37191.64 38243.10 39216.39 40218.43 40834.17 41286.98 41496.27 41480.54 41248.32 40596.10 39776.42 38711.70 37627.34 36555.95 35569.11 34654.29 33873.65 33183.78 32463.90 31683.55 30942.06 30542.67 30183.80 29775.39 29281.92 28697.24 28022.38
23702.88 24468.73 25250.32 26040.52 26848.27 27651.09 28476.93 29286.25 30117.46 30905.97 31735.90 32485.80 32919.75 33312.99 33505.00 33562.53 33536.48 33495.17 33455.77 33580.54 34405.63 35304.37 36209.46 37215.10 38144.54 39125.85 39783.11 40300.46 40822.81 40802.62 40770.91 40555.60 40162.02 39479.63 38619.81 37614.83 36607.45 35634.15 34789.60 34084.61 33388.60 32614.02 31820.53 30977.16 30122.88 29643.11 29254.91 28845.03 28365.34 27792.77
23701.52 24472.11 25247.89 26045.69 26838.74 27654.22 28453.62 29284.28 30073.31 30907.66 31663.93 32102.23 32495.74 32692.98 32759.10 32733.74 32704.99 32668.48 32762.23 33541.88 34408.44 35266.37 36222.36 37108.99 38046.13 38686.84 39196.02 39761.96 39823.01 39787.19 39750.62 39689.11 39410.96 38956.57 38309.70 37506.15 36612.36 35692.01 34915.70 34208.23 33460.86 32735.89 31897.29 31038.08 30139.79 29297.59 28769.84 28355.89 27942.55 27464.28
23704.81 24469.74 25252.91 26032.67 26838.06 27627.78 28452.92 29232.54 30064.96 30827.39 31264.97 31673.68 31881.02 31955.53 31930.84 31902.82 31875.92 31954.07 32699.38 33534.54 34346.49 35263.96 36108.88 37002.94 37617.98 38104.71 38656.09 38715.32 38694.54 38658.88 38616.19 38575.80 38474.57 38207.72 37774.00 37185.24 36479.01 35720.42 34953.59 34221.86 33541.29 32778.32 31963.35 31069.98 30170.15 29268.35 28472.04 27917.98 27484.04 27057.13
23703.78 24475.92 25236.51 26028.32 26808.56 27623.35 28393.79 29215.59 29977.83 30414.72 30836.95 31049.19 31136.83 31122.77 31095.48 31069.35 31150.83 31867.62 32667.21 33449.23 34329.14 35133.38 35995.35 36575.42 37045.22 37572.92 37620.86 37595.71 37565.45 37526.57 37485.87 37444.75 37389.53 37280.32 37035.07 36649.91 36147.70 35571.99 34946.57 34248.48 33527.60 32807.12 31969.99 31091.53 30183.95 29286.46 28414.61 27652.63 27086.69 26628.33
23704.80 24461.16 25233.50 26002.04 26801.78 27563.22 28369.74 29123.06 29556.75 29988.49 30204.22 30299.71 30299.70 30283.07 30257.71 30342.43 31041.38 31811.24 32574.03 33417.32 34181.88 35012.55 35568.48 36011.79 36516.39 36558.29 36523.91 36489.39 36451.47 36415.86 36373.87 36333.78 36292.74 36237.70 36125.16 35906.85 35581.72 35181.54 34690.39 34141.33 33484.08 32701.34 31931.84 31069.64 30185.91 29295.32 28418.21 27578.25 26844.97 26265.76
23691.70 24460.74 25211.75 25995.74 26743.43 27540.02 28279.68 28712.76 29134.92 29353.93 29454.56 29464.55 29457.06 29441.12 29528.99 30210.55 30961.38 31695.50 32517.99 33253.78 34053.93 34586.31 35003.78 35490.83 35521.85 35483.44 35444.82 35403.78 35368.31 35327.68 35291.00 35251.13 35212.32 35172.74 35118.61 35011.01 34827.73 34548.04 34234.35 33780.10 33247.27 32573.94 31802.89 31002.63 30152.81 29291.27 28423.51 27571.08 26761.39 26042.64
23695.17 24439.83 25212.46 25947.37 26729.26 27450.64 27883.13 28294.24 28512.89 28618.07 28632.53 28632.69 28617.27 28716.88 29380.25 30112.52 30828.61 31630.80 32338.54 33108.96 33618.33 34020.57 34490.50 34510.92 34468.57 34431.82 34390.15 34351.47 34312.49 34272.11 34232.94 34196.12 34157.81 34120.78 34084.24 34029.85 33939.60 33779.19 33545.11 33234.83 32807.81 32267.73 31607.59 30862.34 30075.38 29252.46 28414.09 27571.80 26745.16 25954.17
23678.68 24449.03 25171.60 25946.97 26650.53 27077.46 27478.42 27693.86 27795.74 27809.31 27811.52 27796.26 27896.15 28551.70 29264.65 29963.13 30745.54 31435.88 32177.27 32669.16 33056.58 33509.81 33524.86 33478.66 33445.92 33402.65 33364.84 33325.16 33282.79 33243.83 33204.72 33166.72 33130.24 33093.75 33058.14 33023.82 32972.05 32887.37 32744.32 32522.85 32221.17 31803.49 31277.60 30645.25 29930.65 29168.12 28372.23 27558.35 26741.24 25930.41
23696.15 24414.91 25178.97 25882.23 26316.29 26707.35 26922.51 27004.33 27010.48 27009.84 26988.75 27093.40 27727.40 28425.17 29105.25 29867.08 30540.45 31263.49 31738.38 32111.34 32553.25 32563.05 32508.15 32483.38 32439.54 32404.07 32363.90 32321.93 32282.31 32241.82 32203.38 32165.37 32128.37 32092.57 32057.59 32023.48 31989.16 31939.38 31858.05 31719.67 31509.25 31214.89 30817.63 30314.90 29708.46 29023.72 28285.40 27513.48 26723.54 25921.65
23671.89 24429.87 25145.43 25595.78 26020.35 26230.24 26310.07 26277.91 26255.41 26205.30 26303.98 26921.63 27595.29 28259.78 29001.53 29657.11 30362.26 30825.52 31184.35 31615.21 31619.94 31561.51 31543.76 31496.61 31465.73 31426.32 31385.98 31346.40 31306.09 31267.07 31228.00 31190.32 31153.30 31117.25 31082.26 31048.63 31015.30 30980.34 30932.20 30851.65 30719.46 30521.01 30242.40 29868.44 29387.37 28808.07 28145.27 27428.65 26676.50 25900.13
23690.97 24426.74 24893.03 25402.51 25680.61 25758.53 25732.20 25611.42 25531.91 25554.63 26137.00 26782.73 27427.94 28151.11 28788.05 29474.47 29925.15 30275.19 30690.32 30695.06 30639.27 30619.93 30575.47 30549.19 30509.05 30471.75 30433.44 30394.46 30355.74 30316.78 30278.60 30240.71 30203.88 30167.81 30132.66 30098.57 30065.60 30033.02 29998.29 29950.33 29874.10 29754.33 29570.51 29321.77 28965.67 28506.27 27941.86 27290.73 26593.10 25851.39
23687.85 24180.68 24742.67 25144.50 25371.11 25345.52 25282.48 25170.93 24947.54 25404.18 26004.27 26620.13 27316.94 27937.89 28604.84 29043.20 29383.43 29788.19 29787.94 29733.60 29718.78 29676.65 29650.10 29608.11 29577.64 29540.50 29503.93 29466.68 29428.90 29391.16 29353.36 29316.11 29279.29 29243.35 29208.20 29173.93 29140.68 29108.61 29077.34 29044.07 29001.28 28938.20 28841.44 28679.82 28446.97 28108.48 27650.43 27089.29 26452.63 25763.05
23460.09 24060.85 24548.19 24924.60 25006.98 24998.35 24944.27 24748.81 24749.60 25274.65 25845.69 26511.81 27108.97 27754.13 28179.23 28509.89 28903.25 28903.12 28852.95 28836.14 28795.24 28767.98 28731.61 28701.72 28664.45 28632.48 28597.15 28561.53 28525.32 28488.65 28451.92 28415.21 28378.91 28343.09 28308.05 28273.78 28240.37 28208.17 28177.67 28148.81 28121.01 28090.25 28048.34 27973.52 27825.82 27601.43 27263.90 26805.27 26251.54 25622.28
23331.09 23844.24 24276.44 24487.44 24629.64 24646.21 24603.41 24404.14 24623.16 25115.00 25735.02 26303.96 26929.63 27339.03 27659.07 28041.36 28040.08 27991.21 27970.88 27931.81 27907.98 27872.94 27843.61 27810.20 27779.30 27744.75 27712.54 27678.50 27643.87 27608.68 27573.07 27537.34 27501.66 27466.32 27431.46 27397.30 27363.89 27331.57 27301.07 27275.70 27251.78 27235.40 27224.81 27203.34 27134.54 26990.62 26753.32 26408.05 25957.59 25412.98
23119.85 23579.14 23811.92 24046.00 24135.55 24175.84 24107.08 24044.99 24429.22 24989.47 25532.29 26128.94 26519.79 26826.74 27196.96 27194.54 27146.21 27129.85 27091.86 27066.21 27032.52 27005.85 26973.87 26944.15 26912.48 26881.61 26848.81 26816.94 26783.95 26750.30 26716.10 26681.51 26646.78 26612.08 26577.69 26543.75 26510.46 26478.15 26448.99 26427.85 26414.27 26413.00 26409.23 26387.95 26370.73 26292.64 26141.99 25897.32 25560.36 25116.15
22853.48 23108.56 23354.41 23468.68 23546.16 23536.37 23498.78 23760.36 24279.81 24779.60 25353.66 25723.65 26016.25 26373.33 26369.80 26323.41 26306.72 26269.59 26246.82 26214.12 26186.64 26155.78 26128.18 26098.00 26068.57 26038.11 26007.72 25976.20 25944.94 25912.89 25880.19 25846.96 25813.36 25779.58 25745.85 25712.37 25679.34 25647.04 25621.46 25609.42 25609.70 25612.09 25596.73 25587.41 25562.38 25527.42 25442.84 25290.86 25053.80 24718.10
22388.94 22642.35 22773.76 22866.87 22857.40 22848.17 23081.08 23587.61 24045.44 24597.45 24952.67 25229.59 25572.49 25566.63 25522.04 25504.16 25468.02 25445.34 25413.61 25388.34 25358.41 25330.61 25301.42 25273.77 25244.80 25215.95 25186.45 25156.72 25126.23 25095.68 25064.50 25032.71 25000.40 24967.73 24934.89 24902.08 24869.51 24837.38 24822.74 24823.96 24826.95 24813.50 24810.49 24786.08 24762.86 24732.68 24692.41 24605.12 24452.89 24215.04
21920.69 22062.61 22159.12 22157.74 22148.78 22393.00 22874.67 23321.07 23851.44 24192.15 24453.70 24784.11 24774.62 24729.92 24712.48 24676.01 24653.89 24622.95 24598.31 24569.13 24542.02 24513.56 24486.60 24458.35 24430.22 24401.45 24372.46 24342.74 24312.95 24282.55 24251.55 24220.05 24188.19 24156.17 24124.18 24092.42 24061.10 24046.82 24048.12 24051.16 24039.00 24036.72 24014.46 23991.82 23964.79 23923.13 23838.02 23688.09 23503.63 23333.29
