#Reward Function.
0.0000  0.0000  0.0000  0.0000  0.0000  0.0000  0.0000  0.0000  0.0000  0.0000  0.0000  0.0000  0.0000  0.0000  0.0000  0.0000  0.0000  0.0000  0.0000  0.0000  0.0000  0.0000  0.0000  0.0000  0.0000  0.0000  0.0000  0.0000  0.0000  0.0000  0.0000  0.0000  0.0000  0.0000  0.0000  0.0000  0.0000  0.0000  0.0000  0.0000  0.0000  0.0000  0.0000  0.0000  0.0000  0.0000  0.0000  0.0000  0.0000  0.0000 
0.0000  0.0000  0.0000  0.0000  0.0000  0.0000  0.0000  0.0000  0.0000  0.0000  0.0000  0.0000  0.0000  0.0000  0.0000  0.0000  0.0000  0.0000  0.0000  0.0000  0.0000  0.0000  0.0000  0.0000  0.0000  0.0000  0.0000  0.0000  0.0000  0.0000  0.0000  0.0000  0.0000  0.0000  0.0000  0.0000  0.0000  0.0000  0.0000  0.0000  0.0000  0.0000  0.0000  0.0000  0.0000  0.0000  0.0000  0.0000  0.0000  0.0000 
0.0000  0.0000  0.0000  0.0000  0.0000  0.0000  0.0000  0.0000  0.0000  0.0000  0.0000  0.0000  0.0000  0.0000  0.0000  0.0000  0.0000  0.0000  0.0000  0.0000  0.0000  0.0000  0.0000  0.0000  0.0000  0.0000  0.0000  0.0000  0.0000  0.0000  0.0000  0.0000  0.0000  0.0000  0.0000  0.0000  0.0000  0.0000  0.0011  0.0011  0.0011  0.0000  0.0000  0.0000  0.0000  0.0000  0.0000  0.0000  0.0000  0.0000 
0.0000  0.0000  0.0000  0.0000  0.0000  0.0000  0.0000  0.0000  0.0000  0.0000  0.0000  0.0000  0.0000  0.0000  0.0000  0.0000  0.0000  0.0000  0.0000  0.0000  0.0000  0.0000  0.0000  0.0000  0.0000  0.0000  0.0000  0.0000  0.0000  0.0000  0.0000  0.0000  0.0000  0.0000  0.0000  0.0000  0.0011  0.0023  0.0060  0.0060  0.0060  0.0023  0.0023  0.0011  0.0000  0.0000  0.0000  0.0000  0.0000  0.0000 
0.0000  0.0000  0.0000  0.0000  0.0000  0.0000  0.0000  0.0000  0.0000  0.0000  0.0000  0.0000  0.0000  0.0000  0.0000  0.0000  0.0000  0.0000  0.0000  0.0000  0.0000  0.0000  0.0000  0.0000  0.0000  0.0000  0.0000  0.0000  0.0000  0.0000  0.0000  0.0000  0.0000  0.0000  0.0011  0.0023  0.0060  0.0109  0.0169  0.0169  0.0169  0.0109  0.0060  0.0023  0.0011  0.0000  0.0000  0.0000  0.0000  0.0000 
0.0000  0.0000  0.0000  0.0000  0.0000  0.0000  0.0000  0.0000  0.0000  0.0000  0.0000  0.0000  0.0000  0.0000  0.0000  0.0000  0.0000  0.0000  0.0000  0.0000  0.0000  0.0000  0.0000  0.0000  0.0000  0.0000  0.0000  0.0000  0.0000  0.0000  0.0000  0.0000  0.0000  0.0011  0.0023  0.0109  0.0169  0.0304  0.0522  0.0522  0.0522  0.0304  0.0169  0.0109  0.0060  0.0011  0.0000  0.0000  0.0000  0.0000 
0.0000  0.0000  0.0000  0.0000  0.0000  0.0000  0.0000  0.0000  0.0000  0.0000  0.0000  0.0000  0.0000  0.0000  0.0000  0.0000  0.0000  0.0000  0.0000  0.0000  0.0000  0.0000  0.0000  0.0000  0.0000  0.0000  0.0000  0.0000  0.0000  0.0000  0.0000  0.0000  0.0000  0.0023  0.0060  0.0169  0.0304  0.0852  0.0852  0.1340  0.1340  0.0852  0.0522  0.0304  0.0109  0.0023  0.0011  0.0000  0.0000  0.0000 
0.0000  0.0000  0.0000  0.0000  0.0000  0.0000  0.0000  0.0000  0.0002  0.0002  0.0002  0.0002  0.0000  0.0000  0.0000  0.0000  0.0000  0.0000  0.0000  0.0000  0.0000  0.0000  0.0000  0.0000  0.0000  0.0000  0.0000  0.0000  0.0000  0.0000  0.0000  0.0000  0.0011  0.0060  0.0169  0.0304  0.0852  0.1340  0.2012  0.2887  0.2887  0.2012  0.0852  0.0522  0.0169  0.0060  0.0023  0.0000  0.0000  0.0000 
0.0000  0.0000  0.0000  0.0000  0.0000  0.0000  0.0002  0.0003  0.0003  0.0009  0.0009  0.0009  0.0003  0.0002  0.0002  0.0000  0.0000  0.0000  0.0000  0.0000  0.0000  0.0000  0.0000  0.0000  0.0000  0.0000  0.0000  0.0000  0.0000  0.0000  0.0000  0.0000  0.0023  0.0060  0.0169  0.0522  0.1340  0.2887  0.3927  0.4993  0.4993  0.2887  0.2012  0.0852  0.0304  0.0109  0.0023  0.0000  0.0000  0.0000 
0.0000  0.0000  0.0000  0.0000  0.0000  0.0002  0.0009  0.0016  0.0016  0.0024  0.0024  0.0024  0.0016  0.0009  0.0003  0.0002  0.0000  0.0000  0.0000  0.0000  0.0000  0.0000  0.0000  0.0000  0.0000  0.0000  0.0000  0.0000  0.0000  0.0000  0.0000  0.0000  0.0023  0.0109  0.0304  0.0852  0.2012  0.3927  0.5830  0.6284  0.5830  0.4993  0.2887  0.1340  0.0522  0.0169  0.0060  0.0011  0.0000  0.0000 
0.0000  0.0000  0.0000  0.0000  0.0002  0.0009  0.0016  0.0024  0.0043  0.0074  0.0074  0.0074  0.0043  0.0024  0.0016  0.0003  0.0002  0.0000  0.0000  0.0000  0.0000  0.0000  0.0000  0.0000  0.0000  0.0000  0.0000  0.0000  0.0000  0.0000  0.0000  0.0000  0.0023  0.0109  0.0304  0.0852  0.2012  0.3927  0.5830  0.6172  0.6284  0.4993  0.2887  0.1340  0.0522  0.0169  0.0060  0.0011  0.0000  0.0000 
0.0000  0.0000  0.0000  0.0002  0.0009  0.0016  0.0043  0.0074  0.0121  0.0191  0.0191  0.0191  0.0121  0.0074  0.0024  0.0016  0.0003  0.0000  0.0000  0.0000  0.0000  0.0000  0.0000  0.0000  0.0000  0.0000  0.0000  0.0000  0.0000  0.0000  0.0000  0.0000  0.0023  0.0109  0.0304  0.0852  0.2012  0.2887  0.4993  0.5830  0.5830  0.3927  0.2012  0.0852  0.0522  0.0169  0.0060  0.0011  0.0000  0.0000 
0.0003  0.0003  0.0003  0.0003  0.0016  0.0024  0.0074  0.0191  0.0287  0.0411  0.0411  0.0411  0.0191  0.0121  0.0043  0.0024  0.0009  0.0002  0.0000  0.0000  0.0000  0.0000  0.0000  0.0000  0.0000  0.0000  0.0000  0.0000  0.0000  0.0000  0.0000  0.0000  0.0011  0.0060  0.0169  0.0522  0.1340  0.2012  0.2887  0.3927  0.3927  0.2887  0.1340  0.0852  0.0304  0.0109  0.0023  0.0000  0.0000  0.0000 
0.0018  0.0018  0.0018  0.0010  0.0019  0.0043  0.0121  0.0287  0.0411  0.0711  0.0711  0.0560  0.0411  0.0191  0.0074  0.0024  0.0016  0.0003  0.0000  0.0000  0.0000  0.0000  0.0000  0.0000  0.0000  0.0000  0.0000  0.0000  0.0000  0.0000  0.0000  0.0000  0.0011  0.0023  0.0109  0.0304  0.0522  0.1340  0.2012  0.2012  0.2012  0.1340  0.0852  0.0304  0.0169  0.0060  0.0011  0.0000  0.0000  0.0000 
0.0050  0.0050  0.0034  0.0041  0.0042  0.0078  0.0191  0.0411  0.0711  0.0831  0.0895  0.0831  0.0560  0.0287  0.0121  0.0043  0.0016  0.0003  0.0000  0.0000  0.0000  0.0000  0.0000  0.0000  0.0000  0.0000  0.0000  0.0000  0.0000  0.0000  0.0000  0.0000  0.0000  0.0011  0.0060  0.0109  0.0304  0.0522  0.0852  0.0852  0.0852  0.0522  0.0304  0.0169  0.0109  0.0023  0.0000  0.0000  0.0000  0.0000 
0.0154  0.0154  0.0092  0.0059  0.0056  0.0092  0.0194  0.0411  0.0711  0.0895  0.0879  0.0831  0.0560  0.0287  0.0121  0.0043  0.0016  0.0003  0.0000  0.0000  0.0000  0.0000  0.0000  0.0000  0.0000  0.0000  0.0000  0.0000  0.0129  0.0129  0.0129  0.0129  0.0000  0.0000  0.0023  0.0060  0.0109  0.0169  0.0304  0.0304  0.0304  0.0169  0.0169  0.0060  0.0023  0.0011  0.0000  0.0000  0.0000  0.0000 
0.0397  0.0397  0.0254  0.0163  0.0105  0.0076  0.0128  0.0290  0.0560  0.0711  0.0831  0.0711  0.0411  0.0287  0.0121  0.0043  0.0016  0.0003  0.0000  0.0000  0.0000  0.0000  0.0000  0.0000  0.0000  0.0000  0.0000  0.0515  0.1286  0.1286  0.1286  0.1286  0.0515  0.0000  0.0000  0.0011  0.0023  0.0060  0.0109  0.0109  0.0109  0.0060  0.0060  0.0023  0.0011  0.0000  0.0000  0.0000  0.0000  0.0000 
0.0854  0.0854  0.0595  0.0255  0.0170  0.0093  0.0139  0.0194  0.0411  0.0560  0.0560  0.0411  0.0287  0.0191  0.0074  0.0024  0.0009  0.0002  0.0000  0.0000  0.0000  0.0000  0.0000  0.0000  0.0000  0.0000  0.0515  0.1286  0.5146  0.5146  0.5146  0.2702  0.1286  0.0515  0.0000  0.0000  0.0011  0.0047  0.0058  0.0058  0.0058  0.0058  0.0011  0.0000  0.0000  0.0000  0.0000  0.0000  0.0000  0.0000 
0.1477  0.1477  0.0854  0.0597  0.0261  0.0114  0.0076  0.0128  0.0191  0.0287  0.0287  0.0191  0.0121  0.0074  0.0043  0.0016  0.0003  0.0000  0.0000  0.0000  0.0000  0.0000  0.0000  0.0000  0.0000  0.0129  0.1286  0.5146  0.8619  1.2607  1.2607  0.8619  0.2702  0.1286  0.0129  0.0036  0.0072  0.0191  0.0191  0.0191  0.0191  0.0191  0.0072  0.0036  0.0000  0.0000  0.0000  0.0000  0.0000  0.0000 
0.1859  0.1725  0.1162  0.0595  0.0255  0.0099  0.0056  0.0050  0.0074  0.0121  0.0121  0.0074  0.0074  0.0043  0.0016  0.0009  0.0002  0.0000  0.0000  0.0000  0.0000  0.0000  0.0000  0.0000  0.0000  0.0515  0.2702  0.8619  1.2607  1.8139  1.8139  1.2607  0.5146  0.1286  0.0164  0.0191  0.0347  0.0538  0.0538  0.0538  0.0538  0.0538  0.0347  0.0191  0.0072  0.0000  0.0000  0.0000  0.0000  0.0000 
0.1826  0.1725  0.1162  0.0595  0.0254  0.0093  0.0041  0.0022  0.0024  0.0043  0.0043  0.0043  0.0024  0.0016  0.0009  0.0002  0.0000  0.0000  0.0000  0.0000  0.0000  0.0000  0.0000  0.0000  0.0000  0.0515  0.2702  0.8619  1.6081  1.8139  1.8139  1.2607  0.5146  0.1322  0.0320  0.0347  0.0538  0.0968  0.1661  0.1661  0.1661  0.1661  0.0968  0.0538  0.0191  0.0072  0.0000  0.0000  0.0000  0.0000 
0.1725  0.1477  0.1162  0.0595  0.0252  0.0090  0.0035  0.0015  0.0009  0.0016  0.0016  0.0016  0.0009  0.0003  0.0002  0.0000  0.0000  0.0000  0.0000  0.0000  0.0000  0.0000  0.0000  0.0000  0.0000  0.0129  0.1286  0.5146  0.8619  1.6081  1.2607  0.8619  0.5146  0.1358  0.0475  0.0538  0.1661  0.2712  0.4266  0.4266  0.4266  0.4266  0.1661  0.0968  0.0347  0.0191  0.0036  0.0000  0.0000  0.0000 
0.1162  0.0854  0.0595  0.0397  0.0154  0.0050  0.0018  0.0008  0.0002  0.0003  0.0003  0.0003  0.0002  0.0000  0.0000  0.0000  0.0000  0.0000  0.0000  0.0000  0.0000  0.0000  0.0000  0.0000  0.0000  0.0000  0.0515  0.2702  0.5146  0.8619  0.8619  0.5146  0.1322  0.0706  0.0538  0.1661  0.2712  0.6404  0.9188  0.9188  0.9188  0.6404  0.4266  0.1661  0.0968  0.0347  0.0072  0.0000  0.0000  0.0000 
0.0595  0.0397  0.0397  0.0154  0.0090  0.0032  0.0018  0.0003  0.0000  0.0000  0.0000  0.0000  0.0000  0.0000  0.0000  0.0000  0.0000  0.0000  0.0000  0.0000  0.0000  0.0000  0.0000  0.0000  0.0000  0.0000  0.0129  0.0515  0.1286  0.2702  0.2702  0.1286  0.0586  0.0347  0.0968  0.1661  0.4266  0.9188  1.5892  1.5892  1.5892  1.2498  0.6404  0.2712  0.0968  0.0347  0.0072  0.0000  0.0000  0.0000 
0.0252  0.0154  0.0154  0.0090  0.0032  0.0018  0.0003  0.0000  0.0000  0.0000  0.0000  0.0000  0.0000  0.0000  0.0000  0.0000  0.0000  0.0000  0.0000  0.0000  0.0000  0.0000  0.0000  0.0000  0.0000  0.0000  0.0000  0.0000  0.0129  0.0515  0.0515  0.0129  0.0072  0.0347  0.0968  0.2712  0.6404  1.2498  1.8556  2.0002  2.0002  1.5892  0.9188  0.4266  0.1661  0.0538  0.0191  0.0036  0.0000  0.0000 
0.0090  0.0050  0.0050  0.0032  0.0018  0.0007  0.0000  0.0000  0.0000  0.0000  0.0000  0.0000  0.0000  0.0000  0.0000  0.0000  0.0000  0.0000  0.0000  0.0000  0.0000  0.0000  0.0000  0.0000  0.0000  0.0000  0.0000  0.0000  0.0000  0.0000  0.0139  0.0139  0.0211  0.0485  0.1107  0.2851  0.6543  1.2637  1.8695  2.0002  2.0002  1.5892  0.9188  0.4266  0.1661  0.0538  0.0191  0.0036  0.0000  0.0000 
0.0032  0.0018  0.0018  0.0007  0.0003  0.0000  0.0000  0.0000  0.0000  0.0000  0.0000  0.0000  0.0000  0.0000  0.0000  0.0000  0.0000  0.0000  0.0000  0.0000  0.0000  0.0000  0.0000  0.0000  0.0000  0.0000  0.0000  0.0000  0.0139  0.0139  0.0139  0.0139  0.0211  0.0624  0.1246  0.1939  0.4543  0.9327  1.6030  1.6030  1.6030  1.2637  0.6404  0.2712  0.0968  0.0347  0.0072  0.0000  0.0000  0.0000 
0.0007  0.0003  0.0003  0.0000  0.0000  0.0000  0.0000  0.0000  0.0000  0.0000  0.0000  0.0000  0.0000  0.0000  0.0000  0.0000  0.0000  0.0000  0.0000  0.0000  0.0000  0.0000  0.0000  0.0000  0.0000  0.0000  0.0139  0.0141  0.0141  0.0282  0.0282  0.0280  0.0316  0.0608  0.0954  0.2078  0.3129  0.6682  0.9466  0.9466  0.9327  0.6543  0.4405  0.1661  0.0968  0.0347  0.0072  0.0000  0.0000  0.0000 
0.0000  0.0000  0.0000  0.0000  0.0000  0.0000  0.0000  0.0000  0.0000  0.0000  0.0000  0.0000  0.0000  0.0000  0.0000  0.0000  0.0000  0.0000  0.0000  0.0000  0.0000  0.0000  0.0000  0.0000  0.0000  0.0141  0.0144  0.0151  0.0290  0.0300  0.0439  0.0568  0.0568  0.0910  0.1182  0.1371  0.2494  0.3268  0.4821  0.4682  0.4543  0.4543  0.1800  0.1107  0.0485  0.0191  0.0036  0.0000  0.0000  0.0000 
0.0000  0.0000  0.0000  0.0000  0.0000  0.0000  0.0000  0.0000  0.0000  0.0000  0.0000  0.0000  0.0000  0.0000  0.0000  0.0000  0.0000  0.0000  0.0000  0.0000  0.0000  0.0000  0.0000  0.0000  0.0141  0.0151  0.0300  0.0312  0.0451  0.0618  0.0896  0.1007  0.1007  0.1308  0.1446  0.1599  0.1788  0.1940  0.2633  0.2494  0.2217  0.2078  0.1246  0.0677  0.0330  0.0211  0.0000  0.0000  0.0000  0.0000 
0.0000  0.0000  0.0000  0.0000  0.0000  0.0000  0.0000  0.0000  0.0000  0.0000  0.0000  0.0000  0.0000  0.0000  0.0000  0.0000  0.0000  0.0000  0.0000  0.0000  0.0000  0.0000  0.0000  0.0141  0.0151  0.0300  0.0312  0.0662  0.0940  0.1146  0.1424  0.1635  0.1590  0.1979  0.2003  0.2141  0.2294  0.2066  0.1788  0.1788  0.1510  0.1371  0.0763  0.0469  0.0211  0.0139  0.0000  0.0000  0.0000  0.0000 
0.0000  0.0000  0.0000  0.0000  0.0000  0.0000  0.0000  0.0000  0.0000  0.0000  0.0000  0.0000  0.0000  0.0000  0.0000  0.0000  0.0000  0.0000  0.0000  0.0000  0.0000  0.0000  0.0139  0.0144  0.0300  0.0312  0.0662  0.1007  0.1563  0.2173  0.2590  0.2674  0.2535  0.3024  0.2952  0.2965  0.2994  0.2553  0.2136  0.1719  0.1441  0.1164  0.0905  0.0453  0.0278  0.0139  0.0139  0.0000  0.0000  0.0000 
0.0000  0.0000  0.0000  0.0000  0.0000  0.0000  0.0000  0.0000  0.0000  0.0000  0.0000  0.0000  0.0000  0.0000  0.0000  0.0000  0.0000  0.0000  0.0000  0.0000  0.0000  0.0000  0.0141  0.0151  0.0312  0.0618  0.1007  0.1895  0.2821  0.4545  0.5517  0.4210  0.3646  0.4063  0.3952  0.3912  0.3894  0.3370  0.2953  0.2397  0.1981  0.1564  0.0972  0.0833  0.0417  0.0278  0.0139  0.0139  0.0000  0.0000 
0.0000  0.0000  0.0000  0.0000  0.0000  0.0000  0.0000  0.0000  0.0000  0.0000  0.0000  0.0000  0.0000  0.0000  0.0000  0.0000  0.0000  0.0000  0.0000  0.0000  0.0000  0.0139  0.0141  0.0290  0.0451  0.0940  0.1563  0.2821  0.7037  1.0931  1.1348  0.6490  0.5738  0.5313  0.5107  0.5035  0.5013  0.4448  0.3890  0.3334  0.2362  0.1945  0.1528  0.0972  0.0556  0.0417  0.0278  0.0139  0.0000  0.0000 
0.0000  0.0000  0.0000  0.0000  0.0000  0.0000  0.0000  0.0000  0.0000  0.0000  0.0000  0.0000  0.0000  0.0000  0.0000  0.0000  0.0000  0.0000  0.0000  0.0000  0.0000  0.0139  0.0282  0.0300  0.0618  0.1146  0.2173  0.4545  1.0931  1.7600  1.8711  0.9676  0.6850  0.6286  0.6080  0.6008  0.5569  0.5559  0.5001  0.3890  0.3334  0.2362  0.1945  0.1250  0.0833  0.0417  0.0278  0.0139  0.0139  0.0000 
0.0000  0.0000  0.0000  0.0000  0.0000  0.0000  0.0000  0.0000  0.0000  0.0000  0.0000  0.0000  0.0000  0.0000  0.0000  0.0000  0.0000  0.0000  0.0000  0.0000  0.0000  0.0139  0.0280  0.0429  0.0868  0.1357  0.2257  0.3654  0.8009  1.8711  1.9267  1.0649  0.7683  0.6980  0.6774  0.6702  0.6402  0.5976  0.5557  0.5001  0.3890  0.3334  0.2362  0.1528  0.0972  0.0556  0.0278  0.0139  0.0139  0.0000 
0.0000  0.0000  0.0000  0.0000  0.0000  0.0000  0.0000  0.0000  0.0000  0.0000  0.0000  0.0000  0.0000  0.0000  0.0000  0.0000  0.0000  0.0000  0.0000  0.0000  0.0139  0.0139  0.0280  0.0568  0.1007  0.1635  0.2674  0.4210  0.6490  0.9676  1.0649  0.8990  0.7591  0.7120  0.7052  0.6980  0.6958  0.6670  0.6390  0.5557  0.4445  0.3334  0.2917  0.1945  0.1250  0.0833  0.0417  0.0278  0.0139  0.0000 
0.0000  0.0000  0.0000  0.0000  0.0000  0.0000  0.0000  0.0000  0.0000  0.0000  0.0000  0.0000  0.0000  0.0000  0.0000  0.0000  0.0000  0.0000  0.0000  0.0000  0.0139  0.0152  0.0293  0.0586  0.1020  0.1615  0.2561  0.3659  0.5103  0.6850  0.7683  0.7313  0.7258  0.7052  0.7008  0.6968  0.6950  0.6946  0.6668  0.5973  0.5001  0.3890  0.2917  0.1945  0.1250  0.0833  0.0417  0.0278  0.0139  0.0000 
0.0000  0.0000  0.0000  0.0000  0.0000  0.0000  0.0000  0.0000  0.0000  0.0000  0.0000  0.0000  0.0000  0.0000  0.0000  0.0000  0.0000  0.0000  0.0000  0.0000  0.0152  0.0303  0.0484  0.0961  0.1385  0.2102  0.3102  0.4131  0.5339  0.6299  0.6703  0.7120  0.7052  0.6730  0.6425  0.6402  0.6948  0.6946  0.6946  0.6390  0.5557  0.4445  0.3334  0.2362  0.1528  0.0972  0.0556  0.0278  0.0139  0.0139 
0.0000  0.0000  0.0000  0.0000  0.0000  0.0000  0.0000  0.0000  0.0000  0.0000  0.0000  0.0000  0.0000  0.0000  0.0000  0.0000  0.0000  0.0000  0.0000  0.0013  0.0207  0.0400  0.0607  0.1176  0.1597  0.2300  0.3294  0.4142  0.5230  0.6147  0.6787  0.7008  0.7008  0.6425  0.5430  0.5978  0.6668  0.6946  0.6946  0.6390  0.5557  0.4445  0.3334  0.2362  0.1528  0.0972  0.0556  0.0278  0.0139  0.0139 
0.0000  0.0000  0.0000  0.0000  0.0000  0.0000  0.0000  0.0000  0.0000  0.0000  0.0000  0.0000  0.0000  0.0000  0.0000  0.0000  0.0000  0.0000  0.0013  0.0068  0.0262  0.0620  0.1005  0.1793  0.2212  0.2909  0.3889  0.4500  0.5378  0.6130  0.6770  0.6993  0.6968  0.6680  0.5978  0.6390  0.6668  0.6946  0.6946  0.6390  0.5557  0.4445  0.3334  0.2362  0.1528  0.0972  0.0556  0.0278  0.0139  0.0139 
0.0000  0.0000  0.0000  0.0000  0.0000  0.0000  0.0000  0.0000  0.0000  0.0000  0.0000  0.0000  0.0000  0.0000  0.0000  0.0000  0.0000  0.0000  0.0025  0.0123  0.0329  0.0727  0.1238  0.2822  0.3239  0.3795  0.4630  0.4299  0.5045  0.5759  0.6525  0.6983  0.6950  0.6948  0.6668  0.6668  0.6946  0.6946  0.6668  0.5973  0.5001  0.3890  0.3334  0.2362  0.1528  0.0972  0.0556  0.0278  0.0139  0.0139 
0.0000  0.0000  0.0000  0.0000  0.0000  0.0000  0.0000  0.0000  0.0000  0.0000  0.0000  0.0000  0.0000  0.0000  0.0000  0.0000  0.0000  0.0013  0.0068  0.0190  0.0481  0.1099  0.2544  0.3808  0.5396  0.5951  0.5613  0.5601  0.5408  0.5346  0.6166  0.6738  0.6958  0.6946  0.6946  0.6946  0.6946  0.6946  0.6390  0.5557  0.5001  0.3890  0.2917  0.1945  0.1250  0.0833  0.0417  0.0278  0.0139  0.0000 
0.0000  0.0000  0.0000  0.0000  0.0000  0.0000  0.0000  0.0000  0.0000  0.0000  0.0000  0.0000  0.0000  0.0000  0.0000  0.0000  0.0000  0.0013  0.0068  0.0190  0.0727  0.1649  0.3530  0.6041  0.7401  0.7818  0.7569  0.6169  0.5399  0.5033  0.5747  0.6041  0.6681  0.6668  0.6946  0.6946  0.6668  0.6390  0.5973  0.5001  0.4445  0.3334  0.2362  0.1528  0.0972  0.0833  0.0417  0.0278  0.0139  0.0000 
0.0000  0.0000  0.0000  0.0000  0.0000  0.0000  0.0000  0.0000  0.0000  0.0000  0.0000  0.0000  0.0000  0.0000  0.0000  0.0000  0.0000  0.0013  0.0068  0.0190  0.0588  0.1649  0.3530  0.6041  0.7912  0.8051  0.7152  0.5613  0.4427  0.4477  0.4636  0.5624  0.5986  0.5973  0.6390  0.6390  0.5973  0.5557  0.5001  0.4445  0.3334  0.2917  0.1945  0.1250  0.0972  0.0556  0.0278  0.0139  0.0139  0.0000 
0.0000  0.0000  0.0000  0.0000  0.0000  0.0000  0.0000  0.0000  0.0000  0.0000  0.0000  0.0000  0.0000  0.0000  0.0000  0.0000  0.0000  0.0013  0.0068  0.0190  0.0588  0.1649  0.3391  0.5902  0.7123  0.7401  0.6875  0.5197  0.3871  0.3922  0.4080  0.4513  0.5014  0.5001  0.5557  0.5557  0.5001  0.5001  0.4445  0.3334  0.2917  0.2362  0.1528  0.0972  0.0833  0.0417  0.0278  0.0139  0.0000  0.0000 
0.0000  0.0000  0.0000  0.0000  0.0000  0.0000  0.0000  0.0000  0.0000  0.0000  0.0000  0.0000  0.0000  0.0000  0.0000  0.0000  0.0000  0.0013  0.0068  0.0190  0.0588  0.0960  0.2406  0.4701  0.6041  0.6180  0.5396  0.3517  0.2905  0.2949  0.3108  0.3402  0.3902  0.4445  0.4445  0.4445  0.3890  0.3890  0.3334  0.2917  0.2362  0.1528  0.1250  0.0833  0.0556  0.0278  0.0139  0.0139  0.0000  0.0000 
0.0000  0.0000  0.0000  0.0000  0.0000  0.0000  0.0000  0.0000  0.0000  0.0000  0.0000  0.0000  0.0000  0.0000  0.0000  0.0000  0.0000  0.0000  0.0025  0.0123  0.0343  0.0588  0.1649  0.2406  0.3530  0.3669  0.2822  0.2482  0.1838  0.1871  0.2484  0.2387  0.2917  0.3334  0.3334  0.3334  0.2917  0.2917  0.2362  0.1945  0.1528  0.1250  0.0833  0.0556  0.0278  0.0278  0.0139  0.0000  0.0000  0.0000 
0.0000  0.0000  0.0000  0.0000  0.0000  0.0000  0.0000  0.0000  0.0000  0.0000  0.0000  0.0000  0.0000  0.0000  0.0000  0.0000  0.0000  0.0000  0.0013  0.0068  0.0123  0.0343  0.0588  0.1099  0.1649  0.1788  0.1377  0.1143  0.1315  0.1373  0.1596  0.1958  0.1945  0.2362  0.2362  0.2362  0.1945  0.1945  0.1528  0.1250  0.0972  0.0833  0.0556  0.0278  0.0278  0.0139  0.0139  0.0000  0.0000  0.0000 
0.0000  0.0000  0.0000  0.0000  0.0000  0.0000  0.0000  0.0000  0.0000  0.0000  0.0000  0.0000  0.0000  0.0000  0.0000  0.0000  0.0000  0.0000  0.0000  0.0025  0.0068  0.0123  0.0190  0.0343  0.0727  0.0727  0.0620  0.0607  0.0678  0.0901  0.0998  0.1250  0.1250  0.1528  0.1528  0.1528  0.1250  0.1250  0.0972  0.0972  0.0833  0.0556  0.0278  0.0278  0.0139  0.0139  0.0000  0.0000  0.0000  0.0000 
