#Value Function.
76.2639 76.2516 76.2529 76.2534 76.2539 76.2535 76.2539 76.2533 76.2524 76.2478 76.2352 76.2017 76.1391 76.0412 75.9012 75.7273 75.5414 75.3702 75.2343 75.1808 75.1804 75.1842 75.1845 75.1860 75.1851 75.1861 75.1850 75.1855 75.1825 75.1768 75.1500 75.0668 74.8457 74.4091 73.7226 72.8113 71.7385 70.5754 69.3729 68.1596 66.9558 65.7864 64.6821 63.6637 62.7271 61.8459 60.9839 60.1130 59.2846 59.1918
76.3899 77.6568 77.6602 77.6605 77.6611 77.6606 77.6611 77.6605 77.6601 77.6561 77.6453 77.6131 77.5514 77.4544 77.3132 77.1362 76.9465 76.7722 76.6294 76.5802 76.5869 76.5918 76.5914 76.5935 76.5919 76.5936 76.5919 76.5931 76.5900 76.5869 76.5653 76.4939 76.2841 75.8524 75.1622 74.2417 73.1586 71.9880 70.7813 69.5650 68.3576 67.1837 66.0762 65.0585 64.1257 63.2496 62.3917 61.5133 60.5844 59.2059
77.4841 78.8774 78.8834 78.8868 78.8867 78.8876 78.8867 78.8868 78.8830 78.8742 78.8430 78.7820 78.6864 78.5444 78.3646 78.1710 77.9949 77.8485 77.7625 77.7884 77.8081 77.8132 77.8189 77.8172 77.8204 77.8176 77.8200 77.8160 77.8151 77.7965 77.7363 77.5377 77.1118 76.4187 75.4899 74.3968 73.2193 72.0091 70.7905 69.5802 68.4020 67.2912 66.2736 65.3441 64.4730 63.6201 62.7456 61.8191 60.8243 59.4122
78.6744 80.0837 80.1057 80.1097 80.1136 80.1120 80.1135 80.1096 80.1031 80.0729 80.0124 79.9186 79.7758 79.5931 79.3952 79.2176 79.0698 78.9627 78.9471 78.9910 79.0153 79.0363 79.0391 79.0462 79.0426 79.0473 79.0415 79.0434 79.0264 78.9786 78.7919 78.3723 77.6759 76.7383 75.6347 74.4500 73.2367 72.0161 70.8029 69.6202 68.5055 67.4883 66.5623 65.6963 64.8485 63.9782 63.0539 62.0594 60.9944 59.5797
79.8512 81.2670 81.3123 81.3328 81.3345 81.3372 81.3345 81.3316 81.3030 81.2425 81.1511 81.0074 80.8219 80.6190 80.4402 80.2908 80.1842 80.1145 80.1300 80.1732 80.2201 80.2415 80.2649 80.2637 80.2736 80.2658 80.2715 80.2545 80.2208 80.0468 79.6341 78.9338 77.9870 76.8721 75.6803 74.4640 73.2418 72.0259 70.8384 69.7194 68.7025 67.7803 66.9195 66.0771 65.2110 64.2890 63.2948 62.2283 61.1028 59.6900
80.9651 82.3880 82.5007 82.5375 82.5554 82.5510 82.5549 82.5299 82.4710 82.3835 82.2393 82.0511 81.8423 81.6630 81.5115 81.4056 81.3370 81.2968 81.3076 81.3571 81.3988 81.4495 81.4653 81.4919 81.4851 81.4983 81.4780 81.4615 81.3016 80.8974 80.1925 79.2361 78.1090 76.9099 75.6912 74.4675 73.2492 72.0566 70.9327 69.9162 68.9981 68.1427 67.3058 66.4440 65.5244 64.5304 63.4624 62.3344 61.1667 59.7567
81.9465 83.3742 83.6262 83.7260 83.7482 83.7556 83.7437 83.6911 83.6107 83.4702 83.2802 83.0647 82.8861 82.7319 82.6269 82.5595 82.5204 82.5007 82.4875 82.5333 82.5838 82.6220 82.6781 82.6809 82.7158 82.6937 82.6959 82.5548 82.1608 81.4512 80.4856 79.3453 78.1389 76.9183 75.6933 74.4728 73.2749 72.1452 71.1294 70.2157 69.3659 68.5346 67.6773 66.7601 65.7662 64.6965 63.5660 62.3957 61.2060 59.7986
82.7430 84.1781 84.6149 84.8409 84.9137 84.9013 84.8732 84.8146 84.6936 84.5045 84.2846 84.1097 83.9517 83.8483 83.7820 83.7440 83.7256 83.7160 83.7100 83.7073 83.7581 83.8072 83.8373 83.8986 83.8788 83.9159 83.7979 83.4199 82.7065 81.7341 80.5805 79.3671 78.1452 76.9193 75.6970 74.4933 73.3569 72.3421 71.4332 70.5891 69.7635 68.9108 67.9960 67.0022 65.9308 64.7976 63.6247 62.4328 61.2389 59.8337
83.2784 84.6948 85.4124 85.8192 85.9711 85.9919 85.9747 85.8800 85.7192 85.4949 85.3311 85.1701 85.0697 85.0046 84.9676 84.9506 84.9418 84.9356 84.9302 84.9227 84.9246 84.9772 85.0222 85.0221 85.0847 85.0029 84.6533 83.9528 82.9771 81.8122 80.5939 79.3720 78.1452 76.9216 75.7120 74.5676 73.5543 72.6505 71.8123 70.9926 70.1446 69.2322 68.2385 67.1652 66.0292 64.8536 63.6596 62.4639 61.2806 59.8774
83.6251 85.0305 85.8948 86.5661 86.9185 86.9976 86.9511 86.8792 86.6832 86.5406 86.3818 86.2900 86.2271 86.1911 86.1758 86.1677 86.1616 86.1556 86.1452 86.1339 86.1265 86.1317 86.1687 86.2022 86.1331 85.8198 85.1626 84.1932 83.0318 81.8159 80.5973 79.3708 78.1468 76.9313 75.7769 74.7659 73.8676 73.0354 72.2218 71.3787 70.4688 69.4751 68.3998 67.2609 66.0825 64.8862 63.6887 62.5038 61.3446 59.9431
83.8592 85.2501 86.2260 87.0319 87.6144 87.8582 87.9041 87.7868 87.7216 87.5814 87.5062 87.4485 87.4145 87.4010 87.3937 87.3877 87.3823 87.3704 87.3565 87.3403 87.3277 87.3284 87.3183 87.2310 86.9284 86.2979 85.3684 84.2294 83.0281 81.8202 80.5951 79.3724 78.1514 76.9846 75.9772 75.0848 74.2585 73.4512 72.6131 71.7056 70.7120 69.6345 68.4925 67.3112 66.1129 64.9136 63.7270 62.5662 61.4436 60.0434
83.9905 85.3826 86.4125 87.3118 88.0094 88.5463 88.7831 88.8457 88.7497 88.7129 88.6654 88.6366 88.6263 88.6198 88.6137 88.6095 88.5967 88.5819 88.5630 88.5412 88.5261 88.4865 88.3616 88.0392 87.4017 86.4914 85.3868 84.2184 83.0346 81.8163 80.5974 79.3725 78.1899 77.1880 76.3019 75.4815 74.6806 73.8478 72.9428 71.9492 70.8693 69.7240 68.5399 67.3394 66.1385 64.9501 63.7877 62.6641 61.5871 60.1869
84.1017 85.4967 86.5693 87.5420 88.3442 88.9856 89.5002 89.7727 89.8921 89.8719 89.8538 89.8507 89.8461 89.8395 89.8369 89.8231 89.8085 89.7886 89.7628 89.7438 89.6928 89.5454 89.1835 88.5175 87.5956 86.4934 85.3435 84.2071 83.0147 81.8138 80.5943 79.3919 78.3988 77.5190 76.7045 75.9102 75.0829 74.1803 73.1866 72.1043 70.9556 69.7685 68.5659 67.3633 66.1733 65.0092 63.8844 62.8076 61.7759 60.3741
84.1720 85.5728 86.7027 87.7321 88.6278 89.3770 90.0212 90.5521 90.9248 91.0671 91.0724 91.0708 91.0650 91.0648 91.0494 91.0354 91.0157 90.9865 90.9692 90.9231 90.7794 90.4010 89.7087 88.7474 87.6335 86.4324 85.2987 84.1413 82.9889 81.7922 80.5883 79.6096 78.7363 77.9273 77.1399 76.3184 75.4180 74.4245 73.3394 72.1870 70.9970 69.7924 68.5882 67.3965 66.2307 65.1045 64.0279 62.9981 61.9985 60.5935
84.2183 85.6255 86.7871 87.8938 88.9019 89.7619 90.5103 91.1545 91.7313 92.1530 92.2878 92.2872 92.2909 92.2741 92.2623 92.2436 92.2107 92.1978 92.1568 92.0308 91.6554 90.9509 89.9632 88.8191 87.6269 86.4284 85.2278 84.0839 82.9207 81.7608 80.8212 79.9538 79.1499 78.3697 77.5544 76.6560 75.6627 74.5746 73.4184 72.2253 71.0187 69.8131 68.6197 67.4520 66.3245 65.2479 64.2201 63.2239 62.2312 60.8226
84.2413 85.6494 86.8475 88.0035 89.1042 90.1004 90.9544 91.6984 92.3523 92.9468 93.3932 93.5089 93.4931 93.4868 93.4711 93.4336 93.4271 93.3909 93.2857 92.9212 92.2121 91.1979 90.0400 88.8350 87.6169 86.4094 85.2096 84.0652 83.0001 82.0365 81.1711 80.3721 79.5996 78.7909 77.8943 76.9013 75.8100 74.6498 73.4535 72.2451 71.0380 69.8429 68.6734 67.5442 66.4678 65.4418 64.4493 63.4599 62.4482 61.0371
84.2506 85.6584 86.8748 88.0734 89.2277 90.3250 91.3230 92.1665 92.8952 93.5260 94.1396 94.6121 94.6965 94.6893 94.6525 94.6555 94.6226 94.5432 94.1913 93.4784 92.4414 91.2690 90.0556 88.8352 87.6200 86.4257 85.2773 84.2106 83.2481 82.3880 81.5940 80.8294 80.0281 79.1326 78.1405 77.0456 75.8810 74.6815 73.4713 72.2629 71.0662 69.8948 68.7638 67.6874 66.6633 65.6747 64.6888 63.6789 62.6328 61.2199
84.2533 85.6609 86.8844 88.1001 89.3013 90.4486 91.5476 92.5313 93.3495 94.0445 94.6141 95.2553 95.7595 95.8514 95.8713 95.8442 95.8023 95.4635 94.7489 93.6862 92.5006 91.2815 90.0583 88.8412 87.6440 86.4907 85.4220 84.4602 83.6051 82.8155 82.0593 81.2663 80.3709 79.3803 78.2812 77.1120 75.9094 74.6974 73.4879 72.2895 71.1162 69.9831 68.9067 67.8846 66.9002 65.9178 64.9095 63.8652 62.7707 61.3578
84.2553 85.6631 86.8872 88.1111 89.3251 90.5219 91.6622 92.7322 93.6358 94.3837 94.9913 95.5450 96.2187 96.8527 96.9872 96.9861 96.7320 96.0231 94.9296 93.7315 92.5085 91.2837 90.0647 88.8648 87.7061 86.6342 85.6719 84.8226 84.0364 83.2890 82.5057 81.6089 80.6209 79.5170 78.3429 77.1370 75.9230 74.7124 73.5122 72.3372 71.2016 70.1259 69.1054 68.1256 67.1472 66.1399 65.0980 64.0025 62.8642 61.4522
84.2552 85.6627 86.8898 88.1134 89.3362 90.5417 91.7235 92.8062 93.7676 94.4695 95.1242 95.7328 96.3814 97.1576 97.8564 97.8294 97.2285 96.1665 94.9613 93.7351 92.5094 91.2888 90.0866 88.9217 87.8468 86.8830 86.0405 85.2565 84.5183 83.7468 82.8461 81.8625 80.7527 79.5736 78.3641 77.1482 75.9349 74.7329 73.5561 72.4175 71.3421 70.3248 69.3506 68.3771 67.3702 66.3312 65.2342 64.0953 62.9187 61.5088
84.2557 85.6633 86.8887 88.1153 89.3332 90.5469 91.7148 92.8207 93.7432 94.5105 95.1154 95.7328 96.3814 97.1576 97.8564 97.8294 97.2285 96.1665 94.9613 93.7351 92.5136 91.3045 90.1263 89.0486 88.0822 87.2480 86.4697 85.7468 84.9904 84.0819 83.1057 81.9884 80.8042 79.5910 78.3718 77.1556 75.9486 74.7705 73.6282 72.5534 71.5371 70.5710 69.6048 68.5989 67.5650 66.4658 65.3266 64.1477 62.9493 61.5420
84.2550 85.6625 86.8884 88.1093 89.3282 90.5168 91.6710 92.7183 93.6656 94.3908 95.0743 95.6414 96.2195 96.8592 97.0452 97.2459 96.9097 96.0431 94.9319 93.7318 92.5185 91.3217 90.2188 89.2476 88.4251 87.6422 86.9521 86.2263 85.3091 84.3511 83.2238 82.0346 80.8180 79.5953 78.3765 77.1644 75.9808 74.8227 73.7491 72.7334 71.7721 70.8222 69.8197 68.7972 67.6959 66.5581 65.3768 64.1757 62.9764 61.5697
84.2539 85.6617 86.8829 88.1015 89.2985 90.4646 91.5393 92.5543 93.3673 94.1294 94.7906 95.2687 95.7769 95.9607 96.1027 96.0528 96.0471 95.6466 94.7852 93.6968 92.5220 91.3621 90.3250 89.5197 88.7279 88.0451 87.3979 86.5153 85.5884 84.4584 83.2646 82.0452 80.8206 79.5976 78.3814 77.1836 76.0033 74.9088 73.8928 72.9372 71.9916 71.0231 70.0195 68.9216 67.7873 66.6054 65.4016 64.2028 63.0025 61.5959
84.2485 85.6564 86.8729 88.0696 89.2345 90.3226 91.3412 92.2232 93.0222 93.6822 94.2317 94.6396 94.8078 94.9085 94.8700 94.8984 94.8391 94.7779 94.3637 93.5365 92.4961 91.4137 90.4532 89.6464 88.9718 88.3420 87.6094 86.7609 85.6699 84.4884 83.2723 82.0464 80.8210 79.5997 78.3870 77.1876 76.0412 74.9825 74.0337 73.0876 72.1596 71.1940 70.1278 69.0054 67.8296 66.6260 65.4292 64.2287 63.0291 61.6214
84.2353 85.6448 86.8395 87.9994 89.0899 90.1059 91.0042 91.8112 92.4931 93.0410 93.4656 93.6234 93.7162 93.6795 93.6871 93.6570 93.6648 93.6118 93.5118 93.0961 92.3195 91.3796 90.4735 89.7066 89.0854 88.4420 87.7054 86.7691 85.6724 84.4877 83.2728 82.0461 80.8211 79.5996 78.3882 77.2050 76.0759 75.0370 74.0855 73.1608 72.2461 71.2643 70.1972 69.0454 67.8458 66.6549 65.4546 64.2568 63.0459 61.6383
84.1990 85.6101 86.7659 87.8548 88.8660 89.7690 90.5757 91.2613 91.8142 92.2263 92.4167 92.4928 92.4767 92.4939 92.4639 92.4588 92.4348 92.4321 92.3796 92.2589 91.8641 91.1877 90.4278 89.7239 89.0750 88.4482 87.7017 86.7713 85.6711 84.4885 83.2723 82.0464 80.8210 79.6003 78.3907 77.2079 76.0814 75.0468 74.0928 73.1887 72.2604 71.2927 70.2116 69.0441 67.8745 66.6772 65.4843 64.2731 63.0548 61.6475
84.1205 85.5339 86.6211 87.6280 88.5315 89.3348 90.0198 90.5720 90.9797 91.1830 91.2667 91.2596 91.2692 91.2565 91.2640 91.2400 91.2307 91.2107 91.2005 91.1545 91.0398 90.7204 90.2213 89.5869 88.9774 88.3353 87.6130 86.7587 85.6712 84.4876 83.2727 82.0461 80.8211 79.6006 78.3923 77.2025 76.0686 75.0235 74.0995 73.1821 72.2753 71.2988 70.1974 69.0767 67.8931 66.7101 65.4997 64.2818 63.0579 61.6511
83.9739 85.3884 86.3922 87.2952 88.0952 88.7776 89.3275 89.7303 89.9435 90.0318 90.0372 90.0422 90.0364 90.0408 90.0323 90.0344 90.0151 90.0034 89.9855 89.9751 89.9395 89.8580 89.5924 89.2509 88.6522 88.0402 87.3926 86.5172 85.5871 84.4592 83.2642 82.0455 80.8209 79.6003 78.3899 77.2132 76.0649 75.0314 74.0830 73.2215 72.2936 71.2843 70.2563 69.0956 67.9317 66.7251 65.5089 64.2842 63.0595 61.6529
83.7422 85.1583 86.0604 86.8575 87.5371 88.0839 88.4822 88.7028 88.7965 88.8110 88.8150 88.8120 88.8148 88.8112 88.8132 88.8071 88.8059 88.7894 88.7765 88.7600 88.7556 88.7278 88.6789 88.4764 88.1216 87.5488 86.9372 86.2207 85.3098 84.3502 83.2242 82.0343 80.8191 79.6004 78.3927 77.2126 76.0749 75.0409 74.1395 73.2587 72.3204 71.3695 70.2717 69.1340 67.9417 66.7340 65.5105 64.2860 63.0600 61.6534
83.4090 84.8261 85.6212 86.2979 86.8418 87.2366 87.4630 87.5623 87.5841 87.5884 87.5866 87.5883 87.5864 87.5879 87.5855 87.5861 87.5813 87.5780 87.5634 87.5499 87.5398 87.5368 87.5189 87.4751 87.2734 86.9113 86.3578 85.7220 84.9834 84.0816 83.1050 81.9887 80.8051 79.5970 78.3912 77.2130 76.0911 75.0724 74.1543 73.2451 72.3556 71.3750 70.3092 69.1494 67.9540 66.7351 65.5124 64.2862 63.0603 61.6537
82.9671 84.3858 85.0603 85.6016 85.9944 86.2251 86.3301 86.3577 86.3627 86.3613 86.3622 86.3609 86.3618 86.3606 86.3613 86.3596 86.3593 86.3552 86.3505 86.3371 86.3240 86.3144 86.3137 86.2996 86.2414 86.0377 85.6719 85.1255 84.4835 83.7374 82.8447 81.8619 80.7539 79.5800 78.3863 77.2112 76.0964 75.0760 74.1468 73.2590 72.3357 71.3858 70.3022 69.1532 67.9516 66.7361 65.5118 64.2866 63.0600 61.6535
82.4027 83.8232 84.3630 84.7553 84.9911 85.1011 85.1330 85.1394 85.1370 85.1374 85.1360 85.1360 85.1351 85.1354 85.1345 85.1348 85.1335 85.1326 85.1288 85.1233 85.1108 85.0982 85.0762 85.0846 85.0680 84.9982 84.7913 84.4231 83.8860 83.2441 82.4932 81.6063 80.6211 79.5239 78.3676 77.1966 76.0707 75.0423 74.0916 73.2328 72.3443 71.3538 70.2864 69.1293 67.9457 66.7325 65.5110 64.2856 63.0602 61.6536
81.7014 83.1238 83.5169 83.7578 83.8783 83.9152 83.9201 83.9165 83.9165 83.9130 83.9120 83.9103 83.9099 83.9091 83.9091 83.9084 83.9084 83.9073 83.9061 83.9023 83.8962 83.8845 83.8709 83.8532 83.8559 83.8355 83.7558 83.5451 83.1756 82.6456 82.0040 81.2501 80.3680 79.3856 78.3030 77.1805 76.0631 75.0215 74.0678 73.1645 72.2973 71.3264 70.2457 69.1155 67.9242 66.7269 65.5079 64.2845 63.0593 61.6527
80.8549 82.2775 82.5251 82.6554 82.7025 82.7182 82.7064 82.7047 82.6966 82.6928 82.6883 82.6864 82.6845 82.6838 82.6830 82.6828 82.6822 82.6820 82.6810 82.6795 82.6758 82.6693 82.6579 82.6441 82.6292 82.6273 82.6024 82.5141 82.2993 81.9291 81.4045 80.7635 80.0087 79.1336 78.1626 77.1102 76.0524 74.9953 74.0576 73.1415 72.2107 71.2663 70.2036 69.0687 67.9033 66.7052 65.5017 64.2817 63.0581 61.6512
79.8719 81.2904 81.4298 81.4938 81.5538 81.5599 81.5214 81.4944 81.4840 81.4737 81.4679 81.4631 81.4605 81.4585 81.4576 81.4568 81.4565 81.4560 81.4557 81.4547 81.4530 81.4492 81.4425 81.4314 81.4177 81.4044 81.3987 81.3687 81.2728 81.0539 80.6834 80.1630 79.5235 78.7717 77.9072 76.9623 75.9656 74.9891 74.0318 73.1066 72.1919 71.2150 70.1689 69.0363 67.8669 66.6832 65.4812 64.2742 63.0549 61.6476
78.7852 80.1986 80.2732 80.3350 80.3624 80.3878 80.3584 80.3089 80.2762 80.2609 80.2493 80.2425 80.2374 80.2345 80.2325 80.2314 80.2306 80.2303 80.2298 80.2294 80.2284 80.2265 80.2226 80.2157 80.2048 80.1915 80.1790 80.1698 80.1348 80.0319 79.8090 79.4382 78.9221 78.2869 77.5431 76.7032 75.8075 74.8952 73.9990 73.0685 72.1276 71.1728 70.1125 68.9975 67.8318 66.6475 65.4578 64.2549 63.0466 61.6387
77.6399 79.0483 79.1108 79.1441 79.1715 79.1563 79.1674 79.1374 79.0884 79.0548 79.0366 79.0244 79.0168 79.0116 79.0084 79.0064 79.0052 79.0045 79.0040 79.0036 79.0031 79.0020 79.0000 78.9960 78.9890 78.9782 78.9653 78.9532 78.9407 78.9006 78.7912 78.5645 78.1944 77.6844 77.0532 76.3244 75.5207 74.6890 73.8265 72.9685 72.0450 71.0288 70.0223 68.9197 67.7802 66.6084 65.4218 64.2301 63.0279 61.6203
76.4737 77.8830 77.9197 77.9465 77.9410 77.9500 77.9404 77.9424 77.9114 77.8654 77.8314 77.8117 77.7990 77.7910 77.7856 77.7823 77.7802 77.7790 77.7783 77.7778 77.7773 77.7768 77.7757 77.7736 77.7694 77.7623 77.7517 77.7391 77.7269 77.7113 77.6662 77.5509 77.3209 76.9526 76.4488 75.8259 75.1202 74.3424 73.5689 72.7169 71.8523 70.8935 69.8602 68.8105 67.6970 66.5547 65.3814 64.1949 63.0026 61.5948
75.2848 76.6932 76.7186 76.7188 76.7255 76.7202 76.7254 76.7179 76.7143 76.6840 76.6409 76.6072 76.5866 76.5735 76.5651 76.5597 76.5563 76.5541 76.5528 76.5521 76.5515 76.5511 76.5505 76.5493 76.5471 76.5428 76.5356 76.5252 76.5129 76.5003 76.4817 76.4317 76.3108 76.0784 75.7132 75.2138 74.6081 73.9175 73.1674 72.3878 71.5425 70.6519 69.6805 68.6446 67.5822 66.4694 65.3252 64.1533 62.9678 61.5600
74.0812 75.4902 75.4940 75.4993 75.4967 75.4999 75.4967 75.4991 75.4928 75.4858 75.4563 75.4157 75.3826 75.3614 75.3479 75.3393 75.3337 75.3302 75.3280 75.3267 75.3258 75.3253 75.3248 75.3242 75.3229 75.3206 75.3162 75.3089 75.2987 75.2866 75.2733 75.2519 75.1971 75.0715 74.8366 74.4741 73.9802 73.3824 72.7033 71.9580 71.1748 70.3236 69.4234 68.4507 67.4171 66.3505 65.2390 64.0954 62.9251 61.5161
72.8611 74.2682 74.2728 74.2716 74.2738 74.2719 74.2738 74.2716 74.2723 74.2667 74.2572 74.2286 74.1902 74.1578 74.1362 74.1223 74.1135 74.1077 74.1041 74.1019 74.1005 74.0996 74.0991 74.0986 74.0978 74.0966 74.0941 74.0896 74.0823 74.0722 74.0602 74.0462 74.0218 73.9624 73.8324 73.5954 73.2335 72.7446 72.1520 71.4752 70.7333 69.9450 69.0954 68.1910 67.2173 66.1863 65.1187 64.0086 62.8657 61.4551
71.6388 73.0461 73.0460 73.0474 73.0464 73.0476 73.0464 73.0474 73.0459 73.0456 73.0400 73.0288 73.0010 72.9645 72.9328 72.9110 72.8967 72.8876 72.8818 72.8781 72.8757 72.8743 72.8734 72.8728 72.8723 72.8715 72.8702 72.8676 72.8630 72.8557 72.8457 72.8337 72.8187 72.7915 72.7278 72.5936 72.3541 71.9921 71.5072 70.9172 70.2429 69.5020 68.7121 67.8626 66.9562 65.9837 64.9552 63.8871 62.7780 61.3665
70.4131 71.8199 71.8211 71.8205 71.8213 71.8206 71.8213 71.8205 71.8211 71.8198 71.8188 71.8131 71.8006 71.7736 71.7387 71.7077 71.6857 71.6712 71.6618 71.6558 71.6520 71.6496 71.6482 71.6472 71.6466 71.6460 71.6452 71.6438 71.6411 71.6364 71.6291 71.6192 71.6071 71.5911 71.5610 71.4931 71.3546 71.1126 70.7507 70.2678 69.6804 69.0084 68.2693 67.4784 66.6291 65.7217 64.7502 63.7237 62.6557 61.2432
69.1877 70.5946 70.5945 70.5950 70.5946 70.5950 70.5946 70.5950 70.5945 70.5946 70.5936 70.5921 70.5860 70.5726 70.5463 70.5127 70.4825 70.4604 70.4456 70.4360 70.4299 70.4260 70.4235 70.4220 70.4210 70.4204 70.4198 70.4189 70.4174 70.4146 70.4099 70.4025 70.3926 70.3804 70.3632 70.3303 70.2584 70.1157 69.8715 69.5092 69.0281 68.4431 67.7734 67.0363 66.2449 65.3955 64.4874 63.5169 62.4919 61.0789
67.9615 69.3682 69.3686 69.3684 69.3687 69.3684 69.3687 69.3684 69.3686 69.3683 69.3683 69.3673 69.3653 69.3589 69.3448 69.3190 69.2868 69.2572 69.2351 69.2201 69.2103 69.2039 69.1999 69.1974 69.1958 69.1948 69.1941 69.1935 69.1926 69.1910 69.1881 69.1833 69.1760 69.1661 69.1535 69.1351 69.0995 69.0237 68.8771 68.6306 68.2680 67.7885 67.2059 66.5383 65.8029 65.0113 64.1619 63.2533 62.2836 60.8691
66.7357 68.1423 68.1422 68.1424 68.1422 68.1424 68.1422 68.1424 68.1422 68.1423 68.1421 68.1419 68.1409 68.1385 68.1317 68.1172 68.0919 68.0607 68.0318 68.0097 67.9945 67.9845 67.9780 67.9739 67.9713 67.9697 67.9686 67.9679 67.9672 67.9663 67.9646 67.9617 67.9568 67.9494 67.9395 67.9266 67.9068 67.8685 67.7890 67.6387 67.3899 67.0270 66.5490 65.9686 65.3032 64.5694 63.7777 62.9282 62.0194 60.6043
65.5111 66.9159 66.9161 66.9160 66.9161 66.9160 66.9161 66.9160 66.9161 66.9160 66.9160 66.9158 66.9156 66.9145 66.9118 66.9046 66.8896 66.8649 66.8346 66.8064 66.7844 66.7690 66.7587 66.7521 66.7478 66.7452 66.7435 66.7424 66.7417 66.7409 66.7399 66.7382 66.7352 66.7302 66.7228 66.7129 66.6995 66.6784 66.6374 66.5542 66.4004 66.1495 65.7862 65.3096 64.7313 64.0680 63.3356 62.5441 61.6944 60.2802
64.2992 65.6898 65.6898 65.6898 65.6898 65.6898 65.6898 65.6898 65.6898 65.6898 65.6898 65.6898 65.6896 65.6892 65.6881 65.6850 65.6774 65.6622 65.6379 65.6085 65.5808 65.5589 65.5434 65.5330 65.5262 65.5218 65.5191 65.5173 65.5162 65.5154 65.5147 65.5136 65.5118 65.5087 65.5037 65.4963 65.4862 65.4724 65.4498 65.4061 65.3195 65.1623 64.9093 64.5456 64.0703 63.4940 62.8328 62.1017 61.3105 59.9023
63.1981 64.4635 64.4636 64.4635 64.4636 64.4635 64.4636 64.4635 64.4636 64.4635 64.4636 64.4635 64.4635 64.4633 64.4629 64.4616 64.4582 64.4502 64.4348 64.4109 64.3824 64.3553 64.3335 64.3178 64.3072 64.3002 64.2958 64.2929 64.2912 64.2900 64.2892 64.2884 64.2873 64.2854 64.2822 64.2771 64.2697 64.2595 64.2451 64.2211 64.1748 64.0847 63.9243 63.6693 63.3053 62.8311 62.2568 61.5974 60.8677 59.5123
63.0716 63.0586 63.0572 63.0570 63.0570 63.0570 63.0570 63.0570 63.0570 63.0570 63.0570 63.0569 63.0569 63.0567 63.0562 63.0547 63.0510 63.0426 63.0271 63.0037 62.9760 62.9494 62.9278 62.9119 62.9011 62.8940 62.8894 62.8865 62.8847 62.8835 62.8826 62.8818 62.8806 62.8786 62.8754 62.8702 62.8627 62.8522 62.8370 62.8111 62.7618 62.6680 62.5042 62.2472 61.8830 61.4103 60.8391 60.1912 59.5448 59.4750
