#Value_Function_Estimate.
61.53   64.40   64.58   66.16   66.10   66.23   64.20   61.52   59.15   57.69   57.09   57.93   57.67   57.64   61.72   62.94   65.81   65.94   66.10   65.19   63.99   64.48   66.05   68.50   71.28   74.10   76.82   79.40   81.38   82.67   83.13   83.16   83.17   83.05   82.04   80.89   80.98   80.39   80.33   80.05   80.20   78.46   77.13   75.45   73.57   73.28   72.14   71.36   70.00   68.98  
63.04   63.88   67.46   66.72   69.88   67.66   64.72   62.30   61.04   60.64   60.51   60.49   61.62   57.48   59.78   64.80   65.01   68.33   67.13   65.64   65.55   65.84   66.77   68.72   71.33   74.10   76.91   79.66   82.36   84.36   85.70   86.10   86.04   85.06   82.82   84.02   83.37   83.19   82.45   83.64   82.98   80.80   79.34   76.61   75.93   74.19   74.40   72.74   71.62   70.75  
63.02   66.28   67.44   69.62   72.27   68.16   65.91   64.80   64.56   64.48   64.48   64.37   64.06   62.74   64.77   66.71   67.60   67.60   67.31   67.32   67.34   67.44   67.92   69.20   71.43   74.13   76.90   79.74   82.54   85.43   87.44   88.85   89.15   89.19   87.35   86.75   86.95   87.41   87.62   86.28   86.73   82.40   81.10   79.54   78.25   76.80   76.64   74.24   73.48   73.38  
64.12   65.91   68.53   72.62   71.27   69.07   68.00   67.86   67.83   67.83   67.74   67.39   66.52   64.82   65.91   68.45   69.20   69.24   69.25   69.25   69.26   69.28   69.42   70.06   71.70   74.16   76.92   79.71   82.62   85.53   88.65   90.63   92.14   92.31   92.80   93.76   90.18   88.73   89.30   87.79   87.20   85.99   84.90   83.23   81.76   80.40   79.26   77.07   76.17   75.36  
64.91   67.30   68.98   71.25   71.75   70.57   70.46   70.51   70.43   70.33   69.69   68.80   67.83   67.53   68.89   71.00   71.18   71.25   71.24   71.26   71.24   71.26   71.26   71.41   72.24   74.27   76.91   79.74   82.57   85.63   88.63   92.01   93.90   95.55   95.47   94.90   96.41   92.70   90.61   90.29   89.10   88.21   86.52   85.13   83.79   82.74   81.78   80.74   78.97   76.88  
65.90   67.86   70.28   72.29   72.98   73.01   73.04   72.99   72.73   71.46   70.35   69.48   69.56   70.25   73.34   73.62   73.73   73.73   73.76   73.74   73.77   73.74   73.76   73.72   73.65   74.57   76.95   79.71   82.63   85.55   88.77   91.77   95.46   97.16   100.29  97.97   96.48   95.67   93.48   92.15   91.50   89.73   88.45   87.17   86.20   85.28   84.37   82.58   80.47   78.30  
67.64   68.75   70.87   73.12   75.48   75.73   75.69   75.48   73.46   71.72   70.95   70.72   71.47   73.50   76.46   76.93   76.94   76.99   76.95   76.99   76.95   76.99   76.91   76.73   76.07   75.86   78.10   79.85   82.57   85.63   88.56   91.49   91.39   98.48   98.46   102.83  98.93   99.42   96.78   94.81   92.87   91.73   90.48   89.64   88.76   88.04   86.17   84.06   81.90   79.73  
68.69   70.82   71.67   73.81   78.09   78.41   78.45   75.87   73.60   72.33   72.15   72.17   74.50   75.39   79.63   80.45   80.62   80.57   80.63   80.57   80.63   80.54   80.32   79.31   78.11   77.42   78.78   81.15   82.58   85.18   85.93   84.60   89.36   95.11   99.05   99.47   103.05  100.84  100.96  97.42   94.96   93.71   93.04   92.20   91.74   89.77   87.65   85.50   83.39   80.83  
69.30   71.92   74.14   72.85   77.44   81.66   78.54   76.02   73.87   73.66   73.13   73.91   75.97   78.81   81.51   83.73   84.21   84.35   84.27   84.35   84.25   84.07   82.75   81.19   80.09   79.43   79.86   81.70   83.41   73.11   74.95   78.28   84.68   92.96   96.60   99.52   100.84  104.63  101.92  101.01  98.02   96.40   95.53   95.48   93.36   91.23   89.07   87.07   84.55   81.27  
71.38   72.56   75.59   71.90   73.35   79.68   77.62   75.98   75.28   75.36   75.66   76.43   77.75   79.80   82.58   85.21   87.60   87.86   87.98   87.87   87.80   86.15   84.33   83.01   81.92   81.63   82.31   82.90   73.31   52.13   62.33   80.68   86.73   89.68   96.20   97.89   100.94  101.07  104.83  103.58  101.94  98.86   99.25   96.91   94.83   92.64   90.74   88.30   84.89   81.72  
74.22   75.12   75.49   71.92   74.21   81.82   77.42   76.69   74.62   76.21   78.17   78.98   80.02   81.46   83.44   86.14   88.71   91.38   91.32   91.47   89.41   87.35   85.93   84.57   83.45   83.30   85.55   80.09   72.69   45.43   56.72   84.58   89.18   92.62   94.86   97.47   98.24   101.31  102.95  107.22  104.08  104.05  100.36  98.41   96.20   94.42   92.07   88.51   85.29   82.59  
77.28   78.03   78.48   77.33   77.30   83.14   80.18   78.91   78.22   77.74   78.88   81.21   82.09   83.46   84.95   86.85   89.51   91.98   95.11   92.50   90.23   88.78   87.22   85.84   85.21   85.21   84.42   82.65   71.65   60.30   75.32   87.31   89.62   91.76   94.12   95.27   97.94   99.91   103.43  104.07  108.70  104.89  103.07  99.77   98.10   95.90   92.10   88.87   86.21   83.65  
79.82   81.38   81.94   81.82   81.96   80.32   80.74   83.85   82.80   82.09   80.73   81.51   84.21   85.08   86.72   88.19   90.01   92.69   96.02   92.97   91.58   89.83   88.21   88.18   87.46   87.69   87.75   80.30   77.60   77.01   78.53   85.70   91.46   92.83   92.97   94.62   96.75   99.80   101.09  104.73  104.97  106.60  102.68  102.47  99.79   95.68   92.42   89.86   87.35   84.43  
82.01   84.10   85.64   86.09   85.86   85.72   82.93   85.60   87.01   85.98   84.99   82.74   84.32   87.33   87.92   89.80   91.17   92.95   95.80   94.37   92.35   91.12   89.02   90.84   90.83   91.82   86.77   87.17   83.36   85.65   84.99   87.48   92.20   95.47   96.42   96.20   96.25   97.83   100.89  101.63  102.89  102.70  104.41  100.61  98.76   95.97   93.51   91.09   88.18   84.55  
84.52   86.69   88.50   89.78   90.03   89.68   87.24   89.62   90.79   90.72   90.20   87.36   87.37   90.46   90.85   90.60   92.72   93.95   93.27   93.76   94.50   93.08   94.05   93.98   95.09   92.91   91.38   84.74   84.91   88.73   92.06   91.82   93.66   99.41   99.66   100.03  98.10   97.12   98.15   99.21   99.33   100.60  100.40  102.48  99.33   97.17   94.83   91.98   88.20   84.63  
87.59   89.96   91.53   92.91   93.58   93.64   93.69   93.65   94.25   95.34   95.33   95.53   95.34   95.51   95.11   94.24   93.05   95.66   94.57   95.36   95.60   98.05   95.28   97.25   98.96   94.88   89.15   89.19   86.27   90.30   94.56   96.41   95.21   98.05   103.99  101.49  100.76  98.66   96.03   95.85   96.86   97.01   98.64   99.16   100.88  98.57   95.83   91.87   88.32   84.57  
90.10   93.21   95.00   95.96   96.99   97.29   97.29   97.31   97.25   98.10   99.70   99.65   99.84   99.62   99.18   95.69   94.99   95.39   96.46   96.24   100.75  97.04   98.00   100.33  95.21   93.78   92.60   89.47   87.39   91.29   96.18   99.23   100.54  100.02  106.42  104.56  102.33  99.58   99.00   96.56   93.53   94.88   95.63   97.13   98.43   99.72   95.51   92.06   88.21   84.63  
92.97   95.66   97.96   99.20   99.74   100.78  100.58  100.87  100.18  98.08   102.18  104.14  103.82  103.94  100.07  97.58   96.01   97.83   97.88   99.39   98.63   98.29   100.56  98.20   98.07   95.73   92.72   89.58   91.10   92.26   96.19   101.44  103.73  104.60  107.05  108.24  103.95  103.49  101.42  97.81   94.22   92.05   93.43   94.71   95.81   95.51   95.48   91.83   88.31   84.57  
95.17   98.58   100.13  101.72  102.69  102.89  104.13  103.43  99.99   99.68   100.50  105.99  108.10  104.15  101.71  99.45   98.55   98.04   100.89  99.39   98.09   99.16   97.51   97.18   99.85   95.86   92.16   92.20   93.54   96.48   97.45   102.69  106.45  108.27  108.48  108.41  110.35  106.49  102.44  99.28   95.43   93.29   90.98   91.95   91.86   92.04   91.83   91.37   88.10   84.62  
98.04   100.59  103.16  103.78  104.82  105.72  105.82  103.25  98.36   88.62   89.59   111.01  105.20  105.93  102.82  102.13  99.39   100.04  100.12  97.93   96.80   96.61   95.99   96.85   99.50   95.28   93.38   94.47   96.15   99.14   99.85   106.17  107.81  111.46  115.64  115.19  110.83  109.19  104.73  100.35  98.97   94.54   91.51   88.19   88.31   88.20   88.30   88.10   87.36   84.38  
99.75   103.69  105.10  107.09  107.06  107.52  106.63  105.00  93.56   90.53   87.44   105.30  106.74  106.49  106.04  104.25  100.94  99.63   97.53   95.64   95.34   94.17   93.85   95.62   98.65   95.00   93.51   96.07   98.37   101.90  100.72  107.32  111.94  113.81  118.70  115.04  113.87  109.62  107.31  105.18  99.84   97.28   92.38   89.28   84.92   84.65   84.56   84.61   84.37   83.46  
102.73  105.10  108.56  108.96  110.59  109.25  112.53  106.46  98.96   105.01  103.61  110.87  110.09  110.14  108.05  105.78  102.46  97.99   96.64   94.66   93.64   92.00   92.29   94.81   94.84   96.07   96.10   98.68   99.98   102.36  101.51  108.30  112.89  119.53  123.47  117.13  113.92  112.31  110.99  107.23  103.55  97.67   94.98   89.86   86.94   83.29   81.13   80.98   80.98   80.71  
103.42  108.66  109.53  112.93  112.34  115.44  112.17  105.23  104.50  107.21  111.64  112.66  113.38  111.96  111.28  108.52  104.60  100.14  97.61   95.34   92.51   91.05   91.04   91.60   94.45   98.67   99.96   98.82   99.41   100.30  103.72  108.80  114.02  120.48  128.16  121.57  118.43  116.39  112.50  109.41  104.82  101.36  95.03   92.36   88.46   84.81   81.43   77.77   77.47   77.43  
105.58  108.80  113.96  113.20  117.01  117.92  109.50  105.06  105.97  111.16  109.47  116.27  115.50  115.46  113.00  112.21  107.18  102.37  97.80   94.49   92.78   90.30   89.83   90.65   94.64   98.37   103.09  102.44  100.17  98.58   104.04  109.37  114.40  120.41  129.99  122.61  118.29  118.46  114.97  110.11  107.49  102.39  98.50   93.76   89.96   86.82   82.13   78.57   74.44   74.01  
105.18  111.58  113.00  120.10  117.19  111.40  111.03  109.72  109.32  112.93  111.77  113.10  118.87  116.82  116.60  113.74  110.46  104.56  100.17  96.80   93.59   93.70   92.20   90.88   94.43   98.05   103.86  103.86  99.87   98.50   104.10  109.79  115.08  120.84  128.39  123.40  119.74  114.30  116.40  113.38  107.84  104.69  99.50   95.55   92.29   87.18   84.06   79.46   74.51   70.99  
105.46  108.23  113.58  118.83  112.79  110.04  111.68  113.47  109.92  113.00  117.78  113.65  120.47  121.01  117.71  114.90  113.82  107.67  101.73  99.15   97.81   96.46   92.88   91.57   95.41   99.36   104.51  104.54  99.77   98.33   104.10  110.15  115.60  120.88  129.38  126.76  119.01  114.42  110.84  113.16  110.69  104.98  101.52  96.88   92.53   89.51   85.09   80.24   75.59   70.99  
103.87  110.52  118.42  116.28  110.45  110.43  114.00  114.81  109.33  113.09  113.55  117.59  116.44  121.86  118.61  118.43  114.51  112.16  107.96  104.47  100.88  97.15   92.91   92.86   96.04   101.81  105.66  101.88  99.74   98.40   104.10  110.11  116.38  121.43  129.11  126.46  120.50  114.57  108.92  107.52  110.47  107.42  102.36  98.29   94.24   90.56   85.91   81.44   76.69   72.18  
104.20  108.34  116.35  113.84  109.52  111.96  117.68  116.66  109.99  109.84  113.01  114.76  117.20  120.54  122.97  118.42  117.28  112.91  109.18  105.32  101.49  97.18   92.96   93.48   97.59   102.64  104.91  100.56  97.41   98.29   104.10  110.18  116.48  122.66  129.18  125.65  120.39  114.65  108.81  104.39  104.90  108.00  103.91  99.53   96.01   91.32   87.18   82.56   77.99   73.03  
102.86  108.11  114.81  113.29  111.89  115.01  120.48  114.81  110.47  108.98  111.16  115.54  118.65  120.46  121.44  122.00  117.65  114.24  109.94  105.96  101.50  97.26   92.92   93.13   98.19   103.87  104.85  101.17  96.14   98.32   104.00  110.05  116.27  122.87  131.10  124.98  119.72  114.47  108.83  103.18  101.81  101.66  104.99  101.62  96.54   92.71   88.27   83.96   78.76   74.14  
102.61  109.13  115.19  117.06  111.92  118.10  121.62  114.99  109.10  106.79  110.20  113.87  117.33  121.43  119.61  121.13  119.27  114.74  110.64  105.83  101.63  97.19   92.96   93.47   97.40   102.35  103.54  98.93   96.12   98.00   103.70  109.93  116.34  122.77  131.31  124.14  119.00  113.84  108.61  103.03  97.86   98.09   98.44   101.75  98.15   93.71   89.85   84.59   80.08   74.23  
100.47  107.76  117.50  116.53  113.77  117.47  122.07  114.19  109.26  105.68  108.90  112.59  115.77  116.39  119.72  121.94  119.72  115.49  110.31  106.03  101.52  97.26   92.92   92.89   97.27   98.77   100.21  96.49   94.09   97.67   103.56  109.85  116.01  122.01  128.40  122.47  117.93  112.94  107.87  102.68  97.18   93.43   96.28   96.72   98.26   95.56   90.21   86.21   79.96   74.39  
100.75  107.54  118.11  119.69  115.41  117.17  120.49  114.71  109.67  105.09  108.23  110.32  111.74  115.04  120.00  125.21  120.75  114.88  110.66  105.83  101.63  97.19   92.96   92.42   94.15   95.49   96.14   96.22   92.06   97.38   103.37  109.60  115.44  122.82  125.96  122.63  116.28  111.57  106.69  101.71  96.57   91.45   90.98   95.99   95.25   94.55   92.33   85.78   80.22   74.24  
99.99   105.11  116.53  118.01  117.56  120.88  123.46  115.81  108.70  104.87  106.19  109.72  110.40  114.96  120.10  125.03  118.46  115.48  110.31  106.03  101.52  97.26   92.92   89.70   90.99   91.71   92.17   93.22   90.60   97.23   103.23  109.16  115.79  121.93  120.58  122.18  115.96  109.89  105.06  100.32  96.51   94.02   90.37   89.75   93.78   90.74   88.90   86.06   79.94   74.39  
100.05  105.17  112.85  114.39  120.52  122.50  122.66  115.76  109.77  104.65  105.62  108.59  109.23  114.97  119.64  123.49  117.58  113.42  110.42  105.80  101.62  97.19   92.96   88.80   87.46   88.02   89.14   92.86   90.81   97.24   103.06  109.21  114.41  120.11  122.53  120.97  115.41  109.85  105.80  101.75  99.48   95.67   92.22   87.88   87.25   89.33   86.68   83.13   79.80   74.18  
101.43  105.43  111.51  116.28  120.35  125.59  120.30  114.43  108.79  104.93  104.15  106.40  109.13  113.71  117.66  121.23  119.10  112.82  108.32  105.59  101.42  97.23   92.89   88.70   84.88   85.19   87.97   90.69   90.89   97.18   102.94  108.10  113.00  115.71  120.41  117.88  115.85  111.65  107.10  105.14  100.90  97.70   93.31   89.73   85.96   83.55   87.08   82.53   77.47   73.81  
102.44  109.17  113.74  114.61  120.73  122.36  120.07  113.85  108.60  104.58  102.15  104.42  107.57  110.45  116.70  120.67  116.09  112.29  107.74  103.77  100.94  96.97   92.83   88.59   84.43   83.69   85.78   89.98   91.45   97.00   102.04  106.63  108.96  113.67  118.38  116.48  117.81  112.58  111.11  106.13  103.22  98.56   95.29   91.74   88.03   84.04   80.30   82.81   76.89   72.06  
103.66  107.58  112.87  115.43  119.17  120.82  117.05  113.01  108.13  103.26  100.40  102.47  104.64  108.87  114.52  117.20  112.78  110.60  106.43  102.56  99.09   96.25   92.44   88.35   84.20   81.68   85.13   88.77   91.00   96.23   100.60  103.30  106.85  111.14  113.48  114.57  116.67  117.50  111.36  108.94  103.69  100.72  97.33   93.88   89.99   85.83   82.32   77.94   76.66   71.57  
103.93  108.46  110.19  113.52  115.67  118.90  114.65  112.43  108.51  103.73  99.42   99.94   103.18  107.90  110.45  110.71  111.28  107.87  104.40  101.58  99.19   95.30   91.56   87.82   83.80   80.61   83.66   88.53   90.02   94.87   97.82   101.22  104.46  108.63  109.38  110.83  112.23  114.60  115.00  108.79  106.16  102.75  99.55   95.87   91.69   88.33   83.63   79.45   74.74   71.15  
103.84  108.56  108.45  111.32  114.34  117.66  114.01  110.36  107.81  103.95  99.32   98.04   101.81  104.13  104.69  105.33  107.40  109.30  106.63  103.17  99.90   97.21   92.67   88.35   83.69   79.75   83.37   85.15   89.34   92.51   95.81   99.10   102.79  103.98  105.32  106.92  110.14  111.37  110.23  111.74  108.11  105.07  101.60  97.41   94.53   89.43   85.28   80.46   76.40   71.61  
103.76  107.06  106.79  109.80  112.91  115.75  111.67  108.06  105.81  103.16  99.34   96.75   98.85   99.63   100.35  102.22  103.85  104.99  107.56  103.90  102.22  98.49   94.83   89.81   85.67   80.39   80.36   84.07   87.33   90.58   93.85   97.21   98.67   100.00  101.68  104.48  105.85  106.49  107.66  109.25  111.08  107.24  102.85  100.77  95.28   91.31   86.09   82.31   77.53   73.73  
102.21  105.32  105.96  108.22  110.90  113.01  111.68  106.61  103.03  101.16  98.48   95.01   95.73   96.53   98.24   99.80   101.05  102.67  103.49  107.09  103.10  101.12  96.05   91.98   86.14   81.59   78.99   82.24   85.45   88.65   91.77   93.42   94.78   96.48   98.97   100.41  101.18  102.26  103.36  104.40  107.38  109.17  107.00  100.97  97.56   91.77   88.27   83.17   79.94   75.00  
100.22  103.91  102.84  106.11  107.99  107.70  108.08  106.54  102.09  98.65   96.54   93.91   93.19   94.73   96.22   97.51   98.94   100.04  102.37  103.39  107.36  101.77  98.65   92.24   87.53   82.75   77.42   80.32   83.43   86.36   88.12   89.54   91.23   93.47   94.93   95.80   96.83   97.92   99.07   101.20  102.33  105.59  106.36  103.90  97.43   94.50   88.66   86.04   81.00   76.75  
98.02   98.35   101.20  103.02  103.02  103.26  103.03  103.13  101.48  97.52   94.22   91.96   90.43   91.78   93.04   94.32   95.55   97.48   98.87   101.27  102.45  106.17  98.41   93.68   88.76   83.04   78.77   78.10   80.85   82.67   84.14   85.81   87.86   89.31   90.25   91.25   92.33   93.55   95.45   96.79   97.64   100.60  101.60  102.19  101.07  94.08   92.24   86.71   83.02   77.45  
93.68   96.29   98.05   98.27   98.44   98.30   98.44   98.29   98.18   96.48   92.91   89.76   87.50   87.83   88.92   90.22   91.82   93.45   95.40   96.97   99.22   100.64  100.69  95.23   88.71   84.79   78.79   75.23   77.02   78.51   80.16   82.05   83.50   84.49   85.48   86.56   87.81   89.55   90.91   92.14   92.46   93.83   96.46   97.10   98.80   98.82   92.24   89.20   83.36   79.35  
91.39   93.08   93.45   93.60   93.52   93.61   93.52   93.61   93.48   93.21   91.50   88.26   85.27   83.76   85.08   86.41   88.15   89.85   91.58   93.31   94.84   94.64   94.97   94.60   91.05   84.33   80.55   74.99   72.76   74.37   76.16   77.59   78.63   79.63   80.71   81.97   83.61   84.99   86.20   87.22   88.50   90.75   90.92   92.61   92.97   94.28   95.52   88.94   85.80   79.34  
88.13   88.61   88.76   88.72   88.78   88.73   88.78   88.73   88.77   88.65   88.24   86.55   83.57   80.77   81.48   83.08   84.77   86.39   88.08   89.29   89.14   89.42   89.15   89.38   89.43   86.66   80.65   76.89   70.74   70.44   71.86   72.93   73.94   75.03   76.29   77.85   79.25   80.48   81.56   82.85   84.79   85.67   88.17   87.24   88.39   89.61   90.54   92.21   85.42   79.58  
83.77   83.94   83.93   83.96   83.93   83.96   83.93   83.96   83.93   83.94   83.81   83.29   81.61   78.84   78.08   79.73   81.28   82.87   83.89   83.89   84.05   83.90   84.05   83.88   83.92   84.99   83.10   76.52   72.51   66.52   67.60   68.61   69.69   70.95   72.45   73.84   75.09   76.21   77.50   79.24   80.36   82.32   82.01   82.61   83.73   84.73   85.99   85.44   85.38   79.29  
79.11   79.12   79.14   79.12   79.14   79.12   79.14   79.12   79.14   79.12   79.12   78.96   78.36   76.69   74.71   76.23   77.72   78.63   78.72   78.83   78.74   78.83   78.74   78.83   79.09   78.67   80.18   79.14   72.05   66.33   63.56   64.63   65.87   67.31   68.69   69.93   71.08   72.37   73.97   75.20   76.82   76.82   77.09   77.77   78.75   79.70   79.41   79.76   79.34   78.54  
74.32   74.34   74.33   74.34   74.33   74.34   74.33   74.34   74.33   74.34   74.32   74.30   74.11   73.45   71.86   72.64   73.49   73.66   73.75   73.69   73.75   73.69   73.75   73.69   73.73   74.08   73.56   74.03   72.23   65.91   60.89   60.91   62.31   63.67   64.90   66.07   67.34   68.85   70.12   71.51   71.69   71.83   71.93   72.62   73.33   73.19   73.41   73.20   73.40   72.99  
69.64   69.63   69.64   69.63   69.64   69.63   69.64   69.63   69.64   69.63   69.64   69.62   69.58   69.36   68.65   68.48   68.71   68.80   68.77   68.80   68.77   68.80   68.77   68.80   68.76   68.75   68.52   68.21   67.95   65.61   60.13   57.36   58.70   59.93   61.10   62.36   63.79   65.07   66.29   66.59   66.70   66.64   66.77   67.14   67.06   67.16   67.04   67.13   66.95   67.02  
