#Value_Function_Estimate.
127.87  127.89  127.88  127.89  127.88  127.89  127.88  128.16  128.38  128.45  128.58  129.06  130.32  132.71  135.73  138.93  142.18  145.44  148.76  152.05  155.41  158.60  161.57  161.98  162.14  162.00  162.01  160.88  159.87  158.20  156.33  153.81  151.25  148.46  146.04  147.71  149.61  151.85  153.64  155.88  157.05  158.53  158.82  158.91  158.85  158.91  158.76  157.97  154.62  150.57 
130.83  130.85  130.87  130.86  130.87  130.86  130.87  131.14  131.85  132.18  132.25  132.35  132.64  133.55  135.88  138.95  142.17  145.46  148.74  152.08  155.37  158.77  161.98  165.32  165.34  165.57  164.25  163.33  161.59  159.75  157.12  154.55  151.67  149.13  147.89  149.40  151.42  153.36  155.74  157.43  159.90  160.82  162.57  162.70  162.79  162.68  162.23  158.77  154.84  150.58 
133.71  133.94  133.94  133.97  133.94  133.97  133.94  133.96  134.72  135.65  135.95  135.97  136.03  136.14  136.69  139.05  142.19  145.44  148.76  152.05  155.42  158.69  162.15  165.34  169.26  167.69  166.89  165.07  163.29  160.54  157.97  155.00  152.39  150.37  149.69  151.35  152.81  155.00  156.93  159.52  161.03  163.84  164.36  166.55  166.41  166.39  162.68  158.91  154.81  150.61 
136.14  136.96  137.15  137.12  137.17  137.12  137.16  137.09  136.92  138.31  139.25  139.48  139.45  139.51  139.49  139.77  142.24  145.46  148.74  152.08  155.37  158.77  162.01  165.58  167.75  172.33  168.70  166.97  164.07  161.52  158.46  155.73  153.91  151.33  151.55  153.02  154.77  156.11  158.54  160.38  163.26  164.44  167.80  167.68  170.57  166.41  162.80  158.85  154.85  150.58 
136.94  139.62  140.28  140.45  140.37  140.45  140.35  140.27  139.43  139.36  141.88  142.60  142.79  142.71  142.80  142.70  142.71  145.45  148.76  152.05  155.42  158.68  162.06  164.50  168.09  167.24  171.19  167.66  165.17  162.03  159.10  157.63  154.61  154.09  154.38  154.75  156.36  158.22  159.36  162.11  163.72  167.06  167.67  171.96  167.68  166.55  162.70  158.91  154.81  150.61 
137.11  140.27  143.23  143.64  143.81  143.67  143.71  142.75  142.00  140.84  142.57  145.39  145.82  146.04  145.87  146.01  145.33  145.49  148.74  152.08  155.34  158.61  161.20  164.24  164.48  166.97  165.97  169.28  165.65  162.40  161.45  158.06  156.11  156.81  157.50  157.72  157.95  159.74  161.75  162.54  165.79  166.95  171.06  167.66  167.80  164.37  162.57  158.83  154.85  150.58 
137.09  140.40  143.63  146.99  147.01  147.25  146.09  145.44  144.13  143.45  143.12  145.79  149.01  149.05  149.37  148.73  146.77  145.77  148.75  152.00  155.20  157.88  160.58  161.31  163.20  163.24  165.04  163.45  165.92  165.40  161.41  159.85  156.11  157.46  160.50  160.93  161.13  161.14  163.19  165.40  165.64  169.69  167.11  167.08  164.45  163.86  160.85  158.55  154.75  150.60 
137.12  140.34  143.76  147.00  150.92  149.44  148.98  147.46  146.86  146.10  145.53  146.12  149.03  152.87  152.30  149.97  149.10  147.94  148.67  151.81  154.52  157.00  157.68  156.06  158.34  161.22  161.07  161.17  160.29  164.12  163.81  158.56  157.89  157.66  160.89  164.33  164.36  164.62  164.31  166.70  169.21  166.41  165.90  163.88  163.32  161.13  159.99  157.13  154.40  150.49 
137.09  140.40  143.65  147.19  148.84  152.65  150.81  150.36  149.55  149.01  148.33  147.80  149.27  151.57  153.23  152.68  150.36  151.52  149.77  151.15  153.46  154.24  153.91  153.72  153.83  156.19  157.73  157.69  158.93  158.77  161.77  161.78  159.04  158.84  160.93  164.34  168.34  166.95  166.30  167.72  167.11  167.24  167.56  163.63  160.72  159.69  157.69  156.10  153.24  150.15 
137.12  140.32  143.60  145.61  148.83  150.02  153.97  153.07  152.57  151.86  151.30  151.00  150.39  150.25  151.87  154.79  153.82  150.77  153.46  149.87  149.14  150.68  150.87  150.61  149.37  151.42  153.11  155.36  155.55  157.13  156.60  159.79  161.51  158.66  160.66  164.43  165.27  167.85  167.42  166.88  168.78  167.28  165.26  163.76  160.25  157.85  157.48  156.79  152.78  149.48 
137.04  140.14  142.34  145.21  146.83  150.16  152.03  156.23  155.48  154.88  154.68  153.93  153.84  153.78  153.53  152.45  154.01  153.52  151.07  154.06  148.96  148.83  147.32  146.57  145.91  147.04  148.76  152.13  153.56  153.58  155.70  156.15  158.19  158.31  158.82  161.82  164.19  165.61  167.04  170.72  168.63  166.91  163.65  161.83  159.46  156.69  156.86  152.80  152.72  149.24 
136.77  139.08  141.72  143.60  146.56  148.72  152.31  154.14  158.49  158.43  157.44  157.46  157.40  157.17  156.74  154.59  153.94  155.72  153.56  151.54  152.78  148.42  147.02  146.59  143.53  143.80  146.05  147.94  150.41  152.22  152.97  154.48  153.68  157.63  155.65  157.30  161.94  162.37  169.18  166.15  166.77  165.11  163.24  159.22  157.81  156.82  153.10  152.30  152.21  149.13 
135.97  138.88  141.00  143.76  145.54  148.61  150.78  154.49  156.27  159.94  161.08  160.97  160.75  160.55  157.82  157.61  155.24  155.17  157.73  154.32  151.34  148.28  145.68  143.83  143.52  141.42  142.46  144.82  146.84  149.52  151.02  150.94  152.09  148.80  153.34  155.30  157.26  161.45  160.55  164.36  162.93  162.94  160.40  156.29  154.85  152.45  152.75  152.32  150.21  148.49 
136.08  139.26  142.32  144.26  147.33  148.78  151.02  154.31  156.20  158.52  161.85  164.22  164.52  160.37  161.38  158.33  158.02  156.67  156.00  157.80  153.55  149.84  145.45  142.83  142.49  143.00  140.86  142.72  144.09  145.62  147.40  145.69  147.76  153.09  148.96  151.38  153.12  150.31  157.18  160.05  160.63  157.83  155.38  153.27  150.95  151.03  150.37  149.29  148.62  146.68 
136.26  139.36  142.61  145.86  147.48  151.07  152.17  154.51  158.29  159.35  162.07  162.41  163.95  165.48  161.27  161.55  159.95  160.52  158.60  156.90  156.18  151.47  148.41  143.63  139.64  136.23  138.63  140.06  140.48  138.94  138.01  139.55  144.27  145.66  146.82  146.70  144.02  148.55  150.93  156.89  154.98  153.04  151.33  152.00  148.77  148.22  147.59  146.90  145.88  144.96 
137.86  139.64  142.70  146.00  149.53  150.64  155.05  155.32  155.92  157.89  158.92  160.37  160.39  159.15  165.94  159.13  158.76  159.44  162.81  158.94  155.97  153.03  149.62  146.27  139.65  135.84  134.93  133.70  134.50  134.52  133.35  134.78  137.57  142.50  140.81  139.19  144.45  146.49  148.25  150.73  150.03  147.64  146.02  146.58  146.26  145.32  144.79  144.21  143.42  142.41 
141.35  141.96  142.92  146.07  149.41  153.39  153.17  152.45  154.42  155.17  155.03  157.32  158.05  160.45  158.22  154.58  156.06  159.09  160.64  162.31  156.45  155.07  150.43  143.83  141.50  135.41  130.47  127.86  127.68  125.43  128.53  130.38  137.34  135.20  134.31  140.24  143.15  144.51  142.57  140.23  143.47  142.64  142.65  142.17  142.84  142.69  142.02  140.94  139.17  139.76 
145.32  145.59  145.95  146.01  149.42  149.68  149.83  150.65  151.49  151.75  153.70  154.81  156.71  156.27  154.46  153.50  153.50  154.23  155.75  160.53  161.21  154.44  149.85  144.91  138.60  135.97  131.97  125.21  122.58  124.12  124.38  133.06  131.47  130.49  135.44  139.72  141.06  140.66  139.20  135.64  137.68  137.88  137.53  138.92  137.47  135.80  136.80  135.47  135.74  135.81 
146.94  149.56  149.45  149.79  148.97  147.73  147.53  147.85  148.36  150.09  151.43  153.05  152.96  153.22  152.71  151.18  151.02  152.28  153.81  152.73  156.57  151.40  146.94  143.84  137.91  133.19  130.49  125.12  118.35  119.19  119.07  125.55  126.64  132.03  136.17  137.69  137.56  137.79  137.07  131.94  134.83  132.32  133.85  132.53  130.58  132.27  130.94  131.84  132.09  132.33 
147.94  150.71  153.49  152.58  151.08  151.00  151.00  150.91  150.09  148.20  149.41  149.54  149.72  149.56  149.69  149.15  149.03  150.32  150.25  151.71  146.28  146.31  139.17  133.56  129.10  126.13  120.71  114.84  110.89  105.44  104.52  118.54  126.91  132.68  134.36  134.45  134.60  134.46  129.05  124.97  125.17  130.37  127.31  125.81  127.06  125.88  127.59  128.71  128.92  128.77 
150.04  151.54  154.15  154.22  154.25  154.33  154.34  153.55  151.54  149.29  147.13  146.19  146.11  146.20  146.10  143.26  144.91  147.17  148.19  147.89  147.27  138.42  134.41  129.72  127.11  121.36  115.69  111.72  109.07  100.19  109.51  120.52  128.98  131.05  131.32  131.43  131.35  131.43  127.22  122.07  118.58  121.32  122.90  120.90  120.86  123.56  125.28  125.56  125.48  125.57 
153.44  153.61  154.86  156.48  157.67  157.77  157.05  154.88  152.54  150.41  147.87  145.43  143.06  142.70  142.69  140.08  141.30  144.36  144.74  144.92  144.57  141.28  134.83  130.36  127.15  125.59  119.83  115.75  111.22  111.81  117.22  125.24  127.69  128.13  128.24  128.18  125.83  126.85  127.25  118.42  114.11  112.50  114.11  115.84  119.44  121.85  122.22  122.20  122.25  122.20 
153.41  157.76  157.15  157.37  161.28  160.68  158.30  155.86  153.81  151.16  148.70  146.25  144.25  141.86  139.77  138.38  138.73  139.03  141.77  141.65  140.44  139.06  134.87  132.21  129.14  126.43  123.05  119.98  117.58  117.38  121.35  124.22  124.84  124.97  124.94  124.98  123.59  121.25  120.90  111.55  105.31  105.68  108.99  115.28  118.38  118.91  118.93  118.97  118.93  118.97 
153.67  155.66  156.12  157.54  158.89  162.83  159.30  157.36  154.55  152.10  149.52  147.64  145.12  143.03  140.94  139.12  137.32  138.10  138.31  138.83  137.88  135.15  135.24  131.98  129.29  126.34  123.59  120.65  117.67  117.87  120.62  121.43  121.59  121.58  121.60  118.90  117.19  116.28  110.00  99.14   96.27   102.57  110.06  114.79  114.65  116.97  115.88  115.75  115.77  115.74 
154.55  156.45  155.78  156.53  158.87  159.18  162.51  158.23  155.95  153.08  151.50  148.59  146.46  144.33  142.51  140.35  138.95  136.93  137.08  135.69  136.11  134.01  132.41  131.94  129.11  126.43  123.53  120.68  117.65  116.97  117.91  118.12  118.13  118.14  118.13  117.32  110.53  107.29  99.61   86.39   87.80   103.29  110.83  111.93  113.55  114.98  113.95  112.96  112.75  112.74 
155.96  158.95  160.69  160.90  160.80  160.90  160.66  161.80  157.41  156.01  152.88  150.29  148.49  146.25  144.07  142.42  140.73  139.07  134.76  133.76  132.97  132.94  131.14  129.67  128.83  126.26  123.58  120.65  117.67  114.79  114.62  114.65  114.66  114.65  114.65  114.27  110.30  103.19  97.47   81.98   87.43   103.76  110.33  110.78  111.88  111.73  111.93  111.05  110.73  110.70 
156.39  160.65  165.68  166.38  166.65  166.42  166.41  164.18  163.68  158.85  154.60  153.43  150.40  148.53  146.28  144.60  142.63  141.12  138.70  133.08  131.29  130.23  129.89  128.31  126.91  125.82  123.40  120.66  117.65  114.57  111.91  111.31  111.35  112.18  114.02  111.86  110.31  105.69  97.65   97.00   100.83  105.54  110.50  113.14  113.24  113.27  113.25  113.27  113.25  113.25 
157.57  160.87  166.31  172.32  172.37  172.77  170.46  168.94  166.14  163.71  159.71  155.49  153.67  150.72  149.11  146.49  144.63  143.00  140.15  136.13  130.78  128.14  127.38  126.86  125.44  124.08  122.81  120.45  117.62  114.54  111.48  109.65  110.12  112.94  112.17  110.45  108.67  107.12  104.74  106.14  108.81  110.04  110.84  115.06  115.77  115.80  115.83  115.80  115.82  115.64 
159.45  162.15  166.32  172.29  178.81  176.41  175.33  172.69  170.05  167.36  165.22  161.00  156.32  154.56  151.57  148.98  147.35  143.88  140.28  136.65  132.20  126.97  123.35  122.41  123.53  122.43  121.12  119.71  117.35  114.47  111.41  109.87  112.80  112.90  110.08  109.71  109.86  110.99  107.72  108.72  114.89  116.08  114.57  115.12  117.98  118.36  118.35  118.39  118.26  117.68 
162.07  163.94  166.45  171.79  176.17  181.58  178.61  178.65  176.93  173.91  169.55  166.01  161.19  157.51  154.32  152.98  148.59  144.72  139.18  135.42  132.86  129.34  124.31  120.80  119.54  120.19  119.27  118.00  116.49  114.15  111.32  109.93  112.64  110.13  109.73  109.90  112.52  111.17  114.78  112.14  118.59  119.62  120.10  120.11  119.48  120.70  120.97  120.92  120.21  120.11 
162.04  166.98  171.17  169.63  175.07  176.25  179.98  179.76  181.69  177.66  175.72  169.31  166.38  160.12  159.50  154.34  149.98  146.78  141.84  137.18  133.88  130.91  127.39  121.37  117.20  116.60  116.85  116.02  114.78  113.23  110.96  109.52  109.48  109.54  108.97  111.37  111.41  115.76  114.41  116.38  119.41  122.46  122.43  122.03  125.05  123.60  123.65  122.72  122.81  122.38 
162.36  166.51  170.66  173.11  171.03  174.29  176.52  177.30  180.20  182.50  176.83  175.38  169.20  166.66  160.12  155.29  152.19  148.24  145.33  140.12  135.14  133.03  128.18  122.24  117.77  113.71  112.41  117.52  115.68  111.17  110.05  108.09  108.97  109.37  109.61  111.31  114.38  113.71  119.10  117.49  120.72  123.17  125.30  125.37  124.59  126.74  125.18  125.56  125.15  124.97 
161.94  166.07  168.90  172.88  172.58  172.16  173.85  178.98  179.17  181.47  182.14  175.29  174.73  167.97  162.82  158.81  153.08  150.33  144.78  141.40  139.24  133.43  127.87  124.23  120.52  115.18  110.02  106.17  111.69  111.97  108.62  107.08  109.66  111.60  111.85  111.85  114.19  117.81  118.59  122.20  121.83  126.69  128.65  126.86  128.43  126.78  128.36  127.98  127.80  127.92 
161.44  164.57  168.47  171.18  175.53  174.67  173.89  176.08  181.55  180.80  184.28  180.74  173.70  169.68  165.38  160.21  157.26  152.76  146.88  143.91  139.64  134.17  129.36  125.21  121.44  117.00  113.06  106.02  96.51   100.23  104.83  105.13  109.29  112.23  114.33  114.41  114.61  119.86  120.97  122.61  126.38  124.84  128.05  130.04  129.86  130.32  129.87  130.64  130.95  130.08 
160.15  164.03  167.19  171.38  175.15  178.27  174.75  176.22  179.09  184.02  181.78  182.87  176.05  171.87  166.24  165.53  159.53  155.91  150.65  144.01  138.20  134.24  131.42  126.11  121.53  117.18  108.69  101.04  90.65   74.90   77.56   99.04   106.35  108.47  115.27  117.12  117.39  119.03  121.53  125.80  127.35  129.76  129.36  132.49  134.02  133.03  132.41  134.05  132.94  132.65 
159.55  163.03  167.13  170.81  172.25  175.48  177.36  174.84  178.41  179.39  184.41  180.51  180.89  172.81  171.59  165.73  161.06  152.73  151.37  146.15  141.29  134.88  130.59  128.08  122.54  115.76  109.00  100.99  89.23   75.15   75.13   94.27   104.53  109.17  115.47  117.90  120.00  120.76  122.20  125.29  132.46  131.89  135.20  134.09  137.46  136.99  137.36  136.15  135.66  133.99 
158.72  162.79  166.44  168.44  171.42  173.33  175.62  177.19  175.56  178.48  177.74  183.84  177.93  176.28  171.29  166.78  159.73  154.48  149.72  147.02  143.89  138.07  131.48  126.45  120.94  116.62  107.08  104.58  100.31  92.09   91.56   101.62  105.67  110.66  115.51  118.05  120.60  122.94  124.20  127.13  132.24  136.17  136.12  141.49  139.42  141.06  139.42  139.54  136.77  137.29 
158.36  162.03  164.44  167.32  169.49  171.70  173.18  174.18  178.38  173.72  178.10  177.36  184.65  176.62  172.41  168.88  160.71  156.11  151.29  148.88  146.23  142.18  135.05  127.47  119.72  118.12  116.61  110.39  109.53  111.04  108.64  104.47  110.63  112.21  115.50  118.07  120.70  123.37  125.90  127.52  130.96  135.40  139.76  141.22  147.25  143.97  143.74  140.71  141.84  139.43 
157.56  160.28  163.16  165.53  167.78  169.35  170.63  173.88  173.36  176.15  171.66  177.24  175.34  179.14  170.79  166.19  165.10  157.76  153.52  150.78  146.71  143.99  140.02  130.82  124.62  125.67  117.79  117.19  119.50  120.57  116.31  110.95  108.28  115.00  115.48  118.07  120.71  123.44  126.21  128.91  130.42  134.31  137.99  143.32  144.76  149.98  145.11  144.29  144.29  142.29 
155.89  158.14  161.24  163.78  165.53  167.05  169.65  169.79  171.60  169.27  173.50  170.04  173.20  171.16  172.94  169.69  163.18  162.72  155.25  150.71  148.08  145.23  136.62  130.80  132.54  126.74  123.47  124.87  124.14  121.08  116.29  114.09  112.12  114.77  115.10  118.07  120.71  123.43  126.25  129.09  132.00  134.68  138.03  141.36  146.27  146.69  149.72  147.45  145.53  143.84 
153.74  155.12  156.24  160.53  163.34  165.66  166.41  169.56  167.14  168.59  166.88  170.66  168.31  168.35  168.36  167.52  164.18  159.71  157.15  152.07  150.26  141.50  140.60  140.73  132.85  130.75  129.65  127.51  124.22  120.15  117.71  117.38  114.80  114.38  115.84  118.01  120.71  123.44  126.23  129.12  132.00  135.01  137.99  140.71  143.18  146.21  146.06  145.21  143.88  142.41 
150.96  152.64  155.41  157.73  160.91  162.88  165.44  165.11  168.47  164.58  163.37  166.21  166.25  165.71  163.30  163.51  163.76  160.33  156.04  155.04  149.56  146.55  142.20  136.84  137.76  133.00  130.80  127.23  124.23  121.02  119.38  116.21  115.67  117.68  119.27  117.63  120.71  123.43  126.25  129.09  132.04  134.95  137.54  139.23  140.46  143.00  143.09  142.89  142.07  140.79 
148.66  151.23  153.60  156.47  160.37  161.05  162.62  165.46  162.92  162.71  163.40  161.52  160.62  158.80  161.03  158.36  157.40  154.07  155.13  152.01  148.24  146.35  140.51  140.24  135.94  134.16  130.40  126.27  122.19  120.29  117.18  116.64  115.04  116.48  119.43  120.17  120.25  123.44  126.23  129.11  131.94  134.44  136.17  137.55  139.67  140.01  139.96  140.00  139.76  138.96 
147.16  149.58  152.33  155.58  158.94  160.69  162.76  162.67  161.52  162.03  156.32  159.04  155.93  157.26  154.20  153.34  149.83  151.28  149.57  148.67  151.21  144.69  140.56  136.90  136.49  132.75  128.99  123.83  120.79  119.81  119.65  117.83  116.04  116.43  118.54  121.42  120.08  123.42  126.23  128.97  131.40  133.17  134.62  136.45  136.95  136.95  136.98  136.95  136.95  136.68 
145.58  148.18  151.02  155.32  157.36  161.50  162.00  162.50  163.03  160.71  155.69  152.92  156.17  154.19  152.88  148.71  150.02  147.29  150.00  150.85  148.17  143.24  139.57  137.08  134.03  131.25  126.00  123.69  123.28  122.86  120.67  118.93  116.32  115.64  118.08  120.27  120.50  123.14  126.07  128.42  130.21  131.70  133.33  133.92  133.98  134.00  133.98  134.00  133.98  133.95 
144.30  146.95  150.95  155.96  160.31  161.09  164.09  161.77  161.40  156.80  154.77  153.96  152.83  152.91  151.35  149.61  146.26  145.70  146.64  146.08  143.81  142.30  139.24  135.96  133.68  130.86  128.96  126.83  126.17  123.55  121.94  119.13  116.39  114.98  116.15  118.71  122.06  121.94  124.51  127.31  128.82  130.30  130.95  131.07  131.09  131.08  131.09  131.08  131.09  131.07 
143.59  146.81  151.07  155.70  160.85  163.09  160.66  162.12  158.11  157.27  153.51  151.46  150.47  149.50  149.35  148.13  146.16  143.10  144.76  143.50  140.98  139.87  138.27  135.40  132.42  131.80  129.78  129.56  126.41  125.10  122.02  119.19  116.36  113.77  115.56  116.84  119.65  120.91  122.22  126.00  127.38  128.06  128.23  128.26  128.25  128.26  128.25  128.26  128.25  128.26 
143.51  146.91  150.93  155.79  158.65  158.72  160.76  159.40  157.27  154.83  153.45  150.24  148.12  146.98  146.09  145.77  144.64  143.83  141.83  139.92  139.26  137.14  135.88  134.22  131.60  129.08  129.68  129.45  128.43  124.97  122.09  119.15  116.39  113.63  114.03  116.51  118.06  120.06  122.99  124.57  125.27  125.47  125.51  125.51  125.51  125.51  125.51  125.51  125.51  125.51 
143.56  146.79  150.84  153.88  154.67  156.73  156.60  156.88  155.69  153.62  151.41  149.73  146.90  144.81  143.65  142.80  142.32  141.75  139.70  138.01  136.36  135.42  133.57  132.21  130.58  128.21  126.41  126.53  126.27  125.09  122.02  119.19  116.36  113.64  113.53  115.36  117.53  120.18  121.82  122.56  122.80  122.85  122.86  122.86  122.86  122.86  122.86  122.86  122.86  122.86 
143.48  146.72  149.44  150.66  152.72  152.97  153.16  152.99  153.07  151.95  150.04  147.93  146.17  143.56  141.68  140.48  139.64  139.10  138.22  136.37  134.67  133.13  132.01  130.34  128.93  127.35  125.21  123.64  123.52  123.16  121.89  119.13  116.39  113.62  112.80  115.05  117.51  119.14  119.92  120.19  120.26  120.27  120.28  120.27  120.28  120.27  120.28  120.27  120.28  120.27 
