#Value Function.
0.00    0.00    0.00    0.00    0.00    0.00    0.00    0.00    0.00    0.00    0.01    0.07    0.63    1.34    1.89    2.11    1.98    1.62    1.17    0.72    0.44    0.50    1.19    2.37    3.77    5.24    6.74    8.22    9.62    10.96   12.11   13.05   13.61   13.89   14.10   14.03   13.98   13.78   13.47   13.04   12.51   11.89   11.16   10.44   9.77    9.08    8.41    7.80    7.22    6.53   
0.00    0.00    0.00    0.00    0.00    0.00    0.00    0.00    0.00    0.01    0.05    0.36    1.19    2.01    2.63    2.86    2.70    2.30    1.80    1.30    0.96    0.97    1.70    2.98    4.44    5.94    7.43    8.93    10.32   11.58   12.71   13.52   14.02   14.30   14.46   14.43   14.40   14.27   14.05   13.70   13.35   12.78   12.16   11.53   10.87   10.21   9.54    8.92    8.31    7.63   
0.00    0.00    0.00    0.00    0.00    0.00    0.00    0.00    0.01    0.02    0.13    0.86    1.82    2.73    3.42    3.67    3.48    3.03    2.48    1.92    1.50    1.46    2.25    3.62    5.10    6.60    8.13    9.58    10.87   12.12   13.14   13.93   14.37   14.59   14.73   14.72   14.70   14.62   14.47   14.28   14.04   13.63   13.16   12.65   12.06   11.42   10.73   10.09   9.48    8.80   
0.00    0.00    0.00    0.00    0.00    0.00    0.00    0.00    0.01    0.07    0.45    1.42    2.50    3.50    4.27    4.54    4.30    3.81    3.20    2.58    2.08    1.96    2.82    4.24    5.72    7.24    8.74    10.13   11.46   12.61   13.51   14.23   14.64   14.85   14.94   14.98   14.97   14.93   14.83   14.79   14.67   14.44   14.13   13.78   13.28   12.68   12.00   11.35   10.73   10.08  
0.00    0.00    0.00    0.00    0.00    0.00    0.00    0.01    0.03    0.16    0.93    2.04    3.22    4.32    5.18    5.47    5.17    4.63    3.97    3.29    2.69    2.48    3.43    4.88    6.37    7.89    9.35    10.75   12.01   13.02   13.82   14.49   14.88   15.03   15.02   15.12   15.16   15.18   15.15   15.26   15.34   15.31   15.16   14.93   14.54   14.01   13.35   12.70   12.08   11.44  
0.00    0.00    0.00    0.00    0.02    0.14    0.10    0.03    0.09    0.49    1.47    2.70    3.96    5.17    6.13    6.44    6.10    5.49    4.78    4.05    3.33    2.99    4.02    5.48    6.97    8.46    9.93    11.26   12.40   13.31   14.08   14.73   15.09   15.15   15.01   15.17   15.33   15.40   15.42   15.68   15.95   16.14   16.20   16.16   15.90   15.44   14.80   14.16   13.52   12.89  
0.00    0.00    0.01    0.06    0.40    0.72    0.64    0.40    0.36    0.97    2.06    3.39    4.75    6.06    7.12    7.46    7.05    6.38    5.63    4.86    4.02    3.49    4.59    6.05    7.51    9.00    10.40   11.63   12.68   13.56   14.32   14.96   15.29   15.32   15.25   15.32   15.54   15.62   15.68   16.13   16.60   17.02   17.31   17.47   17.37   16.98   16.34   15.71   15.07   14.44  
0.00    0.01    0.05    0.26    0.95    1.34    1.22    0.92    0.82    1.49    2.67    4.11    5.55    6.94    8.09    8.45    8.02    7.27    6.48    5.58    4.65    3.98    5.09    6.51    7.96    9.36    10.66   11.81   12.83   13.72   14.50   15.16   15.48   15.53   15.51   15.56   15.73   15.82   15.93   16.59   17.27   17.95   18.49   18.87   18.93   18.63   17.98   17.37   16.72   16.04  
0.00    0.03    0.16    0.67    1.46    1.90    1.79    1.45    1.27    2.02    3.31    4.81    6.30    7.74    8.91    9.30    8.90    8.13    7.22    6.23    5.31    4.50    5.53    6.92    8.30    9.61    10.83   11.88   12.89   13.80   14.58   15.25   15.65   15.73   15.73   15.78   15.92   16.00   16.25   17.15   18.09   19.03   19.80   20.43   20.64   20.39   19.75   19.12   18.44   17.62  
0.01    0.07    0.30    1.08    1.91    2.31    2.25    1.91    1.71    2.58    3.97    5.46    7.01    8.45    9.40    9.82    9.54    8.86    7.89    6.90    5.92    5.05    5.92    7.23    8.51    9.72    10.84   11.93   12.86   13.78   14.51   15.26   15.71   15.86   15.88   15.93   16.06   16.15   16.61   17.84   19.03   20.13   21.16   22.03   22.41   22.21   21.58   20.93   20.11   19.06  
0.02    0.14    0.52    1.45    2.21    2.57    2.54    2.32    2.11    3.17    4.59    6.12    7.64    8.87    9.72    10.10   10.02   9.45    8.55    7.53    6.54    5.62    6.20    7.40    8.57    9.70    10.80   11.82   12.77   13.63   14.41   15.10   15.60   15.83   15.88   15.95   16.08   16.19   17.11   18.64   20.13   21.38   22.63   23.73   24.26   24.11   23.44   22.65   21.64   20.27  
0.04    0.20    0.79    1.64    2.34    2.76    2.71    2.59    2.52    3.75    5.20    6.70    8.03    9.01    9.91    10.27   10.16   9.75    9.02    8.10    7.13    6.20    6.35    7.46    8.54    9.63    10.66   11.60   12.54   13.36   14.08   14.75   15.31   15.62   15.70   15.79   15.93   16.26   17.62   19.34   21.13   22.74   24.16   25.42   26.10   25.97   25.24   24.25   22.84   21.34  
0.06    0.25    0.93    1.69    2.37    2.75    2.78    2.62    2.95    4.29    5.70    6.99    8.00    9.01    9.74    10.08   10.00   9.76    9.25    8.53    7.64    6.71    6.39    7.42    8.44    9.45    10.38   11.32   12.15   12.96   13.68   14.32   14.83   15.21   15.32   15.43   15.66   16.53   18.12   19.92   21.87   23.81   25.53   27.00   27.84   27.70   26.82   25.37   23.93   22.25  
0.07    0.29    0.95    1.61    2.24    2.59    2.65    2.64    3.41    4.72    5.95    6.96    7.92    8.68    9.30    9.62    9.69    9.54    9.22    8.72    8.02    7.18    6.39    7.31    8.26    9.17    10.07   10.90   11.73   12.45   13.12   13.73   14.22   14.65   14.80   14.97   15.47   16.88   18.64   20.52   22.61   24.57   26.65   28.19   29.22   29.07   27.83   26.46   24.85   22.97  
0.09    0.32    0.89    1.50    2.06    2.39    2.49    2.62    3.79    4.94    5.93    6.83    7.56    8.18    8.75    9.06    9.15    9.16    9.00    8.67    8.18    7.51    6.74    7.14    7.99    8.85    9.66    10.45   11.17   11.83   12.45   13.04   13.56   13.97   14.16   14.44   15.61   17.21   19.06   21.07   23.11   25.41   27.33   29.16   29.98   29.83   28.67   27.34   25.52   23.67  
0.10    0.33    0.83    1.39    1.89    2.20    2.37    2.92    3.99    4.93    5.78    6.49    7.09    7.66    8.18    8.47    8.57    8.63    8.61    8.45    8.13    7.66    7.04    6.88    7.70    8.47    9.22    9.89    10.52   11.14   11.74   12.32   12.90   13.77   14.55   14.93   15.83   17.54   19.49   21.51   23.77   25.93   28.11   29.54   30.23   30.28   29.65   28.01   26.28   24.32  
0.11    0.34    0.78    1.28    1.73    2.04    2.28    3.09    3.98    4.77    5.46    6.05    6.62    7.16    7.63    7.90    8.01    8.07    8.11    8.08    7.92    7.61    7.20    6.95    7.69    8.13    8.76    9.32    9.86    10.45   11.05   12.09   13.69   15.06   15.93   16.20   16.12   17.89   19.86   22.04   24.25   26.57   28.44   29.50   30.29   30.12   29.76   28.58   26.77   24.92  
0.11    0.34    0.73    1.19    1.60    1.90    2.27    3.09    3.83    4.48    5.07    5.63    6.17    6.67    7.09    7.35    7.46    7.52    7.58    7.61    7.57    7.45    7.22    7.75    8.74    8.96    8.51    8.82    9.26    9.89    11.26   13.12   14.76   16.39   17.33   17.56   17.17   18.31   20.26   22.42   24.66   26.64   27.88   28.86   29.64   29.76   29.11   28.49   27.14   25.39  
0.15    0.63    0.93    1.12    1.48    1.79    2.25    2.95    3.57    4.16    4.71    5.24    5.73    6.20    6.58    6.82    6.94    7.00    7.06    7.11    7.15    7.18    7.28    8.58    9.66    9.88    9.33    8.68    8.88    10.06   12.00   13.96   15.88   17.44   18.45   18.66   18.22   18.82   20.62   22.69   24.61   25.91   27.05   27.80   28.43   28.62   28.49   27.80   26.96   25.62  
0.50    1.26    1.56    1.52    1.42    1.68    2.12    2.73    3.31    3.86    4.38    4.86    5.32    5.76    6.11    6.33    6.45    6.51    6.57    6.62    6.68    6.88    7.77    9.18    10.20   10.43   9.96    9.10    8.96    10.68   12.66   14.76   16.64   18.24   19.03   19.22   18.82   19.36   20.90   22.55   23.85   25.01   25.84   26.52   26.97   27.17   27.22   26.97   26.29   25.35  
1.04    1.97    2.28    2.19    1.93    1.66    2.00    2.54    3.07    3.58    4.06    4.52    4.94    5.34    5.66    5.87    5.99    6.05    6.10    6.16    6.29    6.82    8.30    9.62    10.47   10.70   10.45   9.66    9.49    11.29   13.31   15.36   17.33   18.59   19.29   19.47   19.18   19.56   20.72   21.86   22.93   23.78   24.48   25.03   25.43   25.64   25.75   25.71   25.38   24.71  
1.69    2.76    3.05    2.93    2.62    2.25    1.95    2.36    2.85    3.32    3.77    4.19    4.59    4.95    5.25    5.45    5.56    5.62    5.67    5.75    6.00    7.25    8.69    9.70    10.46   10.69   10.54   10.09   10.06   11.87   13.82   15.79   17.41   18.63   19.38   19.38   19.15   19.16   20.07   20.94   21.75   22.47   23.08   23.68   24.06   24.26   24.29   24.30   24.21   23.81  
2.46    3.62    3.90    3.73    3.38    2.96    2.52    2.28    2.65    3.08    3.50    3.89    4.26    4.59    4.86    5.05    5.16    5.22    5.28    5.43    6.19    7.51    8.56    9.51    10.24   10.48   10.35   9.98    10.54   12.33   14.18   15.78   17.19   18.16   18.91   18.80   18.77   18.40   19.11   19.82   20.54   21.21   22.05   22.79   23.16   23.33   23.22   23.08   22.89   22.70  
3.38    4.58    4.81    4.59    4.19    3.73    3.23    2.74    2.53    2.87    3.25    3.61    3.95    4.26    4.51    4.68    4.79    4.85    4.93    5.22    6.38    7.40    8.31    9.06    9.69    9.92    9.91    9.73    10.94   12.63   14.15   15.49   16.49   17.30   17.92   17.93   17.86   17.70   18.01   18.72   19.45   20.49   21.44   22.49   22.89   23.03   22.82   22.23   21.80   21.51  
4.43    5.62    5.78    5.51    5.07    4.57    4.03    3.45    2.90    2.73    3.02    3.35    3.66    3.95    4.18    4.34    4.44    4.52    4.66    5.33    6.29    7.14    7.86    8.47    9.01    9.25    9.32    9.67    11.18   12.60   13.85   14.82   15.59   16.21   16.72   16.86   16.88   17.45   18.49   19.47   19.56   19.98   21.41   22.46   22.95   22.99   22.79   22.05   21.13   20.52  
5.57    6.74    6.84    6.50    6.01    5.47    4.88    4.26    3.61    2.97    2.85    3.11    3.40    3.66    3.87    4.02    4.12    4.21    4.41    5.25    6.05    6.72    7.30    7.86    8.35    8.59    8.78    9.83    11.16   12.32   13.24   13.97   14.57   15.08   15.60   16.20   17.79   19.16   20.38   21.47   21.33   21.30   21.43   22.46   22.98   22.95   22.74   22.00   20.91   19.90  
6.80    7.95    7.97    7.56    7.03    6.44    5.81    5.14    4.43    3.66    2.86    2.92    3.16    3.39    3.59    3.73    3.83    3.94    4.28    5.02    5.66    6.24    6.78    7.29    7.74    8.02    8.60    9.80    10.88   11.75   12.45   13.02   13.54   14.10   15.28   17.30   19.29   20.90   22.28   23.46   23.15   22.76   22.11   22.34   22.71   22.74   22.43   21.70   20.72   19.63  
8.14    9.27    9.18    8.70    8.11    7.48    6.80    6.08    5.27    4.34    3.44    2.81    2.94    3.15    3.33    3.46    3.56    3.69    4.06    4.67    5.26    5.79    6.30    6.77    7.18    7.54    8.54    9.54    10.37   11.03   11.58   12.10   12.67   13.86   16.11   18.29   20.36   22.47   24.03   25.19   24.80   23.97   23.11   21.93   21.93   21.95   21.71   21.22   20.38   19.42  
9.58    10.69   10.48   9.92    9.28    8.61    7.85    6.99    5.99    4.95    4.07    3.25    2.81    2.93    3.08    3.21    3.31    3.46    3.80    4.34    4.88    5.38    5.85    6.29    6.70    7.36    8.29    9.07    9.69    10.24   10.76   11.32   12.47   14.51   16.78   19.15   21.36   23.43   25.33   26.33   26.11   25.17   23.92   22.37   21.03   20.84   20.69   20.38   19.88   19.08  
11.12   12.20   11.85   11.22   10.54   9.73    8.83    7.75    6.61    5.61    4.65    3.81    3.07    2.77    2.87    2.98    3.08    3.23    3.55    4.03    4.53    4.99    5.43    5.84    6.29    7.12    7.85    8.45    9.00    9.52    10.07   11.15   12.99   15.14   17.43   19.80   22.17   24.35   25.97   26.77   26.76   26.06   24.69   23.00   21.24   19.95   19.63   19.41   19.09   18.59  
12.72   13.79   13.28   12.59   11.73   10.79   9.62    8.39    7.26    6.20    5.25    4.36    3.57    2.92    2.70    2.77    2.87    3.02    3.32    3.75    4.20    4.63    5.04    5.45    6.02    6.71    7.29    7.84    8.36    8.90    9.89    11.57   13.57   15.74   18.03   20.43   22.84   24.96   26.33   27.05   26.98   26.65   25.36   23.60   21.75   20.03   18.84   18.43   18.19   17.87  
14.28   15.34   14.70   13.82   12.87   11.62   10.29   9.03    7.87    6.80    5.81    4.92    4.09    3.36    2.78    2.60    2.67    2.82    3.09    3.48    3.90    4.30    4.69    5.08    5.64    6.22    6.76    7.28    7.81    8.71    10.24   12.10   14.14   16.32   18.62   20.93   23.16   24.95   26.01   26.86   26.95   26.56   25.60   24.03   22.22   20.44   18.84   17.75   17.30   17.04  
15.80   16.66   15.94   15.02   13.72   12.31   10.93   9.66    8.47    7.38    6.38    5.46    4.61    3.83    3.15    2.64    2.52    2.64    2.89    3.24    3.62    3.99    4.36    4.74    5.24    5.77    6.28    6.80    7.59    8.99    10.72   12.63   14.67   16.83   19.03   21.20   23.00   24.41   25.44   25.96   26.10   25.90   25.30   24.13   22.57   20.87   19.19   17.71   16.71   16.24  
16.85   17.78   17.03   15.85   14.43   12.96   11.57   10.26   9.06    7.96    6.94    6.00    5.12    4.38    3.66    2.97    2.51    2.48    2.69    3.01    3.36    3.71    4.05    4.41    4.87    5.36    5.86    6.54    7.82    9.42    11.21   13.12   15.14   17.20   19.23   20.95   22.38   23.46   24.13   24.58   24.77   24.73   24.42   23.77   22.62   21.16   19.57   18.01   16.65   15.72  
17.62   18.35   17.68   16.49   15.08   13.61   12.19   10.89   9.66    8.55    7.52    6.71    5.98    5.25    4.48    3.68    2.87    2.40    2.52    2.80    3.12    3.44    3.76    4.11    4.53    4.99    5.56    6.72    8.21    9.88    11.67   13.56   15.48   17.36   18.98   20.35   21.38   22.08   22.60   23.01   23.22   23.38   23.28   22.93   22.28   21.20   19.84   18.35   16.90   15.65  
18.17   18.64   18.19   17.09   15.69   14.23   12.82   11.50   10.30   9.24    8.40    7.69    6.93    6.13    5.26    4.41    3.52    2.72    2.41    2.61    2.90    3.20    3.50    3.82    4.21    4.70    5.69    7.07    8.63    10.30   12.07   13.86   15.60   17.12   18.40   19.38   20.07   20.60   21.06   21.43   21.66   21.85   21.97   21.87   21.52   20.89   19.88   18.60   17.22   15.86  
18.14   18.66   18.23   17.53   16.24   14.82   13.43   12.17   11.01   10.13   9.36    8.64    7.83    6.94    6.05    5.11    4.15    3.30    2.60    2.47    2.70    2.97    3.25    3.56    3.96    4.74    6.00    7.46    9.02    10.67   12.34   13.96   15.39   16.58   17.51   18.17   18.68   19.15   19.59   19.94   20.17   20.37   20.55   20.66   20.56   20.22   19.60   18.65   17.45   16.15  
17.61   18.11   17.98   17.32   16.53   15.31   14.05   12.82   11.80   10.97   10.23   9.46    8.64    7.75    6.79    5.75    4.79    3.89    3.10    2.49    2.53    2.76    3.02    3.33    3.85    5.01    6.36    7.82    9.36    10.92   12.43   13.76   14.88   15.75   16.39   16.88   17.36   17.79   18.21   18.54   18.79   19.00   19.18   19.36   19.45   19.35   19.02   18.40   17.49   16.36  
16.69   17.16   17.18   16.95   16.30   15.57   14.49   13.46   12.51   11.71   10.95   10.23   9.36    8.49    7.43    6.42    5.41    4.50    3.66    2.96    2.64    2.61    2.83    3.17    4.07    5.33    6.70    8.13    9.59    10.99   12.24   13.29   14.11   14.72   15.22   15.69   16.13   16.54   16.92   17.25   17.51   17.74   17.94   18.12   18.26   18.33   18.22   17.87   17.26   16.39  
15.59   16.05   16.16   16.14   15.91   15.37   14.77   13.97   13.17   12.36   11.58   10.88   10.08   9.10    8.11    7.04    6.04    5.09    4.24    3.67    3.34    2.96    2.74    3.22    4.37    5.64    6.98    8.34    9.64    10.81   11.79   12.57   13.17   13.68   14.15   14.58   14.99   15.37   15.73   16.05   16.32   16.56   16.78   16.96   17.10   17.23   17.28   17.15   16.79   16.19  
14.46   14.93   15.08   15.16   15.15   14.97   14.61   14.21   13.64   12.95   12.21   11.47   10.69   9.75    8.69    7.66    6.63    5.71    4.84    4.44    4.11    3.69    3.21    3.49    4.66    5.91    7.17    8.38    9.47    10.40   11.13   11.71   12.24   12.73   13.17   13.57   13.95   14.30   14.63   14.94   15.22   15.47   15.70   15.88   16.02   16.15   16.25   16.26   16.10   15.73  
13.38   13.85   14.01   14.14   14.23   14.24   14.16   13.98   13.70   13.32   12.69   11.94   11.16   10.25   9.24    8.20    7.22    6.29    5.49    5.22    4.90    4.44    3.84    3.78    4.92    6.08    7.20    8.22    9.09    9.79    10.35   10.89   11.42   11.90   12.31   12.68   13.01   13.32   13.63   13.91   14.18   14.44   14.68   14.87   15.01   15.12   15.23   15.31   15.28   15.10  
12.35   12.83   13.01   13.15   13.26   13.36   13.43   13.41   13.39   13.22   12.86   12.20   11.42   10.61   9.67    8.71    7.76    6.92    6.24    5.97    5.64    5.14    4.46    4.04    5.09    6.11    7.05    7.86    8.53    9.09    9.63    10.17   10.69   11.20   11.59   11.93   12.21   12.46   12.70   12.96   13.21   13.47   13.71   13.89   14.04   14.16   14.26   14.33   14.38   14.32  
11.40   11.88   12.08   12.21   12.33   12.45   12.58   12.67   12.72   12.76   12.60   12.19   11.58   10.77   9.98    9.10    8.27    7.50    6.91    6.58    6.24    5.81    5.11    4.42    5.12    5.97    6.72    7.35    7.91    8.45    8.97    9.50    10.04   10.58   10.98   11.30   11.50   11.69   11.86   12.07   12.30   12.55   12.78   12.97   13.11   13.23   13.32   13.40   13.45   13.48  
10.51   11.00   11.22   11.35   11.46   11.58   11.71   11.82   11.93   12.02   12.04   11.88   11.46   10.86   10.13   9.39    8.64    7.98    7.44    7.03    6.68    6.32    5.75    4.97    5.01    5.67    6.26    6.82    7.35    7.85    8.37    8.91    9.48    10.03   10.42   10.72   10.87   10.98   11.08   11.24   11.45   11.68   11.90   12.09   12.22   12.33   12.43   12.51   12.57   12.61  
9.68    10.18   10.41   10.54   10.65   10.76   10.88   10.99   11.11   11.22   11.29   11.30   11.13   10.73   10.18   9.53    8.90    8.32    7.88    7.46    7.11    6.69    6.16    5.49    4.85    5.29    5.81    6.33    6.82    7.30    7.80    8.36    8.96    9.50    9.90    10.16   10.28   10.32   10.36   10.47   10.65   10.86   11.07   11.24   11.37   11.47   11.57   11.66   11.73   11.78  
8.92    9.42    9.66    9.79    9.89    10.00   10.11   10.22   10.33   10.43   10.52   10.59   10.58   10.41   10.05   9.55    8.99    8.50    8.05    7.71    7.40    6.99    6.44    5.87    5.19    5.00    5.41    5.87    6.33    6.79    7.27    7.82    8.40    8.96    9.37    9.58    9.66    9.71    9.70    9.75    9.90    10.09   10.28   10.45   10.57   10.67   10.76   10.85   10.93   10.99  
8.20    8.72    8.96    9.09    9.19    9.29    9.39    9.49    9.59    9.69    9.78    9.86    9.92    9.90    9.74    9.43    8.98    8.54    8.13    7.78    7.46    7.10    6.65    6.08    5.51    4.92    5.05    5.45    5.88    6.30    6.77    7.29    7.85    8.38    8.79    8.97    9.05    9.08    9.11    9.10    9.20    9.37    9.55    9.70    9.81    9.91    10.00   10.09   10.17   10.24  
7.54    8.06    8.30    8.44    8.54    8.63    8.73    8.82    8.91    9.00    9.08    9.16    9.24    9.29    9.27    9.12    8.84    8.46    8.07    7.73    7.41    7.06    6.69    6.24    5.71    5.16    4.78    5.07    5.45    5.86    6.29    6.78    7.30    7.80    8.18    8.35    8.43    8.49    8.52    8.53    8.56    8.70    8.86    9.00    9.11    9.20    9.29    9.37    9.45    9.53   
6.92    7.45    7.69    7.83    7.92    8.01    8.10    8.19    8.27    8.36    8.43    8.51    8.59    8.66    8.70    8.68    8.54    8.28    7.94    7.60    7.28    6.96    6.63    6.27    5.84    5.34    4.85    4.76    5.07    5.44    5.84    6.30    6.78    7.23    7.58    7.74    7.83    7.90    7.95    7.98    8.00    8.09    8.22    8.35    8.46    8.54    8.62    8.70    8.78    8.85   
