#Value Function.
64.6718 64.9133 66.2087 67.3119 68.2461 69.0605 69.6291 69.1359 69.4609 69.8298 70.4344 70.8730 71.0024 71.0073 71.0078 70.9946 71.0030 71.0484 71.0314 70.9684 70.9173 70.9042 70.8905 70.8857 70.8509 70.7311 70.5402 70.4967 70.4785 70.3855 70.3286 70.5491 71.0058 71.2715 71.5784 71.9048 72.1959 72.4096 72.5378 72.5825 72.5994 72.5947 72.5927 72.5747 72.5508 72.5484 72.5345 72.5343 72.5361 72.4193
62.7637 66.4246 67.6280 68.6934 69.5894 70.3779 70.8879 70.1353 70.6922 71.0476 71.7127 72.1035 72.1606 72.1420 72.1439 72.1270 72.1412 72.1953 72.1618 72.0890 72.0420 72.0379 72.0231 72.0207 71.9781 71.8378 71.6313 71.6263 71.6104 71.4985 71.4525 71.7412 72.2499 72.4625 72.7853 73.1149 73.3968 73.5922 73.7010 73.7269 73.7387 73.7292 73.7284 73.7063 73.6813 73.6843 73.6670 73.6706 73.6725 72.7040
62.7061 66.5072 67.6248 68.8631 69.9087 70.7831 71.5837 72.1704 70.9683 71.9443 72.1251 72.9303 73.2652 73.2682 73.2424 73.2548 73.3125 73.3896 73.2910 73.2701 73.1826 73.1398 73.1457 73.1107 72.9832 72.6663 72.7451 72.7480 72.6159 72.5129 72.8534 73.2159 73.3468 73.3334 73.5845 73.9227 74.2558 74.5359 74.7220 74.8227 74.8332 74.8478 74.8319 74.8369 74.8089 74.7833 74.7902 74.7983 74.7642 73.7948
62.9389 66.7868 67.6727 68.8289 70.1075 71.1198 71.9714 72.7847 73.5220 73.7834 72.8640 73.2223 74.1813 74.4130 74.3677 74.4255 74.5309 74.4749 74.4164 74.3942 74.3811 74.2718 74.2386 74.1498 73.7085 73.8758 73.8912 73.7433 73.5528 73.9664 74.3795 74.4854 74.5059 74.3713 74.4257 74.7114 75.0620 75.3971 75.6755 75.8504 75.9445 75.9358 75.9591 75.9320 75.9466 75.9088 75.9263 75.8836 75.8526 74.8709
63.0833 66.9428 68.0064 68.8217 70.0409 71.3629 72.3236 73.1549 73.9728 74.7455 75.0248 73.6910 74.3626 75.4678 75.5339 75.6570 75.7163 75.7539 75.5467 75.5182 75.4969 75.4965 75.3541 74.7080 75.0212 75.0364 74.8891 74.5619 75.0818 75.5578 75.6223 75.6262 75.6470 75.5814 75.4470 75.5180 75.8448 76.2025 76.5389 76.8159 76.9769 77.0675 77.0315 77.0726 77.0212 77.0566 76.9961 76.9869 76.8544 75.8625
63.0998 66.9449 68.1769 69.2305 69.9465 71.2677 72.6306 73.5153 74.3360 75.1584 75.9755 76.3149 74.3756 75.5845 76.7836 76.8308 76.9038 76.7216 76.6798 76.6462 76.6199 76.5979 75.6360 76.1960 76.1754 76.0682 75.5244 76.2028 76.7566 76.7548 76.7438 76.7645 76.8036 76.7828 76.6804 76.5157 76.6109 76.9865 77.3426 77.6813 77.9562 78.0981 78.1873 78.1089 78.1806 78.0917 78.1219 77.9786 77.7967 76.7134
63.1403 66.9951 68.1493 69.4189 70.4618 71.0360 72.5209 73.9102 74.6884 75.5185 76.3392 77.2071 77.6820 75.7339 77.0809 78.0414 77.9288 77.8738 77.8069 77.7763 77.7462 77.5382 77.2972 77.2769 77.3093 76.4024 77.3993 77.6306 77.8775 77.8588 77.8806 77.9296 77.9334 77.8677 77.9044 77.7777 77.5752 77.8196 78.1133 78.4842 78.8215 79.0876 79.2008 79.2884 79.1313 79.2468 79.0647 79.0311 78.0226 76.9992
63.1289 66.9701 68.2251 69.3436 70.6728 71.7041 72.0725 73.8199 75.1974 75.8341 76.7066 77.5081 78.4261 79.0640 79.1811 79.1801 79.0892 78.9881 78.9449 78.8943 78.6641 78.3964 78.3748 78.4112 78.5657 78.6713 78.7524 78.9905 78.9371 78.9954 79.0537 79.0810 79.0463 79.0446 78.9529 78.4565 78.5437 78.6840 78.9463 79.2359 79.6192 79.9475 80.1774 80.2302 80.2987 80.0600 80.1654 79.7218 78.6731 77.5777
63.1877 67.0190 68.2076 69.4741 70.6080 71.9258 72.9671 73.0284 75.1977 76.4792 76.9399 77.9104 78.6440 79.5969 80.1901 80.1722 80.1989 80.1098 80.0318 79.7867 79.4950 79.4698 79.5087 79.6958 79.7970 79.8743 79.9503 80.0364 80.1155 80.1784 80.2111 80.1750 80.1674 80.1484 79.5572 79.5513 79.5546 79.6547 79.7891 80.0717 80.3401 80.7405 81.0023 81.1904 81.1358 81.1688 80.8301 79.9152 78.7515 77.6777
63.4207 67.3013 68.3342 69.6929 70.7705 72.0976 73.1242 74.2794 74.3536 76.5970 77.7503 77.9882 79.1240 79.6870 80.7246 81.1876 81.0563 81.1232 80.8824 80.6460 80.5845 80.5990 80.8331 80.9226 80.9960 81.0693 81.1585 81.2387 81.3040 81.3359 81.3408 81.2875 81.2797 81.1860 80.7078 80.6532 80.6572 80.6496 80.7675 80.8792 81.1801 81.4019 81.7667 81.8407 81.9656 81.7414 80.9972 79.9612 78.9004 77.8248
63.4472 67.3164 68.5361 69.6835 70.9280 72.1477 73.3251 74.3034 75.6197 75.6879 78.0187 78.9916 79.2032 80.2541 80.7803 81.7290 82.1282 81.9155 81.6922 81.9607 81.6697 81.9810 82.0466 82.1176 82.1872 82.2810 82.3615 82.4305 82.4599 82.4692 82.4209 82.4133 82.3171 82.1448 81.8430 81.8127 81.7461 81.7673 81.7365 81.8791 81.9407 82.2431 82.3009 82.5536 82.3687 81.8257 81.1106 80.1727 79.0321 77.9735
63.4085 67.2605 68.5460 69.7590 70.8807 72.1558 73.3678 74.5598 75.7452 76.9355 78.1095 79.2145 80.2016 80.6847 81.1967 81.7701 82.7031 83.0670 82.8301 82.6537 83.1443 83.1653 83.2397 83.3034 83.4046 83.4835 83.5582 83.5828 83.5971 83.5565 83.5472 83.4498 83.2644 83.0828 83.0230 82.9351 82.9219 82.8334 82.8827 82.8046 82.9842 82.9308 83.2113 82.9828 82.3612 81.7407 81.0772 80.1961 79.1556 78.0572
63.4529 67.3206 68.4565 69.7839 70.9814 72.0688 73.3933 74.5823 75.7752 76.9553 78.1413 79.3004 80.3544 81.2953 81.5999 82.0283 82.6686 83.6963 84.1114 83.8316 83.6513 84.3639 84.4121 84.5255 84.5993 84.6827 84.7049 84.7187 84.7243 84.6805 84.5843 84.3859 84.1776 84.2869 84.1728 84.1284 84.0223 84.0386 83.9084 84.0028 83.8350 84.0579 83.7748 82.6564 82.1931 81.6055 80.9047 80.0860 79.1354 78.0161
63.4413 67.2920 68.6021 69.8177 70.9958 72.2102 73.4161 74.6087 75.7965 76.9894 78.1559 79.3264 80.4538 81.4238 82.3103 82.3597 82.8496 83.7660 84.8001 85.2427 84.9448 84.6130 85.6444 85.7060 85.8045 85.8152 85.8346 85.8475 85.8013 85.7180 85.5234 85.1942 85.6467 85.4767 85.3863 85.2589 85.2402 85.1007 85.1673 84.9619 85.1413 84.8118 83.8348 82.8601 81.8460 81.2507 80.5954 79.8524 78.9916 77.7519
63.5294 67.3978 68.6466 69.8339 71.0357 72.2045 73.4418 74.6313 75.8249 77.0055 78.1985 79.3397 80.4668 81.5153 82.3200 83.2131 83.8271 83.9410 85.0925 85.9207 86.4218 86.4835 85.9004 86.9082 86.8937 86.9170 86.9547 86.9113 86.8463 86.6608 86.2959 86.0497 86.8609 86.7460 86.5551 86.4920 86.3378 86.3633 86.1620 86.3142 85.9795 84.9988 83.8219 82.6459 82.1872 81.3750 80.2257 79.1485 78.0234 76.9031
63.5771 67.4458 68.6692 69.8657 71.0464 72.2594 73.4073 74.6579 75.8449 77.0417 78.2126 79.3797 80.4508 81.4848 82.4064 83.1062 84.0370 84.6677 84.9752 86.2139 87.0753 87.5727 87.6080 87.8638 87.9520 88.0037 87.9709 87.9396 87.7815 87.4038 86.9852 87.8613 87.9885 87.9610 87.8278 87.6110 87.5936 87.3884 87.5006 87.1953 86.1074 84.9437 83.5326 83.2771 82.4662 81.2660 80.2348 79.1126 78.0011 76.8836
63.6047 67.4725 68.6974 69.8839 71.0850 72.2533 73.4709 74.6065 75.6932 76.8542 78.2407 79.3683 80.4462 81.4742 82.3302 83.1916 83.8879 84.9260 85.6355 86.0787 87.4083 88.2293 88.6649 88.7445 88.7932 88.8939 88.9407 88.8360 88.4582 88.1415 87.1549 88.5751 88.9964 89.0630 88.9961 88.8618 88.6052 88.6639 88.4044 87.4816 84.6129 84.5783 84.4536 83.6264 82.3078 81.3444 80.2012 79.1338 78.0252 76.9037
63.6327 67.4997 68.7195 69.9146 71.0930 72.2958 73.4401 74.5668 75.8411 76.8737 78.0295 79.1517 80.3890 81.3459 82.2315 83.0022 83.9076 84.7171 86.0260 86.7331 87.5492 88.5240 89.3101 89.5477 89.6654 89.7050 89.7043 89.3778 89.2098 88.3459 87.6624 89.3422 89.5638 90.0354 89.9438 89.8954 89.7599 89.5517 88.8863 85.9342 85.8611 85.6887 84.7669 83.6770 82.5293 81.2872 80.2430 79.1295 78.0260 76.9100
63.6793 67.5591 68.7456 69.9299 71.1248 72.2772 73.4259 74.6652 75.7937 77.0765 78.0143 79.2095 79.9654 79.5316 81.9850 82.8673 83.7240 84.9088 85.9810 87.2088 87.7746 88.5749 89.4584 90.1699 90.1625 90.3672 90.0460 90.0489 89.4073 88.5010 88.4186 89.8295 90.3158 90.3869 90.6764 90.5214 90.5145 89.9668 89.0806 87.3591 86.9373 85.9060 84.7834 83.6864 82.5696 81.4906 80.2518 79.2711 78.0742 76.9599
63.6477 67.5105 68.7908 69.9558 71.1168 72.2789 73.5010 74.6822 75.9553 76.9068 78.2440 78.7320 78.3081 80.6828 81.7773 82.6836 83.8015 84.9128 86.0981 87.1601 88.3695 88.6638 89.4287 89.9684 90.6030 90.2294 90.5313 89.9781 89.4986 89.2678 88.9212 89.9879 90.6453 90.8900 90.6989 90.9706 90.7629 90.0881 89.1091 88.1428 87.0326 85.8802 84.8247 83.7074 82.6038 81.4873 80.4039 79.2656 78.1382 77.0097
63.6898 67.5670 68.7079 70.0327 71.2003 72.3442 73.5473 74.8003 75.9240 77.2664 77.8161 77.7152 79.4442 80.6450 81.6076 82.6978 83.8098 84.9419 85.8478 87.2550 88.0986 89.5029 89.5258 90.2883 90.0106 90.7465 90.2918 90.0185 89.9914 89.6060 89.4408 89.9873 90.6207 91.0125 91.0475 91.0306 90.6790 90.1375 89.2046 88.1158 87.0635 85.9439 84.8136 83.7351 82.6277 81.5218 80.3697 79.2493 78.0946 76.9817
63.6769 67.5392 68.8345 69.9476 71.2690 72.4047 73.6407 74.8085 76.0410 76.6887 76.9969 78.3387 79.4818 80.2940 81.3319 82.3698 83.4584 84.6624 85.7225 86.9767 88.1684 89.0221 90.5015 89.8475 90.4102 90.0586 90.8988 90.6066 90.2637 90.1419 90.0653 90.2231 90.5695 90.9773 91.0800 90.9323 90.5196 89.7435 88.8038 88.0912 87.0436 85.9718 84.8612 83.4538 82.3013 81.2213 80.3664 79.1801 78.1635 77.0554
63.7468 67.6249 68.8159 70.0900 71.2638 72.4853 73.6616 74.8051 75.5262 76.1295 77.1231 77.6652 79.0360 80.3563 81.4326 82.4595 83.4827 84.5789 85.8196 86.8018 88.0815 89.1844 90.2525 91.1919 91.6294 91.6450 91.4386 91.1461 90.9984 90.8769 90.8730 90.8448 90.9501 91.0594 91.1909 90.9405 90.5250 89.6995 88.8025 87.7388 86.6537 85.8779 84.5131 83.3956 82.3239 81.2755 80.2558 79.2689 78.2707 77.1513
63.7715 67.6408 68.9176 70.1151 71.3268 72.5023 73.5943 74.3739 75.1032 76.2364 77.2607 78.2575 78.6216 80.2255 81.5157 82.5486 83.5574 84.5873 85.6757 86.9626 87.8300 88.9517 90.1038 91.0667 91.7295 91.9705 91.9606 91.9039 91.8331 91.7478 91.7162 91.7011 91.6690 91.6391 91.5791 91.1617 90.5972 89.8109 88.8138 87.7553 86.6589 85.5734 84.4949 83.4280 82.3791 81.3582 80.3764 79.3968 78.2832 77.2102
63.8455 67.7211 68.9605 70.1632 71.3322 72.3976 73.2307 74.0424 75.1423 76.2787 77.3853 78.3774 79.4233 79.4950 81.4682 82.6335 83.6221 84.6502 85.6683 86.7417 87.7617 88.8852 89.9066 91.0272 91.8870 92.4047 92.6206 92.7131 92.7343 92.7188 92.6952 92.6476 92.5635 92.3934 92.0912 91.5237 90.8272 89.8977 88.8526 87.7644 86.6799 85.6008 84.5331 83.4829 82.4604 81.4786 80.5391 79.3396 78.6421 77.5442
63.8835 67.7667 68.9978 70.1550 71.2115 72.1259 73.1899 74.2018 75.2340 76.3448 77.3912 78.5070 79.4538 80.6148 80.6771 82.7102 83.6827 84.6875 85.7166 86.7301 87.8273 88.8063 89.9542 90.9108 92.0487 92.7959 93.3038 93.5706 93.6926 93.7403 93.7185 93.6517 93.4667 93.1234 92.5881 91.9069 90.9921 89.9507 88.8713 87.7866 86.7067 85.6382 84.5868 83.5625 82.5801 81.6448 80.7278 79.7965 78.8218 77.7109
63.8343 67.7729 68.8903 69.5886 70.8457 72.0651 73.2466 74.3607 75.3245 76.3519 77.4603 78.4733 79.6029 80.6394 81.7687 82.7495 83.7468 84.7215 85.7418 86.7861 87.7875 88.8277 89.8819 90.9791 92.1106 93.1141 93.8415 94.3720 94.6249 94.7337 94.7322 94.5691 94.2469 93.6858 93.0426 92.1073 91.0565 89.9799 88.8935 87.8125 86.7434 85.6909 84.6644 83.6807 82.7504 81.8387 80.9121 79.9392 78.9080 77.7891
63.1871 66.9842 68.2589 69.5265 70.7928 72.0406 73.2465 74.4074 75.5164 76.4175 77.4827 78.6026 79.6706 80.7676 81.7106 82.8149 83.7603 84.7775 85.7648 86.7853 87.8024 88.8377 89.9160 91.0282 92.1716 93.2268 94.2441 94.9305 95.4126 95.5544 95.5322 95.3112 94.7869 94.1849 93.2369 92.1688 91.0893 90.0002 88.9182 87.8486 86.7950 85.7663 84.7803 83.8560 82.9497 82.0283 81.0569 80.0253 78.9341 77.8212
63.0702 66.9153 68.2052 69.4714 70.7281 71.9873 73.2257 74.4067 75.5459 76.6431 77.6119 78.7656 79.7715 80.7649 81.8354 82.8409 83.8290 84.8094 85.7970 86.7976 87.8127 88.8680 89.9679 91.1333 92.2698 93.2918 94.3650 95.3549 95.7563 96.0901 95.9618 95.7292 95.2655 94.3462 93.2781 92.1988 91.1062 90.0228 88.9529 87.8982 86.8679 85.8776 84.9618 84.0606 83.1452 82.1744 81.1461 80.0312 79.0073 77.8834
62.9367 66.7838 68.1430 69.4141 70.6688 71.9144 73.1618 74.3819 75.5359 76.6481 77.7278 78.7640 79.7963 80.7976 81.8343 82.8559 83.8471 84.8353 85.8188 86.8230 87.8598 88.9355 90.0518 91.1610 92.2683 93.4362 94.4039 95.3692 96.0720 96.1738 96.1710 95.9389 95.2984 94.3468 93.2978 92.2115 91.1257 90.0532 88.9973 87.9655 86.9703 86.0652 85.1700 84.2634 83.2903 82.2736 81.1185 80.1328 78.9956 77.8863
62.7200 66.5510 68.0265 69.3636 70.6102 71.8565 73.0845 74.3165 75.5186 76.6379 77.7237 78.7784 79.7881 80.8394 81.7922 82.8552 83.8709 84.8512 85.8474 86.8694 87.9191 88.9740 90.0571 91.1606 92.2997 93.3940 94.5477 95.5682 95.9474 96.1682 96.1736 95.9417 95.3080 94.3716 93.3060 92.2262 91.1516 90.0869 89.0555 88.0470 87.1645 86.2742 85.3808 84.4046 83.3881 82.3269 81.2733 80.0793 79.0936 77.9754
62.4962 66.3067 67.7832 69.2683 70.5707 71.7935 73.0299 74.2328 75.4519 76.6310 77.7121 78.7738 79.8093 80.7914 81.8636 82.7828 83.8835 84.8784 85.8783 86.8722 87.7521 88.8860 90.0781 91.1629 92.2951 93.4418 94.5336 95.2685 95.6923 95.9096 95.9136 95.7101 95.1066 94.3381 93.3184 92.2459 91.1632 90.1415 89.0920 88.2330 87.3554 86.4891 85.5102 84.5017 83.4313 82.3850 81.3059 80.2185 79.1267 78.0060
62.3695 66.1749 67.5134 69.0142 70.5049 71.7625 72.9587 74.1852 75.3581 76.5637 77.7194 78.7686 79.8134 80.8356 81.7871 82.8963 83.8856 84.7755 85.2329 83.2357 87.1850 88.9471 89.9615 91.1928 92.3034 93.3525 94.1453 94.6829 95.1649 95.1930 95.2009 95.0237 94.6731 94.0377 93.2199 92.2364 91.2153 90.1541 89.2528 88.3589 87.5520 86.5771 85.6069 84.5245 83.4953 82.4141 81.3266 80.2341 79.1422 78.0211
62.3260 66.1380 67.3815 68.7172 70.2450 71.7422 72.9413 74.1107 75.3332 76.4628 77.6626 78.7918 79.8121 80.7479 81.8861 82.8480 83.5992 83.6358 81.4508 82.5521 84.1223 88.8717 90.0319 91.1209 92.1195 92.9078 93.4850 93.9761 94.1363 94.1427 94.1503 94.1332 93.9022 93.4947 91.3008 91.7712 91.1424 90.2366 89.2615 88.5010 87.5311 86.6711 85.5757 84.5968 83.5167 82.4338 81.3412 80.2502 79.1544 78.0333
62.2789 66.0913 67.3575 68.5796 69.9079 71.4728 72.9769 74.0992 75.2503 76.4766 77.5480 78.7561 79.6642 80.8392 81.7560 82.3710 82.1654 80.3245 81.4036 82.5036 83.5810 84.9153 86.0207 87.4674 88.4506 90.2183 91.6982 92.9072 92.9465 92.9552 92.9582 92.9620 92.9109 92.6944 90.4373 90.1155 90.4660 90.0942 89.3727 88.3674 87.6273 86.5536 85.6790 84.6083 83.5376 82.4448 81.3579 80.2614 79.1672 78.0455
62.2078 66.0011 67.3180 68.5719 69.7678 71.0878 72.7033 73.9991 75.2768 76.3696 77.6149 78.4261 79.6254 79.9575 81.1055 80.7557 79.1491 80.2624 81.3945 82.4766 83.5946 84.6623 86.0997 87.1145 88.7336 89.4965 91.5346 91.7123 91.7281 91.7325 91.7394 91.7434 91.7342 91.6770 89.0142 89.2127 89.0682 89.3231 89.1240 88.5012 87.3621 86.6919 85.6411 84.6436 83.5553 82.4638 81.3676 80.2752 79.1760 78.0520
62.2506 66.0716 67.1844 68.5544 69.7815 70.9450 72.2555 73.9644 75.1578 76.4539 77.3574 78.3437 78.5626 79.7329 79.3791 77.9475 79.0162 80.2484 81.3443 82.5074 83.5786 84.7299 85.7599 87.3482 88.1884 90.0854 90.4601 90.4904 90.4971 90.5070 90.4365 90.4988 90.5147 90.5090 90.1729 87.9199 88.1096 88.0934 88.2356 88.1056 87.5305 86.0695 85.5609 84.5849 83.5595 82.4763 81.3826 80.2864 79.1664 78.0475
62.2066 66.0046 67.3075 68.3483 69.8001 70.9780 72.1102 73.4104 75.2581 76.2088 77.0427 77.1569 78.3301 78.0107 76.7172 77.8564 79.0709 80.0884 81.3959 82.4365 83.3228 84.4102 85.9722 86.8307 88.6849 89.1889 89.2488 89.2462 89.2667 89.2727 89.2728 89.1962 89.2601 89.2858 87.0242 86.8895 86.9243 87.0437 87.0497 87.1228 86.9864 85.8450 84.6591 84.3178 83.4579 81.9857 81.2878 80.2776 79.1971 78.0688
62.2674 66.0699 67.1864 68.5591 69.4744 70.7257 72.2273 73.2517 74.5408 75.7972 76.1302 76.9729 76.9605 75.8932 76.6251 77.8615 78.9703 80.2309 81.1723 81.5120 82.8803 84.5863 85.4921 87.2984 87.8368 87.6061 87.8986 88.0014 88.0239 88.0393 88.0466 87.9996 87.9542 88.0222 87.8038 85.7330 85.8206 85.8642 85.9243 85.8516 85.9281 85.7050 84.4958 83.2979 83.0463 81.8145 80.9103 80.1323 79.1636 78.0167
62.3621 66.1678 67.2650 68.3477 69.4897 70.6516 71.8949 73.1378 74.4430 74.5951 75.6257 75.5709 74.2215 75.4606 76.6436 77.7564 79.0351 79.8964 80.1566 81.4026 82.6800 84.0423 85.9216 86.5122 86.4346 86.5527 86.4554 86.6431 86.7510 86.7306 86.7978 86.8119 86.7603 86.7116 86.7559 84.6022 84.6351 84.6828 84.6527 84.6752 84.5485 84.6590 84.3917 83.1717 81.9851 81.7220 80.7342 79.8250 78.9969 77.8304
62.4535 66.2591 67.3568 68.4489 69.5082 70.6665 71.8143 73.0792 73.1616 73.2599 74.1201 72.9649 74.1337 75.4077 76.6353 77.8177 78.6633 79.1407 80.2074 81.3137 82.5934 83.8665 85.1962 85.2244 85.2698 85.2461 85.3040 85.2679 85.3987 85.5339 85.4912 85.5576 85.5755 85.5391 85.2655 83.4191 83.4344 83.4213 83.4228 83.3469 83.4015 83.3557 83.3970 83.0899 81.8727 80.7224 80.4399 79.6100 78.7257 77.4010
62.4904 66.2860 67.4561 68.5290 69.6095 70.6328 71.8227 71.9958 71.9530 71.9862 71.7296 72.8944 74.1576 75.2994 76.6057 77.4519 78.0679 79.0702 80.1873 81.4078 82.4744 83.8029 83.9874 83.9826 84.0056 84.0384 83.9962 84.0579 84.0614 84.1655 84.2941 84.2510 84.3178 84.3401 84.2896 82.2111 82.1806 82.1723 82.1257 82.1506 82.1265 82.1223 81.9460 82.1084 81.7993 80.7843 79.4857 79.1881 77.2426 76.0998
62.5282 66.3163 67.4649 68.6168 69.6403 70.6906 70.7728 70.7627 70.8413 70.5518 71.6755 72.9264 74.0615 75.3752 76.2521 76.9587 77.9316 79.0456 80.2265 81.3201 82.4330 82.7249 82.7355 82.6836 82.7490 82.7782 82.8087 82.8209 82.8314 82.8477 82.9357 83.0363 83.0364 83.0839 83.1033 80.9656 80.9449 80.8935 80.9028 80.8867 80.8669 80.7660 80.8547 80.8040 80.8678 80.5594 79.3726 78.2112 77.0861 75.9517
62.5669 66.3474 67.5800 68.7287 69.7335 69.8072 69.8250 69.8204 69.7152 70.5103 71.7267 72.8381 74.1465 75.0588 75.8295 76.7910 77.8934 79.0480 80.1272 81.1027 81.4513 81.4860 81.4341 81.4877 81.4430 81.5106 81.5482 81.5765 81.5263 81.5917 81.6266 81.7046 81.7242 81.7987 81.8488 81.6327 79.6814 79.6590 79.6532 79.6742 79.5625 79.6236 79.6252 79.6717 79.6593 79.6650 79.3081 78.1171 76.9760 75.8623
62.6891 66.4792 67.7245 68.7503 69.0145 68.9839 69.0030 68.8961 69.3995 70.5585 71.6403 72.9329 73.8704 74.6873 75.6453 76.7338 77.8628 78.9164 79.7989 80.1742 80.2326 80.1794 80.2384 80.2150 80.2490 80.2046 80.2731 80.3163 80.3300 80.2857 80.3540 80.4008 80.4656 80.5010 80.5644 80.5874 78.4447 78.4332 78.4176 78.3561 78.4251 78.4179 78.4715 78.4886 78.4961 78.5055 78.4597 78.0569 77.0264 75.8752
62.7207 66.5458 67.5820 68.0326 68.1804 68.2185 68.1923 68.3712 69.4371 70.4695 71.7346 72.6898 73.5433 74.4994 75.5720 76.6755 77.6952 78.5107 78.8937 78.9785 78.9627 78.9927 78.9699 78.9977 78.9769 79.0115 78.9673 79.0363 79.0817 79.0957 79.0766 79.1237 79.1726 79.2307 79.2741 79.3287 79.1154 77.1957 77.1529 77.1794 77.1922 77.2164 77.2948 77.3204 77.3236 77.2697 77.3092 77.2243 76.8087 75.5656
62.4875 66.3244 66.8680 67.1163 67.1564 67.2911 67.2206 68.3248 69.3210 70.5561 71.5246 72.3968 73.3500 74.4042 75.4804 76.4643 77.2287 77.6168 77.7244 77.7272 77.7458 77.7435 77.7606 77.7422 77.7600 77.7396 77.7746 77.7305 77.7998 77.8467 77.8641 77.8602 77.8966 77.9438 77.9980 78.0449 78.0678 77.7138 75.9605 75.9590 75.9905 76.0537 76.0403 76.1206 76.0931 76.0901 76.0114 75.9302 75.9462 74.6546
61.8273 65.6120 65.9019 65.9042 66.0026 66.3687 67.2437 68.1504 69.3954 70.3518 71.2520 72.1999 73.2343 74.2817 75.2301 75.9544 76.3433 76.4700 76.4879 76.5018 76.5048 76.5178 76.5209 76.5136 76.5047 76.5231 76.5028 76.5380 76.4940 76.5634 76.6119 76.6335 76.6396 76.6707 76.7153 76.7665 76.8117 76.7971 74.7463 74.7572 74.8088 74.8228 74.8810 74.8764 74.8659 74.7909 74.7262 74.7727 74.7268 73.4388
61.1033 64.6478 64.7381 64.8954 65.3083 66.1432 67.0416 68.0601 68.2600 70.0817 71.0368 72.0505 73.0685 73.9833 74.6778 75.0675 75.2126 75.2446 75.2579 75.2635 75.2735 75.2764 75.2708 75.2655 75.2756 75.2670 75.2854 75.2651 75.2985 75.2838 75.3328 75.3234 75.3916 75.4138 75.4445 75.4869 75.5356 75.5747 73.5416 73.5667 73.5892 73.6338 73.6401 73.6222 73.5637 73.5083 73.5301 73.5180 73.5384 72.2704
62.3259 63.2158 63.4378 63.6316 64.0550 64.8590 65.7411 66.6869 67.0913 68.6737 69.6992 70.7090 71.7124 72.6161 73.3078 73.7098 73.8746 73.9198 73.9359 73.9431 73.9521 73.9550 73.9505 73.9464 73.9535 73.9487 73.9616 73.9492 73.9738 73.9685 74.0070 74.0092 74.0661 74.0931 74.1242 74.1648 74.1994 74.0824 72.4364 72.2678 72.2734 72.3112 72.3203 72.3023 72.2512 72.2000 72.2107 72.2009 72.1970 72.1435
