#Value Function.
34.27   36.29   37.34   39.09   39.88   41.39   43.09   42.97   42.99   39.95   33.05   28.48   27.39   27.64   30.22   30.35   30.52   30.33   30.28   30.39   29.58   29.44   28.98   28.50   28.18   28.29   28.17   29.12   29.94   31.17   32.80   34.44   36.08   37.72   39.00   39.77   40.14   40.27   40.40   40.64   40.98   41.13   41.38   42.11   43.02   43.20   43.14   43.18   43.02   42.90  
34.33   36.59   38.87   39.72   41.87   42.42   44.16   46.24   43.28   35.02   30.04   28.18   28.15   29.34   29.14   32.67   32.00   30.94   32.57   31.46   31.47   30.90   30.56   28.89   30.27   29.64   30.14   29.91   31.12   31.89   33.21   35.00   36.76   38.50   40.30   41.68   42.48   42.85   42.95   43.07   43.35   43.74   43.85   44.08   44.91   46.00   46.10   45.87   45.91   44.69  
34.33   36.63   39.04   41.67   42.15   44.93   45.07   45.20   41.75   36.59   29.64   34.92   31.76   30.23   31.83   33.94   31.58   29.80   30.01   30.51   30.08   30.93   33.30   30.93   31.06   31.03   30.20   32.81   31.68   33.82   33.84   35.39   37.35   39.21   41.07   43.06   44.52   45.36   45.72   45.79   45.91   46.21   46.69   46.73   46.92   47.87   49.20   49.18   47.80   45.94  
34.33   36.62   39.07   41.62   44.78   44.14   42.36   41.97   40.61   35.42   33.70   35.87   35.40   32.97   34.02   33.33   32.41   30.46   28.60   28.52   29.72   31.71   34.05   33.13   33.23   32.19   31.58   32.12   36.50   35.35   36.19   35.65   37.76   39.86   41.82   43.79   46.01   47.57   48.43   48.79   48.82   48.93   49.25   49.86   49.80   49.92   51.01   52.40   49.00   47.16  
34.33   36.63   39.04   41.62   41.65   41.89   41.26   39.74   37.03   33.39   34.61   33.80   34.67   37.29   35.56   34.73   32.49   30.51   28.58   27.93   29.73   31.69   33.11   35.61   34.29   33.53   31.62   33.90   35.78   38.89   37.82   37.43   37.90   40.30   42.54   44.61   46.67   49.18   50.82   51.71   52.06   52.03   52.15   52.48   53.28   53.05   53.04   52.59   50.38   47.90  
34.33   36.58   38.76   39.07   39.24   39.10   38.77   38.12   35.90   33.97   35.12   33.75   34.30   34.85   37.26   34.64   32.54   30.48   28.60   27.87   29.65   31.11   33.09   34.88   35.98   33.44   31.75   33.67   36.19   36.94   39.55   39.63   37.97   40.42   43.02   45.41   47.58   49.72   52.59   54.29   55.20   55.56   55.45   55.58   55.89   56.97   54.50   53.34   51.20   47.84  
34.24   36.14   36.62   36.79   36.95   38.80   38.40   36.67   34.51   33.51   35.11   34.26   35.07   34.65   34.63   34.63   32.48   30.50   28.58   27.76   29.21   30.98   32.61   33.59   33.45   33.44   31.60   33.76   34.79   36.82   37.15   37.10   38.01   40.49   43.10   45.92   48.47   50.75   52.92   56.29   57.99   58.94   59.30   59.09   59.07   59.24   55.84   52.34   50.99   47.96  
33.73   34.35   34.93   36.09   38.08   38.00   36.50   35.28   34.25   32.74   32.78   34.17   35.22   33.63   32.61   32.48   32.24   30.44   28.59   27.41   29.02   30.49   31.38   31.39   31.47   31.38   31.54   32.70   34.34   34.81   34.91   35.87   38.12   40.52   43.18   45.95   49.04   51.73   54.14   56.27   60.31   61.91   62.92   63.30   62.07   60.83   55.69   52.03   50.20   47.74  
32.21   32.91   34.82   37.44   38.35   36.27   35.36   34.22   33.09   32.06   32.09   33.89   35.99   33.44   31.63   30.67   30.46   30.06   28.50   27.18   28.51   29.33   29.44   29.50   29.46   29.67   30.69   32.07   32.61   32.84   33.78   35.94   38.26   40.64   43.20   46.05   48.97   52.38   55.21   57.79   61.83   64.39   67.63   66.96   64.32   59.06   56.08   51.37   49.74   47.75  
30.97   32.69   34.91   35.91   36.94   35.81   34.10   33.14   32.08   31.03   31.77   33.50   33.45   33.45   31.39   29.74   28.84   28.54   28.06   26.73   27.43   27.60   27.65   27.65   27.90   28.79   29.97   30.55   30.88   31.80   33.73   35.97   38.33   40.81   43.34   46.05   49.12   52.17   55.97   58.93   61.39   63.87   67.84   69.91   64.59   58.45   55.17   51.05   51.08   47.87  
30.67   32.68   34.43   36.99   37.88   35.81   33.83   32.07   31.07   30.07   31.22   31.38   31.40   31.37   31.15   29.44   27.95   27.11   26.75   26.21   25.86   25.92   25.96   26.23   27.01   28.04   28.63   29.02   29.91   31.65   33.73   35.97   38.36   40.88   43.54   46.20   49.07   52.41   55.55   60.12   60.77   65.08   70.19   71.37   63.91   58.28   54.81   51.24   51.05   47.89  
30.60   32.34   34.55   36.09   38.20   36.10   33.97   31.78   30.15   29.17   29.41   29.44   29.42   29.44   29.39   29.04   27.60   26.27   25.47   25.06   24.59   24.37   24.64   25.34   26.24   26.83   27.27   28.13   29.71   31.64   33.73   35.97   38.35   40.91   43.59   46.45   49.26   52.28   55.01   59.35   61.42   65.52   68.13   68.94   63.56   57.97   55.08   52.63   50.92   47.85  
30.34   32.32   33.93   36.26   38.52   36.26   33.88   31.84   29.84   28.33   28.08   28.03   28.05   28.03   28.03   27.87   27.30   25.97   24.69   23.92   24.00   24.27   24.81   25.62   26.57   27.30   27.80   28.53   29.86   31.67   33.74   35.97   38.36   40.90   43.62   46.48   49.56   52.51   55.82   60.16   62.62   66.51   68.87   68.06   63.31   58.60   56.74   53.38   50.47   48.34  
30.25   31.87   33.96   35.94   38.75   35.94   33.95   31.78   30.03   29.91   29.88   29.91   29.88   29.90   29.77   29.22   27.74   26.09   25.09   25.34   25.46   25.58   25.85   26.44   27.32   28.39   29.15   29.62   30.36   31.80   33.75   35.97   38.36   40.91   43.61   46.52   49.56   52.89   55.96   60.57   63.72   67.94   71.02   67.42   62.75   60.67   57.48   53.73   51.57   49.31  
29.91   31.82   33.74   36.00   36.01   36.00   33.73   31.81   31.81   31.85   31.90   31.85   31.90   31.78   31.30   29.61   27.83   26.12   26.31   26.79   27.05   27.16   27.27   27.53   28.17   29.13   30.33   31.13   31.56   32.28   33.86   35.98   38.36   40.90   43.62   46.49   49.62   52.82   56.47   59.02   63.86   68.14   72.62   67.66   64.87   61.36   57.60   54.51   52.76   49.18  
29.82   31.63   33.52   33.76   33.76   33.76   33.52   31.63   33.37   34.00   33.95   34.03   33.92   33.57   31.60   29.69   27.83   26.28   27.30   28.10   28.61   28.87   28.97   29.07   29.32   30.01   31.05   32.43   33.25   33.61   34.32   36.06   38.36   40.91   43.61   46.52   49.56   52.93   56.29   60.53   64.43   67.53   70.59   67.62   65.67   61.64   56.11   56.31   52.38   49.39  
29.62   31.25   31.63   31.66   31.66   31.66   31.63   31.42   33.35   35.82   36.32   36.16   36.04   33.71   31.67   29.67   27.84   26.73   28.07   29.16   30.02   30.55   30.82   30.90   30.98   31.21   31.97   33.09   34.68   35.53   35.78   36.46   38.41   40.90   43.62   46.49   49.62   52.82   56.41   58.05   63.25   66.23   71.90   68.50   64.41   60.27   56.70   53.95   51.44   49.04  
29.15   29.62   29.68   29.68   29.68   29.68   29.69   31.32   33.54   35.50   38.51   38.78   35.91   33.78   31.63   29.69   27.84   26.99   28.53   29.98   31.14   32.07   32.62   32.90   32.95   33.03   33.22   34.06   35.24   37.12   37.97   38.09   38.71   40.92   43.61   46.52   49.53   52.69   54.51   56.84   58.43   63.80   69.40   64.33   61.65   57.22   55.21   52.72   50.54   48.22  
27.72   27.82   27.83   27.83   27.85   28.01   29.41   31.42   33.35   35.83   36.42   35.93   35.87   33.69   31.67   29.67   27.98   27.48   28.76   30.46   32.03   33.24   34.27   34.82   35.11   35.13   35.21   35.34   36.30   37.49   39.77   40.57   40.54   41.07   43.62   46.43   49.26   51.13   53.03   52.96   55.58   60.47   66.77   64.02   58.44   56.74   54.45   50.24   49.30   47.34  
26.07   26.09   26.10   26.14   26.39   27.63   29.45   31.30   33.39   34.06   33.84   36.00   33.91   33.44   31.58   29.69   29.15   29.06   29.15   30.64   32.53   34.23   35.48   36.62   37.17   37.49   37.46   37.54   37.57   38.70   39.84   42.67   43.36   43.14   43.51   46.08   47.92   49.55   49.91   51.90   53.08   57.52   61.16   61.30   53.41   48.94   49.86   48.75   47.19   46.11  
24.45   24.48   24.54   24.85   25.96   27.61   29.35   31.15   31.88   31.97   33.69   35.41   33.59   31.92   31.22   31.02   30.97   31.02   30.96   30.89   32.67   34.75   36.58   37.86   39.15   39.67   40.03   39.92   40.05   39.91   41.31   42.17   45.88   46.33   43.13   44.90   46.34   46.87   47.78   46.99   49.98   51.23   52.30   55.10   50.35   46.70   45.51   46.41   45.62   44.27  
24.09   24.26   25.05   25.53   25.89   27.50   29.09   29.84   30.14   31.58   33.10   33.88   33.70   31.98   32.91   32.99   33.10   33.00   33.03   32.20   32.71   34.85   37.11   39.10   40.38   41.88   42.31   42.76   42.53   42.64   42.05   44.22   45.54   45.33   43.31   43.36   43.97   44.63   44.10   44.72   45.52   43.04   41.25   47.39   51.50   47.53   46.15   43.48   43.43   42.70  
25.61   25.68   25.78   26.77   27.23   27.26   27.95   28.38   29.61   30.97   31.91   33.82   34.18   33.08   34.02   35.23   35.15   35.33   34.50   32.31   32.70   34.89   37.17   39.64   41.81   43.02   44.84   45.10   45.71   43.96   44.87   43.40   45.01   44.81   42.54   41.23   41.75   41.54   41.76   39.85   41.04   34.33   34.66   40.37   47.06   47.74   44.76   43.15   41.03   40.67  
27.09   27.34   27.38   27.36   28.65   29.09   28.96   28.51   30.29   31.24   33.07   33.75   32.99   32.86   35.97   36.14   37.79   37.01   34.43   32.37   32.71   34.87   37.22   39.63   42.35   44.74   45.79   49.11   46.85   44.79   39.74   44.56   48.05   44.69   42.06   39.98   39.00   39.12   38.75   35.18   29.53   28.49   35.41   40.67   44.66   44.41   44.42   42.07   40.41   38.63  
27.77   29.03   29.16   29.20   28.86   27.82   29.11   28.70   30.39   32.44   33.16   35.47   33.08   33.93   35.98   38.67   37.18   35.62   34.53   32.31   32.70   34.89   37.18   39.71   42.25   45.24   47.91   51.81   48.43   34.22   37.31   50.37   46.94   44.90   41.95   39.89   39.30   38.40   36.12   23.50   17.64   26.03   35.70   41.43   41.69   41.84   41.67   41.41   39.48   37.87  
29.26   29.50   31.14   31.09   30.84   29.31   28.66   29.26   30.51   32.38   34.81   32.30   33.41   33.83   36.44   37.63   35.90   34.80   33.44   32.26   32.71   34.87   37.22   39.64   42.38   45.01   48.32   50.02   50.33   35.35   37.54   46.50   46.80   44.10   42.32   41.96   40.97   40.30   39.75   25.10   22.34   29.96   36.54   39.08   39.21   39.13   39.20   39.06   38.65   37.01  
30.73   31.25   31.24   33.50   29.84   28.70   29.38   28.35   30.40   32.56   34.31   33.50   32.68   33.54   34.54   34.37   35.01   33.70   32.61   31.37   32.70   34.89   37.18   39.71   42.23   45.11   46.76   47.29   46.90   46.72   47.65   43.70   46.81   44.91   44.86   43.59   43.40   42.76   41.12   34.20   38.00   35.08   36.37   36.75   36.71   36.75   36.71   36.74   36.60   36.10  
30.94   32.97   33.37   32.86   31.03   32.11   28.03   27.78   28.01   31.78   31.00   28.76   30.24   30.80   35.14   32.82   32.59   32.67   31.60   30.74   32.71   34.87   37.22   39.60   42.15   43.72   44.28   44.20   45.43   45.83   47.53   48.33   46.99   48.06   46.32   46.36   45.55   45.34   43.83   39.51   38.72   36.67   36.04   34.43   34.46   34.43   34.46   34.43   34.44   34.27  
31.26   32.95   35.42   32.49   31.66   29.53   31.47   26.52   28.58   21.96   24.45   23.13   25.41   32.00   30.51   32.45   30.94   30.61   30.52   30.68   32.70   34.88   37.12   39.40   40.90   41.63   42.42   45.08   44.04   45.99   47.13   47.49   51.81   48.53   49.59   48.46   48.51   47.05   45.70   42.20   38.96   38.64   36.41   35.08   34.27   33.01   32.37   32.31   32.29   32.26  
32.97   33.15   33.16   31.86   31.56   32.08   31.80   30.91   19.05   8.48    -0.62   4.19    29.16   29.13   30.20   30.18   30.25   29.11   28.95   30.66   32.70   34.79   36.85   38.40   40.36   41.71   44.66   43.87   44.65   47.70   46.28   48.11   48.54   53.34   50.93   51.98   50.03   49.84   46.90   44.72   40.49   38.73   37.34   36.62   35.24   33.74   32.94   32.61   31.89   30.60  
33.68   35.36   35.34   32.89   34.23   35.12   34.37   31.16   22.41   7.82    3.33    7.23    27.13   28.21   28.31   28.36   28.40   28.68   29.07   30.64   32.59   34.49   36.04   37.89   40.23   43.25   42.35   44.54   44.42   44.42   45.02   46.06   49.27   49.97   55.97   52.81   53.58   50.12   48.89   46.62   44.01   39.96   39.16   37.63   35.90   35.06   34.83   34.10   32.72   30.89  
34.69   35.86   37.97   37.99   38.07   37.47   37.90   30.87   26.99   23.96   23.89   20.69   25.00   26.88   26.77   28.14   29.62   30.35   30.57   30.84   32.30   33.82   35.57   37.76   40.41   42.25   43.98   42.00   41.78   42.28   43.39   46.06   48.13   51.61   52.27   57.83   53.08   52.53   50.32   48.29   46.47   42.96   40.21   38.18   37.29   37.21   36.46   34.97   32.99   30.96  
36.28   36.94   38.11   40.85   40.82   42.75   37.65   32.63   31.02   30.44   26.67   24.50   26.97   26.20   27.46   28.51   30.02   31.72   32.44   32.59   32.73   33.38   35.43   37.79   39.60   41.36   43.07   41.04   39.72   40.83   43.13   45.24   48.20   50.02   53.60   53.81   56.51   52.11   51.92   49.79   47.58   46.14   41.31   39.64   39.77   39.00   37.38   35.21   33.03   30.97  
39.00   38.56   39.36   41.53   46.16   41.38   38.00   35.12   33.23   31.03   28.33   25.92   27.94   29.36   28.45   29.36   30.35   32.01   33.99   34.66   34.75   34.83   35.37   37.13   38.88   41.44   44.04   41.18   38.63   40.41   42.48   45.08   47.03   49.92   50.68   52.68   52.75   55.66   53.15   50.59   49.51   47.17   44.16   42.55   41.71   39.97   37.57   35.24   33.04   30.97  
40.57   41.82   41.45   44.39   42.75   39.68   37.31   35.50   33.05   31.13   29.02   28.22   27.64   30.14   32.84   31.27   31.35   32.29   34.13   36.46   37.03   37.06   37.09   37.24   38.81   40.98   40.93   40.95   38.59   39.86   42.19   44.16   46.59   47.62   49.22   49.71   51.82   51.54   53.71   53.02   50.14   49.28   47.04   45.09   42.74   40.08   37.58   35.24   33.04   30.97  
39.24   40.75   40.55   41.20   41.41   39.91   37.25   35.04   33.22   31.03   29.19   28.73   28.33   30.53   32.29   35.70   34.05   33.36   34.70   36.31   39.18   39.54   39.51   39.54   39.51   39.53   39.46   39.30   39.09   39.52   41.43   43.54   44.70   46.05   46.75   48.37   48.55   50.10   50.02   53.15   52.78   50.09   48.66   45.52   42.75   40.08   37.58   35.24   33.04   30.97  
38.04   38.11   38.59   38.80   38.69   38.67   37.28   34.95   32.89   31.11   29.41   30.45   30.04   30.12   32.86   36.45   38.64   38.23   36.92   36.49   39.44   42.13   42.17   42.13   42.17   42.10   41.94   41.49   41.56   41.65   41.58   41.92   43.12   43.91   45.21   45.65   46.84   47.19   49.51   49.84   53.24   52.17   48.52   45.60   42.70   40.08   37.58   35.24   33.04   30.97  
35.77   36.16   36.36   36.30   36.37   36.29   36.12   34.84   32.78   30.86   30.85   31.29   32.71   32.99   33.98   36.21   39.54   41.53   41.83   41.51   41.57   44.99   44.91   44.99   44.89   44.80   44.12   43.78   44.31   44.32   44.44   44.20   43.47   42.76   42.87   43.85   44.43   46.24   47.00   49.52   49.52   49.77   48.62   45.52   42.75   40.05   37.58   35.24   33.04   30.97  
33.88   34.08   34.06   34.10   34.06   34.10   34.02   33.75   32.57   32.17   32.93   32.83   33.24   35.11   36.37   37.60   40.46   42.13   44.59   46.87   47.92   47.87   48.01   47.86   47.87   47.01   46.67   46.50   46.01   47.43   47.22   46.37   45.57   45.11   44.11   41.77   43.26   44.22   46.17   46.45   46.62   46.48   46.53   45.37   42.67   40.07   37.56   35.23   33.04   30.97  
31.93   31.95   31.97   31.95   31.97   31.95   31.97   31.89   32.73   33.91   34.25   35.26   34.58   35.41   39.37   39.46   41.48   43.15   44.84   47.61   50.18   51.24   51.00   51.19   50.06   49.74   49.62   49.23   47.41   48.98   50.84   50.41   48.16   47.29   44.31   42.84   41.54   43.12   43.55   43.69   43.61   43.69   43.60   43.50   42.36   39.99   37.56   35.22   33.03   30.96  
29.95   29.98   29.97   30.00   30.16   30.97   31.97   33.30   33.94   34.88   36.31   36.42   37.87   38.08   38.26   40.55   43.93   44.93   45.93   47.68   50.85   53.74   54.81   53.27   53.01   52.92   52.74   50.42   48.24   50.66   52.18   49.88   50.80   47.03   45.78   43.59   42.91   40.80   40.95   40.91   40.96   40.91   40.96   40.88   40.68   39.57   37.46   35.21   33.02   30.96  
28.20   28.98   29.86   30.86   31.70   32.12   33.02   34.07   35.63   36.15   37.14   38.94   38.62   40.62   42.08   44.62   45.95   47.00   47.90   48.88   50.38   55.24   56.63   56.50   56.40   56.55   53.93   50.31   50.06   51.30   50.13   48.65   48.10   49.03   46.23   46.04   43.15   41.74   39.22   38.48   38.38   38.40   38.37   38.39   38.32   38.05   36.98   35.08   33.00   30.95  
28.86   29.76   30.95   31.84   32.95   33.87   34.19   35.22   36.27   38.18   38.46   39.52   41.86   42.49   45.57   47.10   47.58   49.06   50.15   51.07   52.05   53.74   54.42   57.19   60.65   58.07   51.02   51.66   47.86   48.45   50.15   48.79   45.98   46.92   49.54   45.79   44.70   41.83   39.27   36.96   36.16   36.01   36.00   35.98   35.99   35.91   35.58   34.57   32.85   30.92  
29.52   30.85   31.69   33.07   33.92   35.18   36.22   36.35   37.58   38.56   40.99   42.68   43.71   46.00   47.84   48.59   50.39   50.57   52.41   53.49   54.46   54.03   51.74   53.39   45.85   46.50   47.30   44.40   45.03   46.65   47.37   48.82   45.98   46.14   46.05   47.96   44.58   41.90   39.23   36.83   34.80   33.99   33.78   33.76   33.74   33.73   33.64   33.29   32.32   30.74  
30.06   31.52   32.99   33.72   35.37   36.11   37.58   38.76   38.59   40.27   42.20   44.89   46.31   48.46   49.24   51.16   51.65   54.02   53.64   56.06   57.20   53.48   51.15   41.35   38.88   42.89   41.50   42.92   43.62   44.48   45.69   46.46   47.22   44.64   44.73   44.59   44.57   41.82   39.27   36.80   34.56   32.75   31.94   31.70   31.65   31.64   31.62   31.51   31.14   30.21  
30.20   32.13   33.62   35.30   35.82   37.89   38.39   40.15   41.60   41.07   43.07   45.87   48.10   49.26   51.92   52.32   54.81   54.78   58.15   57.72   53.56   52.07   50.10   42.29   44.72   44.57   41.42   40.92   41.73   42.79   43.54   44.12   46.82   46.58   44.53   42.65   41.90   41.51   39.18   36.81   34.51   32.44   30.80   30.01   29.75   29.68   29.66   29.64   29.51   29.12  
30.25   32.22   34.35   35.83   37.84   37.96   40.70   41.20   40.70   40.46   43.14   45.92   49.03   51.45   52.30   55.75   55.43   58.89   56.87   54.49   53.73   50.44   48.79   46.30   43.94   43.31   41.58   39.15   40.09   40.83   41.56   43.66   44.27   47.47   45.51   43.42   40.55   39.38   38.73   36.70   34.50   32.36   30.45   28.96   28.20   27.91   27.84   27.81   27.77   27.63  
30.22   32.29   34.36   36.75   38.14   40.67   39.41   40.56   38.78   40.45   43.09   46.02   48.95   52.42   55.10   55.37   60.19   55.89   54.90   53.25   51.25   50.12   47.43   45.66   42.21   41.19   40.49   38.89   38.29   39.08   40.80   41.72   44.09   43.74   46.45   43.19   40.67   38.18   36.99   36.17   34.36   32.34   30.35   28.58   27.22   26.49   26.20   26.10   26.07   26.02  
30.25   32.24   34.46   36.62   39.36   41.24   40.54   38.07   38.01   40.41   43.14   45.93   49.11   52.15   56.05   57.70   55.88   55.92   52.68   51.44   49.88   48.13   46.84   44.53   42.63   39.81   38.68   37.87   36.73   38.18   39.23   41.09   41.29   43.23   43.17   43.17   40.52   38.13   35.92   34.73   33.81   32.17   30.30   28.46   26.83   25.58   24.88   24.58   24.48   24.43  
30.22   32.28   34.36   36.79   38.60   40.04   38.73   37.81   37.90   40.43   43.07   46.00   48.92   52.27   53.87   53.66   53.85   52.54   52.09   49.54   48.20   46.73   45.15   43.79   41.76   39.85   37.46   36.29   35.74   36.83   38.35   38.85   40.31   40.48   40.51   40.47   40.19   37.96   35.74   33.76   32.58   31.61   30.11   28.39   26.68   25.17   24.03   23.36   23.06   22.94  
