#Value Function.
35.03   34.78   38.33   38.64   39.09   39.73   42.46   44.78   46.65   49.95   53.94   57.67   59.35   59.53   55.82   52.33   49.07   46.01   43.10   39.99   35.39   32.42   33.11   35.32   37.56   39.65   41.22   42.01   42.25   42.31   42.36   42.53   43.03   43.79   44.92   45.57   46.58   48.05   48.24   48.24   47.91   46.41   46.39   44.58   42.05   40.20   38.87   37.69   36.68   35.24  
36.51   37.54   38.79   41.15   41.17   41.69   42.10   45.42   47.84   49.57   53.25   57.63   64.10   59.56   55.82   52.35   49.08   46.01   42.89   38.02   31.43   31.73   34.91   35.07   37.74   40.11   42.39   44.09   44.88   45.10   45.14   45.17   45.33   45.88   46.68   48.01   48.56   49.65   51.46   51.46   48.37   49.75   47.70   44.79   42.83   41.46   40.19   39.22   37.59   36.35  
38.53   38.86   41.30   42.84   42.99   42.00   43.21   45.11   47.91   51.33   54.09   59.13   58.71   59.48   55.84   52.35   49.09   46.02   41.46   36.69   32.94   32.31   34.96   35.58   37.81   40.26   42.82   45.31   47.15   47.94   48.11   48.15   48.16   48.29   48.90   49.72   51.34   51.69   52.86   55.17   52.23   49.49   49.03   45.17   44.51   42.81   41.94   40.04   38.79   37.52  
38.91   41.37   43.66   45.57   45.75   45.80   45.75   45.58   48.07   51.04   54.88   55.16   55.64   55.32   55.34   52.30   49.08   44.37   40.81   38.56   35.36   35.98   37.00   36.07   37.90   40.32   42.95   45.70   48.44   50.44   51.20   51.32   51.35   51.34   51.43   52.14   52.91   54.97   54.98   56.24   55.78   52.26   49.64   47.66   45.52   44.92   42.62   41.39   40.04   38.73  
38.94   41.53   44.17   46.63   48.86   48.77   48.86   46.69   47.88   51.08   51.73   52.10   51.93   52.11   51.90   51.54   47.29   44.33   41.34   38.83   37.58   39.93   38.59   36.76   37.93   40.43   43.00   45.81   48.76   51.79   53.98   54.68   54.73   54.77   54.73   54.76   55.61   56.25   58.96   57.91   56.46   53.70   50.90   48.28   48.19   45.31   44.17   42.70   41.39   39.53  
38.97   41.54   44.31   47.16   49.78   52.46   49.82   47.46   47.61   48.46   48.80   48.73   48.83   48.73   48.83   48.43   46.07   43.33   41.43   38.77   39.88   41.65   39.20   37.44   37.98   40.45   43.13   45.85   48.87   52.02   55.38   57.78   58.38   58.35   58.42   58.33   57.99   59.39   59.67   63.49   56.94   54.95   52.04   51.86   48.07   47.17   45.52   44.24   42.10   40.88  
39.11   41.56   44.29   47.28   50.35   53.54   50.62   48.18   46.93   46.30   45.70   45.77   45.72   45.89   46.88   45.01   42.95   42.53   40.63   38.75   41.00   42.38   39.80   39.11   38.34   40.46   43.15   46.02   48.87   52.13   55.47   59.23   61.87   62.32   62.20   62.08   59.90   59.79   63.81   60.76   57.83   55.61   53.25   51.34   50.53   48.48   47.35   44.76   43.72   41.63  
39.91   41.63   44.32   47.23   50.44   54.00   51.24   49.94   49.55   47.49   45.11   43.62   43.09   43.81   43.59   43.84   41.59   40.36   40.02   39.97   38.82   40.03   40.89   41.07   39.06   40.34   43.17   46.01   49.11   52.09   55.61   59.13   63.37   66.29   66.49   64.01   60.71   62.65   59.40   59.23   59.35   56.78   54.43   53.55   51.63   50.82   47.49   46.82   44.27   43.29  
41.62   42.47   44.28   47.18   49.23   54.03   53.09   53.10   50.73   47.98   46.64   44.16   42.81   42.49   42.59   41.75   42.63   42.64   42.64   42.64   42.44   40.63   42.58   42.42   42.03   40.29   43.02   46.07   49.06   52.42   55.49   59.35   62.97   67.81   71.07   61.67   60.41   57.47   59.82   57.37   57.78   57.83   57.51   54.01   53.18   50.84   50.28   46.96   46.42   43.56  
44.26   44.29   45.18   45.05   47.53   49.80   50.06   54.46   50.94   49.95   46.97   45.50   45.45   45.20   44.00   45.31   45.49   45.48   45.49   45.48   45.49   45.48   45.49   45.44   45.03   43.07   43.05   46.02   49.15   52.29   55.99   58.74   62.39   56.73   51.16   52.71   53.78   59.80   56.32   57.28   54.54   57.25   57.77   57.18   52.94   52.75   51.04   49.94   46.37   44.34  
44.97   47.54   46.57   43.45   49.35   50.72   50.57   51.08   53.61   49.92   48.34   48.42   48.45   48.52   48.51   48.53   48.51   48.53   48.51   48.53   48.51   48.53   48.47   48.36   48.01   46.97   43.95   46.07   49.06   52.45   55.70   59.88   57.73   42.69   42.38   52.86   57.81   56.02   56.16   53.57   53.46   54.22   55.08   56.76   56.81   52.76   50.90   49.55   47.41   44.52  
45.10   48.02   51.23   52.22   59.30   63.73   55.53   53.49   51.57   50.59   51.35   51.59   51.65   51.68   51.77   51.74   51.78   51.74   51.78   51.74   51.78   51.71   51.62   51.24   50.62   49.03   47.10   46.02   49.15   52.27   55.80   56.42   51.53   47.04   50.44   57.63   55.92   58.48   55.19   56.07   53.23   52.31   53.06   53.36   54.14   55.01   51.33   50.38   47.31   45.93  
45.04   48.13   51.19   55.05   57.60   59.48   58.86   54.59   51.56   52.48   54.07   54.84   55.04   55.09   55.12   55.23   55.17   55.24   55.17   55.24   55.16   55.10   54.68   54.14   52.35   50.33   47.67   46.07   49.02   52.26   55.25   54.90   52.01   53.30   56.59   56.28   58.42   56.63   57.69   55.73   56.63   53.40   50.09   50.77   51.58   52.42   54.62   50.39   49.23   46.05  
45.10   48.03   51.37   53.09   56.63   56.81   55.82   54.81   53.13   54.06   56.03   57.79   58.57   58.72   58.76   58.78   58.94   58.82   58.94   58.82   58.83   58.32   57.94   55.88   53.80   50.87   48.00   45.97   48.95   51.74   54.13   53.64   54.52   60.03   61.41   60.36   57.02   56.11   55.24   55.39   52.93   52.74   50.00   48.37   49.26   50.99   51.25   52.82   49.10   46.12  
45.03   47.99   49.82   51.91   55.83   54.81   53.33   54.60   56.00   56.63   57.52   59.83   61.79   62.55   62.63   62.68   62.66   62.91   62.70   62.84   62.14   62.06   59.60   57.54   54.28   51.18   48.52   46.48   48.51   51.30   52.69   55.21   57.71   60.66   65.12   61.00   57.89   57.69   54.44   54.71   53.17   51.49   49.38   47.37   47.67   48.17   49.32   49.11   49.09   46.04  
44.86   46.75   48.80   51.97   54.90   52.32   54.35   56.74   58.25   59.85   60.35   61.16   63.90   66.09   66.79   66.79   66.86   66.79   67.17   66.13   66.57   63.50   61.57   57.91   54.56   51.69   49.51   47.35   49.59   50.88   53.85   55.12   57.00   60.94   64.61   63.73   62.06   57.90   55.73   53.95   55.06   52.23   50.44   49.01   47.31   46.11   46.09   46.21   46.07   45.70  
43.83   45.84   48.57   50.38   53.19   51.62   54.90   58.07   60.65   62.11   64.01   64.30   64.97   68.30   70.70   71.30   71.21   71.33   71.14   71.86   67.54   65.96   61.76   58.16   55.05   52.83   50.50   48.38   47.53   49.90   52.53   53.68   57.05   60.17   60.39   60.71   61.16   59.58   57.83   54.38   53.35   53.80   52.32   50.53   48.19   46.72   43.95   43.31   43.31   43.15  
43.02   45.44   47.29   49.55   49.68   51.68   55.09   58.61   62.05   64.86   66.17   68.53   68.49   68.93   73.06   75.65   76.12   75.90   75.43   72.10   70.77   65.82   62.00   58.61   56.39   53.86   51.64   49.25   47.25   49.12   50.54   53.42   56.12   56.65   57.01   57.96   59.09   59.23   59.00   57.51   54.91   54.22   54.04   51.25   50.04   46.86   44.16   41.91   40.75   40.59  
42.52   44.35   46.26   46.78   48.58   51.69   55.13   58.77   62.55   66.29   69.40   70.39   73.49   72.91   72.99   78.26   81.20   78.96   74.57   73.98   69.11   66.12   62.35   60.21   57.41   55.13   52.50   50.38   48.53   47.52   50.03   52.39   53.11   53.52   54.36   55.41   56.78   59.29   58.59   57.56   56.90   54.01   54.52   53.69   49.93   47.06   44.70   42.42   39.85   38.35  
41.55   43.24   44.00   45.67   48.47   51.69   55.14   58.80   62.70   66.75   70.82   74.34   74.73   79.17   72.12   72.31   83.01   76.95   77.49   72.43   70.20   66.26   64.35   61.17   58.89   55.95   53.72   51.73   50.19   48.59   48.94   49.77   50.22   50.99   52.00   53.33   55.43   57.50   59.39   56.92   56.07   55.15   54.85   52.12   50.13   47.67   45.30   42.51   39.91   37.46  
40.43   41.35   42.92   45.47   48.46   51.69   55.14   58.81   62.72   66.88   71.23   75.64   79.75   79.06   80.26   74.45   79.51   81.39   76.47   75.19   70.36   68.87   65.11   62.95   59.59   57.29   55.12   53.55   51.83   50.23   48.55   47.13   47.84   48.79   50.08   51.98   54.12   58.03   57.82   58.33   54.73   53.50   53.74   53.08   50.83   48.40   45.33   42.57   39.88   37.41  
38.82   40.32   42.65   45.44   48.46   51.69   55.14   58.81   62.73   66.89   71.34   75.99   80.75   86.26   91.51   86.10   86.32   81.75   78.03   74.76   73.85   69.20   67.36   63.42   61.12   58.71   57.16   55.28   53.61   51.76   50.26   48.30   46.01   47.01   48.77   50.88   54.09   55.27   55.48   56.36   57.35   53.35   54.64   54.24   51.75   48.32   45.42   42.53   39.91   37.39  
37.86   40.01   42.60   45.43   48.46   51.69   55.14   58.81   62.72   66.90   71.34   76.10   81.06   86.05   92.37   93.07   87.10   83.17   79.81   76.22   74.14   72.21   67.42   65.25   62.50   61.04   58.94   57.23   55.17   53.69   51.58   49.12   46.51   45.76   47.78   50.51   51.93   53.95   54.32   54.62   56.00   53.59   53.25   55.36   51.48   48.47   45.34   42.57   39.88   37.40  
37.52   39.94   42.59   45.43   48.46   51.69   55.14   58.81   62.73   66.89   71.35   76.08   81.17   86.49   92.89   93.88   88.62   85.20   81.16   78.78   74.75   71.53   69.72   66.47   65.21   62.82   61.12   58.75   57.37   55.09   52.45   49.60   47.04   45.36   47.22   48.74   50.57   52.40   54.10   53.06   52.17   52.22   51.64   51.47   51.45   48.29   45.42   42.53   39.91   37.39  
37.45   39.92   42.59   45.43   48.46   51.69   55.14   58.81   62.72   66.90   71.34   76.10   81.12   86.57   88.50   90.06   91.09   86.28   84.32   79.49   77.22   74.32   70.59   69.76   66.89   65.33   62.52   61.33   58.83   56.00   52.91   50.08   48.25   47.66   47.53   47.40   49.09   50.51   50.33   50.58   49.75   49.01   48.91   48.46   48.28   47.91   45.25   42.56   39.88   37.40  
37.66   39.95   42.59   45.43   48.46   51.69   55.14   58.81   62.73   66.89   71.35   76.03   80.79   82.95   84.63   87.83   88.38   90.44   84.41   82.46   79.36   76.33   74.97   71.14   69.92   66.42   65.62   62.81   59.80   56.43   53.32   51.29   50.77   50.70   50.56   50.09   48.68   47.24   47.38   47.24   47.32   46.64   46.02   45.83   45.46   45.25   44.68   42.38   39.89   37.38  
38.47   40.11   42.60   45.43   48.46   51.69   55.14   58.81   62.72   66.89   71.24   75.46   77.73   79.40   81.46   86.49   84.67   90.18   88.12   84.69   81.14   80.24   77.14   75.34   70.78   70.29   67.03   63.86   60.20   56.76   54.51   54.09   54.08   53.96   53.56   52.02   49.91   48.04   46.87   46.37   46.25   46.14   45.85   44.94   43.35   42.68   42.39   41.70   39.68   37.36  
40.06   40.97   42.69   45.43   48.46   51.69   55.14   58.80   62.70   66.73   70.53   72.82   74.50   76.56   80.05   83.46   82.57   85.15   90.58   86.09   85.95   82.06   80.63   76.98   75.06   71.50   68.21   64.22   60.42   57.88   57.63   57.69   57.58   57.29   55.58   53.22   51.17   49.91   49.41   49.32   49.23   48.99   48.04   46.31   44.12   42.06   40.20   39.72   38.95   37.13  
40.18   42.99   43.56   45.43   48.46   51.69   55.13   58.77   62.50   65.95   68.20   69.86   71.70   74.99   77.85   77.85   79.98   83.87   85.62   92.31   87.11   86.38   81.83   80.32   76.22   72.88   68.52   64.33   61.41   61.41   61.56   61.41   61.31   59.40   56.76   54.48   53.14   52.64   52.61   52.52   52.35   51.36   49.49   47.06   44.87   42.73   40.82   38.84   37.33   36.40  
40.93   42.75   43.94   45.43   48.46   51.68   55.08   58.53   61.68   63.87   65.52   67.28   70.18   72.72   73.22   75.14   78.45   80.68   85.80   86.09   92.78   86.77   86.09   81.18   77.91   73.09   68.63   64.33   64.02   65.70   65.44   65.65   63.49   60.52   58.00   56.57   56.07   56.12   56.01   55.94   54.91   52.89   50.19   47.88   45.56   43.58   41.42   39.51   37.69   36.07  
40.76   43.84   45.86   45.36   48.44   51.61   54.81   57.71   59.82   61.44   63.17   65.64   67.97   68.81   70.57   73.46   75.88   80.00   81.28   86.21   86.46   92.50   86.32   83.36   77.93   73.21   68.57   64.53   66.27   68.33   70.36   67.86   64.51   61.74   60.22   59.72   59.89   59.72   59.80   58.71   56.54   53.49   51.10   48.56   46.54   44.17   42.16   40.18   38.51   36.83  
40.96   43.00   45.17   45.36   48.34   51.32   54.00   56.02   57.61   59.23   61.43   63.58   64.61   66.27   68.82   71.28   74.74   76.52   80.40   81.57   86.02   86.24   89.32   83.05   78.11   73.11   68.63   66.05   68.01   71.08   69.43   68.53   65.68   64.18   62.98   63.93   63.63   63.93   62.77   60.47   56.97   54.56   51.73   49.72   47.07   44.99   42.84   41.09   39.28   37.78  
40.28   42.16   42.79   45.26   48.01   50.29   52.46   53.99   55.45   57.53   59.49   60.64   62.17   64.41   66.89   69.91   71.92   75.12   76.77   80.24   81.11   83.36   83.05   83.02   77.90   73.21   68.57   67.73   70.55   72.57   71.47   70.10   68.50   66.58   67.19   67.03   68.38   67.09   64.73   60.61   58.30   55.06   53.16   50.15   48.02   45.65   43.87   41.86   40.35   38.64  
39.39   40.29   42.42   44.85   45.89   46.52   47.56   51.70   53.87   55.67   56.87   58.16   58.69   61.66   64.40   67.51   70.28   72.13   74.97   76.16   77.90   77.93   78.11   77.89   77.30   73.00   68.62   69.75   72.18   75.46   74.80   73.13   70.92   69.72   70.09   71.91   69.34   69.35   64.49   62.37   58.52   56.90   53.37   51.29   48.61   46.86   44.59   43.08   41.25   39.40  
37.87   39.79   42.08   44.86   43.09   38.13   37.95   42.63   48.77   49.35   53.59   51.50   54.71   57.98   62.89   65.32   67.68   70.12   71.44   72.87   73.09   73.21   73.11   73.20   72.99   72.08   68.37   71.96   74.38   76.87   78.19   75.50   74.32   73.43   73.38   71.53   71.05   66.44   64.71   62.04   61.03   56.71   54.84   51.72   50.09   47.46   46.01   44.03   42.05   40.13  
37.31   39.46   41.85   42.89   45.46   33.22   33.52   37.45   42.05   47.02   48.32   50.25   51.02   57.95   58.75   62.66   65.49   68.09   68.79   68.52   68.62   68.57   68.62   68.57   68.61   68.36   67.66   71.98   77.08   79.28   80.64   79.25   78.04   74.87   72.00   73.64   67.30   67.39   64.84   61.25   59.65   58.74   54.93   53.63   50.45   49.18   46.98   44.86   42.83   40.91  
36.97   39.09   40.32   42.36   42.76   39.85   36.86   38.40   43.67   45.34   47.00   48.02   50.82   53.55   57.75   59.52   63.67   66.00   66.62   67.72   65.45   64.46   64.32   64.34   64.30   64.30   67.54   72.20   76.68   82.68   84.75   83.12   75.26   74.22   73.84   69.07   67.35   64.69   65.12   63.33   60.51   57.70   57.54   53.52   52.61   50.12   47.86   45.68   43.63   41.95  
36.53   37.84   39.52   40.03   39.99   41.15   41.74   41.64   42.87   43.98   45.18   47.59   49.91   51.91   54.04   56.97   59.92   62.52   63.60   65.40   67.89   65.11   62.26   60.51   60.62   63.42   67.40   69.86   75.17   77.77   89.46   80.71   76.18   75.83   71.19   68.70   64.90   63.10   61.31   63.57   61.32   58.61   56.23   56.36   53.44   51.06   48.74   46.50   44.74   43.33  
35.47   36.91   37.48   37.60   38.50   39.09   39.34   40.95   43.33   42.78   44.57   46.73   48.57   49.79   52.30   55.47   57.57   59.69   61.27   62.64   64.60   66.64   61.96   58.57   59.43   62.00   60.09   67.31   67.04   72.61   80.62   81.93   77.01   72.82   71.95   67.31   64.84   61.08   59.33   59.25   60.57   60.36   57.17   55.31   54.49   52.00   49.56   47.66   46.32   44.21  
34.49   35.09   35.31   36.05   36.61   37.02   38.44   40.54   41.98   42.67   43.84   45.47   46.80   49.03   51.48   52.19   54.98   57.41   58.78   60.53   62.21   61.95   61.93   58.14   57.93   58.79   61.69   61.79   65.86   72.31   74.46   75.07   79.50   74.37   70.72   69.42   64.77   63.46   60.06   59.08   56.83   58.95   59.53   55.42   53.96   52.81   50.75   49.55   47.06   45.89  
32.84   33.14   33.76   34.31   34.80   36.08   37.94   39.59   39.93   43.40   44.11   43.75   45.95   48.08   49.01   50.48   52.52   54.02   56.61   58.13   58.13   58.28   58.10   57.66   56.45   59.02   62.81   63.56   70.72   79.74   76.37   72.19   73.68   77.03   73.46   68.62   68.08   63.66   63.35   59.68   57.83   55.97   58.30   57.71   55.33   53.85   53.10   49.98   49.22   46.07  
31.08   31.63   32.15   32.69   33.86   35.52   37.02   37.91   38.31   40.10   44.26   44.89   44.94   46.00   47.36   49.12   50.14   51.21   53.92   54.45   54.61   54.53   54.61   54.44   56.64   60.36   62.77   67.92   73.27   75.71   74.33   71.46   71.79   71.36   74.47   69.97   67.18   68.12   63.39   61.80   58.99   56.68   54.77   57.51   58.19   54.04   52.72   52.87   49.14   46.11  
29.63   30.14   30.70   31.77   33.25   34.62   35.48   35.99   37.41   39.74   40.88   43.71   45.59   44.42   45.96   47.01   48.09   49.93   52.80   54.05   51.38   51.21   51.29   53.26   56.75   60.40   64.60   68.59   72.36   71.41   70.87   69.52   67.31   69.44   69.24   69.29   65.77   64.83   66.14   62.83   60.66   56.70   53.69   54.44   54.11   54.07   50.89   49.60   49.18   46.06  
28.24   28.82   29.81   31.14   32.38   33.23   33.83   35.13   37.06   37.83   39.68   42.24   43.56   44.48   44.08   45.16   46.87   49.25   50.05   51.88   50.52   48.40   50.07   53.21   56.67   60.56   64.37   68.97   69.39   67.93   67.01   66.37   65.08   64.96   65.08   64.95   64.60   62.05   63.91   65.00   60.43   56.83   53.23   50.90   50.99   50.75   50.36   47.85   46.60   45.81  
27.04   27.96   29.16   30.30   31.12   31.78   32.98   34.74   36.66   38.49   41.44   41.75   43.00   44.84   42.39   43.97   46.01   46.99   48.40   48.25   48.45   47.25   49.90   53.15   56.75   60.40   64.65   65.80   64.63   64.86   63.72   62.86   62.16   61.13   60.95   61.00   60.87   60.33   60.78   60.44   60.41   56.67   53.26   50.02   47.98   47.80   47.56   46.98   44.96   43.72  
26.21   27.30   28.35   29.14   29.83   30.95   32.56   34.39   36.59   39.21   41.39   45.09   43.07   42.87   41.86   43.01   44.07   45.21   45.26   45.38   45.27   46.82   49.84   53.19   56.63   60.20   60.96   61.03   61.38   60.71   60.69   59.75   58.95   58.24   57.39   57.18   57.18   57.03   56.73   56.92   56.69   56.25   53.10   49.93   47.00   45.17   44.82   44.55   43.88   42.18  
25.56   26.53   27.30   28.00   29.05   30.53   32.26   34.32   36.72   38.99   41.93   42.81   46.25   42.64   42.45   41.30   42.26   42.43   42.54   42.62   44.03   46.74   49.85   53.06   56.18   57.58   58.67   57.94   57.34   57.46   56.98   56.81   56.02   55.28   54.59   53.87   53.64   53.59   53.45   53.24   53.33   53.13   52.44   49.73   46.81   44.16   42.50   42.04   41.72   41.01  
24.82   25.57   26.27   27.26   28.63   30.26   32.18   34.39   36.58   39.10   40.33   42.89   42.43   46.01   41.76   40.54   39.77   39.88   40.09   41.40   43.84   46.72   49.69   52.49   54.08   56.24   58.34   56.55   54.50   53.85   53.82   53.44   53.20   52.52   51.83   51.17   50.55   50.31   50.24   50.10   49.94   49.97   49.75   48.94   46.56   43.89   41.49   39.97   39.44   39.06  
23.94   24.64   25.57   26.84   28.37   30.17   32.21   34.29   36.51   37.89   39.93   40.15   42.63   42.03   42.09   41.56   39.04   37.70   38.91   41.12   43.78   46.54   49.08   50.74   52.68   54.43   54.26   54.47   52.96   51.23   50.56   50.43   50.11   49.83   49.23   48.59   47.98   47.43   47.19   47.10   46.97   46.84   46.83   46.58   45.70   43.58   41.14   38.97   37.57   36.98  
23.09   23.98   25.16   26.59   28.27   30.17   32.11   34.12   35.54   37.24   37.81   39.65   39.62   39.85   39.44   40.37   38.83   36.67   38.56   41.02   43.56   45.89   47.57   49.32   50.82   50.89   51.01   50.90   50.87   49.58   48.11   47.45   47.25   46.97   46.66   46.12   45.53   44.96   44.48   44.24   44.13   44.02   43.91   43.86   43.58   42.68   40.78   38.56   36.58   35.28  
