#Value Function.
50.1233 50.2345 51.1890 52.2123 53.2306 54.1982 55.2290 56.1506 57.2532 58.0572 59.3693 59.8326 61.7243 62.8461 63.8172 64.8765 65.7624 66.8773 67.6280 68.9328 69.3879 71.2650 71.8339 72.1567 73.9737 75.9166 77.6911 79.0864 79.8418 79.8535 79.8968 79.6244 78.9814 78.4776 77.4121 76.2734 75.0700 73.4468 71.5643 69.7244 69.1517 67.7226 65.6278 63.7270 63.3145 62.2615 62.5887 62.0204 61.1852 61.0882
50.1050 51.2535 52.3185 53.3491 54.3719 55.3231 56.3797 57.2624 58.4373 59.1256 60.6352 60.7686 62.9793 64.0115 64.9480 66.0453 66.8730 68.0740 68.6916 70.1999 70.3203 72.5878 72.9863 73.0259 74.9786 76.8228 78.3725 79.4148 79.8144 79.6455 79.6524 79.5049 79.0014 78.7302 77.7544 76.7009 75.7267 74.3177 72.5593 70.6284 70.4025 68.9569 66.7423 64.6549 64.5510 63.2050 63.8622 63.2028 62.2218 61.0728
50.0444 51.1977 52.2470 53.3179 54.3411 55.3710 56.2955 57.3979 58.2082 59.5093 59.9909 61.8496 63.0061 63.9667 65.0233 65.9192 67.0848 67.8093 69.1640 69.5456 71.4185 72.3028 73.7071 74.0026 75.8688 77.4880 78.6849 79.2481 79.4667 79.4615 79.4599 79.3799 79.1111 78.6143 78.1290 77.1509 76.5413 74.9466 73.3781 71.5760 69.8336 69.2932 68.0807 65.7736 63.8845 65.0431 64.2445 63.2291 62.1645 61.0200
49.9087 51.0227 52.2107 53.2362 54.3187 55.2634 56.3759 57.2598 58.4381 59.1406 60.7722 61.9887 62.9793 64.0115 64.9483 66.0472 66.8897 68.1491 68.7047 70.3163 71.3555 72.6108 73.1902 74.8657 76.4932 77.7260 78.3867 78.7806 78.8584 78.3745 78.8808 78.9441 78.7260 78.4265 77.6281 77.2833 76.3937 75.3636 73.9782 72.7275 70.6297 68.9795 68.5403 67.1981 66.3191 65.2716 64.2331 63.1597 62.1069 60.9614
49.9698 51.1246 51.9757 53.2358 54.2185 55.3347 56.0858 55.5589 58.2434 59.7266 60.9674 61.9866 63.0060 63.9672 65.0262 65.9325 67.0859 67.8198 69.2573 70.3765 71.5547 72.3209 73.8680 75.4597 76.6955 77.4130 77.8548 77.9748 77.7083 78.0173 77.7234 78.1007 78.1207 77.9011 77.5058 76.4064 76.2791 75.2130 74.1523 72.9850 71.6416 69.6781 68.1240 67.3405 66.2662 65.2354 64.1529 63.1064 62.0316 60.8893
49.9467 51.0853 52.1475 52.9083 54.2806 54.9380 54.4905 57.1089 58.6991 59.9348 60.8895 62.0041 62.9800 64.0151 64.9593 66.0506 66.8983 68.2252 69.3824 70.5216 71.4121 72.8717 74.4028 75.4814 74.9254 76.0613 76.9947 76.8444 77.0654 76.8940 77.0719 76.9102 75.3478 76.9689 73.5951 72.5671 74.8856 75.1393 73.9829 72.6184 71.9128 67.5220 68.3804 67.2553 66.2403 65.1437 64.1076 63.0250 61.9755 60.8264
49.9529 51.1103 52.0684 53.1891 53.8090 53.4173 53.8328 57.6597 58.9087 59.9095 60.9931 61.9932 63.0460 64.2975 65.2145 66.0826 67.2090 68.3814 69.5042 70.4794 71.8755 73.3389 74.3213 74.0915 74.7848 75.8951 75.9165 76.0621 75.9835 76.0917 75.9993 76.0983 75.7991 74.1796 73.5632 72.1890 71.4268 70.1934 73.5783 72.4283 71.1322 67.2800 67.2485 67.2460 66.1254 65.1119 64.0155 62.9815 61.8577 60.7259
49.8587 51.0088 52.1269 52.7286 52.6847 52.7544 56.8402 57.8864 58.9310 59.9937 61.0968 62.2094 63.2206 64.2501 65.3125 66.2155 67.3666 68.3957 68.6347 70.7474 71.1055 72.1986 73.1880 73.6759 74.7825 74.9410 75.0562 75.0290 75.0970 75.0341 75.0040 74.1112 74.9735 74.6570 73.0615 72.4819 71.1095 70.3818 69.3489 72.1006 70.9603 69.7227 66.2441 66.1298 66.1177 64.9972 63.9846 62.8650 61.8588 60.7076
49.7125 51.0643 51.6605 51.6972 51.7234 55.4095 56.8773 57.8242 58.8525 59.9292 60.9841 62.0929 63.2208 64.2124 65.2426 66.3329 67.1911 66.5780 68.9817 69.9862 70.9827 72.1061 72.4236 73.4804 72.1571 74.0492 74.0464 74.0940 74.0378 73.9043 72.9516 73.8174 73.3075 73.8806 73.5242 71.9929 71.4082 70.3153 69.4098 68.4043 70.6917 69.5704 68.4110 65.1252 65.0065 64.9900 63.8740 62.8619 61.7704 60.6367
48.0967 50.6062 50.7498 51.1762 54.7515 55.8100 56.8139 57.8254 58.8159 59.8428 60.9299 61.9723 63.0879 64.2375 65.2005 65.2184 65.4195 67.9597 68.9225 69.9860 70.9831 71.1105 72.2426 71.3965 71.9391 73.0529 73.0581 72.7789 70.6154 71.8262 72.6893 72.4368 72.7920 72.4545 72.8247 72.4158 71.1181 70.4001 69.3681 68.4494 67.8088 69.3841 68.2744 67.1780 64.0024 63.8838 63.8672 62.7517 61.7471 60.5995
36.7957 38.0763 48.9454 53.0451 54.6225 55.7577 56.8131 57.8084 58.8253 59.8067 60.8315 61.9341 62.9572 64.0813 64.0767 64.1917 66.9203 67.8786 68.9733 69.9022 70.2071 71.0449 70.5622 70.9900 71.9101 71.8709 71.5512 69.4480 70.4749 71.5910 71.5904 71.7508 71.5653 71.7986 71.5549 71.8020 71.3610 70.2326 69.4243 68.4280 67.4081 67.0949 68.1484 67.0544 66.0096 62.8841 62.7659 62.7490 61.6339 60.5006
22.2802 21.3343 39.7485 50.7403 54.2782 55.6477 56.7616 57.8173 58.8008 59.8277 60.7962 61.8179 62.9438 62.9552 63.0697 64.7911 66.7004 67.9546 68.8488 69.2747 69.9565 69.9399 70.0422 70.8009 70.8243 70.3920 68.7900 69.3283 70.4500 70.3839 69.7711 70.6476 70.8266 70.7053 70.8421 70.5638 70.8137 70.3659 69.3401 68.4657 67.4899 66.5125 66.3096 66.9806 65.8988 64.8830 61.7659 61.6477 61.6308 60.4041
17.5057 17.2356 19.6907 41.9065 52.5844 55.4585 56.6542 57.7652 58.8234 59.7897 60.6801 61.8061 61.8179 61.9340 63.8690 65.2749 65.5855 67.8202 68.3325 68.9377 69.0154 69.1392 69.7298 69.7710 69.2925 68.0397 68.3847 69.3088 69.2518 68.7087 69.6065 69.8725 69.8379 69.9572 69.8211 69.9713 69.7938 69.8946 69.4064 68.4481 67.5449 66.5724 65.6865 65.4846 65.8527 64.7753 63.7894 61.1187 60.7211 59.6652
16.9896 17.2148 17.2142 17.2158 44.8142 54.3912 56.5773 57.6453 58.7703 59.5570 60.6684 60.6802 60.7963 62.9206 64.1531 64.7654 66.4437 65.6236 66.8219 68.1445 68.2994 68.7452 68.7584 68.2446 67.2320 67.4442 68.1992 68.1978 67.6506 68.5649 68.9028 68.9658 69.1338 69.1141 69.2698 69.1873 69.2379 69.0305 68.9857 68.4697 67.4697 66.6208 65.6755 64.7384 64.6194 64.7626 63.6873 62.6544 60.3852 59.4276
17.1829 17.4969 17.4989 17.4972 17.5000 48.3099 56.0722 57.6358 57.6750 59.5292 59.5148 60.0890 61.8163 63.0406 63.8659 65.2473 65.3207 65.3890 64.9503 66.0144 67.8438 67.8066 67.2580 66.3936 66.5007 67.1063 67.0686 65.9875 67.5213 67.9187 68.0615 68.2699 68.4003 68.6191 68.6055 68.6467 68.5629 67.8757 66.9863 67.9506 67.5305 66.5505 65.7030 64.7779 63.8562 63.7271 63.6950 62.0403 61.5322 60.3007
17.4582 17.7832 17.7800 17.7833 17.7803 17.7846 52.5933 21.6339 58.3146 58.4543 59.2045 60.6178 60.9033 62.9125 64.0809 64.1235 64.2592 64.3727 64.4439 66.7866 66.9039 66.3743 65.5864 65.5458 65.7311 63.2921 64.7749 65.8174 66.9197 67.1182 67.3537 67.5792 67.8713 67.9908 68.0232 68.0456 68.0198 67.7910 66.9104 66.1128 66.9479 66.6010 65.6310 64.8072 63.8821 62.9601 62.8146 62.5719 61.4836 60.3608
17.7376 18.0621 18.0682 18.0626 18.0682 18.0630 18.0687 18.0645 49.7855 57.8088 59.5794 60.0866 61.7947 62.8480 62.1518 62.9873 63.1406 63.3089 63.4508 65.9736 65.4964 64.7815 64.5960 64.4959 62.6672 63.1027 64.2394 65.8377 66.1547 66.3999 66.6650 66.9874 67.2167 67.3788 67.4564 67.4501 67.3970 67.2664 66.9527 66.0429 65.2346 65.9702 65.6650 64.2230 63.8538 62.9799 62.0209 61.8677 61.5245 60.3236
18.0253 18.3530 18.3439 18.3539 18.3445 18.3539 18.3447 18.3577 18.3600 54.1557 59.2133 60.7003 61.6378 61.0097 61.6770 61.3072 61.9354 22.3616 18.0176 17.6155 23.0650 63.6405 63.3631 61.9401 62.1860 63.2104 64.0585 65.1653 65.4329 65.7166 66.0544 66.3253 66.5605 66.6994 66.7130 66.7512 66.7474 66.6330 66.4693 66.0807 65.1160 63.6680 64.9360 64.6643 63.4551 62.9269 62.0629 61.0563 60.8997 59.6508
18.2988 18.6258 18.6397 18.6245 18.6404 18.6245 18.6424 18.6405 18.6585 18.6530 59.6188 60.4504 59.8910 22.3609 18.2061 17.7466 17.6977 17.6989 17.7406 17.9115 18.2746 18.1955 61.1457 61.2778 62.1998 63.0810 64.0468 64.1241 64.7542 65.0936 65.3949 65.6529 65.8300 65.9066 65.9858 65.9703 64.1936 63.8897 62.4015 61.9520 64.7871 61.0469 61.9266 63.8187 63.6689 62.6358 61.9938 60.9031 59.2382 57.9758
18.5632 18.8930 18.9094 18.9265 18.9002 18.9269 18.9184 18.9417 18.9531 18.7992 54.7686 17.9726 17.9726 17.9712 17.9717 17.9704 17.9722 17.9949 18.1369 18.5151 18.4365 18.5502 18.7420 61.1974 62.0871 62.9617 63.1956 63.7429 64.1202 64.4327 64.7073 64.9112 65.0290 65.1108 65.0431 64.1593 64.8568 63.0457 62.8211 61.8775 61.1254 63.2347 60.3350 60.7474 59.1410 58.6077 57.4643 60.5472 56.0019 55.2054
18.7907 19.1284 19.1784 19.1872 19.2088 19.1900 19.2178 19.2420 19.1744 18.2696 18.2588 18.2567 18.2540 18.2557 18.2539 18.2550 18.2651 18.3857 18.7757 18.6865 18.8184 19.0228 19.1975 19.2634 61.9001 62.2367 62.7357 63.1319 63.4383 63.5624 62.3863 64.1039 64.1923 64.0985 63.4740 63.8413 63.0305 63.7324 62.6541 61.9793 60.8852 60.6252 61.8950 59.8205 59.5734 58.3169 57.5164 56.4885 55.4890 54.4837
18.9138 19.2284 19.4260 19.4505 19.4441 19.4756 19.5239 19.4553 19.3501 18.5602 18.5477 18.5385 18.5400 18.5372 18.5389 18.5382 18.6327 19.0439 18.9386 19.0899 19.3090 19.4939 19.5650 19.4734 61.2587 61.7297 62.1299 62.4203 62.4218 61.2035 62.1879 63.2437 63.1513 62.6989 62.8770 62.3578 62.8098 62.6586 61.3437 61.7453 60.2069 59.9194 58.8303 60.5776 59.1166 58.4434 57.3988 56.4320 55.4693 54.3706
19.0747 19.3922 19.4854 19.7120 19.6948 19.7628 19.6920 19.6946 18.9256 18.8605 18.8277 18.8278 18.8201 18.8242 18.8145 18.8727 19.3122 19.1867 19.3634 19.5958 19.7912 19.8693 19.7784 19.5109 19.0997 18.5951 61.3829 61.2920 60.1395 61.2165 62.1600 62.1847 61.8479 61.9181 61.5758 61.7319 60.2576 60.8498 61.6630 60.7801 60.8194 59.5633 59.1074 58.0775 59.3770 58.2895 57.3543 56.4234 55.3835 54.2901
19.2323 19.5436 19.6549 19.6842 19.9404 19.8263 19.9154 19.7039 19.4821 19.1355 19.1235 19.1011 19.1111 19.0897 19.1477 19.2754 19.4279 19.6386 19.8829 20.0889 20.1742 20.0850 19.8138 19.3910 18.8770 18.3317 57.4853 59.0442 60.2157 61.0885 61.2007 60.9814 61.1896 60.7164 60.7057 59.6515 60.0558 60.7585 60.3366 60.8243 60.1951 59.9824 58.8590 58.2529 57.5063 58.2523 57.3660 56.3107 55.4056 54.2795
19.3819 19.6893 19.7875 19.8533 20.0783 20.0060 19.8563 19.6619 19.5502 19.4430 19.3739 19.3998 19.3633 19.4217 19.5567 19.7040 19.9170 20.1701 20.3869 20.4799 20.3922 20.1177 19.6879 19.1613 18.6081 18.0743 53.8710 58.9067 60.0206 60.1939 60.0197 59.8016 58.9034 59.6963 58.9357 59.2261 59.8293 59.4681 60.0687 59.7971 60.0662 59.5469 59.1276 58.1914 57.3108 57.2319 57.2171 56.3928 55.2187 54.1129
19.4728 19.7684 19.9199 19.9358 20.1066 20.1108 20.0153 19.8876 19.7690 19.7558 19.6889 19.6338 19.6944 19.8400 19.9791 20.1945 20.4570 20.6854 20.7864 20.7001 20.4220 19.9851 19.4498 18.8858 18.3460 17.8652 21.4645 58.8933 58.9120 59.0528 58.9420 59.0281 58.5310 57.5724 58.3498 58.8903 58.9329 59.2400 59.1736 59.3579 59.1866 59.2797 58.7707 58.2262 57.0565 56.2662 56.1628 56.1603 55.0766 53.9652
19.5866 19.8873 19.9855 20.0850 20.1112 20.1315 20.1250 20.0441 20.0057 19.9584 19.8972 19.9644 20.1261 20.2529 20.4710 20.7436 20.9842 21.0937 21.0087 20.7268 20.2824 19.7381 19.1670 18.6231 18.1361 17.7149 53.6951 57.3421 58.0386 57.9777 57.9859 57.5065 56.5496 57.3776 57.9067 57.9189 58.3448 58.3785 58.3559 58.4653 58.5897 58.4499 58.3851 57.8764 57.2417 56.0218 54.9588 55.0474 55.0558 53.8314
19.7658 20.0757 20.1270 20.1723 20.1922 20.2093 20.2123 20.1931 20.2050 20.1497 20.2280 20.4155 20.5246 20.7465 21.0297 21.2834 21.4020 21.3178 21.0322 20.5800 20.0262 19.4478 18.8998 18.4119 17.9875 17.6155 17.2836 16.9731 56.9901 56.9444 56.5006 55.7764 56.3779 56.9038 57.0242 57.3836 57.4701 57.4264 57.5390 57.5580 57.6473 57.7123 57.5843 57.4306 56.9334 55.8743 55.0327 54.1195 54.0787 52.9670
19.9945 20.3110 20.3323 20.3468 20.3660 20.3665 20.3724 20.4602 20.3894 20.4841 20.7081 20.7918 21.0211 21.3155 21.5831 21.7114 21.6276 21.3380 20.8780 20.3140 19.7282 19.1761 18.6875 18.2644 17.8941 17.5592 17.2493 16.9488 17.0546 54.1661 54.9412 55.3902 55.8911 56.0839 56.4033 56.5193 56.5102 56.5519 56.5497 56.6466 56.6746 56.7542 56.7751 56.6468 55.9368 55.8504 54.9197 54.0520 53.2380 52.1838
20.2485 20.5697 20.5797 20.5925 20.5897 20.5946 20.6002 20.6239 20.7229 21.0016 21.0463 21.2898 21.5990 21.8821 22.0221 21.9379 21.6444 21.1763 20.6015 20.0083 19.4518 18.9627 18.5413 18.1731 17.8402 17.5276 17.2264 16.9357 20.2362 53.8512 53.8628 54.8548 54.9409 53.8069 55.5422 55.5571 55.5886 55.5743 55.6112 55.6323 55.7052 55.7440 55.8060 55.8030 55.6163 55.0302 54.7882 53.9382 53.0707 51.9477
20.5131 20.8360 20.8490 20.8482 20.8540 20.8536 20.8793 20.9562 21.2956 21.2773 21.5395 21.8710 22.1740 22.3295 22.2478 21.9513 21.4750 20.8886 20.2879 19.7271 19.2377 18.8180 18.4521 18.1212 17.8098 17.5093 17.2146 16.9239 49.1562 52.9664 53.7447 53.8082 52.7519 54.3703 54.5844 54.6143 54.6002 54.6233 54.6758 54.7298 54.6864 54.7424 54.7840 54.8311 52.9339 54.3797 54.0567 53.7334 52.9406 51.7836
20.7891 21.1169 21.1153 21.1298 21.1222 21.1430 21.1650 21.5966 21.4565 21.7458 22.1182 22.4342 22.6191 22.5507 22.2540 21.7734 21.1751 20.5672 20.0018 19.5124 19.0946 18.7312 18.4024 18.0921 17.7923 17.4979 17.2070 16.9179 16.6307 52.3407 49.8757 51.5285 53.2220 53.5754 53.6250 53.6109 53.6352 53.6307 53.7469 53.7222 53.7481 53.7236 53.7678 53.8061 52.7135 51.6950 53.1646 53.0430 52.6858 51.4911
21.0517 21.3760 21.4033 21.3946 21.4128 21.4159 21.4909 21.5862 21.8676 22.2527 22.6283 22.8691 22.8234 22.5375 22.0650 21.4590 20.8462 20.2760 19.7868 19.3711 19.0104 18.6837 18.3744 18.0753 17.7812 17.4906 17.2012 16.9128 16.6259 48.7711 50.1982 50.7256 52.5356 52.5153 51.6388 52.5231 52.6183 52.7483 52.7438 52.7586 52.7440 52.7596 52.7470 52.7803 52.6909 51.5745 50.9657 52.0229 52.0073 50.8109
21.3202 21.6470 21.6566 21.6911 21.6697 21.7129 21.7591 21.9324 22.2458 22.6254 22.9678 22.9837 22.7382 22.3256 21.7309 21.1204 20.5484 20.0610 19.6476 19.2895 18.9651 18.6568 18.3584 18.0645 17.7742 17.4848 17.1965 16.9083 16.6222 49.0974 49.6596 51.3361 51.5110 51.3973 51.4102 50.8316 51.4667 51.7576 51.7675 51.7587 51.7675 50.8791 49.6948 51.5268 51.5517 51.5565 50.6232 50.1651 50.9275 49.7303
21.5701 21.9050 21.9310 21.9325 21.9758 21.9687 22.0644 22.2377 22.5475 22.8558 22.9111 22.8212 22.4749 21.9489 21.3757 20.8123 20.3332 19.9240 19.5687 19.2467 18.9393 18.6416 18.3478 18.0578 17.7685 17.4803 17.1920 16.9047 16.6194 49.0382 50.1671 50.4843 50.4239 50.4951 50.4165 50.3526 49.9682 50.7731 50.7680 50.7733 50.7680 50.6744 49.5562 48.5362 50.3126 50.5320 50.4517 49.6676 49.3100 48.2779
21.7417 22.0823 22.1972 22.2107 22.1980 22.2448 22.3025 22.4662 22.7051 22.7515 22.6887 22.4740 22.0790 21.5910 21.0607 20.5989 20.1987 19.8479 19.5285 19.2217 18.9249 18.6310 18.3415 18.0521 17.7640 17.4756 17.1884 16.9018 16.6181 49.0734 49.4464 49.4393 49.4753 49.4405 49.4829 49.0495 49.2820 49.1006 49.7785 49.7652 49.6781 49.5543 49.5419 48.4165 47.3958 49.1247 49.4800 49.3695 48.7091 47.5925
21.7886 22.1286 22.3762 22.4828 22.4783 22.4676 22.5300 22.6444 22.6152 22.5208 22.3312 22.0650 21.7212 21.2671 20.8502 20.4670 20.1255 19.8107 19.5040 19.2083 18.9142 18.6253 18.3356 18.0479 17.7593 17.4721 17.1853 16.9005 16.6175 48.4060 48.4439 48.4481 48.4471 48.4710 48.4515 48.4335 48.1216 48.2465 48.7620 48.6989 48.7508 48.6752 48.4320 48.4059 47.2797 46.2736 47.9594 48.4119 48.3028 47.0916
21.6850 22.0021 22.4255 22.6568 22.7498 22.7102 22.7756 22.7023 22.4396 22.2403 22.0552 21.7911 21.4382 21.0876 20.7323 20.3965 20.0916 19.7862 19.4920 19.1971 18.9092 18.6191 18.3318 18.0428 17.7558 17.4688 17.1842 16.9000 16.6175 47.4380 47.4163 47.4440 47.4503 47.4530 47.4696 47.4543 47.4036 46.7478 47.6964 47.5886 47.6951 47.7388 47.3975 47.2799 47.2679 46.2805 45.5790 46.8579 47.3401 46.1213
21.5701 21.8743 22.2696 22.7079 22.8913 22.9546 22.8799 22.5456 22.2933 22.1301 21.8553 21.6165 21.3026 20.9895 20.6622 20.3707 20.0674 19.7760 19.4799 19.1933 18.9024 18.6159 18.3263 18.0396 17.7522 17.4680 17.1836 16.9004 16.6168 19.7581 43.5031 46.1017 46.4098 46.4490 46.4572 46.4693 45.6612 46.5785 46.5709 46.6730 46.6129 46.6936 46.6982 46.2735 46.2806 46.1612 45.3035 44.8070 45.7968 44.6299
21.5324 21.8387 22.1254 22.5059 22.9385 23.0637 22.6941 22.4608 22.3115 22.0243 21.8021 21.5178 21.2329 20.9269 20.6475 20.3474 20.0607 19.7621 19.4778 19.1855 18.9001 18.6096 18.3236 18.0355 17.7518 17.4673 17.1841 16.9000 16.6163 16.3328 21.6707 40.5642 45.4442 45.4215 45.4497 44.5675 45.4643 45.4547 45.5665 45.5847 45.6804 45.6323 45.6900 45.6523 45.2108 45.2621 45.0789 44.3377 43.9806 42.9748
21.5281 21.8493 22.0471 22.3388 22.6608 22.7379 22.6371 22.4912 22.2383 22.0470 21.7552 21.4944 21.1924 20.9251 20.6272 20.3455 20.0437 19.7629 19.4681 19.1847 18.8927 18.6077 18.3186 18.0357 17.7508 17.4678 17.1836 16.9001 16.6161 16.3324 16.6676 22.8270 38.3717 43.7776 43.4662 44.3524 44.3408 44.4521 44.4698 44.5605 44.5955 44.6833 44.6631 44.6856 44.6092 44.1887 44.2361 44.0161 43.3766 42.2666
21.4839 21.7939 22.0830 22.2786 22.5297 22.5409 22.5278 22.4105 22.2278 21.9790 21.7667 21.4598 21.2079 20.9058 20.6317 20.3240 20.0489 19.7501 19.4699 19.1753 18.8922 18.6014 18.3198 18.0343 17.7517 17.4672 17.1839 16.8998 16.6161 16.3323 16.1168 17.0185 23.4923 42.5924 43.2418 43.2291 43.3401 43.3560 43.5405 43.4480 43.5546 42.6719 43.6793 43.6278 43.6733 43.5720 43.2399 43.2146 42.9693 41.7869
21.4772 21.8028 22.0196 22.2610 22.3140 22.3073 22.2969 22.2612 22.1388 21.9467 21.7063 21.4768 21.1828 20.9197 20.6025 20.3366 20.0308 19.7560 19.4573 19.1773 18.8837 18.6042 18.3177 18.0355 17.7508 17.4677 17.1835 16.8999 16.6161 16.3323 16.0561 15.9552 17.3332 42.1710 42.2434 42.3208 42.2547 42.3351 42.4706 42.5314 42.4300 42.4442 41.5736 42.6582 42.5596 42.6519 42.5464 42.2743 42.1965 41.0359
21.4193 21.7436 21.9688 22.0433 22.0504 22.0384 22.0100 22.0256 21.9804 21.8535 21.6616 21.4253 21.1870 20.8726 20.6269 20.3095 20.0437 19.7380 19.4634 19.1653 18.8891 18.6007 18.3197 18.0343 17.7515 17.4672 17.1837 16.8998 16.6161 16.3323 16.0494 15.7915 15.8320 19.5994 41.3086 41.2710 41.3106 41.4464 41.3656 41.4684 41.4316 41.3210 41.3353 41.5098 41.6352 41.5709 41.6338 41.5285 41.2969 40.1634
21.3336 21.6723 21.7588 21.7746 21.7733 21.7432 21.7488 21.7186 21.7401 21.6915 21.5635 21.3734 21.1413 20.8946 20.5799 20.3340 20.0166 19.7510 19.4457 19.1748 18.8833 18.6041 18.3176 18.0355 17.7508 17.4676 17.1835 16.8999 16.6160 16.3323 16.0486 15.7684 15.5402 15.9527 21.2235 40.3209 40.4210 40.3318 40.4272 40.4278 40.3366 40.3242 40.2257 40.3454 39.4810 40.6204 40.5529 40.6156 40.5150 39.3559
21.1363 21.4689 21.4921 21.4948 21.4971 21.4930 21.4474 21.4639 21.4430 21.4510 21.3995 21.2723 21.0845 20.8553 20.6030 20.2882 20.0413 19.7240 19.4618 19.1651 18.8890 18.6007 18.3197 18.0343 17.7515 17.4672 17.1837 16.8998 16.6161 16.3323 16.0486 15.7652 15.4903 15.1984 14.9143 39.3987 39.3065 39.4009 39.3531 39.4218 39.3201 39.2502 39.3208 39.2209 39.2371 38.3834 39.4766 39.5542 39.6002 38.4372
20.8803 21.2075 21.2128 21.2147 21.2129 21.2154 21.2073 21.1721 21.1781 21.1631 21.1615 21.1070 20.9807 20.7952 20.5683 20.3118 19.9969 19.7488 19.4454 19.1747 18.8833 18.6041 18.3176 18.0355 17.7508 17.4676 17.1835 16.8999 16.6160 16.3323 16.0485 15.7649 15.4810 15.1973 14.9138 17.3429 36.0880 38.0775 38.3628 38.3284 38.2672 38.3060 38.2353 38.2243 38.1141 38.1301 37.5930 38.3888 38.5435 37.3797
20.6069 20.9292 20.9315 20.9305 20.9320 20.9266 20.9314 20.9213 20.8936 20.8930 20.8812 20.8720 20.8145 20.6893 20.5059 20.2806 20.0210 19.7059 19.4580 19.1645 18.8890 18.6007 18.3197 18.0343 17.7515 17.4672 17.1837 16.8998 16.6161 16.3323 16.0486 15.7648 15.4811 15.1973 14.9136 14.9271 18.8061 33.5919 36.7381 37.2941 37.2975 37.2442 37.2188 37.1395 37.2051 37.1289 37.0724 36.7391 37.3359 36.1777
20.3541 20.6475 20.6474 20.6481 20.6444 20.6472 20.6443 20.6466 20.6359 20.6127 20.6083 20.5976 20.5828 20.5225 20.3981 20.2166 19.9923 19.7305 19.4289 19.1699 18.8823 18.6039 18.3176 18.0355 17.7508 17.4676 17.1835 16.8999 16.6160 16.3323 16.0485 15.7648 15.4810 15.1973 14.9135 14.6624 15.0619 19.6410 31.6320 36.2948 36.2500 36.2175 36.1574 36.1950 36.1559 36.1938 36.1326 36.0445 35.8433 34.8689
20.3249 20.3221 20.3218 20.3219 20.3193 20.3209 20.3189 20.3192 20.3088 20.2888 20.2819 20.2706 20.2508 20.1880 20.0642 19.8846 19.6612 19.4002 19.1072 18.8415 18.5573 18.2775 17.9923 17.7096 17.4253 17.1419 16.8579 16.5743 16.2905 16.0067 15.7230 15.4393 15.1557 14.8737 14.6057 14.4646 15.2472 19.8727 29.9161 34.5701 35.0444 35.0659 35.0239 35.0455 35.0198 35.0401 34.9845 34.8912 34.7243 34.7213
