#Value Function.
17.8279 18.2228 18.6601 19.1502 19.6516 20.1088 20.6127 20.9531 21.3937 21.3750 21.4445 21.2915 20.7328 20.3383 19.8393 19.5592 19.0710 18.7283 18.2628 18.2011 17.6596 17.3703 16.9495 16.6258 16.3486 15.9763 15.5186 15.1218 14.7772 14.5768 14.1957 13.7905 13.3747 12.9723 12.5768 12.1928 11.8183 11.4615 11.1497 10.9415 10.8631 10.7736 10.6761 10.5884 10.6039 10.5481 10.5598 10.5551 10.5644 10.5506
17.8423 18.3899 18.7632 19.2152 19.7238 20.2454 20.7621 21.2409 21.5568 22.0952 21.9795 21.3161 20.9590 20.3891 20.1730 19.6125 19.3146 18.7378 18.8213 18.1507 17.9084 17.4876 17.1203 16.8565 16.4767 15.9851 15.5820 15.2072 15.0527 14.6394 14.2222 13.7919 13.3801 12.9735 12.5800 12.1947 11.8228 11.4843 11.2587 11.1976 11.1036 11.0140 10.8317 10.9552 10.7117 10.8596 10.8695 10.8842 10.8727 10.8379
17.8584 18.3772 18.9629 19.3048 19.7777 20.3047 20.8584 21.4185 21.6063 21.4995 21.6015 21.3113 20.8142 20.3669 19.9386 19.6533 19.1687 19.0976 18.4871 18.4749 17.9345 17.6474 17.1717 17.0611 16.4582 16.0555 15.6177 15.5915 15.0916 14.6602 14.2140 13.7938 13.3754 12.9726 12.5769 12.1927 11.8230 11.5750 11.5415 11.4369 11.3623 11.1535 11.0195 10.9074 10.9967 11.0065 11.2101 11.1916 11.2004 10.8657
17.8397 18.4030 18.9133 19.5625 19.8565 20.2889 20.9248 20.9759 20.9817 21.1683 20.9357 20.9512 20.6782 20.2224 19.7862 19.3865 19.0901 18.6782 18.6612 18.0877 18.1234 17.5401 17.4045 16.8388 16.5517 16.0313 16.0381 15.4943 15.1100 14.6457 14.2186 13.7872 13.3754 12.9688 12.5754 12.1701 11.8918 11.9016 11.7752 11.7278 11.4800 11.3578 11.1811 11.2170 11.1541 11.3111 11.3111 11.5827 11.1838 10.9056
17.8536 18.3725 18.9590 19.3084 19.8098 20.4912 20.3838 20.3965 20.5376 20.5287 20.7587 20.3876 20.3284 20.0649 19.6426 19.2216 18.8399 18.5280 18.1797 18.2275 17.7936 17.7813 17.2300 16.9454 16.4549 16.3067 15.7769 15.5280 15.0463 14.6510 14.2087 13.7889 13.3706 12.9678 12.5730 12.2002 12.2826 12.1143 12.1146 11.8078 11.7111 11.5086 11.3965 11.3784 11.4835 11.4683 11.6779 11.3777 11.2165 11.0630
17.8331 18.3823 18.7646 19.2458 19.8174 19.8183 19.8849 19.9332 19.9636 20.1602 20.3719 20.2001 19.8423 19.7290 19.4704 19.0757 18.6713 18.3033 17.9882 17.6991 17.8051 17.4183 17.4850 16.9203 16.6356 16.1115 15.7995 15.3363 15.0437 14.6030 14.2063 13.7813 13.3705 12.9640 12.5776 12.2699 12.1455 12.5298 12.1314 12.0826 11.8443 11.7252 11.7203 11.6537 11.7188 11.8502 11.7016 11.4548 11.3888 11.3140
17.8213 18.2278 18.6888 19.1824 19.2522 19.3083 19.3575 19.4054 19.5834 19.7786 19.8207 19.7787 19.6003 19.2971 19.1495 18.8938 18.5221 18.1344 17.7782 17.4685 17.2483 17.3472 16.9827 17.1698 16.5844 16.1375 15.6569 15.3166 14.8960 14.5795 14.1671 13.7744 13.3640 12.9628 12.6235 12.4915 12.4377 12.4142 12.4775 12.1881 12.0608 12.0889 11.9710 11.9493 12.0102 12.0683 11.7763 11.7302 11.6915 11.3703
17.6934 18.1412 18.5784 18.6917 18.7475 18.7976 18.8586 19.0328 19.2653 19.3912 19.2360 19.2462 19.1958 19.0217 18.7566 18.5874 18.3342 17.9821 17.6103 17.2655 16.9687 16.8441 16.8182 16.6088 16.5970 16.1029 15.6571 15.2064 14.8527 14.4603 14.1319 13.7401 13.3543 12.9809 12.8564 12.8230 12.6869 12.5500 12.4248 12.3656 12.4806 12.3210 12.3202 12.2096 12.2682 12.1021 12.0820 12.0907 11.7205 11.3899
17.5981 17.9997 18.1404 18.2009 18.2531 18.3261 18.5188 18.8933 18.8933 18.7636 18.8090 18.6975 18.6874 18.6289 18.4615 18.2236 18.0413 17.7906 17.4553 17.0989 16.7658 16.5290 16.5165 16.3231 16.1418 16.0585 15.6259 15.1910 14.7628 14.4045 14.0315 13.6986 13.3409 13.2275 13.2232 13.0673 12.9353 12.7749 12.6468 12.5648 12.4149 12.7532 12.3606 12.5894 12.3186 12.2579 12.5211 12.0743 11.7443 11.3975
17.4365 17.6003 17.6678 17.7234 17.8081 18.0230 18.5768 18.3570 18.3493 18.3342 18.2393 18.2509 18.1666 18.1432 18.0779 17.9177 17.6997 17.5101 17.2624 16.9418 16.5999 16.2881 16.1498 16.0355 15.8437 15.6760 15.5468 15.1570 14.7375 14.3274 13.9698 13.7105 13.6039 13.6411 13.4543 13.3281 13.1531 13.0321 12.9002 12.7970 12.6588 12.5504 12.7376 12.5830 12.5156 12.6692 12.3024 12.1099 11.7470 11.4977
17.0664 17.1477 17.2077 17.3023 17.5231 17.9653 17.9560 18.0063 17.8445 17.8192 17.7945 17.7212 17.7127 17.6453 17.6129 17.5422 17.3890 17.1862 16.9929 16.7487 16.4413 16.1141 15.8352 15.9687 15.5856 15.3797 15.2157 15.0568 14.6253 14.2832 14.1009 13.9960 13.9900 13.8622 13.7343 13.5382 13.4246 13.2820 13.1863 13.0784 12.9395 12.7881 12.7101 12.8570 12.8887 12.6721 12.3483 12.1018 11.8593 11.6658
16.6342 16.7053 16.8076 17.0253 17.3896 17.4350 17.4694 17.4438 17.4613 17.3379 17.3024 17.2717 17.2118 17.1914 17.1345 17.0959 17.0213 16.8747 16.6836 16.4892 16.2489 15.9536 15.6426 15.4429 15.4487 15.1364 14.9281 14.7634 14.5732 14.5113 14.3937 14.4222 14.2755 14.1689 13.9454 13.8301 13.6714 13.5819 13.4717 13.3458 13.1742 12.9909 12.9710 13.0086 12.8892 12.7256 12.4847 12.2267 12.0472 11.8013
16.2095 16.3232 16.5334 16.8419 16.9196 16.9492 16.9357 16.9545 16.9391 16.9371 16.8394 16.7984 16.7641 16.7127 16.6852 16.6349 16.5919 16.5144 16.3738 16.1922 15.9985 15.7626 15.4787 15.1899 15.0075 14.9574 14.6925 14.9777 14.6721 14.6773 14.8869 14.6050 14.6137 14.3417 14.2512 14.0891 13.9946 13.8744 13.7512 13.5657 13.4087 13.1896 13.0554 13.1965 13.0507 12.8821 12.6001 12.4374 12.1852 11.9010
15.8434 16.0497 16.3171 16.4133 16.4436 16.4380 16.4499 16.4428 16.4546 16.4440 16.4305 16.3506 16.3069 16.2704 16.2244 16.1931 16.1467 16.1005 16.0213 15.8860 15.7122 15.5203 15.2893 15.0170 14.7994 14.8335 14.8627 14.8912 15.1438 14.9135 14.9373 15.0890 14.7813 14.6904 14.4944 14.4228 14.2973 14.1634 14.0085 13.8230 13.5883 13.3306 13.0057 13.2754 13.2881 12.9770 12.8418 12.5759 12.2781 12.0323
15.7263 15.9240 15.9179 15.9515 15.9515 15.9596 15.9565 15.9644 15.9612 15.9685 15.9598 15.9399 15.8723 15.8278 15.7902 15.7577 15.7343 15.7304 15.6281 15.5421 15.4110 15.2437 15.0545 14.8373 15.0333 15.2640 15.2714 15.3048 15.2840 15.4005 15.2679 15.1934 15.1409 14.9452 14.8735 14.7184 14.6013 14.4327 14.2423 14.0220 13.7471 13.3778 13.2007 13.3757 13.3491 13.2627 12.9779 12.6585 12.4164 12.1830
16.0841 16.2015 16.4393 16.2222 16.2213 16.2422 16.2323 16.2480 16.2372 16.2527 16.2390 16.2366 16.2269 16.1998 16.2322 16.2038 16.2212 16.0890 15.8498 15.6587 15.5197 15.4049 15.2826 15.1151 15.0476 15.5084 15.7449 15.7155 15.7667 15.7093 15.6598 15.4557 15.3750 15.3280 15.1558 15.0432 14.8713 14.6786 14.4436 14.1726 13.7993 13.4426 13.6410 13.4895 13.6652 13.3915 13.0460 12.8068 12.5735 12.3361
16.3282 16.5983 16.6784 16.7078 16.6968 16.7129 16.7397 16.7205 16.7455 16.7246 16.7286 16.6927 16.6720 16.7302 16.6812 16.7285 16.5904 16.3224 16.1251 15.9859 15.8721 15.7519 15.5835 15.3427 15.1471 15.4772 16.0033 16.2433 16.1621 16.1871 15.8941 15.8350 15.8281 15.6072 15.4941 15.3444 15.1195 14.8950 14.6139 14.2063 13.8524 13.4638 13.4993 13.9040 13.6425 13.4399 13.2093 12.9685 12.7448 12.3949
16.5978 16.8238 17.1458 17.1891 17.2177 17.1967 17.2038 17.2542 17.2179 17.2533 17.0665 17.1395 17.2085 17.1628 17.2533 17.1084 16.8040 16.6027 16.4640 16.3511 16.2335 16.0647 15.8167 15.5041 15.3490 15.5836 15.8009 16.1541 16.7073 16.3405 16.3338 16.0965 16.0552 15.9727 15.8502 15.5626 15.3779 15.0669 14.6456 14.2786 13.8439 13.6483 13.6468 13.8506 13.8244 13.6261 13.3715 13.1647 12.7949 12.4149
16.9895 17.0902 17.2978 17.7141 17.7011 17.7436 17.5364 17.5429 17.8117 17.4957 17.5834 17.5694 17.6578 17.7427 17.6392 17.2933 17.0918 16.9542 16.8421 16.7277 16.5592 16.3037 15.9782 15.6256 15.5600 15.8040 16.0468 16.2300 16.4292 16.8540 16.4857 16.5472 16.3873 16.3418 16.0245 15.8729 15.5268 15.1127 14.7178 14.2523 14.0474 14.0481 14.0365 14.0371 14.0227 13.7807 13.6028 13.1999 12.8135 12.4187
17.2505 17.5306 17.5966 17.7983 18.3115 18.0273 18.0583 18.0327 17.9707 18.0099 18.0081 18.1275 18.0790 18.1903 17.7554 17.5932 17.4572 17.3453 17.2349 17.0674 16.8040 16.4645 16.0990 15.7358 15.7358 16.0250 16.2699 16.5282 16.7035 16.8511 17.0158 16.8161 16.8320 16.4691 16.3626 15.9963 15.6030 15.1648 14.6973 14.3551 14.2876 14.5127 14.2691 14.3764 14.1240 14.0628 13.6130 13.2203 12.8081 12.4739
17.4539 17.7817 18.0756 18.1020 18.2898 18.6151 18.4699 18.4695 18.4772 18.4258 18.5661 18.5260 18.6965 18.2435 18.1128 17.9733 17.8607 17.7553 17.5898 17.3179 16.9633 16.5842 16.2118 15.8395 15.9124 16.1993 16.5039 16.7454 17.0257 17.1948 17.2174 17.3421 16.9044 16.8762 16.4662 16.0661 15.6142 15.1756 14.7337 14.8059 14.4048 14.5180 14.6907 14.4804 14.5601 14.0314 13.6409 13.2036 12.8536 12.6759
17.6877 17.9798 18.2749 18.6161 18.6246 18.7958 18.9962 19.0233 18.9076 18.9913 18.9461 19.1436 18.7360 18.6510 18.5024 18.3883 18.2893 18.1269 17.8461 17.4746 17.0812 16.7003 16.3178 15.9375 16.0906 16.3813 16.6736 16.9980 17.2289 17.5013 17.5353 17.2503 17.4216 16.9427 16.5428 16.0695 15.6219 15.1702 14.7435 14.7057 14.7660 14.8196 14.7278 14.7891 14.2937 14.0772 13.6103 13.2347 13.0754 12.9590
17.7385 18.2523 18.5128 18.8205 19.1518 19.1237 19.3472 19.3445 19.5381 19.3671 19.5771 19.2398 19.2109 19.0440 18.9284 18.8372 18.6794 18.3891 17.9989 17.5901 17.2012 16.8113 16.4005 16.1393 16.3352 16.5544 16.8639 17.1576 17.5095 17.6617 17.6564 17.6669 17.4208 17.0352 16.5347 16.0804 15.6135 15.1719 14.8049 14.8188 15.0661 14.9106 15.1074 14.5951 14.3125 13.8825 13.6204 13.4814 13.3800 13.2224
17.7943 18.2716 18.8351 19.0524 19.3675 19.6111 19.6356 19.8992 19.7899 19.9903 19.7567 19.7965 19.5973 19.4808 19.3992 19.2480 18.9474 18.5364 18.1110 17.7147 17.3180 16.8952 16.4630 16.4630 16.6067 16.8128 17.0272 17.3618 17.6498 17.9996 17.9365 17.9306 17.5469 17.0085 16.5521 16.0671 15.6176 15.1666 14.8085 15.3315 15.1287 15.4370 14.9979 14.6310 14.1716 13.9749 13.8994 13.8087 13.6533 13.4317
17.9133 18.3252 18.8060 19.4484 19.5960 19.9551 20.1532 20.1636 20.4301 20.2543 20.4124 20.1605 20.0458 19.9758 19.8333 19.5217 19.0872 18.6439 18.2412 17.8386 17.4025 16.9597 16.5018 16.4371 16.9984 17.0768 17.3061 17.4453 17.8868 18.1238 18.4308 18.0784 17.4889 17.0385 16.5308 16.0758 15.6090 15.1735 15.0484 15.0406 15.6722 15.1075 14.9329 14.5447 14.3942 14.3358 14.2502 14.0915 13.8630 13.6166
18.0993 18.4475 18.8631 19.3441 19.7572 20.1663 20.5691 20.7536 20.7130 20.9216 20.7079 20.6238 20.5671 20.4363 20.1126 19.6516 19.1889 18.7810 18.3736 17.9222 17.4702 16.9950 16.5471 16.4910 16.8994 17.1080 17.1120 17.6773 17.8331 18.3475 18.0850 17.8958 17.5388 17.0033 16.5473 16.0623 15.6153 15.2058 15.0375 15.5535 15.2029 15.3087 14.8996 14.8283 14.7850 14.7040 14.5423 14.2999 14.0510 13.7930
18.2215 18.6576 18.9857 19.3217 19.9315 20.2330 20.6876 21.2165 21.3891 21.2304 21.2191 21.1733 21.0579 20.7210 20.2298 19.7459 19.3342 18.9242 18.4542 17.9951 17.5000 17.0428 16.5946 16.3922 16.6283 16.8536 17.1920 17.3775 17.8528 17.7767 18.0683 17.6204 17.3756 17.0193 16.5242 16.0708 15.6285 15.4256 15.3570 15.3233 15.3494 15.3121 15.2826 15.2471 15.1704 15.0064 14.7470 14.4915 14.2320 13.9633
18.4331 18.7577 19.2307 19.5463 19.8552 20.4982 20.7142 21.3018 21.5685 21.7523 21.6867 21.6992 21.3476 20.8220 20.3146 19.9011 19.4914 18.9979 18.5357 18.0161 17.5525 17.0857 16.6833 16.2955 16.5904 16.7872 16.9126 17.2892 17.2925 17.5255 17.4789 17.4997 17.1357 16.8710 16.5174 16.0536 15.8723 15.8379 15.8085 15.8202 15.7783 15.7809 15.7270 15.6494 15.4847 15.2041 14.9432 14.6772 14.4055 14.1351
18.4689 19.0173 19.2896 19.8284 20.1218 20.3564 20.8951 21.2418 21.9564 22.0879 22.3321 21.9935 21.4282 20.8949 20.4816 20.0772 19.5519 19.0936 18.5427 18.0773 17.5874 17.1824 16.7821 16.4581 16.3335 16.4486 16.7547 16.8180 16.9948 16.9931 17.1049 16.9988 16.9628 16.6540 16.3806 16.3309 16.3255 16.3010 16.3208 16.2821 16.2721 16.2129 16.1673 15.9843 15.6707 15.4065 15.1342 14.8535 14.5834 14.2986
18.5449 19.0157 19.6239 19.8167 20.4571 20.7172 20.8433 21.3503 21.5832 22.2843 22.6754 22.0470 21.4970 21.0809 20.6845 20.1142 19.6718 19.0778 18.6193 18.0986 17.6977 17.2678 16.9982 16.8261 16.7568 16.7356 16.7196 16.7343 16.7693 16.7794 16.7537 16.7946 16.8133 16.8169 16.8190 16.8216 16.8237 16.8261 16.8213 16.7921 16.7086 16.6784 16.4931 16.1898 15.8821 15.6035 15.3122 15.0384 14.7502 14.4584
18.6902 19.0952 19.5617 20.2742 20.2961 20.3894 20.7681 21.0576 21.6561 22.0345 22.2734 21.9786 21.7209 21.0435 20.6860 20.2747 19.6185 19.1816 18.6169 18.2317 17.7615 17.4954 17.3200 17.2576 17.2422 17.2280 17.2018 17.2171 17.2460 17.2863 17.2974 17.2678 17.3173 17.3288 17.3316 17.3336 17.3363 17.3377 17.3215 17.2887 17.2110 17.0127 16.6859 16.3645 16.0855 15.7816 15.5059 15.2075 14.9163 14.6007
18.6343 19.2836 19.6539 19.8957 19.8344 20.1624 20.4816 21.0102 21.4032 21.6941 21.6544 21.5941 21.3613 21.3517 20.6451 20.1099 19.7695 19.1384 18.7887 18.2613 18.0062 17.8253 17.7714 17.7625 17.7503 17.7208 17.6998 17.7125 17.7422 17.7702 17.8177 17.8354 17.8045 17.8548 17.8566 17.8596 17.8614 17.8592 17.8419 17.7569 17.5916 17.1994 16.8569 16.5819 16.2612 15.9867 15.6757 15.3811 15.0618 14.7262
18.6858 19.0941 19.5522 19.3142 19.5796 19.9101 20.3881 20.7737 21.0440 21.1043 21.2851 21.0635 20.9635 20.7750 20.6692 20.0633 19.5537 19.3750 18.7634 18.5323 18.3417 18.2987 18.2967 18.2860 18.2587 18.1911 18.2204 18.2377 18.2477 18.2814 18.3066 18.3630 18.3883 18.3929 18.3964 18.3979 18.4011 18.3957 18.3173 18.1791 17.7138 17.4019 17.1002 16.7502 16.4821 16.1545 15.8586 15.5295 15.1882 14.8505
18.5293 18.9256 18.9106 19.0187 19.3466 19.7862 20.1593 20.4166 20.5078 20.6509 20.7625 20.8341 20.5394 20.3635 20.1896 20.0236 19.4903 19.0388 19.0766 18.8687 18.8401 18.8455 18.8351 18.8125 18.7301 18.6777 18.7460 18.7723 18.7899 18.7956 18.8355 18.8549 18.9228 18.9457 18.9479 18.9519 18.9520 18.9383 18.7907 18.2812 17.9310 17.6243 17.3071 16.9995 16.6431 16.3495 16.0097 15.6549 15.3258 14.9072
18.3238 18.3745 18.4884 18.7937 19.2023 19.5606 19.8090 19.9208 20.0514 20.1619 20.2544 20.3826 20.3375 20.1026 19.7965 19.6128 19.4083 19.3915 19.4050 19.3963 19.4096 19.3971 19.3826 19.2874 19.2171 19.2301 19.2316 19.3177 19.3374 19.3569 19.3558 19.4059 19.4143 19.4994 19.5170 19.5167 19.5152 19.4022 18.8913 18.5081 18.1634 17.8279 17.5238 17.1781 16.8604 16.5031 16.1305 15.8119 15.3694 14.9845
17.8391 17.9683 18.2540 18.6349 18.9779 19.2193 19.3449 19.4682 19.5768 19.6726 19.7950 19.8161 19.9961 19.7810 19.5715 19.8290 19.9473 19.9843 19.9684 19.9898 19.9716 19.9705 19.8591 19.7752 19.8088 19.7625 19.8128 19.7951 19.9084 19.9152 19.9400 19.9277 19.9943 19.9834 20.0948 20.1018 20.0405 19.4375 19.0594 18.7292 18.4090 18.0648 17.6971 17.3915 17.0317 16.6187 16.3167 15.8350 15.4491 15.0948
17.4516 17.7271 18.0832 18.4109 18.6464 18.7813 18.9003 19.0080 19.1146 19.2771 19.4275 19.4795 19.3501 19.4799 19.3797 19.9281 20.4753 20.5467 20.5874 20.5573 20.5784 20.4413 20.3740 20.1859 20.2033 20.4355 20.2013 20.3003 20.3821 20.5189 20.5043 20.5409 20.5097 20.6038 20.5595 20.7119 19.9896 19.6211 19.2872 18.9635 18.6130 18.2575 17.9402 17.5616 17.1260 16.7324 16.3078 15.9204 15.5623 15.2381
17.2064 17.5465 17.8592 18.0893 18.2303 18.3472 18.4553 18.5768 18.8388 18.9474 18.9307 19.0074 18.9923 18.9485 19.5197 19.9780 20.5391 21.1526 21.1518 21.2099 21.0311 20.9957 20.7650 20.7112 20.7680 20.6865 20.7316 20.7987 20.9077 20.9800 21.1521 21.1026 21.1626 21.0432 21.2469 20.5537 20.0905 19.8650 19.5331 19.1717 18.7982 18.4908 18.1174 17.6824 17.2524 16.8010 16.4051 16.0345 15.7201 15.3413
17.0179 17.3225 17.5472 17.6922 17.8086 17.9197 18.0685 18.4376 18.3929 18.4112 18.6225 18.5204 18.5582 19.1211 19.4439 19.9780 20.5844 21.1422 21.8710 21.6234 21.6453 21.3511 21.3157 21.3014 21.2718 21.2599 21.2435 21.3517 21.4088 21.5339 21.5862 21.8130 21.6427 21.5924 20.9243 20.5903 20.5035 20.1505 19.7521 19.3489 19.0530 18.6712 18.2146 17.7792 17.3427 16.9090 16.5160 16.2117 15.8205 15.4297
16.7943 17.0196 17.1671 17.2841 17.4008 17.5785 18.0199 17.8681 17.9003 18.1117 18.1738 18.2321 18.8060 18.9391 19.5607 20.0216 20.5658 21.2005 21.6246 22.3315 21.9380 21.9515 21.8303 21.8406 21.8583 21.8121 21.8332 21.8615 21.9919 22.0301 22.1820 22.2017 21.9600 21.2819 21.0438 21.1171 20.8013 20.3586 19.9460 19.6378 19.2414 18.7585 18.3156 17.8648 17.4380 17.0269 16.7202 16.3049 15.9139 15.4902
16.5001 16.6550 16.7736 16.8977 17.1046 17.6060 17.4341 17.4717 17.6901 17.7524 17.8844 18.4846 18.5142 19.1184 19.4573 19.9831 20.5922 21.0194 21.6956 21.9281 22.6354 22.3131 22.3260 22.4933 22.4406 22.4671 22.3482 22.4909 22.4886 22.6555 22.6653 22.0824 21.5916 21.4164 21.7230 21.4032 21.0121 20.5788 20.2346 19.8501 19.3191 18.8670 18.3997 17.9633 17.5403 17.1823 16.7988 16.4064 15.9704 15.5576
16.1500 16.2772 16.4136 16.6801 17.2132 17.0327 17.0661 17.3149 17.2475 17.3964 17.8842 18.0609 18.6182 18.9646 19.4070 19.9724 20.4294 21.0316 21.3818 21.9385 22.3209 23.0488 22.6096 22.7614 23.1336 22.9442 23.0238 22.9811 23.1759 23.1204 22.4167 21.9931 21.8819 22.0874 21.9728 21.5652 21.2533 20.6298 20.5240 19.8850 19.4564 18.9527 18.5035 18.0599 17.7064 17.3098 16.9142 16.4550 16.0476 15.5822
15.7899 15.9551 16.3428 16.9217 16.6608 16.6834 16.9328 16.7659 16.9114 17.3384 17.7221 18.0772 18.6034 18.8549 19.3750 19.8439 20.3931 20.7809 21.2911 21.7055 22.3194 22.7371 23.2826 23.1533 23.3466 23.7022 23.4917 23.7335 23.5563 22.9142 22.4295 22.3114 22.5905 22.4009 22.0334 21.9056 21.2111 20.8325 20.1840 20.0451 19.5112 19.0937 18.5943 18.2468 17.8319 17.4387 16.9481 16.5481 16.0600 15.6439
15.4966 15.8664 16.3473 16.3437 16.3824 16.5762 16.3820 16.4336 16.8146 17.2030 17.6685 18.2944 18.3375 18.7981 19.2672 19.7811 20.2010 20.7583 21.1075 21.6547 22.1018 22.7133 23.2949 23.7578 23.8071 23.9583 24.2337 23.9326 23.4948 22.9050 22.7521 22.8145 22.7133 22.5720 22.0223 21.4470 21.4878 20.7730 20.2187 19.7108 19.5293 19.1272 18.8439 18.3691 17.9825 17.4474 17.0673 16.5391 16.1405 15.6375
15.3906 15.8069 15.8650 15.9363 16.3209 16.0431 16.0606 16.3094 16.6950 17.1499 17.6914 17.8377 18.2433 18.7143 19.3046 19.6627 20.3031 20.5218 21.0203 21.5112 22.0371 22.6621 23.1733 23.8165 24.2256 24.4737 24.3802 23.9125 23.5335 23.1581 23.1598 22.9772 22.8257 22.3377 21.8898 21.4760 20.9905 20.8039 20.1808 19.6407 19.3727 18.9951 18.9034 18.5880 17.9541 17.6100 17.0220 16.6503 16.1163 15.6655
15.2883 15.3933 15.4863 15.7829 15.7617 15.7990 15.8315 16.1983 16.6384 17.1220 17.3337 17.7081 18.1708 18.7275 19.2507 19.9229 19.9646 20.4069 20.8913 21.4141 22.0147 22.5266 23.2276 23.6114 24.2212 24.3494 24.1913 23.8853 23.5365 23.3831 23.0865 22.6916 22.6271 22.1998 21.7210 21.2877 21.0266 20.4473 20.1608 19.5977 19.1057 19.0884 18.5002 18.3313 18.0039 17.4540 17.1833 16.5959 16.1593 15.6480
14.9246 15.0374 15.2744 15.2944 15.3267 15.3877 15.7143 16.1365 16.5791 16.8319 17.1885 17.6386 18.1688 18.6906 19.2738 19.4226 19.8143 20.2865 20.8003 21.3856 21.9299 22.6638 22.9572 23.5198 23.6636 23.5543 24.0315 23.5381 23.2221 22.9190 22.7537 22.4204 22.0774 21.9438 21.5526 21.0991 20.6922 20.5309 19.9531 19.6446 19.0532 18.7411 18.4883 17.9962 17.7780 17.4454 16.9709 16.6660 16.1213 15.7081
14.5876 14.7890 14.8339 14.8687 14.9481 15.2448 15.6456 16.0580 16.3363 16.6823 17.1185 17.6259 18.1372 18.6604 18.8773 19.2408 19.6970 20.2003 20.7641 21.3428 22.0373 22.3241 22.7969 22.9646 22.9357 23.2817 23.2498 23.3866 22.8906 22.5633 22.2794 22.0862 21.7747 21.4659 21.2875 20.9216 20.4930 20.1197 19.9568 19.4928 19.3434 18.6894 18.2181 17.9206 17.4910 17.2417 16.9101 16.4976 16.2124 15.6645
14.3175 14.3825 14.4231 14.5145 14.7881 15.1667 15.5555 15.8491 16.1884 16.6105 17.0976 17.5938 18.0751 18.3353 18.6830 19.1228 19.6143 20.1588 20.7226 21.2970 21.6993 22.1049 22.2868 22.3122 22.5742 22.6010 22.7181 22.8729 22.6785 22.2496 21.9232 21.6509 21.4403 21.1471 20.8612 20.6543 20.3071 19.9031 19.5579 19.3454 18.9539 18.7257 18.1532 17.7004 17.3779 16.9894 16.7213 16.3951 16.0494 15.8751
13.9327 13.9836 14.0831 14.3379 14.6948 15.0640 15.3659 15.7002 16.1087 16.5768 17.0558 17.5066 17.7939 18.1325 18.5565 19.0351 19.5617 20.1083 20.6504 21.0593 21.4316 21.6209 21.6831 21.8910 21.9516 22.0569 22.1804 22.1196 22.1803 21.9925 21.6110 21.2919 21.0273 20.8065 20.5286 20.2587 20.0341 19.7020 19.3215 18.9947 18.7548 18.4067 18.1326 17.6190 17.1840 16.8492 16.4886 16.2100 15.8942 15.5751
