#Value Function.
116.37  134.75  141.22  146.18  149.68  150.65  151.01  149.82  150.50  151.15  151.74  151.69  149.90  147.26  145.00  148.88  153.98  159.66  165.55  171.30  176.74  182.95  189.72  196.71  203.89  211.23  218.74  226.20  232.86  237.23  241.04  244.99  248.00  249.27  249.67  246.42  241.53  241.40  241.87  238.22  230.60  226.26  217.56  213.02  206.67  202.37  198.79  196.88  194.25  191.46 
134.69  141.25  146.41  151.51  155.28  155.95  153.69  154.77  155.75  156.42  156.55  154.59  151.90  148.20  149.66  154.48  159.86  165.77  171.88  177.82  183.28  189.70  196.71  203.92  211.31  218.88  226.64  234.43  241.50  245.76  249.58  253.80  257.01  257.87  254.36  248.53  247.48  249.89  246.30  237.24  234.11  223.79  220.10  212.98  208.79  204.91  203.32  200.54  197.68  195.00 
140.65  146.05  151.40  156.92  161.06  158.24  156.47  160.10  161.14  161.54  159.32  156.66  152.49  150.59  154.86  160.31  165.85  171.99  178.33  184.51  190.10  197.00  203.35  210.98  218.85  226.66  234.66  242.80  250.38  254.41  258.23  262.77  266.28  262.46  256.00  251.00  256.06  257.88  245.18  241.02  233.60  227.57  222.05  217.33  213.28  209.91  206.92  203.90  201.43  197.58 
143.58  148.86  154.26  160.07  163.19  159.10  161.05  165.95  166.73  164.12  161.58  157.06  153.07  155.35  160.60  166.38  172.02  178.39  185.02  191.91  199.35  205.97  208.53  216.14  226.33  234.67  242.91  251.39  259.63  263.29  267.08  271.18  270.79  263.90  256.42  258.33  264.96  254.89  250.75  240.77  236.08  229.08  224.04  219.88  216.46  213.46  210.24  208.00  203.96  199.90 
144.83  149.95  155.13  159.65  162.68  161.50  166.12  172.19  168.95  166.71  161.74  157.37  156.15  160.78  166.60  172.66  178.35  185.03  192.34  199.60  206.87  214.05  219.75  224.36  233.00  242.84  251.39  260.19  269.29  272.39  276.33  277.21  272.09  263.50  261.38  265.67  257.51  255.85  247.87  244.27  236.00  231.32  227.01  223.16  220.22  216.66  214.82  210.38  206.43  201.45 
145.84  150.95  156.22  162.10  163.78  165.61  169.12  174.97  172.08  166.50  162.03  158.17  161.14  166.69  172.84  179.17  184.96  192.50  199.68  206.92  214.34  221.94  229.46  235.24  241.54  250.73  259.58  268.35  279.44  281.49  281.59  278.52  269.85  266.68  267.49  260.16  257.21  250.52  247.65  240.91  238.88  234.01  232.47  227.83  223.12  221.94  216.90  213.09  207.87  203.13 
146.82  151.52  155.65  162.96  166.68  170.98  172.47  177.82  171.09  166.84  162.59  161.87  166.80  172.86  179.27  185.89  192.70  199.71  206.92  214.35  221.99  229.84  237.85  245.51  251.38  259.70  268.87  275.61  286.04  288.68  285.78  277.10  271.95  270.65  262.75  259.16  252.89  249.23  244.68  244.09  243.37  240.37  235.14  232.66  229.81  223.48  219.99  214.34  209.61  204.89 
150.87  156.45  162.31  164.92  170.21  177.17  177.70  178.34  171.61  167.41  163.95  167.07  172.89  179.27  185.89  192.70  199.71  206.92  214.35  221.99  229.86  237.95  246.26  254.68  262.51  269.81  278.74  286.68  295.20  295.31  285.37  276.56  272.42  267.34  262.35  255.43  252.37  251.58  251.55  250.93  249.26  245.18  239.81  237.52  232.46  227.58  220.92  216.23  211.25  207.93 
152.76  157.94  163.09  166.80  174.20  184.08  175.65  178.94  171.93  168.64  167.69  172.91  179.26  185.88  192.69  199.70  206.92  214.35  221.99  229.86  237.95  246.28  254.85  263.62  272.51  281.14  288.88  298.57  309.22  294.32  278.66  271.70  272.09  265.56  261.30  259.73  259.12  259.28  258.68  257.18  252.96  249.08  245.39  239.57  234.95  230.15  224.06  217.61  214.74  209.90 
155.58  161.23  167.09  168.61  167.96  173.99  173.36  178.65  174.59  170.45  173.02  179.19  185.82  192.65  199.67  206.90  214.34  221.98  229.85  237.95  246.28  254.86  263.68  272.72  281.93  290.97  300.46  307.39  310.64  269.73  270.39  272.38  273.18  268.83  267.47  266.84  267.23  266.60  265.39  260.64  256.51  254.15  249.69  242.21  237.36  231.77  226.55  221.73  216.62  211.35 
156.62  162.12  166.87  165.37  165.67  168.92  171.08  174.25  173.36  173.23  178.94  185.58  192.44  199.50  206.77  214.24  221.92  229.81  237.93  246.27  254.86  263.68  272.77  282.08  291.61  300.87  311.49  312.66  303.31  276.90  267.04  279.46  276.48  275.45  274.71  275.44  274.65  273.93  268.50  264.00  262.11  257.81  250.39  244.78  238.89  233.52  228.68  223.41  218.06  212.76 
157.23  161.77  164.27  163.33  168.39  172.42  174.97  172.41  172.30  178.06  184.88  191.75  198.84  206.16  213.72  221.51  229.52  237.73  246.15  254.78  263.64  272.75  282.12  291.71  301.60  312.23  313.17  305.61  304.62  292.47  287.85  287.83  284.18  280.01  283.94  282.79  282.87  276.53  271.56  270.33  266.15  257.77  252.33  246.18  240.64  235.83  230.37  224.85  219.54  213.92 
156.75  159.21  159.35  163.11  165.65  168.25  172.57  173.92  177.68  183.74  190.40  197.33  204.55  212.02  219.75  227.85  236.55  245.20  254.16  263.28  272.49  281.95  291.75  301.73  311.28  311.94  306.68  305.98  300.42  296.26  300.70  299.95  293.64  293.88  287.93  292.29  284.75  279.03  276.71  272.76  265.12  260.14  253.65  247.91  243.20  237.51  231.81  226.41  220.81  214.27 
154.31  155.08  158.23  160.87  163.56  167.59  172.22  177.71  183.87  190.21  196.23  202.58  209.71  217.04  224.53  231.72  241.33  250.01  260.24  271.14  280.71  290.18  301.31  309.80  311.16  307.71  309.56  308.75  301.27  296.03  301.63  310.12  310.97  297.60  299.36  293.08  286.91  284.67  281.05  272.65  267.46  261.31  255.31  250.80  244.84  238.93  233.45  227.83  221.06  214.44 
150.75  153.57  156.35  160.61  165.83  171.50  177.54  183.95  190.62  197.22  203.32  209.20  216.29  223.87  231.58  237.93  245.49  254.67  264.34  277.38  290.28  299.84  307.79  310.89  310.83  317.41  312.83  305.24  297.98  295.65  300.61  305.29  306.53  312.34  301.75  297.32  292.17  286.34  280.89  273.43  269.98  263.68  258.66  252.34  246.22  240.65  235.07  227.93  221.26  214.38 
149.47  154.35  159.54  165.19  171.20  177.46  183.96  190.70  197.60  204.47  210.70  216.55  223.89  231.81  239.96  248.10  256.78  266.63  277.67  291.21  297.61  306.81  309.06  314.06  324.33  320.19  307.44  301.96  296.21  291.86  296.27  299.21  303.71  314.91  310.51  301.49  293.59  285.81  278.95  274.01  268.58  267.47  261.89  253.77  248.01  242.57  234.93  228.18  221.13  214.45 
153.37  159.06  164.94  171.06  177.41  183.95  190.70  197.65  204.79  211.95  218.32  224.07  231.76  239.95  248.39  257.18  267.94  277.79  287.52  295.43  304.03  312.32  319.54  327.95  332.05  315.80  307.46  297.26  293.05  287.75  290.85  296.13  305.25  318.18  308.68  304.84  294.99  286.94  278.82  271.14  266.04  262.72  261.65  256.96  250.36  242.04  235.32  227.96  221.26  214.38 
158.64  164.70  170.90  177.30  183.88  190.67  197.64  204.81  212.18  219.66  226.20  231.74  239.61  248.00  257.11  268.21  277.80  287.34  297.09  306.82  315.40  324.39  335.07  337.40  321.48  318.34  305.60  297.61  289.18  284.48  290.41  300.00  310.46  321.74  314.50  302.53  295.73  287.19  278.94  270.75  263.46  258.43  255.24  253.56  249.09  242.69  234.94  228.18  221.13  214.45 
164.12  170.43  176.88  183.52  190.36  197.41  204.66  212.12  219.78  227.63  234.37  239.59  247.64  256.74  267.84  277.78  287.34  297.13  307.19  317.37  327.04  340.29  337.99  323.40  324.83  313.78  305.37  296.71  288.92  282.87  292.08  301.96  312.13  321.30  313.54  304.80  295.74  287.33  278.88  270.79  262.88  255.94  251.01  247.87  245.76  241.43  235.25  227.96  221.26  214.38 
169.24  175.74  182.39  189.24  196.32  203.64  211.21  219.07  227.24  235.86  242.85  247.59  255.51  266.70  277.54  287.21  297.05  307.17  317.57  328.16  341.95  341.66  324.70  324.36  315.74  311.73  301.03  296.07  288.14  284.47  294.25  304.40  311.85  322.15  313.07  304.45  295.94  287.21  278.95  270.75  262.84  255.22  248.58  243.77  240.62  238.20  233.98  228.03  221.11  214.45 
173.78  180.37  187.08  193.99  201.09  208.39  215.88  223.55  231.42  241.35  249.22  254.19  264.70  276.48  286.40  296.35  306.62  317.23  328.24  339.54  343.73  333.86  326.92  317.02  314.27  305.04  299.91  292.35  287.16  285.72  295.49  304.63  312.35  320.21  316.91  304.01  295.65  287.32  278.88  270.79  262.85  255.41  248.19  241.71  236.73  233.53  230.88  226.73  221.00  214.33 
178.07  184.75  191.56  198.56  205.76  213.19  220.83  228.71  238.17  246.07  254.87  261.24  274.12  284.34  294.13  304.18  314.53  325.14  338.11  344.03  332.02  327.76  321.80  316.75  307.83  301.03  295.21  290.80  284.06  286.76  295.13  301.31  311.85  315.44  312.66  303.80  295.19  287.06  278.92  270.74  263.17  255.67  249.14  242.47  236.50  230.50  226.66  223.77  219.68  214.09 
182.40  189.17  196.06  203.15  210.46  217.98  225.73  234.13  243.55  252.98  261.59  272.20  282.10  291.77  301.61  311.68  322.61  335.01  342.16  334.68  328.33  320.51  316.28  312.34  306.10  296.74  291.08  286.66  282.09  286.37  293.01  302.42  310.67  309.50  306.10  301.95  294.89  286.65  278.69  271.16  263.30  256.79  249.81  243.81  237.56  232.00  226.35  220.95  216.99  212.77 
187.04  193.90  200.87  208.04  215.40  222.98  232.27  242.89  252.27  261.36  270.64  280.27  290.01  299.96  310.17  320.65  335.06  343.35  331.54  328.72  322.37  316.66  310.89  307.17  301.13  294.19  286.24  282.54  278.31  284.77  293.53  301.65  302.97  304.91  300.01  296.41  294.56  286.38  279.42  271.07  264.69  257.29  251.34  244.77  239.19  233.34  227.87  222.07  216.39  210.90 
192.32  199.35  206.48  213.78  221.23  228.74  239.93  250.00  258.97  268.15  277.62  287.40  297.50  307.98  318.92  332.49  339.66  331.55  330.23  321.90  316.80  311.91  307.39  302.13  298.08  292.29  285.52  278.34  276.71  285.04  293.77  296.19  296.72  299.70  293.86  290.88  290.82  288.07  278.93  272.89  264.88  259.12  252.12  246.59  240.49  234.99  228.97  223.13  217.55  212.34 
198.12  205.53  213.10  220.95  229.10  237.59  246.48  255.34  264.29  273.47  282.90  292.56  302.43  312.47  323.72  335.61  328.95  327.88  321.51  319.75  311.44  305.88  302.77  298.42  293.51  289.26  283.66  277.13  278.19  287.42  290.80  290.04  292.94  294.58  294.37  287.25  284.90  285.81  281.46  272.54  267.20  259.58  254.24  247.77  242.32  236.05  230.05  224.28  219.11  213.57 
203.07  210.60  218.27  226.19  234.34  242.72  251.35  260.18  269.27  278.65  288.35  298.38  308.80  319.49  330.01  332.31  325.85  319.66  317.89  313.53  306.91  302.28  297.30  293.91  289.70  285.05  280.70  275.26  281.80  285.30  285.99  287.84  289.14  291.32  295.08  287.76  280.77  279.40  280.21  275.67  267.10  262.17  255.18  249.88  243.29  237.16  231.16  226.00  220.27  215.27 
207.30  214.88  222.60  230.53  238.69  247.06  255.67  264.51  273.59  282.91  292.47  302.26  313.74  323.55  325.07  327.24  320.74  314.83  310.15  308.11  302.44  298.00  293.49  288.85  285.30  281.21  276.76  273.64  280.65  282.91  282.47  287.26  291.12  289.50  292.80  286.65  281.25  275.33  275.93  274.86  270.46  262.68  257.72  250.69  244.46  238.18  233.12  227.02  222.10  216.92 
211.32  219.00  226.81  234.84  243.09  251.58  260.31  269.29  278.52  288.02  297.79  308.42  318.08  320.00  322.20  322.87  317.07  310.00  305.38  300.87  298.44  293.74  289.36  284.95  280.56  276.94  272.95  272.24  276.67  279.55  283.11  290.07  284.14  284.34  290.15  284.23  278.53  274.74  271.33  272.31  270.65  265.87  258.22  251.99  245.30  240.50  233.88  229.06  223.73  218.85 
215.32  223.13  231.08  239.26  247.68  256.34  265.25  274.42  283.86  293.56  303.54  315.37  311.79  317.14  318.98  318.64  312.20  305.98  300.67  295.98  294.67  289.82  285.24  280.94  276.64  272.44  268.80  270.26  275.10  279.47  285.89  279.94  278.87  282.92  286.39  281.10  275.89  270.58  266.77  264.65  268.08  265.84  259.79  252.49  248.20  240.83  236.24  230.61  225.76  220.74 
219.21  227.16  235.25  243.59  252.18  261.03  270.14  279.54  289.24  299.25  309.63  307.43  308.93  311.65  313.80  315.99  309.33  302.41  296.99  291.32  289.09  284.96  281.29  276.94  272.73  268.55  264.51  269.37  276.93  282.09  276.44  274.94  275.49  280.50  281.60  277.67  272.85  267.79  262.79  259.75  259.47  263.32  261.14  256.31  247.80  243.68  237.63  232.77  227.79  221.98 
222.78  230.85  239.07  247.53  256.24  265.21  274.43  283.91  293.64  303.64  302.41  301.35  305.18  307.71  311.44  311.46  304.67  299.70  293.74  287.60  284.71  281.40  276.78  273.01  268.84  264.72  264.68  270.67  277.26  275.24  273.31  268.74  272.48  279.27  278.69  272.78  269.38  264.79  259.90  255.25  255.04  254.62  257.09  256.88  251.54  244.77  239.97  234.98  228.90  223.57 
225.95  234.13  242.45  251.04  259.88  269.00  278.41  288.13  299.29  297.04  300.96  300.34  299.92  302.99  306.32  305.81  299.49  293.62  290.66  284.70  280.34  274.93  272.79  268.72  264.95  260.47  266.45  272.49  271.96  269.18  267.20  265.01  270.87  276.48  274.47  271.00  265.09  261.36  256.94  252.24  248.17  249.23  249.59  253.13  253.23  247.34  242.40  235.87  230.59  225.28 
228.66  236.88  245.25  253.87  262.74  271.87  281.26  291.26  292.44  292.80  298.47  299.06  293.96  298.39  300.05  301.69  295.08  288.71  285.18  281.11  276.01  271.96  267.08  264.09  260.70  262.59  269.78  269.33  267.06  263.88  261.35  262.63  266.24  272.52  270.98  269.01  263.39  257.55  253.60  249.29  244.81  242.47  245.19  245.13  248.43  251.21  242.97  237.69  232.55  225.66 
231.14  239.40  247.80  256.45  265.35  274.53  283.54  287.14  289.63  289.51  293.15  296.83  292.03  293.58  295.60  294.36  290.70  286.28  280.59  276.84  272.78  268.02  262.18  257.61  257.46  264.46  265.63  262.18  264.30  259.25  256.18  258.17  261.58  266.82  264.54  267.90  263.93  255.96  250.17  246.06  241.85  237.74  238.18  240.92  243.36  244.89  246.47  239.99  232.72  225.93 
233.67  241.95  250.37  259.06  267.97  277.20  278.99  283.06  286.67  284.61  290.09  293.84  290.59  287.72  286.92  288.26  283.96  281.91  277.76  272.57  268.72  264.69  256.70  253.76  258.29  257.74  256.92  257.13  259.18  256.05  251.75  253.79  257.00  259.23  259.82  261.51  261.18  257.98  249.63  243.74  238.82  234.64  233.67  235.99  237.51  238.34  241.25  239.86  232.79  227.80 
236.63  244.89  253.24  262.31  272.14  272.02  274.66  277.58  281.02  280.91  285.93  288.85  284.88  280.94  280.40  282.89  278.17  275.73  273.46  269.49  264.70  259.19  253.04  251.75  252.38  253.77  250.43  251.51  254.67  251.25  248.31  249.14  252.22  252.90  254.05  258.32  255.95  255.15  251.50  243.21  236.67  231.77  228.82  230.34  231.40  233.83  235.05  236.50  235.31  227.31 
240.72  249.33  258.13  265.84  266.26  266.64  269.34  271.25  275.61  276.15  282.23  279.05  278.13  275.91  274.62  276.98  272.55  270.05  267.68  265.26  261.46  256.80  251.44  246.05  247.92  247.37  246.00  247.08  251.21  246.88  243.81  244.66  247.46  250.13  250.42  252.53  250.34  250.07  250.40  244.08  236.13  229.86  225.03  224.57  226.67  228.00  229.23  230.16  233.07  227.83 
244.36  253.32  261.24  261.09  259.29  261.35  263.37  265.91  268.75  273.84  276.50  274.39  271.95  270.52  270.35  271.90  267.69  264.50  262.13  259.80  257.29  253.62  249.10  243.84  244.53  244.52  241.69  243.98  249.46  243.71  239.65  240.07  243.61  246.54  245.06  247.35  246.01  243.01  243.77  242.83  237.04  230.08  223.46  219.74  221.11  222.31  223.39  225.65  225.17  225.32 
245.87  252.75  254.78  253.76  253.64  255.70  258.42  262.65  266.31  272.44  269.28  267.19  265.39  264.24  266.00  264.99  263.50  259.88  256.80  254.41  252.11  249.55  245.99  241.59  237.23  237.24  236.91  241.36  246.55  241.00  236.50  236.25  239.08  241.13  239.92  241.73  240.69  237.44  237.42  238.16  237.18  230.30  224.47  217.37  215.57  216.72  218.54  218.46  218.74  218.35 
244.25  243.70  246.04  246.99  248.22  251.01  255.58  262.07  264.99  264.74  262.91  261.28  258.47  259.84  264.56  260.17  256.67  255.44  252.22  249.28  246.89  244.59  242.01  238.55  234.36  230.59  233.76  237.06  242.35  238.80  233.85  231.82  233.80  234.99  234.61  236.95  234.23  233.21  232.02  232.16  233.91  231.67  223.91  218.70  211.73  211.70  211.85  212.04  211.87  211.96 
236.65  238.51  239.69  241.04  243.90  249.35  255.84  257.61  257.00  257.14  256.77  255.16  253.03  256.04  260.99  256.22  252.50  249.32  247.68  244.74  241.92  239.55  237.27  234.68  231.31  227.35  230.06  234.57  237.95  234.87  231.47  227.12  228.08  230.53  229.68  230.79  229.02  227.29  226.19  226.57  226.49  226.78  225.82  218.20  212.14  206.01  205.53  205.43  205.53  205.36 
231.23  232.56  234.04  236.99  242.82  250.45  252.28  249.59  249.88  249.47  249.49  249.03  248.32  252.56  257.31  251.49  248.54  245.05  242.08  240.19  237.44  234.74  232.39  230.12  227.54  224.27  226.81  231.43  234.35  230.54  227.74  224.38  223.75  227.71  226.31  227.25  223.29  222.05  220.49  219.65  219.49  220.27  223.13  218.93  211.71  205.65  200.29  199.32  199.15  199.12 
225.53  227.21  230.28  236.33  244.45  246.91  244.05  244.42  242.46  242.41  242.10  242.03  245.96  250.78  248.79  248.96  244.24  241.11  237.79  234.97  232.92  230.32  227.73  225.41  223.15  220.59  224.22  226.80  228.54  226.71  223.64  220.79  220.18  223.79  223.71  223.44  220.13  216.79  215.31  214.34  214.00  214.29  215.66  217.88  212.10  205.33  199.40  194.58  193.30  192.96 
220.46  223.68  229.43  236.99  243.70  240.57  239.36  237.10  236.91  235.40  235.28  239.04  246.21  244.29  243.00  241.59  241.05  237.07  233.89  230.72  228.00  225.86  223.37  220.88  218.60  217.30  219.83  221.37  220.83  221.36  219.69  216.10  218.07  221.53  220.95  218.10  216.00  213.36  210.38  208.83  208.59  208.33  210.17  210.12  210.51  205.41  199.07  193.35  188.93  187.37 
217.12  222.68  229.69  235.66  236.14  234.91  233.41  232.08  230.20  229.69  232.17  238.21  239.91  237.85  236.96  235.73  234.47  233.47  230.00  226.86  223.81  221.18  219.00  216.60  214.20  213.02  214.44  214.24  214.56  214.24  214.42  211.89  213.64  215.49  214.82  214.00  211.52  209.36  206.80  204.09  202.59  203.56  204.20  205.62  205.07  203.73  198.91  192.95  187.97  183.34 
215.98  222.57  227.97  228.97  228.69  228.89  227.81  226.41  225.04  225.51  230.56  232.45  231.88  232.42  230.82  229.83  228.65  227.45  226.19  223.07  220.02  217.08  214.52  212.33  210.00  207.79  207.76  207.95  207.77  207.95  207.75  208.12  211.30  211.00  209.08  208.27  207.28  205.06  202.90  200.43  197.93  197.98  199.13  199.11  201.63  201.90  198.28  194.23  187.46  182.12 
215.56  220.60  221.93  221.85  222.01  221.84  221.85  220.89  219.57  223.24  225.21  225.02  225.35  225.02  225.21  223.91  222.89  221.75  220.58  219.15  216.29  213.34  210.51  208.02  205.82  203.58  201.66  201.44  201.55  201.47  202.00  204.47  204.61  204.78  204.36  202.77  201.88  200.79  198.74  196.61  194.22  192.87  193.20  195.18  195.78  197.09  194.50  191.56  187.82  181.64 
213.41  215.05  215.15  215.25  215.16  215.25  215.13  215.02  216.27  218.17  218.27  218.48  218.28  218.48  218.26  218.24  217.15  216.12  215.02  213.86  212.33  209.67  206.83  204.10  201.67  199.49  197.34  195.62  195.34  195.95  197.92  198.31  198.45  198.35  198.43  197.94  196.58  195.64  194.48  192.57  190.48  188.30  188.97  189.75  190.76  190.25  190.62  188.38  185.48  181.60 
208.21  208.52  208.60  208.55  208.60  208.55  208.60  209.65  211.27  211.57  211.73  211.61  211.73  211.61  211.72  211.57  211.42  210.46  209.46  208.38  207.21  205.64  203.14  200.41  197.78  195.41  193.26  191.20  189.93  191.55  192.08  192.22  192.16  192.23  192.16  192.16  191.64  190.45  189.48  188.28  186.48  184.46  183.77  184.59  184.35  184.65  184.34  184.33  182.32  179.44 
