#Value Function.
57.0589 57.1214 57.6929 57.8921 56.7665 53.6822 53.3977 54.0218 55.3864 55.8910 57.9002 60.0837 62.2099 64.1696 65.8822 67.4400 68.9819 70.5727 72.3626 73.3186 74.1697 74.9062 75.4743 75.9134 76.2545 76.5160 76.7314 76.8641 76.9460 77.0168 77.0348 77.0651 77.0931 77.2528 77.7096 77.3489 76.5337 75.9328 75.2396 74.3821 73.2911 71.1872 69.0284 67.0389 66.5246 65.1851 64.7471 65.3155 65.0678 65.0407
57.0858 58.2606 58.9599 59.2971 58.2633 54.4889 54.4784 55.1262 56.7196 56.8744 59.0538 61.2180 63.2600 65.0952 66.7109 68.2560 69.8107 71.5032 73.5668 74.4923 75.3803 76.1374 76.7053 77.1414 77.4783 77.7318 77.9484 78.0709 78.1336 78.1890 78.1829 78.1974 78.1495 78.1206 78.1092 77.9088 77.5082 76.9998 76.3295 75.4981 74.5277 72.3139 70.1628 68.0133 67.8481 66.2645 65.8134 66.6469 66.2492 65.0601
57.3765 58.5819 59.3233 60.0690 60.5457 59.6900 54.9466 55.5268 56.0466 58.0011 60.1659 62.2331 64.1326 65.8160 67.4238 68.9926 70.6827 72.4921 73.5201 74.5198 75.5151 76.4420 77.2146 77.7776 78.2102 78.5422 78.7815 78.9986 79.0999 79.1312 79.1600 79.1013 79.0145 78.9210 78.7054 78.3879 77.9326 77.2894 76.4643 75.4837 74.5109 73.3820 71.2834 69.1214 67.1853 66.6589 67.8734 67.3694 66.4752 65.2473
57.7194 58.9324 59.6344 60.3808 61.1654 61.7905 61.2836 55.1540 56.9680 59.0998 61.1664 63.0826 64.8056 66.4776 68.0631 69.7421 71.4555 72.5304 73.4946 74.5153 75.5531 76.5749 77.5175 78.2990 78.8484 79.2730 79.5918 79.8076 79.9854 80.0385 80.0023 79.9360 79.8457 79.6350 79.3279 78.9041 78.2822 77.4512 76.4695 75.4547 74.4657 73.4623 72.2301 70.2164 68.0910 69.1716 68.4816 67.5449 66.5535 65.3339
58.0630 59.2847 59.9901 60.6850 61.4335 62.2461 63.0082 63.1323 58.0348 60.0936 62.0115 63.7551 65.4433 67.0640 68.7286 70.3730 71.5073 72.4719 73.4764 74.5069 75.5571 76.6080 77.6427 78.5953 79.3830 79.9088 80.3105 80.5769 80.7443 80.8129 80.8003 80.7518 80.5840 80.3080 79.9058 79.2834 78.4741 77.4823 76.4315 75.4337 74.4190 73.4240 72.3894 71.0858 70.4795 69.5735 68.6097 67.6145 66.5943 65.3779
58.3464 59.5691 60.3517 61.0471 61.7339 62.4815 63.3109 64.1558 64.9327 65.3453 62.7013 64.3923 66.0299 67.7325 69.7323 70.5933 71.5086 72.4663 73.4714 74.5062 75.5559 76.6117 77.6674 78.7109 79.6710 80.4643 80.9457 81.3000 81.4640 81.5044 81.4996 81.4458 81.2528 80.9103 80.3052 79.5038 78.5097 77.4640 76.4394 75.3929 74.3846 73.4360 72.5049 71.5772 70.6383 69.6710 68.6752 67.6540 66.6157 65.4006
58.5598 59.7792 60.6350 61.4192 62.0990 62.7702 63.5171 64.3562 65.2178 66.0375 66.8303 67.6138 68.4111 69.1842 69.9606 70.7654 71.6266 72.5436 73.5091 74.5195 75.5589 76.6117 77.6693 78.7250 79.7731 80.7315 81.5095 81.8889 82.1385 82.1798 82.2012 82.1252 81.8849 81.3194 80.5414 79.5367 78.4956 77.4677 76.4319 75.4350 74.4831 73.5573 72.6335 71.6988 70.7318 69.7359 68.7137 67.6745 66.6252 65.4110
58.7238 59.9482 60.8400 61.6893 62.4676 63.1067 63.7716 64.5134 65.3875 66.2559 67.0680 67.8591 68.6557 69.4543 70.2325 71.0063 71.8093 72.6708 73.5888 74.5579 75.5725 76.6149 77.6685 78.7263 79.7795 80.8325 81.7798 82.5363 82.7763 82.9159 82.8846 82.7893 82.2944 81.5703 80.5599 79.5262 78.4962 77.4730 76.4784 75.5311 74.6103 73.6900 72.7596 71.7925 70.7968 69.7733 68.7332 67.6833 66.6290 65.4152
58.8001 60.0151 61.0070 61.8789 62.6634 63.3974 64.0172 64.7357 65.4967 66.3744 67.2329 68.0453 68.8686 69.6866 70.5008 71.2871 72.0566 72.8577 73.7198 74.6386 75.6090 76.6260 77.6706 78.7245 79.7805 80.8262 81.8719 82.8105 83.5344 83.6422 83.6978 83.2393 82.5971 81.5835 80.5599 79.5222 78.5150 77.5215 76.5803 75.6643 74.7466 73.8210 72.8532 71.8577 70.8329 69.7919 68.7412 67.6866 66.6299 65.4165
58.8264 60.0360 61.0544 61.9881 62.8001 63.5022 64.1677 64.8400 65.6036 66.4190 67.2651 68.1397 68.9873 69.8499 70.7232 71.5580 72.3451 73.1086 73.9056 74.7665 75.6862 76.6573 77.6769 78.7261 79.7738 80.8219 81.8655 82.9090 83.7911 84.3952 84.0702 83.6265 82.5959 81.5974 80.5527 79.5585 78.5646 77.6284 76.7185 75.8029 74.8828 73.9134 72.9187 71.8923 70.8506 69.7991 68.7443 67.6874 66.6302 65.4168
58.8398 60.0440 61.0733 62.0307 62.8292 63.4960 64.1667 64.8418 65.6005 66.4241 67.2733 68.1196 69.0211 69.9331 70.8644 71.7762 72.6179 73.4018 74.1543 74.9447 75.8073 76.7278 77.6991 78.7252 79.7683 80.8148 81.8742 82.8995 83.8944 84.5124 84.3923 83.5421 82.6351 81.5819 80.6015 79.6025 78.6715 77.7712 76.8567 75.9457 74.9731 73.9801 72.9515 71.9093 70.8570 69.8020 68.7448 67.6877 66.6302 65.4169
58.8251 60.0359 61.0536 61.9810 62.7376 63.4656 64.0933 64.8085 65.5714 66.4174 67.2510 68.1140 68.9820 69.9703 70.9459 71.9134 72.8376 73.6724 74.4448 75.1889 75.9617 76.8289 77.7497 78.7344 79.7673 80.8172 81.8481 82.8744 83.6985 83.9078 83.9819 83.4567 82.5802 81.6321 80.6214 79.7070 78.8131 77.9049 77.0076 76.0307 75.0421 74.0103 72.9680 71.9147 70.8597 69.8021 68.7451 67.6876 66.6303 65.4169
58.7894 60.0004 60.9611 61.8245 62.6135 63.2645 63.9738 64.6377 65.4863 66.3246 67.1730 68.0167 68.9640 69.9584 70.9830 71.9909 72.9645 73.8895 74.7064 75.4554 76.1636 76.9321 77.8059 78.7553 79.7729 80.7926 81.7909 82.5961 82.9031 83.0586 83.0217 82.9620 82.4360 81.6016 80.6948 79.8300 78.9325 78.0600 77.0829 76.1019 75.0681 74.0268 72.9722 71.9174 70.8594 69.8026 68.7449 67.6877 66.6302 65.4169
58.7319 59.8991 60.7828 61.5938 62.3001 63.0017 63.6874 64.4879 65.3106 66.1713 67.0222 67.9603 68.9317 69.9399 70.9895 72.0325 73.0332 73.9980 74.8807 75.6552 76.3508 77.0521 77.8707 78.7842 79.7564 80.7140 81.4837 81.8283 81.9889 81.9998 82.0347 82.0230 81.9763 81.5121 80.7544 79.8871 79.0653 78.1141 77.1514 76.1205 75.0847 74.0296 72.9753 71.9166 70.8601 69.8022 68.7451 67.6876 66.6303 65.4169
58.9812 60.2005 61.0089 61.7739 62.4858 63.1364 63.7502 64.3612 65.1296 65.9912 66.9220 67.8925 68.8941 69.9385 70.9876 72.0349 73.0645 74.0453 74.9458 75.7198 76.4380 77.1295 77.8831 78.7634 79.6565 80.3847 80.7516 80.9171 80.9509 80.9897 81.0125 81.0618 81.1309 81.1277 80.7007 79.9494 79.0721 78.1759 77.1627 76.1395 75.0837 74.0328 72.9737 71.9176 70.8595 69.8026 68.7449 67.6877 66.6302 65.4169
59.1801 60.3982 61.2612 62.0615 62.8185 63.5212 64.1696 64.7770 65.3784 66.0980 66.9307 67.8668 68.8840 69.9341 70.9871 72.0358 73.0629 74.0479 74.9414 75.7273 76.4255 77.1504 77.9102 78.6799 79.3278 79.6856 79.8506 79.8967 79.9373 79.9758 80.0520 80.1684 80.2596 80.3310 80.3024 79.8884 79.1084 78.1542 77.1755 76.1318 75.0883 74.0300 72.9753 71.9166 70.8601 69.8022 68.7451 67.6876 66.6303 65.4169
59.3239 60.5377 61.4578 62.3117 63.1101 63.8544 64.5590 65.2052 65.8206 66.4060 67.1301 67.9663 68.9077 69.9361 70.9876 72.0348 73.0638 74.0391 74.8904 75.6947 76.4140 77.1151 77.7550 78.3043 78.6317 78.7885 78.8419 78.8823 78.9287 79.0089 79.1370 79.2697 79.4098 79.4865 79.5341 79.4708 78.9777 78.1296 77.1573 76.1388 75.0836 74.0327 72.9737 71.9176 70.8595 69.8026 68.7449 67.6877 66.6302 65.4169
59.4256 60.6347 61.5860 62.5004 63.3376 64.1142 64.8596 65.5668 66.2288 66.8467 67.4019 68.1373 68.9770 69.9434 70.9851 72.0195 73.0186 73.9115 74.7943 75.5710 76.2603 76.8385 77.3238 77.5977 77.7353 77.7919 77.8292 77.8771 77.9605 78.0903 78.2420 78.3940 78.5285 78.6107 78.6203 78.6511 78.5078 77.9484 77.0990 76.1130 75.0832 74.0278 72.9746 71.9166 70.8600 69.8022 68.7451 67.6876 66.6303 65.4169
59.4988 60.7038 61.6722 62.5867 63.4797 64.2753 65.0536 65.7960 66.5132 67.1884 67.7516 68.2966 69.0497 69.9574 70.9640 71.9609 72.8829 73.7745 74.5808 75.3002 75.8750 76.3120 76.5689 76.6954 76.7415 76.7790 76.8255 76.9089 77.0374 77.1943 77.3566 77.5042 77.6071 77.6492 77.6995 77.6811 77.6595 77.4574 76.8774 76.0345 75.0553 74.0234 72.9704 71.9167 70.8593 69.8025 68.7449 67.6877 66.6302 65.4169
59.5262 60.7171 61.7309 62.6444 63.5199 64.3276 65.1239 65.8898 66.6704 67.2863 67.8932 68.4794 69.1143 69.9679 70.9081 71.8274 72.7167 73.5301 74.2556 74.8468 75.2779 75.5246 75.6556 75.6923 75.7289 75.7759 75.8576 75.9838 76.1418 76.3076 76.4623 76.5878 76.6472 76.7033 76.7094 76.7203 76.6914 76.6282 76.3849 75.8049 74.9640 73.9935 72.9631 71.9126 70.8589 69.8019 68.7451 67.6876 66.6303 65.4169
59.5327 60.7269 61.7146 62.6718 63.5342 64.3293 65.1148 65.9052 66.6446 67.3295 67.8912 68.4740 69.1232 69.9105 70.7780 71.6513 72.4673 73.1903 73.7791 74.2150 74.4691 74.5970 74.6441 74.6789 74.7261 74.8062 74.9305 75.0889 75.2562 75.4168 75.5574 75.6393 75.7103 75.7433 75.7573 75.7508 75.7498 75.6972 75.5983 75.3113 74.7286 73.8928 72.9278 71.9025 70.8545 69.8011 68.7445 67.6876 66.6302 65.4168
59.4953 60.6951 61.6977 62.6406 63.4855 64.3008 65.0632 65.7842 66.5704 67.2011 67.8361 68.3859 68.9830 69.7509 70.5978 71.3983 72.1171 72.7054 73.1391 73.4025 73.5361 73.5888 73.6265 73.6742 73.7548 73.8771 74.0329 74.2024 74.3718 74.5251 74.6286 74.7355 74.7986 74.8383 74.8352 74.8391 74.8324 74.8015 74.7006 74.5652 74.2410 73.6472 72.8212 71.8621 70.8417 69.7961 68.7432 67.6871 66.6302 65.4167
59.4480 60.6586 61.6321 62.5137 63.3635 64.1630 64.8568 65.6147 66.2728 66.9305 67.5520 68.0718 68.7647 69.5460 70.3327 71.0429 71.6284 72.0614 72.3302 72.4707 72.5311 72.5713 72.6216 72.7025 72.8237 72.9775 73.1486 73.3204 73.4849 73.6173 73.7387 73.8539 73.9453 73.9746 73.9770 73.9746 73.9498 73.9119 73.8250 73.7012 73.5195 73.1664 72.5647 71.7460 70.7958 69.7805 68.7375 67.6853 66.6295 65.4159
59.3610 60.5782 61.4780 62.3561 63.1539 63.8871 64.6019 65.2645 65.9222 66.5338 67.1038 67.7486 68.5005 69.2679 69.9693 70.5516 70.9839 71.2574 71.4041 71.4717 71.5155 71.5682 71.6501 71.7702 71.9221 72.0917 72.2665 72.4331 72.5826 72.7310 72.8848 73.0241 73.1132 73.1436 73.1590 73.1604 73.1384 73.0625 72.9650 72.8492 72.6847 72.4651 72.0873 71.4834 70.6712 69.7291 68.7189 67.6786 66.6274 65.4130
59.2091 60.4249 61.3028 62.1112 62.8504 63.5729 64.2279 64.8805 65.4881 66.0649 66.7182 67.4520 68.2088 68.9009 69.4797 69.9115 70.1892 70.3421 70.4163 70.4636 70.5147 70.5975 70.7167 70.8668 71.0350 71.2096 71.3812 71.5450 71.7125 71.8986 72.0838 72.2251 72.3116 72.3525 72.3580 72.3565 72.3432 72.2751 72.1448 71.9946 71.8343 71.6435 71.3976 71.0063 70.4000 69.5963 68.6621 67.6571 66.6195 65.4034
59.0184 60.2395 61.0506 61.7975 62.5156 63.1819 63.8250 64.4357 65.0260 65.6769 66.4012 67.1470 67.8332 68.4082 68.8396 69.1213 69.2801 69.3605 69.4117 69.4659 69.5491 69.6670 69.8115 69.9784 70.1529 70.3264 70.4977 70.6811 70.8881 71.1071 71.2968 71.4329 71.5232 71.5556 71.5564 71.5559 71.5407 71.4799 71.3528 71.1737 70.9839 70.7963 70.5879 70.3270 69.9232 69.3175 68.5214 67.5948 66.5949 65.3750
58.7651 59.9861 60.7373 61.4546 62.1243 62.7687 63.3840 63.9833 64.6334 65.3503 66.0864 66.7704 67.3417 67.7729 68.0582 68.2226 68.3090 68.3641 68.4209 68.5005 68.6175 68.7613 68.9265 69.1006 69.2719 69.4478 69.6443 69.8619 70.1001 70.3221 70.4989 70.6304 70.7121 70.7299 70.7439 70.7414 70.7207 70.6499 70.5306 70.3751 70.1622 69.9495 69.7450 69.5283 69.2533 68.8413 68.2360 67.4466 66.5272 65.3010
58.4569 59.6755 60.3917 61.0643 61.7092 62.3312 62.9377 63.5888 64.2993 65.0307 65.7080 66.2803 66.7116 67.0044 67.1743 67.2663 67.3250 67.3802 67.4609 67.5725 67.7155 67.8787 68.0477 68.2212 68.4020 68.5994 68.8336 69.0916 69.3372 69.5473 69.6970 69.8146 69.8694 69.8989 69.8868 69.8841 69.8517 69.7968 69.6754 69.5313 69.3442 69.1196 68.8977 68.6869 68.4643 68.1798 67.7604 67.1553 66.3720 65.1385
58.1109 59.3293 60.0039 60.6504 61.2786 61.8920 62.5445 63.2532 63.9756 64.6511 65.2238 65.6598 65.9555 66.1351 66.2325 66.2948 66.3529 66.4301 66.5411 66.6782 66.8356 67.0040 67.1736 67.3529 67.5565 67.7980 68.0658 68.3355 68.5659 68.7480 68.8721 68.9592 69.0005 68.9957 68.9892 68.9712 68.9604 68.9036 68.7971 68.6601 68.4914 68.2904 68.0659 67.8420 67.6284 67.3998 67.1065 66.6804 66.0753 64.8371
57.7280 58.9439 59.5927 60.2268 60.8478 61.5021 62.2096 62.9275 63.6002 64.1731 64.6131 64.9159 65.1004 65.2076 65.2737 65.3345 65.4128 65.5187 65.6545 65.8063 65.9691 66.1355 66.3131 66.5161 66.7616 67.0360 67.3218 67.5741 67.7731 67.9086 68.0099 68.0562 68.0530 68.0550 68.0356 68.0186 67.9985 67.9602 67.8852 67.7582 67.6130 67.4345 67.2305 67.0083 66.7857 66.5695 66.3350 66.0333 65.6011 64.3644
57.3234 58.5362 59.1768 59.8058 60.4656 61.1720 61.8871 62.5546 63.1300 63.5723 63.8813 64.0715 64.1921 64.2706 64.3341 64.4134 64.5185 64.6445 64.7946 64.9482 65.1110 65.2859 65.4859 65.7241 65.9979 66.2918 66.5587 66.7800 66.9270 67.0367 67.0908 67.0996 67.0843 67.0707 67.0533 67.0267 67.0053 66.9704 66.9196 66.8356 66.7026 66.5550 66.3742 66.1707 65.9506 65.7290 65.5101 65.2698 64.9604 63.7305
56.9147 58.1233 58.7675 59.4347 60.1474 60.8593 61.5195 62.0979 62.5364 62.8504 63.0535 63.1858 63.2766 63.3517 63.4321 63.5365 63.6617 63.8014 63.9546 64.1088 64.2762 64.4687 64.6977 64.9654 65.2493 65.5190 65.7513 65.9249 66.0443 66.1075 66.1225 66.1150 66.1030 66.0783 66.0477 66.0201 65.9910 65.9605 65.9185 65.8620 65.7756 65.6433 65.4937 65.3138 65.1111 64.8928 64.6719 64.4504 64.2044 62.9824
56.5214 57.7250 58.4038 59.1237 59.8497 60.5135 61.0827 61.5190 61.8404 62.0489 62.1903 62.2923 62.3788 62.4733 62.5772 62.7015 62.8395 62.9784 63.1259 63.2928 63.4694 63.6893 63.9451 64.2176 64.4816 64.7090 64.8913 65.0173 65.1028 65.1172 65.1154 65.1095 65.0947 65.0725 65.0360 65.0005 64.9704 64.9372 64.9052 64.8627 64.8015 64.7127 64.5834 64.4326 64.2535 64.0517 63.8349 63.6144 63.3902 62.1737
56.1657 57.3671 58.0968 58.8403 59.5203 60.0979 60.5359 60.8582 61.0607 61.2032 61.3201 61.4204 61.5237 61.6407 61.7640 61.9005 62.0390 62.1744 62.3311 62.4981 62.7077 62.9510 63.2032 63.4556 63.6732 63.8490 63.9728 64.0675 64.0927 64.0926 64.0901 64.0877 64.0758 64.0490 64.0216 63.9832 63.9472 63.9131 63.8800 63.8467 63.8031 63.7407 63.6504 63.5230 63.3717 63.1931 62.9923 62.7769 62.5565 61.3423
55.8621 57.0627 57.8197 58.5222 59.1139 59.5620 59.8888 60.0942 60.2301 60.3536 60.4650 60.5885 60.7120 60.8372 60.9845 61.1225 61.2591 61.4017 61.5625 61.7562 61.9752 62.2160 62.4471 62.6544 62.8171 62.9357 63.0199 63.0494 63.0527 63.0528 63.0484 63.0457 63.0376 63.0214 62.9926 62.9639 62.9261 62.8901 62.8559 62.8226 62.7881 62.7435 62.6800 62.5885 62.4625 62.3109 62.1329 61.9329 61.7187 60.5043
55.5609 56.7712 57.4858 58.1007 58.5802 58.9212 59.1403 59.2793 59.4002 59.5163 59.6539 59.7854 59.9246 60.0773 60.2244 60.3618 60.5050 60.6581 60.8403 61.0366 61.2590 61.4662 61.6539 61.8067 61.9091 61.9831 62.0072 62.0063 62.0042 62.0042 61.9997 61.9955 61.9905 61.9803 61.9633 61.9352 61.9055 61.8688 61.8329 61.7986 61.7651 61.7296 61.6838 61.6192 61.5268 61.4017 61.2502 61.0727 60.8736 59.6582
55.2148 56.4318 57.0607 57.5606 57.9344 58.1677 58.3198 58.4475 58.5606 58.7125 58.8624 59.0212 59.1798 59.3349 59.4782 59.6220 59.7764 59.9510 60.1308 60.3379 60.5216 60.6848 60.8148 60.9094 60.9636 60.9778 60.9711 60.9650 60.9594 60.9530 60.9518 60.9437 60.9389 60.9326 60.9221 60.9046 60.8775 60.8473 60.8114 60.7757 60.7414 60.7075 60.6711 60.6242 60.5585 60.4654 60.3409 60.1895 60.0125 58.7962
54.7771 55.9987 56.5087 56.9036 57.1624 57.3310 57.4776 57.6047 57.7627 57.9326 58.1088 58.2830 58.4463 58.6032 58.7482 58.9033 59.0754 59.2475 59.4356 59.6088 59.7477 59.8547 59.9266 59.9630 59.9617 59.9424 59.9423 59.9283 59.9174 59.9070 59.9008 59.8942 59.8867 59.8814 59.8748 59.8639 59.8461 59.8196 59.7892 59.7540 59.7185 59.6841 59.6499 59.6125 59.5646 59.4978 59.4041 59.2801 59.1288 57.9121
54.2278 55.4501 55.8510 56.1289 56.3199 56.4814 56.6316 56.8008 56.9890 57.1831 57.3779 57.5583 57.7270 57.8765 58.0363 58.2065 58.3792 58.5563 58.7133 58.8351 58.9312 58.9802 58.9942 58.9756 58.9618 58.9409 58.9155 58.9030 58.8814 58.8653 58.8548 58.8440 58.8368 58.8295 58.8239 58.8169 58.8057 58.7876 58.7617 58.7312 58.6965 58.6612 58.6267 58.5921 58.5539 58.5049 58.4371 58.3430 58.2192 57.0022
53.5679 54.7897 55.0783 55.2868 55.4626 55.6303 55.8174 56.0203 56.2350 56.4501 56.6523 56.8398 57.0069 57.1734 57.3383 57.5076 57.6889 57.8358 57.9470 58.0250 58.0569 58.0501 58.0236 58.0091 57.9753 57.9424 57.9116 57.8789 57.8550 57.8297 57.8132 57.7980 57.7871 57.7795 57.7724 57.7664 57.7590 57.7475 57.7293 57.7037 57.6733 57.6390 57.6039 57.5693 57.5343 57.4953 57.4453 57.3765 57.2819 56.0649
52.8053 54.0220 54.2417 54.4299 54.6109 54.8117 55.0322 55.2635 55.4993 55.7238 55.9348 56.1244 56.3140 56.4931 56.6623 56.8346 56.9837 57.0795 57.1395 57.1522 57.1172 57.1170 57.0885 57.0430 57.0067 56.9566 56.9138 56.8734 56.8328 56.8028 56.7780 56.7566 56.7412 56.7301 56.7222 56.7151 56.7089 56.7012 56.6893 56.6710 56.6457 56.6154 56.5815 56.5466 56.5119 56.4765 56.4366 56.3857 56.3159 55.0996
51.9794 53.1906 53.3871 53.5803 53.7910 54.0246 54.2731 54.5245 54.7634 54.9968 55.2152 55.4321 55.6361 55.8333 56.0284 56.1735 56.2642 56.2965 56.2724 56.2446 56.2224 56.1710 56.1417 56.0950 56.0342 55.9815 55.9238 55.8716 55.8258 55.7817 55.7507 55.7216 55.7000 55.6844 55.6732 55.6650 55.6579 55.6513 55.6433 55.6311 55.6127 55.5876 55.5575 55.5239 55.4892 55.4545 55.4186 55.3779 55.3260 54.1107
51.1279 52.3348 52.5355 52.7558 52.9976 53.2548 53.5228 53.7809 54.0363 54.2799 54.5132 54.7605 55.0158 55.2409 55.4235 55.5122 55.5310 55.4568 55.4404 55.3752 55.3141 55.2690 55.2005 55.1487 55.0837 55.0112 54.9476 54.8818 54.8247 54.7738 54.7304 54.6942 54.6652 54.6434 54.6276 54.6162 54.6078 54.6006 54.5938 54.5854 54.5730 54.5545 54.5296 54.4997 54.4664 54.4318 54.3970 54.3607 54.3192 53.1049
50.2816 51.4858 51.7113 51.9614 52.2265 52.4979 52.7709 53.0436 53.3068 53.5692 53.8429 54.1463 54.4318 54.6536 54.8025 54.8228 54.7843 54.7290 54.5980 54.5352 54.4347 54.3581 54.2850 54.2017 54.1288 54.0539 53.9741 53.9004 53.8346 53.7732 53.7220 53.6745 53.6378 53.6087 53.5868 53.5708 53.5592 53.5506 53.5433 53.5363 53.5276 53.5149 53.4963 53.4716 53.4419 53.4088 53.3744 53.3394 53.3027 52.0892
49.4581 50.6620 50.9156 51.1847 51.4645 51.7460 52.0239 52.3064 52.5882 52.8784 53.2107 53.5358 53.8216 54.0392 54.1096 54.0933 54.0900 54.0043 53.8678 53.6855 53.5811 53.4578 53.3667 53.2743 53.1791 53.0993 53.0153 52.9276 52.8491 52.7825 52.7176 52.6652 52.6184 52.5814 52.5523 52.5302 52.5140 52.5022 52.4934 52.4859 52.4787 52.4697 52.4568 52.4382 52.4135 52.3840 52.3512 52.3169 52.2818 51.0688
48.6592 49.8646 50.1337 50.4176 50.7076 50.9951 51.2828 51.5800 51.8911 52.2313 52.5759 52.9109 53.1887 53.3280 53.3557 53.3740 53.3231 53.2782 53.1221 52.9320 52.7296 52.5912 52.4601 52.3482 52.2452 52.1468 52.0564 51.9672 51.8763 51.7978 51.7260 51.6617 51.6086 51.5622 51.5251 51.4958 51.4736 51.4572 51.4452 51.4362 51.4286 51.4211 51.4119 51.3987 51.3800 51.3555 51.3262 51.2936 51.2594 50.0467
47.8736 49.0826 49.3660 49.6597 49.9526 50.2501 50.5531 50.8748 51.2222 51.5841 51.9290 52.2281 52.4255 52.4960 52.5531 52.5665 52.5495 52.4378 52.3385 52.1515 51.9428 51.7356 51.5741 51.4377 51.3160 51.2074 51.1006 51.0045 50.9143 50.8249 50.7419 50.6696 50.6057 50.5522 50.5060 50.4687 50.4393 50.4170 50.4004 50.3883 50.3790 50.3713 50.3636 50.3541 50.3407 50.3219 50.2975 50.2684 50.2360 49.0246
47.1126 48.3143 48.6069 48.9010 49.2033 49.5129 49.8438 50.1946 50.5619 50.9138 51.2184 51.4345 51.5394 51.6327 51.6594 51.6757 51.6590 51.6011 51.4729 51.3446 51.1408 50.9231 50.7159 50.5440 50.4012 50.2705 50.1596 50.0495 49.9525 49.8576 49.7683 49.6858 49.6133 49.5496 49.4958 49.4497 49.4123 49.3829 49.3603 49.3436 49.3313 49.3219 49.3139 49.3060 49.2962 49.2827 49.2639 49.2396 49.2106 48.0110
46.4263 47.5503 47.8493 48.1521 48.4673 48.7986 49.1535 49.5253 49.8777 50.1824 50.4044 50.5345 50.6380 50.6814 50.7056 50.7102 50.7056 50.6680 50.5981 50.4652 50.3166 50.1134 49.8905 49.6814 49.5045 49.3553 49.2207 49.1072 48.9942 48.8956 48.8009 48.7117 48.6296 48.5571 48.4935 48.4394 48.3934 48.3560 48.3264 48.3037 48.2868 48.2743 48.2647 48.2566 48.2484 48.2384 48.2246 48.2058 48.1815 47.0875
46.3507 46.3734 46.6419 46.9465 47.2629 47.5991 47.9539 48.3262 48.6837 48.9895 49.2157 49.3557 49.4632 49.5159 49.5501 49.5622 49.5484 49.5008 49.4227 49.2860 49.1285 48.9241 48.7004 48.4887 48.3063 48.1509 48.0160 47.8998 47.7839 47.6838 47.5891 47.5002 47.4184 47.3458 47.2823 47.2280 47.1821 47.1445 47.1148 47.0920 47.0749 47.0622 47.0523 47.0440 47.0356 47.0253 47.0114 46.9930 46.9731 46.9817
