#Value_Function_Estimate.
0.00    0.00    0.00    0.00    0.00    0.00    0.00    0.00    0.00    0.00    0.00    0.00    0.00    0.00    0.00    0.00    0.00    0.00    0.00    0.00    0.00    0.00    0.00    0.00    0.00    0.00    0.00    0.00    0.00    0.00    0.00    0.00    0.00    0.00    0.00    0.00    0.00    0.00    0.00    0.00    0.00    0.00    0.00    0.00    0.00    0.00    0.00    0.44    0.00    0.00   
0.00    0.00    0.00    0.00    0.00    0.00    0.00    0.00    0.00    0.00    0.00    0.00    0.00    0.00    0.00    0.00    0.00    0.00    0.00    0.00    0.00    0.00    0.00    0.00    0.00    0.00    0.00    0.00    0.02    0.66    0.02    0.00    0.00    0.00    0.00    0.00    0.00    0.00    0.00    0.00    0.00    0.00    0.00    0.00    0.00    0.00    0.04    0.62    0.05    0.00   
0.00    0.00    0.00    0.00    0.00    0.00    0.00    0.00    0.00    0.00    0.00    0.00    0.00    0.00    0.00    0.01    0.27    0.74    0.00    0.00    0.00    0.00    0.00    0.00    0.00    0.00    0.00    0.01    0.25    0.14    0.72    0.00    0.00    0.00    0.00    0.00    0.00    0.00    0.00    0.00    0.00    0.00    0.00    0.00    0.00    0.01    0.24    0.13    0.00    0.00   
0.00    0.00    0.00    0.00    0.00    0.00    0.00    0.00    0.00    0.00    0.00    0.00    0.00    0.00    0.00    0.11    0.54    0.04    0.00    0.00    0.00    0.00    0.00    0.00    0.00    0.00    0.01    0.40    0.04    0.19    0.03    0.00    0.00    0.00    0.00    0.00    0.00    0.00    0.00    0.00    0.00    0.00    0.00    0.00    0.01    0.40    0.03    0.04    0.00    0.00   
0.00    0.00    0.00    0.00    0.00    0.00    0.00    0.00    0.00    0.74    0.26    0.01    0.00    0.00    0.02    0.44    0.08    0.96    0.00    0.00    0.00    0.00    0.00    0.00    0.00    0.01    0.45    0.02    0.40    0.02    0.01    0.27    0.74    0.00    0.00    0.00    0.01    0.27    0.74    0.27    0.73    0.00    0.00    0.01    0.43    0.01    0.00    0.00    0.00    0.00   
0.00    0.00    0.00    0.00    0.00    0.00    0.00    0.00    0.00    0.04    0.27    0.41    0.01    0.00    0.42    0.27    0.63    0.06    0.00    0.00    0.00    0.00    0.00    0.00    0.00    0.21    0.52    0.15    0.26    0.27    0.70    0.30    0.76    0.00    0.01    0.25    0.43    0.28    0.45    0.27    0.04    0.00    0.01    0.45    0.04    0.72    0.00    0.00    0.00    0.00   
0.00    0.00    0.00    0.00    0.00    0.00    0.00    0.00    0.00    0.97    0.06    0.03    0.45    0.25    0.37    0.53    0.02    0.00    0.00    0.00    0.00    0.00    0.00    0.01    0.28    0.21    0.08    0.68    0.41    0.26    0.09    0.53    0.03    0.01    0.40    0.17    0.05    0.43    0.03    0.00    0.00    0.01    0.23    1.53    0.66    0.03    0.00    0.00    0.00    0.00   
0.00    0.00    0.00    0.00    0.00    0.00    0.00    0.00    0.00    0.06    0.62    0.26    0.02    0.17    0.64    0.13    0.00    0.00    0.00    0.03    0.72    0.00    0.01    0.41    0.06    0.03    0.77    0.74    0.03    0.01    0.17    0.26    0.01    0.68    0.96    0.28    0.45    0.01    0.00    0.00    0.01    0.59    0.39    0.53    0.25    0.00    0.00    0.00    0.00    0.00   
0.00    0.00    0.00    0.00    0.00    0.00    0.00    0.00    0.00    0.00    0.02    0.17    0.40    0.03    0.54    0.63    0.01    0.00    0.01    0.51    0.03    0.01    0.43    0.05    0.73    0.56    0.54    0.06    0.34    0.10    0.92    0.02    0.82    0.68    0.22    0.18    0.01    0.00    0.00    0.01    0.79    0.10    0.39    0.07    0.00    0.00    0.00    0.00    0.00    0.00   
0.00    0.00    0.00    0.00    0.00    0.00    0.00    0.74    0.04    0.00    0.00    0.00    0.03    0.42    0.59    0.93    0.15    0.01    0.43    0.01    0.01    0.43    0.03    0.74    0.48    0.69    0.02    0.15    0.63    1.61    0.40    0.89    0.73    0.16    0.43    0.01    0.00    0.00    0.49    0.87    0.04    0.44    0.02    0.00    0.01    0.27    0.74    0.00    0.00    0.00   
0.00    0.00    0.00    0.00    0.00    0.00    0.00    0.27    0.27    0.00    0.00    0.00    0.00    0.01    0.55    0.69    0.11    0.43    0.01    0.01    0.65    0.27    0.80    0.50    0.85    0.77    0.06    0.98    1.26    0.61    0.89    0.95    0.23    0.40    0.32    0.49    0.08    0.18    0.32    0.03    0.16    0.26    0.00    0.01    0.43    0.27    0.04    0.00    0.00    0.00   
0.00    0.00    0.00    0.00    0.00    0.00    0.72    0.04    0.41    0.05    0.00    0.00    0.00    0.00    0.95    0.97    0.59    0.01    0.01    0.80    0.20    0.65    0.18    0.44    0.64    0.06    1.08    1.56    1.19    0.09    0.14    0.06    0.00    0.00    0.02    0.41    0.84    0.91    0.06    0.36    0.07    0.00    0.00    0.15    0.29    0.00    0.00    0.00    0.00    0.00   
0.00    0.00    0.00    0.00    0.00    0.00    0.03    0.51    0.01    0.25    1.38    0.08    0.00    0.01    1.08    1.37    0.06    0.01    0.45    0.03    0.17    0.27    0.45    0.46    0.01    0.65    1.36    0.69    0.27    1.20    0.00    0.00    0.00    0.00    0.00    0.11    0.12    0.01    0.44    0.01    0.00    0.00    0.06    0.68    0.01    0.00    0.00    0.00    0.00    0.00   
0.00    0.00    0.00    0.00    0.00    0.00    0.00    0.01    0.43    0.01    0.16    1.02    0.03    0.24    1.14    0.61    0.18    0.17    0.25    0.03    0.40    0.18    0.67    0.02    0.37    1.41    0.53    0.68    0.01    0.00    0.00    0.00    0.00    0.00    0.00    0.00    0.00    0.16    0.49    0.53    0.72    0.26    0.52    0.03    0.00    0.00    0.00    0.00    0.00    0.00   
0.00    0.00    0.00    0.00    0.00    0.00    0.00    0.00    0.01    0.43    0.01    0.28    0.56    1.20    1.13    0.90    0.40    0.06    0.01    0.43    0.28    0.83    0.68    0.92    1.66    0.84    1.42    0.03    0.00    0.00    0.00    0.00    0.00    0.00    0.00    0.00    0.03    0.44    0.22    0.89    0.90    0.17    0.02    0.00    0.00    0.00    0.00    0.00    0.00    0.00   
0.00    0.00    0.00    0.00    0.00    0.00    0.00    0.00    0.00    0.01    0.42    0.40    0.87    1.31    1.08    1.18    0.01    0.01    0.44    0.41    0.59    0.22    1.04    1.41    0.92    0.68    0.29    0.00    0.00    0.00    0.00    0.00    0.00    0.00    0.03    1.13    0.74    1.04    1.51    0.74    0.08    0.79    0.26    0.91    0.30    0.01    0.23    0.40    0.01    0.00   
0.00    0.00    0.00    0.00    0.00    0.00    0.00    0.00    0.01    0.09    0.29    0.90    1.93    0.92    0.88    0.07    0.01    0.44    0.47    0.74    0.34    1.16    1.35    0.05    0.12    0.02    0.00    0.00    0.00    0.00    0.00    0.00    0.00    0.00    0.29    1.52    0.55    1.29    0.42    0.27    0.50    0.42    0.43    0.22    0.12    0.10    0.09    0.04    0.28    0.00   
0.00    0.00    0.00    0.00    0.00    0.00    0.00    0.00    0.23    0.64    1.04    1.37    1.13    0.27    0.27    0.01    0.44    0.45    0.74    0.73    1.19    1.06    0.04    0.00    0.00    0.00    0.00    0.00    0.00    0.00    0.00    0.00    0.03    0.08    1.48    0.84    1.18    0.37    0.16    0.04    0.03    0.72    0.01    0.00    0.00    0.32    0.01    0.14    0.62    0.44   
0.00    0.00    0.00    0.73    0.27    0.01    0.00    0.01    0.74    1.64    1.04    0.71    0.33    0.41    0.01    0.44    0.44    0.42    0.61    0.69    0.25    0.26    0.00    0.00    0.00    0.00    0.00    0.00    0.00    0.00    0.04    0.09    0.65    2.40    1.32    1.12    0.24    0.07    0.27    0.04    0.00    0.00    0.00    0.00    0.00    0.00    0.00    0.00    0.05    0.00   
0.00    0.00    0.00    0.04    0.27    0.41    0.25    0.49    1.38    0.78    0.75    0.77    0.67    0.01    0.47    0.72    0.46    0.47    0.45    0.04    0.40    0.01    0.00    0.00    0.00    0.00    0.00    0.00    0.00    0.05    0.54    0.64    2.22    0.97    0.98    0.45    0.40    0.00    0.26    0.74    0.00    0.00    0.00    0.00    0.00    0.00    0.00    0.00    0.00    0.00   
0.00    0.00    0.00    0.00    0.00    0.12    0.63    0.95    0.86    0.76    0.29    0.52    0.26    0.48    0.79    0.19    0.68    0.44    0.02    0.43    0.01    0.00    0.00    0.00    0.00    0.00    0.00    0.00    0.02    0.57    1.52    2.22    0.65    0.43    0.01    0.01    0.47    0.42    0.01    0.00    0.00    0.00    0.00    0.00    0.00    0.00    0.00    0.00    0.00    0.00   
0.00    0.00    0.00    0.72    0.03    0.55    1.83    1.11    0.60    1.09    0.10    0.72    0.44    0.51    0.53    0.72    1.36    0.01    0.43    0.01    0.00    0.00    0.00    0.00    0.00    0.00    0.00    0.03    1.19    1.78    1.79    1.01    0.90    0.59    0.44    0.01    0.03    0.43    0.32    0.01    0.00    0.00    0.00    0.00    0.00    0.00    0.00    0.00    0.00    0.00   
0.00    0.00    0.00    0.03    0.52    1.01    0.64    0.24    0.77    0.29    0.53    0.47    0.10    0.70    0.70    0.78    0.07    0.46    0.73    0.00    0.02    0.16    0.01    0.00    0.00    0.00    0.24    1.08    2.27    1.48    1.29    0.25    0.06    1.05    0.11    0.51    0.04    0.18    0.39    0.11    0.01    0.00    0.00    0.00    0.00    0.00    0.00    0.00    0.00    0.00   
0.00    0.00    0.00    0.00    0.24    1.31    0.81    0.97    0.53    0.35    0.70    0.07    0.45    0.27    0.67    0.10    0.03    0.52    0.43    0.68    1.36    1.45    0.79    0.11    0.16    0.14    1.50    2.90    1.33    0.40    0.07    0.77    0.45    0.02    0.59    0.44    0.68    0.03    0.54    0.50    0.26    0.00    0.00    0.00    0.00    0.00    0.00    0.00    0.00    0.00   
0.00    0.00    0.71    0.03    0.30    1.86    2.51    0.93    1.45    1.78    1.07    1.12    0.92    0.77    0.57    0.52    1.02    0.39    1.14    1.49    1.07    0.77    2.30    0.57    1.60    1.72    2.70    1.81    0.61    0.52    0.43    0.03    0.01    0.43    0.04    0.85    0.71    0.37    0.04    0.83    0.46    0.01    0.00    0.00    0.00    0.00    0.00    0.00    0.00    0.00   
0.00    0.00    0.03    0.49    0.50    2.93    1.80    1.79    1.87    0.65    0.94    2.03    1.00    1.01    0.61    0.61    0.92    0.87    1.06    0.08    0.03    0.05    0.98    1.90    1.59    1.61    1.84    0.23    0.01    0.18    0.68    0.42    0.27    0.05    0.43    0.03    0.80    1.25    0.28    0.01    0.26    0.45    0.01    0.00    0.00    0.00    0.00    0.00    0.00    0.00   
0.00    0.00    0.00    0.01    0.06    1.10    0.90    0.23    0.44    0.44    0.06    0.10    0.81    0.02    0.40    0.23    0.79    0.08    0.01    0.00    0.00    0.00    0.09    0.46    0.51    1.31    0.15    0.02    0.00    0.02    0.54    0.47    0.27    0.74    0.43    0.44    0.04    0.76    0.72    0.01    0.00    0.01    0.43    0.02    0.00    0.00    0.00    0.00    0.00    0.00   
0.00    0.00    0.00    0.00    0.01    1.16    0.90    0.22    0.18    0.62    0.52    0.05    0.18    0.66    0.02    0.23    0.30    1.19    0.03    0.00    0.00    0.00    0.00    0.17    0.27    0.63    0.82    0.08    0.00    0.00    0.03    0.72    0.83    0.01    0.03    0.40    0.44    0.01    0.03    0.41    0.01    0.00    0.01    0.39    0.08    0.01    0.00    0.00    0.00    0.00   
0.00    0.00    0.00    0.01    0.38    0.27    1.56    0.91    0.23    0.30    0.87    0.69    0.21    0.29    0.50    0.03    0.00    0.03    0.71    0.00    0.00    0.00    0.00    0.01    0.45    0.07    1.00    0.54    0.29    0.00    0.00    0.00    0.01    0.83    0.02    0.18    0.24    0.44    0.02    0.27    0.27    0.00    0.00    0.01    0.22    0.25    0.03    0.00    0.00    0.00   
0.00    0.00    0.02    0.14    0.03    0.00    0.29    1.38    0.77    0.01    0.18    0.70    0.47    0.59    0.05    0.72    0.00    0.00    0.00    0.00    0.00    0.00    0.00    0.00    0.01    0.43    0.01    0.17    0.66    0.17    0.04    0.00    0.00    0.02    0.78    0.21    0.33    0.01    0.51    0.07    0.74    0.00    0.00    0.00    0.00    0.04    0.72    0.00    0.00    0.00   
0.00    0.00    0.51    0.21    0.00    0.00    0.36    0.75    1.60    0.36    0.05    0.89    0.45    0.77    0.89    0.02    0.00    0.00    0.00    0.00    0.00    0.00    0.00    0.00    0.00    0.01    0.43    0.02    0.46    0.26    0.42    0.17    0.01    0.00    0.03    0.58    0.63    0.04    0.04    0.72    0.00    0.00    0.00    0.00    0.00    0.00    0.00    0.00    0.00    0.00   
0.00    0.01    0.44    0.02    0.00    0.01    0.40    0.27    0.95    0.94    0.59    0.30    0.83    0.45    1.15    0.83    0.04    0.00    0.00    0.00    0.00    0.00    0.00    0.00    0.00    0.00    0.01    0.43    0.01    0.43    0.01    0.25    0.45    0.01    0.00    0.16    0.70    0.43    0.03    0.00    0.00    0.00    0.00    0.00    0.00    0.00    0.00    0.00    0.00    0.00   
0.00    0.28    0.05    0.01    0.00    0.22    0.20    0.18    0.97    0.54    1.10    1.00    0.63    0.13    0.46    0.40    0.65    0.15    0.00    0.00    0.00    0.00    0.01    0.00    0.00    0.00    0.00    0.01    0.44    0.02    0.42    0.01    0.01    0.43    0.01    0.01    0.46    0.47    0.41    0.18    0.07    0.00    0.00    0.00    0.00    0.00    0.00    0.00    0.00    0.00   
0.00    0.66    0.15    0.00    0.00    0.28    0.70    0.25    0.65    0.84    0.35    1.49    0.67    0.49    0.02    0.46    0.45    0.22    0.15    0.02    0.00    0.00    0.08    0.34    0.01    0.00    0.00    0.00    0.01    0.50    0.04    0.37    0.07    0.01    0.41    0.01    0.00    0.37    0.52    0.28    0.38    0.03    0.00    0.00    0.00    0.00    0.00    0.00    0.00    0.00   
0.00    0.02    0.00    0.00    0.01    0.95    0.21    0.00    1.08    0.62    0.03    0.18    0.68    1.26    0.48    0.02    0.50    0.49    0.26    0.64    0.17    0.01    0.03    0.13    0.50    0.03    0.00    0.00    0.00    0.03    0.72    0.01    0.17    0.26    0.03    0.41    0.10    0.09    0.26    0.75    0.01    0.49    0.03    0.00    0.00    0.00    0.00    0.00    0.00    0.00   
0.00    0.00    0.00    0.01    0.44    0.46    0.01    0.09    1.35    1.55    0.13    0.02    0.47    0.27    0.84    0.53    0.04    0.69    0.89    0.58    0.25    0.45    0.02    0.44    0.43    0.55    0.00    0.00    0.00    0.00    0.00    0.00    0.02    0.71    0.46    0.03    0.32    0.38    0.30    0.67    0.01    0.23    0.48    0.00    0.00    0.00    0.00    0.00    0.00    0.00   
0.00    0.00    0.04    0.43    0.51    0.01    0.00    0.00    0.97    1.08    1.23    0.26    0.23    0.47    0.77    1.48    0.01    0.01    0.29    1.54    0.04    0.01    0.45    0.45    0.44    0.44    0.03    0.00    0.00    0.00    0.00    0.00    0.00    0.14    0.55    0.71    0.00    0.08    0.16    0.07    0.18    0.37    0.29    0.00    0.00    0.00    0.00    0.00    0.00    0.00   
0.00    0.02    0.24    0.67    0.06    0.00    0.00    0.00    0.57    0.60    0.03    1.07    0.54    0.46    0.45    0.54    0.86    0.01    0.00    0.04    1.08    0.02    0.01    0.59    0.44    0.25    0.42    0.01    0.00    0.00    0.00    0.00    0.00    0.00    0.00    0.00    0.00    0.00    0.29    0.43    0.23    0.29    0.94    0.04    0.00    0.00    0.00    0.00    0.00    0.00   
0.00    0.67    0.36    0.21    0.00    0.00    0.00    0.00    0.42    0.75    0.44    0.02    0.83    0.03    0.45    0.46    0.71    0.95    0.02    0.00    0.03    0.87    0.04    0.02    1.22    0.60    0.05    0.40    0.01    0.00    0.00    0.00    0.00    0.00    0.00    0.00    0.00    0.00    0.00    0.37    0.29    0.00    0.06    1.06    0.01    0.00    0.00    0.00    0.00    0.00   
0.00    0.02    0.42    0.04    0.00    0.00    0.00    0.10    0.50    0.21    0.43    0.43    0.02    0.84    0.11    0.45    0.50    0.75    0.97    0.02    0.00    0.11    0.93    0.00    0.03    1.19    0.87    0.18    0.25    0.00    0.00    0.00    0.00    0.00    0.00    0.15    0.25    0.00    0.00    0.07    0.98    0.00    0.00    0.18    0.68    0.01    0.00    0.00    0.00    0.00   
0.00    0.23    0.19    0.00    0.00    0.00    0.00    0.03    0.91    0.39    0.01    0.01    0.43    0.05    0.87    0.27    0.41    0.70    1.03    0.76    0.03    0.01    0.24    0.04    0.00    0.14    1.69    0.85    0.45    0.01    0.00    0.00    0.00    0.00    0.06    0.24    0.64    0.01    0.00    0.00    0.00    0.00    0.00    0.02    0.54    0.54    0.03    0.00    0.00    0.00   
0.00    0.29    0.29    0.00    0.00    0.00    0.00    0.15    0.53    0.37    0.00    0.00    0.01    0.40    0.19    0.94    0.08    0.16    0.52    1.27    0.74    0.00    0.03    0.72    0.00    0.01    0.29    1.66    0.85    0.28    0.00    0.00    0.00    0.01    0.13    0.08    0.01    0.50    0.06    0.00    0.00    0.00    0.00    0.00    0.03    0.75    0.71    0.00    0.00    0.00   
0.00    0.73    0.04    0.00    0.00    0.00    0.00    0.01    0.54    0.68    0.05    0.00    0.00    0.01    0.25    0.49    1.10    0.02    0.45    0.03    1.20    0.05    0.00    0.00    0.00    0.00    0.00    0.03    1.61    0.79    0.02    0.00    0.01    0.11    1.00    0.01    0.01    0.03    0.68    0.17    0.01    0.00    0.00    0.00    0.00    0.00    0.00    0.00    0.00    0.00   
0.00    0.00    0.00    0.00    0.00    0.00    0.00    0.00    0.16    0.55    0.29    0.00    0.00    0.00    0.00    0.01    0.44    0.44    0.01    0.43    0.04    1.33    0.07    0.00    0.00    0.00    0.00    0.00    0.10    1.28    0.63    0.98    0.82    1.79    1.54    0.39    0.86    0.04    0.01    0.26    0.45    0.01    0.00    0.00    0.00    0.00    0.00    0.00    0.00    0.00   
0.00    0.00    0.00    0.00    0.00    0.00    0.00    0.41    0.32    0.05    0.80    0.03    0.00    0.00    0.00    0.00    0.01    0.52    0.44    0.01    0.44    0.18    1.65    0.01    0.00    0.00    0.00    0.00    0.02    0.41    1.21    1.07    1.41    2.15    0.75    0.44    0.05    1.10    0.01    0.00    0.03    0.41    0.01    0.00    0.00    0.00    0.00    0.00    0.00    0.00   
0.00    0.00    0.00    0.00    0.00    0.00    0.00    0.44    0.28    0.01    0.03    0.72    0.00    0.00    0.00    0.00    0.00    0.03    0.75    0.43    0.03    0.45    0.35    0.23    0.00    0.00    0.00    0.00    0.00    0.01    0.10    0.11    0.29    0.14    0.03    0.01    0.00    0.01    0.43    0.03    0.01    0.27    0.27    0.00    0.00    0.00    0.00    0.00    0.00    0.00   
0.00    0.00    0.00    0.00    0.00    0.00    0.00    0.03    0.46    0.04    0.03    0.00    0.00    0.00    0.00    0.00    0.00    0.00    0.00    0.01    0.43    0.05    0.54    0.38    0.07    0.00    0.00    0.00    0.00    0.00    0.00    0.00    0.00    0.00    0.00    0.00    0.00    0.00    0.01    0.41    0.27    0.08    0.74    0.00    0.00    0.00    0.00    0.00    0.00    0.00   
0.00    0.00    0.00    0.00    0.00    0.00    0.00    0.72    0.03    0.23    0.12    0.00    0.00    0.00    0.00    0.00    0.00    0.00    0.00    0.00    0.01    0.37    0.04    0.77    0.97    0.00    0.00    0.00    0.00    0.00    0.00    0.00    0.00    0.00    0.00    0.00    0.00    0.00    0.00    0.01    0.27    0.74    0.00    0.00    0.00    0.00    0.00    0.00    0.00    0.00   
0.00    0.00    0.00    0.00    0.00    0.00    0.00    0.00    0.02    0.56    0.55    0.02    0.00    0.00    0.00    0.00    0.00    0.00    0.00    0.00    0.02    0.67    0.02    0.00    0.00    0.00    0.00    0.00    0.00    0.00    0.00    0.00    0.00    0.00    0.00    0.00    0.00    0.00    0.00    0.00    0.00    0.00    0.00    0.00    0.00    0.00    0.00    0.00    0.00    0.00   
0.00    0.00    0.00    0.00    0.00    0.00    0.00    0.00    0.00    0.44    0.00    0.00    0.00    0.00    0.00    0.00    0.00    0.00    0.00    0.00    0.00    0.00    0.00    0.00    0.00    0.00    0.00    0.00    0.00    0.00    0.00    0.00    0.00    0.00    0.00    0.00    0.00    0.00    0.00    0.00    0.00    0.00    0.00    0.00    0.00    0.00    0.00    0.00    0.00    0.00   
