#Value Function.
44.0833 44.2601 44.5847 44.7359 44.8184 44.8176 44.7842 44.7552 44.5418 43.7567 42.1311 40.6537 40.1543 40.4640 41.1479 41.9196 42.6701 43.3655 43.8050 43.9396 43.9810 43.9777 43.9857 44.2544 44.3558 44.2781 44.4089 44.4662 44.4253 44.4929 44.5990 44.7164 44.7867 44.8142 44.8146 44.8099 44.7956 44.7788 44.7463 44.7043 44.6311 44.5862 44.5045 44.0077 43.3750 42.6938 42.0237 41.4488 41.0566 40.8963
42.8189 45.2389 45.3233 45.3969 45.4338 45.4201 45.3896 45.4156 45.2046 44.3092 42.5007 41.0850 40.8260 41.3134 42.0722 42.8580 43.6017 44.2841 44.6610 44.7260 44.7514 44.7386 44.7504 45.0817 45.1340 45.0166 45.2045 45.2351 45.1726 45.2695 45.3777 45.4932 45.5475 45.5615 45.5520 45.5426 45.5219 45.5052 45.4598 45.4169 45.3359 45.3078 45.2152 44.6202 43.9683 43.2815 42.6192 42.0717 41.7267 41.0310
43.3150 45.9086 45.9619 46.0188 46.0415 46.0288 46.0167 46.0015 46.0962 45.9523 45.0261 42.9911 41.5907 41.5076 42.0936 42.8883 43.6769 44.4174 45.1212 45.4595 45.4649 45.4992 45.5157 45.9198 45.6971 45.9803 45.9858 45.9840 45.9864 45.8805 46.0171 46.1132 46.2375 46.2709 46.2783 46.2603 46.2444 46.2125 46.2396 46.1307 46.1069 46.0072 45.3332 44.6869 43.9950 43.3250 42.7579 42.4681 42.0887 41.3557
43.9356 46.5720 46.6366 46.6718 46.6899 46.6856 46.6710 46.6599 46.6633 46.8530 46.7473 45.7719 43.4283 42.0946 42.2187 42.8854 43.7097 44.4956 45.2276 45.9662 46.2519 46.2547 46.2862 46.3149 46.7427 46.7705 46.7198 46.7267 46.7237 46.3975 46.6413 46.7534 46.8331 46.9728 46.9827 46.9731 46.9432 46.9323 46.8793 46.9152 46.7791 46.1240 45.3829 44.6874 44.0186 43.4181 43.1990 42.8683 42.1489 41.4163
44.5423 47.2114 47.3142 47.3633 47.3823 47.3821 47.3780 47.3654 47.0627 47.4352 47.6339 47.5618 46.5403 43.7864 42.6088 42.9652 43.6841 44.5340 45.3116 46.0326 46.8239 47.0267 47.0018 47.0995 47.4554 47.3955 47.4542 47.4615 47.4423 47.3893 47.0310 47.4214 47.4672 47.5421 47.6918 47.6650 47.6519 47.6064 47.5936 47.5126 46.8861 46.1721 45.4844 44.7530 44.0425 43.9172 43.6413 42.9396 42.1812 41.4567
45.0820 47.7835 47.9753 48.0532 48.0890 48.1064 48.1026 48.0995 48.0896 47.6895 48.2599 48.4086 48.3950 47.3423 44.0271 43.1584 43.7477 44.4811 45.3631 46.1236 46.8254 47.6999 47.7645 47.8979 48.0157 48.1223 48.1668 48.1673 48.1227 48.1065 48.1431 47.6042 48.2404 48.2821 48.3546 48.3618 48.3137 48.3040 48.2322 47.6254 46.9341 46.2780 45.5690 44.8650 44.6174 44.4034 43.7273 42.9774 42.2444 41.5232
45.4941 48.2139 48.5711 48.7366 48.7953 48.8281 48.8443 48.8360 48.8348 48.1818 48.4219 49.1155 49.1600 49.2508 48.1953 44.0926 43.7884 44.5754 45.3651 46.1770 46.9278 47.7149 48.5690 48.6499 48.7568 48.8243 48.8718 48.8312 48.8022 48.2805 48.9255 48.9129 48.4159 49.0242 49.0198 49.0042 48.9927 48.9291 48.3376 47.6706 47.0403 46.3596 45.6854 45.2516 45.1471 44.4937 43.7649 43.0555 42.3015 41.5886
45.7855 48.5038 49.0173 49.3596 49.4958 49.5398 49.5720 49.5875 49.5729 49.5780 48.7489 49.1792 50.0057 50.0498 50.0969 49.1364 43.8947 44.6655 45.4070 46.1782 46.9803 47.8350 48.6139 49.3920 49.4511 49.5232 49.5109 49.4980 49.4743 49.5499 49.5714 49.6271 49.6361 49.6830 49.6592 49.6499 49.6057 49.0558 48.3835 47.7688 47.3029 46.5094 45.7944 45.8705 45.2510 44.5341 43.8508 43.1168 42.3814 41.6760
46.0968 48.8006 49.2887 49.8267 50.1479 50.2528 50.2844 50.3185 50.3332 50.3187 50.3238 49.2550 50.0730 50.8927 50.8841 50.9327 50.2248 44.7513 45.5591 46.5789 48.8118 49.3108 48.6880 49.4487 50.1912 50.1768 50.1828 50.1646 50.1720 50.1967 50.2420 50.2424 50.2901 50.2633 50.3080 50.2342 49.8742 49.1211 48.5006 47.8414 47.6636 46.7911 46.5881 45.9962 45.2983 44.6339 43.9129 43.1987 42.4521 41.8574
46.6745 49.3928 49.5217 50.0850 50.6418 50.9343 51.0051 51.0277 51.0666 51.0791 51.0642 51.0719 50.2468 51.5570 51.6488 51.6454 51.7520 51.3905 49.0617 47.9746 49.0188 49.5688 50.1747 49.6182 50.8620 50.8525 50.8386 50.8472 50.8846 50.8326 50.9164 50.8900 50.8640 50.9036 50.8384 50.4836 49.7827 49.4182 48.6347 48.2958 47.7672 47.2335 46.6595 46.0357 45.4113 44.7158 44.0174 43.2848 43.3417 42.6522
47.5694 50.3880 50.0637 50.2456 50.8956 51.4612 51.7171 51.7517 51.7696 51.8162 51.8241 51.8187 52.0447 52.1985 52.3070 52.4033 52.4817 52.5165 52.2828 49.3275 48.9653 49.8120 50.2793 51.0371 51.3814 51.5525 51.5028 51.5685 51.4751 51.4474 51.4823 51.5757 51.4945 51.4421 51.0650 50.4636 49.9933 49.4315 48.9035 48.3365 47.8077 47.2464 46.6862 46.1053 45.4769 44.8265 44.6453 44.1378 43.4719 42.7836
48.1638 51.0084 51.1944 50.6978 50.9799 51.7224 52.2831 52.4952 52.4916 52.5112 52.5682 52.5666 52.5672 52.8145 52.9522 53.0507 53.1415 53.2125 53.2553 53.2565 49.3258 50.8316 50.3442 50.8284 51.8458 52.0531 52.2409 52.1198 52.2422 52.0888 52.2335 52.0698 52.0622 51.6660 50.9737 50.5443 49.9621 49.4594 48.8990 48.3765 47.8239 47.3369 46.8306 46.3349 45.8435 45.3310 44.7995 44.2407 43.5723 42.8772
48.4805 51.3072 51.8297 52.0167 51.2783 51.7385 52.5651 53.1052 53.2676 53.2603 53.2806 53.3174 53.3044 53.3222 53.5869 53.6934 53.7838 53.8650 53.9204 53.9579 53.9569 53.7358 51.0395 51.1300 51.5445 52.6766 52.6775 52.9421 52.7010 52.9324 52.6516 52.7217 52.2473 51.7249 51.1109 50.4768 49.9914 49.4308 48.9273 48.3886 47.8884 47.3787 46.8823 46.4031 45.9077 45.4081 44.8935 44.2510 43.5921 42.8946
48.8367 51.6511 52.0804 52.6617 52.8641 51.7785 52.4324 53.4438 53.9201 54.0310 54.0513 54.0509 54.0607 54.1170 54.2185 54.3255 54.4241 54.5067 54.5739 54.6120 54.6348 54.6287 54.6342 51.0099 51.9011 52.2372 53.5615 53.2296 53.6810 53.1992 53.4501 52.8593 52.3314 51.6870 51.1367 50.5467 49.9413 49.4442 48.9158 48.4160 47.9058 47.3992 46.9147 46.4347 45.9505 45.4956 44.9089 44.2880 43.6171 42.9250
49.4729 52.3064 52.3647 52.8604 53.5037 53.7518 53.7674 53.2686 54.3391 54.7228 54.7823 54.7938 54.7895 54.7949 54.8529 54.9564 55.0556 55.1417 55.2086 55.2602 55.2780 55.2909 55.2785 54.9468 51.7262 52.7239 52.9408 54.5194 53.6641 54.2381 53.4631 52.9601 52.2792 51.7052 51.0954 50.5352 49.9687 49.4056 48.9165 48.4107 47.9168 47.4123 46.9303 46.4716 46.0123 45.4878 44.9398 44.3091 43.6425 42.9471
50.4186 53.3475 52.9748 53.0808 53.6477 54.3529 54.5242 54.5625 54.1024 55.2588 55.5049 55.5253 55.5366 55.5253 55.5239 55.5829 55.6875 55.7728 55.8446 55.8931 55.9300 55.9298 55.9385 55.8845 55.8921 55.7733 55.3818 55.6634 55.1380 54.0381 53.6263 52.8857 52.3131 51.6646 51.0795 50.4845 49.9307 49.3923 48.8730 48.3853 47.8980 47.4077 46.9315 46.4681 46.0044 45.5276 44.9649 44.3498 43.6723 42.9775
51.1207 54.0920 54.1313 53.6117 53.8068 54.4419 55.2230 55.2719 55.3641 54.9326 56.2141 56.2499 56.2678 56.2779 56.2680 56.2424 56.3059 56.4077 56.4742 56.5309 56.5597 56.5879 56.5694 56.5897 56.5141 56.5666 56.4351 55.8972 54.5284 54.3308 53.4974 52.9518 52.2651 51.6626 51.0296 50.4371 49.8639 49.3226 48.8190 48.3221 47.8378 47.3555 46.8919 46.4288 45.9729 45.4742 44.9509 44.3356 43.6856 42.9733
51.4855 54.4760 54.9106 54.9238 54.2035 54.5554 55.2379 56.1238 56.1732 56.2657 56.8930 56.9642 56.9940 57.0078 57.0145 57.0131 56.9450 57.0196 57.1149 57.1569 57.2004 57.2104 57.2369 57.1973 57.2361 57.1296 56.6100 55.5388 55.1163 54.0720 53.6150 52.8905 52.2838 51.6193 51.0051 50.3834 49.7944 49.2265 48.7053 48.2159 47.7317 47.2570 46.7672 46.3064 45.8574 45.3901 44.8401 44.2840 43.6552 42.9320
51.5164 54.5035 55.3305 55.7241 55.7336 54.7284 55.3489 56.1324 57.0258 57.0727 57.6102 57.6305 57.7179 57.7341 57.7435 57.7433 57.7479 57.6248 57.7251 57.8060 57.8285 57.8616 57.8461 57.8788 57.8059 57.3575 56.0293 55.8297 55.0015 54.4085 53.5240 52.9344 52.2426 51.6059 50.9516 50.3320 49.7189 49.1311 48.5760 48.0610 47.5754 47.0927 46.6221 46.1290 45.6684 45.2076 44.7151 44.1624 43.5776 42.8367
51.2976 54.2659 55.3736 56.1860 56.5285 56.5332 55.3977 56.2541 57.0637 57.9216 57.9667 58.4371 58.4274 58.4609 58.4717 58.4747 58.4661 58.4730 58.2819 58.4328 58.4843 58.4854 58.5070 58.4542 58.0865 56.7851 56.5614 55.5778 55.1224 54.3902 53.7181 52.9115 52.2540 51.5685 50.9157 50.2699 49.6499 49.0409 48.4583 47.9071 47.3915 46.9064 46.4218 45.9450 45.4579 44.9869 44.5056 43.9984 43.4436 42.6829
50.9501 53.8124 55.1528 56.2413 57.0445 57.3212 57.3279 57.3380 57.1560 57.9794 58.8131 59.1334 59.1884 59.1916 59.1975 59.2031 59.2044 59.1289 58.6622 59.0311 59.1333 59.1558 59.1146 58.7410 57.9555 57.3950 56.3583 55.8595 55.0264 54.4385 53.7376 53.0383 52.2591 51.5652 50.8812 50.2215 49.5778 48.9557 48.3554 47.7748 47.2232 46.7067 46.2122 45.7292 45.2436 44.7544 44.2689 43.7761 43.2593 42.4862
51.3269 54.2525 54.4717 56.0932 57.0937 57.9118 58.0970 58.0629 58.9569 58.0470 58.8516 59.6779 59.9117 59.9322 59.9288 59.9321 59.9316 59.9371 59.8755 59.2062 59.8307 59.8104 59.4329 58.5832 58.0779 57.3797 56.7268 55.8297 55.1969 54.4240 53.7756 53.0735 52.3540 51.5851 50.8741 50.1851 49.5275 48.8846 48.2664 47.6665 47.0859 46.5349 46.0056 45.5059 45.0120 44.5196 44.0212 43.5298 43.0307 42.2504
51.9006 54.9297 54.9846 55.0828 57.1178 57.9057 58.8018 58.8515 58.9446 59.9718 58.9163 59.7306 60.5492 60.6729 60.6704 60.6637 60.6673 60.6581 60.6649 60.6487 60.5485 60.1719 59.2519 58.7193 57.9928 57.4220 56.7504 56.0617 55.2579 54.5613 53.8154 53.2764 52.4310 51.6734 50.9012 50.1792 49.4900 48.8347 48.1973 47.5780 46.9780 46.3930 45.8310 45.2945 44.7813 44.2798 43.7764 43.2765 42.7810 41.9992
51.9152 54.8770 55.8449 55.8842 57.1416 58.0004 58.8080 59.7044 59.7539 59.9224 61.0115 59.8179 60.7108 61.4051 61.4144 61.4074 61.3963 61.3985 61.3823 61.2991 60.9630 59.9774 59.4174 58.6231 58.0272 57.3525 56.7505 56.1159 55.4369 54.6832 53.9645 53.2284 52.5773 51.7681 50.9849 50.2141 49.4898 48.8015 48.1476 47.5087 46.8883 46.2832 45.6896 45.1188 44.5681 44.0445 43.5342 43.0285 42.5240 41.7914
52.0537 55.0386 55.9697 56.7219 56.7653 58.0429 58.9106 59.7116 60.6067 61.2314 61.6816 61.9046 62.0442 62.1305 62.1430 62.1534 62.1367 62.1268 62.0582 61.7985 60.7394 60.1754 59.3328 59.7265 59.2932 57.6235 56.7569 56.1275 55.5040 54.8514 54.1192 53.3708 52.5993 51.8803 51.0821 50.2950 49.5307 48.8062 48.1175 47.4582 46.8179 46.1934 45.5798 44.9782 44.3966 43.8375 43.3040 44.2529 42.5900 42.1530
52.1456 55.1409 55.9460 56.7997 57.6088 58.3891 58.9486 59.8253 60.6861 61.4278 62.0449 62.4824 62.6635 62.7959 62.8729 62.8711 62.8710 62.8010 62.6640 61.5262 60.9893 60.0969 60.5935 60.0762 59.1304 58.4584 57.1093 56.2003 55.5306 54.9154 54.2584 53.5157 52.7271 51.9317 51.1744 50.3893 49.6084 48.8510 48.1269 47.4342 46.7699 46.1247 45.4913 44.8685 44.2548 43.6640 45.1407 45.2618 44.9085 44.1654
52.1386 55.1256 55.8815 56.7735 57.6232 58.4265 59.2261 59.9879 60.6673 61.5158 62.2461 62.8550 63.2742 63.3932 63.5112 63.5856 63.5308 63.4284 63.0900 61.9948 62.0307 61.5166 60.8336 60.1263 59.3492 58.4767 57.6968 56.5473 55.6322 54.9336 54.2940 53.6122 52.8420 52.0464 51.2440 50.4687 49.6906 48.9193 48.1681 47.4417 46.7451 46.0735 45.4172 44.7732 46.1618 46.1409 46.0905 45.7140 44.9817 44.2455
52.1166 55.0943 55.9660 56.7105 57.5996 58.4457 59.2389 60.0450 60.8068 61.6335 62.3114 63.0588 63.6441 64.0004 64.0020 64.1511 64.1262 63.8909 62.9070 62.8645 62.2832 61.5728 60.8644 60.1312 59.4017 58.6276 57.7947 56.9709 55.9456 55.0311 54.2912 53.6258 52.9098 52.1395 51.3413 50.5442 49.7656 48.9950 48.2301 50.1293 49.5648 48.5823 48.1503 46.9226 46.9221 46.8922 46.5020 45.8587 45.1085 44.3592
52.1572 55.1464 55.9482 56.7957 57.5383 58.4237 59.2656 60.0476 60.8655 61.6064 62.4635 63.0750 63.8121 64.3240 64.4608 64.5828 64.4495 64.1171 63.6612 63.0361 62.3071 61.6073 60.8716 60.1239 59.4053 58.6738 57.9095 57.0983 56.2635 55.2950 54.3886 53.6178 52.9139 52.1857 51.4208 50.6300 51.7246 51.7739 51.3085 50.3748 49.2019 48.8542 48.5764 47.4579 47.6974 47.2907 46.6191 45.8691 45.1310 44.4130
52.1616 55.1502 56.0029 56.7793 57.6223 58.3608 59.2446 60.0849 60.8518 61.6871 62.3866 63.2691 63.8756 64.3988 64.6555 64.5953 64.5371 64.2929 63.7506 63.0299 62.3515 61.6112 60.8828 60.1462 59.4118 58.6674 57.9420 57.1940 56.3978 55.5617 54.6285 53.7244 52.9290 52.1972 52.6724 52.6539 52.5906 52.1044 51.1625 49.7699 49.5556 49.3703 48.7052 48.5576 48.0812 47.3739 46.6270 45.8909 45.3889 44.6461
52.1394 55.1340 56.0058 56.8307 57.6027 58.4434 59.1814 60.0658 60.9062 61.6475 62.5112 63.2265 63.9636 64.4827 64.5376 64.6524 64.5908 64.2932 63.6990 63.0815 62.3424 61.6226 60.8874 60.1554 59.4041 58.6751 57.9543 57.2989 56.6873 56.2032 55.8352 55.3491 53.5954 53.4979 53.4729 53.3982 52.8986 52.0001 50.2698 50.2615 50.1755 49.5078 49.3513 48.8646 48.1229 47.3662 46.6431 46.1651 45.4676 44.7163
52.0310 54.9971 55.9742 56.8098 57.6528 58.4224 59.2622 60.0033 60.8886 61.7287 62.4909 63.2687 63.9481 64.3344 64.4965 64.5579 64.4509 64.2038 63.7028 63.0408 62.3607 61.6246 60.8750 60.1569 59.4146 58.6820 58.0028 57.3799 56.8694 56.5051 56.2422 54.5561 54.3656 54.3194 54.2123 53.6778 52.8550 51.0378 51.0366 50.9745 50.3096 50.1375 49.6379 48.9121 48.1521 47.6448 46.9507 46.2168 45.4844 44.7310
52.0607 55.0323 56.0117 56.7784 57.6276 58.3584 59.2450 60.1033 60.9415 61.7296 62.5223 63.2424 63.7677 64.1187 64.1845 64.3075 64.3021 63.9845 63.5722 63.0083 62.3324 61.6336 60.8981 60.1536 59.4123 58.7094 58.0544 57.5017 57.0741 56.8371 56.5399 55.3402 55.1880 55.0240 54.4332 53.7493 51.7828 51.7755 51.7360 51.0575 50.8816 50.3757 49.6937 49.1136 48.4204 47.7014 46.9597 46.2297 45.4854 44.7339
52.1744 55.1713 55.9539 56.8461 57.5743 58.4628 59.3204 60.1544 60.9532 61.7458 62.4844 63.0837 63.5116 63.8079 64.0732 64.0181 64.0336 63.8140 63.3800 62.8657 62.2733 61.6040 60.9004 60.1693 59.4352 58.7410 58.0827 57.5706 57.2835 57.0119 56.5084 56.2640 55.7816 55.1721 54.4691 53.7756 52.6502 52.4314 51.9896 51.5236 51.0089 50.4722 49.8402 49.1541 48.4447 47.6993 46.9764 46.2258 45.5008 44.7476
52.1802 55.1638 56.0433 56.8160 57.6792 58.5359 59.3672 60.1687 60.9551 61.6897 62.3183 62.8343 63.2832 63.6854 63.7748 63.7983 63.7456 63.5784 63.2106 62.7022 61.5458 61.4043 60.8380 60.1628 59.4541 58.7441 58.1578 57.6600 57.3308 57.0140 56.7348 56.2976 55.8196 55.1652 54.4767 53.7839 53.1181 52.5439 52.0376 51.5481 51.0617 50.5050 49.8628 49.1822 48.4332 47.7203 46.9790 46.2473 45.5033 44.7520
52.2159 55.2241 56.0475 56.8981 57.7507 58.5798 59.3810 60.1595 60.8866 61.5232 62.0804 62.6047 63.1006 63.3787 63.4688 63.4878 63.4720 63.2862 62.9641 62.5121 61.9065 60.9687 60.6031 60.0661 59.4240 58.7508 58.1198 57.6446 57.2991 57.0393 56.6448 56.3458 55.8058 55.1870 54.4205 53.7779 53.1321 52.5473 52.0446 51.5567 51.0521 50.4724 49.8805 49.1453 48.4627 47.7141 46.9922 46.2544 45.5196 44.7671
52.0654 55.2277 56.1144 56.9630 57.7922 58.5915 59.3622 60.0810 60.7200 61.2875 61.8281 62.3455 62.7240 62.9606 62.9844 63.0523 63.0080 62.8966 62.6100 62.2266 61.7483 61.1256 60.3163 59.8356 58.6807 58.5720 58.0816 57.1440 57.1172 56.9103 56.6468 55.4418 55.5823 55.0965 54.4703 53.7386 53.0978 52.5136 51.9743 51.5024 51.0161 50.4339 49.8218 49.1693 48.4386 47.6929 46.9836 46.2618 45.5278 44.7747
50.2556 55.0511 55.9356 57.0013 57.7982 58.5621 59.2738 59.9140 60.4873 61.0316 61.5437 61.9387 62.2274 62.3395 62.4461 62.4209 62.3989 62.3071 62.1483 61.8422 61.4519 60.9737 60.3579 59.6268 59.0204 58.1112 57.8238 57.3618 56.5204 56.5168 56.3472 55.9373 54.5066 54.6821 54.3118 53.7226 53.0471 52.4222 50.9198 51.1499 50.8268 50.3343 49.7447 49.1045 48.4335 47.6771 46.9650 46.2529 45.5318 44.7768
31.0782 31.2731 55.8685 56.6867 57.4442 58.1914 59.1093 59.6838 60.2267 60.7233 61.1167 61.4076 61.5576 61.6748 61.7075 61.7271 61.7119 61.6515 61.5230 61.3453 61.0507 59.9194 60.0364 59.5675 58.9067 58.2618 57.4861 57.1074 56.6542 55.6842 55.7593 55.5794 53.8350 53.6109 53.7762 53.4910 52.9695 50.3781 50.3307 50.1363 50.2972 50.0418 49.2152 48.9242 48.3485 47.6868 46.9539 46.2370 45.5228 44.7662
28.0411 29.2608 29.3793 29.3902 29.4879 57.9657 58.6185 59.4207 59.9014 60.2896 60.5716 60.7363 60.8577 60.8999 60.9309 60.9159 60.8765 60.9003 60.8414 60.7190 60.5372 60.1751 59.0749 58.5334 57.6515 57.9373 57.4843 56.8216 56.3844 54.9692 54.9184 54.9275 54.6125 52.9167 52.7508 52.8824 52.6622 51.9776 49.4049 49.4504 49.2529 49.1696 49.1223 48.5207 48.1294 47.0728 46.8272 46.2006 45.5033 44.7396
28.0398 29.5313 29.5599 29.7076 30.3318 30.6480 58.3057 58.8312 59.4701 59.7386 59.9054 60.0087 59.9939 60.1015 60.1018 60.1169 60.1056 60.0337 60.0668 60.0209 59.6987 59.6888 59.3321 58.3094 57.8401 57.0867 56.6625 56.6221 56.1090 55.5343 54.1188 54.0573 54.0634 53.6587 52.0250 51.8872 52.0007 51.8016 51.0113 48.5128 48.5874 48.3081 48.3377 48.2429 47.7719 46.9777 46.3792 46.0151 45.4368 44.6536
28.1047 29.5067 29.9019 30.6620 30.9684 31.0243 31.0406 58.3657 58.6741 59.0791 59.1592 59.1410 59.2576 59.2740 59.2787 59.2454 59.2870 59.2257 59.2046 59.2375 59.1810 58.8785 58.8791 58.5919 57.7103 57.3599 56.8815 56.3490 55.8907 55.3618 53.2695 53.2428 53.1810 53.1831 51.1074 51.1462 51.0207 51.1234 50.9238 50.0685 47.5839 47.6960 47.4379 47.4888 47.3827 46.9536 46.2597 45.6670 45.2299 44.4360
28.8176 30.0909 30.9989 31.2281 31.2442 31.2560 31.2550 31.1383 57.9717 58.0775 58.3339 58.4129 58.4395 58.4411 58.4218 58.4412 58.4095 58.4470 58.3989 58.3778 58.4189 58.1174 58.1528 58.2139 57.9953 57.4875 57.0329 56.5265 55.8865 55.1729 54.4506 52.3902 52.3577 52.2661 52.1078 50.2404 50.2856 50.2423 50.2668 50.0416 46.8723 46.8156 46.8326 46.6289 46.6469 46.5311 46.1394 45.5216 44.9410 44.1627
30.2728 31.3274 31.4390 31.3461 31.3760 31.3621 31.3442 31.2627 31.0639 57.2299 57.3575 57.6046 57.6036 57.5926 57.6009 57.5844 57.6028 57.5803 57.6136 57.5546 57.3818 57.4451 57.5896 57.6012 57.7524 57.5806 57.1449 56.5797 55.8970 55.1763 54.4409 53.7140 51.4601 51.3403 51.4042 51.1017 49.4335 49.4084 49.2180 49.1051 48.8395 46.6419 45.8541 45.8229 45.8124 45.8093 45.6867 45.3273 44.7691 43.9784
31.1549 31.5686 31.3651 31.3807 31.3503 31.3888 31.3682 31.2791 31.0543 33.7172 56.4712 56.5667 56.7590 56.7619 56.7546 56.7638 56.7524 56.7643 56.7112 56.6035 56.6812 56.8698 57.0354 57.2855 57.3578 57.3694 57.1320 56.5471 55.8835 55.1696 54.4556 53.7147 52.8161 50.5611 50.3715 50.5031 50.1404 48.4176 48.3197 48.3671 48.2713 47.8253 46.1614 45.0063 44.9684 44.9307 44.9615 44.8452 44.5156 43.6892
30.7661 31.3170 31.4254 31.3063 31.3656 31.3830 31.3877 31.2717 31.0083 31.0979 35.3730 55.6343 55.7327 55.8807 55.9250 55.9194 55.9187 55.8725 55.8083 55.8917 56.0961 56.3425 56.6765 56.8957 56.9390 56.7884 56.8638 56.5315 55.9017 55.1920 54.4510 53.7293 52.9718 51.9507 49.6792 49.6198 49.6273 49.1914 47.5449 47.5132 47.5276 47.4161 46.9051 44.1728 44.1357 44.1400 44.1189 44.1221 44.0074 43.1519
29.9745 31.2249 31.1986 31.2289 31.2080 31.2966 31.2752 31.2096 31.0121 30.7616 31.2265 36.3914 50.9381 54.8956 55.0191 55.0745 55.0362 54.9960 55.0467 55.0320 55.1151 55.9187 56.2150 56.3833 56.3430 56.3074 56.2771 56.1724 55.7879 55.1824 54.4709 53.7321 52.9998 52.2175 51.1072 48.8201 48.7457 48.7437 48.2649 47.0499 46.7698 46.7069 46.5610 45.8790 43.3411 43.3202 43.3162 43.3015 43.2876 42.4212
29.4068 30.8859 30.9246 30.9390 30.9839 31.0305 31.0547 31.0046 30.9032 30.6929 30.5225 31.3569 36.5643 47.7542 54.0422 54.1232 54.1750 54.2114 54.2400 54.4156 55.0628 55.4204 55.6317 55.6688 55.6897 55.7217 55.6501 55.5634 55.3834 55.0052 54.4252 53.7338 53.0045 52.2673 51.4578 50.2799 47.9387 47.8615 47.8551 47.3950 46.4467 46.0478 45.9035 45.6978 44.9096 43.0292 42.6116 42.5178 42.4862 41.6284
29.1141 30.5716 30.6102 30.6215 30.6386 30.7011 30.7239 30.6782 30.6562 30.5523 30.3654 30.2965 31.4062 36.3301 45.4881 53.2594 53.3746 53.4463 53.6678 54.2082 54.5795 54.7864 54.7916 54.8520 54.9286 54.9626 54.9549 54.8761 54.7679 54.5696 54.2045 53.6552 52.9893 52.2728 51.5318 50.6957 49.4605 47.0314 46.9380 46.5442 46.4604 45.7591 45.3240 45.1105 44.8377 44.0374 42.5527 41.9427 41.7452 40.8967
29.7185 30.1338 30.2279 30.2562 30.2785 30.3433 30.3521 30.3118 30.2723 30.1661 30.0008 30.0345 31.3234 36.0683 44.4090 51.5005 52.3955 52.5641 52.8033 53.2960 53.6696 53.8829 53.9210 53.9896 54.0756 54.1104 54.0863 54.0015 53.8833 53.6759 53.3104 52.7705 52.1145 51.4018 50.6532 49.7880 48.5126 46.4037 46.0555 45.6912 45.5267 44.9103 44.4711 44.2235 43.9069 43.1119 41.7795 41.1200 40.8747 40.8157
