#Value Function.
14.9555 15.1526 15.4792 15.9088 16.4057 16.4870 16.4999 16.7061 16.7162 16.7246 16.6128 16.5788 16.5094 16.4700 16.4171 16.3858 16.3583 16.4168 16.4462 16.4371 16.4371 16.3672 16.2200 16.2169 16.2149 16.2100 16.2049 16.1946 16.1617 16.1334 15.9933 15.7522 15.3721 14.9828 14.6413 14.3446 14.0811 13.8331 13.6015 13.3660 13.1155 12.9328 12.8403 12.7345 12.4148 12.0495 11.6972 11.3814 11.1775 11.0311
15.2993 15.4037 15.6087 15.9607 16.4128 16.9812 16.9625 16.9612 17.2423 17.0855 17.0749 16.9898 16.9590 16.8976 16.8689 16.8414 16.8137 16.7737 16.9194 16.9278 16.8928 16.5431 16.6886 16.6954 16.6897 16.6851 16.6761 16.6518 16.5413 16.4810 16.2445 15.8319 15.4224 15.0733 14.7713 14.5051 14.2506 14.0165 13.7800 13.5089 13.3161 13.2337 13.1681 12.8094 12.4243 12.0618 11.7240 11.5198 11.4056 11.1363
15.6631 15.7593 15.8509 16.0706 16.4513 16.8404 17.3882 17.4501 17.4144 17.5857 17.4706 17.4578 17.3817 17.3585 17.3303 17.3038 17.2647 17.1998 17.1934 17.4508 16.9733 16.9358 17.0059 17.1751 17.1715 17.1617 17.1510 17.0315 16.8817 16.7544 16.2951 15.8648 15.5101 15.2025 14.9352 14.6726 14.4358 14.2029 13.9064 13.6960 13.6556 13.3821 13.2062 12.7984 12.4337 12.0679 11.8588 11.7941 11.4858 11.2480
15.9896 16.1432 16.2232 16.3054 16.5443 16.9345 17.3413 17.9199 17.8860 17.8758 17.9753 17.8732 17.8610 17.8310 17.8028 17.7832 17.6167 17.5903 17.7146 17.4097 17.2620 17.3179 17.4362 17.4625 17.6285 17.6670 17.5304 17.3691 17.2060 16.7647 16.3146 15.9575 15.6429 15.3769 15.1040 14.8627 14.6413 14.3135 14.0753 14.0571 13.6199 13.3347 13.0020 12.7794 12.4235 12.1612 12.2113 11.8285 11.6223 11.2736
16.2509 16.4873 16.6284 16.6965 16.7666 17.0334 17.4608 17.8064 18.3694 18.3762 18.3693 18.3752 18.3583 18.2321 18.3265 18.0996 18.0829 18.1019 17.8561 17.7241 17.6493 17.7721 17.8077 17.9464 17.9364 18.0379 17.8792 17.6309 17.2455 16.7715 16.4167 16.0917 15.8314 15.5453 15.2954 15.0985 14.7287 14.4672 14.3527 13.9191 13.6212 13.2333 12.9774 12.6376 12.4058 12.4140 12.0300 12.0117 11.6313 11.2754
16.3714 16.7787 16.9874 17.1255 17.1796 17.2330 17.5375 18.0142 18.3037 18.6253 18.7816 18.9076 18.7338 18.6903 18.5741 18.5975 18.5433 18.3420 18.2365 18.0809 18.0748 18.1545 18.3006 18.3005 18.4914 18.3333 18.0594 17.5169 17.2337 16.8899 16.5475 16.3002 15.9977 15.7297 15.5802 15.1473 14.8833 14.6894 14.2522 13.9220 13.5310 13.3707 12.9710 12.7216 12.6796 12.3005 12.2035 11.8722 11.6255 11.2803
16.5179 16.8774 17.3231 17.4923 17.6367 17.6721 17.7026 18.0583 18.5972 18.8152 19.0607 19.1850 19.2253 19.1028 19.0754 18.9754 18.8458 18.7676 18.5981 18.4407 18.4962 18.5981 18.6676 18.8517 18.7810 18.2982 17.8515 17.6456 17.3912 16.9498 16.7812 16.4639 16.1578 16.0969 15.5616 15.3223 15.0416 14.5990 14.2537 13.8591 13.7181 13.3098 13.0819 12.9723 12.6191 12.5437 12.1550 11.8380 11.5257 11.2560
16.7382 17.0170 17.3886 17.8950 17.9959 18.1665 18.1729 18.1729 18.5985 19.2148 19.3421 19.4916 19.6034 19.5953 19.4766 19.3652 19.3191 19.1281 18.9534 18.8797 18.9709 19.0171 19.1382 19.1891 18.6340 18.2465 17.9875 17.9290 17.4029 17.1812 16.8208 16.6196 16.2776 15.8548 15.7620 15.3989 14.9705 14.6245 14.2383 14.0480 13.6352 13.4720 13.2480 12.9570 12.8671 12.4711 12.1599 11.8033 11.5045 11.3928
16.9757 17.2489 17.5197 17.9095 18.5027 18.4875 18.7234 18.5294 18.6451 19.1164 19.5883 19.9136 19.8926 20.0551 19.8616 19.8946 19.6673 19.4920 19.3100 19.3870 19.4054 19.5208 19.5442 18.9708 18.6152 18.3205 18.2517 17.8337 17.5838 17.1477 16.9998 16.4938 16.1566 15.8052 15.4367 15.3411 15.0149 14.6423 14.3792 13.9561 13.9174 13.4835 13.2233 13.1821 12.7675 12.4704 12.1125 11.8290 11.7542 11.6487
17.2333 17.4896 17.7677 18.0311 18.3462 18.9248 18.9895 19.0487 18.9990 19.1076 19.6189 20.1082 20.4689 20.3642 20.4527 20.1917 20.0496 19.8267 19.8355 19.8284 19.9505 19.9351 19.3471 18.9601 18.6671 18.5872 18.1462 17.9515 17.5130 17.2135 16.7940 16.5912 16.1007 15.7293 15.3578 15.0261 14.9238 14.7291 14.2860 14.1649 13.7217 13.4726 13.4025 12.9771 12.7550 12.4021 12.1579 12.1215 12.0475 11.7446
17.4840 17.7582 18.0081 18.3023 18.5604 18.8235 19.3055 19.4499 19.5156 19.5241 19.6089 20.0744 20.7451 20.9794 20.6822 20.5919 20.3547 20.3258 20.3112 20.4070 20.3121 19.7260 19.3363 19.0259 18.9214 18.5503 18.4053 17.8905 17.4620 17.2186 16.8517 16.3786 16.2050 15.7210 15.3969 14.9520 14.6295 14.6195 14.2934 13.9109 13.6853 13.6005 13.1734 12.9647 12.6158 12.4950 12.4981 12.4627 12.1227 11.7574
17.7968 18.0001 18.2937 18.5359 18.8544 19.1057 19.3384 19.7536 19.7742 20.0973 20.0543 20.1233 20.4907 21.0822 21.1036 20.8594 20.9116 20.7916 20.8355 20.6437 20.1120 19.7161 19.4016 19.2239 18.9771 18.9071 18.3321 17.8874 17.4100 17.0002 16.7408 16.4586 15.9850 15.8727 15.3880 14.9633 14.5451 14.2821 14.3005 13.8783 13.8016 13.3691 13.1581 12.8090 12.7514 12.7503 12.9037 12.5014 12.1247 11.7644
18.1867 18.3127 18.5217 18.8486 19.0701 19.4271 19.6640 19.8778 20.2198 20.2099 20.5514 20.5151 20.6716 20.9963 21.2597 21.2729 21.2208 21.2817 20.9845 20.5761 20.1386 19.7157 19.4787 19.4264 19.0877 18.5332 18.3122 17.8374 17.3917 16.9380 16.5465 16.3368 16.0710 15.5971 15.3691 14.9546 14.5413 14.1663 13.9022 13.9918 13.5632 13.3531 13.1165 13.0600 13.0603 13.1559 12.7537 12.4950 12.1338 11.7663
18.6083 18.7156 18.8324 19.0549 19.4267 19.6054 20.0265 20.2312 20.3431 20.7149 20.6825 21.0255 21.0401 21.2538 21.5681 21.5930 21.6273 21.3660 20.9968 20.6825 20.1087 19.8900 19.7582 19.2835 18.8846 18.5274 18.0621 17.7662 17.3417 16.9086 16.4751 16.1082 15.9133 15.6669 15.2046 14.9066 14.5252 14.1745 14.2937 13.8597 13.5623 13.4852 13.4390 13.3577 13.4758 13.0602 12.7536 12.3953 12.1096 11.7674
18.9668 19.1659 19.2466 19.3630 19.5989 20.0340 20.1326 20.3684 20.7695 20.8577 21.2265 21.2115 21.5310 21.6099 21.8249 21.9924 21.7778 21.5232 21.2067 20.6142 20.2260 20.1109 19.6161 19.1749 18.7562 18.3657 17.9967 17.5797 17.2501 16.8530 16.4361 16.0222 15.7243 15.5530 15.2067 14.7933 14.4680 14.5691 14.1298 13.9098 13.8862 13.8584 13.7363 13.7449 13.3258 13.0542 12.6892 12.3708 12.0367 11.7363
19.0040 19.5968 19.7185 19.7881 19.9049 20.1520 20.6801 20.6531 20.8447 21.2843 21.4154 21.7444 21.7648 21.9453 22.1435 22.1946 22.1295 21.7119 21.1075 20.6229 20.4960 19.9059 19.5169 19.0767 18.6498 18.2409 17.8566 17.4866 17.0973 16.7544 16.3745 15.9740 15.5868 15.4063 15.1286 14.7631 14.8224 14.3780 14.2914 14.3020 14.2977 14.1314 14.0682 13.6491 13.3289 12.9553 12.6574 12.4091 12.0662 11.7080
19.0352 19.5920 20.2555 20.2642 20.3442 20.4579 20.7104 21.1797 21.2062 21.4085 21.7901 22.0133 22.2591 22.3505 22.3711 22.5490 22.2092 21.5838 21.1066 20.8861 20.3743 19.9428 19.3990 18.9784 18.5526 18.1365 17.7369 17.3587 16.9922 16.6207 16.2745 15.9070 15.5230 15.1670 15.0671 14.8011 14.6830 14.4875 14.4921 14.7633 14.5189 14.4338 14.0129 13.6543 13.2672 12.9307 12.8081 12.4421 12.0722 11.7317
19.0535 19.6311 20.0533 20.7038 20.8346 20.9134 21.0225 21.2823 21.6633 21.7858 21.9996 22.2727 22.5642 22.6809 22.9284 22.5959 21.9927 21.5757 21.1423 20.8631 20.3487 19.8806 19.3989 18.9198 18.4648 18.0424 17.6351 17.2443 16.8723 16.5114 16.1523 15.8080 15.4510 15.0835 14.8689 14.8679 14.8670 14.7310 14.9560 14.8201 14.8664 14.4276 14.0226 13.6204 13.2567 12.9892 12.8254 12.4405 12.0920 11.8002
19.1297 19.6344 20.1086 20.5914 21.2145 21.4429 21.4906 21.5997 21.8754 22.2010 22.3982 22.6152 22.8430 23.0894 22.9425 22.3474 21.9504 21.3900 21.2345 20.7809 20.3496 19.8819 19.4633 18.9162 18.4743 17.9761 17.5479 17.1462 16.7630 16.3973 16.0428 15.6935 15.3537 15.1543 15.1526 15.3398 15.0752 15.1698 15.0478 15.2737 14.8003 14.4320 14.0205 13.6227 13.2830 13.1787 12.7723 12.4543 12.1704 11.8769
19.1902 19.7247 20.2327 20.7120 21.1897 21.7369 22.0916 22.0685 22.1916 22.5000 22.7379 22.9732 23.2070 23.2588 22.5775 22.2638 21.7180 21.6015 21.1527 20.6678 20.2191 19.7888 19.3520 19.0124 18.4715 18.0107 17.5132 17.0706 16.6704 16.2931 15.9336 15.5858 15.4846 15.4830 15.6235 15.4303 15.4997 15.3082 15.4691 15.0026 14.7843 14.3855 14.0135 13.6477 13.4350 13.0288 12.8302 12.5469 12.2528 11.9330
19.2182 19.7909 20.3273 20.8468 21.3309 21.8091 22.2343 22.7055 22.6492 22.7993 23.1563 23.3308 23.6264 23.0232 22.5499 21.9997 22.0845 21.6006 21.0255 20.5746 20.1105 19.6696 19.2450 18.8717 18.5319 18.0097 17.5320 17.0901 16.6145 16.2089 15.8353 15.8529 15.8483 15.9555 15.8276 15.8739 15.6104 15.7625 15.3039 14.9988 14.6029 14.3317 13.9652 13.7246 13.3244 13.2381 12.9330 12.6350 12.3054 11.9884
19.2354 19.8178 20.4011 20.9443 21.4773 21.9649 22.4568 22.8103 23.1822 23.2590 23.4067 23.7981 23.3546 22.9555 22.4805 22.4367 21.8513 21.4572 21.0002 20.4751 20.0162 19.5650 19.1326 18.7260 18.4788 18.0260 17.5887 17.0910 16.6272 16.2390 16.1938 16.2279 16.3322 16.2500 16.2850 15.8788 16.0622 15.7060 15.3100 14.8907 14.5577 14.1912 14.1165 13.6873 13.4064 13.3244 13.0281 12.6821 12.3583 12.0695
19.2475 19.8356 20.4254 21.0286 21.5751 22.1256 22.6125 23.1353 23.4348 23.6919 23.8814 23.7568 23.4630 23.0473 22.9057 22.3133 21.8227 21.2899 20.8677 20.4196 19.9285 19.4729 19.0319 18.6091 18.2332 18.1073 17.5622 17.1017 16.6655 16.5639 16.5957 16.6725 16.6901 16.7234 16.2764 16.1809 16.0984 15.6345 15.2584 14.8720 14.4894 14.3952 13.9771 13.6829 13.5695 13.4341 13.0671 12.7302 12.4518 12.1248
19.2628 19.8466 20.4446 21.0481 21.6750 22.2185 22.7936 23.2707 23.8440 24.0912 24.2261 24.1364 23.6464 23.4249 22.9020 22.3365 21.7853 21.2448 20.7332 20.2978 19.8566 19.3898 18.9425 18.5111 18.1002 17.7519 17.5356 17.1160 16.8720 16.9105 17.0659 17.0658 17.1807 16.6982 16.5271 16.3320 15.8421 15.5967 15.1977 14.8626 14.8000 14.3762 14.0060 13.8780 13.8696 13.4603 13.1067 12.8422 12.5068 12.1499
19.2771 19.8632 20.4538 21.0700 21.6853 22.3423 22.8724 23.4852 23.9345 24.5573 24.6679 24.2692 23.8841 23.4894 22.9483 22.3933 21.7926 21.2167 20.6828 20.1851 19.7448 19.3098 18.9343 18.5469 18.1981 17.9389 17.5897 17.2827 17.2303 17.3794 17.3810 17.5933 17.0680 16.8126 16.5562 16.1063 15.8292 15.4371 15.2594 15.1740 14.7260 14.3897 14.2394 14.2828 13.8582 13.4854 13.2470 12.8935 12.5292 12.1615
19.2887 19.8781 20.4720 21.0760 21.7128 22.3362 23.0341 23.5322 24.2070 24.6505 24.7804 24.3950 23.9665 23.5795 23.0196 22.3905 21.8038 21.2208 20.6595 20.1511 19.7835 19.4732 19.0700 18.6971 18.4695 18.0910 17.7532 17.6138 17.7030 17.7098 17.9120 17.3724 17.0540 16.8025 16.3712 16.0619 15.8510 15.7023 15.5467 15.0974 14.7933 14.6103 14.6566 14.2223 13.8629 13.6700 13.2881 12.9131 12.5401 12.1670
19.3008 19.8896 20.4878 21.0966 21.7132 22.3744 22.9989 23.7559 24.2139 24.3404 24.4277 24.3619 23.8362 23.4502 22.9441 22.3991 21.8050 21.2289 20.6913 20.3259 20.0400 19.6093 19.1953 19.0243 18.6055 18.2272 18.1050 18.0622 18.0101 18.2496 17.7121 17.3720 17.0470 16.6488 16.3485 16.3006 16.1791 15.9240 15.4923 15.2182 14.9928 15.0314 14.5878 14.2237 14.1179 13.6886 13.3056 12.9236 12.5449 12.1718
19.3118 19.9023 20.4988 21.1134 21.7376 22.3647 23.0543 23.5786 23.7691 23.9622 24.0550 24.0002 23.8679 23.2986 22.9239 22.3488 21.8002 21.2392 20.8756 20.6299 20.1626 19.7113 19.3926 19.1341 18.7014 18.6077 18.5856 18.5066 18.4775 18.0827 17.7155 17.3452 17.1145 16.7876 16.6286 16.4071 16.2898 15.9053 15.6649 15.3957 15.4086 14.9559 14.5913 14.3648 13.9708 13.7076 13.3163 12.9275 12.5499 12.1758
19.3225 19.9136 20.5125 21.1235 21.7555 22.3242 22.9769 23.2108 23.4101 23.6463 23.6206 23.6842 23.5471 23.4015 22.8073 22.4052 21.7971 21.4284 21.2491 20.7258 20.2559 19.8543 19.6370 19.1743 19.1046 19.1360 18.9844 18.7394 18.5128 18.0220 17.7629 17.5443 17.1683 17.0449 16.7585 16.6655 16.3361 16.1375 15.8049 15.7923 15.3281 14.9650 14.6376 14.3482 14.1442 13.7185 13.3187 12.9329 12.5537 12.1804
19.3275 19.9258 20.5223 21.1309 21.7199 22.4326 22.6149 22.8361 23.0096 23.1301 23.2641 23.4374 23.3955 23.1029 22.9575 22.3273 22.0046 21.7094 21.2947 20.8158 20.3800 20.1137 19.6662 19.4916 19.6649 19.4967 19.0650 18.8974 18.5011 18.2308 17.9122 17.6115 17.4076 17.2091 17.0759 16.7328 16.6255 16.1817 16.1828 15.6627 15.4098 15.0181 14.6903 14.3721 14.0436 13.7185 13.3253 12.9364 12.5585 12.1863
19.3167 19.9337 20.5241 21.1052 21.7080 21.9598 22.1917 22.5116 22.5407 22.6856 22.8242 23.2100 23.3343 23.0597 22.7847 22.6612 22.1314 21.8918 21.3908 20.9327 20.5774 20.1924 19.8867 20.0534 19.8110 19.3806 19.1704 18.7011 18.5729 18.0831 17.7778 17.5673 17.4379 17.1985 16.9283 16.8704 16.4041 16.3415 15.9277 15.7039 15.3662 14.9908 14.7201 14.4009 13.9798 13.6599 13.3137 12.9387 12.5617 12.2085
19.2666 19.9294 20.4930 21.0263 21.3164 21.5730 21.9279 21.8922 22.0187 22.1758 22.4844 22.6930 22.8752 23.3584 22.9716 22.6372 22.3080 21.9794 21.4988 21.1184 20.6777 20.3586 20.2715 20.0777 19.5392 19.2354 18.8644 18.5961 18.2160 17.9976 17.6393 17.3062 17.1052 16.9236 16.7309 16.4864 16.3261 16.0167 16.0254 15.5385 15.2431 14.9169 14.5708 14.2872 14.0869 13.6554 13.3332 12.9401 12.5889 12.2268
19.1513 19.8873 20.3767 20.6875 20.9616 21.3272 21.3003 21.3759 21.5526 21.8641 22.2322 22.2339 22.6286 22.8566 23.3744 23.0057 22.4192 22.0910 21.6044 21.2149 20.9162 20.6083 20.3021 19.8324 19.4821 19.0281 18.6914 18.3463 18.0550 17.7190 17.4648 17.1383 16.8278 16.6100 16.4231 16.2298 16.0102 15.8271 15.7377 15.6849 15.2140 14.8558 14.4928 14.1570 13.8855 13.7513 13.3250 12.9777 12.5958 12.3019
19.0807 19.7501 20.0733 20.3549 20.6799 20.9207 20.7685 20.9446 21.2662 21.7535 21.6486 21.9536 22.2401 22.7344 22.8236 23.0191 22.7689 22.0856 21.7100 21.3087 20.9630 20.6341 20.3431 19.7753 19.3103 18.9315 18.5153 18.1677 17.9485 17.5624 17.2289 17.0686 16.6829 16.3620 16.1303 15.9370 15.7447 15.5392 15.3709 15.4618 15.3083 14.8544 14.5033 14.0934 13.7558 13.5380 13.3817 12.9653 12.6767 12.4304
18.9317 19.4710 19.7557 20.0476 20.2523 20.2536 20.3530 20.6771 21.1390 21.0810 21.3169 21.6405 22.1466 22.3721 22.7555 22.7204 22.5485 22.2749 21.7683 21.3855 20.9938 20.5706 20.0817 19.7438 19.2471 18.7942 18.4033 18.0083 17.6746 17.5309 17.0957 16.7666 16.6489 16.3289 15.9386 15.6713 15.4664 15.2738 15.0793 14.9680 15.1647 14.9496 14.4892 14.1596 13.7493 13.4527 13.1712 13.0516 12.8412 12.4309
18.6721 19.1639 19.4321 19.6160 19.6633 19.7868 20.1062 20.5494 20.5006 20.7135 21.0674 21.6135 21.9186 22.3117 22.3185 22.4686 22.3601 22.0000 21.7960 21.3574 20.9613 20.4175 19.9983 19.5505 19.1788 18.7231 18.3815 17.9970 17.6200 17.2223 17.1090 16.6539 16.3226 16.2481 16.0475 15.5683 15.2633 15.0184 14.8185 14.6541 14.6468 14.6568 14.6019 14.1375 13.8755 13.4642 13.0803 12.8035 12.6405 12.4187
18.3759 18.8315 19.0063 19.0881 19.2432 19.5828 19.9731 19.9374 20.1674 20.6040 21.1132 21.5399 21.9092 21.8458 22.2830 22.1607 21.9507 22.0003 21.6925 21.3896 20.8435 20.4961 20.0138 19.6470 19.2232 18.9131 18.5086 18.1289 17.7157 17.3195 16.9142 16.7117 16.2973 16.0464 15.8005 15.7381 15.2585 14.8638 14.5887 14.3809 14.2281 14.1921 14.1990 14.3235 13.8508 13.4727 13.0796 12.7133 12.4358 12.2419
18.0444 18.4178 18.5314 18.7288 19.1473 19.3852 19.3899 19.6524 20.2869 20.6074 21.0922 21.5396 21.3100 21.7006 21.7167 21.6882 21.6254 21.3822 21.5238 21.3863 21.0145 20.5504 20.2151 19.7412 19.4679 19.0285 18.6527 18.2189 17.8198 17.3963 17.0184 16.7435 16.5370 16.1347 15.8376 15.4577 15.3088 14.8659 14.5386 14.2364 13.9714 13.8108 13.8407 13.8243 13.8052 13.4477 13.0799 12.7029 12.3515 12.0698
17.6514 17.9922 18.2391 18.7433 18.7821 18.8525 19.1252 19.6604 20.0613 20.6659 20.9612 20.8852 21.2414 21.2174 21.2529 21.4087 21.2274 21.1156 20.8763 21.0749 21.1899 20.8235 20.2522 20.0511 19.5522 19.1943 18.7300 18.3347 17.8898 17.4927 17.2113 17.0834 16.5920 16.3230 15.8722 15.6437 15.2703 14.9644 14.6686 14.3110 13.9641 13.5986 13.4186 13.3986 13.3814 13.3258 13.0378 12.6931 12.3333 11.9915
17.2742 17.7503 18.2980 18.2282 18.3202 18.5971 19.0709 19.5020 20.0323 20.4074 20.3223 20.5824 20.7311 20.7747 20.8345 20.8778 21.0067 20.6914 20.6193 20.5636 20.7219 20.7574 20.6762 20.0717 19.7593 19.2458 18.8670 18.3933 17.9850 17.6395 17.5353 17.0352 16.6027 16.2967 16.1269 15.7346 15.4026 15.1160 14.7343 14.3872 13.9992 13.6805 13.3260 13.0538 12.9815 12.9488 12.8735 12.6297 12.3115 11.9662
17.0488 17.6571 17.6958 17.7980 18.0736 18.5072 18.9456 19.4416 19.8563 19.7732 19.9763 20.2288 20.2911 20.2883 20.4926 20.4246 20.3453 20.4737 20.3373 20.2356 20.1240 20.2272 20.2494 20.3583 19.7595 19.4213 18.9036 18.4978 18.0824 17.9872 17.4754 17.0422 16.7899 16.4148 16.1901 15.8381 15.6084 15.1622 14.8256 14.4034 14.1004 13.7198 13.4152 13.0695 12.7493 12.5948 12.5323 12.4426 12.2279 11.9315
16.8746 17.1632 17.2869 17.5581 17.9650 18.4086 18.9169 19.3109 19.2335 19.4090 19.7323 19.8172 19.8325 19.9054 19.8632 20.0703 20.0380 19.8740 19.8871 19.8302 19.9078 19.7427 19.7869 19.8976 20.0070 19.4150 19.0339 18.5482 18.4262 17.9062 17.5095 17.1956 16.8604 16.4604 16.0824 16.1094 15.5946 15.2253 14.8059 14.5394 14.1162 13.8290 13.4616 13.1381 12.8130 12.4973 12.2408 12.1358 12.0309 11.8311
16.4537 16.7831 17.0531 17.4434 17.8988 18.4749 18.7402 18.6988 18.8729 19.2394 19.3478 19.3607 19.2926 19.2934 19.4337 19.4582 19.5809 19.7252 19.4798 19.3808 19.3974 19.3204 19.3802 19.4286 19.5847 19.6023 19.0167 18.8730 18.3419 18.0073 17.6289 17.3248 16.9369 16.5312 16.0937 15.7126 15.6886 15.2312 14.8814 14.5034 14.2609 13.8593 13.5373 13.2027 12.8775 12.5749 12.2742 11.9939 11.7769 11.6368
16.1074 16.5607 16.9583 17.4090 18.0000 18.1356 18.1736 18.3696 18.7402 18.8589 18.9588 18.8056 18.7745 18.8332 18.9043 19.0496 19.1487 19.0665 19.0737 18.9246 18.8907 18.8612 18.8740 18.9748 19.0313 19.2973 19.2311 18.7872 18.5214 18.1159 17.7596 17.3471 16.9453 16.5524 16.1651 15.8190 15.3775 15.3034 14.9475 14.5588 14.2592 13.9480 13.6018 13.2657 12.9609 12.6473 12.3727 12.0392 11.6894 11.4295
15.9202 16.4637 16.9267 17.5097 17.5762 17.6642 17.9101 18.2030 18.3350 18.6698 18.3753 18.3653 18.2784 18.4127 18.5988 18.6348 18.6030 18.6908 18.5293 18.4865 18.3754 18.4416 18.4004 18.4787 18.6720 18.6971 19.0187 18.8497 18.4146 18.1530 17.8079 17.4134 16.9208 16.5946 16.3011 15.8169 15.4398 15.0845 14.9509 14.6092 14.3726 14.0106 13.6608 13.3588 13.0252 12.7640 12.4147 12.0532 11.6954 11.3502
15.8581 16.4447 16.9812 17.0557 17.1781 17.5429 17.6458 17.8298 18.1661 18.0638 18.0618 17.8660 18.0006 18.0816 18.0619 18.0772 18.2839 18.0963 18.0994 17.9888 17.9251 17.8552 17.9293 18.0847 18.1641 18.3885 18.3955 18.5523 18.4618 17.9608 17.6589 17.3714 17.1016 16.5965 16.1587 15.8862 15.5428 15.0899 14.8073 14.5702 14.2107 14.0611 13.7717 13.4046 13.1702 12.7983 12.4252 12.0582 11.6997 11.3464
15.7754 16.3803 16.5745 16.6954 16.9742 17.1244 17.3294 17.7150 17.5783 17.5931 17.5285 17.5645 17.5134 17.5123 17.5446 17.6869 17.6815 17.6961 17.5757 17.5403 17.4529 17.3913 17.5230 17.6260 17.7979 17.8486 17.9564 17.9539 18.0731 17.8891 17.4812 17.2311 16.9010 16.5870 16.1395 15.7267 15.4306 15.2775 14.8036 14.4953 14.1598 13.8570 13.7798 13.5960 13.1889 12.8056 12.4295 12.0626 11.7038 11.3497
15.6663 16.0533 16.2021 16.4375 16.6102 16.8190 17.1101 17.1237 17.1354 17.0735 17.1312 17.0235 17.0191 17.0153 17.1190 17.1341 17.1432 17.1415 17.1375 17.0533 17.0027 16.9818 17.0919 17.2342 17.3044 17.3887 17.4140 17.4940 17.4868 17.6372 17.3586 17.0117 16.9230 16.4581 16.1040 15.6890 15.2968 15.0022 14.7870 14.4700 14.2932 13.8496 13.5034 13.5504 13.1948 12.8093 12.4341 12.0667 11.7079 11.3536
15.3727 15.7097 15.9206 16.1027 16.3069 16.5406 16.5932 16.6339 16.7789 16.6585 16.5763 16.5853 16.5156 16.5733 16.5971 16.6056 16.6067 16.6125 16.6122 16.6002 16.5366 16.5668 16.6894 16.7675 16.8405 16.8789 16.9405 16.9627 17.0626 17.0516 17.0558 16.8347 16.5496 16.3800 15.9987 15.6392 15.2467 14.8731 14.5765 14.3373 14.0584 13.8343 13.4565 13.1538 13.0821 12.7899 12.4329 12.0699 11.7117 11.3575
15.0213 15.2388 15.4211 15.6168 15.8245 15.9689 16.0309 16.0801 16.1993 16.2288 16.1465 16.0761 16.0595 16.0212 16.0490 16.0715 16.0819 16.0855 16.0901 16.0895 16.0745 16.0327 16.1232 16.2005 16.2696 16.3122 16.3678 16.4043 16.4827 16.5187 16.5195 16.4980 16.3163 16.0714 15.8661 15.5319 15.1814 14.8078 14.4502 14.1532 13.9023 13.6410 13.3967 13.0629 12.7853 12.6475 12.3865 12.0562 11.7080 11.3575
