#Value_Function_Estimate.
38.87   38.92   38.93   38.93   38.93   38.93   38.90   38.83   38.81   39.35   40.53   41.65   43.18   44.50   45.85   47.24   48.67   50.16   51.71   53.32   54.93   56.65   58.32   60.09   61.51   63.05   64.62   66.57   67.89   69.66   71.27   72.99   74.56   76.10   77.84   79.07   80.60   82.12   83.78   85.09   85.52   86.68   86.60   86.74   85.77   84.03   82.15   80.19   78.55   76.52  
40.06   40.20   40.27   40.24   40.27   40.22   40.16   40.15   40.01   39.97   40.54   41.83   43.18   44.50   45.85   47.23   48.67   50.16   51.72   53.30   54.96   56.61   58.40   60.11   61.99   63.35   64.92   66.45   68.57   69.72   71.64   73.21   75.00   76.57   78.09   79.97   81.08   82.69   84.21   85.96   87.34   87.54   89.04   88.03   86.18   84.27   82.21   80.67   78.52   76.71  
40.34   41.61   41.61   41.70   41.64   41.54   41.62   41.10   41.10   41.43   41.13   41.88   43.18   44.50   45.85   47.24   48.67   50.16   51.71   53.32   54.93   56.65   58.34   60.23   61.94   64.12   65.14   66.82   68.28   70.13   71.56   73.25   75.06   76.71   78.99   79.52   81.00   82.38   83.94   85.07   86.06   87.18   86.59   86.59   86.25   84.26   82.85   80.54   78.72   77.05  
41.07   41.77   43.44   42.67   42.79   43.29   42.68   42.42   42.59   42.50   41.10   41.93   43.18   44.50   45.85   47.23   48.67   50.16   51.72   53.30   54.96   56.61   58.37   59.93   62.13   63.49   65.53   66.97   68.65   70.20   71.63   73.58   75.05   77.26   78.03   79.33   80.32   81.80   82.97   84.13   85.44   85.44   85.50   85.66   84.57   84.41   82.55   80.75   79.15   76.98  
41.96   42.71   43.38   44.57   44.36   44.42   44.15   44.20   44.00   42.43   41.86   42.14   43.22   44.51   45.85   47.24   48.67   50.16   51.71   53.31   54.93   56.60   58.12   60.20   61.82   63.80   65.18   67.00   68.41   70.20   72.22   73.50   75.66   76.54   77.51   78.33   79.69   80.90   82.17   84.06   83.66   84.82   83.77   83.47   83.77   82.61   82.43   81.31   78.99   77.08  
42.52   43.72   44.44   45.12   46.21   45.88   46.02   45.56   43.99   43.42   43.07   42.89   43.45   44.54   45.85   47.23   48.67   50.16   51.71   53.29   54.89   56.40   58.35   60.02   61.91   63.66   65.78   66.60   68.49   70.33   72.10   74.31   75.00   75.49   76.36   77.63   78.86   80.21   82.25   81.93   82.64   82.69   82.91   81.71   81.47   81.96   80.70   80.26   79.10   76.98  
42.79   44.11   45.54   46.16   46.84   47.88   47.01   45.56   45.10   44.66   44.48   44.28   44.30   44.78   45.87   47.24   48.67   50.16   51.69   53.24   54.72   56.57   58.24   60.05   61.82   63.76   64.84   66.59   68.46   70.42   72.29   73.57   73.56   74.40   75.66   77.27   78.43   80.60   80.00   80.32   80.83   81.48   81.48   80.58   79.81   79.69   80.34   78.78   78.15   76.95  
43.22   44.32   45.78   47.33   47.90   48.25   47.13   46.77   46.32   46.12   46.02   45.77   45.52   45.83   46.12   47.23   48.66   50.13   51.63   53.08   54.86   56.51   58.24   59.98   61.81   63.04   64.72   66.57   68.49   70.37   72.38   71.75   72.48   73.71   75.29   77.14   79.46   78.39   78.46   78.88   79.92   80.17   79.68   79.95   78.64   78.19   78.03   78.09   76.83   76.07  
43.22   44.86   45.96   47.52   49.33   48.87   48.65   48.14   47.96   47.90   47.70   46.92   47.04   47.12   47.44   47.49   48.57   49.98   51.47   53.20   54.83   56.50   58.18   59.91   61.23   62.87   64.70   66.59   68.44   70.19   70.21   70.59   71.78   73.33   75.15   77.13   77.14   77.27   76.95   78.19   78.09   78.00   79.18   78.03   77.71   76.65   76.20   76.03   75.92   74.86  
43.92   44.72   46.47   47.47   49.40   50.62   50.14   49.99   49.96   49.82   48.75   48.42   48.58   48.72   48.75   49.13   48.95   50.02   51.58   53.19   54.81   56.42   57.98   59.43   61.04   62.83   64.70   66.51   68.09   68.35   68.76   69.88   71.39   73.15   74.90   75.14   75.23   75.15   76.39   76.11   76.15   77.03   77.31   77.94   76.16   75.53   74.70   74.24   74.04   73.82  
45.26   45.52   46.21   47.99   48.67   50.81   52.06   52.04   52.05   50.66   50.40   49.76   49.93   50.30   50.43   50.39   50.35   50.51   51.59   53.15   54.63   56.18   57.65   59.22   60.98   62.82   64.59   66.05   66.48   66.94   68.01   69.48   71.17   72.75   73.13   73.24   73.32   74.48   74.33   74.35   74.97   75.78   76.29   75.75   75.65   74.28   73.53   72.75   72.29   72.07  
46.47   46.97   47.13   47.63   49.40   50.11   52.04   54.32   52.48   52.54   51.03   51.08   51.52   51.66   52.05   52.02   52.12   52.02   52.06   52.91   54.42   55.92   57.45   59.15   60.95   62.67   64.06   64.62   65.14   66.16   67.58   69.20   70.65   71.14   71.29   71.46   72.41   72.80   72.51   72.96   74.09   74.22   74.49   74.71   73.65   73.51   72.36   71.56   70.83   70.37  
47.81   48.12   48.68   48.75   49.05   50.84   52.07   52.73   54.67   52.68   52.71   52.30   52.85   53.27   53.39   53.82   53.70   53.85   53.09   52.72   54.24   55.73   57.35   59.00   60.77   62.11   62.76   63.34   64.33   65.70   67.25   68.61   69.17   69.36   69.60   70.44   71.18   70.67   70.96   72.06   72.19   72.57   73.35   73.09   73.14   71.96   71.46   70.43   69.63   68.93  
48.00   49.63   49.71   50.41   50.36   50.46   52.11   52.69   53.72   54.57   53.17   53.68   53.97   54.24   55.06   55.04   55.61   54.28   53.10   52.60   54.06   55.60   57.11   58.88   60.18   60.91   61.54   62.52   63.84   65.32   66.60   67.21   67.45   67.75   68.53   69.52   69.04   69.16   70.01   70.16   70.63   71.28   71.25   72.02   71.43   71.11   70.08   69.46   68.52   67.72  
48.14   49.64   51.52   51.00   52.26   51.49   51.67   53.12   52.97   54.25   54.73   54.28   54.66   55.77   55.83   56.89   55.15   54.25   53.08   52.43   53.91   55.32   57.03   58.30   59.08   59.76   60.73   62.01   63.42   64.64   65.28   65.57   65.90   66.65   67.70   67.38   67.50   68.15   68.21   68.70   69.27   69.38   69.99   70.11   70.83   69.74   69.12   68.18   67.50   66.62  
48.43   49.76   50.84   52.69   52.20   53.34   52.57   53.25   54.37   54.41   54.82   54.74   56.15   56.19   57.61   55.98   55.71   54.81   53.28   52.26   53.61   55.24   56.47   57.28   58.00   58.96   60.20   61.55   62.71   63.37   63.70   64.07   64.79   65.76   66.22   65.83   66.30   66.28   66.78   67.30   67.51   68.05   68.54   69.52   68.79   68.76   67.85   67.16   66.30   65.58  
49.53   49.88   50.89   51.96   53.82   53.73   54.32   54.19   54.95   55.58   55.60   56.27   56.36   58.07   56.64   56.96   56.00   54.90   53.89   53.24   53.52   54.72   55.53   56.27   57.23   58.43   59.72   60.83   61.50   61.87   62.26   62.95   63.91   65.20   64.24   64.33   64.40   64.89   65.37   65.65   66.14   66.68   67.54   67.64   67.75   66.97   66.76   65.96   65.25   64.43  
50.84   51.04   51.41   52.30   53.38   55.25   55.36   55.87   55.85   56.67   56.87   56.93   58.19   57.37   56.20   55.83   55.54   55.68   54.58   52.97   53.02   53.84   54.59   55.54   56.72   57.95   59.01   59.69   60.18   60.57   61.35   62.19   63.28   62.81   62.93   62.55   63.04   63.50   63.82   64.29   64.84   65.60   66.01   66.48   66.94   65.89   65.16   64.84   64.11   63.39  
52.21   52.33   52.57   52.98   53.95   54.89   56.69   56.74   57.60   57.45   58.42   58.30   57.69   56.31   55.64   54.74   54.56   53.99   54.72   53.50   52.87   52.76   53.90   55.05   56.25   57.25   57.95   58.45   58.92   59.86   60.68   61.27   60.97   61.08   60.83   61.25   61.70   62.05   62.50   63.05   63.73   64.19   64.81   66.02   65.51   65.04   64.09   63.41   62.99   62.31  
53.76   53.71   53.85   54.11   54.51   55.60   56.28   58.11   57.80   59.50   58.09   57.41   56.28   56.13   54.70   53.99   53.33   53.14   52.93   53.95   52.76   52.17   53.21   54.42   55.32   56.08   56.64   57.17   57.95   58.87   59.47   59.36   59.50   59.30   59.53   59.97   60.33   60.78   61.32   61.95   62.40   63.07   64.19   65.08   64.76   64.15   63.20   62.35   61.69   61.23  
54.34   55.48   55.13   55.17   55.71   56.01   57.33   57.91   59.72   57.93   57.49   56.17   55.50   55.19   54.46   53.12   52.38   52.21   52.09   52.06   52.80   51.70   52.57   53.40   54.29   54.93   55.51   56.26   57.16   57.63   58.17   57.84   57.73   57.88   58.28   58.66   59.10   59.63   60.23   60.72   61.36   62.39   63.55   63.24   63.79   63.00   62.68   61.47   60.66   60.01  
55.19   55.87   56.45   56.73   56.70   57.38   57.31   59.20   57.83   57.54   56.27   55.65   54.56   53.89   54.13   52.81   51.53   50.82   51.00   50.99   50.90   51.51   51.66   52.62   53.10   53.82   54.58   55.49   55.96   56.48   56.62   56.55   56.25   56.61   56.99   57.43   57.95   58.53   59.04   59.70   60.72   61.83   61.73   62.14   61.69   62.35   61.48   61.07   59.81   58.98  
56.63   56.69   57.45   57.54   58.44   57.18   58.55   57.67   57.35   56.22   55.77   54.56   53.88   52.92   52.38   52.80   51.06   49.95   49.38   49.78   49.82   50.17   50.89   51.32   52.25   53.01   53.98   54.36   54.86   55.25   55.02   55.67   55.02   55.31   55.74   56.25   56.81   57.34   58.03   59.19   59.86   60.21   60.23   60.18   60.27   60.23   61.25   59.87   59.07   58.10  
57.49   58.30   58.12   59.25   58.26   58.46   58.61   58.08   56.49   55.72   54.72   54.02   52.90   52.19   51.35   51.17   51.30   49.50   48.39   48.25   48.60   49.33   49.83   50.68   51.46   52.34   52.82   53.66   53.59   53.51   53.98   53.91   54.36   53.99   54.48   55.07   55.62   56.33   57.35   57.97   58.33   58.73   58.53   58.63   58.51   59.28   59.18   59.24   57.99   57.04  
58.78   59.00   59.85   59.40   59.36   59.90   58.84   57.33   57.15   55.86   54.23   53.20   52.93   51.80   50.67   49.91   50.47   49.51   47.91   47.09   47.73   48.27   49.13   49.91   50.74   51.28   51.99   52.11   52.98   52.33   52.37   52.70   52.60   52.93   53.23   53.76   54.59   55.52   56.10   56.38   56.68   56.66   57.35   57.38   57.38   57.40   57.46   57.39   57.28   56.20  
59.81   60.43   60.44   60.38   61.12   59.44   58.47   58.61   56.86   55.59   54.27   54.01   53.29   51.89   50.71   49.25   48.73   48.85   47.67   46.37   46.78   47.42   48.36   49.16   49.74   50.37   50.62   51.29   51.24   51.91   51.08   51.07   51.33   51.56   52.05   52.81   53.55   54.27   54.49   54.78   54.84   55.31   55.45   56.36   56.24   55.69   55.60   55.64   55.58   55.37  
61.05   61.38   61.56   62.19   60.74   59.92   59.62   58.16   56.97   55.68   55.19   54.90   53.44   51.99   50.57   49.59   48.34   47.91   47.14   46.18   45.96   46.79   47.34   48.21   48.80   49.12   49.68   49.77   50.27   50.25   51.11   49.75   49.94   50.37   51.07   51.78   52.42   52.59   52.96   53.06   53.34   53.63   54.24   54.30   55.02   55.59   54.02   53.83   53.84   53.77  
62.31   62.67   63.40   62.22   61.49   60.73   59.64   58.47   57.14   56.57   56.50   54.99   53.54   52.09   50.86   49.93   48.47   47.79   46.37   45.65   45.28   45.88   46.69   47.27   47.63   48.12   48.30   48.71   48.82   49.48   49.47   50.22   48.76   49.37   50.04   50.63   50.86   51.17   51.35   51.54   51.85   52.29   52.40   52.99   53.43   53.28   53.71   52.33   52.08   52.06  
63.50   63.96   63.80   62.87   62.17   60.92   60.10   58.61   58.07   57.89   56.55   55.10   53.61   52.34   51.53   49.98   48.73   47.77   46.90   46.04   45.29   45.25   45.80   46.19   46.63   46.87   47.21   47.38   47.71   48.07   48.63   48.54   48.54   48.37   48.90   49.17   49.46   49.64   49.79   50.08   50.53   50.70   51.11   51.36   51.33   51.59   51.45   51.95   50.67   50.39  
63.44   65.33   63.94   63.77   62.35   61.83   60.08   59.59   59.13   58.09   56.68   55.15   53.85   53.25   51.47   50.20   49.22   48.34   47.46   46.66   46.30   46.61   46.57   46.64   46.55   46.41   45.97   46.30   46.66   47.14   47.14   47.19   47.13   47.26   47.54   47.81   48.00   48.16   48.45   48.99   49.06   49.36   49.45   49.50   49.59   49.56   49.87   49.76   50.42   49.05  
63.42   64.95   64.88   63.22   62.66   61.54   60.98   59.97   58.59   57.71   56.71   55.43   54.25   52.83   51.77   50.75   49.81   48.89   48.07   47.48   47.46   47.73   48.13   48.01   48.01   46.84   47.36   45.96   46.04   46.70   46.75   46.84   46.76   46.83   46.60   46.56   46.62   46.90   47.36   47.50   47.75   47.85   47.88   47.87   47.89   48.00   47.97   48.41   48.26   48.34  
63.31   64.93   64.27   64.33   62.61   61.97   60.45   59.42   58.34   57.18   56.28   55.41   54.44   53.45   52.41   51.39   50.38   49.51   48.77   48.75   48.99   48.89   49.21   49.77   48.13   48.25   47.41   46.90   47.34   47.59   48.37   48.38   48.47   48.36   48.36   48.31   48.21   47.51   46.71   46.27   46.33   46.36   46.36   46.37   46.36   46.37   46.53   46.43   46.54   46.42  
63.20   64.21   64.33   63.59   63.74   61.99   61.08   59.57   58.73   57.74   56.99   56.11   55.16   54.12   53.07   51.97   51.01   50.17   49.98   50.31   50.22   50.57   50.32   49.26   49.38   48.67   47.96   48.27   48.49   48.96   49.24   50.11   50.15   50.22   50.16   50.13   49.39   48.49   47.94   47.45   47.31   46.39   45.69   45.07   44.93   44.91   44.91   44.90   44.91   44.89  
62.48   62.76   63.89   63.28   62.98   62.80   61.08   60.36   59.29   58.59   57.73   56.86   55.85   54.80   53.67   52.63   51.67   51.15   51.52   51.45   51.92   50.99   50.67   51.04   50.27   48.73   49.33   49.44   49.84   50.16   50.60   50.95   52.04   51.97   52.07   51.26   50.32   49.78   48.94   48.97   47.58   47.21   45.75   45.11   44.01   43.56   43.50   43.49   43.49   43.49  
61.31   63.01   62.65   62.77   62.63   62.40   62.03   60.83   60.21   59.33   58.51   57.54   56.55   55.39   54.35   53.28   52.61   52.69   52.62   53.14   52.24   52.07   52.53   51.68   50.03   49.99   50.19   50.93   50.91   51.44   51.89   52.32   52.65   54.02   52.99   52.07   51.79   49.97   50.74   48.88   48.50   47.07   46.76   45.10   44.04   42.68   42.20   42.11   42.10   42.09  
60.93   61.52   62.21   61.62   61.68   62.13   62.38   61.87   60.92   60.13   59.18   58.28   57.12   56.10   54.97   54.19   53.88   53.81   54.31   53.73   53.64   53.88   53.38   51.54   50.78   51.33   51.51   51.64   52.59   52.04   52.46   53.74   54.13   54.34   52.99   53.37   51.36   51.80   49.92   49.56   48.08   47.63   46.14   45.61   44.02   42.77   41.45   40.86   40.74   40.72  
59.92   60.50   60.60   60.93   60.69   60.74   61.70   62.57   61.78   60.78   59.96   58.81   57.87   56.68   55.90   55.11   55.04   55.54   54.67   54.75   55.44   54.90   53.12   51.72   52.11   52.26   52.94   53.05   53.08   52.45   53.85   54.01   55.67   53.78   52.60   51.63   53.38   51.47   50.80   49.25   48.04   46.76   47.27   45.60   44.41   43.05   41.70   40.58   39.59   39.41  
58.86   59.03   59.31   59.47   59.98   60.34   60.77   61.16   62.55   61.65   60.43   59.64   58.38   57.71   56.54   56.33   56.84   55.80   56.00   56.31   56.26   54.54   53.24   52.61   52.84   53.75   53.71   54.60   52.86   53.60   54.06   55.83   54.02   53.77   52.10   51.28   51.34   53.01   50.91   49.54   48.21   46.89   45.75   46.08   44.35   43.28   42.24   40.47   39.11   38.33  
57.48   57.73   57.94   58.38   58.71   59.10   59.73   60.64   60.97   62.18   61.39   60.00   59.58   58.20   57.98   58.21   57.27   57.08   57.46   57.61   55.84   54.61   53.74   53.35   54.24   54.26   55.47   53.78   52.93   53.66   55.41   54.09   53.97   52.97   52.03   50.41   50.96   50.90   51.29   49.76   48.37   47.16   45.78   44.50   45.00   43.17   41.72   40.58   38.98   37.75  
56.20   56.44   56.83   57.17   57.58   58.38   59.07   59.27   60.25   60.52   61.79   61.49   59.81   59.76   59.56   58.95   58.38   58.84   58.68   57.12   56.22   55.30   54.91   54.80   54.79   55.94   54.29   53.68   52.82   54.53   53.68   53.64   52.55   52.21   51.65   50.26   49.28   49.56   49.60   49.89   48.68   47.31   46.02   44.36   43.28   43.17   41.58   40.18   39.00   37.57  
54.96   55.31   55.65   56.07   56.84   57.87   57.78   58.85   58.81   59.75   60.03   61.63   61.65   60.82   60.76   59.96   60.19   59.89   58.66   57.93   56.90   56.53   56.34   56.02   56.46   54.84   54.10   52.76   53.90   52.81   52.84   52.11   52.33   51.00   50.49   50.36   48.62   48.11   48.53   48.25   48.80   47.61   45.91   44.69   42.93   41.77   41.41   40.01   38.68   37.53  
53.81   54.15   54.55   55.33   56.55   56.29   57.50   57.28   58.23   58.57   59.51   60.16   62.24   62.70   61.66   61.67   60.89   60.28   59.71   58.51   58.18   58.09   57.08   57.54   56.01   55.00   53.44   54.08   53.32   52.33   51.38   51.71   50.71   51.00   49.43   48.83   49.21   47.29   46.91   47.43   47.11   47.14   46.37   44.60   43.26   41.44   40.25   39.73   38.48   37.26  
52.65   53.07   53.86   55.27   54.86   56.08   55.69   56.53   57.43   57.72   58.48   60.17   60.84   62.53   63.04   61.93   61.97   61.57   60.10   59.94   59.03   58.43   58.59   57.15   56.14   54.50   54.38   53.39   53.54   51.90   51.65   50.19   50.80   49.33   49.71   47.94   47.25   47.18   45.82   45.76   46.27   45.83   45.57   45.05   43.16   41.85   40.10   38.89   38.14   37.04  
51.60   52.40   54.16   53.57   54.63   54.24   54.93   56.30   56.03   56.77   58.26   59.13   60.84   61.34   63.27   63.88   62.47   61.72   60.95   60.13   59.64   58.96   58.18   57.30   55.85   54.98   53.88   54.70   53.02   52.41   50.77   50.03   49.15   49.49   48.02   48.62   46.69   45.62   45.32   44.63   44.54   44.90   44.73   44.17   43.70   41.78   40.73   39.02   37.88   36.69  
50.93   52.31   52.36   53.04   52.89   53.56   54.67   54.43   55.08   56.44   57.56   59.39   60.03   61.30   62.11   63.27   63.48   62.16   61.17   60.64   59.49   58.94   57.69   57.24   56.10   55.15   55.17   54.10   53.16   51.59   50.77   49.34   48.50   47.77   48.13   46.82   46.65   45.03   44.00   43.61   43.25   43.14   43.27   43.32   43.03   42.61   40.71   39.76   38.00   36.69  
50.60   50.84   51.36   51.69   52.31   53.65   52.93   53.64   55.28   56.25   58.09   58.78   59.49   60.38   61.37   61.66   62.39   61.88   60.87   60.47   59.54   58.22   57.96   56.93   56.30   55.37   54.67   53.79   52.85   51.58   50.14   49.20   47.90   46.99   46.37   46.68   45.35   44.81   43.40   42.43   42.01   41.68   41.69   41.67   41.66   41.80   41.67   39.73   38.59   36.67  
49.38   49.82   50.26   51.58   51.92   51.90   52.50   54.23   55.25   57.10   57.59   57.80   58.66   59.55   59.95   60.52   60.42   60.68   60.10   59.61   59.00   57.90   57.10   56.67   55.40   54.68   53.89   53.53   52.35   51.28   50.03   48.68   47.66   46.44   45.50   45.01   45.96   44.19   43.12   41.85   40.94   40.48   40.15   40.10   40.12   40.08   40.39   40.50   38.46   36.74  
48.37   48.87   49.97   50.37   50.46   51.04   52.56   54.13   56.04   56.56   56.19   56.94   57.77   58.24   58.71   58.71   58.88   58.73   58.85   58.41   58.54   57.32   56.44   56.00   55.03   53.87   53.13   52.68   52.05   50.83   49.74   48.51   47.23   46.16   44.98   44.22   44.14   44.14   42.69   41.55   40.37   39.51   39.00   38.65   38.55   38.68   38.72   38.71   38.49   36.66  
47.50   48.44   48.89   49.06   49.65   50.99   52.49   54.18   54.79   54.72   55.25   56.02   56.52   56.93   56.99   57.11   57.03   57.12   57.02   57.06   56.76   56.70   55.69   55.08   54.37   53.43   52.38   51.66   51.18   50.45   49.32   48.22   47.01   45.77   44.67   43.54   42.78   42.63   42.45   41.22   40.07   38.96   38.13   37.59   37.20   37.06   37.08   37.03   37.03   36.54  
46.96   47.43   47.68   48.28   49.50   50.93   52.41   53.06   53.13   53.61   54.31   54.82   55.19   55.29   55.38   55.33   55.39   55.33   55.39   55.33   55.32   55.11   54.95   54.11   53.49   52.77   51.87   50.90   50.18   49.63   48.89   47.82   46.72   45.53   44.31   43.19   42.11   41.38   41.17   40.88   39.79   38.67   37.63   36.82   36.24   35.81   35.62   35.56   35.50   35.37  
