#Transition Function.
-0.22   1.10    -0.15  
-0.06   0.14    0.20   
-0.00   -0.00   0.00   
#Transition Function.
0.00    0.00    0.00   
0.20    0.12    0.06   
-0.22   1.05    -0.21  
#Transition Function.
-0.03   0.15    -0.02  
0.75    0.16    -0.18  
-0.06   0.27    -0.04  
#Transition Function.
-0.04   0.13    0.00   
-0.24   0.03    0.81   
-0.09   0.40    0.00   
#Transition Function.
0.52    0.44    -0.19  
0.08    0.21    -0.06  
0.00    0.00    -0.00  
#Transition Function.
-0.22   -0.37   1.53   
-0.02   -0.03   0.11   
0.00    0.00    0.00   
#Transition Function.
-0.00   0.00    0.01   
0.01    0.15    -0.03  
0.89    0.19    -0.21  
#Transition Function.
-0.00   -0.00   0.00   
-0.05   -0.00   0.31   
-0.19   -0.27   1.20   
