#Value_Function_Estimate.
17.00   17.12   17.31   17.53   17.72   17.83   17.87   17.88   17.88   17.88   17.88   17.88   17.88   17.88   17.89   17.98   18.19   18.50   18.79   18.83   18.87   18.84   18.87   18.84   18.87   18.83   18.79   18.50   18.18   17.93   17.74   17.58   17.40   17.14   16.80   16.38   15.91   15.50   15.20   14.70   14.12   13.58   13.03   12.43   11.72   10.95   10.15   9.44    8.99    8.76   
18.68   18.73   18.83   19.02   19.25   19.44   19.54   19.57   19.58   19.58   19.58   19.58   19.59   19.59   19.59   19.65   19.80   20.05   20.37   20.68   20.68   20.73   20.68   20.73   20.68   20.68   20.37   20.05   19.79   19.61   19.47   19.30   19.04   18.71   18.29   17.80   17.39   17.14   16.62   16.03   15.50   14.99   14.38   13.61   12.71   11.69   10.65   9.82    9.33    9.07   
20.51   20.53   20.56   20.66   20.83   21.06   21.25   21.33   21.36   21.37   21.38   21.38   21.41   21.46   21.47   21.51   21.60   21.76   22.01   22.35   22.69   22.62   22.72   22.62   22.69   22.35   22.01   21.76   21.58   21.45   21.28   21.03   20.70   20.28   19.78   19.36   19.20   18.66   18.06   17.55   17.06   16.47   15.68   14.68   13.51   12.20   10.97   10.08   9.60    9.30   
22.47   22.48   22.49   22.52   22.60   22.76   22.97   23.16   23.23   23.27   23.29   23.31   23.34   23.44   23.54   23.57   23.63   23.69   23.83   24.07   24.41   24.81   24.64   24.81   24.41   24.07   23.82   23.63   23.50   23.34   23.09   22.76   22.36   21.85   21.39   21.38   20.82   20.19   19.70   19.25   18.68   17.87   16.81   15.52   14.02   12.48   11.17   10.30   9.82    9.43   
24.53   24.57   24.58   24.59   24.61   24.67   24.81   25.01   25.19   25.25   25.29   25.33   25.38   25.48   25.64   25.78   25.80   25.85   25.86   25.99   26.22   26.56   27.05   26.56   26.22   25.97   25.77   25.62   25.45   25.20   24.88   24.51   23.99   23.55   23.16   23.06   22.40   21.93   21.52   21.00   20.18   19.06   17.68   16.04   14.29   12.63   11.33   10.47   9.94    9.48   
26.63   26.74   26.78   26.78   26.79   26.80   26.85   26.95   27.15   27.34   27.38   27.44   27.50   27.60   27.74   27.93   28.10   28.09   28.14   28.11   28.23   28.45   28.79   28.45   28.21   28.00   27.80   27.63   27.36   27.04   26.75   26.21   25.77   25.41   25.05   24.68   24.22   23.85   23.38   22.57   21.40   19.96   18.21   16.31   14.42   12.76   11.44   10.56   9.99    9.50   
28.67   28.91   29.01   29.05   29.04   29.05   29.05   29.09   29.18   29.38   29.59   29.59   29.68   29.80   29.94   30.10   30.31   30.49   30.44   30.51   30.45   30.55   30.77   30.54   30.32   30.07   29.88   29.60   29.25   29.06   28.48   28.05   27.72   27.38   27.00   26.57   26.24   25.81   25.02   23.83   22.33   20.48   18.46   16.43   14.55   12.85   11.52   10.60   10.00   9.50   
30.65   30.98   31.24   31.32   31.36   31.35   31.36   31.35   31.38   31.46   31.68   31.91   31.87   31.99   32.19   32.37   32.54   32.75   32.97   32.85   32.97   32.85   32.96   32.74   32.45   32.25   31.95   31.58   31.10   30.83   30.41   30.10   29.78   29.42   29.05   28.70   28.32   27.54   26.32   24.78   22.84   20.72   18.58   16.58   14.65   12.93   11.54   10.61   10.00   9.50   
32.63   32.99   33.33   33.61   33.67   33.71   33.69   33.71   33.69   33.72   33.78   34.02   34.30   34.19   34.41   34.68   34.86   35.02   35.24   35.51   35.30   35.51   35.24   34.91   34.71   34.42   34.20   33.47   32.92   32.85   32.57   32.28   31.92   31.65   31.35   30.92   30.15   28.88   27.31   25.27   23.06   20.82   18.75   16.68   14.72   12.93   11.56   10.61   10.01   9.50   
34.66   35.02   35.38   35.72   36.02   36.06   36.11   36.07   36.11   36.07   36.10   36.14   36.41   36.74   36.54   36.96   37.26   37.43   37.58   37.79   38.14   37.79   37.54   37.29   36.95   36.78   36.06   35.46   34.89   35.14   34.90   34.53   34.27   34.12   33.76   32.86   31.52   29.93   27.78   25.49   23.14   21.01   18.84   16.74   14.70   12.95   11.55   10.62   10.01   9.50   
36.79   37.10   37.45   37.81   38.15   38.50   38.49   38.56   38.49   38.56   38.44   38.41   38.56   38.84   39.26   39.03   39.66   39.95   40.10   40.23   40.45   40.23   40.01   39.73   39.40   38.66   38.19   37.57   37.29   37.62   37.23   36.97   36.84   36.67   35.70   34.26   32.65   30.37   27.98   25.64   23.37   21.10   18.90   16.71   14.73   12.94   11.56   10.61   10.01   9.50   
38.96   39.30   39.58   39.93   40.29   40.63   41.03   40.95   41.06   40.92   40.86   40.91   40.87   41.03   41.31   41.13   41.74   42.47   42.72   42.85   42.97   42.85   42.59   42.31   41.60   40.94   40.63   40.01   39.69   39.99   39.71   39.61   39.64   38.90   37.29   35.49   33.05   30.55   28.11   25.88   23.53   21.16   18.86   16.74   14.70   12.95   11.55   10.63   10.05   9.51   
41.14   41.51   41.84   42.10   42.45   42.82   43.14   43.63   43.43   43.37   43.45   43.37   43.45   43.36   43.55   43.25   43.89   44.52   45.34   45.54   45.67   45.52   45.22   44.44   43.78   43.15   43.00   42.46   42.26   42.46   42.34   42.51   42.08   40.61   38.73   35.82   33.20   30.65   28.39   25.97   23.61   21.09   18.90   16.71   14.73   12.94   11.64   10.75   10.07   9.50   
43.55   43.70   44.11   44.44   44.67   45.02   45.40   45.70   45.85   46.05   45.92   46.05   45.92   46.03   45.63   45.38   46.07   46.74   47.36   48.31   48.41   48.32   47.30   46.63   46.04   45.31   45.00   45.12   44.76   45.05   45.17   44.92   43.49   41.72   38.57   36.01   33.29   31.00   28.44   26.10   23.38   20.88   18.79   16.71   14.68   13.10   11.94   10.92   10.12   9.51   
45.86   46.19   46.49   46.80   47.07   47.28   47.65   48.13   48.39   48.46   48.73   48.51   48.72   48.38   47.86   47.49   48.28   49.02   49.69   50.27   51.41   50.34   49.58   49.03   48.30   47.39   47.57   47.42   47.40   47.59   47.49   46.38   43.98   41.27   38.83   36.02   33.33   30.98   28.77   25.95   23.50   20.87   18.16   16.32   14.84   13.56   12.31   11.20   10.25   9.54   
47.85   48.57   48.90   49.25   49.49   49.77   49.94   50.40   50.84   51.10   51.11   51.48   51.07   50.66   50.11   49.61   50.40   51.29   52.04   52.73   53.44   52.71   52.07   51.36   50.38   49.76   50.27   50.02   50.22   50.11   49.50   46.47   44.07   41.24   38.81   36.03   33.68   30.95   28.45   26.32   23.64   21.11   18.51   16.91   15.36   13.99   12.73   11.52   10.50   9.74   
48.10   50.81   51.33   51.72   51.98   52.21   52.52   52.55   53.15   53.71   53.85   53.79   53.42   52.79   52.27   51.92   52.49   53.37   54.32   55.07   55.74   55.14   54.41   53.36   52.53   52.38   52.82   53.04   52.46   52.11   49.04   46.68   43.79   41.69   38.62   36.50   33.59   31.03   28.41   26.00   23.83   21.29   19.17   17.52   15.79   14.45   13.10   11.88   10.91   10.07  
48.27   50.78   53.88   54.11   54.49   54.75   54.96   54.94   55.29   56.14   56.57   56.23   55.54   55.01   54.65   54.30   54.82   55.41   56.34   57.35   58.16   57.46   56.32   55.47   54.83   54.72   55.17   55.21   54.42   51.33   49.22   46.36   43.88   41.14   39.42   36.28   33.71   30.96   28.45   25.93   23.60   21.45   19.52   17.90   16.31   14.81   13.47   12.34   11.33   10.55  
48.12   51.04   53.41   56.51   56.90   57.31   57.56   57.57   57.72   58.28   59.21   58.33   57.78   57.47   57.21   56.89   57.25   57.78   58.34   59.34   60.54   59.27   58.42   57.77   57.36   57.38   57.95   56.91   53.67   51.72   48.80   46.43   43.81   41.10   38.46   36.48   33.58   31.03   28.41   25.95   23.58   21.58   19.88   18.25   16.64   15.18   13.96   12.79   11.94   11.21  
48.27   50.72   53.54   55.23   58.31   59.80   60.18   60.35   60.20   60.58   61.22   60.61   60.32   60.09   59.94   59.51   59.56   60.28   60.78   61.30   62.25   61.41   60.79   60.11   60.44   60.55   59.15   55.88   53.82   51.52   48.96   46.58   43.72   41.04   38.32   35.74   33.63   30.95   28.45   25.93   23.73   21.93   20.25   18.68   17.13   15.72   14.43   13.53   12.74   11.84  
48.03   50.68   52.60   55.38   57.52   60.66   62.93   63.12   62.98   63.09   63.58   63.24   63.02   62.91   62.54   62.22   62.02   62.56   63.36   63.81   64.43   63.85   63.06   63.39   63.15   61.33   58.05   56.00   53.07   51.00   49.40   46.33   43.80   40.97   38.25   35.55   33.05   30.91   28.38   25.96   24.07   22.33   20.67   19.15   17.65   16.18   15.26   14.45   13.41   12.35  
47.90   49.94   52.54   54.81   57.71   60.06   62.79   66.01   65.89   65.87   66.20   66.03   65.96   65.73   65.22   65.09   64.51   64.93   65.59   66.48   66.97   66.01   66.16   65.41   63.39   60.07   58.15   55.19   52.98   50.32   48.30   46.50   43.63   41.01   38.19   35.46   32.82   30.43   28.30   26.30   24.49   22.77   21.16   19.72   18.21   17.23   16.28   15.12   13.91   12.67  
47.30   49.77   52.10   54.84   57.25   59.89   62.81   64.70   68.14   68.72   69.07   69.10   68.91   68.27   67.84   67.55   67.25   67.58   67.97   68.66   69.11   69.01   67.82   65.53   62.26   60.21   57.22   55.07   52.34   50.10   47.63   45.61   43.65   40.88   38.20   35.41   32.77   30.62   28.62   26.73   24.95   23.29   21.78   20.45   19.30   18.19   16.94   15.60   14.20   12.82  
47.06   49.40   52.03   54.47   57.06   59.78   61.94   64.89   67.24   70.61   71.41   72.10   71.34   71.04   70.69   70.29   69.65   70.45   70.72   71.11   71.66   70.33   68.12   64.53   62.32   59.32   57.13   54.33   52.09   49.56   47.33   44.97   42.90   40.80   38.09   35.40   33.13   31.04   29.07   27.22   25.53   24.03   22.63   21.34   20.18   18.83   17.40   15.86   14.33   12.91  
46.74   49.28   51.72   54.26   56.91   59.42   62.03   64.89   67.57   70.25   73.69   74.35   74.10   74.02   73.55   72.63   72.65   72.65   73.64   74.12   72.57   70.20   67.03   64.77   61.63   59.27   56.43   54.10   51.47   49.24   46.84   44.61   42.29   40.16   37.97   35.73   33.56   31.52   29.59   27.87   26.43   25.04   23.56   22.28   20.81   19.28   17.64   15.97   14.40   13.07  
46.57   49.00   51.51   54.13   56.90   59.06   62.14   65.00   67.58   70.44   73.08   76.14   77.09   76.59   75.67   75.32   74.99   75.86   75.78   74.82   72.32   69.33   66.90   64.19   61.66   59.05   56.68   54.05   51.71   49.29   47.16   44.95   42.83   40.61   38.39   36.16   34.05   32.05   30.29   28.91   27.55   25.90   24.52   22.89   21.25   19.49   17.73   16.03   14.57   13.47  
46.33   49.00   51.66   54.27   56.52   59.47   61.74   64.49   68.01   70.22   73.16   75.93   78.18   78.86   78.59   77.94   77.96   78.27   77.06   74.92   71.67   69.43   67.34   64.67   62.06   59.77   57.10   54.85   52.30   50.10   47.74   45.58   43.32   41.09   38.81   36.66   34.61   32.82   31.49   30.13   28.31   26.87   25.07   23.33   21.43   19.56   17.77   16.19   15.02   14.11  
46.23   48.92   51.86   54.47   56.96   58.70   61.35   64.57   67.36   71.12   73.07   76.20   78.90   80.87   81.33   80.47   80.95   78.96   77.47   74.58   72.53   70.57   67.83   65.12   62.89   60.09   58.05   55.41   53.24   50.70   48.45   46.09   43.83   41.49   39.32   37.26   35.45   34.15   32.81   30.75   29.34   27.35   25.52   23.47   21.49   19.59   17.92   16.68   15.77   14.42  
46.14   49.01   51.71   54.71   55.94   58.54   61.58   64.36   67.99   70.47   74.20   75.99   79.36   82.42   83.75   83.72   81.62   80.36   77.30   75.66   73.74   71.09   68.21   66.12   63.03   61.24   58.52   56.50   53.79   51.49   48.96   46.64   44.20   42.00   39.96   38.14   36.86   35.58   33.21   31.90   29.72   27.83   25.62   23.52   21.50   19.73   18.43   17.57   16.07   14.57  
46.21   48.91   51.73   53.28   55.94   58.80   61.63   64.94   67.35   71.09   73.46   77.09   78.93   82.51   84.91   84.60   84.04   79.93   78.63   75.95   73.49   71.17   69.49   65.95   64.46   61.51   59.81   56.94   54.69   51.96   49.56   46.94   44.68   42.69   40.92   39.44   37.74   35.66   34.57   32.13   30.27   27.87   25.67   23.52   21.61   20.22   19.49   17.81   16.21   14.68  
46.11   48.84   50.89   53.68   56.11   58.87   62.02   64.30   67.96   70.28   73.58   76.06   79.82   82.53   85.45   84.03   82.65   81.20   77.67   76.19   72.93   71.01   68.90   67.86   64.38   63.10   60.05   57.99   55.06   52.64   49.78   47.41   45.44   43.74   42.24   40.04   38.11   37.40   34.56   32.82   30.23   27.94   25.64   23.60   22.06   21.52   19.63   17.95   16.33   14.67  
46.15   48.41   51.04   53.62   56.63   59.00   61.49   64.90   67.04   70.15   73.00   76.37   79.19   82.44   83.50   81.97   80.98   79.23   77.67   74.75   73.15   70.18   68.40   66.97   66.48   63.00   61.34   58.20   55.87   52.74   50.22   48.17   46.57   44.99   42.73   40.68   39.55   36.71   35.49   32.65   30.33   27.88   25.70   23.96   23.69   21.48   19.77   18.10   16.30   14.70  
46.16   48.89   51.04   53.79   56.35   58.83   62.06   63.94   66.79   69.77   73.07   75.93   79.20   80.58   80.68   79.47   78.29   77.46   75.98   74.27   71.73   70.20   67.41   65.66   64.64   64.70   61.27   59.23   55.81   53.17   50.96   49.22   47.65   45.60   43.38   41.97   39.03   37.39   34.57   32.82   30.23   27.94   25.96   25.20   22.93   21.66   19.95   18.02   16.35   14.69  
46.23   48.82   51.68   53.68   56.62   59.23   61.00   63.63   66.52   69.69   72.82   76.20   77.39   77.65   78.61   77.07   76.17   75.08   74.23   72.80   71.03   68.72   67.16   65.09   62.89   62.20   62.65   58.91   56.35   53.41   51.63   50.24   48.54   46.12   44.29   41.58   39.51   37.03   34.72   32.38   30.30   28.10   27.01   24.66   23.32   21.88   19.82   18.10   16.30   14.77  
46.16   48.94   51.47   54.55   56.32   58.16   60.63   63.42   66.39   69.55   72.77   74.29   74.92   75.23   75.39   74.98   73.69   72.90   71.95   71.05   69.65   67.87   65.68   64.01   62.70   60.21   59.82   59.66   56.66   54.55   52.74   50.74   48.32   46.51   44.30   41.69   39.60   37.22   34.89   32.72   30.37   28.99   26.48   25.24   23.15   21.41   19.92   18.02   16.43   14.78  
46.23   48.81   51.66   53.55   55.39   57.74   60.42   63.24   66.29   69.49   71.03   71.89   72.02   72.99   72.38   72.02   71.90   70.59   69.75   68.86   67.92   66.54   64.75   62.65   61.01   59.59   57.47   57.43   56.71   54.50   52.98   50.83   48.84   45.73   43.66   42.52   39.41   37.16   34.84   32.47   30.71   28.41   26.91   24.55   23.11   21.65   19.62   18.20   16.39   14.96  
46.15   48.85   50.82   52.67   54.95   57.52   60.26   63.15   66.29   67.72   68.79   69.03   69.88   69.36   69.39   69.20   69.16   68.92   67.53   66.67   65.80   64.83   63.45   61.68   59.70   58.10   56.57   54.69   54.37   53.73   51.67   50.12   48.19   46.67   43.50   41.54   39.63   37.11   34.58   32.45   30.32   28.31   26.48   24.69   22.66   21.18   20.11   18.09   16.63   14.93  
46.09   48.12   50.01   52.22   54.73   57.50   60.20   63.25   64.56   65.83   66.06   66.87   66.34   66.58   66.56   66.21   66.04   66.29   66.00   64.55   63.64   62.78   61.80   60.43   58.69   56.81   55.19   53.55   51.84   51.34   50.60   48.86   47.22   45.34   44.48   41.44   39.76   37.08   35.00   32.74   30.51   28.72   26.60   24.64   22.75   20.93   19.40   18.43   16.51   15.05  
45.44   47.37   49.56   52.04   54.93   57.40   60.43   61.60   62.93   63.67   63.94   63.44   63.68   63.49   63.56   63.45   63.16   63.01   63.49   63.14   61.56   60.61   59.82   58.85   57.47   55.77   53.94   52.24   50.57   49.04   48.45   47.67   46.07   44.33   42.90   42.61   39.62   37.61   35.25   32.85   31.10   28.79   26.75   24.75   22.86   20.98   19.26   17.78   16.65   14.95  
44.75   46.93   49.39   52.16   54.70   57.80   58.81   59.91   61.18   60.87   60.69   60.83   60.53   60.63   60.68   60.58   60.45   60.41   60.23   60.77   60.34   58.64   57.70   56.94   55.95   54.58   52.88   51.03   49.29   47.69   46.35   45.70   44.82   43.24   41.52   40.27   40.30   37.85   35.24   33.61   31.07   28.96   26.85   24.87   22.88   21.11   19.34   17.74   16.23   15.04  
44.31   46.76   49.45   52.01   54.77   55.94   57.03   58.60   57.97   58.13   57.90   57.75   57.83   57.81   57.94   57.81   57.70   57.58   57.78   57.58   58.15   57.64   55.86   54.90   54.12   53.10   51.70   49.97   48.13   46.45   44.96   43.73   42.98   42.01   40.43   38.80   37.74   37.68   36.25   33.42   31.29   29.04   26.99   24.87   23.04   21.15   19.48   17.84   16.42   15.13  
44.13   46.76   49.32   51.86   53.17   54.27   56.04   55.33   55.56   55.11   55.15   54.97   55.02   55.12   55.27   55.14   55.02   54.95   54.86   55.25   55.05   55.61   55.07   53.21   52.17   51.32   50.26   48.82   47.10   45.33   43.74   42.32   41.10   40.24   39.20   37.70   36.21   35.24   34.96   33.73   31.33   29.23   26.93   25.07   23.05   21.32   19.55   18.03   16.59   15.38  
44.08   46.62   49.02   50.42   51.57   53.22   52.88   53.07   52.57   52.63   52.28   52.27   52.38   52.61   52.56   52.51   52.38   52.27   52.45   52.39   52.77   52.58   53.12   52.64   50.62   49.47   48.54   47.44   46.00   44.33   42.66   41.13   39.69   38.45   37.51   36.45   35.03   33.66   32.76   32.38   31.60   29.08   27.21   25.01   23.26   21.36   19.77   18.17   16.86   15.46  
43.92   46.20   47.65   48.83   50.45   50.53   50.28   50.05   50.12   49.75   49.72   49.66   49.89   50.35   49.91   49.83   49.76   49.71   49.71   50.00   49.93   50.31   50.16   50.52   50.15   48.03   46.78   45.81   44.69   43.29   41.69   40.08   38.53   37.06   35.78   34.80   33.75   32.45   31.19   30.35   29.94   29.48   27.05   25.31   23.23   21.62   19.87   18.49   16.92   15.50  
43.39   44.85   46.01   47.35   47.50   48.02   47.52   47.34   47.14   47.14   46.96   47.20   47.63   48.28   47.64   47.23   47.11   47.04   47.21   47.22   47.50   47.45   47.71   47.68   48.07   47.76   45.48   44.16   43.15   42.04   40.68   39.13   37.52   35.93   34.42   33.14   32.16   31.16   29.96   28.80   28.03   27.64   27.48   25.17   23.58   21.65   20.26   18.51   16.96   15.48  
42.07   43.18   44.31   44.61   45.09   45.65   44.99   44.61   44.40   44.30   44.53   44.96   45.48   45.27   45.48   44.96   44.58   44.43   44.46   44.68   44.70   44.90   44.94   45.23   45.09   45.45   45.52   42.98   41.60   40.58   39.48   38.13   36.59   34.96   33.33   31.83   30.59   29.64   28.69   27.57   26.50   25.81   25.50   25.67   23.48   22.15   20.22   18.56   16.93   15.50  
40.39   41.37   41.76   42.22   42.77   43.50   42.72   42.14   41.77   41.93   42.33   42.77   42.68   42.81   42.68   42.77   42.34   41.98   41.91   41.96   42.13   42.21   42.44   42.43   42.68   42.82   42.97   42.80   40.50   39.11   38.07   36.96   35.61   34.06   32.41   30.80   29.34   28.17   27.25   26.33   25.28   24.31   23.71   23.52   24.17   22.01   20.30   18.52   16.96   15.48  
38.53   38.97   39.42   39.96   40.54   40.99   40.52   39.91   39.38   39.75   40.13   40.12   40.20   40.12   40.20   40.12   40.13   39.76   39.42   39.41   39.51   39.72   39.78   39.98   40.15   40.26   40.23   40.90   39.98   38.01   36.65   35.60   34.47   33.11   31.56   29.93   28.37   26.98   25.86   24.95   24.05   23.07   22.22   22.15   22.01   22.00   20.20   18.56   16.93   15.50  
36.23   36.67   37.20   37.75   38.17   38.49   38.18   37.73   37.20   37.54   37.59   37.64   37.60   37.64   37.60   37.64   37.59   37.55   37.22   36.91   37.04   37.15   37.33   37.50   37.60   37.66   38.13   37.91   38.10   37.24   35.54   34.23   33.16   32.01   30.65   29.12   27.54   26.04   24.72   23.64   22.74   21.87   20.97   20.30   20.30   20.20   19.99   18.47   16.95   15.48  
33.94   34.44   34.96   35.36   35.67   35.78   35.67   35.37   35.03   35.10   35.15   35.12   35.15   35.12   35.15   35.12   35.15   35.10   35.03   34.73   34.54   34.71   34.89   34.99   35.10   35.43   35.33   35.46   35.33   35.37   34.56   33.08   31.82   30.74   29.59   28.24   26.75   25.24   23.82   22.56   21.50   20.62   19.78   18.99   18.54   18.56   18.47   18.15   16.86   15.49  
