#Value Function.
3.8919  3.9996  4.1122  4.1132  4.1238  4.0996  4.0629  4.0314  4.0044  3.9803  3.9462  3.9350  3.9997  3.9902  3.9813  3.8163  3.8417  3.8422  3.8463  3.8399  3.8255  3.7953  3.7517  3.6964  3.7677  3.8570  3.8825  3.9083  3.9939  4.1012  4.2157  4.3110  4.4022  4.4371  4.4837  4.4978  4.5587  4.5540  4.5702  4.5741  4.6171  4.6270  4.6278  4.6276  4.6278  4.6276  4.6278  4.6275  4.6263  4.6153 
3.8904  4.0065  4.1143  4.2471  4.2194  4.1793  4.1469  4.1194  4.0955  4.0679  3.9721  3.9859  4.0776  4.1225  3.9102  3.8802  3.9098  3.9590  3.9519  3.9384  3.9070  3.8623  3.8041  3.7460  3.7740  3.8781  3.9772  3.9927  4.0119  4.1066  4.2179  4.3390  4.4340  4.5354  4.5600  4.6159  4.6176  4.6984  4.6655  4.7037  4.6970  4.7534  4.7582  4.7585  4.7582  4.7585  4.7582  4.7578  4.7503  4.7123 
3.8931  4.0020  4.1220  4.1899  4.2967  4.2639  4.2357  4.2124  4.1831  4.1585  4.0427  4.0377  4.1018  4.0739  4.0822  4.0534  4.0528  4.0650  4.0530  4.0202  3.9747  3.9131  3.8530  3.7968  3.7843  3.8802  3.9893  4.1020  4.1033  4.1145  4.2217  4.3354  4.4650  4.5568  4.6738  4.6811  4.7535  4.7140  4.8515  4.7537  4.6999  4.8455  4.8908  4.8904  4.8910  4.8904  4.8907  4.8855  4.8533  4.7513 
3.8900  4.0024  4.0775  4.1715  4.2261  4.3547  4.3330  4.2991  4.2887  4.1665  4.1208  4.1725  4.1863  4.1871  4.1863  4.1868  4.1835  4.1711  4.1361  4.0904  4.0247  3.9629  3.9028  3.8670  3.8579  3.8829  3.9900  4.1019  4.2342  4.2031  4.2187  4.3414  4.4549  4.5961  4.6798  4.8209  4.7841  4.9066  4.8406  4.9052  4.9005  4.9240  5.0247  5.0269  5.0259  5.0268  5.0237  4.9980  4.8882  4.7628 
3.8860  3.9660  4.0526  4.1164  4.2262  4.2844  4.4154  4.4221  4.3157  4.2399  4.2526  4.3039  4.3058  4.3045  4.3058  4.3029  4.2924  4.2546  4.2096  4.1386  4.0761  4.0112  3.9737  3.9663  3.9709  3.9112  3.9894  4.1030  4.1122  4.2474  4.2372  4.3340  4.4545  4.5242  4.7412  4.7801  4.9860  4.8143  4.8992  4.9871  5.0499  5.0741  5.1552  5.1648  5.1664  5.1645  5.1487  5.0262  4.8980  4.7653 
3.8549  3.9381  4.0067  4.1045  4.1732  4.2869  4.3597  4.4959  4.4287  4.3906  4.4124  4.4278  4.4256  4.4278  4.4250  4.4176  4.3755  4.3329  4.2548  4.1927  4.1232  4.0735  4.0462  4.0938  4.0211  3.9734  3.9799  4.0103  4.1097  4.0850  4.1556  4.2696  4.4063  4.5877  4.6747  4.9119  4.8694  4.9614  5.0092  5.0800  5.1227  5.1959  5.2054  5.3097  5.3070  5.3068  5.1666  5.0350  4.8978  4.7791 
3.8259  3.8982  3.9881  4.0622  4.1647  4.2453  4.3626  4.4211  4.4798  4.4776  4.5408  4.5491  4.5533  4.5495  4.5473  4.4982  4.4610  4.3727  4.3130  4.2378  4.1864  4.1581  4.1545  4.1465  4.0838  4.0573  3.9992  3.9843  3.9825  4.0052  4.0365  4.2542  4.3758  4.6055  4.7549  4.8282  4.9531  5.0554  5.1065  5.1437  5.2255  5.2594  5.3496  5.3340  5.4742  5.3083  5.1760  5.0315  4.9115  4.8109 
3.7903  3.8773  3.9663  4.0474  4.1313  4.2360  4.2998  4.3596  4.4941  4.5446  4.5864  4.6790  4.6759  4.6824  4.6218  4.5948  4.4915  4.4376  4.3547  4.3022  4.2723  4.2724  4.2677  4.2519  4.2037  4.1134  4.0510  3.9639  3.8750  3.8153  4.0151  4.2495  4.4496  4.7004  4.8117  4.9628  5.0349  5.1709  5.1919  5.2505  5.2792  5.3780  5.3953  5.5141  5.4425  5.3217  5.1682  5.0444  4.9501  4.8202 
3.8343  3.8937  3.9855  4.0811  4.1420  4.2020  4.2635  4.3644  4.4460  4.5625  4.6000  4.7140  4.8245  4.7448  4.7363  4.6101  4.5676  4.4736  4.4211  4.3885  4.3938  4.3881  4.3853  4.3397  4.3160  4.2094  4.0858  3.9265  3.7021  3.4295  3.7789  4.2629  4.5662  4.7338  5.0000  5.1132  5.2027  5.2577  5.3189  5.3293  5.4008  5.4139  5.5399  5.5303  5.3764  5.2600  5.1887  5.0281  4.9573  4.8159 
3.9227  3.9400  4.0009  4.0992  4.2022  4.2590  4.3209  4.3784  4.4783  4.5529  4.6382  4.7244  4.8189  4.8945  4.7261  4.7045  4.5933  4.5470  4.4833  4.5195  4.5103  4.5159  4.4581  4.4441  4.3826  4.2805  4.0328  3.7515  2.7932  2.1709  2.8783  3.9519  4.5649  4.8887  5.1149  5.2111  5.2493  5.3526  5.4012  5.4734  5.4662  5.5602  5.5491  5.4070  5.3511  5.1858  5.1317  4.9944  4.9178  4.8167 
4.0276  4.0347  4.0459  4.1104  4.2158  4.3282  4.3778  4.4448  4.5138  4.5714  4.6754  4.6663  4.7529  4.8922  4.8516  4.7121  4.6801  4.5906  4.5783  4.6086  4.6533  4.5762  4.5760  4.5086  4.4270  4.2070  4.0183  3.6282  2.3710  1.3401  1.8953  3.4869  4.4692  4.9909  5.1811  5.2573  5.3636  5.3836  5.5099  5.5454  5.6365  5.5872  5.4468  5.3756  5.2233  5.1622  5.0413  5.0363  4.9486  4.7981 
4.1362  4.1437  4.1486  4.1533  4.2223  4.3352  4.4599  4.5057  4.5020  4.5916  4.5994  4.6112  4.6923  4.7756  4.8421  4.8221  4.7070  4.7144  4.6421  4.6669  4.7417  4.7151  4.6306  4.6040  4.3911  4.2806  4.0453  3.7707  3.1890  2.4070  2.6851  3.5822  4.3756  4.9463  5.1887  5.3329  5.3971  5.5252  5.5145  5.6829  5.5701  5.4970  5.4373  5.3008  5.1809  5.0993  5.1217  5.0670  4.9156  4.8078 
4.2105  4.2604  4.2606  4.2663  4.2617  4.3370  4.4569  4.4491  4.4591  4.4748  4.4921  4.5605  4.6116  4.6845  4.8108  4.7968  4.8594  4.7635  4.7594  4.7511  4.7935  4.7596  4.7709  4.5968  4.5883  4.3874  4.1262  4.1697  4.2025  3.8729  3.6946  3.9155  4.4670  4.9852  5.1672  5.3407  5.4908  5.5352  5.6993  5.5152  5.5805  5.5033  5.3285  5.2537  5.1434  5.1145  5.0818  4.9400  4.9147  4.7838 
4.3236  4.3252  4.3889  4.3791  4.3880  4.3698  4.4027  4.4486  4.4693  4.4748  4.4794  4.5002  4.5588  4.6495  4.7189  4.8190  4.7968  4.8971  4.8564  4.7666  4.8947  4.8894  4.7995  4.8454  4.6962  4.3919  4.3950  4.4505  4.5101  4.5150  4.4714  4.4853  4.8211  4.9815  5.2542  5.3182  5.4933  5.6570  5.5188  5.5806  5.5328  5.3969  5.3505  5.1832  5.1687  5.0679  4.9768  4.9323  4.8175  4.7698 
4.4023  4.4536  4.4875  4.5177  4.4788  4.4628  4.4925  4.5250  4.5779  4.5967  4.6005  4.6030  4.6215  4.6664  4.7353  4.7823  4.8513  4.8014  4.8701  4.8880  4.8562  5.0548  4.9231  4.8227  4.6625  4.5965  4.6327  4.6909  4.7901  4.8784  4.8188  4.9226  4.8550  5.2427  5.3545  5.4402  5.5036  5.4199  5.5122  5.4893  5.4296  5.3554  5.2576  5.1821  5.0397  5.0228  4.9309  4.8471  4.7916  4.6918 
4.4020  4.5389  4.6587  4.6011  4.5920  4.5473  4.5817  4.6196  4.6491  4.7119  4.7271  4.7295  4.7297  4.7477  4.7943  4.8295  4.8355  4.8505  4.8966  4.8569  4.9842  4.9332  4.9786  4.7603  4.7787  4.7271  4.8130  4.9111  5.0349  5.0145  5.0756  5.1214  5.3552  5.1596  5.6777  5.5317  5.5323  5.4508  5.3783  5.3404  5.3268  5.3367  5.1941  5.0939  5.0440  5.0196  4.8916  4.7987  4.7189  4.6556 
4.4102  4.5249  4.5987  4.7298  4.6687  4.6746  4.6231  4.7175  4.7495  4.7747  4.8517  4.8601  4.8621  4.8595  4.8767  4.9306  5.0174  4.9297  4.9851  5.0515  4.9857  5.0679  4.8583  4.8044  4.7952  4.9073  4.9619  5.0880  5.1022  5.2412  5.2040  5.4135  5.2550  5.4030  5.4780  5.7587  5.5354  5.5602  5.3923  5.2934  5.3077  5.2520  5.1643  5.0520  4.9616  4.9111  4.8729  4.7615  4.6701  4.5911 
4.4550  4.5197  4.6440  4.6818  4.8153  4.7476  4.7189  4.7440  4.8603  4.8819  4.9009  4.9985  4.9952  4.9924  4.9355  5.0418  4.9348  4.9217  5.0497  5.0778  5.2190  4.9963  4.8849  4.8094  4.9644  5.0420  5.1123  5.1865  5.3059  5.3123  5.4423  5.3504  5.3729  5.4839  5.6442  5.4667  5.6667  5.5307  5.4392  5.3270  5.3058  5.2517  5.1573  5.0770  4.9962  4.9198  4.8089  4.7363  4.6338  4.5431 
4.4598  4.5905  4.6368  4.7883  4.7124  4.8518  4.8198  4.8222  4.8677  5.0115  5.0164  5.0265  5.1544  5.0276  5.1330  5.0140  4.9328  5.0534  5.1101  5.2571  5.0568  4.9886  4.8107  4.9738  5.0037  5.1155  5.2461  5.4102  5.3527  5.4805  5.4145  5.3829  5.5017  5.5888  5.3934  5.6001  5.4603  5.5993  5.4587  5.4659  5.3360  5.2745  5.2180  5.1334  5.0619  4.9415  4.8388  4.7289  4.6217  4.5167 
4.4633  4.5860  4.7320  4.6475  4.7490  4.7486  4.8933  4.8827  4.9568  4.9832  5.1756  5.1341  5.1174  5.2836  5.0821  4.9834  5.1031  5.1225  5.2825  5.1033  5.0526  4.9205  4.9568  4.9509  5.0484  5.2098  5.3156  5.3757  5.4565  5.4641  5.3725  5.4812  5.5542  5.3939  5.4739  5.3797  5.4339  5.4749  5.6403  5.4738  5.4171  5.3933  5.2726  5.2098  5.0761  4.9746  4.8604  4.7504  4.6445  4.5390 
4.4600  4.5917  4.6478  4.7174  4.7532  4.8425  4.8222  4.9101  4.9337  5.0959  5.0835  5.2533  5.1828  5.1533  5.1141  5.1449  5.1460  5.3341  5.2441  5.0869  5.0025  5.0106  4.8880  4.9528  5.0722  5.1819  5.3026  5.3654  5.4091  5.3745  5.4674  5.5053  5.3735  5.4188  5.4301  5.3880  5.3061  5.4299  5.4322  5.5788  5.5583  5.4082  5.3652  5.2120  5.1147  4.9952  4.8822  4.7743  4.6657  4.5732 
4.4562  4.5216  4.5853  4.6283  4.7027  4.7281  4.8274  4.8662  4.9444  4.9691  5.1041  5.1747  5.1847  5.1123  5.1537  5.1780  5.4138  5.3391  5.1210  5.0649  5.1379  4.9678  4.8947  5.0184  5.0832  5.2153  5.2724  5.2646  5.3023  5.3758  5.4156  5.3123  5.3326  5.4021  5.3105  5.3333  5.2694  5.2799  5.3640  5.4187  5.4888  5.5309  5.3476  5.2599  5.1331  5.0173  4.9078  4.7931  4.7045  4.5965 
4.4348  4.4941  4.5502  4.6010  4.6606  4.7451  4.8631  4.8572  4.9229  5.0045  5.0912  5.1442  5.0858  5.2156  5.2218  5.3566  5.4069  5.2070  5.1158  5.1256  4.9906  4.9797  4.9761  5.0204  5.1679  5.1788  5.1475  5.2031  5.3346  5.3275  5.2991  5.2514  5.2483  5.2471  5.3380  5.3259  5.2143  5.2116  5.2341  5.2958  5.3764  5.3691  5.4148  5.2740  5.1555  5.0458  4.9224  4.8386  4.7251  4.6273 
4.5052  4.5607  4.6209  4.6788  4.7287  4.7879  4.8003  4.8656  4.9289  5.0674  5.0978  5.0712  5.1863  5.2909  5.3858  5.3859  5.2399  5.1706  5.1466  5.0203  4.9242  4.9603  5.0003  5.1241  5.1343  5.0434  5.1188  5.2763  5.2386  5.1956  5.1824  5.1542  5.1168  5.2030  5.3532  5.2520  5.2879  5.1442  5.1508  5.2212  5.2265  5.2628  5.2547  5.2872  5.1888  5.0527  4.9781  4.8539  4.7622  4.6311 
4.5784  4.6334  4.6879  4.7510  4.8110  4.8596  4.8992  4.9694  4.9969  5.0723  5.1105  5.1888  5.2682  5.4026  5.4355  5.2768  5.2393  5.2256  5.0350  4.9630  4.9175  5.0424  5.1000  5.1325  5.0070  5.0438  5.1926  5.1600  5.1331  5.0968  5.0588  5.0442  5.1269  5.2576  5.3193  5.3062  5.2134  5.2111  5.0708  5.0879  5.1363  5.1299  5.1398  5.1306  5.1618  5.1244  4.9834  4.9007  4.7613  4.6345 
4.6441  4.7099  4.7630  4.8181  4.8846  4.9471  4.9964  5.0314  5.1149  5.1766  5.2488  5.3202  5.4341  5.4768  5.3181  5.2482  5.2982  5.1445  4.9658  4.8810  5.0141  5.0428  5.1943  5.0510  5.0168  5.0956  5.0797  5.0501  5.0272  5.0666  5.1198  5.1219  5.1808  5.2420  5.2639  5.1662  5.1297  5.1886  5.1519  5.0414  5.0174  5.0573  5.0000  5.0182  5.0122  5.0698  5.0457  4.8919  4.7664  4.6316 
4.6845  4.7796  4.8430  4.8958  4.9512  5.0218  5.0869  5.1374  5.1641  5.3093  5.3834  5.4446  5.4967  5.3418  5.3132  5.2935  5.2550  5.0508  4.9592  4.9226  5.0086  5.1697  5.0282  4.9834  5.0521  4.9935  4.9639  4.9654  5.0515  5.1837  5.2171  5.2675  5.2544  5.3605  5.1589  5.0995  5.0383  5.0355  5.1674  5.1672  5.0830  5.0818  5.0159  5.0035  4.9292  4.9171  4.9286  4.8947  4.7606  4.6345 
4.7216  4.8175  4.9179  4.9793  5.0319  5.0871  5.1629  5.2305  5.3419  5.3708  5.4941  5.6142  5.4122  5.3383  5.2084  5.2707  5.1373  5.0492  4.9185  4.9495  5.0625  5.0050  4.9811  4.9643  4.9197  4.9098  4.9324  5.0341  5.1699  5.2638  5.3334  5.3579  5.4800  5.3733  5.1681  5.0469  4.9860  5.0140  5.0317  5.1536  5.2333  5.1457  5.1514  5.0658  4.9911  4.9175  4.8404  4.7966  4.7513  4.6294 
4.7612  4.8552  4.9515  5.0611  5.1185  5.1716  5.2258  5.3424  5.4328  5.5534  5.6135  5.4273  5.4367  5.2713  5.2379  5.2552  5.1066  4.9969  4.9220  4.9661  4.9224  4.9039  4.9190  4.8459  4.8789  4.9399  5.0141  5.1255  5.2836  5.3252  5.4111  5.5976  5.5995  5.2992  5.2579  5.1339  5.0032  4.9879  5.0087  5.0815  5.1983  5.3093  5.2047  5.1292  5.0554  4.9703  4.9288  4.8054  4.6787  4.6137 
4.7919  4.8975  4.9903  5.0879  5.2100  5.2604  5.3526  5.4285  5.5765  5.5257  5.4505  5.4407  5.2996  5.2184  5.3277  5.1561  5.0543  4.9095  4.9096  4.8462  4.8563  4.8940  4.9189  4.9164  4.9549  5.0141  5.0973  5.2608  5.3155  5.4399  5.5645  5.6344  5.5084  5.4065  5.2389  5.2005  5.1685  4.9883  4.9698  5.0506  5.1051  5.1974  5.3055  5.2006  5.1000  5.0777  4.9398  4.8096  4.6777  4.5569 
4.8272  4.9268  5.0361  5.1285  5.2262  5.4028  5.4628  5.6425  5.4752  5.4262  5.3741  5.3103  5.2790  5.3375  5.2357  5.1165  4.9631  4.8542  4.7982  4.8282  4.8487  4.9603  4.9955  5.0648  5.0454  5.1326  5.2044  5.3028  5.4226  5.4728  5.4967  5.4455  5.5589  5.4085  5.3886  5.2441  5.1450  5.1357  4.9809  5.0198  5.0560  5.1429  5.1347  5.2936  5.2356  5.0760  4.9440  4.8075  4.6789  4.5500 
4.8676  4.9633  5.0629  5.1793  5.3018  5.4248  5.5994  5.4826  5.4715  5.3381  5.2806  5.2296  5.3199  5.2616  5.1315  5.0329  4.9557  4.8708  4.9462  4.8970  4.9843  5.0533  5.1312  5.1243  5.2364  5.2722  5.3878  5.3830  5.4686  5.5414  5.4986  5.4644  5.5321  5.5520  5.4236  5.3400  5.2323  5.1680  5.1836  5.0289  5.0204  5.0121  5.1317  5.1325  5.1428  5.0824  4.9403  4.8097  4.6777  4.5501 
4.9062  5.0057  5.1010  5.2390  5.2856  5.4273  5.4282  5.4336  5.3445  5.3113  5.2233  5.3859  5.3179  5.1720  5.0928  4.9912  4.8981  4.9588  5.0023  5.1022  5.1152  5.2085  5.1819  5.3047  5.3387  5.4801  5.3928  5.5452  5.5951  5.5996  5.4858  5.4286  5.5572  5.5837  5.4843  5.4241  5.3140  5.2305  5.1317  5.1781  5.0219  4.9859  4.9949  5.0021  4.9961  4.9966  4.9353  4.8065  4.6788  4.5493 
4.8963  5.0520  5.1903  5.1949  5.2654  5.2821  5.2861  5.2829  5.2733  5.2575  5.3992  5.3560  5.2142  5.1410  5.0347  4.9246  4.8974  5.0162  5.1016  5.1321  5.2576  5.2430  5.3873  5.4202  5.5463  5.4150  5.4876  5.5297  5.6493  5.5078  5.4402  5.3975  5.4447  5.5784  5.6232  5.4541  5.3943  5.2949  5.2333  5.1715  5.1358  5.0067  4.9586  4.8717  4.8669  4.8619  4.8549  4.7935  4.6751  4.5496 
4.9054  4.9983  5.0640  5.1170  5.1382  5.1452  5.1649  5.2335  5.2613  5.4419  5.3250  5.1860  5.1391  5.0599  4.9380  4.8912  4.9762  5.0746  5.1544  5.2511  5.2591  5.4274  5.4430  5.5976  5.4656  5.4662  5.5272  5.7006  5.4639  5.5380  5.3855  5.3067  5.4193  5.4755  5.5555  5.6145  5.4357  5.3771  5.3389  5.3022  5.1754  5.1054  4.9834  4.9567  4.8325  4.7897  4.7361  4.7181  4.6566  4.5448 
4.8541  4.8926  4.9748  4.9986  5.0159  5.1033  5.1927  5.2532  5.4249  5.3598  5.2302  5.1543  5.0199  4.9424  4.9554  4.9927  5.0746  5.1069  5.2191  5.2942  5.4096  5.4398  5.6027  5.4985  5.4640  5.5352  5.6456  5.4771  5.6110  5.4154  5.4539  5.2984  5.3308  5.4042  5.4652  5.6317  5.5629  5.4847  5.4568  5.3544  5.2548  5.1466  5.1106  4.9543  4.9282  4.8429  4.8137  4.7059  4.6273  4.5294 
4.7619  4.8332  4.8632  4.8897  4.9873  5.1410  5.2306  5.2950  5.2942  5.3098  5.1639  5.0608  5.0259  5.0803  5.1068  5.1339  5.1200  5.2514  5.3169  5.4321  5.4924  5.5878  5.5787  5.5160  5.4637  5.5292  5.4541  5.6100  5.4760  5.5636  5.4154  5.3826  5.2795  5.3266  5.4529  5.4560  5.6976  5.6181  5.5026  5.3951  5.3357  5.2284  5.1052  5.0751  4.9676  4.9599  4.8325  4.7592  4.6575  4.5598 
4.6956  4.7314  4.7649  4.8569  4.9942  5.0858  5.1463  5.1621  5.2459  5.2047  5.1253  5.1041  5.1685  5.2048  5.2592  5.2434  5.3012  5.3692  5.4642  5.5198  5.6807  5.6246  5.5476  5.4895  5.4168  5.4083  5.4353  5.4443  5.5601  5.5208  5.5201  5.3589  5.3591  5.2955  5.3317  5.4846  5.4936  5.6936  5.5380  5.4900  5.3741  5.2708  5.1958  5.1588  5.1165  4.9585  4.8961  4.7869  4.6874  4.6008 
4.6013  4.6417  4.7288  4.8530  4.9443  5.0050  5.0469  5.1297  5.0891  5.0811  5.0999  5.2191  5.2844  5.3113  5.3460  5.4152  5.4714  5.5335  5.5548  5.6656  5.5857  5.5661  5.4595  5.4400  5.3506  5.3375  5.4615  5.4807  5.4101  5.5261  5.5024  5.4135  5.3159  5.2358  5.3225  5.3538  5.4475  5.4667  5.6304  5.5272  5.4076  5.3726  5.2475  5.1394  5.1033  5.0423  4.9192  4.8157  4.7337  4.6239 
4.5188  4.6032  4.7168  4.8066  4.8684  4.9200  5.0394  4.9741  4.9829  5.0531  5.1708  5.2767  5.3707  5.4350  5.4561  5.4888  5.5671  5.6213  5.7214  5.6770  5.4981  5.4194  5.4735  5.3838  5.3743  5.3012  5.3317  5.4531  5.4309  5.3768  5.5427  5.4601  5.3811  5.2941  5.2537  5.2897  5.2893  5.4035  5.4508  5.6115  5.5339  5.3942  5.2549  5.1844  5.1250  5.0229  4.9585  4.8701  4.7508  4.6694 
4.4786  4.5851  4.6727  4.7357  4.7923  4.8887  4.8911  4.9442  5.0131  5.0959  5.2199  5.3332  5.4221  5.5234  5.5904  5.6038  5.6349  5.7694  5.7639  5.5545  5.5343  5.3795  5.3244  5.4116  5.3719  5.3053  5.2879  5.3045  5.4380  5.3519  5.3534  5.5329  5.4320  5.4091  5.2862  5.2431  5.2472  5.2706  5.3874  5.4270  5.5436  5.3971  5.2798  5.1498  5.0498  4.9829  4.9233  4.9260  4.8096  4.6617 
4.4558  4.5424  4.6064  4.6652  4.7471  4.7701  4.8654  4.9490  5.0905  5.1497  5.2596  5.3649  5.4841  5.5693  5.6810  5.7535  5.7808  5.7628  5.7032  5.6839  5.5132  5.4419  5.3335  5.2643  5.3713  5.2933  5.2544  5.2691  5.2414  5.3704  5.3519  5.3599  5.5754  5.4192  5.3976  5.2763  5.2377  5.2299  5.2424  5.3316  5.3553  5.4281  5.2895  5.1802  5.0601  4.9728  4.8744  4.7998  4.7807  4.6727 
4.4142  4.4803  4.5400  4.6126  4.6496  4.7451  4.8852  5.0050  5.0779  5.1313  5.2771  5.4080  5.5107  5.6407  5.7203  5.7161  5.6445  5.6641  5.6142  5.6574  5.5989  5.4737  5.4191  5.2794  5.2244  5.2948  5.2566  5.2216  5.2090  5.2142  5.2453  5.3968  5.3977  5.5633  5.4082  5.3947  5.2578  5.1587  5.1789  5.1924  5.2506  5.3211  5.3260  5.1954  5.1130  5.0064  4.9333  4.8417  4.7403  4.6476 
4.3558  4.4174  4.4866  4.5558  4.6562  4.7591  4.8738  5.0247  5.0669  5.1348  5.2721  5.4256  5.5612  5.6212  5.5658  5.6706  5.6704  5.5680  5.5490  5.5013  5.6309  5.5821  5.4192  5.3251  5.1830  5.1489  5.2383  5.2298  5.1641  5.1144  5.2370  5.2680  5.3920  5.3841  5.5626  5.3976  5.3017  5.1985  5.0863  5.1050  5.1371  5.2235  5.3089  5.2590  5.1401  5.0728  4.9780  4.8715  4.7747  4.6619 
4.3005  4.4060  4.4958  4.6049  4.6797  4.7863  4.8900  5.0008  5.0877  5.1314  5.2779  5.4155  5.5785  5.4887  5.5078  5.5239  5.5815  5.5452  5.5046  5.4615  5.4598  5.5393  5.4803  5.3203  5.2238  5.0871  5.0935  5.1298  5.1386  5.0890  5.1344  5.2346  5.2570  5.3909  5.3864  5.4493  5.3430  5.2318  5.0814  5.0035  5.0744  5.1047  5.1713  5.3086  5.2172  5.1182  5.0054  4.9094  4.7964  4.6608 
4.2910  4.4103  4.5336  4.6184  4.7392  4.8048  4.9210  5.0031  5.0048  5.1346  5.2702  5.4088  5.4090  5.4169  5.3793  5.4236  5.4139  5.4260  5.4127  5.4107  5.4302  5.3853  5.3870  5.3765  5.2134  5.0825  4.9885  5.0000  5.0076  5.0475  5.0354  5.1242  5.2316  5.2483  5.2979  5.3341  5.3829  5.2195  5.0886  4.9516  4.9704  5.0277  5.0982  5.1242  5.2940  5.1434  5.0480  4.9334  4.7911  4.6648 
4.2894  4.4135  4.5333  4.6663  4.7413  4.8803  4.9012  4.8838  4.9963  5.1267  5.2484  5.2644  5.2699  5.2653  5.2723  5.2707  5.2779  5.2709  5.2778  5.2947  5.3701  5.3583  5.2538  5.2424  5.2152  5.0743  4.9492  4.8759  4.9118  4.9680  5.0353  5.0206  5.0989  5.1538  5.1911  5.2308  5.2193  5.2182  5.0798  4.9504  4.8928  4.9569  4.9971  5.1128  5.0851  5.1899  5.0752  4.9220  4.7978  4.6609 
4.2910  4.4108  4.5380  4.6582  4.8054  4.8177  4.7698  4.8627  4.9859  5.0953  5.1215  5.1272  5.1248  5.1296  5.1297  5.1346  5.1308  5.1375  5.1575  5.2165  5.2166  5.2235  5.2038  5.1212  5.1005  5.0621  4.9373  4.8208  4.8335  4.8879  4.9047  4.9530  4.9681  5.0368  5.0846  5.0811  5.0878  5.0797  5.0627  4.9417  4.8241  4.8686  4.9611  4.9650  5.0365  5.0316  5.0354  4.9321  4.7910  4.6648 
4.2894  4.4134  4.5326  4.6600  4.6848  4.6778  4.7338  4.8483  4.9484  4.9810  4.9881  4.9874  4.9908  4.9918  4.9954  4.9938  5.0008  5.0219  5.0696  5.0767  5.0815  5.0775  5.0801  5.0564  4.9889  4.9615  4.9157  4.8034  4.7518  4.7751  4.8169  4.8616  4.9036  4.9585  4.9450  4.9492  4.9453  4.9490  4.9414  4.9144  4.8069  4.8180  4.8372  4.8923  4.8968  4.8996  4.8966  4.8878  4.7930  4.6603 
4.2896  4.4068  4.5202  4.5533  4.5565  4.6095  4.7126  4.8050  4.8418  4.8508  4.8513  4.8540  4.8554  4.8583  4.8583  4.8657  4.8869  4.9265  4.9376  4.9418  4.9396  4.9419  4.9394  4.9385  4.9130  4.8560  4.8240  4.7734  4.6771  4.6849  4.7279  4.7693  4.8112  4.8122  4.8201  4.8112  4.8130  4.8106  4.8124  4.8038  4.7706  4.7077  4.7526  4.7623  4.7648  4.7631  4.7648  4.7617  4.7442  4.6549 
