#Value Function.
90.10   104.36  109.74  114.19  118.15  119.90  120.52  120.43  117.68  114.32  110.92  107.63  104.42  101.32  100.78  103.67  106.95  109.71  111.48  111.89  110.67  109.92  108.86  112.45  116.89  120.77  123.11  127.65  133.82  139.61  141.22  149.16  159.13  167.42  175.23  179.54  186.02  192.71  199.60  206.67  213.93  221.37  228.90  235.57  237.68  238.67  237.57  231.08  224.47  217.76 
104.01  109.34  113.73  118.26  122.57  124.22  124.46  121.35  117.82  114.32  110.95  107.65  104.44  101.57  103.71  107.11  110.61  113.52  115.40  113.81  113.25  111.56  112.32  116.77  121.62  125.76  127.63  132.39  139.03  145.55  145.68  154.48  165.29  173.65  182.13  185.74  192.69  199.60  206.69  213.97  221.45  229.12  237.00  244.41  246.09  245.57  238.15  231.37  224.49  217.86 
106.54  110.26  113.60  120.59  127.15  128.66  125.05  121.36  117.86  113.69  110.57  107.63  104.45  103.39  106.97  110.64  114.34  117.37  119.24  117.37  117.47  116.28  115.19  119.35  124.28  129.10  133.29  137.41  141.91  146.84  152.43  161.13  171.45  180.70  185.68  191.83  198.85  206.05  213.46  221.09  228.92  236.97  245.20  253.59  253.93  245.20  238.36  231.24  224.56  217.82 
109.40  113.16  116.64  124.46  133.23  128.81  124.97  121.41  117.81  109.01  96.79   96.91   100.97  104.31  109.36  113.87  118.31  121.12  119.47  120.93  120.36  120.67  118.58  120.55  126.93  131.89  136.77  141.86  147.20  152.79  158.76  167.53  176.31  183.00  189.54  196.46  203.69  211.17  218.92  226.97  235.34  244.08  253.25  263.37  248.72  242.29  237.70  231.25  224.48  217.86 
112.83  117.11  121.58  126.39  126.88  128.60  124.90  121.02  117.59  95.66   74.09   79.60   96.27   104.09  110.42  119.96  121.35  123.44  124.73  123.53  124.17  124.72  124.52  123.51  129.49  135.75  140.95  146.31  151.86  157.57  164.12  171.79  178.80  185.37  192.11  199.07  206.26  213.66  221.28  229.12  237.17  245.46  250.89  235.76  230.78  226.55  228.14  230.34  224.37  217.79 
114.00  118.08  122.24  123.07  122.81  122.92  123.79  120.07  112.54  86.06   68.25   73.05   100.50  116.18  122.76  123.84  126.22  129.10  128.84  129.15  127.92  128.90  129.16  127.21  133.12  139.35  144.74  150.26  156.11  161.04  168.02  173.90  180.32  186.86  193.58  200.50  207.62  214.94  222.47  230.20  237.91  242.83  240.77  226.13  216.89  216.87  220.50  221.96  222.75  217.52 
114.54  118.34  119.74  122.10  122.11  123.41  119.79  119.55  115.07  100.23  98.38   98.76   119.32  129.60  135.03  132.13  133.50  131.61  132.94  134.12  133.86  132.93  132.39  130.60  135.35  142.12  147.86  153.71  158.91  165.01  168.86  175.02  181.36  187.89  194.59  201.50  208.60  215.90  223.39  230.58  235.19  235.42  233.78  225.98  224.72  211.94  215.31  216.03  215.57  215.47 
114.66  117.08  120.88  122.46  121.77  119.81  119.42  116.61  115.47  107.93  109.24  117.48  128.45  136.94  140.72  142.07  137.69  136.81  137.29  138.67  138.78  137.58  136.29  135.38  137.47  142.88  148.71  153.36  159.26  163.68  169.58  175.89  182.23  188.76  195.48  202.39  209.50  216.71  223.47  227.85  228.74  229.81  226.23  225.86  214.00  213.51  209.51  209.27  209.54  209.14 
113.75  117.37  121.33  120.65  119.01  118.09  116.46  117.60  120.23  117.67  113.12  124.85  135.66  142.88  145.73  148.93  146.74  144.24  142.77  142.71  142.74  142.21  140.66  137.74  138.38  143.74  148.27  152.39  158.35  162.31  169.61  176.69  183.05  189.59  196.33  203.24  210.20  216.58  220.79  222.20  224.53  224.14  224.34  214.40  213.31  207.70  206.79  203.64  203.14  203.18 
113.87  117.31  117.34  117.67  117.01  115.60  117.71  121.25  124.92  127.54  127.06  129.45  140.68  151.30  153.35  155.25  155.87  152.09  147.64  146.84  146.22  145.69  144.82  142.15  139.79  143.56  148.05  153.42  159.11  164.93  171.18  177.48  183.86  190.42  197.14  203.83  209.88  213.99  215.86  218.94  221.40  222.18  216.12  215.36  210.02  207.55  202.07  200.44  197.82  197.09 
113.46  113.92  114.16  113.97  114.60  117.63  121.28  125.19  129.15  132.32  134.22  140.09  143.63  151.81  164.18  162.77  161.96  157.44  153.41  152.00  149.83  148.91  147.83  146.40  145.55  143.76  148.80  154.34  160.06  165.96  172.03  178.27  184.66  191.18  197.63  203.39  207.43  209.81  214.24  217.15  218.06  213.68  212.34  209.65  208.46  204.02  201.05  196.40  194.36  192.01 
110.52  110.82  111.13  114.07  117.43  121.21  125.17  129.25  133.45  137.73  140.58  147.35  154.23  156.49  166.23  172.75  165.59  163.08  158.92  157.32  153.09  152.04  150.38  149.88  147.03  145.79  149.54  155.11  160.84  166.74  172.81  179.04  185.37  191.57  197.09  201.11  204.09  210.27  214.57  215.53  215.75  210.13  207.11  205.84  203.55  201.91  198.04  194.85  190.75  188.43 
107.79  110.09  113.30  116.94  120.78  124.78  128.94  133.26  137.75  142.50  147.15  154.36  160.03  164.61  174.86  172.35  173.26  165.72  164.00  161.05  158.44  156.18  154.46  150.89  150.07  147.30  150.25  155.83  161.58  167.49  173.55  179.69  185.68  191.00  195.14  199.55  206.20  211.73  213.28  214.55  208.43  207.87  203.98  201.13  199.61  197.52  195.62  192.13  188.88  185.10 
108.99  112.42  116.03  119.79  123.66  127.65  131.76  136.02  141.65  147.18  154.24  160.00  165.33  171.52  179.89  176.04  170.00  169.47  165.98  165.56  161.40  161.17  156.33  154.58  151.25  149.86  150.98  156.54  162.30  168.20  174.16  179.93  185.09  189.33  193.97  200.58  207.72  210.91  210.64  211.23  205.77  202.38  201.33  197.95  195.25  193.57  191.60  189.55  186.32  183.03 
111.72  115.37  119.07  122.87  126.77  130.75  134.64  138.13  146.46  153.09  158.91  164.19  169.90  175.78  178.90  178.61  170.72  171.27  166.36  164.29  168.07  161.03  161.12  155.90  154.11  152.16  151.95  157.25  162.99  168.76  174.34  179.36  183.65  188.32  194.55  201.06  204.41  205.62  207.72  208.11  205.69  199.94  196.61  195.07  192.04  189.48  187.71  185.79  183.68  180.58 
115.00  118.81  122.69  126.68  130.78  135.00  139.05  141.40  149.66  156.91  162.14  168.01  172.69  178.69  176.26  181.33  177.06  170.60  167.52  165.45  164.95  166.30  162.02  160.13  156.72  154.52  154.61  157.90  163.50  168.90  173.79  178.11  182.77  188.67  194.67  198.24  201.13  201.37  203.16  207.46  206.45  199.29  194.17  190.91  189.05  186.27  183.83  182.01  180.12  177.91 
118.33  122.30  126.35  130.54  134.88  139.38  144.05  148.95  154.39  159.66  165.15  168.97  174.66  173.22  174.46  177.59  175.50  171.91  170.96  170.79  169.67  167.66  167.07  164.26  162.18  159.67  158.67  158.51  163.60  168.38  172.69  177.32  182.92  188.52  192.19  194.95  196.75  198.31  201.57  204.41  205.57  199.94  193.48  188.53  185.31  183.24  180.64  178.30  176.45  174.52 
121.25  125.29  129.40  133.64  138.01  142.51  147.14  151.90  156.77  162.30  165.26  170.25  171.08  170.77  172.72  172.88  174.34  175.59  175.44  175.94  175.89  175.36  170.81  168.59  167.55  165.32  162.74  162.89  163.11  167.41  171.97  177.30  182.57  186.27  188.98  190.89  193.78  195.32  198.15  199.73  204.34  199.23  193.81  187.78  183.01  179.82  177.61  175.14  172.89  170.98 
123.89  127.97  132.11  136.38  140.78  145.30  149.97  154.78  160.42  162.59  167.23  170.34  168.95  170.72  177.59  171.41  180.83  179.01  180.89  180.69  181.05  179.67  178.67  173.52  171.25  171.04  169.23  164.69  163.40  166.74  171.83  176.81  180.49  183.18  185.31  188.72  191.32  191.97  194.02  197.93  200.92  197.87  193.17  187.88  182.20  177.61  174.44  172.15  169.78  167.55 
126.56  130.67  134.84  139.13  143.54  148.06  152.71  157.71  160.45  165.54  171.07  168.60  168.68  174.15  172.87  174.88  182.22  186.49  184.34  186.31  184.50  184.15  182.43  180.31  175.82  175.30  171.59  169.39  164.08  166.49  171.23  174.86  177.55  179.80  182.90  185.50  189.05  188.55  191.86  194.74  197.56  194.74  191.72  187.24  182.11  176.74  172.33  169.19  166.85  164.49 
129.53  133.73  138.00  142.38  146.87  151.47  157.72  159.89  165.48  171.05  166.87  167.16  171.33  172.52  172.49  175.48  178.34  187.23  192.02  189.33  189.43  187.35  186.44  182.21  180.68  175.94  175.30  171.00  166.93  165.75  169.37  172.07  174.39  177.29  180.04  184.65  187.06  185.58  188.85  191.52  194.42  191.53  188.83  185.75  181.46  176.51  171.41  167.16  164.06  161.63 
132.79  137.14  141.58  146.17  150.95  155.93  159.38  163.91  169.46  166.83  167.27  170.31  171.31  169.03  170.99  175.76  181.31  182.99  185.92  194.99  192.26  192.03  187.47  185.21  180.42  180.70  175.53  172.73  169.02  165.04  166.68  169.07  171.85  174.70  178.75  181.07  180.91  183.06  185.71  188.16  187.83  188.17  185.71  183.06  179.96  175.83  171.06  166.20  162.10  158.98 
136.01  140.39  144.83  149.36  153.99  159.23  164.12  166.73  166.93  166.83  168.78  171.04  166.34  166.68  171.05  176.03  178.25  181.44  183.01  192.59  197.97  192.35  189.92  184.91  182.30  180.34  177.67  173.60  170.76  165.93  163.86  166.43  169.42  173.06  175.30  175.65  177.52  180.00  182.16  182.21  182.40  182.21  182.17  180.01  177.42  174.34  170.34  165.75  161.12  157.11 
139.61  144.18  148.84  153.65  158.74  163.28  167.15  166.25  166.39  168.81  171.12  166.38  165.91  166.46  171.00  173.55  176.52  179.28  184.45  190.81  192.88  195.54  189.87  186.49  181.23  177.68  177.79  175.79  170.47  166.10  161.74  163.78  165.75  169.63  170.43  172.14  174.44  176.38  176.66  176.80  176.69  176.78  175.44  173.43  173.24  171.79  168.85  164.99  160.58  156.09 
143.05  147.75  152.53  157.46  162.92  168.60  166.94  166.50  169.70  170.45  166.31  165.97  162.37  166.17  168.93  171.84  175.38  180.38  186.02  190.89  191.44  191.62  191.91  186.15  181.43  176.54  173.32  172.83  170.67  165.92  161.61  160.59  162.59  164.67  166.89  169.02  170.79  171.23  171.36  171.30  171.36  171.30  169.33  167.09  167.89  167.75  166.31  163.50  159.78  155.49 
146.10  150.94  155.85  160.89  166.08  166.83  166.50  168.57  170.57  165.87  165.40  162.18  161.57  164.46  167.95  172.79  178.01  184.92  191.91  189.68  194.66  188.91  189.60  186.46  181.23  176.54  171.96  168.97  168.03  165.77  161.44  157.52  158.77  160.38  163.73  165.37  165.92  166.06  166.03  166.07  166.03  166.07  164.40  161.70  162.43  162.65  162.41  160.98  158.29  154.65 
148.48  153.49  158.62  163.95  164.70  167.11  169.16  172.35  167.14  165.59  161.80  160.68  160.79  165.39  170.30  175.82  182.11  187.55  186.56  189.05  191.32  189.64  185.34  184.27  181.20  176.38  171.79  167.49  164.65  163.37  161.04  157.08  155.55  158.43  160.11  160.72  160.89  160.89  160.91  160.89  160.91  160.89  160.42  157.29  157.48  157.41  157.54  157.21  155.80  153.15 
149.51  154.41  159.39  163.64  165.40  166.91  170.63  166.59  167.01  162.94  160.90  159.05  163.48  168.56  174.38  178.90  182.94  182.82  184.82  187.96  189.04  190.61  184.89  180.75  179.15  176.12  171.63  167.19  163.13  160.38  158.86  156.49  153.35  154.98  155.65  155.85  155.87  155.89  155.87  155.89  155.87  155.89  155.75  153.27  152.43  152.57  152.50  152.55  152.16  150.70 
150.15  154.95  158.93  160.90  162.42  165.01  166.57  165.47  162.52  162.06  158.70  161.76  166.89  173.05  176.27  178.42  178.25  180.76  186.11  186.55  184.16  187.10  185.11  180.05  176.19  174.21  171.20  166.98  163.09  160.33  157.14  154.58  152.11  150.71  150.94  150.97  150.99  150.98  150.99  150.98  150.99  150.98  150.73  147.44  145.71  150.99  150.72  148.31  147.76  147.19 
150.57  154.40  156.50  158.08  160.01  162.17  163.78  162.20  160.81  158.34  160.64  165.23  171.54  172.23  173.45  173.78  176.20  181.02  186.30  194.43  185.64  181.61  184.51  180.35  177.83  173.27  169.94  167.45  164.86  161.50  158.38  154.43  150.56  148.04  146.26  146.21  146.21  146.21  146.21  146.21  146.21  146.21  140.79  132.75  136.08  138.95  145.63  147.35  143.96  143.06 
149.95  152.20  153.83  155.69  157.69  159.12  158.82  159.13  157.78  160.49  165.31  169.14  170.22  168.77  169.57  173.59  178.61  184.08  189.77  195.76  187.90  182.19  182.07  183.06  177.90  174.52  172.09  169.55  165.93  162.92  158.76  154.59  150.46  146.68  144.00  141.99  141.64  141.58  141.56  141.56  141.56  141.51  140.07  131.00  123.16  130.61  142.34  142.06  142.23  139.53 
147.94  149.67  151.47  153.33  154.63  154.60  154.96  156.42  160.46  165.22  168.73  168.22  165.53  166.77  171.39  176.60  182.10  187.80  193.70  192.20  189.01  182.92  180.14  182.20  180.13  176.83  174.43  170.42  167.61  163.18  158.90  154.63  150.74  147.19  144.00  141.02  138.22  137.35  137.10  137.20  138.60  138.60  136.90  131.84  127.96  132.73  137.56  137.73  137.55  137.32 
145.55  147.34  149.09  150.30  150.50  151.26  155.42  160.15  165.45  167.14  165.20  164.22  164.57  169.31  174.61  180.12  185.80  191.64  192.37  190.11  186.68  184.58  179.65  178.96  180.94  179.63  174.93  172.50  167.69  163.34  158.89  154.91  151.26  148.01  144.95  142.11  139.17  136.41  133.56  137.36  137.49  135.01  133.81  129.50  127.90  130.60  133.25  133.15  133.25  133.06 
143.26  144.95  146.12  146.58  148.13  152.46  157.38  162.55  164.42  162.26  162.38  162.20  166.87  172.23  177.82  183.62  189.61  191.68  189.53  188.36  185.52  184.61  179.65  176.96  176.56  179.77  177.63  172.27  167.90  163.25  159.19  155.43  152.13  148.97  146.12  143.05  140.26  137.35  134.84  137.04  132.99  132.76  128.87  126.54  125.73  127.59  128.85  128.90  128.85  128.85 
140.89  142.07  142.74  144.42  148.56  153.28  158.21  163.34  160.50  159.80  158.95  163.43  168.65  174.11  179.76  185.60  187.62  187.42  186.95  184.34  183.81  180.82  179.24  175.09  174.98  175.20  175.88  172.61  167.70  163.59  159.70  156.36  153.08  150.25  147.02  144.21  141.29  138.06  136.83  131.67  132.06  128.85  125.70  126.79  124.36  124.53  124.67  124.64  124.67  124.59 
138.10  138.97  140.75  144.57  149.13  153.86  158.30  158.34  158.55  156.35  159.41  164.41  169.61  174.96  180.42  185.44  188.84  187.51  185.16  181.11  181.84  180.60  176.39  174.19  170.86  173.08  173.21  172.24  168.11  164.06  160.71  157.28  154.51  151.07  148.27  145.21  142.56  136.87  132.93  132.64  128.81  125.05  125.58  124.14  122.53  120.54  120.53  120.55  120.53  120.50 
135.25  137.12  140.70  145.07  149.59  153.53  154.06  154.22  154.09  155.58  160.33  165.44  170.72  176.18  181.87  183.13  188.68  185.95  182.00  180.36  179.56  180.91  176.90  172.76  169.50  168.84  171.64  172.78  168.50  165.21  161.55  158.93  155.18  152.46  149.20  146.66  143.32  138.31  136.84  133.33  126.46  123.08  122.10  121.17  119.94  118.41  116.73  116.54  116.53  116.48 
133.51  136.93  141.10  145.40  148.98  149.84  150.03  150.13  151.77  156.17  161.08  166.16  171.41  176.51  178.39  181.45  186.85  183.40  179.14  177.16  175.94  176.77  177.58  173.04  169.71  166.82  168.00  169.08  169.88  165.85  163.54  159.34  156.81  153.25  150.83  147.64  143.04  141.10  137.44  131.26  124.83  120.86  120.15  118.82  117.19  115.92  114.44  112.97  112.67  112.58 
133.21  137.24  141.32  144.62  145.69  145.96  146.27  148.17  152.45  157.16  162.02  166.99  172.05  176.61  176.25  181.19  182.72  182.70  179.78  174.93  172.55  173.03  175.62  174.51  170.30  166.79  164.48  165.12  166.46  168.39  163.50  161.35  157.34  155.16  151.68  149.12  145.37  141.54  135.99  128.26  123.31  122.37  120.29  116.98  115.86  113.43  112.03  110.59  109.28  108.85 
133.42  137.33  140.42  141.64  142.02  142.56  145.04  149.36  154.11  159.05  164.14  169.41  174.84  174.04  178.00  177.89  178.04  180.12  179.51  176.55  171.77  170.56  170.32  172.46  171.47  167.39  164.57  162.03  163.78  165.39  166.15  161.41  159.70  155.76  153.46  149.45  145.54  141.42  135.52  128.95  127.36  124.40  120.58  117.01  115.10  111.66  109.70  108.26  106.86  105.62 
133.41  136.36  137.68  138.19  138.94  141.66  145.99  150.68  155.56  160.61  165.83  171.28  171.05  175.85  174.05  176.02  174.76  175.00  176.83  176.34  172.84  169.60  167.54  167.41  169.15  169.38  164.51  161.50  160.84  161.76  164.37  164.51  159.82  157.99  153.61  149.63  145.47  141.40  136.18  131.51  128.03  124.54  121.13  116.89  113.76  111.14  109.20  106.24  104.64  103.21 
132.39  133.83  134.46  135.37  137.97  142.20  146.75  151.46  156.31  161.31  166.15  167.42  169.22  171.45  171.27  174.24  171.00  171.84  171.74  175.64  174.45  169.83  166.82  164.44  164.91  165.87  166.14  161.82  158.58  159.61  159.58  163.29  162.77  157.83  153.85  149.51  145.55  141.51  137.06  131.86  128.05  124.79  122.19  118.49  115.94  112.96  109.05  106.85  104.55  102.56 
130.03  130.82  131.86  134.37  138.36  142.79  147.36  152.08  156.88  161.28  162.95  164.50  166.98  168.24  169.22  171.14  168.21  167.50  170.40  170.09  174.27  171.63  166.99  162.58  161.34  161.77  162.90  163.07  159.14  156.54  158.41  158.23  161.75  158.20  153.63  149.64  145.47  141.42  137.04  131.84  128.24  125.79  122.39  119.01  116.72  111.87  110.01  107.54  105.59  103.51 
127.23  128.41  130.84  134.61  138.90  143.35  147.94  152.54  156.62  158.54  160.15  162.39  165.53  164.82  167.37  170.76  166.68  165.51  165.93  168.97  168.36  171.60  167.01  162.50  158.53  158.41  158.79  159.99  161.10  156.82  154.54  156.93  156.80  156.93  153.75  149.50  145.54  139.89  137.81  132.12  129.51  125.86  122.53  118.46  115.55  113.39  110.57  108.67  106.58  104.31 
124.97  127.38  130.96  135.10  139.44  143.89  148.31  152.13  154.22  155.89  158.07  160.79  162.60  162.80  165.73  165.56  165.65  162.44  164.06  164.19  166.56  166.37  166.41  162.44  158.16  154.66  155.65  156.73  157.70  159.03  155.21  154.06  152.82  152.60  152.32  149.41  145.43  140.73  136.05  133.52  129.39  126.06  122.43  117.45  116.21  114.03  111.84  109.69  107.43  104.81 
123.95  127.41  131.40  135.63  139.94  144.18  147.80  150.00  151.73  153.83  156.34  158.16  161.13  160.75  161.13  161.23  161.12  160.83  159.97  161.79  161.92  162.03  161.91  161.49  157.96  153.94  152.48  153.47  154.75  156.37  158.71  154.62  153.58  149.71  148.57  147.91  144.45  140.30  135.96  132.63  129.70  125.88  122.54  118.87  119.02  115.05  112.86  110.59  107.96  104.91 
123.90  127.80  131.90  136.08  140.15  143.61  145.87  147.65  149.69  152.04  153.99  156.72  160.67  157.62  156.85  156.80  156.85  156.75  157.24  157.54  157.64  157.57  157.64  157.50  156.78  153.59  150.03  150.60  152.19  154.30  156.08  158.32  153.63  151.76  147.48  144.78  143.60  140.39  136.41  132.69  129.06  126.02  122.43  119.06  120.62  116.12  113.84  111.15  108.01  104.95 
124.24  128.27  132.32  136.23  139.55  141.84  143.66  145.65  147.87  149.90  152.54  155.73  158.73  156.53  153.62  152.71  152.57  152.96  153.25  153.35  153.32  153.36  153.32  153.35  153.17  152.25  149.34  148.11  150.07  151.85  153.62  154.77  156.36  151.55  147.60  143.62  141.01  139.48  136.44  132.68  129.04  125.56  122.47  119.59  120.40  117.53  114.43  111.13  108.06  104.93 
124.67  128.64  132.40  135.61  137.91  139.75  141.69  143.83  145.89  148.44  151.47  154.31  156.45  155.00  152.27  149.66  148.79  149.07  149.18  149.17  149.19  149.17  149.19  149.17  149.16  148.93  147.89  145.97  147.71  149.38  150.59  151.89  151.57  151.53  147.45  143.57  139.84  137.28  135.51  132.59  129.02  125.49  122.12  120.25  120.25  117.82  114.31  111.20  108.01  104.95 
124.98  128.63  131.73  134.03  135.89  137.79  139.84  141.91  144.39  147.26  149.97  152.05  153.39  152.13  150.60  148.07  145.72  145.06  145.06  145.07  145.06  145.07  145.06  145.07  145.06  145.03  144.73  143.70  145.21  146.43  147.54  147.46  147.65  147.42  146.92  143.34  139.60  136.08  133.56  131.62  128.80  125.40  121.98  118.84  118.41  116.76  114.35  111.08  108.02  104.90 
