#Value Function.
70.6420 70.7766 71.9500 73.2136 74.4178 75.5751 76.7290 77.9035 79.0991 80.3102 81.5333 82.7587 83.9845 85.1949 86.3884 87.5148 88.5355 89.2399 89.5473 89.5800 89.5068 89.6156 89.7384 89.8774 90.0722 90.2755 90.2993 90.1952 89.8237 89.4321 88.5467 88.1618 88.0803 87.4880 86.5065 85.3424 84.1094 82.8374 81.5612 80.3300 79.0926 77.8663 76.6361 75.3996 74.1290 72.5683 68.7254 67.9594 67.7502 67.7375
70.6318 72.0386 73.3496 74.6349 75.8374 76.9884 78.1389 79.3133 80.5098 81.7215 82.9460 84.1718 85.3999 86.6106 87.8114 88.9435 89.9918 90.7051 90.9889 90.9798 90.8648 90.9979 91.1143 91.2270 91.3963 91.6269 91.6784 91.6180 91.2225 90.9112 89.8816 89.5312 89.5677 88.9578 87.9463 86.7657 85.5282 84.2511 82.9678 81.7440 80.5040 79.2793 78.0493 76.8168 75.5833 74.3113 69.6913 69.2907 69.1342 67.8477
70.6621 72.0827 73.2519 74.5872 75.8773 77.0745 78.2189 79.3668 80.5419 81.7393 82.9512 84.1774 85.4027 86.6338 87.8429 89.0525 90.1826 91.2590 91.9703 92.2173 92.1516 92.2529 92.3249 92.4296 92.6948 92.7879 92.8201 92.3737 92.2457 90.9974 90.8392 90.8848 90.2439 89.2010 88.0044 86.7649 85.4846 84.1901 82.9775 81.7325 80.5104 79.2800 78.0473 76.8141 75.5768 74.0281 70.4883 70.3460 70.3394 68.8240
70.6373 72.0364 73.3296 74.4568 75.8287 77.1205 78.3117 79.4487 80.5943 81.7705 82.9685 84.1804 85.4088 86.6330 87.8684 89.0707 90.2842 91.3985 92.4761 93.1553 93.3241 93.3152 93.3763 93.6066 93.7353 93.8295 93.6507 93.5290 92.3731 92.1992 92.2016 91.5303 90.4537 89.2411 88.0014 86.7197 85.4088 84.2135 82.9593 81.7420 80.5096 79.2768 78.0424 76.8138 75.5124 71.9468 71.7474 71.7338 70.4310 69.0831
70.7056 72.0827 73.2519 74.5868 75.8740 77.0446 78.3686 79.5480 80.6774 81.8209 82.9977 84.1968 85.4081 86.6405 87.8623 89.0989 90.2888 91.4912 92.5288 93.6150 94.2296 94.2505 94.3943 94.4942 94.6023 94.6589 94.5946 93.8008 93.5490 93.4926 92.8116 91.7042 90.4755 89.2377 87.9578 86.6220 85.4536 84.1840 82.9746 81.7390 80.5064 79.2681 78.0473 76.7635 75.2679 73.6991 73.1258 71.8131 71.2414 69.7734
71.0189 72.4716 73.3489 74.6313 75.8283 77.1150 78.2519 79.6236 80.7815 81.9035 83.0438 84.2226 85.4229 86.6342 87.8725 89.0849 90.3148 91.4512 92.5975 93.5012 94.6171 95.1664 95.2004 95.3149 95.3875 95.4010 95.0387 94.8155 94.7171 94.0713 92.9458 91.7074 90.4733 89.2010 87.8266 86.7005 85.4049 84.2090 82.9674 81.7353 80.4916 79.2776 78.0123 76.5227 74.7743 74.3711 73.6347 72.5240 71.5165 70.0630
71.0563 72.4789 73.7530 74.9996 76.2220 77.3881 78.3781 79.5845 80.8670 82.0086 83.1196 84.2586 85.4401 86.6469 87.8584 89.1000 90.2905 91.4937 92.5331 93.6353 94.3748 95.5747 95.9906 96.0030 96.1037 96.0473 95.8934 95.8128 95.2787 94.1603 92.9293 91.7070 90.4451 89.0706 87.9390 86.6203 85.4463 84.1947 82.9655 81.7115 80.5047 79.2561 77.8065 75.7908 75.6279 74.9123 73.7249 72.7868 71.4190 70.0333
71.0244 72.4333 73.7106 74.9882 76.2336 77.4604 78.6411 79.6376 80.7876 82.1014 83.2104 84.3176 85.4672 86.6497 87.8730 89.0760 90.2897 91.4098 92.5253 93.4142 94.5264 95.1659 96.4909 96.7631 96.8646 96.8551 96.7250 96.3771 95.3073 94.1231 92.9325 91.6881 90.3158 89.1737 87.8889 86.6885 85.4203 84.1979 82.9290 81.7315 80.4925 79.0926 77.0693 76.9054 76.1944 74.8940 74.0572 72.6995 71.5428 70.1368
71.0183 72.4313 73.6581 74.9427 76.2234 77.4654 78.6940 79.8857 81.0231 82.0366 83.2877 84.3764 85.5019 86.6670 87.8583 89.0581 90.2004 91.3145 92.2818 93.3808 94.1679 95.4565 96.4569 97.4010 97.5470 97.5428 97.3793 96.3893 95.2916 94.1287 92.9245 91.5638 90.4263 89.1063 87.9303 86.6430 85.4354 84.1449 82.9586 81.7254 80.3866 78.3482 78.1830 77.4186 76.4569 75.3221 73.9857 72.8300 71.6370 70.2182
71.0093 72.4199 73.6649 74.8807 76.1752 77.4573 78.6906 79.9102 81.0767 82.2061 83.2871 84.4151 85.5193 86.6681 87.8374 88.9736 90.0786 91.0884 92.1644 93.0493 94.2839 95.3824 96.4218 97.4151 98.2520 98.2489 97.4066 96.3785 95.2752 94.1082 92.9165 91.6838 90.3128 89.1793 87.8595 86.6792 85.3564 84.1894 82.9476 81.6935 79.6392 79.4595 78.6273 77.6465 76.5241 75.2272 74.1126 72.8649 71.5576 70.1715
71.0145 72.4288 73.6478 74.9005 76.0983 77.4059 78.6826 79.8912 81.0815 82.1974 83.3149 84.4151 85.5193 86.6428 87.7549 88.8439 89.8691 90.9257 91.8723 93.0528 94.0679 95.3031 96.3851 97.3908 98.2288 98.2306 97.3854 96.3686 95.2467 94.0488 92.8454 91.6831 90.4397 89.0664 87.9335 86.5608 85.4283 84.1572 83.0142 80.9479 80.7538 79.8292 78.8229 77.6988 76.4092 75.3414 74.0770 72.7466 71.6323 70.2216
71.0085 72.4194 73.6631 74.8734 76.1390 77.3084 78.6317 79.8910 81.0564 82.2085 83.3090 84.3934 85.4704 86.5612 87.6229 88.6466 89.6884 90.6695 91.8110 92.8263 93.9414 95.2583 96.3495 97.3019 97.6139 97.6128 97.3026 96.3436 95.2363 94.0599 92.8474 91.6048 90.4446 89.1944 87.8205 86.6768 85.3624 84.2305 83.0910 82.0647 81.0381 80.0187 78.8788 77.5775 76.5129 75.2639 74.1421 72.8682 71.5580 70.1744
71.0142 72.4284 73.6475 74.8994 76.0944 77.3815 78.5026 79.8563 81.0367 82.1611 83.2443 84.3008 85.3682 86.4147 87.4269 88.4520 89.4245 90.2780 91.5917 92.7175 94.0622 95.2399 96.2428 96.7161 96.8825 96.8831 96.7154 96.2426 95.2328 94.0577 92.8382 91.5167 90.3405 89.0826 87.9378 86.6178 85.4499 84.2793 83.2661 82.2285 81.2238 80.0747 78.7581 77.6773 76.4227 75.3152 74.0855 72.9202 71.6464 70.2416
71.0084 72.4193 73.6628 74.8721 76.1359 77.2994 78.6129 79.8186 80.9558 82.0540 83.1142 84.1761 85.2064 86.2037 87.1891 87.9117 89.1399 90.3634 91.4808 92.8440 94.0643 95.1294 95.7281 96.1211 96.2647 96.2643 96.1214 95.7276 95.1284 94.0581 92.7152 91.5809 90.3044 89.1006 87.8292 86.6700 85.4681 84.4539 83.4004 82.4174 81.2525 80.1014 78.8845 77.5958 76.4647 75.2379 74.0962 72.8787 71.6892 70.2773
71.0138 72.4283 73.6460 74.8952 76.0843 77.3712 78.5832 79.7269 80.8306 81.9012 82.9593 83.9885 84.9771 85.9213 86.5652 87.8943 89.1431 90.3699 91.6059 92.8397 93.9208 94.6481 95.2166 95.5832 95.7312 95.7314 95.5830 95.2168 94.6476 93.9199 92.8215 91.5184 90.3379 89.0373 87.9012 86.6492 85.6476 84.5549 83.5941 82.3906 81.2768 80.1100 78.9241 77.6852 76.4087 75.2458 74.0308 72.8689 71.6586 70.2515
71.0065 72.4177 73.6584 74.8630 76.1308 77.3430 78.4800 79.4890 79.6914 81.7301 82.7521 83.6879 84.1665 85.4272 86.6488 87.7673 89.1398 90.3752 91.5971 92.6743 93.4696 94.1319 94.6683 95.0375 95.1604 95.0433 95.0245 94.6667 94.1323 93.4703 92.6771 91.5820 90.2304 89.1415 87.8208 86.8577 85.6977 84.7683 83.5017 82.4452 81.2688 80.1251 78.9320 77.7206 76.4695 75.2038 74.0200 72.8122 71.6379 70.2265
71.0093 72.4238 73.6381 74.8920 76.1004 77.2230 78.1548 78.3470 80.3750 81.4249 81.6701 82.9058 84.1723 85.3883 86.6627 87.8928 89.1405 90.3479 91.4189 92.2469 92.9536 93.5788 94.0981 94.3469 94.4536 94.5234 94.2625 93.2998 93.4890 92.9494 92.2559 91.4467 90.3664 89.0804 88.0829 86.8306 85.9676 84.6751 83.6061 82.3907 81.2865 80.1063 78.9273 77.7198 76.4970 75.2448 73.9875 72.7921 71.5884 70.1807
70.9988 72.4106 73.6542 74.8556 75.9566 76.8018 76.7722 76.9285 80.1153 80.5431 81.6073 82.9070 84.1290 85.4104 86.6095 87.9015 89.0883 90.0714 90.2148 91.7271 92.3731 92.9405 93.3235 93.5336 93.6911 93.6495 93.5736 92.4216 92.2185 92.2303 91.7242 90.5086 90.1966 89.2572 88.0705 87.1853 85.8011 84.8060 83.5425 82.4387 81.2393 80.0979 78.9001 77.7105 76.4414 75.2620 74.0149 72.7655 71.5626 70.1495
70.9942 72.4164 73.6087 74.6863 75.4784 75.5952 75.9944 78.4972 78.6282 80.2659 81.6419 82.8230 84.1512 85.3494 86.6549 87.8254 88.7619 89.1268 90.4008 91.1431 91.7096 92.1320 92.3906 92.5881 92.6384 92.6631 92.5631 92.3180 91.0080 90.6249 90.9373 90.4776 89.3801 89.1092 88.2721 87.1612 86.3585 85.0855 83.6649 82.3823 81.2412 80.0403 78.8768 77.6767 76.3087 75.1755 73.8885 72.7683 71.5386 70.1071
70.9238 72.3600 73.4150 74.1760 74.4062 74.8560 75.9881 77.2007 78.3611 79.8392 81.5380 82.8954 84.0296 85.4049 86.5618 87.4771 87.9907 89.1075 89.8914 90.4635 90.8936 91.1701 91.3746 91.4630 91.5167 91.5019 91.4777 91.3499 90.9902 89.6628 89.3991 89.7302 89.3832 88.5634 88.1908 87.3757 86.3993 85.2875 84.2013 82.5276 81.1980 80.0190 78.8194 77.6458 76.4283 75.1031 73.9382 72.6479 71.3128 69.9309
70.6902 72.1444 72.8892 73.2113 73.7288 75.0005 76.1587 77.1973 78.4426 79.5447 81.0453 82.8223 84.1455 85.2989 86.2055 86.8019 87.6506 86.9852 89.2144 89.6454 89.9327 90.1419 90.2447 90.2969 90.3017 90.2816 90.2848 90.2561 90.1187 89.6780 88.6024 88.3711 88.6680 88.4487 87.7697 87.3136 86.4562 85.3572 84.1640 83.0208 81.5977 80.0229 78.7938 77.5930 76.4109 75.1851 73.8889 72.5172 71.3903 69.9658
70.1691 71.6140 72.0120 72.5857 73.7991 75.0944 76.2287 77.4077 78.3959 79.6993 80.7144 82.2454 83.1673 84.9404 85.5797 86.2479 85.7421 86.2291 88.3969 88.6914 88.8993 89.0100 89.0663 89.0746 89.0626 89.0494 88.9298 89.0600 89.0607 88.9153 88.4574 87.5585 87.5272 87.7711 87.5915 86.9516 86.3761 85.3929 84.2247 82.9891 81.7786 80.3529 78.8304 77.5705 76.3648 75.1751 73.9455 72.6483 71.3125 69.9181
69.4251 70.8085 71.4257 72.5615 73.7237 75.0320 76.3487 77.4500 78.6681 79.5764 80.9788 81.8630 83.5759 84.2607 84.2070 84.4077 84.6192 85.3694 87.4491 87.6564 87.7720 87.8296 87.8421 87.8315 87.8119 87.7310 87.8235 87.7477 87.9606 87.9819 87.8474 86.8506 86.8190 86.7475 86.9463 86.7021 86.0527 85.2980 84.2380 83.0314 81.8244 80.5335 79.3372 78.0107 76.8334 75.1909 73.9458 72.7069 71.4119 69.9964
68.8825 70.2530 71.3331 72.4915 73.7466 74.9405 76.2641 77.6110 78.6590 79.9422 80.7141 82.2831 82.9479 82.8801 83.0067 83.2784 84.0471 86.0030 86.3858 86.2821 86.4221 86.6081 86.5988 86.5760 86.5193 86.5921 86.6055 86.8701 86.9981 87.0640 87.1006 86.8880 85.9153 86.1155 86.0659 86.1444 85.8163 85.0324 84.1312 83.0426 81.8190 80.5906 79.2177 78.0828 76.7623 75.5811 74.0020 72.7201 71.4700 70.0545
68.6294 70.0195 71.2714 72.5115 73.7164 74.9876 76.1515 77.4949 78.8804 79.8106 81.1777 81.7478 81.6111 81.7013 82.0078 83.1978 84.5883 85.0949 85.0063 85.1263 85.3552 85.3694 85.3750 85.3658 85.3634 85.4301 85.7292 86.0090 86.1737 86.3261 86.3410 86.3326 86.0474 85.3351 85.4212 85.3759 85.3043 84.7953 83.9140 82.9312 81.8126 80.5916 79.3444 77.9698 76.8367 75.4629 74.3298 72.8019 71.4959 70.0924
68.5306 69.9419 71.2590 72.5031 73.7478 74.9373 76.2358 77.3533 78.7086 80.0988 80.6764 80.5157 80.5322 80.7128 81.9770 83.2494 83.7899 83.7140 83.8369 83.7955 84.1353 84.1268 84.1376 84.1435 84.2308 84.5237 84.8709 85.1887 85.4223 85.5598 85.5218 85.5863 85.5410 85.2751 84.7094 84.6919 84.5563 84.2779 83.6421 82.7178 81.7010 80.5742 79.3574 78.0985 76.7240 75.5917 74.2165 73.0799 71.5935 70.1932
68.4403 69.8455 71.1747 72.5006 73.7327 74.9873 76.1489 77.4785 78.8062 79.4352 79.3729 79.4821 79.6163 80.7391 81.9301 82.4929 82.4999 82.5451 82.5994 82.8354 82.6330 82.8727 82.9241 83.0235 83.2998 83.6505 84.0055 84.3409 84.5612 84.6370 84.6965 84.5936 84.6605 84.6380 84.4109 83.9337 83.7767 83.4866 83.0854 82.4194 81.4890 80.4619 79.3328 78.1203 76.8536 75.4784 74.3413 72.9658 71.8263 70.3782
68.4003 69.8147 71.0670 72.4078 73.7452 74.9587 76.2373 77.4880 78.1231 78.0774 78.2815 78.5107 79.5145 80.6252 81.2062 81.2745 81.2703 81.3867 81.5583 81.4177 81.5605 81.4465 81.8143 82.0783 82.4224 82.7783 83.1201 83.3734 83.5586 83.6149 83.5621 83.6579 83.6209 83.6684 83.6169 83.3779 82.9022 82.6473 82.2909 81.8497 81.1655 80.2459 78.8885 77.5645 76.8226 75.6027 74.2272 73.0874 71.7117 70.3187
68.3474 69.7487 71.0524 72.2844 73.6415 74.9940 76.1779 76.8061 76.7641 77.0658 77.3719 78.2962 79.3387 79.9273 80.0457 80.0050 80.1733 80.3029 80.1977 80.3000 80.2180 80.5753 80.8627 81.1992 81.5559 81.8902 82.1504 82.3404 82.4229 82.3938 82.4314 82.4302 82.5167 82.5060 82.5330 82.4692 82.2234 81.7641 81.4365 81.0643 79.8381 78.5027 78.8046 77.4105 76.3710 75.5419 74.3485 72.9728 71.8316 70.3941
68.3723 69.7927 70.9630 72.2965 73.4957 74.8762 75.5035 75.5680 75.8037 75.8472 77.0795 78.0618 78.6576 78.8149 78.7515 78.9662 79.0689 78.9917 79.0653 78.9998 79.3438 79.6511 79.9880 80.3407 80.6818 80.9406 81.1136 81.1964 81.1481 81.1959 81.1880 81.2192 81.1664 81.3074 81.2920 81.3300 81.2572 80.9916 80.5595 80.2074 79.7389 78.3571 77.1057 77.3641 76.1956 75.1652 74.2726 73.0925 71.7167 70.2977
68.3425 69.7472 71.0394 72.1683 73.5509 74.1889 74.1577 74.5673 74.7483 75.8230 76.7983 77.3981 77.5856 77.5020 77.7794 77.8750 77.8023 77.8650 77.8404 78.0772 77.9947 78.1531 79.0513 78.6738 79.7888 79.9571 80.0018 79.9339 79.9722 79.9396 79.9647 79.9699 79.9877 79.9687 80.1014 80.0541 80.0974 80.0118 79.7443 79.3370 78.9641 78.4036 76.6249 75.7607 75.9657 74.9671 73.9512 73.0109 71.8358 70.1567
68.3663 69.7918 70.9551 72.2266 72.8740 72.8509 73.3217 73.6178 74.5798 75.5316 76.1410 76.3516 76.2615 76.6013 76.7145 76.6576 76.7027 76.6457 76.6745 76.6823 77.0265 77.7410 77.5179 78.6004 78.9247 78.9688 78.8850 78.8564 78.7737 78.7570 78.7277 78.7371 78.7447 78.7572 78.8359 78.8548 78.7706 78.5688 78.7275 78.4914 78.1072 77.7134 77.0483 75.6853 74.5725 73.2155 71.6734 70.5910 69.3319 68.1773
68.2999 69.7271 70.9158 71.5589 71.5440 72.0792 72.4609 73.3446 74.2608 74.8434 74.8000 74.9739 75.4192 75.5637 75.4723 75.5817 75.5433 75.5542 75.4919 75.8824 76.4675 76.4067 77.5101 77.9828 78.1474 78.1211 78.0445 77.8849 77.7258 77.5900 77.5400 77.5082 77.5089 77.5151 77.6119 77.5311 77.3745 77.4573 77.3079 77.4486 77.2396 76.8876 76.4844 75.7987 74.4459 72.8157 71.8420 70.5493 69.3984 67.9774
68.1324 69.6140 70.2452 70.2373 70.8371 71.2862 72.1141 72.9891 73.5574 73.6224 73.8177 74.2276 74.4020 74.3837 74.4653 74.4001 74.4685 74.4264 74.3989 75.2435 75.3881 76.3821 77.0440 77.3384 77.5168 77.5325 77.3251 77.1261 76.8158 76.5648 76.3923 76.3203 76.2830 76.2789 76.2941 76.1676 76.2032 76.1054 76.1829 76.0513 76.1812 76.0197 75.7520 75.3787 73.8207 73.0858 71.7335 70.6788 69.1263 67.7182
67.4883 68.9497 69.0731 69.5941 70.0982 70.8844 71.7199 72.2764 72.4207 72.6336 73.0164 73.2280 73.2703 73.3428 73.2438 73.3463 73.3181 73.3499 73.9668 73.6898 75.2057 75.9368 76.3212 75.8175 76.9682 76.9589 76.8245 76.4269 76.0466 75.6577 75.3666 75.1818 75.0964 75.0563 74.9531 74.9589 74.8915 74.9311 74.8459 74.9178 74.7935 74.6182 74.8400 74.7022 74.2432 72.7874 71.9445 70.3384 68.8834 67.4893
66.5068 67.8870 68.3652 68.9002 69.6571 70.4550 71.0044 71.2048 71.4322 71.7903 72.0267 72.1187 72.2058 72.1828 72.2301 72.1718 72.2399 72.7459 72.4805 73.9603 74.7517 75.1516 74.7662 76.1563 76.3996 76.4052 76.2612 75.8968 75.3586 74.8821 74.4609 74.1569 73.9652 73.8719 73.7207 73.6710 73.6875 73.6298 73.6645 73.5624 73.4392 73.6175 73.6230 73.7831 73.6666 73.1101 71.4760 70.0771 68.7858 67.3736
65.7473 67.1440 67.6969 68.4324 69.2005 69.7436 69.9882 70.2189 70.5193 70.4692 70.8974 70.8122 70.9688 71.0786 71.0879 71.1191 71.5155 71.0743 72.7240 73.5298 73.8968 73.4855 75.0355 75.5746 75.7052 75.7019 74.1242 75.0777 74.7782 74.1962 73.6808 72.4951 72.8568 72.7373 72.6345 72.4489 72.4073 72.4182 72.3332 72.2416 72.3785 72.4307 72.5994 72.5799 72.6910 72.5506 71.2510 70.0188 68.6543 67.2542
65.0939 66.4879 67.2078 67.9555 68.4997 68.7766 69.0103 69.2534 69.1942 69.6209 69.5538 69.6840 69.6757 69.8229 69.9400 68.3369 69.6136 70.8495 72.1543 71.3320 72.6127 73.7929 74.4499 74.6732 74.6684 74.7687 74.5173 72.4975 70.5123 69.5111 72.5293 72.3274 71.4241 71.5895 71.5039 71.1808 71.1765 71.1048 71.0366 71.1409 71.2160 71.3626 71.4055 71.5104 71.4442 71.5071 71.2309 69.8595 68.6360 67.2147
64.5632 65.9796 66.7039 67.2194 67.2097 67.8077 68.0100 67.9394 68.3484 68.3498 68.3925 68.3739 68.4830 68.5181 67.4793 68.2430 69.4533 70.7642 70.3445 71.1812 72.5274 73.2093 73.4793 73.5434 73.6601 73.6003 73.5969 71.4881 70.8012 69.0768 68.0765 70.9147 70.9744 70.2993 70.3420 69.9381 69.8770 69.8260 69.9088 69.9948 70.1264 70.1888 70.2768 70.2530 70.2901 70.2526 70.2571 69.8823 68.5041 67.1026
64.0002 65.4471 65.9299 65.8696 66.0048 66.7870 66.7863 67.0748 66.9830 67.1109 67.1326 67.1704 67.1868 66.4900 67.1060 68.2573 69.3905 69.2204 69.3911 71.2328 71.9314 72.1378 71.3663 72.4660 72.4369 72.4726 72.4300 72.1652 70.1710 69.3831 67.7330 66.7060 69.3560 69.6240 66.4955 68.7715 68.6106 68.6800 68.7711 68.8935 68.9667 69.0441 69.0412 69.0695 69.0474 69.0695 69.0419 68.9970 68.5439 67.0381
63.1892 64.6443 64.6780 64.8591 65.5036 65.6165 65.8263 65.7204 65.8290 65.7786 65.8777 65.9126 65.4292 65.9498 67.0310 68.0356 68.0070 67.7924 68.4885 70.6378 70.7867 69.9986 71.1210 71.2302 71.2524 71.2312 71.2522 71.1867 70.7461 68.8600 68.0063 66.4254 65.4301 67.8524 63.7293 62.1330 67.4531 67.5460 67.6627 67.7429 67.8176 67.8301 67.8560 67.8505 67.8637 67.8505 67.8560 67.8254 67.7330 66.2840
62.0787 63.4717 63.6831 64.2289 64.4142 64.5887 64.5311 64.5895 64.5172 64.5857 64.5649 64.0227 62.1267 65.7883 66.6942 66.7438 66.3772 67.1488 69.1758 69.4746 68.9709 69.7761 69.9915 70.0233 70.0110 70.0241 70.0121 70.0182 69.9192 69.3535 67.5636 66.6980 65.3995 64.6073 63.2704 62.4064 61.6701 66.4311 66.5179 66.5905 66.6182 66.6529 66.6651 66.6893 66.6815 66.6893 66.6651 66.6524 66.6049 65.1988
61.0963 62.4862 62.9600 63.1886 63.3473 63.3254 63.3538 63.3054 63.3464 63.3009 63.3462 60.3660 61.6118 63.0719 65.4824 65.2658 65.8171 67.7437 68.1701 67.8766 68.4406 68.4221 68.7876 68.7838 68.7921 68.7856 68.7896 68.7877 68.7834 68.6452 67.9900 66.6129 65.4356 64.1043 63.3091 62.0863 61.1977 65.2903 65.3622 65.4017 65.4438 65.4797 65.5212 65.5734 65.5781 65.5734 65.5451 65.4823 65.4492 64.0546
60.2654 61.7005 61.9486 62.0991 62.1040 62.1199 62.0875 62.1046 62.0419 61.7681 59.0712 60.2224 61.6137 62.8074 64.1663 64.9761 66.3375 66.8679 66.7332 67.1334 67.0969 67.5150 67.5538 67.5595 67.5561 67.5596 67.5608 67.5620 67.5695 67.5536 67.3711 66.6857 65.3131 64.1390 62.9279 62.0377 60.8909 60.5355 64.1816 64.2304 64.2832 64.3576 64.4633 64.5113 64.5384 64.5412 64.4694 64.3771 64.2880 62.9031
59.2769 60.7046 60.8519 60.8741 60.8848 60.8613 60.8600 60.7623 60.3136 58.2745 59.0093 60.3228 61.4158 62.8791 63.7955 65.0052 65.5681 65.5572 65.8583 65.9119 66.2407 66.3187 66.3273 66.3240 66.3292 66.3326 66.3379 66.3487 66.3487 66.3536 66.3216 66.0961 65.3798 64.0992 62.9075 61.7344 60.7846 59.7514 63.0108 63.0731 63.1632 63.2927 63.4071 63.4985 63.4951 63.5188 63.4687 63.3304 63.1939 61.8103
58.1808 59.6064 59.6411 59.6499 59.6309 59.6119 59.4758 58.9395 57.3621 57.8408 59.0708 60.2196 61.5891 62.5883 63.6944 64.2760 64.3582 64.6023 64.7081 64.9785 65.0630 64.9471 65.0935 65.0955 65.1023 65.1090 65.1208 65.1265 65.1314 65.0010 65.1202 65.0812 64.8161 64.0831 62.8726 61.5803 60.3802 59.0480 57.7144 61.9545 62.0934 62.2396 62.3868 62.4617 62.4790 62.4640 62.4097 62.2941 62.1322 60.7416
56.9915 58.4066 58.4153 58.3975 58.3614 58.1895 57.6183 56.3714 56.6933 57.8326 59.0075 60.3079 61.2833 61.6998 62.9905 63.1437 63.3574 63.4927 63.7235 63.8060 63.6872 63.8025 63.7421 63.8713 63.8787 63.8888 63.8829 63.7602 63.8908 63.8737 63.7577 63.8772 63.8285 63.5321 62.7937 61.6273 60.2778 58.9103 57.7749 57.1195 61.0322 61.1942 61.3145 61.3701 61.3933 61.3704 61.3189 61.2186 61.0886 59.6914
55.7810 57.1805 57.1619 57.1091 56.9072 56.3321 55.3269 55.5545 56.6064 57.7856 59.0342 59.9987 60.5525 61.6321 61.9183 62.1183 62.2700 62.4728 62.5493 62.4303 62.5452 62.4790 62.5541 62.6475 62.6545 62.6372 62.5101 62.6254 62.5597 62.6538 62.6381 62.5577 62.6341 62.5694 62.2488 61.5094 60.1326 59.0181 57.7084 56.6125 56.4241 60.1069 60.1789 60.2185 60.2181 60.1356 59.9926 60.0922 60.0040 58.6141
54.6565 55.9243 55.8560 55.6305 55.0694 54.2448 54.4176 55.3899 56.5581 57.7664 58.7268 59.3702 60.3105 60.6768 60.8821 61.0427 61.2252 61.2987 61.2227 61.2908 61.2223 61.2962 61.4063 61.4210 61.4097 61.4202 61.3941 61.3062 61.3791 61.3482 61.4159 61.4011 61.3448 61.3898 61.3082 60.9679 60.2022 58.9248 57.7726 56.5084 55.4982 55.6557 59.0116 59.0083 58.9415 58.8201 58.9053 58.8082 58.8566 57.5872
54.5264 54.5037 54.4207 54.1759 53.6368 52.9548 53.1132 54.0126 55.1510 56.3230 57.2781 57.9801 58.8335 59.2384 59.4620 59.6305 59.7989 59.8697 59.8235 59.8664 59.8253 59.8887 59.9835 60.0049 59.9991 60.0037 59.9767 59.9111 59.9592 59.9468 59.9967 59.9853 59.9421 59.9606 59.8587 59.4975 58.7276 57.5208 56.3582 55.1508 54.2725 54.5990 57.2736 57.5688 57.5442 57.4478 57.4951 57.4252 57.4536 57.4654
