#Value Function.
8.12    10.58   13.23   15.94   18.51   20.86   23.17   25.05   26.81   28.30   29.42   28.77   27.95   26.87   25.60   24.07   22.15   20.04   17.88   15.84   13.93   12.16   10.58   13.06   15.64   18.26   20.59   22.80   24.39   25.49   26.58   27.39   27.38   27.13   26.32   25.09   23.68   21.87   19.90   17.90   18.97   20.73   22.36   23.85   24.93   24.58   23.86   23.03   22.05   20.76  
9.03    11.51   14.12   16.97   19.89   22.62   25.08   27.57   29.49   31.12   32.40   31.58   30.49   29.21   27.62   25.56   23.29   20.97   18.78   16.76   14.84   13.08   11.45   13.93   16.54   19.04   21.46   23.41   24.81   25.93   26.95   27.75   27.66   27.55   27.06   26.03   24.59   22.81   20.84   18.85   20.93   23.06   24.83   26.49   27.80   27.28   26.48   25.46   24.11   22.24  
9.89    12.35   15.02   17.89   20.94   24.08   26.95   29.50   32.06   33.82   35.17   34.17   32.92   31.34   29.16   26.74   24.26   21.85   19.66   17.61   15.70   13.93   12.31   14.76   17.29   19.82   22.02   23.61   25.06   26.03   26.96   27.60   27.59   27.45   26.98   26.28   25.10   23.54   21.70   19.80   22.40   25.12   27.40   29.27   30.85   30.13   29.08   27.69   25.67   23.30  
10.69   13.20   15.89   18.77   21.92   25.14   28.49   31.35   33.86   36.09   37.33   36.36   34.95   32.87   30.38   27.75   25.15   22.75   20.49   18.43   16.51   14.72   13.08   15.41   17.89   20.14   21.87   23.58   24.74   25.62   26.46   27.05   26.94   26.84   26.42   25.90   25.15   23.89   22.42   20.82   23.54   26.57   29.51   31.99   33.87   32.88   31.48   29.33   26.76   24.21  
11.48   14.01   16.72   19.69   22.78   26.17   29.49   32.86   35.26   37.53   38.44   37.74   36.30   34.05   31.41   28.68   26.07   23.60   21.33   19.21   17.28   15.47   13.82   15.90   18.09   19.85   21.61   22.90   23.94   24.73   25.50   26.04   26.05   25.87   25.55   25.13   24.61   23.92   22.77   21.75   24.62   27.59   30.91   33.84   36.24   35.17   33.17   30.42   27.72   25.09  
12.24   14.80   17.57   20.52   23.72   27.02   30.51   33.58   36.52   38.06   38.83   38.67   37.20   34.97   32.32   29.59   26.94   24.45   22.13   20.00   18.02   16.19   14.51   16.05   17.81   19.47   20.78   21.86   22.74   23.48   24.18   24.66   24.75   24.69   24.47   24.12   23.77   23.37   22.82   22.67   25.50   28.61   31.74   34.88   36.91   36.61   34.15   31.44   28.61   25.99  
12.98   15.59   18.36   21.38   24.54   27.94   31.21   34.22   36.63   38.29   39.00   38.73   37.99   35.81   33.18   30.45   27.80   25.27   22.93   20.75   18.75   16.89   15.18   15.81   17.35   18.63   19.73   20.57   21.37   22.06   22.70   23.14   23.29   23.32   23.23   23.03   22.77   22.57   22.26   23.47   26.38   29.34   32.54   34.85   36.15   36.30   34.87   32.18   29.49   26.82  
13.72   16.33   19.15   22.14   25.33   28.49   31.54   34.06   36.30   37.56   38.22   38.34   37.28   36.12   33.79   31.18   28.57   26.06   23.70   21.50   19.46   17.57   15.83   15.35   16.58   17.61   18.45   19.24   19.95   20.60   21.18   21.58   21.75   21.88   21.90   21.81   21.69   21.50   21.58   24.13   26.92   29.79   31.98   33.66   34.32   34.56   34.25   32.64   30.17   27.63  
14.42   17.07   19.87   22.85   25.83   28.71   31.26   33.46   34.92   35.90   36.52   36.76   36.48   35.23   33.91   31.71   29.25   26.80   24.44   22.22   20.15   18.24   16.48   14.96   15.60   16.40   17.17   17.89   18.56   19.16   19.69   20.06   20.26   20.41   20.51   20.54   20.48   20.42   21.90   24.48   27.10   29.15   30.70   31.48   32.05   32.34   32.42   32.00   30.49   28.24  
15.11   17.74   20.51   23.29   25.99   28.41   30.48   31.95   33.00   33.78   34.36   34.66   34.71   34.29   33.16   31.79   29.75   27.45   25.14   22.92   20.84   18.90   17.10   15.46   14.67   15.25   15.95   16.62   17.24   17.79   18.27   18.62   18.82   18.99   19.14   19.24   19.27   19.78   22.11   24.51   26.44   27.85   28.65   29.28   29.79   30.08   30.31   30.35   29.88   28.48  
15.73   18.32   20.92   23.43   25.70   27.63   29.07   30.11   30.92   31.55   32.09   32.41   32.67   32.67   32.30   31.27   29.94   27.98   25.79   23.61   21.50   19.54   17.72   16.03   14.57   14.28   14.83   15.43   16.01   16.52   16.96   17.28   17.48   17.65   17.81   17.94   18.12   19.84   22.05   23.85   25.18   25.98   26.62   27.20   27.66   27.94   28.20   28.40   28.40   27.90  
16.27   18.70   21.04   23.16   24.95   26.33   27.33   28.11   28.78   29.39   29.91   30.30   30.63   30.97   31.13   30.75   29.82   28.36   26.33   24.24   22.16   20.17   18.32   16.61   15.04   13.77   13.83   14.34   14.86   15.34   15.74   16.04   16.24   16.39   16.55   16.78   17.75   19.73   21.42   22.67   23.47   24.14   24.73   25.26   25.68   25.96   26.20   26.43   26.61   26.56  
16.61   18.79   20.77   22.45   23.75   24.71   25.46   26.13   26.76   27.37   27.93   28.43   29.08   29.69   30.22   30.54   29.64   28.47   26.95   24.82   22.76   20.79   18.91   17.17   15.57   14.12   13.04   13.34   13.81   14.24   14.61   14.89   15.08   15.23   15.41   15.85   17.56   19.14   20.32   21.11   21.80   22.42   22.97   23.46   23.85   24.12   24.34   24.57   24.78   24.92  
16.69   18.54   20.11   21.34   22.25   22.98   23.65   24.28   24.89   25.48   26.11   26.86   28.02   29.77   31.65   32.38   31.68   30.33   28.23   26.04   23.61   21.39   19.50   17.73   16.10   14.60   13.26   12.53   12.84   13.22   13.57   13.82   14.01   14.17   14.43   15.55   17.00   18.11   18.89   19.60   20.24   20.82   21.33   21.78   22.14   22.40   22.62   22.83   23.03   23.22  
16.44   17.92   19.07   19.95   20.67   21.34   21.97   22.56   23.16   23.78   24.60   26.06   28.29   30.83   32.53   33.35   33.02   31.39   29.47   26.99   24.56   22.20   20.09   18.28   16.62   15.09   13.69   12.48   12.02   12.29   12.59   12.83   13.01   13.20   13.71   15.00   16.05   16.82   17.54   18.20   18.80   19.33   19.81   20.23   20.56   20.81   21.01   21.21   21.40   21.59  
15.86   16.96   17.80   18.53   19.19   19.82   20.41   20.97   21.56   22.33   23.87   26.26   29.18   31.60   33.01   33.71   33.60   32.49   30.28   27.96   25.44   23.07   20.83   18.85   17.14   15.58   14.15   12.84   11.77   11.48   11.70   11.92   12.10   12.34   13.14   14.13   14.90   15.62   16.29   16.90   17.45   17.95   18.40   18.78   19.09   19.32   19.52   19.70   19.88   20.06  
14.97   15.79   16.53   17.20   17.82   18.41   18.96   19.50   20.17   21.66   24.02   26.98   29.53   31.68   33.23   33.88   33.65   32.66   30.94   28.61   26.26   23.90   21.64   19.55   17.69   16.07   14.61   13.26   12.05   11.11   10.91   11.07   11.25   11.53   12.33   13.11   13.83   14.50   15.12   15.69   16.20   16.67   17.08   17.44   17.72   17.95   18.13   18.30   18.47   18.63  
13.90   14.65   15.34   15.97   16.55   17.09   17.62   18.21   19.52   21.73   24.49   27.11   29.35   31.40   32.60   33.18   32.94   32.32   30.93   29.16   26.89   24.64   22.41   20.29   18.33   16.60   15.07   13.69   12.43   11.31   10.48   10.32   10.47   10.76   11.45   12.17   12.84   13.46   14.04   14.56   15.04   15.48   15.86   16.19   16.46   16.66   16.84   17.00   17.16   17.31  
12.84   13.59   14.24   14.83   15.37   15.88   16.43   17.50   19.53   22.07   24.55   26.74   28.83   30.20   31.16   31.68   31.63   31.21   30.45   29.09   27.34   25.22   23.10   21.01   19.03   17.20   15.57   14.13   12.84   11.66   10.62   9.89    9.77    10.04   10.64   11.30   11.92   12.49   13.03   13.52   13.97   14.37   14.72   15.03   15.28   15.47   15.64   15.79   15.94   16.08  
11.85   12.60   13.21   13.76   14.27   14.79   15.61   17.46   19.78   22.10   24.20   26.13   27.51   28.53   29.31   29.79   29.91   29.85   29.39   28.57   27.28   25.62   23.65   21.66   19.70   17.84   16.13   14.60   13.25   12.03   10.93   9.98    9.33    9.38    9.89    10.48   11.06   11.59   12.09   12.55   12.96   13.34   13.67   13.95   14.18   14.37   14.52   14.66   14.80   14.93  
10.92   11.68   12.26   12.78   13.27   13.88   15.52   17.64   19.80   21.78   23.56   24.89   25.88   26.66   27.35   27.80   28.03   28.16   28.11   27.66   26.86   25.65   24.05   22.20   20.32   18.48   16.74   15.13   13.70   12.43   11.28   10.25   9.38    8.84    9.20    9.73    10.26   10.76   11.22   11.65   12.03   12.38   12.69   12.97   13.38   13.39   13.49   13.62   13.74   13.87  
10.06   10.82   11.38   11.87   12.42   13.69   15.64   17.64   19.49   21.14   22.41   23.36   24.12   24.80   25.46   25.91   26.19   26.48   26.68   26.61   26.20   25.43   24.20   22.64   20.85   19.07   17.33   15.70   14.20   12.86   11.66   10.58   9.62    8.82    8.63    9.05    9.52    9.99    10.42   10.82   11.23   12.08   13.37   14.51   15.22   15.16   14.68   14.03   13.33   12.94  
9.25    10.01   10.56   11.08   12.01   13.76   15.62   17.35   18.88   20.09   20.99   21.72   22.41   23.06   23.68   24.16   24.58   24.98   25.49   25.64   25.58   25.17   24.13   22.86   21.28   19.58   17.90   16.27   14.74   13.35   12.08   10.95   9.94    9.04    8.33    8.45    8.85    9.27    9.72    10.57   12.16   13.71   15.18   16.45   17.26   17.14   16.60   15.87   15.08   14.17  
8.49    9.26    9.81    10.44   12.01   13.73   15.34   16.77   17.91   18.78   19.50   20.18   20.83   21.45   22.05   22.62   23.21   23.80   24.65   25.09   25.18   24.87   24.23   22.97   21.57   20.01   18.40   16.82   15.29   13.88   12.57   11.37   10.31   9.35    8.50    7.96    8.25    8.74    10.18   12.04   13.85   15.53   17.13   18.53   19.48   19.28   18.65   17.86   17.01   16.08  
7.79    8.57    9.18    10.37   11.96   13.46   14.79   15.87   16.70   17.43   18.11   18.75   19.36   19.96   20.57   21.21   21.98   22.97   24.17   24.91   25.02   24.78   24.26   23.22   21.79   20.33   18.85   17.33   15.85   14.43   13.10   11.86   10.72   9.70    8.80    8.01    7.87    9.25    11.55   13.73   15.70   17.50   19.23   20.78   21.90   21.57   20.86   19.99   19.08   17.86  
7.15    7.96    8.86    10.30   11.70   12.94   13.96   14.76   15.51   16.19   16.82   17.42   18.00   18.59   19.22   19.97   21.09   22.54   23.83   24.83   24.99   24.71   24.21   23.28   22.04   20.59   19.18   17.77   16.37   15.01   13.68   12.41   11.21   10.13   9.15    8.28    7.90    10.15   12.72   15.18   17.52   19.61   21.46   23.17   24.49   24.01   23.22   22.29   20.97   19.50  
6.58    7.46    8.75    10.05   11.21   12.17   12.96   13.70   14.39   15.03   15.63   16.20   16.75   17.33   18.01   19.15   20.66   22.14   23.57   24.68   24.89   24.61   24.04   23.18   22.08   20.83   19.48   18.15   16.86   15.60   14.32   13.03   11.79   10.61   9.57    8.63    8.67    11.06   13.66   16.44   19.05   21.56   23.74   25.65   27.16   26.55   25.67   24.26   22.75   20.86  
6.14    7.30    8.51    9.59    10.50   11.29   12.03   12.72   13.36   13.96   14.52   15.06   15.60   16.21   17.21   18.69   20.29   21.85   23.53   24.58   24.83   24.62   23.86   22.99   21.99   20.90   19.73   18.53   17.36   16.23   15.05   13.76   12.42   11.21   10.05   9.03    9.52    11.93   14.54   17.40   20.41   23.13   25.80   27.99   29.53   28.93   27.68   26.16   24.18   21.96  
5.95    7.06    8.08    8.94    9.74    10.48   11.16   11.81   12.40   12.96   13.49   14.01   14.56   15.36   16.77   18.36   20.05   21.99   23.38   24.47   24.96   24.52   23.92   22.86   21.84   20.84   19.83   18.84   17.81   16.89   15.76   14.54   13.24   11.87   10.63   9.50    10.34   12.77   15.43   18.31   21.36   24.57   27.11   29.73   31.05   30.74   29.44   27.63   25.30   23.03  
5.71    6.66    7.49    8.29    9.03    9.72    10.36   10.96   11.51   12.03   12.54   13.04   13.65   14.92   16.47   18.15   20.08   21.80   23.42   24.62   25.09   24.97   24.05   22.98   21.80   20.77   19.86   19.06   18.29   17.38   16.48   15.31   13.97   12.61   11.26   10.05   11.13   13.61   16.29   19.20   22.32   25.41   28.42   30.58   31.61   31.63   30.71   28.66   26.45   23.88  
5.34    6.17    6.95    7.69    8.38    9.02    9.61    10.17   10.69   11.18   11.67   12.20   13.19   14.67   16.33   18.17   19.95   21.81   23.49   24.68   25.11   24.82   24.33   23.09   21.87   20.73   19.81   19.08   18.41   17.80   16.97   15.98   14.69   13.30   11.94   10.63   11.91   14.41   17.13   20.08   23.13   26.37   29.23   31.04   32.01   31.94   31.12   29.74   27.26   24.85  
4.89    5.71    6.44    7.13    7.77    8.37    8.92    9.44    9.92    10.39   10.88   11.57   12.99   14.62   16.42   18.18   19.99   21.66   23.22   24.28   24.68   24.48   23.96   23.13   21.90   20.73   19.71   18.94   18.33   17.80   17.20   16.33   15.22   13.95   12.59   11.27   12.67   15.19   17.94   20.86   23.98   26.83   29.25   31.05   31.85   31.93   30.99   29.79   27.99   25.59  
4.46    5.28    5.97    6.61    7.20    7.76    8.27    8.76    9.21    9.67    10.23   11.40   12.99   14.82   16.59   18.32   19.89   21.33   22.39   23.29   23.66   23.77   23.29   22.70   21.83   20.70   19.65   18.73   18.11   17.54   17.02   16.36   15.48   14.40   13.16   11.85   13.40   15.95   18.68   21.57   24.29   26.68   28.79   29.99   30.69   30.88   30.51   29.41   27.97   26.18  
4.05    4.87    5.53    6.12    6.68    7.19    7.67    8.13    8.56    9.04    9.90    11.44   13.22   15.07   16.86   18.37   19.64   20.57   21.36   22.01   22.35   22.51   22.48   21.98   21.39   20.56   19.54   18.60   17.79   17.19   16.64   16.14   15.47   14.58   13.54   12.36   14.09   16.63   19.31   21.84   24.11   26.09   27.38   28.24   28.87   29.13   29.09   28.61   27.57   26.17  
3.67    4.49    5.11    5.67    6.19    6.67    7.12    7.54    7.97    8.53    9.91    11.64   13.52   15.38   16.93   18.12   19.01   19.66   20.24   20.70   20.97   21.13   21.23   21.14   20.70   20.13   19.34   18.42   17.57   16.82   16.24   15.73   15.21   14.55   13.69   12.70   14.72   17.19   19.55   21.67   23.50   24.76   25.62   26.32   26.88   27.15   27.33   27.27   26.76   25.79  
3.31    4.13    4.73    5.26    5.74    6.18    6.60    7.01    7.47    8.45    10.09   11.91   13.78   15.42   16.63   17.55   18.30   18.75   19.12   19.42   19.62   19.77   19.90   19.95   19.85   19.45   18.89   18.18   17.35   16.55   15.85   15.30   14.80   14.28   13.64   12.96   15.20   17.40   19.38   21.07   22.28   23.12   23.80   24.46   24.97   25.25   25.47   25.60   25.52   25.03  
2.98    3.79    4.37    4.87    5.32    5.73    6.13    6.53    7.10    8.59    10.30   12.08   13.72   15.05   16.03   16.82   17.41   17.76   17.96   18.16   18.31   18.45   18.58   18.68   18.71   18.60   18.24   17.73   17.06   16.30   15.56   14.91   14.38   13.89   13.38   13.35   15.40   17.24   18.81   19.96   20.77   21.47   22.11   22.71   23.18   23.45   23.67   23.87   23.98   23.87  
2.66    3.48    4.04    4.51    4.93    5.32    5.69    6.14    7.17    8.77    10.44   11.99   13.31   14.32   15.18   15.91   16.38   16.65   16.80   16.93   17.06   17.20   17.32   17.44   17.53   17.55   17.43   17.09   16.61   16.00   15.29   14.61   14.00   13.50   13.02   13.51   15.24   16.69   17.78   18.58   19.29   19.94   20.54   21.08   21.51   21.78   21.99   22.19   22.38   22.45  
2.37    3.18    3.73    4.17    4.56    4.93    5.31    5.88    7.33    8.88    10.32   11.58   12.56   13.42   14.23   14.90   15.34   15.55   15.65   15.78   15.89   16.01   16.13   16.25   16.36   16.43   16.44   16.32   16.01   15.56   14.99   14.34   13.70   13.14   12.65   13.36   14.71   15.75   16.53   17.25   17.92   18.52   19.07   19.58   19.97   20.23   20.43   20.62   20.81   20.96  
2.09    2.91    3.44    3.86    4.23    4.58    5.00    5.98    7.41    8.76    9.93    10.88   11.71   12.49   13.25   13.86   14.28   14.47   14.60   14.69   14.80   14.90   15.01   15.12   15.23   15.33   15.40   15.40   15.28   14.99   14.57   14.04   13.44   12.85   12.32   12.86   13.85   14.62   15.34   16.02   16.64   17.20   17.71   18.17   18.54   18.79   18.98   19.16   19.34   19.50  
1.83    2.65    3.17    3.56    3.91    4.26    4.75    6.03    7.29    8.39    9.30    10.11   10.88   11.61   12.30   12.87   13.25   13.45   13.57   13.68   13.77   13.87   13.97   14.07   14.18   14.28   14.37   14.43   14.42   14.30   14.03   13.64   13.14   12.59   12.04   12.07   12.85   13.58   14.25   14.87   15.45   15.97   16.45   16.87   17.21   17.45   17.63   17.80   17.96   18.12  
1.59    2.41    2.91    3.29    3.63    4.00    4.75    5.92    6.95    7.81    8.62    9.38    10.10   10.78   11.42   11.94   12.29   12.48   12.60   12.72   12.82   12.91   13.00   13.09   13.19   13.29   13.38   13.46   13.51   13.50   13.39   13.14   12.77   12.31   11.79   11.35   11.95   12.60   13.23   13.81   14.34   14.83   15.27   15.66   15.98   16.20   16.38   16.54   16.69   16.83  
1.39    2.18    2.68    3.04    3.37    3.77    4.63    5.60    6.44    7.25    8.00    8.70    9.37    10.00   10.59   11.07   11.40   11.58   11.70   11.81   11.92   12.01   12.10   12.18   12.27   12.36   12.45   12.54   12.61   12.66   12.64   12.53   12.29   11.95   11.52   11.06   11.15   11.71   12.28   12.82   13.32   13.77   14.18   14.54   14.83   15.04   15.21   15.36   15.50   15.64  
1.22    1.98    2.46    2.81    3.13    3.54    4.34    5.18    5.97    6.72    7.42    8.07    8.69    9.28    9.82    10.26   10.56   10.75   10.86   10.97   11.07   11.17   11.26   11.34   11.42   11.50   11.58   11.67   11.75   11.82   11.86   11.84   11.73   11.51   11.19   10.79   10.46   10.89   11.40   11.90   12.36   12.78   13.16   13.50   13.77   13.97   14.13   14.27   14.40   14.53  
1.07    1.79    2.26    2.60    2.91    3.32    4.03    4.80    5.53    6.22    6.88    7.49    8.06    8.61    9.10    9.51    9.79    9.97    10.08   10.18   10.28   10.37   10.46   10.55   10.62   10.70   10.78   10.85   10.93   11.01   11.07   11.10   11.08   10.97   10.77   10.47   10.11   10.16   10.59   11.05   11.48   11.87   12.22   12.53   12.78   12.97   13.12   13.25   13.37   13.49  
0.95    1.62    2.07    2.40    2.71    3.11    3.74    4.45    5.12    5.77    6.37    6.94    7.48    7.98    8.44    8.81    9.08    9.25    9.36    9.45    9.54    9.63    9.72    9.80    9.88    9.95    10.03   10.10   10.17   10.25   10.31   10.37   10.40   10.37   10.27   10.08   9.80    9.52    9.85    10.26   10.65   11.02   11.34   11.63   11.86   12.04   12.18   12.31   12.42   12.53  
0.85    1.47    1.90    2.21    2.51    2.90    3.48    4.12    4.75    5.34    5.91    6.44    6.94    7.40    7.82    8.16    8.41    8.58    8.69    8.77    8.86    8.94    9.02    9.10    9.18    9.26    9.33    9.39    9.46    9.53    9.60    9.66    9.71    9.74    9.71    9.61    9.43    9.18    9.19    9.53    9.89    10.22   10.53   10.79   11.01   11.18   11.31   11.43   11.53   11.64  
0.76    1.33    1.74    2.04    2.33    2.70    3.23    3.81    4.40    4.95    5.47    5.97    6.43    6.86    7.25    7.57    7.80    7.95    8.06    8.14    8.22    8.30    8.37    8.45    8.53    8.60    8.67    8.74    8.80    8.86    8.93    8.99    9.05    9.10    9.12    9.09    8.99    8.82    8.62    8.86    9.18    9.49    9.77    10.01   10.22   10.37   10.50   10.61   10.71   10.81  
0.68    1.21    1.59    1.88    2.17    2.52    2.99    3.53    4.07    4.59    5.07    5.53    5.96    6.36    6.72    7.01    7.23    7.37    7.48    7.56    7.63    7.70    7.77    7.84    7.92    7.99    8.06    8.12    8.18    8.24    8.30    8.36    8.42    8.48    8.52    8.53    8.51    8.41    8.26    8.26    8.52    8.81    9.07    9.29    9.48    9.63    9.75    9.85    9.94    10.03  
0.61    1.10    1.45    1.74    2.01    2.34    2.78    3.27    3.77    4.25    4.70    5.12    5.52    5.89    6.22    6.49    6.70    6.83    6.93    7.01    7.08    7.14    7.21    7.28    7.34    7.41    7.48    7.54    7.61    7.66    7.72    7.77    7.83    7.89    7.94    7.97    7.99    7.96    7.87    7.75    7.92    8.17    8.41    8.62    8.79    8.93    9.04    9.14    9.23    9.31   
