#Value Function.
292.78  377.38  445.95  504.53  565.84  638.09  717.08  811.49  918.75  1041.30 1175.38 1325.17 1485.28 1667.78 1860.49 2090.87 2348.81 2637.09 2922.70 3102.71 3113.18 2984.95 2706.43 2384.94 2087.03 1835.59 1613.91 1435.01 1276.96 1146.47 1042.29 958.10  892.35  836.96  789.44  737.89  686.70  632.29  574.52  514.86  455.24  397.51  343.09  292.78  246.82  204.88  166.13  129.16  91.90   50.50  
579.40  751.85  856.24  958.61  1068.37 1195.73 1338.61 1507.76 1700.17 1909.63 2137.11 2383.35 2658.00 2951.20 3267.66 3602.75 3978.14 4363.76 4721.01 4924.11 4933.75 4731.61 4352.30 3920.31 3503.64 3118.67 2780.04 2498.04 2251.94 2045.72 1884.00 1754.88 1649.64 1562.64 1483.28 1394.96 1300.71 1196.99 1085.98 971.14  856.70  746.51  643.24  548.32  462.04  383.67  311.60  243.24  174.61  101.70 
866.49  1124.11 1268.36 1402.57 1550.34 1723.07 1918.00 2144.59 2399.39 2674.94 2970.69 3292.47 3630.22 3983.40 4340.51 4706.90 5069.37 5427.33 5687.68 5865.55 5856.30 5676.99 5305.06 4882.76 4441.82 4015.08 3627.84 3288.88 3012.53 2779.55 2596.93 2458.19 2347.25 2252.89 2154.67 2043.10 1905.27 1751.69 1585.03 1412.31 1241.32 1078.25 926.93  789.04  664.63  552.47  450.03  353.91  258.83  151.71 
1160.23 1503.20 1682.89 1841.34 2015.08 2208.72 2437.63 2700.02 2995.27 3313.92 3656.19 4015.16 4380.63 4749.10 5108.02 5439.51 5755.13 6012.54 6214.13 6287.04 6262.22 6107.69 5816.05 5441.50 5037.66 4625.47 4239.22 3899.69 3619.91 3398.89 3236.44 3123.53 3037.61 2961.06 2863.89 2732.82 2553.01 2342.74 2110.18 1869.63 1634.97 1414.47 1212.59 1030.68 867.98  722.61  591.53  468.46  344.17  202.67 
1468.76 1900.47 2113.56 2287.57 2466.11 2658.53 2887.24 3156.98 3468.02 3806.84 4167.42 4538.21 4905.65 5264.22 5598.11 5895.45 6145.08 6329.80 6435.86 6461.90 6417.17 6297.72 6075.78 5772.01 5414.72 5040.93 4686.38 4379.20 4138.10 3964.82 3858.89 3807.01 3778.82 3741.46 3665.42 3519.15 3288.87 3006.12 2689.06 2364.81 2055.06 1769.62 1512.83 1284.40 1081.77 901.67  739.13  586.57  431.89  254.82 
1799.15 2329.97 2583.15 2772.88 2947.91 3113.82 3300.25 3531.17 3824.89 4159.55 4518.91 4884.45 5238.96 5574.91 5876.35 6133.02 6328.37 6456.16 6515.00 6513.35 6469.08 6382.46 6210.80 5966.76 5667.50 5343.00 5033.31 4784.76 4612.33 4524.15 4504.67 4552.76 4616.60 4647.53 4613.88 4452.71 4147.12 3758.41 3334.51 2910.14 2512.09 2153.32 1834.08 1552.81 1305.80 1087.76 891.78  708.14  521.84  308.27 
2151.97 2799.17 3112.91 3340.97 3524.87 3659.17 3767.68 3875.69 4092.71 4390.00 4731.21 5080.44 5414.94 5724.13 5994.82 6217.10 6378.83 6478.97 6520.01 6517.97 6486.65 6410.11 6271.54 6066.00 5807.42 5530.34 5280.27 5116.25 5055.53 5090.78 5212.63 5385.94 5586.62 5704.14 5733.00 5552.49 5144.78 4618.75 4052.12 3502.90 3004.18 2558.52 2168.73 1830.25 1535.96 1278.08 1047.48 831.98  613.47  362.75 
2512.34 3298.41 3697.58 4003.23 4231.19 4343.03 4331.35 4294.50 4327.01 4524.78 4827.19 5152.09 5463.66 5748.58 5985.45 6185.19 6330.81 6421.36 6467.41 6477.81 6458.47 6397.40 6276.76 6096.99 5881.00 5653.78 5483.34 5429.51 5518.02 5721.75 6010.14 6348.44 6638.58 6881.72 6977.25 6765.73 6235.47 5547.64 4808.52 4117.36 3506.49 2968.33 2505.34 2108.46 1766.32 1468.52 1203.41 956.40  706.02  417.97 
2846.01 3777.71 4301.95 4682.42 4946.23 5097.76 4976.86 4769.92 4595.47 4603.44 4830.00 5120.66 5406.65 5668.46 5893.63 6067.60 6211.32 6302.93 6358.18 6388.54 6383.77 6337.85 6240.30 6082.04 5897.93 5714.49 5636.51 5734.82 5977.09 6337.48 6785.61 7280.01 7739.51 8040.09 8167.43 7928.81 7238.10 6431.95 5542.79 4712.55 3985.83 3361.20 2830.31 2377.31 1989.94 1654.27 1356.33 1079.24 799.48  473.26 
3107.28 4158.76 4770.91 5261.07 5592.28 5680.37 5525.07 5164.35 4844.06 4711.70 4788.94 5028.93 5286.23 5521.06 5721.98 5897.91 6028.16 6138.20 6207.50 6249.30 6258.78 6228.39 6143.38 6015.03 5848.43 5720.16 5759.64 5981.85 6342.88 6809.52 7385.56 8014.02 8582.90 8895.29 9023.42 8735.02 8100.71 7169.87 6170.36 5233.68 4414.06 3717.86 3127.24 2626.91 2200.04 1830.71 1503.12 1198.49 891.02  527.78 
3255.21 4376.74 5053.31 5589.04 5889.40 5902.05 5735.65 5370.49 5002.69 4777.81 4743.26 4919.91 5143.61 5352.45 5529.66 5692.51 5822.13 5925.35 6010.82 6064.24 6084.55 6064.83 5991.55 5879.09 5754.39 5674.96 5808.76 6100.27 6521.84 7043.11 7665.55 8341.65 8961.57 9350.33 9383.12 9148.06 8537.94 7611.49 6599.11 5624.56 4759.62 4017.06 3385.32 2849.60 2391.43 1994.24 1641.36 1312.85 979.42  580.40 
3274.54 4378.89 5004.51 5488.43 5749.85 5838.66 5681.68 5393.23 5016.34 4771.69 4703.04 4839.93 5026.03 5198.56 5357.20 5487.33 5602.11 5699.48 5788.36 5845.99 5870.70 5856.71 5792.58 5699.95 5605.43 5587.29 5744.86 6059.39 6492.21 7014.22 7595.31 8227.38 8822.92 9243.96 9335.37 9170.22 8581.72 7792.70 6814.69 5865.91 5003.03 4250.35 3600.24 3042.05 2561.46 2142.83 1769.88 1421.61 1062.89 630.00 
3199.86 4236.68 4769.91 5159.80 5397.29 5473.24 5422.74 5141.85 4897.09 4711.54 4705.19 4835.52 4985.31 5132.07 5252.31 5351.12 5432.63 5509.20 5582.23 5628.10 5644.94 5627.49 5567.55 5497.26 5434.63 5426.98 5563.13 5866.99 6269.15 6744.56 7271.61 7808.45 8330.65 8676.16 8873.48 8758.47 8317.53 7570.46 6767.54 5914.34 5114.09 4390.42 3751.58 3192.59 2703.52 2272.83 1885.61 1519.95 1139.07 675.14 
3085.45 4044.68 4488.60 4768.43 4950.34 5040.29 5013.29 4902.07 4782.85 4743.96 4825.53 4961.00 5095.35 5212.57 5307.84 5368.38 5407.63 5425.55 5449.13 5456.28 5443.19 5406.83 5345.11 5279.87 5224.27 5222.90 5314.77 5562.62 5910.30 6313.89 6755.78 7199.88 7637.02 7969.84 8125.75 8073.69 7723.34 7189.12 6518.78 5800.77 5095.87 4434.00 3831.26 3290.24 2807.60 2375.56 1981.38 1603.76 1204.73 714.10 
2984.06 3883.06 4264.55 4497.03 4659.55 4756.72 4805.56 4834.26 4880.84 4973.24 5112.23 5266.07 5411.08 5524.18 5605.90 5637.28 5614.47 5546.04 5465.82 5385.71 5310.62 5232.06 5143.97 5066.30 5002.78 4987.65 5053.54 5209.88 5477.58 5804.65 6159.25 6520.50 6855.82 7148.08 7305.53 7279.18 7051.34 6652.36 6142.87 5569.05 4970.02 4388.16 3838.32 3331.13 2867.98 2445.06 2052.08 1668.76 1256.97 745.17 
2931.58 3799.67 4162.83 4395.28 4581.69 4741.74 4890.83 5045.51 5218.90 5403.12 5599.60 5797.41 5976.18 6132.80 6226.84 6225.53 6113.40 5906.35 5681.78 5462.28 5280.35 5127.50 4998.07 4883.54 4798.78 4758.77 4780.28 4879.15 5048.65 5292.03 5566.60 5850.97 6129.54 6366.99 6506.40 6514.03 6367.40 6096.18 5713.40 5255.57 4765.97 4266.51 3779.85 3316.89 2883.41 2478.63 2094.50 1712.03 1293.43 767.01 
2941.38 3807.58 4179.19 4441.33 4683.41 4926.66 5182.95 5450.33 5728.05 6015.38 6292.06 6567.36 6818.01 7033.98 7184.40 7154.41 6926.02 6526.92 6103.93 5706.08 5375.90 5120.34 4916.01 4750.20 4624.31 4550.24 4529.82 4569.90 4674.47 4836.07 5039.28 5257.91 5479.77 5669.51 5790.69 5815.57 5734.88 5541.88 5257.47 4905.36 4507.60 4089.32 3666.89 3253.50 2856.26 2476.42 2107.63 1732.07 1312.72 778.76 
3005.40 3889.66 4283.48 4583.51 4890.07 5219.10 5580.23 5967.81 6359.48 6751.06 7132.02 7519.23 7907.48 8225.76 8460.52 8382.36 8021.74 7334.91 6684.47 6077.08 5579.50 5198.47 4901.90 4666.64 4488.54 4369.19 4305.96 4296.33 4346.47 4447.18 4580.91 4743.92 4911.42 5059.15 5160.26 5194.77 5147.56 5016.55 4808.04 4536.74 4219.59 3872.89 3512.25 3149.24 2791.44 2440.92 2092.36 1728.90 1314.54 780.21 
3093.83 4006.14 4419.28 4762.20 5122.98 5530.25 5986.63 6483.26 7002.19 7498.56 7979.78 8477.73 9026.02 9538.47 9801.20 9687.62 9120.62 8289.93 7340.71 6514.33 5851.80 5340.30 4942.75 4635.04 4400.91 4227.02 4116.44 4063.85 4063.16 4104.89 4189.74 4299.95 4420.42 4530.91 4611.96 4645.66 4620.28 4530.18 4377.42 4169.32 3916.82 3632.39 3327.80 3013.16 2695.24 2376.19 2051.10 1703.83 1299.57 771.71 
3165.44 4102.01 4540.33 4908.32 5312.98 5776.90 6303.41 6884.02 7487.37 8053.09 8629.68 9246.46 9907.09 10500.10 10757.56 10623.34 10061.44 9070.87 7946.15 6944.46 6141.08 5511.41 5021.77 4640.26 4344.89 4123.61 3965.62 3862.37 3814.76 3814.81 3852.30 3917.97 3997.34 4075.18 4135.42 4163.90 4149.56 4086.28 3972.81 3812.46 3611.85 3379.45 3124.19 2853.98 2574.45 2287.19 1987.30 1659.17 1269.28 754.07 
3191.18 4146.65 4600.57 4984.85 5408.99 5895.19 6446.10 7053.75 7686.79 8296.77 8890.70 9527.25 10204.64 10811.61 11077.08 10951.24 10437.02 9481.36 8320.28 7248.67 6368.78 5665.16 5106.60 4663.67 4315.16 4041.01 3838.12 3696.32 3607.85 3566.21 3563.46 3589.43 3632.95 3681.19 3721.21 3740.96 3730.74 3683.99 3597.89 3473.09 3313.12 3123.45 2910.34 2679.70 2435.74 2179.24 1905.03 1597.89 1225.76 728.52 
3167.91 4123.29 4587.82 4973.23 5391.69 5864.23 6391.47 6964.00 7566.02 8149.70 8735.56 9314.33 9874.67 10447.26 10730.54 10780.03 10326.85 9395.50 8337.39 7335.68 6470.50 5749.63 5157.43 4675.29 4285.49 3976.25 3736.05 3557.44 3432.87 3355.03 3316.17 3307.66 3319.56 3341.23 3361.75 3370.89 3359.91 3322.43 3254.72 3155.80 3027.06 2871.67 2693.77 2497.43 2285.45 2057.71 1808.65 1523.42 1171.50 696.50 
3094.53 4036.57 4496.31 4876.73 5273.19 5709.17 6180.71 6684.96 7193.69 7706.55 8217.48 8691.95 9178.71 9666.61 9937.73 10051.90 9656.78 8966.73 8081.10 7231.06 6437.65 5748.43 5158.87 4662.70 4251.42 3915.57 3647.27 3438.95 3283.84 3175.19 3105.80 3067.81 3052.55 3050.72 3052.95 3050.38 3035.28 3001.59 2945.30 2864.41 2758.91 2630.29 2481.00 2313.57 2129.53 1927.86 1702.64 1439.38 1109.22 659.64 
3002.19 3922.19 4370.53 4725.37 5087.95 5472.89 5877.54 6299.06 6720.92 7132.94 7544.55 7932.88 8333.00 8704.53 8971.97 9047.22 8794.72 8287.78 7657.35 6957.27 6284.28 5658.98 5100.90 4614.47 4198.76 3850.20 3563.89 3334.57 3156.93 3024.88 2932.11 2871.03 2833.54 2811.37 2796.38 2781.02 2758.69 2724.14 2673.23 2603.49 2514.01 2405.18 2278.14 2134.16 1973.69 1794.90 1591.55 1349.58 1041.83 619.69 
2924.82 3819.21 4243.31 4569.35 4887.91 5215.28 5553.51 5893.62 6231.45 6561.44 6888.81 7204.22 7528.73 7827.56 8033.15 8093.15 7940.59 7607.87 7139.10 6604.22 6042.37 5496.63 4987.44 4527.72 4123.17 3775.49 3483.53 3246.06 3057.98 2915.67 2810.43 2734.13 2678.98 2637.79 2604.17 2572.58 2538.98 2497.95 2445.74 2379.81 2299.08 2202.97 2091.65 1965.41 1823.73 1664.11 1480.04 1257.94 972.38  578.47 
2890.59 3762.33 4160.10 4453.14 4728.60 5004.52 5279.67 5552.92 5820.58 6081.84 6339.96 6592.66 6849.67 7081.54 7245.80 7303.92 7213.06 6982.08 6639.27 6217.76 5756.75 5286.68 4832.42 4409.98 4030.26 3698.29 3424.02 3199.76 3032.59 2902.57 2798.55 2711.89 2636.39 2567.76 2504.51 2450.64 2396.77 2339.25 2275.28 2204.29 2123.50 2031.95 1929.11 1814.19 1685.88 1541.05 1372.98 1168.57 904.03  537.90 
2923.62 3786.51 4164.00 4428.68 4667.81 4900.68 5127.61 5347.69 5558.91 5762.74 5963.10 6156.25 6349.57 6527.86 6656.23 6712.21 6648.78 6472.21 6199.32 5851.59 5464.12 5057.96 4658.08 4285.10 3943.92 3661.32 3444.09 3276.13 3150.42 3045.63 2951.35 2859.11 2760.36 2662.56 2564.05 2465.74 2368.41 2271.71 2183.41 2093.13 2000.09 1903.20 1799.80 1688.46 1567.06 1431.76 1275.56 1085.80 840.10  499.97 
3047.60 3927.64 4296.56 4543.99 4760.29 4964.93 5161.33 5345.90 5515.24 5672.36 5819.65 5959.14 6090.13 6214.53 6297.28 6338.03 6269.02 6104.71 5847.87 5541.28 5196.17 4846.22 4499.24 4180.52 3940.98 3751.38 3611.18 3516.57 3448.05 3378.34 3297.06 3196.62 3072.32 2935.43 2788.86 2636.10 2486.81 2341.91 2198.24 2066.58 1947.42 1830.53 1714.73 1597.47 1475.04 1342.78 1193.33 1014.16 784.06  466.74 
3285.30 4219.28 4600.34 4846.70 5056.53 5251.72 5437.81 5610.32 5760.42 5886.35 5982.93 6063.26 6118.91 6177.70 6198.78 6178.23 6072.83 5867.64 5601.39 5296.38 4985.91 4676.12 4416.02 4223.60 4084.82 4012.94 3978.21 3957.56 3944.94 3906.49 3835.26 3724.71 3568.48 3388.92 3183.04 2964.04 2750.64 2540.47 2344.23 2160.56 1985.33 1828.79 1686.69 1551.31 1418.00 1281.02 1131.95 958.30  739.39  440.27 
3652.42 4689.27 5113.02 5382.49 5606.70 5813.01 6009.07 6190.39 6356.29 6484.73 6543.24 6543.41 6499.55 6438.17 6340.82 6194.37 6010.79 5757.77 5453.90 5146.90 4860.50 4656.07 4513.07 4449.95 4448.58 4488.16 4540.88 4588.60 4623.94 4613.04 4547.97 4422.52 4232.84 4003.71 3736.32 3443.08 3148.27 2866.16 2603.14 2354.36 2128.05 1916.17 1727.76 1559.38 1404.22 1252.98 1097.01 922.70  709.46  422.52 
4148.84 5348.99 5861.71 6192.77 6458.70 6696.97 6923.54 7134.49 7327.90 7462.26 7461.70 7322.77 7136.91 6901.91 6636.80 6354.25 6057.15 5726.70 5394.37 5111.35 4922.37 4827.80 4837.89 4910.31 5019.21 5154.01 5289.00 5398.97 5482.26 5495.13 5431.60 5285.44 5049.71 4762.51 4420.65 4049.77 3673.83 3301.78 2959.51 2644.83 2351.40 2087.40 1844.96 1631.02 1439.23 1264.63 1093.18 911.22  697.14  415.13 
4744.83 6175.25 6842.41 7305.36 7665.94 7953.64 8166.04 8393.79 8600.24 8744.60 8669.18 8360.30 7942.28 7492.16 7041.54 6587.20 6153.66 5765.45 5446.72 5242.64 5179.98 5243.67 5389.94 5571.07 5783.65 6000.03 6208.06 6375.47 6503.44 6535.62 6468.61 6295.69 6006.41 5638.83 5226.14 4758.00 4290.81 3842.06 3408.50 3012.82 2648.99 2322.72 2025.21 1762.90 1529.37 1318.73 1123.66 926.48  704.42  419.19 
5368.66 7079.75 7989.76 8677.52 9264.22 9584.05 9717.41 9809.67 10016.91 10145.82 10006.32 9534.00 8890.48 8190.12 7494.50 6862.05 6331.05 5901.03 5630.20 5558.65 5665.94 5881.60 6147.41 6429.54 6717.52 6994.57 7262.75 7493.71 7658.17 7704.46 7628.63 7423.25 7077.11 6633.59 6117.87 5566.52 5003.79 4452.87 3940.39 3451.94 3011.94 2614.15 2261.19 1942.69 1664.22 1416.25 1188.67 969.13  731.83  434.99 
5910.40 7896.52 9091.27 10191.65 11005.25 11489.41 11350.32 11209.77 11237.36 11293.71 11166.64 10623.59 9747.35 8861.94 7954.77 7171.05 6554.03 6127.69 5962.65 6057.24 6335.04 6669.34 7045.26 7420.33 7798.77 8136.53 8449.81 8729.01 8925.46 8981.02 8890.86 8646.24 8235.47 7702.71 7093.28 6446.47 5776.79 5137.67 4518.79 3943.26 3422.45 2953.07 2532.87 2160.04 1834.47 1546.09 1285.20 1036.88 778.26  461.91 
6255.11 8423.45 9819.97 11211.49 12672.18 13085.77 12536.44 12086.46 12025.11 12051.44 11835.68 11311.57 10421.10 9355.07 8342.72 7461.87 6797.68 6421.97 6398.74 6693.89 7102.95 7562.09 8032.41 8513.73 8950.25 9371.13 9729.48 10044.41 10268.49 10332.39 10220.79 9927.54 9441.56 8819.16 8090.17 7345.13 6602.02 5851.61 5134.83 4469.18 3863.16 3316.31 2832.21 2407.55 2029.63 1699.97 1404.18 1125.74 840.98  498.45 
6332.13 8530.71 9891.61 11193.35 12393.99 13049.32 12713.36 12294.29 12207.87 12199.91 12053.02 11582.94 10714.41 9652.60 8589.32 7681.08 7029.72 6772.00 6951.79 7386.80 7911.95 8479.36 9045.79 9614.79 10152.76 10620.21 11046.20 11392.36 11655.71 11734.16 11600.69 11217.98 10664.49 9919.86 9110.07 8255.66 7414.75 6573.03 5760.41 5003.87 4312.70 3697.35 3149.63 2666.02 2240.64 1869.87 1539.06 1229.82 916.40  542.66 
6144.44 8234.55 9435.08 10435.67 11350.10 11715.14 11790.23 11785.31 11778.94 11933.53 11815.09 11337.57 10596.01 9600.89 8620.95 7781.28 7221.70 7133.29 7515.58 8067.08 8686.40 9347.35 10019.77 10675.41 11296.44 11855.30 12326.44 12712.40 13015.16 13149.79 12993.90 12529.53 11840.52 11010.34 10086.83 9135.70 8201.27 7271.59 6373.35 5531.88 4765.42 4073.43 3465.33 2929.38 2458.92 2049.46 1684.04 1344.04 1000.94 592.48 
5756.11 7659.17 8643.27 9395.54 9985.07 10393.46 10675.99 10866.96 11053.79 11180.21 11105.27 10788.27 10084.51 9298.00 8461.07 7762.40 7348.25 7516.34 8026.75 8673.27 9382.84 10126.81 10877.24 11614.22 12314.48 12958.38 13506.25 13996.22 14325.30 14490.91 14306.43 13755.16 12963.40 12003.94 10984.51 9944.64 8908.28 7913.57 6941.44 6027.00 5190.59 4438.23 3771.53 3188.70 2681.87 2232.34 1834.38 1465.23 1091.55 646.09 
5253.81 6945.56 7756.14 8323.33 8786.59 9195.15 9531.80 9812.34 10044.62 10199.51 10175.35 9917.79 9442.34 8810.19 8156.01 7631.12 7449.25 7834.62 8444.18 9163.07 9937.22 10740.07 11547.96 12343.73 13107.72 13824.96 14486.35 15041.57 15419.15 15547.92 15336.54 14718.41 13876.84 12846.55 11747.65 10637.43 9537.02 8462.00 7432.86 6463.64 5575.09 4773.49 4061.80 3438.71 2896.14 2414.47 1986.50 1589.98 1185.74 701.92 
4711.88 6203.16 6884.41 7351.51 7757.30 8135.48 8473.02 8765.29 9007.28 9163.00 9169.31 9008.51 8665.91 8216.80 7754.72 7428.03 7549.65 8055.10 8730.93 9494.44 10318.98 11160.85 12002.88 12835.16 13637.02 14404.56 15119.37 15727.17 16085.87 16116.95 15926.79 15367.79 14488.26 13437.72 12311.31 11169.48 10033.29 8919.66 7850.48 6843.59 5917.64 5079.31 4332.33 3676.02 3102.66 2592.84 2139.00 1715.67 1281.18 758.55 
4178.66 5490.12 6077.73 6482.39 6844.15 7189.41 7510.68 7795.44 8021.97 8170.95 8208.84 8113.74 7894.40 7593.35 7302.97 7203.84 7566.73 8152.25 8862.48 9644.34 10468.25 11315.00 12163.77 13000.65 13807.21 14569.45 15265.55 15850.89 16238.55 16317.13 16130.23 15644.15 14816.66 13792.77 12684.69 11552.85 10413.00 9287.63 8200.91 7172.95 6222.68 5358.44 4584.65 3901.22 3301.23 2766.97 2288.38 1839.54 1375.55 814.51 
3678.13 4830.62 5345.50 5703.29 6028.10 6342.36 6637.42 6899.86 7114.13 7263.48 7323.05 7284.92 7154.55 6978.25 6853.15 7015.27 7481.92 8107.77 8826.33 9602.24 10413.71 11245.09 12073.36 12888.07 13669.89 14399.00 15054.59 15561.14 15967.63 16105.41 16016.83 15589.16 14826.07 13889.23 12878.28 11790.06 10673.63 9558.11 8472.56 7438.12 6477.60 5599.28 4807.94 4105.69 3485.58 2929.55 2430.14 1958.00 1466.15 868.14 
3218.60 4229.95 4684.43 5003.57 5296.04 5580.73 5848.93 6090.17 6292.65 6438.68 6517.13 6521.72 6465.57 6395.57 6422.43 6764.92 7283.56 7914.90 8618.78 9370.40 10152.09 10950.00 11738.42 12491.28 13228.40 13901.89 14493.13 14963.38 15309.23 15535.89 15508.53 15160.65 14568.91 13753.28 12840.23 11827.98 10765.96 9691.04 8627.93 7613.56 6663.49 5784.57 4991.80 4279.74 3641.58 3074.76 2558.69 2066.70 1549.66 917.40 
2799.72 3685.01 4087.48 4373.46 4637.20 4894.75 5138.91 5360.94 5549.61 5694.53 5786.67 5826.15 5830.19 5851.25 6020.45 6427.58 6963.55 7576.39 8242.05 8953.03 9686.17 10432.67 11169.73 11865.92 12547.35 13169.31 13687.08 14118.40 14473.68 14726.44 14756.45 14517.36 14045.79 13396.81 12578.70 11681.35 10697.22 9679.95 8681.00 7701.28 6774.65 5910.28 5124.00 4411.54 3770.40 3194.84 2667.79 2160.20 1621.79 959.57 
2416.40 3188.46 3545.69 3803.16 4041.84 4275.55 4498.23 4702.32 4879.62 5021.98 5124.88 5191.86 5244.38 5339.54 5584.47 6005.41 6523.78 7099.91 7718.21 8368.80 9047.41 9734.45 10413.76 11059.80 11686.28 12246.38 12757.63 13175.91 13527.92 13789.77 13867.74 13716.99 13365.91 12834.87 12161.83 11365.65 10473.94 9536.71 8598.48 7675.37 6787.27 5954.70 5188.22 4492.23 3856.58 3280.95 2748.67 2230.98 1676.42 990.67 
2059.99 2729.49 3047.65 3281.41 3499.36 3712.82 3916.78 4105.11 4271.50 4410.69 4520.88 4608.80 4697.89 4836.67 5094.40 5493.42 5972.05 6494.72 7056.44 7647.43 8266.77 8890.77 9512.82 10105.74 10673.78 11217.90 11699.94 12134.81 12493.48 12767.29 12882.98 12804.95 12565.68 12147.16 11578.04 10873.18 10090.27 9240.70 8385.57 7528.74 6694.43 5908.48 5175.73 4503.62 3883.32 3316.94 2787.55 2266.89 1703.58 1004.02
1717.50 2292.58 2577.62 2793.27 2995.85 3193.55 3381.17 3554.75 3710.17 3844.43 3958.14 4059.68 4170.05 4323.84 4553.36 4900.14 5315.45 5780.47 6279.22 6802.06 7353.55 7918.89 8476.91 9033.33 9562.28 10069.00 10552.85 10994.48 11358.02 11642.94 11786.92 11764.54 11599.29 11270.09 10798.43 10206.77 9509.53 8774.40 8000.05 7223.57 6461.01 5731.94 5049.68 4409.35 3820.68 3275.01 2759.27 2246.04 1685.27 987.60 
1369.97 1854.44 2113.09 2315.71 2511.92 2694.55 2865.30 3022.60 3164.57 3290.23 3401.81 3507.58 3623.83 3772.02 3978.61 4246.47 4578.58 4964.98 5386.60 5843.44 6323.81 6819.94 7334.49 7840.25 8338.67 8824.46 9285.87 9708.71 10061.02 10337.52 10494.80 10510.91 10398.31 10137.88 9751.88 9254.58 8680.75 8038.41 7366.71 6684.97 6009.84 5355.51 4736.34 4150.54 3607.46 3100.19 2615.10 2126.49 1587.62 919.13 
988.98  1382.25 1615.07 1822.77 1998.49 2157.86 2303.63 2436.99 2557.82 2666.61 2766.26 2863.78 2970.56 3102.15 3269.87 3483.64 3744.08 4046.81 4391.70 4761.29 5159.18 5576.11 6002.55 6443.84 6877.27 7299.08 7689.93 8057.71 8363.84 8609.91 8754.60 8779.80 8699.85 8498.80 8193.78 7802.04 7339.19 6819.80 6269.54 5706.59 5144.02 4600.47 4073.37 3580.31 3117.21 2680.56 2258.34 1827.35 1347.68 759.30 
525.23  831.01  1038.18 1184.80 1308.62 1417.13 1515.26 1604.51 1685.55 1759.40 1828.58 1897.89 1974.64 2066.58 2181.61 2324.21 2496.06 2697.02 2921.85 3173.69 3437.87 3718.91 4011.48 4306.91 4606.40 4890.96 5165.63 5403.10 5607.94 5770.63 5862.92 5875.07 5817.09 5679.23 5481.33 5221.04 4906.91 4557.42 4194.65 3818.42 3447.33 3078.82 2730.39 2399.63 2088.19 1791.74 1501.17 1199.36 859.49  451.92 
