#Value Function.
17.2159 17.7424 18.1771 18.5824 18.5979 18.6169 18.4054 18.0329 17.8136 17.3952 17.0218 16.7677 16.3655 15.9741 15.5615 15.1747 14.7840 14.4116 14.0416 13.6861 13.3378 13.0051 12.6852 12.3797 12.0783 11.7769 11.4688 11.2649 11.5529 11.8719 12.2252 12.4547 12.4570 12.4646 12.3873 12.3804 12.3805 12.3729 12.4390 12.4738 12.4750 12.4709 12.4662 12.4592 12.4235 12.3251 12.2852 12.2494 12.1433 11.8987
17.2461 17.7341 18.2904 18.7136 19.1707 18.9524 18.4977 18.3475 17.8762 17.4703 17.2665 16.8224 16.4294 15.9968 15.6071 15.2023 14.8245 14.4430 14.0808 13.7223 13.3824 13.0542 12.7433 12.4352 12.1278 11.8119 11.4916 11.3556 11.6011 11.9038 12.2318 12.6151 12.8422 12.7026 12.7214 12.7347 12.7221 12.7260 12.7072 12.7980 12.8250 12.8210 12.8168 12.7908 12.6653 12.6331 12.6077 12.5134 12.2503 11.9377
17.2246 17.7763 18.2493 18.8554 18.6365 18.5864 18.4880 18.1012 17.9044 17.7905 17.2759 16.8941 16.4332 16.0471 15.6234 15.2435 14.8479 14.4807 14.1107 13.7644 13.4270 13.1115 12.7962 12.4834 12.1592 11.8303 11.5026 11.4351 11.6970 11.9395 12.2616 12.5942 13.0177 12.9227 13.0665 13.0685 13.0877 13.0610 13.0581 13.0157 13.1746 13.1761 13.1707 13.0029 12.9850 12.9691 12.8944 12.6024 12.2765 11.9624
17.1781 17.7527 18.2503 18.3202 18.3576 18.3702 18.1080 18.0091 17.7752 17.4598 17.3785 16.8729 16.5023 16.0508 15.6750 15.2605 14.8915 14.5072 14.1561 13.8076 13.4891 13.1652 12.8478 12.5148 12.1769 11.8409 11.5096 11.4841 11.7839 12.0470 12.2828 12.6325 12.8962 13.1550 13.2151 13.4640 13.4136 13.4328 13.3653 13.3641 13.3541 13.5734 13.3372 13.3468 13.3356 13.2941 12.9608 12.6180 12.2981 12.0057
17.0775 17.7143 18.0421 18.0111 18.1419 17.8926 17.8232 17.6247 17.4955 17.3961 17.0414 16.9779 16.4812 16.1218 15.6790 15.3148 14.9109 14.5586 14.1955 13.8767 13.5422 13.2216 12.8788 12.5317 12.1871 11.8482 11.5083 11.5297 11.8307 12.0566 12.3693 12.6377 12.8758 13.2928 13.3221 13.4458 13.8251 13.7245 13.7359 13.7084 13.7297 13.6771 13.6284 13.6754 13.7184 13.3230 12.9663 12.6367 12.3457 12.0565
17.0021 17.4947 17.6226 17.8128 17.7042 17.6128 17.4179 17.3093 17.1413 17.0169 16.9923 16.6364 16.5889 16.1000 15.7534 15.3201 14.9738 14.5893 14.2758 13.9263 13.6055 13.2513 12.8948 12.5413 12.1948 11.8467 11.5242 11.5133 11.8559 12.1342 12.3450 12.7506 12.9737 13.2197 13.6472 13.6072 13.7578 14.1369 14.0181 14.0374 14.0430 13.9932 14.0014 13.9072 13.5299 13.3222 12.9818 12.6903 12.3981 12.1092
16.7824 17.1323 17.3400 17.6874 17.4387 17.2516 17.1128 16.9431 16.8173 16.6663 16.5887 16.5524 16.2340 16.2128 15.7311 15.4049 14.9866 14.6887 14.3164 14.0008 13.6322 13.2663 12.9036 12.5500 12.1861 11.8633 11.5352 11.5168 11.7868 12.0262 12.3815 12.6826 12.9951 13.3443 13.5292 13.9484 13.9499 14.1177 14.4286 14.3190 14.3647 14.3845 14.2558 13.8702 13.6149 13.3328 13.0443 12.7435 12.4532 12.1573
16.4640 16.8620 17.1500 17.1111 17.4604 17.0448 16.8012 16.6360 16.4755 16.3421 16.2095 16.2361 16.1119 15.8380 15.8586 15.3824 15.1199 14.7096 14.4093 14.0212 13.6466 13.2741 12.9125 12.5581 12.2121 11.8738 11.5447 11.4566 11.7054 12.0310 12.3408 12.6910 12.9791 13.3275 13.7157 13.8219 14.2452 14.3210 14.4016 14.7548 14.5122 14.5574 14.2210 13.9958 13.7025 13.4091 13.0964 12.8017 12.5016 12.2034
16.2030 16.6309 16.7327 17.0441 16.9517 17.3081 16.7888 16.6671 16.2419 16.0319 15.8851 15.7697 15.8130 15.7772 15.4745 15.5773 15.1007 14.8345 14.4171 14.0362 13.6531 13.2837 12.9205 12.5666 12.2203 11.8822 11.5586 11.3927 11.6946 12.0055 12.3503 12.7021 13.0815 13.3454 13.7236 13.9993 14.1053 14.5401 14.7299 14.7065 14.8507 14.5827 14.3939 14.0796 13.7841 13.4560 13.1593 12.8497 12.5497 12.2441
15.9678 16.3543 16.6047 16.5002 16.7195 16.7631 17.1928 16.6621 16.3589 15.9896 15.6359 15.4521 15.3420 15.3435 15.4213 15.1290 15.2846 14.8078 14.4359 14.0404 13.6638 13.2913 12.9293 12.5747 12.2285 11.8921 11.5939 11.3992 11.6785 12.0101 12.3565 12.7250 13.0800 13.4889 13.7147 14.1498 14.2283 14.4396 14.8217 15.1757 14.9625 14.8132 14.4613 14.1711 13.8212 13.5268 13.2051 12.9006 12.5891 12.2902
15.7105 16.1122 16.0979 16.2162 16.3006 16.5510 16.6326 16.8241 16.4455 15.9988 15.7668 15.3447 15.0580 14.9546 14.9305 15.0759 14.8028 14.7748 14.4134 14.0485 13.6306 13.2887 12.9347 12.5825 12.2364 11.9147 11.7117 11.5715 11.6920 12.0184 12.3731 12.7271 13.1111 13.4637 13.9177 13.8665 14.0878 14.4566 14.7575 14.9779 15.2887 14.8428 14.5732 14.1899 13.9061 13.5673 13.2611 12.9373 12.6370 12.3408
15.4483 15.7179 15.7787 15.8530 16.0531 16.1670 16.3705 16.3607 16.3973 16.2440 15.7719 15.3557 14.9601 14.6746 14.6106 14.5939 14.8014 14.4530 14.3215 14.0152 13.6607 13.2515 12.9258 12.5850 12.2430 12.0330 11.8777 11.8347 11.7664 12.0334 12.3798 12.7461 13.0968 13.4600 13.5153 13.7177 14.0481 14.3450 14.6115 15.0111 14.8720 14.9987 14.5579 14.3003 13.9346 13.6322 13.2926 12.9874 12.6926 12.3746
15.0866 15.3502 15.5348 15.5867 15.7090 15.8715 15.9257 16.1990 16.3814 16.0129 15.7682 15.3595 15.0929 14.7091 14.3482 14.3323 14.3112 14.3136 14.0698 13.8981 13.6209 13.2837 12.8575 12.5635 12.3632 12.1852 12.1637 12.1104 11.9203 12.0420 12.3906 12.7288 13.0401 13.1564 13.3538 13.6556 13.9505 14.2444 14.6625 14.5537 14.7342 14.6447 14.7176 14.3041 14.0162 13.6543 13.3454 13.0502 12.7233 12.4078
14.7587 15.1447 15.1845 15.2589 15.4000 15.4950 15.7158 15.8737 15.8724 16.2098 15.7202 15.5406 15.1191 14.7577 14.3668 14.0296 13.9294 13.8947 13.8621 13.6755 13.4924 13.2340 12.9103 12.7062 12.4908 12.5012 12.4668 12.2662 11.9559 12.0463 12.3658 12.6462 12.7983 12.9981 13.2906 13.6494 13.9105 14.3533 14.2298 14.5011 14.2928 14.3974 14.5736 14.4220 14.0212 13.7108 13.4190 13.0740 12.7618 12.4193
14.5213 14.8002 14.9577 14.9480 15.0623 15.2500 15.3951 15.4536 15.6865 15.6989 16.0243 15.5309 15.1815 14.7621 14.4358 14.0428 13.6904 13.5465 13.4897 13.4357 13.2810 13.0781 12.8400 12.6518 12.8131 12.8119 12.6234 12.2833 11.9703 12.0139 12.2715 12.4450 12.6493 12.9326 13.2739 13.6222 14.0792 13.9415 14.0429 14.0353 14.0481 14.2905 14.1492 14.3570 14.0831 13.8012 13.4293 13.1223 12.7683 12.4304
14.2374 14.6739 14.5319 14.6342 14.7995 14.9370 15.0257 15.2053 15.2808 15.5050 15.5055 15.6245 15.1581 14.8576 14.4388 14.0554 13.6755 13.3473 13.1772 13.0944 13.0031 12.8560 12.6686 12.5813 12.8133 12.9530 12.6139 12.2994 11.9746 11.9167 12.0986 12.3070 12.5824 12.9099 13.2545 13.6297 13.7238 13.6691 13.6471 13.7205 14.1029 13.9926 14.1616 13.9636 14.1236 13.7862 13.4955 13.1197 12.7816 12.4364
14.0276 14.1447 14.2847 14.3631 14.4949 14.5985 14.7499 14.8527 15.0224 15.0636 15.1419 15.1230 15.3030 14.8232 14.4567 14.0506 13.6740 13.3152 13.0010 12.7959 12.6952 12.6012 12.4745 12.5430 12.9308 12.8340 12.6172 12.2956 11.9849 11.7661 11.9720 12.2397 12.5551 12.8896 13.2300 13.4492 13.3008 13.3158 13.3782 13.6858 13.8389 13.9546 13.8030 13.7355 13.7998 13.7715 13.4402 13.1339 12.7844 12.4464
13.5947 13.8591 13.9723 14.0664 14.1768 14.3124 14.4252 14.5641 14.6236 14.6851 14.7019 14.8189 14.7967 14.7873 14.4284 14.0489 13.6774 13.3114 12.9101 12.6455 12.4330 12.3257 12.5299 12.6816 12.7976 12.7112 12.5169 12.2763 11.9794 11.6873 11.9058 12.2094 12.5339 12.8637 13.1694 13.0291 13.0370 13.1393 13.3482 13.7692 13.7083 13.6965 13.5624 13.5521 13.4756 13.4174 13.3465 13.0793 12.7826 12.4489
13.2973 13.5558 13.6548 13.7667 13.8854 14.0032 14.1237 14.1908 14.2459 14.2791 14.3614 14.3624 14.3738 14.3605 14.2942 14.0195 13.6704 13.3117 12.9507 12.5669 12.6248 12.6473 12.6324 12.9010 12.7698 12.7101 12.4139 12.1864 11.9472 11.6689 11.8943 12.2361 12.5211 12.8861 12.7549 12.7649 12.8325 13.1257 13.5571 13.4291 13.4933 13.3420 13.3107 13.1949 13.2324 13.1949 13.0841 12.9563 12.7205 12.4349
13.0039 13.2515 13.3648 13.4985 13.5741 13.6978 13.7674 13.8204 13.8606 13.9231 13.9355 13.9454 13.9559 14.0390 13.9480 13.8549 13.6157 13.2956 12.9167 12.6453 12.9574 12.9614 12.9929 12.7138 12.6882 12.5329 12.4213 12.1172 11.9518 11.6675 12.0367 12.2262 12.6186 12.4796 12.4899 12.5129 12.8083 13.2344 13.1412 13.3656 13.1335 13.2072 12.9976 13.0004 12.8875 12.9355 12.8220 12.7146 12.5817 12.3632
12.7139 12.9683 13.0883 13.1651 13.2806 13.3409 13.4070 13.4494 13.5003 13.5191 13.5345 13.5753 13.7411 13.5871 13.6029 13.5359 13.4340 13.1877 12.9150 12.8593 12.9814 13.3754 12.9431 12.6577 12.6217 12.5093 12.2472 12.3114 11.9439 11.7009 12.0142 12.4271 12.2218 12.2291 12.4248 12.5059 12.8697 12.9024 13.1878 12.9609 13.1145 12.8115 12.7955 12.6462 12.7109 12.5665 12.5481 12.4575 12.3530 12.2158
12.4398 12.6913 12.7798 12.8947 13.0481 13.0398 13.0473 13.0910 13.1142 13.1375 13.1984 13.3786 13.2837 13.3029 13.2070 13.1899 13.0991 13.0140 12.8072 12.8888 13.2597 13.2382 12.9322 12.5938 12.3480 12.2709 12.3180 12.0063 11.9286 11.6874 12.0063 12.0233 12.1451 12.4026 12.5185 12.8124 12.8159 13.0486 12.7721 12.8545 12.6743 12.6815 12.4840 12.4191 12.4131 12.3643 12.2356 12.1828 12.1005 11.9956
12.1694 12.4004 12.5124 12.6355 12.6599 12.6826 12.6956 12.7206 12.7516 12.8223 12.9734 13.0692 12.9852 12.9071 12.8928 13.0239 12.8274 12.7204 12.8119 13.1424 13.2216 13.2762 12.9086 12.6089 12.2860 12.0476 11.9659 12.2179 11.8427 11.6629 11.9056 12.0802 12.3397 12.4819 12.7888 12.8450 13.2337 12.8128 12.6371 12.5017 12.4648 12.3389 12.2954 12.1454 12.1705 12.0769 12.0038 11.8977 11.8316 11.7484
11.8943 12.1351 12.2412 12.2810 12.3270 12.4632 12.3393 12.3766 12.4545 12.6059 12.8116 12.6490 12.6600 12.5948 12.8796 12.6095 12.6044 12.6545 12.8835 13.1931 13.1914 13.0487 12.9611 12.5998 12.2873 11.9926 11.8355 11.8208 11.8169 11.8041 11.9798 12.2730 12.4155 12.7220 12.8127 13.2056 12.8225 12.7693 12.4682 12.2954 12.1656 12.1002 11.9986 11.9278 11.9084 11.8267 11.7363 11.6837 11.6643 11.6575
11.6346 11.8612 11.9164 11.9948 12.2159 12.0575 12.0647 12.1000 12.2742 12.5623 12.3957 12.3998 12.2988 12.6667 12.4466 12.4510 12.4405 12.5531 12.8602 13.0226 13.1903 12.8831 12.8528 12.6108 12.3086 12.1253 12.0937 12.0887 12.0855 12.0941 12.1289 12.3212 12.6602 12.7435 13.1334 12.7752 12.7418 12.4904 12.3835 12.1435 12.0764 12.0613 12.0550 12.0323 12.0350 12.0221 12.0255 12.0107 12.0135 11.9955
11.3675 11.5665 11.6839 11.9678 11.8145 11.8195 11.7682 11.9739 12.3755 12.1537 12.1566 12.0442 12.3076 12.3640 12.2682 12.2219 12.4112 12.4997 12.7212 13.1017 12.9311 12.8062 12.5776 12.6279 12.4509 12.4489 12.4459 12.4417 12.4406 12.4351 12.4415 12.4548 12.6698 13.0736 12.7128 12.6548 12.4661 12.4369 12.4289 12.4237 12.4190 12.4144 12.4098 12.4044 12.3972 12.3888 12.3656 12.3761 12.3556 12.3534
11.1762 11.3780 11.6987 11.5618 11.5761 11.5076 11.7069 12.0931 11.9636 11.9668 11.8487 12.0108 12.1389 12.2062 12.2828 12.4619 12.5714 12.7953 12.8013 13.0240 13.0627 12.7653 12.7868 12.7882 12.7812 12.8107 12.8092 12.8059 12.8010 12.8012 12.7928 12.7995 12.7809 12.7980 12.8014 12.8020 12.8012 12.7967 12.7921 12.7875 12.7829 12.7782 12.7729 12.7654 12.7571 12.7452 12.7504 12.7176 12.7289 12.6998
11.3886 11.4858 11.5710 11.6246 11.6720 11.7326 11.8359 11.8051 11.8576 11.9132 12.0541 12.1996 12.3593 12.4620 12.5807 12.6475 12.8924 12.8991 13.1926 13.0105 13.0732 13.1033 13.1474 13.1566 13.1623 13.1736 13.1810 13.1777 13.1745 13.1685 13.1711 13.1531 13.1722 13.1561 13.1718 13.1785 13.1739 13.1694 13.1648 13.1601 13.1554 13.1503 13.1423 13.1341 13.1231 13.1285 13.1235 13.1109 13.0839 13.0234
11.5468 11.7265 11.8101 11.9124 11.9478 11.9990 12.0659 12.0983 12.1302 12.1898 12.2749 12.4045 12.5523 12.7467 12.8348 12.9932 12.9743 13.3087 13.1628 13.3226 13.4406 13.5126 13.4969 13.5343 13.5327 13.5396 13.5527 13.5602 13.5544 13.5520 13.5433 13.5516 13.5319 13.5655 13.5647 13.5601 13.5555 13.5509 13.5462 13.5415 13.5367 13.5290 13.5144 13.5149 13.5159 13.5099 13.4978 13.4724 13.4174 13.3094
11.7116 11.8784 12.0377 12.1606 12.2543 12.2969 12.3403 12.4040 12.4313 12.4653 12.5314 12.6210 12.7837 12.9114 13.1894 13.1783 13.3967 13.2146 13.4045 13.5777 13.7541 13.8778 13.9094 13.9172 13.9209 13.9171 13.9260 13.9410 13.9486 13.9391 13.9269 13.9125 13.9610 13.9601 13.9555 13.9508 13.9461 13.9414 13.9366 13.9318 13.9270 13.8995 13.9142 13.9117 13.9052 13.8937 13.8700 13.8169 13.7113 13.5461
11.8920 12.0460 12.2220 12.3818 12.5140 12.6031 12.6322 12.6786 12.7533 12.7721 12.8118 12.9049 12.9753 13.2493 13.2478 13.6294 13.3216 13.4599 13.6217 13.7763 14.0126 14.2017 14.2839 14.3076 14.3126 14.3170 14.3098 14.3218 14.3388 14.3464 14.3382 14.3656 14.3649 14.3602 14.3555 14.3507 14.3459 14.3411 14.3363 14.3314 14.3265 14.3217 14.3165 14.3098 14.2989 14.2770 14.2264 14.1192 13.9498 13.7484
11.9317 12.2648 12.3810 12.5882 12.7356 12.8737 12.9567 12.9733 13.0255 13.1168 13.1309 13.1820 13.3411 13.3208 13.6944 13.4882 13.5302 13.7814 13.7832 13.9931 14.2162 14.4574 14.6269 14.6983 14.7141 14.7167 14.7230 14.7104 14.7278 14.7462 14.7737 14.7786 14.7744 14.7697 14.7649 14.7601 14.7552 14.7503 14.7454 14.7405 14.7355 14.7304 14.7239 14.7135 14.6934 14.6463 14.5381 14.3588 14.1511 13.9487
12.0422 12.2695 12.4999 12.7554 12.9549 13.0914 13.2409 13.3194 13.3197 13.3873 13.5258 13.5469 13.5687 13.7779 13.6417 13.5439 13.8469 13.6391 13.9751 14.2318 14.4205 14.6354 14.8975 15.0621 15.1209 15.1288 15.1300 15.1396 15.0520 15.1699 15.1960 15.1966 15.1935 15.1890 15.1841 15.1792 15.1742 15.1693 15.1642 15.1592 15.1541 15.1478 15.1378 15.1194 15.0767 14.9686 14.7775 14.5586 14.3501 14.1868
12.1819 12.3885 12.6272 12.8551 13.1312 13.3269 13.4532 13.6209 13.6962 13.7308 13.7970 13.9596 13.9820 14.0032 13.6136 13.7341 13.4162 13.7076 14.0716 14.4200 14.6610 14.8404 15.0641 15.3535 15.5066 15.5515 15.5520 15.5524 15.5755 15.5999 15.6153 15.6220 15.6217 15.6180 15.6132 15.6082 15.6032 15.5981 15.5930 15.5878 15.5818 15.5720 15.5549 15.5178 15.4116 15.2060 14.9757 14.7557 14.5896 14.4971
12.2501 12.5508 12.7339 12.9938 13.2162 13.5223 13.7071 13.8250 14.0711 14.1054 14.1319 14.1695 14.4789 14.0026 13.7544 13.4196 13.5513 13.7785 14.1334 14.5066 14.8717 15.0986 15.2673 15.5024 15.8279 15.9588 15.9904 15.9840 15.9834 16.0123 16.0375 16.0521 16.0579 16.0567 16.0523 16.0474 16.0422 16.0371 16.0319 16.0261 16.0166 15.9999 15.9696 15.8682 15.6439 15.4027 15.1704 14.9949 14.9139 14.8557
12.3332 12.6070 12.9311 13.0794 13.3769 13.5800 13.9377 14.1428 14.2358 14.4989 14.4797 14.6187 14.1608 14.2403 13.7987 13.6017 13.7639 13.9662 14.2217 14.5614 14.9539 15.3389 15.5432 15.7012 15.9503 16.3244 16.4154 16.4388 16.4248 16.4165 16.4624 16.4849 16.4991 16.5040 16.5017 16.4968 16.4917 16.4864 16.4809 16.4720 16.4544 16.4318 16.3405 16.0907 15.8401 15.5950 15.4068 15.3348 15.2932 15.1923
12.4344 12.6915 12.9666 13.3315 13.4189 13.7838 13.9800 14.2052 14.5868 14.5936 14.9686 14.4640 14.3071 13.8971 13.9053 13.7979 14.0189 14.1833 14.3737 14.6417 15.0014 15.4135 15.8239 15.9927 16.1425 16.4071 16.8487 16.8708 16.8994 16.7652 16.8719 16.9246 16.9418 16.9568 16.9604 16.9570 16.9517 16.9465 16.9386 16.9185 16.9032 16.8312 16.5448 16.2883 16.0302 15.8245 15.7654 15.7360 15.6538 15.4039
12.5389 12.7967 13.0544 13.3317 13.7590 13.7565 14.0813 14.3945 14.5842 15.0851 14.5983 14.5037 14.1414 13.9581 13.6580 13.9201 14.2257 14.4405 14.5953 14.7904 15.0722 15.4540 15.8849 16.3299 16.4434 16.5925 16.8709 17.4095 17.2123 17.2299 17.2056 17.3595 17.3950 17.4088 17.4258 17.4273 17.4228 17.4172 17.3925 17.3815 17.3454 17.0034 16.7481 16.4776 16.2462 16.2067 16.1883 16.1254 15.8674 15.4766
12.5351 12.9286 13.1585 13.4283 13.5983 13.9289 14.1467 14.4918 14.8268 14.6599 14.7201 14.3099 14.1134 13.8239 13.6563 14.0246 14.3561 14.6648 14.8714 15.0144 15.2170 15.5135 15.9200 16.3674 16.8620 16.8887 17.0551 17.2303 17.7311 17.6312 17.6337 17.6700 17.8684 17.8706 17.8870 17.9063 17.9046 17.8995 17.7418 17.8910 17.4617 17.2206 16.9396 16.6689 16.6607 16.6490 16.6139 16.3390 15.9245 15.4954
12.5520 12.9047 13.3326 13.5254 13.7674 13.9993 14.3491 14.5398 14.5541 14.5296 14.5157 14.3124 13.9669 13.7962 13.6551 14.0962 14.4834 14.7891 15.1188 15.3107 15.4401 15.6543 15.9656 16.4007 16.8584 17.4285 17.3176 17.5501 17.6705 18.1309 18.1039 18.1139 18.1394 18.4047 18.2986 18.2226 18.4339 18.1976 18.2026 17.9105 17.7079 17.4193 17.0934 17.0968 17.1152 17.1223 16.8244 16.3752 15.9380 15.5049
12.5086 12.9403 13.1881 13.5533 13.9396 14.1578 14.2499 14.1743 14.3241 14.2422 14.1660 14.2112 13.9317 13.6263 13.6973 14.0871 14.5487 14.9344 15.2281 15.5910 15.7569 15.8721 16.1039 16.4280 16.8982 17.2070 17.7555 17.7640 18.0766 18.1137 18.5446 18.6078 18.6041 18.6099 18.6374 18.7439 18.5849 18.5569 18.3731 18.2154 17.9116 17.5703 17.2383 17.1654 17.6546 17.3241 16.8323 16.3854 15.9470 15.5144
12.5052 12.8774 13.2192 13.5703 13.9493 13.9561 13.8351 14.0400 13.8907 13.9736 13.8792 13.8883 13.8609 13.5700 13.7166 14.1365 14.5534 15.0062 15.3982 15.6704 16.0865 16.2064 16.3107 16.5674 16.8995 17.2942 17.6153 18.1669 18.2274 18.6419 18.5505 18.9598 19.1477 19.0102 19.1153 19.0405 19.0393 18.8623 18.7467 18.4151 18.0602 17.7009 17.4774 17.6698 17.5543 17.1893 16.8404 16.3934 15.9564 15.5233
12.5203 12.8766 13.2618 13.6031 13.7455 13.5944 13.7563 13.6092 13.6499 13.5514 13.6246 13.5362 13.7152 13.4870 13.7325 14.1436 14.5780 14.9989 15.4788 15.8758 16.1115 16.6137 16.6270 16.7477 17.0493 17.3909 17.8171 18.0527 18.6037 18.7036 18.9376 19.0188 19.3660 19.4431 19.4344 19.4484 19.3593 19.3046 18.9274 18.5640 18.1757 17.9152 17.9254 17.8456 17.3200 17.0591 16.7250 16.3754 15.9590 15.5310
12.5125 12.8991 13.2508 13.6599 13.3526 13.4903 13.3373 13.3504 13.4976 13.5268 13.2460 13.2973 13.2833 13.3616 13.7421 14.1618 14.5807 15.0328 15.4521 15.9689 16.3735 16.5580 17.1507 17.0063 17.2206 17.5460 17.8916 18.3698 18.5059 19.0450 19.1149 19.3030 19.5410 19.7600 19.9188 19.8388 19.8975 19.4440 19.0833 18.6622 18.3686 18.2510 17.9971 17.5079 17.3052 16.8871 16.5903 16.2690 15.9250 15.5264
12.4419 12.9017 13.2757 13.2229 13.2462 13.0793 13.0734 13.1539 13.2592 13.1332 13.1093 12.9247 13.0181 13.3528 13.7571 14.1697 14.6032 15.0266 15.4985 15.8880 16.1755 16.6092 16.7038 17.2342 17.4321 17.7150 18.0571 18.3985 18.6292 19.0178 19.1964 19.4847 19.6653 20.1237 20.1442 20.4980 19.9621 19.5887 19.1500 18.8057 18.5264 18.1840 17.7928 17.5104 17.2475 16.8498 16.6099 16.1832 15.9010 15.4985
12.4009 12.8139 12.9228 13.0380 12.8857 12.8863 12.8130 12.8990 12.8442 12.8599 12.7775 12.7242 12.9773 13.3633 13.7672 14.1863 14.6047 15.0445 15.4224 15.7348 16.1294 16.3193 16.7050 16.9763 17.4117 17.8474 18.0717 18.3393 18.9681 18.7924 19.2434 19.3463 19.8241 20.0184 20.4360 20.1867 20.0469 19.5698 19.1767 18.8130 18.4306 18.1884 17.7341 17.3495 17.0711 16.9086 16.4547 16.3805 15.8932 15.4779
12.2993 12.5953 12.8799 12.6538 12.7650 12.5665 12.5206 12.4930 12.5170 12.4876 12.4828 12.6214 12.9804 13.3737 13.7803 14.1894 14.6048 14.9733 15.2992 15.6815 16.1125 16.2245 16.5185 16.9181 17.3160 17.5869 17.9376 18.4716 18.3896 18.6807 18.8538 19.2388 19.5240 19.8978 19.9034 20.0596 19.6896 19.4635 19.0580 18.6805 18.3368 17.9927 17.7531 17.2863 16.9039 16.6255 16.5407 16.0843 15.8823 15.4682
12.1172 12.4680 12.4656 12.4779 12.3686 12.3721 12.2368 12.1751 12.1465 12.1531 12.2871 12.6094 12.9894 13.3842 13.7820 14.1783 14.5382 14.8692 15.2347 15.6068 15.7843 16.0636 16.4369 16.8085 17.1019 17.4467 17.8630 17.9110 18.1369 18.3488 18.6851 18.9846 19.3176 19.5644 19.4621 19.4232 19.4291 19.1614 18.9113 18.5497 18.1868 17.8460 17.5209 17.2431 16.8347 16.4659 16.2025 16.1612 15.7089 15.4235
11.9480 12.1089 12.1171 12.1121 12.1071 12.0343 12.0065 11.9046 11.8393 11.9574 12.2494 12.6130 12.9956 13.3815 13.7618 14.1133 14.4438 14.7922 15.1282 15.3422 15.6154 15.9656 16.3176 16.6208 16.9524 17.2996 17.4176 17.6171 17.8426 18.1498 18.4474 18.7475 18.9551 18.9432 18.9765 18.9118 18.8732 18.8394 18.6282 18.3790 18.0481 17.7017 17.3682 17.0531 16.7586 16.3867 16.0363 15.8161 15.7353 15.3097
11.6134 11.7073 11.7477 11.7610 11.7600 11.7485 11.6950 11.6541 11.5712 11.7586 12.1006 12.4664 12.8358 13.1979 13.5371 13.8595 14.1882 14.4975 14.7284 14.9952 15.3221 15.6544 15.9557 16.2685 16.5708 16.7289 16.9117 17.1371 17.4212 17.7067 17.9804 18.1821 18.3283 18.3830 18.3903 18.4067 18.3632 18.3248 18.2713 18.0932 17.8551 17.5486 17.2191 16.8952 16.5869 16.2870 15.9401 15.6119 15.3888 15.1646
