#Value_Function_Estimate.
30.06   30.13   30.26   30.51   30.78   31.02   31.19   31.34   31.47   31.51   31.54   31.55   31.61   31.74   31.93   32.19   32.53   33.06   33.69   34.18   34.61   34.42   34.61   34.27   34.16   34.00   33.66   33.08   32.61   32.35   32.15   31.86   31.45   30.98   30.47   29.88   29.25   27.51   26.16   23.95   22.19   20.32   18.43   16.65   14.93   13.28   11.60   10.05   8.58    7.34   
32.36   32.31   32.39   32.49   32.76   33.04   33.26   33.43   33.60   33.77   33.81   33.84   33.84   33.89   34.03   34.23   34.48   34.81   35.34   36.01   36.49   36.99   36.54   36.45   36.32   35.99   35.37   34.88   34.64   34.48   34.19   33.80   33.35   32.86   32.21   31.74   29.70   28.52   26.00   24.25   22.30   20.35   18.55   16.78   15.06   13.28   11.67   10.08   8.75    7.66   
34.57   34.71   34.61   34.72   34.78   35.08   35.34   35.55   35.75   35.95   36.17   36.20   36.23   36.22   36.28   36.42   36.61   36.86   37.16   37.72   38.43   38.88   38.84   38.73   38.43   37.74   37.23   37.01   36.89   36.60   36.21   35.77   35.31   34.64   33.84   32.67   29.86   27.78   26.42   24.34   22.29   20.48   18.68   16.93   15.04   13.37   11.69   10.31   9.16    8.06   
37.10   36.93   37.15   36.97   36.92   37.20   37.47   37.71   37.94   38.19   38.42   38.67   38.67   38.72   38.69   38.76   38.90   39.09   39.32   39.60   40.18   40.94   41.22   40.96   40.19   39.67   39.47   39.39   39.10   38.71   38.27   37.84   37.25   36.12   34.77   31.89   30.08   27.65   25.66   24.22   22.46   20.60   18.87   16.86   15.15   13.38   12.00   10.85   9.67    8.41   
39.45   39.63   39.47   39.20   39.25   39.45   39.71   39.94   40.20   40.48   40.76   40.99   41.29   41.24   41.31   41.27   41.33   41.47   41.66   41.89   42.13   42.72   43.61   42.73   42.20   42.03   42.00   41.70   41.32   40.86   40.43   39.97   38.49   37.02   34.10   32.04   29.53   27.74   25.49   23.61   22.20   20.86   18.72   17.03   15.12   13.78   12.68   11.46   10.05   8.73   
41.06   42.12   41.72   41.87   41.59   41.81   42.05   42.27   42.51   42.82   43.14   43.44   43.65   44.00   43.91   43.95   43.94   44.00   44.14   44.33   44.56   44.75   45.37   44.81   44.67   44.73   44.41   44.03   43.57   43.05   42.69   41.09   39.25   36.33   34.26   31.54   29.50   27.32   25.49   23.41   21.66   20.37   18.99   16.91   15.62   14.60   13.38   11.86   10.37   9.04   
42.56   43.65   44.59   43.98   44.16   44.24   44.45   44.66   44.89   45.16   45.52   45.85   46.17   46.43   46.73   46.71   46.76   46.71   46.79   46.88   47.06   47.31   47.51   47.38   47.55   47.19   46.82   46.38   45.84   45.15   43.93   41.00   38.68   36.49   33.77   31.55   29.12   27.21   25.16   23.35   21.43   19.94   18.55   17.50   16.58   15.39   13.78   12.17   10.67   9.35   
43.08   45.29   46.27   46.87   46.50   46.67   46.86   47.06   47.27   47.52   47.81   48.20   48.54   49.01   49.28   49.50   49.42   49.52   49.42   49.52   49.63   49.83   50.11   50.45   50.01   49.65   49.21   48.80   47.41   46.34   43.09   41.17   38.57   36.02   33.79   31.19   29.06   27.06   25.12   23.29   21.68   20.34   19.44   18.59   17.46   15.78   14.09   12.46   10.94   9.68   
43.28   45.71   48.10   48.92   48.98   49.05   49.25   49.42   49.62   49.84   50.11   50.41   50.84   51.41   51.67   51.92   52.19   52.06   52.20   52.10   52.22   52.42   52.65   52.83   52.49   52.04   51.70   49.87   48.88   45.57   43.31   40.40   38.38   35.90   33.40   31.34   29.40   27.41   25.48   23.76   22.42   21.48   20.64   19.58   17.82   16.08   14.37   12.70   11.28   10.03  
43.63   45.86   48.35   50.98   51.23   51.32   51.60   51.79   51.96   52.16   52.38   52.66   52.96   53.63   53.95   54.19   54.46   54.81   54.64   54.77   54.81   54.97   55.20   55.30   54.82   54.49   52.45   51.34   47.82   45.75   42.89   40.44   37.78   35.67   33.73   31.82   29.79   27.77   25.96   24.54   23.58   22.94   21.78   19.87   18.12   16.36   14.58   13.05   11.59   10.44  
44.12   46.22   48.46   51.00   53.67   53.56   53.86   54.18   54.36   54.53   54.72   54.95   55.24   55.86   56.26   56.53   56.75   57.04   57.37   57.26   57.45   57.49   57.68   57.51   57.19   55.21   53.77   50.60   48.15   45.75   42.86   40.19   37.95   36.15   34.26   32.21   30.14   28.28   26.81   25.82   25.24   24.04   22.07   20.26   18.42   16.54   14.96   13.31   12.04   10.60  
44.57   46.75   48.85   51.09   53.66   56.18   56.09   56.52   56.88   57.04   57.21   57.39   57.64   58.22   58.61   58.95   59.19   59.41   59.70   60.11   59.88   60.15   60.18   59.94   57.85   56.36   53.35   50.59   47.62   45.16   42.83   40.36   38.58   36.70   34.65   32.58   30.71   29.23   28.20   27.70   26.43   24.21   22.34   20.65   18.58   16.99   15.14   13.86   12.10   10.80  
44.96   47.19   49.42   51.50   53.74   56.39   58.69   58.81   59.37   59.75   59.87   60.04   60.21   60.62   60.99   61.38   61.71   61.94   62.43   62.39   62.96   62.20   61.88   60.36   58.67   55.28   53.21   50.30   47.49   44.78   42.83   41.04   39.17   37.12   35.06   33.22   31.74   30.69   29.98   28.95   26.42   24.47   22.81   20.70   18.86   17.10   15.86   13.78   12.25   11.08  
45.21   47.61   49.85   52.12   54.18   56.41   59.23   61.27   61.70   62.36   62.75   62.83   62.99   63.24   63.51   63.87   64.26   64.59   64.81   65.59   64.03   63.68   63.03   61.14   57.82   55.50   52.42   50.03   47.55   45.51   43.63   41.68   39.62   37.60   35.80   34.29   33.23   32.45   31.54   28.80   26.60   25.05   22.82   21.04   19.28   17.42   15.59   13.92   12.49   11.52  
45.41   47.85   50.29   52.54   54.86   56.89   59.12   61.89   64.27   64.60   65.38   65.77   65.80   65.88   66.40   66.43   66.84   67.24   67.89   66.00   66.00   65.37   63.44   60.32   58.01   54.89   52.51   50.43   48.33   46.36   44.30   42.16   40.17   38.43   36.85   35.76   35.02   34.00   31.20   28.99   26.73   24.94   23.23   21.50   19.60   17.64   15.74   14.10   12.91   12.21  
45.50   48.05   50.51   53.02   55.24   57.65   59.65   61.91   64.82   67.09   67.50   68.40   68.79   68.85   68.85   69.44   69.34   69.84   68.46   68.81   67.68   66.03   62.76   60.40   57.50   55.37   53.36   51.25   49.25   47.08   44.81   42.78   41.10   39.43   38.27   37.63   36.37   33.65   31.40   29.03   27.20   25.43   23.72   21.82   19.81   17.76   15.91   14.49   13.64   12.98  
45.73   48.12   50.74   53.20   55.78   57.95   60.52   62.45   64.74   67.92   69.90   70.50   71.65   71.70   71.80   71.68   72.47   71.00   70.92   69.92   67.79   64.94   62.93   60.24   58.20   56.28   54.18   52.22   49.99   47.58   45.47   43.82   42.01   40.74   40.29   38.68   36.12   33.77   31.43   29.56   27.68   25.95   24.04   22.03   19.91   17.90   16.27   15.26   14.52   13.37  
45.82   48.38   50.75   53.46   55.91   58.60   60.69   63.50   65.30   67.62   70.95   73.05   73.77   74.89   74.70   74.87   73.98   73.18   71.98   69.86   67.20   65.09   62.91   60.98   59.17   57.08   55.22   52.99   50.45   48.22   46.64   44.57   43.18   42.43   40.98   38.33   36.15   33.89   32.03   30.03   28.24   26.26   24.25   22.11   20.03   18.23   17.07   16.28   14.92   13.48  
46.10   48.43   51.09   53.40   56.24   58.62   61.51   63.44   66.59   68.24   70.62   73.90   76.19   76.80   77.75   77.19   75.53   74.26   72.02   69.69   67.51   65.60   63.70   62.03   59.92   58.20   56.03   53.39   51.01   49.57   47.02   45.36   44.84   43.27   40.67   38.70   36.38   34.60   32.47   30.65   28.54   26.48   24.31   22.21   20.32   19.06   18.25   16.65   15.02   13.49  
46.17   48.78   51.06   53.85   56.05   59.08   61.35   64.55   66.18   68.83   71.35   73.63   76.82   79.40   79.12   78.68   76.41   74.30   72.62   70.22   68.69   66.35   64.86   62.67   61.15   59.05   56.36   53.84   52.45   49.29   47.71   47.57   45.55   43.09   41.30   38.84   37.22   34.96   33.18   30.91   28.77   26.52   24.39   22.45   21.16   20.43   18.55   16.74   15.02   13.50  
46.55   48.76   51.51   53.68   56.69   58.66   61.55   63.81   65.90   68.58   71.32   74.26   76.43   78.71   79.13   77.30   76.25   73.94   72.84   71.80   68.96   67.69   65.33   64.06   62.04   59.31   56.70   55.03   51.83   50.06   50.03   48.06   45.54   43.97   41.25   39.88   37.44   35.81   33.38   31.17   28.79   26.59   24.57   23.26   22.77   20.60   18.63   16.72   15.03   13.50  
46.57   49.26   51.35   54.32   56.00   58.66   60.94   63.06   65.56   68.24   71.30   73.44   75.95   76.75   77.51   76.56   75.66   73.43   71.24   71.70   70.66   67.87   66.93   65.00   62.21   59.56   57.51   54.52   52.69   52.52   50.29   47.93   45.88   43.45   42.61   39.87   38.50   35.90   33.70   31.14   28.85   26.71   25.31   25.24   22.73   20.69   18.59   16.74   15.03   13.50  
47.21   49.12   52.05   53.39   55.86   58.11   60.24   62.67   65.34   68.32   70.32   72.55   73.67   74.73   74.69   74.81   73.64   72.92   70.66   68.76   70.38   69.60   66.97   65.06   62.44   60.10   57.35   55.50   54.52   52.18   50.34   47.64   45.35   43.62   41.36   41.27   38.41   36.31   33.60   31.23   28.90   27.38   26.60   24.21   22.88   20.61   18.63   16.73   15.04   13.50  
47.01   50.00   50.85   53.11   55.35   57.49   59.95   62.65   65.37   67.21   69.26   70.58   72.33   72.15   72.17   72.48   72.38   71.12   70.13   67.91   67.32   69.25   67.90   65.32   62.63   60.20   58.39   56.97   54.42   52.50   49.79   47.58   45.05   42.85   41.16   39.77   38.99   36.10   33.73   31.20   29.27   27.92   25.53   24.25   22.11   20.62   18.61   16.75   15.03   13.50  
47.12   48.34   50.41   52.63   54.78   57.18   59.83   62.84   64.25   66.08   67.60   69.43   69.21   69.08   69.89   69.36   70.48   70.08   68.62   67.77   66.21   66.14   67.29   64.99   63.09   60.94   59.47   56.75   54.59   51.80   49.55   47.13   44.93   42.52   40.39   39.07   37.78   36.32   33.63   31.49   29.64   27.37   25.62   24.08   22.11   20.65   18.58   16.72   15.03   13.50  
45.79   47.76   49.93   52.10   54.47   57.05   59.81   61.41   63.11   64.81   66.43   66.49   66.19   66.77   67.15   67.22   67.63   67.77   67.66   66.47   65.49   64.22   64.20   64.31   63.31   60.94   58.62   56.50   53.87   51.95   49.11   46.85   44.54   42.35   40.02   37.96   36.61   35.39   34.02   31.29   29.28   27.49   25.26   23.52   22.93   20.50   18.59   16.71   15.02   13.50  
45.15   47.27   49.44   51.79   54.32   56.89   58.59   60.29   62.16   63.67   63.88   63.42   63.88   64.34   65.14   64.72   65.11   65.06   65.10   65.62   64.32   63.18   62.02   61.45   61.46   60.69   57.99   55.97   53.58   51.13   49.37   46.56   44.24   41.99   39.81   37.53   35.51   34.08   33.07   31.44   28.98   27.03   25.21   23.10   21.46   20.58   18.50   16.71   15.00   13.48  
44.66   46.81   49.13   51.61   54.06   55.82   57.53   59.54   60.72   61.16   60.78   61.11   61.60   62.33   63.04   62.38   62.36   62.45   62.85   63.03   63.52   61.99   61.15   59.85   58.80   58.64   57.92   55.10   53.15   50.88   48.65   46.74   44.23   41.85   39.50   37.28   35.02   33.04   31.61   30.53   28.95   26.74   24.83   22.98   20.96   19.40   18.40   16.63   14.99   13.47  
44.21   46.49   48.92   51.28   53.08   54.80   56.85   57.80   58.26   58.17   58.35   58.86   59.55   60.22   60.73   60.23   59.69   59.91   60.28   60.85   61.12   61.70   59.75   58.89   57.22   56.40   56.07   55.14   52.25   50.35   48.48   46.09   44.44   41.73   39.45   37.01   34.75   32.52   30.58   29.19   28.10   26.59   24.55   22.64   20.77   18.86   17.42   16.43   14.91   13.45  
43.89   46.25   48.53   50.37   52.08   54.07   54.70   54.96   55.26   55.44   56.09   56.75   57.38   57.86   58.36   57.89   57.41   57.45   58.02   58.39   58.80   59.35   59.65   57.92   56.26   54.47   54.19   53.33   52.22   49.54   47.84   46.12   43.76   42.03   39.27   36.93   34.51   32.23   30.04   28.19   26.87   25.79   24.31   22.36   20.46   18.62   16.86   15.58   14.65   13.37  
43.62   45.83   47.67   49.33   51.02   51.45   51.86   52.08   52.30   53.03   53.83   54.44   54.87   55.53   55.81   55.41   54.97   55.07   55.54   56.08   56.59   57.25   57.88   56.94   55.35   53.99   51.59   51.34   50.67   49.36   47.06   45.41   43.71   41.72   39.45   37.04   34.50   32.25   29.79   27.72   25.93   24.66   23.55   22.07   20.18   18.32   16.59   15.03   13.91   13.07  
43.16   44.98   46.60   48.07   48.51   48.77   49.14   49.33   49.82   50.57   51.46   51.94   52.67   53.48   52.87   52.79   52.44   52.64   53.31   53.83   54.45   55.03   56.04   55.11   54.10   53.03   51.41   48.86   48.48   48.22   46.90   44.56   43.45   41.22   39.58   36.97   34.80   32.19   30.09   27.77   25.82   23.83   22.52   21.35   19.85   18.04   16.30   14.73   13.37   12.42  
42.30   43.86   45.20   45.72   45.93   46.14   46.54   46.93   47.75   48.22   49.01   49.71   50.47   51.01   50.38   49.94   49.89   50.39   51.03   51.65   52.25   53.10   53.37   54.02   52.37   51.29   50.60   48.84   46.49   45.71   45.88   44.51   42.23   41.15   38.81   37.39   34.62   32.59   30.06   28.07   25.88   24.03   22.05   20.46   19.18   17.69   16.02   14.44   13.05   11.91  
41.13   42.35   42.92   43.20   43.42   43.66   44.20   44.72   45.10   46.01   46.75   47.47   48.03   48.62   48.00   47.42   47.61   48.12   48.71   49.45   50.20   50.56   51.11   51.47   51.04   49.58   48.51   48.10   46.21   44.56   43.16   43.41   42.60   39.96   38.68   36.43   35.19   32.43   30.47   28.05   26.18   24.09   22.28   20.30   18.47   17.09   15.66   14.15   12.76   11.56  
39.54   40.14   40.46   40.74   41.04   41.42   41.95   42.16   42.83   43.77   44.49   45.07   45.66   46.33   45.51   45.03   45.33   45.84   46.54   47.33   47.75   48.24   48.59   49.03   49.63   48.20   46.79   45.76   45.59   43.50   42.31   40.75   41.13   40.44   37.91   36.58   34.10   33.01   30.32   28.45   26.16   24.37   22.32   20.51   18.56   16.81   15.15   13.79   12.46   11.26  
37.42   37.79   38.09   38.44   38.88   39.63   39.60   40.18   40.68   41.60   42.19   42.79   43.41   43.66   43.19   42.65   43.09   43.74   44.41   44.96   45.42   45.80   46.37   47.23   47.47   46.76   45.38   44.03   43.08   43.17   40.98   40.11   38.49   39.01   38.36   35.86   34.30   31.88   30.89   28.31   26.55   24.35   22.58   20.57   18.83   17.00   15.36   13.55   12.11   10.94  
35.20   35.51   36.00   36.51   37.35   37.18   37.62   38.05   38.62   39.46   40.06   40.64   40.93   41.12   40.74   40.44   41.02   41.56   42.16   42.68   43.09   43.65   44.39   45.23   45.26   45.61   44.22   42.68   41.35   40.52   41.05   38.60   37.93   36.48   37.29   36.49   34.36   32.12   29.65   28.86   26.41   24.70   22.57   20.89   18.98   17.35   15.41   13.59   11.87   10.60  
33.08   33.48   34.24   34.98   34.82   35.15   35.69   36.13   36.64   37.47   38.03   38.34   38.55   38.74   38.40   38.38   38.95   39.51   40.02   40.46   41.02   41.73   42.41   42.64   42.94   43.38   43.14   42.08   40.12   38.77   38.20   38.19   36.29   35.85   34.74   35.54   34.77   31.94   30.00   27.55   26.90   24.57   22.98   20.98   19.41   17.37   15.46   13.57   11.86   10.35  
31.18   31.70   32.52   32.54   32.83   33.31   33.85   34.26   34.74   35.49   35.84   36.06   36.25   36.46   36.14   36.26   36.94   37.40   37.94   38.50   39.19   39.84   40.39   40.40   40.76   41.20   41.21   40.54   39.98   37.73   36.35   35.82   35.55   34.06   33.96   32.90   32.98   32.63   29.85   27.99   25.63   25.13   22.96   21.53   19.37   17.42   15.43   13.59   11.86   10.34  
29.49   29.89   30.30   30.61   31.05   31.53   32.03   32.40   32.80   33.38   33.56   33.82   34.01   34.23   34.01   34.36   34.95   35.46   36.08   36.75   37.39   37.90   37.99   38.21   38.69   39.81   39.28   38.82   38.14   38.14   35.53   34.06   33.50   33.09   31.94   32.34   30.74   30.55   30.54   27.86   26.09   23.91   23.70   21.38   19.46   17.37   15.46   13.57   11.87   10.34  
27.81   28.27   28.44   28.89   29.33   29.75   30.21   30.56   30.96   31.49   31.33   31.66   31.96   32.02   32.10   32.49   33.11   33.83   34.41   35.05   35.53   35.68   35.92   36.43   37.44   38.35   37.94   36.97   36.44   35.86   35.50   33.33   31.86   31.26   30.76   29.87   29.86   28.58   28.29   28.55   25.97   24.25   22.05   21.43   19.35   17.42   15.43   13.59   11.86   10.35  
26.21   26.55   26.69   27.23   27.61   27.99   28.38   28.67   29.10   29.28   29.40   29.71   29.99   29.96   30.34   30.86   31.63   32.21   32.81   33.28   33.47   33.73   34.26   35.18   36.06   36.71   36.04   36.27   34.97   34.21   33.63   33.04   31.17   29.74   29.08   28.52   27.75   27.50   26.46   26.31   26.67   24.12   22.29   20.14   19.24   17.34   15.45   13.57   11.87   10.35  
24.52   24.71   25.24   25.55   25.90   26.24   26.54   26.80   27.02   27.66   27.55   27.85   28.15   28.24   28.75   29.34   30.09   30.67   31.12   31.34   31.61   32.14   32.99   33.83   34.45   34.67   34.45   34.22   34.93   33.23   32.11   31.46   30.72   29.05   27.67   26.95   26.34   25.64   25.27   24.43   24.67   24.71   22.14   20.30   18.22   17.13   15.37   13.58   11.86   10.35  
22.76   23.22   23.55   23.90   24.22   24.50   24.76   24.99   25.51   25.56   25.81   26.11   26.45   26.68   27.27   27.99   28.57   28.99   29.23   29.51   30.03   30.83   31.63   32.22   32.48   32.67   32.48   32.64   32.54   33.31   31.24   30.04   29.32   28.48   26.94   25.63   24.86   24.22   23.58   23.14   22.50   22.81   22.72   20.18   18.60   16.56   15.14   13.49   11.85   10.34  
21.26   21.61   21.95   22.27   22.55   22.80   23.05   23.30   23.58   23.86   24.16   24.49   24.95   25.22   25.92   26.48   26.87   27.11   27.39   27.90   28.65   29.42   29.99   30.27   30.47   30.65   30.47   30.43   31.03   31.22   31.42   29.21   27.95   27.17   26.27   24.86   23.62   22.81   22.17   21.57   21.11   20.58   20.75   20.88   18.48   16.73   14.75   13.28   11.77   10.34  
19.73   20.07   20.38   20.67   20.93   21.18   21.44   21.72   22.00   22.29   22.62   23.06   23.67   23.86   24.40   24.77   25.00   25.28   25.77   26.48   27.21   27.77   28.08   28.28   28.45   28.60   28.46   28.79   29.03   29.27   29.95   29.60   27.31   25.89   25.04   24.12   22.82   21.64   20.82   20.18   19.62   19.15   18.73   18.89   18.74   16.58   14.83   13.03   11.61   10.29  
18.27   18.59   18.88   19.14   19.40   19.66   19.95   20.23   20.52   20.85   21.26   21.77   21.91   22.36   22.72   22.94   23.21   23.68   24.35   25.05   25.59   25.91   26.12   26.29   26.42   26.46   26.62   26.87   27.15   27.68   27.61   28.59   28.02   25.74   24.59   23.06   22.06   20.84   19.71   18.89   18.27   17.73   17.26   16.89   17.33   16.62   14.72   13.06   11.48   10.21  
16.88   17.18   17.45   17.71   17.98   18.27   18.56   18.86   19.18   19.58   19.99   20.05   20.40   20.73   20.95   21.20   21.63   22.25   22.90   23.43   23.75   23.96   24.13   24.26   24.36   24.92   24.75   25.04   25.49   25.58   26.32   26.28   27.24   26.85   24.48   22.61   21.13   20.09   18.91   17.83   17.03   16.42   15.90   15.43   15.22   15.49   14.63   12.98   11.51   10.18  
15.57   15.85   16.12   16.40   16.68   16.98   17.28   17.62   18.00   18.35   18.38   18.56   18.82   19.04   19.26   19.62   20.16   20.75   21.25   21.57   21.79   21.96   22.11   22.26   22.75   23.22   22.95   23.36   23.54   24.13   24.27   24.98   24.86   25.05   24.52   22.48   20.72   19.28   18.19   17.05   16.03   15.25   14.65   14.13   13.74   14.36   13.64   12.81   11.43   10.19  
14.34   14.61   14.89   15.18   15.48   15.79   16.13   16.50   16.82   16.89   16.93   17.05   17.21   17.41   17.70   18.12   18.62   19.07   19.39   19.62   19.82   19.99   20.19   20.65   21.11   21.37   21.30   21.54   22.05   22.28   22.84   22.84   22.96   22.85   22.92   22.33   20.58   18.92   17.50   16.37   15.28   14.31   13.56   12.98   12.72   13.05   12.71   12.03   11.24   10.13  
