#Value_Function_Estimate.
140.22  141.92  142.76  143.54  145.31  148.48  150.29  150.54  151.58  153.85  154.00  155.91  157.41  157.14  157.26  159.26  159.17  159.36  157.25  156.12  154.89  154.86  156.20  156.17  157.79  157.72  157.69  155.37  155.48  154.10  143.88  152.40  158.33  158.53  158.83  159.03  159.06  158.88  158.59  159.95  160.02  160.10  159.71  158.35  160.86  161.03  160.94  161.00  160.51  158.94 
142.62  144.19  145.92  146.58  147.20  151.28  152.33  154.52  154.29  155.30  158.10  157.61  159.95  161.72  158.71  160.27  163.73  161.15  160.02  157.95  156.66  158.77  158.10  159.93  158.42  161.69  157.46  159.14  158.67  147.54  133.19  142.01  155.95  162.45  160.54  162.73  162.57  161.35  161.06  162.54  164.05  163.71  161.41  161.20  164.38  164.88  165.04  164.65  163.03  161.54 
143.85  146.82  148.05  149.95  150.51  152.94  156.77  156.33  159.15  157.21  158.41  160.12  161.21  158.51  162.71  162.17  165.45  161.98  162.85  162.29  163.48  163.98  161.20  164.82  163.91  164.79  163.65  164.03  162.95  157.15  145.38  148.24  160.57  163.77  165.97  167.24  167.85  167.62  168.18  169.25  167.63  168.90  167.99  168.08  166.47  169.09  168.79  166.97  165.64  164.63 
145.38  147.83  151.02  151.82  154.06  156.65  158.06  159.67  155.46  156.62  158.74  158.79  159.59  164.33  162.93  161.09  161.49  163.19  165.52  168.28  167.61  162.76  167.43  166.10  164.91  168.86  169.38  168.83  166.82  166.19  159.08  159.95  167.22  173.55  175.17  171.80  173.05  177.49  174.72  175.13  173.35  172.60  172.30  173.42  173.60  173.10  170.88  169.65  168.93  168.53 
147.03  149.46  151.68  155.32  155.48  158.02  160.04  155.68  154.82  156.67  157.10  158.37  162.80  160.89  160.05  161.94  162.00  165.99  167.40  170.88  165.27  165.87  166.79  167.07  168.87  172.17  173.00  173.60  172.54  173.32  163.65  169.67  174.56  177.47  179.64  182.13  179.70  181.51  183.76  183.29  181.71  177.82  175.98  177.75  177.52  174.90  173.65  173.19  172.98  172.47 
148.65  151.22  153.47  155.42  159.82  159.21  155.35  155.45  155.07  156.38  159.18  161.44  162.15  161.55  163.46  163.85  166.29  167.25  172.38  166.55  168.16  169.92  169.83  171.28  173.40  176.25  176.30  179.08  180.23  179.46  178.67  173.51  184.88  182.17  184.36  185.35  188.37  185.62  186.43  187.90  187.19  184.06  181.92  182.05  178.91  177.71  177.38  177.23  177.22  173.20 
150.64  152.81  155.37  157.47  159.06  157.16  157.48  158.92  157.94  161.31  162.08  162.87  164.30  165.49  166.29  167.79  167.54  170.55  167.47  169.89  172.47  174.22  174.02  176.04  178.30  178.55  181.97  184.29  185.25  187.55  183.85  193.22  192.22  196.85  191.99  190.55  192.21  194.70  192.14  191.11  190.50  189.21  187.35  182.73  182.24  178.35  178.55  181.96  177.37  174.30 
154.07  154.71  156.95  159.91  161.25  161.02  161.95  161.30  163.53  164.12  166.64  165.60  166.68  168.92  170.84  169.60  172.71  172.28  173.57  174.36  176.37  176.54  178.96  179.84  182.31  184.55  184.49  187.44  190.81  193.76  195.25  192.92  208.70  203.47  204.85  197.08  197.01  199.94  199.03  194.62  193.35  192.04  190.50  188.40  183.42  183.56  184.42  180.97  178.67  174.96 
157.33  158.44  159.76  163.13  165.21  165.94  164.26  166.70  167.42  167.67  167.84  171.20  170.82  173.66  172.47  176.63  173.71  175.46  178.15  177.70  178.49  181.88  182.47  186.05  187.56  188.46  190.21  192.30  196.03  198.24  198.15  204.05  202.71  216.45  209.47  210.36  205.18  203.74  204.44  199.51  196.18  194.59  194.06  191.63  188.37  185.87  183.23  183.06  178.86  178.34 
163.14  163.64  165.50  166.55  168.20  170.24  171.08  170.98  171.17  171.59  171.74  173.70  177.95  176.09  180.43  177.87  179.50  179.50  178.93  183.12  184.74  186.26  186.16  189.27  193.49  192.16  193.88  197.09  199.48  200.90  203.13  206.65  212.62  211.65  220.27  219.12  210.80  211.28  205.00  204.14  201.40  198.62  195.86  193.56  191.17  188.71  187.92  182.35  183.03  179.74 
167.18  167.79  169.26  170.53  171.55  173.18  175.57  176.17  175.93  175.53  177.14  180.48  180.36  183.03  182.34  183.37  183.30  183.55  182.94  185.73  185.32  186.19  188.86  193.88  196.00  198.76  200.11  200.79  201.18  203.90  207.74  211.92  211.35  217.49  218.55  218.97  220.41  211.94  210.17  204.70  203.56  202.64  197.92  195.63  193.62  190.14  187.07  187.88  184.33  179.44 
171.62  172.07  172.64  174.63  176.05  176.89  178.38  180.99  181.34  180.51  181.56  184.15  187.23  184.66  187.41  187.60  186.86  184.45  189.07  187.24  185.40  187.81  192.40  195.55  198.66  200.69  203.80  204.88  205.18  207.63  213.16  212.93  218.97  217.43  216.89  217.77  217.08  217.22  210.46  209.47  204.60  202.14  201.23  198.25  194.44  191.94  187.91  184.48  182.98  180.27 
176.28  176.74  177.30  177.86  180.43  181.82  182.26  183.48  186.32  186.48  189.68  190.41  190.44  192.24  192.21  191.25  188.41  192.15  186.69  185.85  187.83  189.27  192.98  196.95  200.17  203.65  205.40  208.82  209.49  212.62  212.73  219.00  218.68  222.00  218.41  217.99  214.25  213.56  215.06  210.34  208.32  203.85  201.98  199.88  196.63  192.43  189.93  187.63  184.81  181.83 
180.37  181.92  182.24  182.92  183.27  186.42  187.59  187.42  189.32  194.74  195.22  195.65  197.28  197.12  194.43  191.83  196.09  189.60  187.54  187.37  186.51  189.05  193.16  197.37  201.71  204.94  208.78  209.91  213.79  213.45  217.65  218.82  222.04  222.26  221.23  215.26  216.69  212.24  211.62  214.12  209.05  206.86  202.34  199.54  197.30  194.24  191.80  189.50  186.33  183.42 
184.70  186.15  187.91  188.03  188.80  188.68  192.41  193.21  196.62  199.22  200.94  202.09  202.27  197.55  199.03  199.34  192.98  191.48  187.22  185.98  187.06  190.06  193.13  197.54  201.99  206.71  209.69  213.95  214.06  219.08  219.22  221.50  221.54  221.18  218.48  217.02  215.49  213.22  209.92  210.81  212.69  207.66  204.61  201.38  198.90  196.71  193.86  190.61  187.84  185.82 
189.27  190.64  194.03  193.79  193.86  194.78  193.43  199.97  202.55  204.40  205.98  207.44  203.54  205.91  203.01  198.21  195.05  190.77  187.56  184.60  188.16  189.46  193.23  197.47  202.18  206.80  211.87  214.23  219.19  219.41  221.07  219.78  220.63  218.89  218.12  220.69  218.73  214.25  210.92  208.24  208.87  209.61  204.60  203.36  199.91  196.52  195.21  192.56  190.72  185.72 
192.92  195.44  199.54  200.13  197.35  198.67  201.00  202.12  207.31  209.76  211.39  208.79  213.57  207.37  200.29  198.50  194.35  191.04  186.99  185.61  185.89  189.67  193.70  197.63  202.05  207.05  211.63  217.07  217.24  218.69  218.71  219.47  221.51  217.60  221.16  218.43  220.04  216.20  213.59  208.85  206.64  208.45  207.67  202.40  202.35  198.02  195.07  192.69  189.91  186.59 
196.14  199.01  201.16  203.42  203.32  203.80  206.51  207.03  209.15  215.72  213.33  220.34  212.92  206.39  200.58  196.96  194.22  190.36  186.99  183.77  184.49  190.63  194.38  198.22  202.18  206.82  212.04  215.94  217.83  216.56  219.53  222.19  218.93  223.22  219.00  217.33  218.04  219.65  214.05  212.86  211.49  206.56  206.55  204.09  200.44  199.69  197.12  194.43  191.01  188.00 
198.00  202.26  204.86  206.15  207.38  209.59  211.50  212.32  216.01  216.60  221.48  218.10  210.70  205.74  201.60  196.72  192.61  189.85  186.22  182.78  188.19  191.39  195.47  198.93  202.45  206.94  210.72  212.89  214.92  219.45  220.83  217.78  220.09  220.55  219.04  220.44  219.33  220.17  218.54  216.61  213.09  211.30  208.73  205.88  204.55  200.05  199.13  195.40  192.38  189.64 
199.84  203.77  208.50  211.05  210.85  211.34  215.83  219.52  220.15  222.04  220.77  212.78  209.31  205.63  201.24  196.99  192.17  188.19  183.66  185.31  188.36  192.81  195.93  200.48  205.08  207.46  209.39  212.63  217.68  218.39  215.49  215.35  217.15  218.98  221.05  217.50  224.68  221.29  223.79  219.55  217.01  213.52  210.17  209.28  207.75  204.27  201.48  197.10  193.75  193.48 
200.90  205.77  209.60  214.84  217.50  216.83  218.96  223.81  226.31  227.25  218.27  212.73  205.87  204.28  200.77  196.59  192.31  187.52  184.74  186.09  189.96  193.30  197.41  202.00  205.34  210.30  212.53  214.14  214.36  215.30  215.66  216.30  219.54  221.66  216.99  221.61  221.00  226.97  226.12  224.36  219.07  215.55  214.37  212.58  209.43  208.30  203.44  200.19  197.99  197.62 
202.53  206.64  211.90  215.36  221.31  222.62  224.44  225.65  229.63  221.72  215.04  208.27  205.74  201.22  199.15  195.78  191.44  185.70  185.01  188.11  191.25  195.24  199.87  203.01  209.52  212.10  211.92  211.07  212.15  214.97  215.85  221.30  219.51  216.07  217.56  218.80  222.43  225.09  224.83  221.86  222.44  216.99  214.09  215.34  213.29  209.48  208.19  205.54  202.42  200.07 
203.95  208.41  212.43  218.20  221.58  226.23  226.57  231.04  223.95  217.88  211.81  207.31  203.03  199.97  196.07  193.55  188.59  185.71  186.11  189.56  192.53  197.62  200.34  207.43  211.35  208.98  209.12  211.89  215.62  216.56  220.17  220.25  215.06  215.13  217.91  220.36  223.08  224.91  224.37  229.12  222.22  219.19  217.76  212.99  213.96  213.03  209.88  208.97  204.74  201.75 
205.14  209.83  213.83  218.10  224.89  225.36  233.04  227.58  220.56  214.68  207.82  205.89  201.83  197.49  193.32  188.76  187.38  183.88  187.37  191.86  196.12  197.91  205.54  206.88  205.82  207.48  209.90  214.08  216.53  220.75  218.97  215.12  212.98  216.27  218.78  222.93  225.84  225.49  223.69  220.83  222.49  223.07  217.51  214.88  211.09  215.52  214.08  209.10  206.55  202.06 
206.12  211.01  213.41  219.79  222.92  232.35  231.18  223.64  216.07  211.44  206.34  202.68  200.04  195.33  189.96  187.21  183.56  185.21  189.40  193.48  197.28  204.12  204.70  203.92  206.91  208.76  212.28  214.43  219.24  216.17  213.52  213.12  215.53  217.36  223.37  225.14  225.21  221.28  222.22  224.26  218.28  222.21  219.93  216.28  213.89  210.84  213.22  211.43  206.72  202.15 
207.30  211.91  216.23  220.12  225.86  229.43  223.61  221.00  216.52  209.80  205.85  200.01  195.62  191.46  189.14  184.79  183.11  187.03  191.35  196.05  200.98  202.42  202.30  205.95  207.59  211.87  213.16  217.45  215.19  214.08  214.64  216.45  217.87  222.24  224.59  224.13  220.71  222.13  225.22  219.02  221.16  217.53  221.35  219.25  213.97  211.67  209.20  211.35  206.80  202.09 
207.76  213.26  217.45  222.10  222.34  222.31  220.51  215.74  213.59  209.89  205.11  199.77  193.48  190.44  186.63  183.70  186.49  187.65  193.48  199.20  197.06  198.44  202.87  206.00  211.34  211.89  217.08  213.12  212.00  214.09  217.71  219.41  222.50  225.49  224.32  221.61  221.54  226.57  220.55  219.99  217.42  217.66  215.67  218.28  217.08  211.58  207.27  206.16  206.12  202.08 
207.50  213.69  218.85  217.97  216.63  218.06  216.80  216.08  210.45  206.89  204.67  201.05  196.32  192.24  186.57  184.30  186.37  193.20  195.43  192.31  194.97  200.87  204.10  208.40  210.22  216.86  211.73  211.55  212.88  216.19  219.04  223.02  226.95  226.57  223.09  224.49  229.37  221.44  221.01  218.92  218.10  216.02  212.96  214.07  216.30  212.01  207.01  202.94  201.63  201.02 
206.85  211.40  214.01  213.42  212.42  213.21  212.06  210.77  211.17  206.37  201.41  201.62  198.00  191.83  186.80  184.22  191.07  191.51  187.96  191.32  196.55  201.04  207.13  209.16  214.41  210.19  210.76  211.81  215.21  218.02  221.41  225.74  230.05  225.29  225.11  232.55  225.75  220.99  216.28  216.52  214.39  215.77  211.04  210.95  210.66  210.77  207.17  202.37  198.46  197.02 
205.11  205.86  207.53  208.41  207.70  207.66  206.95  205.89  206.73  205.59  198.80  196.04  195.59  192.16  186.56  185.83  187.08  185.03  188.56  194.78  197.47  202.99  206.60  213.31  208.99  208.77  210.18  213.82  217.07  220.56  224.45  227.61  225.42  225.35  232.28  228.19  223.14  220.20  218.17  212.88  213.45  214.61  212.05  207.14  206.25  206.01  205.66  202.23  197.59  193.89 
200.29  201.75  202.54  202.12  202.56  202.04  202.13  201.72  201.90  200.69  198.36  193.46  190.80  189.81  186.52  183.12  181.60  185.28  190.41  194.79  201.84  203.25  210.61  206.95  207.23  205.53  210.13  215.51  219.09  224.51  224.19  223.28  227.55  230.86  230.41  227.18  221.42  218.04  215.17  212.05  211.71  212.55  213.01  208.24  203.26  201.59  201.17  200.45  197.15  192.76 
196.11  196.86  196.62  196.93  196.65  196.87  198.16  200.73  197.00  196.23  195.00  192.49  188.17  185.57  184.19  181.06  181.54  186.83  191.58  197.03  200.90  209.29  206.18  204.39  201.56  205.18  210.36  215.16  221.05  222.15  220.85  224.66  228.79  234.02  228.18  224.11  221.48  216.18  211.07  212.66  210.57  207.02  208.51  208.61  204.71  200.47  197.09  196.22  195.20  192.06 
191.25  191.17  191.36  191.38  191.64  194.52  196.20  193.61  194.23  191.40  190.41  189.13  186.65  182.80  180.27  179.12  182.85  187.74  193.29  198.03  206.02  204.23  202.70  200.04  200.27  205.30  210.13  215.56  219.55  218.26  222.72  225.42  230.04  230.23  226.33  222.73  218.95  213.72  209.83  207.29  206.23  205.12  203.32  205.09  205.59  200.01  195.83  192.45  191.29  190.04 
185.76  185.87  185.84  186.09  188.05  191.76  188.98  188.95  187.05  187.15  185.28  184.46  183.29  180.85  177.39  179.67  185.57  188.92  194.07  200.87  201.08  200.46  197.89  196.15  200.28  205.15  210.22  213.96  215.48  220.32  223.08  228.35  229.95  223.75  224.35  221.03  215.98  211.94  206.22  204.74  204.42  203.60  200.44  200.50  200.20  199.96  195.32  191.03  187.81  186.45 
180.40  180.36  180.40  181.37  183.29  182.80  183.40  182.25  181.11  180.48  179.76  179.47  178.71  177.48  175.70  182.11  185.55  192.31  195.66  196.43  198.47  195.04  193.90  197.21  200.38  205.02  208.76  212.65  215.97  221.11  226.00  228.84  223.29  222.82  219.07  216.78  212.96  207.90  204.48  205.56  206.09  204.72  200.37  197.30  195.87  195.33  194.69  190.39  186.21  183.15 
174.91  174.92  174.91  176.04  175.87  176.25  175.89  176.22  175.53  174.79  174.55  174.19  173.82  173.07  175.91  181.76  188.79  191.31  190.33  191.82  191.36  191.68  195.02  198.92  202.79  205.76  210.55  213.32  218.65  221.20  226.69  221.39  222.14  218.38  217.00  213.58  208.54  207.03  201.76  203.15  202.10  204.58  202.03  197.73  194.35  191.12  190.40  189.32  185.36  181.32 
169.47  169.47  169.48  169.47  166.22  167.92  169.47  169.47  169.47  169.44  169.35  169.09  168.73  170.23  175.69  182.03  184.74  184.44  185.51  185.60  186.62  191.06  195.55  200.45  204.49  208.66  211.29  216.72  218.68  224.78  219.02  219.11  216.36  215.97  211.35  208.87  207.81  203.59  200.33  200.37  200.71  200.94  201.34  199.84  194.08  189.83  186.14  185.30  183.93  180.23 
164.08  164.08  164.08  164.08  162.04  158.64  162.09  163.28  165.19  164.40  164.08  163.94  164.72  169.62  175.48  178.38  178.65  179.58  180.32  183.44  187.54  191.46  196.16  200.81  206.16  210.21  214.74  216.70  223.12  216.91  217.35  213.85  213.18  209.24  207.73  205.38  203.44  200.58  202.78  201.80  197.43  199.74  195.69  197.98  196.40  189.44  183.76  180.94  180.05  178.48 
158.56  157.26  158.51  158.68  146.37  138.30  146.60  152.48  158.92  161.63  160.40  159.38  163.62  169.06  172.20  173.05  174.14  175.51  180.01  184.48  188.21  192.51  196.44  201.50  206.26  212.13  215.98  221.03  214.98  215.63  211.70  211.22  207.55  206.22  202.10  201.80  198.50  203.03  200.59  200.07  198.72  196.11  194.76  192.59  194.32  191.16  183.15  177.54  175.71  174.73 
151.88  149.93  150.33  150.41  135.83  119.83  128.98  141.82  153.61  156.89  159.57  157.89  162.80  166.15  167.61  169.07  171.21  175.45  180.12  184.77  189.42  193.04  197.67  201.57  207.13  211.84  218.34  213.07  214.08  209.77  209.36  206.25  203.30  200.70  200.05  196.20  200.46  197.88  197.00  195.93  193.97  194.58  192.95  190.70  188.60  190.07  183.76  176.28  172.13  170.52 
144.94  144.77  144.15  142.55  139.14  123.63  131.43  140.78  148.80  156.99  157.65  156.17  159.40  162.30  164.25  166.92  170.96  175.48  180.09  184.88  189.60  194.52  197.97  203.12  206.85  213.05  210.78  211.26  207.88  207.73  204.36  203.32  200.49  197.63  195.24  197.62  194.79  194.58  191.67  190.62  192.08  188.55  189.43  189.79  187.04  182.51  182.16  176.19  170.15  166.99 
139.64  139.74  139.49  138.82  135.99  132.32  133.51  141.12  147.27  151.92  161.08  155.51  154.73  158.77  162.67  166.60  170.95  175.46  180.13  184.82  189.73  194.52  199.86  203.00  208.94  207.31  206.94  205.30  205.12  202.49  201.70  198.91  197.49  194.84  192.13  191.86  192.08  189.18  188.51  186.91  186.14  186.65  183.40  185.09  185.18  180.76  177.69  174.52  169.30  164.69 
134.62  134.56  134.60  134.34  135.23  135.41  132.15  139.72  145.04  151.12  153.12  158.24  154.22  156.06  161.46  166.57  170.94  175.48  180.09  184.88  189.62  194.70  199.55  205.52  205.07  203.78  201.92  201.26  199.90  199.33  197.17  196.00  193.56  191.90  189.42  187.36  186.89  185.23  184.60  182.36  182.39  183.21  181.83  179.03  179.29  179.01  174.76  171.73  168.66  163.12 
129.55  129.58  129.55  130.00  132.89  132.59  133.23  137.02  145.51  148.13  151.93  151.65  154.29  155.80  160.28  165.09  170.91  175.46  180.13  184.82  189.73  194.52  199.78  202.21  201.30  199.72  198.37  196.71  195.87  194.67  193.87  191.99  190.61  188.39  186.59  184.25  182.03  183.05  179.54  179.22  178.05  178.26  181.13  177.97  173.94  173.43  172.15  169.72  165.56  161.11 
124.64  124.69  125.30  127.65  131.53  132.63  134.27  139.83  143.14  146.41  146.90  149.22  151.45  154.05  158.49  162.61  168.93  175.48  180.09  184.87  189.58  194.34  196.71  196.43  196.88  196.05  194.60  193.21  191.69  190.75  189.63  188.69  186.99  185.49  182.59  179.88  180.23  177.47  177.70  175.12  174.31  175.79  175.33  177.51  173.99  170.49  167.86  165.46  161.60  158.47 
119.94  120.66  122.90  126.08  127.92  131.61  134.77  138.25  141.37  142.63  145.86  149.45  152.38  153.62  156.42  161.87  167.27  175.45  180.11  184.72  189.11  191.45  191.52  191.80  191.54  191.76  190.98  189.63  188.25  186.82  185.82  184.75  183.72  180.43  178.54  178.76  175.18  175.47  173.42  173.08  171.17  171.17  172.72  172.72  174.96  170.15  166.33  162.79  159.86  156.58 
116.14  118.27  121.18  123.23  126.18  129.45  133.63  136.78  138.86  142.23  145.92  149.60  153.36  156.52  157.09  160.24  168.92  175.44  179.92  184.04  186.34  186.68  186.88  186.73  186.88  186.73  186.79  186.05  184.77  183.42  182.06  181.02  180.46  178.72  177.57  173.96  174.00  171.30  170.99  169.36  168.70  168.35  168.71  170.40  170.14  170.11  166.01  162.19  158.37  155.15 
113.79  116.51  118.75  121.71  125.26  129.25  132.56  135.28  138.63  142.25  145.90  149.65  153.40  157.36  160.93  163.30  167.20  175.21  179.08  181.36  181.89  182.07  181.99  182.08  181.99  182.08  181.98  181.93  181.21  180.01  178.68  177.38  177.95  175.22  173.68  172.88  170.09  169.52  167.36  166.70  165.30  164.68  166.02  166.03  166.18  166.00  165.52  161.97  158.34  154.70 
112.05  114.47  117.50  121.24  125.20  128.62  131.70  135.06  138.62  142.23  145.92  149.61  153.47  157.28  161.47  165.35  170.20  174.26  176.49  177.17  177.36  177.32  177.38  177.32  177.38  177.32  177.37  177.30  177.17  176.47  175.32  173.70  176.02  172.58  170.74  169.26  168.39  166.18  165.27  163.44  162.58  161.85  162.03  162.13  162.05  162.13  161.95  161.20  158.11  154.67 
110.32  113.53  117.32  121.30  124.86  128.16  131.54  135.05  138.61  142.25  145.90  149.65  153.40  157.40  161.26  165.72  169.55  171.76  172.54  172.76  172.76  172.79  172.76  172.79  172.76  172.79  172.76  172.79  172.71  172.53  171.84  171.13  170.73  169.64  168.05  166.33  164.97  164.14  162.34  161.25  159.64  158.73  158.31  158.27  158.31  158.27  158.30  158.10  157.19  154.40 
