#Reward Function.
0.0000  0.0000  0.0000  0.0000  0.0000  0.0000  0.0000  0.0000  0.0000  0.0000  0.0000  0.0000  0.0000  0.0000  0.0000  0.0000  0.0013  0.0039  0.0079  0.0184  0.0350  0.0756  0.1622  0.3153  1.3114  1.3114  0.3153  0.1622  0.0756  0.0350  0.0184  0.0079  0.0039  0.0013  0.0000  0.0000  0.0000  0.0000  0.0000  0.0000  0.0000  0.0094  0.0094  0.0094  0.0094  0.0094  0.0094  0.0094  0.0000  0.0000 
0.0000  0.0000  0.0000  0.0000  0.0000  0.0000  0.0000  0.0000  0.0000  0.0000  0.0000  0.0000  0.0000  0.0000  0.0000  0.0000  0.0013  0.0039  0.0079  0.0184  0.0350  0.0756  0.1622  0.3153  0.5435  0.5435  0.3153  0.1622  0.0756  0.0350  0.0184  0.0079  0.0039  0.0013  0.0000  0.0000  0.0000  0.0000  0.0000  0.0094  0.0094  0.0188  0.0188  0.0188  0.0188  0.0188  0.0188  0.0188  0.0094  0.0094 
0.0000  0.0000  0.0000  0.0000  0.0000  0.0000  0.0000  0.0000  0.0000  0.0000  0.0000  0.0000  0.0000  0.0000  0.0000  0.0000  0.0013  0.0039  0.0079  0.0184  0.0350  0.0520  0.1102  0.1622  0.2304  0.2304  0.1622  0.1102  0.0520  0.0350  0.0184  0.0079  0.0039  0.0013  0.0000  0.0000  0.0000  0.0000  0.0094  0.0188  0.0188  0.0376  0.0376  0.0491  0.0491  0.0491  0.0376  0.0376  0.0188  0.0188 
0.0000  0.0000  0.0000  0.0000  0.0000  0.0000  0.0000  0.0000  0.0000  0.0000  0.0000  0.0000  0.0000  0.0000  0.0000  0.0000  0.0013  0.0026  0.0052  0.0131  0.0249  0.0350  0.0756  0.1102  0.1102  0.1102  0.1102  0.0756  0.0350  0.0249  0.0131  0.0052  0.0026  0.0013  0.0000  0.0000  0.0000  0.0094  0.0188  0.0188  0.0376  0.0491  0.0794  0.1051  0.1051  0.1051  0.0794  0.0794  0.0491  0.0376 
0.0000  0.0000  0.0000  0.0000  0.0000  0.0000  0.0000  0.0000  0.0000  0.0000  0.0000  0.0000  0.0000  0.0000  0.0000  0.0000  0.0013  0.0013  0.0039  0.0079  0.0131  0.0249  0.0350  0.0520  0.0520  0.0520  0.0520  0.0350  0.0249  0.0131  0.0079  0.0039  0.0013  0.0013  0.0000  0.0000  0.0094  0.0188  0.0188  0.0491  0.0794  0.1051  0.1518  0.2005  0.2005  0.2005  0.1518  0.1051  0.0794  0.0491 
0.0000  0.0000  0.0000  0.0000  0.0000  0.0000  0.0000  0.0000  0.0000  0.0000  0.0000  0.0000  0.0000  0.0000  0.0000  0.0000  0.0000  0.0013  0.0026  0.0039  0.0079  0.0131  0.0184  0.0249  0.0249  0.0249  0.0249  0.0184  0.0131  0.0079  0.0039  0.0026  0.0013  0.0000  0.0000  0.0094  0.0094  0.0357  0.0996  0.1299  0.2023  0.2174  0.2726  0.3760  0.3760  0.3760  0.2726  0.2005  0.1518  0.1051 
0.0000  0.0000  0.0000  0.0000  0.0000  0.0000  0.0000  0.0000  0.0000  0.0000  0.0000  0.0000  0.0000  0.0000  0.0000  0.0000  0.0000  0.0000  0.0013  0.0026  0.0039  0.0052  0.0079  0.0131  0.0131  0.0131  0.0131  0.0079  0.0052  0.0039  0.0026  0.0013  0.0000  0.0000  0.0000  0.0094  0.0357  0.1387  0.1805  0.3877  0.4364  0.4771  0.5642  0.7270  0.7101  0.7101  0.5137  0.3760  0.2005  0.1518 
0.0000  0.0000  0.0000  0.0000  0.0000  0.0000  0.0000  0.0000  0.0000  0.0000  0.0000  0.0000  0.0000  0.0000  0.0000  0.0000  0.0000  0.0000  0.0000  0.0013  0.0026  0.0039  0.0039  0.0052  0.0052  0.0052  0.0052  0.0039  0.0039  0.0026  0.0013  0.0000  0.0000  0.0000  0.0000  0.0263  0.1199  0.2850  0.5601  0.9756  1.0476  0.9686  0.8112  1.0154  1.3108  1.3108  0.9648  0.5137  0.3760  0.2005 
0.0000  0.0000  0.0000  0.0000  0.0000  0.0000  0.0000  0.0000  0.0000  0.0000  0.0000  0.0000  0.0000  0.0000  0.0000  0.0000  0.0000  0.0000  0.0000  0.0000  0.0013  0.0013  0.0026  0.0026  0.0026  0.0026  0.0026  0.0026  0.0013  0.0013  0.0000  0.0000  0.0000  0.0000  0.0094  0.0694  0.2735  0.8545  1.3650  1.9238  2.0273  1.4853  1.7658  1.8236  2.1825  1.7225  1.3108  0.9649  0.5138  0.2726 
0.0000  0.0000  0.0000  0.0000  0.0000  0.0000  0.0000  0.0000  0.0000  0.0000  0.0000  0.0000  0.0000  0.0000  0.0000  0.0000  0.0000  0.0000  0.0000  0.0000  0.0000  0.0000  0.0013  0.0013  0.0013  0.0013  0.0013  0.0013  0.0000  0.0000  0.0000  0.0000  0.0000  0.0000  0.0263  0.1199  0.4926  1.2926  2.1906  2.4968  2.5526  2.6164  2.4978  2.7571  2.7633  2.5213  1.7227  0.9654  0.5140  0.2726 
0.0000  0.0000  0.0000  0.0000  0.0000  0.0000  0.0000  0.0000  0.0000  0.0000  0.0000  0.0000  0.0000  0.0000  0.0000  0.0000  0.0000  0.0000  0.0000  0.0000  0.0000  0.0000  0.0000  0.0000  0.0000  0.0000  0.0000  0.0000  0.0000  0.0000  0.0000  0.0000  0.0000  0.0000  0.0263  0.1199  0.4926  1.2926  2.1907  2.4463  2.7384  2.6169  2.4988  2.7590  2.7215  2.7146  2.1669  1.3116  0.7107  0.3763 
0.0000  0.0000  0.0000  0.0000  0.0000  0.0000  0.0000  0.0000  0.0000  0.0000  0.0000  0.0000  0.0000  0.0000  0.0000  0.0000  0.0000  0.0000  0.0000  0.0000  0.0000  0.0000  0.0000  0.0000  0.0000  0.0000  0.0000  0.0000  0.0000  0.0000  0.0000  0.0000  0.0000  0.0000  0.0263  0.1199  0.4926  0.8545  1.8032  2.3119  2.5534  2.1807  2.1815  2.2733  2.5778  2.1722  1.7265  0.9675  0.5153  0.2731 
0.0000  0.0000  0.0000  0.0000  0.0000  0.0000  0.0000  0.0000  0.0000  0.0000  0.0000  0.0000  0.0000  0.0000  0.0000  0.0000  0.0000  0.0000  0.0000  0.0000  0.0000  0.0000  0.0000  0.0000  0.0000  0.0000  0.0000  0.0000  0.0000  0.0000  0.0000  0.0000  0.0000  0.0000  0.0094  0.0694  0.2735  0.5041  0.8805  1.4146  1.5918  1.4896  1.2111  1.8381  1.7539  1.7370  1.3211  0.7145  0.3787  0.2734 
0.0000  0.0000  0.0000  0.0000  0.0000  0.0000  0.0000  0.0000  0.0000  0.0000  0.0000  0.0000  0.0000  0.0000  0.0000  0.0000  0.0000  0.0000  0.0000  0.0000  0.0000  0.0000  0.0000  0.0000  0.0000  0.0000  0.0000  0.0000  0.0000  0.0000  0.0000  0.0000  0.0000  0.0000  0.0000  0.0263  0.0694  0.2851  0.5606  0.6083  0.7319  0.6188  0.8261  1.0019  0.9905  0.9905  0.7250  0.5241  0.2769  0.2021 
0.0000  0.0000  0.0000  0.0000  0.0000  0.0000  0.0000  0.0000  0.0000  0.0000  0.0000  0.0000  0.0000  0.0000  0.0000  0.0000  0.0000  0.0000  0.0000  0.0000  0.0000  0.0000  0.0000  0.0000  0.0000  0.0000  0.0000  0.0000  0.0000  0.0000  0.0000  0.0000  0.0000  0.0000  0.0000  0.0094  0.0357  0.0883  0.1811  0.2078  0.3060  0.3335  0.4131  0.5437  0.5460  0.5437  0.3962  0.2829  0.2049  0.1067 
0.0000  0.0000  0.0000  0.0000  0.0000  0.0000  0.0000  0.0000  0.0000  0.0000  0.0000  0.0000  0.0000  0.0000  0.0000  0.0000  0.0000  0.0000  0.0000  0.0000  0.0000  0.0000  0.0000  0.0000  0.0000  0.0000  0.0000  0.0000  0.0000  0.0000  0.0000  0.0000  0.0000  0.0000  0.0000  0.0000  0.0094  0.0189  0.0550  0.0978  0.1264  0.1622  0.2207  0.3026  0.3043  0.3049  0.2262  0.1667  0.1120  0.0821 
0.0000  0.0000  0.0000  0.0000  0.0000  0.0000  0.0000  0.0000  0.0000  0.0000  0.0000  0.0000  0.0000  0.0000  0.0000  0.0000  0.0000  0.0000  0.0000  0.0000  0.0000  0.0000  0.0000  0.0000  0.0000  0.0000  0.0000  0.0000  0.0000  0.0000  0.0000  0.0000  0.0000  0.0000  0.0000  0.0000  0.0094  0.0095  0.0194  0.0392  0.0535  0.0898  0.1254  0.1775  0.1818  0.1775  0.1254  0.1155  0.0838  0.0507 
0.0000  0.0000  0.0000  0.0000  0.0000  0.0000  0.0000  0.0000  0.0000  0.0000  0.0000  0.0000  0.0000  0.0000  0.0000  0.0000  0.0000  0.0000  0.0000  0.0000  0.0000  0.0000  0.0013  0.0013  0.0013  0.0013  0.0013  0.0013  0.0000  0.0000  0.0000  0.0000  0.0000  0.0000  0.0000  0.0000  0.0000  0.0095  0.0097  0.0197  0.0403  0.0560  0.0619  0.0967  0.1020  0.1020  0.0619  0.0560  0.0403  0.0204 
0.0000  0.0000  0.0000  0.0000  0.0000  0.0000  0.0000  0.0000  0.0000  0.0000  0.0000  0.0000  0.0000  0.0000  0.0000  0.0000  0.0000  0.0000  0.0000  0.0000  0.0013  0.0025  0.0025  0.0067  0.0067  0.0067  0.0067  0.0025  0.0025  0.0013  0.0000  0.0000  0.0000  0.0000  0.0000  0.0000  0.0000  0.0001  0.0095  0.0100  0.0228  0.0263  0.0385  0.0574  0.0608  0.0608  0.0385  0.0280  0.0228  0.0103 
0.0000  0.0000  0.0000  0.0000  0.0000  0.0000  0.0000  0.0000  0.0000  0.0000  0.0000  0.0000  0.0000  0.0000  0.0000  0.0000  0.0000  0.0000  0.0000  0.0013  0.0025  0.0067  0.0121  0.0188  0.0188  0.0188  0.0188  0.0121  0.0067  0.0025  0.0013  0.0000  0.0000  0.0000  0.0000  0.0000  0.0000  0.0000  0.0001  0.0027  0.0228  0.0342  0.0482  0.0593  0.0593  0.0593  0.0576  0.0342  0.0231  0.0051 
0.0000  0.0000  0.0000  0.0000  0.0000  0.0000  0.0000  0.0000  0.0000  0.0000  0.0000  0.0000  0.0000  0.0000  0.0000  0.0000  0.0000  0.0000  0.0013  0.0025  0.0121  0.0188  0.0339  0.0582  0.0582  0.0582  0.0582  0.0339  0.0188  0.0121  0.0025  0.0013  0.0000  0.0000  0.0000  0.0042  0.0042  0.0042  0.0066  0.0213  0.0277  0.0408  0.0700  0.1267  0.1225  0.1225  0.1218  0.0656  0.0236  0.0130 
0.0000  0.0000  0.0000  0.0000  0.0000  0.0000  0.0000  0.0000  0.0000  0.0000  0.0000  0.0000  0.0000  0.0000  0.0000  0.0000  0.0000  0.0000  0.0025  0.0067  0.0188  0.0339  0.0950  0.1494  0.1494  0.1494  0.1494  0.0950  0.0339  0.0188  0.0067  0.0025  0.0000  0.0000  0.0042  0.0083  0.0083  0.0107  0.0131  0.0399  0.0734  0.1200  0.1908  0.2953  0.2912  0.2912  0.1824  0.1116  0.0651  0.0233 
0.0000  0.0000  0.0000  0.0000  0.0000  0.0000  0.0000  0.0000  0.0000  0.0000  0.0000  0.0000  0.0000  0.0000  0.0000  0.0000  0.0000  0.0013  0.0025  0.0121  0.0339  0.0950  0.1494  0.3218  0.3218  0.3218  0.3218  0.1494  0.0950  0.0339  0.0121  0.0025  0.0054  0.0042  0.0083  0.0083  0.0167  0.0232  0.0337  0.0694  0.1323  0.2030  0.4510  0.6338  0.6255  0.6255  0.4343  0.2865  0.1115  0.0361 
0.0000  0.0000  0.0000  0.0000  0.0000  0.0000  0.0000  0.0000  0.0000  0.0000  0.0000  0.0000  0.0000  0.0000  0.0000  0.0000  0.0000  0.0013  0.0067  0.0188  0.0582  0.1494  0.3218  0.4377  0.5566  0.5566  0.4377  0.3218  0.1494  0.0582  0.0188  0.0067  0.0054  0.0083  0.0167  0.0208  0.0333  0.0465  0.0649  0.1233  0.2238  0.4717  0.6503  1.0880  1.0838  1.0755  0.8476  0.4342  0.1821  0.0650 
0.0000  0.0000  0.0000  0.0000  0.0000  0.0000  0.0000  0.0000  0.0000  0.0000  0.0000  0.0000  0.0000  0.0000  0.0000  0.0000  0.0000  0.0013  0.0067  0.0188  0.0582  0.1494  0.3218  0.5566  0.7005  0.7005  0.5566  0.3218  0.1494  0.0582  0.0337  0.0257  0.0244  0.0315  0.0357  0.0565  0.0731  0.1075  0.1259  0.1865  0.2700  0.5179  0.8976  1.2877  1.3765  1.2627  1.0755  0.6212  0.2906  0.1115 
0.0000  0.0000  0.0000  0.0000  0.0000  0.0000  0.0000  0.0000  0.0000  0.0000  0.0000  0.0000  0.0000  0.0000  0.0000  0.0000  0.0000  0.0013  0.0067  0.0188  0.0582  0.1494  0.3218  0.5566  0.7005  0.7005  0.5566  0.3218  0.1642  0.0730  0.0378  0.0299  0.0244  0.0357  0.0565  0.0731  0.1364  0.1989  0.2173  0.3692  0.3762  0.6241  0.9608  1.3339  1.3848  1.2794  1.0838  0.6254  0.2906  0.1115 
0.0000  0.0000  0.0000  0.0000  0.0000  0.0000  0.0000  0.0000  0.0000  0.0000  0.0000  0.0000  0.0000  0.0000  0.0000  0.0000  0.0000  0.0013  0.0067  0.0188  0.0582  0.1494  0.3218  0.4377  0.5566  0.5566  0.4526  0.3367  0.1642  0.0730  0.0378  0.0447  0.0476  0.0630  0.0880  0.1512  0.2089  0.3239  0.5290  0.8375  0.6731  0.9210  0.9213  1.2035  1.1550  1.1088  0.8601  0.4384  0.1863  0.0692 
0.0000  0.0000  0.0019  0.0019  0.0037  0.0037  0.0037  0.0019  0.0000  0.0000  0.0000  0.0000  0.0000  0.0000  0.0000  0.0000  0.0000  0.0013  0.0025  0.0121  0.0339  0.0950  0.1494  0.3218  0.3218  0.3367  0.3367  0.1642  0.1247  0.0636  0.0460  0.0554  0.0666  0.1010  0.1472  0.2386  0.3488  0.8046  1.2295  1.7381  1.3133  0.9547  0.9210  0.8111  0.7534  0.6753  0.4634  0.3031  0.1199  0.0403 
0.0000  0.0037  0.0037  0.0099  0.0179  0.0179  0.0179  0.0099  0.0037  0.0019  0.0000  0.0000  0.0000  0.0000  0.0000  0.0000  0.0000  0.0000  0.0025  0.0067  0.0188  0.0339  0.0950  0.1494  0.1642  0.1642  0.1642  0.1247  0.0784  0.0675  0.0744  0.0934  0.1075  0.1473  0.2106  0.3784  0.5651  1.2487  2.2794  2.7105  2.3098  1.8136  0.9695  0.5907  0.4228  0.3596  0.2154  0.1282  0.0733  0.0274 
0.0037  0.0099  0.0179  0.0278  0.0500  0.0500  0.0500  0.0278  0.0179  0.0099  0.0037  0.0000  0.0000  0.0000  0.0000  0.0000  0.0000  0.0000  0.0013  0.0025  0.0121  0.0188  0.0339  0.0730  0.0730  0.0879  0.0879  0.0784  0.0782  0.0905  0.0999  0.1218  0.1372  0.1770  0.2403  0.4081  0.8764  1.7762  2.7341  2.8871  2.9394  2.2958  1.2816  0.6173  0.3056  0.2142  0.1680  0.0858  0.0316  0.0170 
0.0099  0.0278  0.0500  0.0857  0.1400  0.1400  0.1400  0.0857  0.0500  0.0179  0.0099  0.0019  0.0000  0.0000  0.0000  0.0000  0.0000  0.0000  0.0000  0.0013  0.0025  0.0067  0.0270  0.0337  0.0485  0.0485  0.0634  0.0863  0.0957  0.1106  0.1283  0.1651  0.1817  0.2364  0.2996  0.4675  0.9358  1.8208  2.7466  2.9630  2.7647  2.3328  1.2958  0.6092  0.2975  0.1913  0.1208  0.0790  0.0413  0.0090 
0.0278  0.0500  0.1400  0.2202  0.3306  0.3306  0.2202  0.2202  0.0857  0.0500  0.0179  0.0037  0.0019  0.0000  0.0000  0.0000  0.0000  0.0000  0.0000  0.0000  0.0013  0.0174  0.0174  0.0215  0.0364  0.0512  0.0809  0.0916  0.1212  0.1538  0.1864  0.2244  0.2411  0.2958  0.3590  0.4167  0.7136  1.3799  1.8705  2.3688  2.3416  1.8092  0.9808  0.4828  0.3892  0.3111  0.1822  0.0888  0.0308  0.0243 
0.0500  0.0857  0.2202  0.3306  0.6452  0.6452  0.4743  0.3306  0.2202  0.0857  0.0278  0.0099  0.0019  0.0000  0.0000  0.0000  0.0000  0.0000  0.0000  0.0000  0.0000  0.0148  0.0161  0.0309  0.0458  0.0755  0.0903  0.1200  0.1484  0.1781  0.2416  0.2458  0.2880  0.3533  0.3995  0.4909  0.6212  1.0450  1.4297  1.4201  1.3985  1.0273  0.8128  0.6549  0.7526  0.6934  0.2958  0.1527  0.0715  0.0444 
0.0500  0.1400  0.3306  0.6452  0.8203  0.9579  0.8203  0.6452  0.3306  0.1400  0.0500  0.0179  0.0037  0.0000  0.0000  0.0000  0.0000  0.0000  0.0000  0.0000  0.0148  0.0148  0.0297  0.0297  0.0594  0.0891  0.1187  0.1484  0.2078  0.2375  0.2713  0.3200  0.3580  0.4192  0.4442  0.4938  0.5852  0.6710  0.8280  0.8035  0.7967  0.7180  0.9909  1.1398  1.2656  1.0154  0.7138  0.2737  0.1318  0.0603 
0.0857  0.2202  0.4743  0.8203  1.0325  1.0140  0.9579  0.6452  0.3306  0.1400  0.0500  0.0179  0.0037  0.0000  0.0000  0.0000  0.0000  0.0000  0.0000  0.0000  0.0148  0.0148  0.0297  0.0445  0.0742  0.1039  0.1484  0.1781  0.2375  0.2672  0.3455  0.3942  0.4239  0.4809  0.5135  0.5385  0.5436  0.5974  0.6455  0.6115  0.5994  0.6978  1.0232  1.3704  1.4374  1.4156  1.0359  0.5027  0.2407  0.1435 
0.0500  0.1400  0.3306  0.6452  0.9579  1.0325  0.9579  0.6452  0.3306  0.1400  0.0500  0.0179  0.0037  0.0000  0.0000  0.0000  0.0000  0.0000  0.0000  0.0000  0.0148  0.0148  0.0297  0.0594  0.0891  0.1187  0.1781  0.2078  0.2672  0.3414  0.3859  0.4643  0.4981  0.5562  0.5604  0.5930  0.5917  0.5988  0.6240  0.6144  0.6128  0.7462  1.0902  1.4839  1.5607  1.3847  0.8769  0.4250  0.2281  0.1957 
0.0500  0.1400  0.3306  0.4743  0.8203  0.8203  0.6452  0.4743  0.2202  0.1400  0.0500  0.0179  0.0037  0.0000  0.0000  0.0000  0.0000  0.0000  0.0000  0.0148  0.0148  0.0297  0.0445  0.0742  0.1039  0.1484  0.2078  0.2375  0.3117  0.3859  0.4601  0.4898  0.5734  0.5924  0.6208  0.6451  0.6629  0.6935  0.7123  0.6783  0.6968  0.7315  1.0169  1.1637  1.3513  1.3133  0.8096  0.5457  0.3287  0.2359 
0.0278  0.0857  0.1400  0.3306  0.4743  0.4743  0.4743  0.3306  0.1400  0.0857  0.0278  0.0099  0.0019  0.0000  0.0000  0.0000  0.0000  0.0000  0.0000  0.0148  0.0148  0.0297  0.0445  0.0742  0.1039  0.1484  0.2078  0.2672  0.3414  0.4156  0.4898  0.5195  0.5841  0.6380  0.6623  0.6824  0.7510  0.7509  0.8217  0.8226  0.8369  0.8473  0.9870  1.0732  1.0139  0.9800  0.7964  0.5445  0.4451  0.3566 
0.0179  0.0500  0.0857  0.1400  0.2202  0.2202  0.2202  0.1400  0.0857  0.0278  0.0179  0.0037  0.0000  0.0000  0.0000  0.0000  0.0000  0.0000  0.0000  0.0148  0.0148  0.0297  0.0594  0.0891  0.1187  0.1781  0.2375  0.3117  0.3859  0.4601  0.4898  0.5692  0.6138  0.6487  0.6931  0.7333  0.7829  0.8834  0.8992  0.9202  0.9867  1.0010  0.9511  1.0207  0.9572  0.9127  0.8302  0.6958  0.5925  0.4973 
0.0292  0.0372  0.0374  0.0596  0.0857  0.0857  0.0857  0.0500  0.0278  0.0179  0.0037  0.0019  0.0000  0.0000  0.0000  0.0000  0.0000  0.0000  0.0000  0.0148  0.0148  0.0297  0.0594  0.0891  0.1187  0.1781  0.2375  0.3117  0.3859  0.4601  0.5195  0.5841  0.6339  0.6688  0.6994  0.7344  0.8338  0.9395  0.9754  1.0568  1.0630  1.0692  1.0753  1.0844  1.0208  0.9763  0.9385  0.8486  0.7533  0.5777 
0.0887  0.0967  0.0565  0.0372  0.0374  0.0278  0.0278  0.0179  0.0099  0.0037  0.0019  0.0000  0.0000  0.0000  0.0000  0.0000  0.0000  0.0000  0.0000  0.0148  0.0148  0.0297  0.0594  0.0891  0.1187  0.1781  0.2375  0.3117  0.3859  0.4601  0.5396  0.5841  0.6339  0.6889  0.7143  0.7894  0.8899  1.0158  1.1120  1.1330  1.2196  1.2057  1.1918  1.1726  1.1133  1.0687  0.9988  0.9089  0.8337  0.7385 
0.3089  0.3107  0.1774  0.0906  0.0292  0.0195  0.0099  0.0037  0.0037  0.0019  0.0000  0.0000  0.0000  0.0000  0.0000  0.0000  0.0000  0.0000  0.0000  0.0148  0.0148  0.0297  0.0445  0.0742  0.1039  0.1484  0.2078  0.2672  0.3414  0.4156  0.5099  0.5692  0.6339  0.6741  0.7492  0.8296  0.9354  1.0464  1.1627  1.1837  1.2502  1.2765  1.2722  1.2128  1.1535  1.1089  1.0792  1.0094  0.8940  0.8189 
0.7239  0.7239  0.5019  0.1737  0.0405  0.0212  0.0019  0.0000  0.0000  0.0000  0.0000  0.0000  0.0000  0.0000  0.0000  0.0000  0.0000  0.0000  0.0000  0.0148  0.0148  0.0297  0.0445  0.0742  0.1039  0.1484  0.2078  0.2672  0.3414  0.3859  0.4802  0.5597  0.6095  0.6846  0.7746  0.8751  0.9861  1.1120  1.1330  1.2196  1.3105  1.3167  1.2425  1.1831  1.1238  1.0941  1.0644  1.0347  0.9797  0.8792 
1.1196  0.9459  0.7239  0.3089  0.0869  0.0193  0.0000  0.0000  0.0000  0.0000  0.0000  0.0000  0.0000  0.0000  0.0000  0.0000  0.0000  0.0000  0.0000  0.0148  0.0148  0.0297  0.0297  0.0594  0.0891  0.1187  0.1781  0.2375  0.3117  0.3414  0.4357  0.5003  0.5798  0.6401  0.7301  0.8306  0.9416  1.0526  1.1837  1.2502  1.3062  1.2722  1.2128  1.1133  1.0285  1.0137  1.0644  1.0347  0.9797  0.8792 
1.1679  1.1196  0.7239  0.3089  0.0869  0.0193  0.0000  0.0000  0.0000  0.0000  0.0000  0.0000  0.0000  0.0000  0.0000  0.0000  0.0000  0.0000  0.0000  0.0000  0.0148  0.0148  0.0297  0.0594  0.0891  0.1039  0.1484  0.2078  0.2375  0.3117  0.3615  0.4558  0.5204  0.5807  0.6707  0.7712  0.8822  0.9784  1.1095  1.2057  1.2320  1.2425  1.1831  1.0434  0.8878  0.9385  1.0094  1.0347  1.0199  0.9395 
1.1968  1.1196  0.7239  0.3089  0.0869  0.0193  0.0000  0.0000  0.0000  0.0000  0.0000  0.0000  0.0000  0.0000  0.0000  0.0000  0.0000  0.0000  0.0000  0.0000  0.0148  0.0148  0.0297  0.0445  0.0742  0.0891  0.1187  0.1781  0.2078  0.2672  0.3318  0.3816  0.4462  0.5065  0.5965  0.6970  0.8080  0.9487  1.0650  1.1315  1.2023  1.2128  1.1535  1.0285  0.9534  0.9840  1.0347  1.0199  0.9797  0.8792 
0.9459  0.7239  0.5019  0.1737  0.0869  0.0193  0.0000  0.0000  0.0000  0.0000  0.0000  0.0000  0.0000  0.0000  0.0000  0.0000  0.0000  0.0000  0.0000  0.0000  0.0148  0.0148  0.0148  0.0297  0.0594  0.0742  0.1039  0.1187  0.1781  0.2078  0.2576  0.3074  0.3720  0.4620  0.5223  0.6228  0.7338  0.8745  0.9908  1.1018  1.1324  1.1535  1.1238  1.0941  1.0390  1.0496  1.0347  1.0199  0.9797  0.8643 
0.5019  0.3089  0.1737  0.0869  0.0386  0.0097  0.0000  0.0000  0.0000  0.0000  0.0000  0.0000  0.0000  0.0000  0.0000  0.0000  0.0000  0.0000  0.0000  0.0000  0.0000  0.0148  0.0148  0.0297  0.0297  0.0594  0.0742  0.1039  0.1187  0.1484  0.2279  0.2279  0.2777  0.3476  0.4079  0.4883  0.5792  0.7199  0.8510  0.9821  1.0127  1.0836  1.0941  1.0792  1.0496  1.0347  1.0199  0.9797  0.9395  0.8040 
0.1737  0.0869  0.0869  0.0386  0.0097  0.0000  0.0000  0.0000  0.0000  0.0000  0.0000  0.0000  0.0000  0.0000  0.0000  0.0000  0.0000  0.0000  0.0000  0.0000  0.0000  0.0000  0.0148  0.0148  0.0297  0.0445  0.0594  0.0742  0.1039  0.1187  0.1685  0.1982  0.2183  0.2882  0.3485  0.3887  0.4595  0.6002  0.7112  0.8424  0.9079  0.9534  1.0390  1.0094  1.0347  0.9945  0.9797  0.9395  0.8040  0.7236 
0.0386  0.0193  0.0193  0.0097  0.0000  0.0000  0.0000  0.0000  0.0000  0.0000  0.0000  0.0000  0.0000  0.0000  0.0000  0.0000  0.0000  0.0000  0.0000  0.0000  0.0000  0.0000  0.0148  0.0148  0.0148  0.0297  0.0445  0.0594  0.0742  0.0891  0.1039  0.1388  0.1589  0.2087  0.2690  0.3293  0.3398  0.4604  0.5863  0.6667  0.8127  0.8782  0.9089  0.8940  0.9543  0.8792  0.8792  0.8040  0.7236  0.5628 
