#Value Function.
29.80   32.06   33.54   35.88   37.37   37.92   40.41   45.00   49.88   50.07   50.00   46.16   42.89   40.74   38.01   35.82   34.17   34.84   35.46   36.29   36.15   36.36   36.91   39.43   42.07   44.82   47.82   50.56   52.47   52.60   52.68   52.60   52.47   50.62   48.25   45.90   43.35   42.87   42.78   42.68   41.30   40.24   40.03   39.92   39.36   37.62   35.65   33.75   32.04   30.96  
29.99   31.74   34.36   35.65   38.45   39.99   40.16   42.88   48.04   53.93   49.22   45.60   43.58   40.51   38.15   36.49   34.60   35.05   37.39   37.78   38.87   38.47   36.28   39.47   42.06   44.89   47.81   51.08   54.08   56.23   56.08   56.23   54.10   51.48   49.06   45.96   45.68   45.61   45.73   44.05   42.82   42.69   42.64   42.18   40.19   38.05   36.01   34.12   32.96   32.57  
30.38   31.89   34.70   38.06   39.57   40.99   42.87   44.08   49.15   53.33   49.12   46.82   42.24   39.70   39.96   36.32   37.08   36.54   37.50   37.85   41.03   37.81   36.67   39.47   42.10   44.85   47.89   50.96   54.55   57.81   60.30   57.79   54.87   52.45   49.00   46.05   46.46   49.06   46.95   45.51   45.52   45.51   45.23   42.90   40.59   38.41   36.32   35.05   34.72   34.64  
31.81   32.29   35.22   38.44   40.69   42.21   43.67   45.91   49.66   52.25   50.54   46.89   44.27   41.34   38.88   38.22   38.68   37.46   37.43   38.23   39.29   38.21   37.03   39.48   42.10   44.91   47.82   51.11   54.29   58.26   61.97   58.44   56.12   52.21   49.13   45.96   45.95   47.97   46.70   48.55   48.53   48.55   45.78   43.29   40.99   38.65   37.26   37.00   36.96   36.94  
31.98   34.15   35.78   38.65   41.01   43.52   45.03   46.60   51.07   52.55   50.09   47.29   44.05   41.47   39.00   39.33   40.96   40.36   39.92   38.96   37.75   36.82   37.11   39.48   42.11   44.89   47.90   50.97   54.55   57.80   62.38   60.37   55.08   52.37   48.98   46.27   45.15   46.75   46.13   48.81   52.22   48.81   46.16   43.77   41.12   39.59   39.43   39.42   39.41   39.40  
34.05   33.48   35.68   38.59   41.26   43.73   46.58   48.06   51.17   50.42   49.14   46.90   44.27   41.34   40.84   41.34   42.25   42.86   41.58   40.38   38.14   36.04   37.45   39.54   42.10   44.92   47.87   51.11   54.30   57.57   61.27   60.00   54.92   51.63   49.89   47.64   45.78   44.08   46.61   49.20   53.06   49.20   46.76   43.73   42.04   42.03   42.05   42.03   42.05   42.02  
36.30   36.41   37.71   38.67   41.13   44.06   46.60   50.40   51.49   49.05   47.33   45.97   43.91   41.45   42.05   43.70   44.55   44.46   43.24   40.67   38.42   36.25   38.55   39.84   42.14   44.90   47.91   51.04   54.46   57.93   61.69   56.96   55.34   51.71   50.04   48.47   45.09   43.91   46.51   49.80   52.52   50.00   46.52   44.45   44.76   44.84   44.83   44.85   44.83   44.83  
36.30   39.07   36.99   38.59   41.27   43.82   47.09   49.45   51.69   49.02   46.13   44.42   43.02   41.11   42.99   44.87   48.45   46.83   43.34   41.01   38.52   36.36   38.66   41.28   42.33   44.92   47.87   51.07   54.42   58.10   61.85   58.32   55.55   52.21   51.51   47.84   45.65   44.48   46.79   49.53   53.44   48.88   46.73   46.41   47.50   47.76   47.84   47.80   47.84   47.78  
36.39   37.27   37.22   38.67   41.13   44.04   46.34   48.48   51.19   48.25   46.05   43.37   41.69   40.99   43.38   45.93   46.97   46.07   43.77   41.09   38.54   36.31   38.81   41.20   44.29   44.89   47.88   51.04   54.47   58.02   62.09   59.87   56.16   52.25   51.68   48.70   46.40   45.42   47.40   49.87   52.52   49.66   47.00   47.82   49.58   50.78   50.95   51.03   50.96   51.02  
35.31   37.56   36.04   38.56   41.21   43.42   45.48   47.77   49.49   49.26   45.90   43.19   40.76   41.06   43.76   46.25   49.47   46.36   43.83   41.09   38.56   36.56   38.67   41.44   43.80   47.65   47.38   51.07   54.41   58.01   60.89   60.01   56.21   52.31   51.79   49.50   47.10   47.00   48.36   50.51   52.59   50.04   48.09   48.62   51.09   52.96   54.31   54.33   54.45   54.30  
35.32   37.68   36.60   38.52   40.68   42.64   44.72   46.42   48.20   48.99   45.42   43.00   40.50   41.07   43.80   46.71   50.25   46.80   43.82   41.12   38.56   37.60   38.89   41.08   43.53   46.14   47.01   51.02   54.31   57.18   61.42   60.16   56.25   51.70   53.30   50.23   47.78   48.65   50.14   51.47   54.26   51.24   49.69   49.72   51.81   54.60   56.56   58.11   57.89   58.07  
37.66   37.35   37.45   38.11   39.98   41.88   43.51   45.09   45.96   47.30   45.66   42.65   40.30   41.07   43.80   46.70   46.70   46.71   43.87   41.10   38.74   39.18   40.05   41.36   43.19   46.76   47.49   50.88   53.72   57.46   60.84   59.12   56.26   52.05   53.41   51.14   47.29   49.28   52.04   53.48   54.83   53.21   49.97   51.25   52.98   55.17   58.39   60.37   62.24   60.12  
38.61   40.45   38.54   37.47   39.22   40.77   42.20   43.13   44.36   47.04   44.33   42.66   40.03   41.04   43.49   43.79   43.80   43.80   43.50   41.09   40.51   40.85   41.79   42.66   44.07   46.11   47.63   50.42   53.60   55.38   59.84   57.83   55.38   52.55   53.13   49.60   47.70   49.76   52.56   55.72   57.07   53.09   51.44   52.64   54.70   56.45   58.72   62.49   64.44   59.92  
39.68   41.15   39.27   38.19   38.20   39.51   40.48   41.72   44.00   46.61   43.99   41.64   39.89   40.55   41.06   41.28   42.12   42.52   42.96   42.97   43.07   43.18   43.49   44.60   44.94   45.02   47.29   50.17   52.12   55.54   58.92   55.10   54.03   50.71   51.95   50.81   47.45   49.69   53.15   56.36   55.93   53.35   53.66   54.85   56.02   58.42   60.13   62.88   62.47   60.15  
40.28   42.42   40.93   38.26   37.01   37.99   39.23   41.42   43.59   46.27   43.60   41.42   39.41   40.70   41.84   43.22   44.01   45.00   45.33   45.88   45.80   45.94   46.02   46.27   46.76   45.51   47.35   49.90   53.74   55.40   57.77   53.94   51.51   52.52   52.52   49.60   48.84   49.96   52.93   56.84   55.91   53.99   55.59   57.29   58.50   59.57   62.45   63.11   62.61   60.93  
40.06   43.08   40.75   38.54   36.21   36.88   38.91   41.52   44.24   46.14   44.26   41.38   40.65   42.05   43.44   44.60   46.20   46.91   48.10   48.30   49.04   48.80   48.93   49.06   49.32   47.86   47.48   49.42   51.93   54.06   56.14   53.28   52.29   54.15   52.49   52.06   51.46   51.29   53.14   55.71   57.83   55.10   57.39   59.30   61.18   62.41   63.27   67.04   65.37   60.78  
40.14   41.11   41.17   38.47   37.28   36.53   38.93   41.49   44.29   47.54   44.10   41.47   41.90   43.36   44.85   46.38   47.50   49.42   49.94   51.46   51.40   52.46   50.81   51.49   53.20   51.74   46.04   47.81   49.45   53.13   54.45   54.52   55.84   55.70   55.52   55.09   52.76   53.23   54.65   56.52   58.26   57.70   58.57   61.31   63.25   65.35   66.61   67.76   63.26   61.00  
38.73   41.38   39.80   39.97   37.18   36.50   38.91   41.48   43.84   47.67   43.44   41.34   42.81   44.75   46.25   47.85   49.53   50.55   52.94   53.08   55.15   53.66   56.76   55.39   57.02   49.14   45.10   44.55   47.25   53.56   56.58   57.24   59.37   59.20   59.05   56.24   54.10   56.18   56.64   58.25   60.68   59.64   61.71   62.18   65.56   67.42   69.89   64.90   63.21   59.47  
38.73   40.92   39.68   39.04   37.34   36.48   38.86   41.19   44.21   46.97   44.11   42.03   43.78   45.65   47.81   49.31   51.03   52.93   53.70   56.83   56.09   59.96   57.85   53.80   48.91   51.00   44.30   39.28   41.80   47.38   58.74   61.09   63.07   63.37   60.08   56.44   54.07   58.12   59.39   59.65   61.29   61.47   62.56   66.21   65.82   70.25   65.51   65.01   61.12   59.06  
38.40   41.02   38.47   37.27   36.49   36.42   38.66   41.38   43.81   44.61   45.24   43.19   44.55   46.73   48.66   51.10   52.55   54.42   56.63   56.90   61.67   61.73   56.54   52.39   49.30   45.45   45.19   36.72   30.84   30.08   50.34   65.08   68.11   64.15   60.20   56.45   54.23   56.56   58.84   61.89   63.64   63.74   64.73   66.48   71.25   65.83   65.36   61.80   60.64   57.43  
38.16   38.34   39.69   37.26   37.23   37.26   38.73   40.90   41.83   42.60   44.63   44.02   45.28   47.52   49.89   51.82   54.67   55.96   58.01   61.05   61.39   57.52   54.93   51.53   49.06   45.70   40.87   41.67   30.32   36.36   57.46   73.71   68.44   64.20   60.20   56.46   54.94   57.91   59.22   63.08   66.18   66.14   66.62   69.11   66.34   66.19   62.16   61.00   58.15   56.64  
36.12   37.84   37.71   39.70   39.74   39.68   39.38   39.21   40.11   42.30   45.60   43.68   45.64   48.36   50.67   53.29   55.14   58.58   60.97   58.02   56.50   56.11   52.39   51.23   47.72   43.89   43.17   45.77   49.40   54.59   72.09   68.15   68.47   64.19   60.21   56.45   54.39   58.11   60.88   64.55   66.53   69.02   66.50   64.37   64.47   62.43   61.68   58.53   57.04   54.62  
35.40   36.50   41.92   42.40   42.33   42.21   40.22   38.65   39.72   42.37   42.44   42.97   45.74   48.89   51.63   54.00   56.97   58.56   56.69   56.81   54.96   51.76   52.11   49.16   45.96   45.01   47.77   49.28   51.46   60.98   68.75   67.31   64.30   63.76   60.15   56.45   54.32   56.61   60.15   63.82   68.46   62.50   63.97   62.30   60.58   61.56   59.06   57.63   55.02   53.38  
37.65   37.14   44.93   45.11   45.32   42.84   41.31   39.01   39.46   39.86   40.51   42.91   45.85   48.75   52.24   55.12   57.52   55.55   54.79   53.34   53.09   51.36   48.80   47.84   47.73   48.30   50.55   51.21   54.63   58.62   62.07   64.06   62.90   60.52   59.49   56.34   54.11   55.26   57.44   64.79   56.57   64.45   60.08   61.14   58.25   57.14   59.57   56.95   55.00   52.07  
39.14   40.39   44.39   48.77   45.54   44.20   41.52   39.84   38.75   38.16   40.27   42.97   45.75   48.93   51.93   55.84   54.05   53.73   52.18   51.31   50.58   51.83   49.80   50.85   52.34   49.56   50.19   52.93   54.55   56.28   58.34   59.45   59.88   58.83   56.86   55.57   55.19   57.02   57.42   53.62   49.62   48.22   58.26   57.40   56.33   59.87   56.52   58.88   55.56   52.57  
40.69   41.74   43.42   47.20   47.38   44.17   42.42   41.28   40.60   39.75   40.28   42.91   45.84   48.72   51.90   51.92   52.12   50.80   50.26   51.01   53.94   53.76   55.87   54.58   51.48   50.56   50.72   51.20   52.89   54.62   55.66   56.07   55.83   56.01   55.05   55.62   58.63   58.59   53.58   56.00   52.58   53.06   53.01   56.53   54.40   57.28   60.58   56.47   56.05   53.30  
41.91   43.47   47.01   51.82   46.35   45.18   43.96   43.33   42.45   41.15   40.25   42.96   45.66   48.33   48.70   48.84   48.72   49.89   50.76   53.67   54.07   58.06   56.05   50.99   50.82   48.44   48.14   49.77   53.21   52.21   52.52   52.40   52.54   52.91   56.09   57.70   60.51   65.49   63.97   74.02   64.71   59.42   57.43   54.25   54.68   55.81   55.99   59.93   56.74   54.93  
43.59   44.65   48.92   50.78   48.21   46.79   46.25   45.34   43.92   42.37   40.70   42.76   45.07   45.65   45.91   47.03   48.81   50.30   53.49   53.80   57.67   56.37   52.45   51.56   48.25   47.63   49.11   50.71   52.92   51.26   51.32   51.38   51.61   53.21   56.43   60.08   64.14   65.25   70.77   68.02   66.31   61.40   57.96   54.25   52.27   54.42   54.99   55.01   58.90   54.74  
46.02   46.42   48.95   51.78   49.77   49.37   48.44   46.87   45.21   43.44   41.50   42.81   44.42   45.86   47.39   48.93   50.07   52.13   53.39   57.53   57.06   55.38   51.95   49.39   48.11   49.26   50.81   52.37   54.11   54.65   54.76   54.73   54.77   54.85   56.56   60.17   64.04   68.87   66.51   64.26   64.38   61.89   57.81   54.48   52.00   51.14   54.28   53.66   54.62   54.70  
49.04   49.04   51.93   54.87   52.76   51.76   50.01   48.24   46.38   44.18   42.81   44.03   45.66   47.41   48.90   50.55   52.25   53.26   55.74   57.18   55.95   53.41   51.72   48.76   47.77   50.68   52.59   54.19   55.84   57.90   58.32   58.42   58.35   58.41   58.26   60.08   64.20   65.76   66.05   63.20   62.31   61.58   57.99   55.56   52.20   50.49   50.37   53.28   51.28   51.21  
51.32   52.46   54.34   58.22   55.34   53.35   51.46   49.53   47.17   44.55   44.43   45.65   46.91   48.71   50.61   52.13   53.92   55.83   58.24   57.66   53.39   52.30   50.14   48.36   48.14   50.93   54.23   56.13   57.80   59.51   62.01   62.21   62.33   62.17   61.74   59.90   61.49   61.57   60.78   59.36   59.96   60.20   59.45   55.48   53.62   51.35   49.60   49.54   49.70   48.23  
53.53   54.76   58.62   60.22   56.95   54.89   52.89   50.36   47.53   44.74   45.81   47.43   48.68   49.96   51.95   54.04   55.56   58.98   58.57   54.70   53.68   50.34   48.95   47.09   49.18   51.25   54.29   58.08   59.88   61.65   63.37   66.51   66.30   66.16   63.24   60.92   59.49   57.86   59.71   59.01   57.03   57.21   58.30   57.26   54.79   52.26   50.66   48.95   47.25   46.50  
56.64   56.99   60.85   62.01   58.59   56.50   53.77   50.73   47.55   46.07   47.53   48.82   50.66   51.91   53.19   55.42   58.56   55.32   55.02   54.51   51.53   50.11   47.36   48.68   50.15   52.48   54.54   57.84   62.27   63.83   67.92   70.63   71.00   67.40   64.84   63.52   61.53   58.40   57.37   58.86   57.56   54.86   55.14   58.48   55.61   54.06   52.23   50.30   49.32   46.90  
59.35   60.52   64.17   62.89   60.40   57.41   54.14   50.70   47.60   47.10   49.22   50.72   51.98   54.14   55.37   58.36   57.32   54.11   53.17   51.71   50.86   48.44   49.41   50.44   51.92   53.43   55.57   57.40   61.52   66.89   67.98   76.34   71.77   68.97   67.82   65.83   62.15   60.04   56.81   56.35   58.48   56.18   54.41   54.14   57.73   55.76   53.48   52.82   50.14   46.90  
62.46   63.26   64.41   65.22   61.28   57.80   54.04   50.77   47.56   47.86   50.26   52.59   54.12   55.37   60.38   58.22   55.14   52.68   50.85   49.81   48.54   47.86   49.47   53.01   52.74   55.90   54.55   57.89   57.73   53.22   55.39   76.15   73.30   72.42   70.52   66.04   64.24   60.47   58.17   55.28   55.34   57.27   53.35   53.73   53.94   57.04   56.63   53.59   50.01   47.01  
63.49   66.97   65.52   65.98   61.72   57.58   54.17   50.70   47.60   48.21   51.10   53.62   56.24   60.79   59.62   55.43   54.31   51.72   49.45   47.76   47.73   48.97   51.12   51.85   55.34   54.82   55.30   56.03   57.77   49.81   58.00   75.59   77.36   75.68   70.01   68.85   64.29   62.17   58.83   57.16   54.93   53.41   53.26   50.84   53.27   54.53   57.28   53.27   50.19   46.91  
63.14   67.88   64.75   66.10   61.33   57.81   54.04   50.77   47.56   48.66   51.39   54.58   57.61   59.98   60.81   56.13   52.60   50.83   48.50   47.24   48.41   51.09   52.08   54.77   53.55   54.22   55.06   58.91   56.31   61.98   68.62   72.65   79.29   73.34   74.43   68.14   66.55   62.49   61.07   58.52   56.78   54.34   52.42   50.16   51.24   53.37   53.24   53.23   49.97   47.01  
63.32   65.36   63.84   65.82   60.78   57.49   54.16   50.70   47.60   48.39   52.00   54.77   57.08   58.15   62.07   55.68   53.73   50.36   47.71   48.82   50.44   51.42   54.79   55.64   55.57   56.40   56.68   55.53   59.26   64.09   68.00   71.57   74.39   79.11   73.13   71.48   66.26   65.34   62.28   60.70   57.88   56.00   53.34   52.31   50.63   49.95   50.02   49.93   49.57   46.81  
61.48   65.27   62.22   64.34   60.96   57.07   53.89   50.75   47.55   48.64   51.26   53.24   55.42   58.00   60.80   57.71   53.68   50.56   48.15   49.56   52.19   53.89   54.51   57.40   55.54   54.77   53.23   55.99   59.96   63.69   67.02   69.77   72.92   73.68   75.13   71.65   69.84   66.29   64.96   61.59   59.90   56.64   55.88   54.10   51.63   49.85   48.24   47.03   46.80   46.21  
61.14   64.56   62.70   61.83   60.03   57.06   53.56   50.52   47.56   48.13   51.28   55.12   53.95   56.91   59.94   56.88   53.98   50.39   48.39   51.57   52.67   55.86   58.13   56.60   53.14   52.04   52.59   56.17   59.65   62.76   65.42   68.12   69.09   70.34   70.04   71.73   70.74   68.44   65.81   64.37   60.03   59.75   57.83   54.99   53.15   51.50   49.54   47.37   44.78   43.90  
61.20   64.90   65.62   62.80   58.58   56.22   53.42   50.24   47.37   48.06   51.20   54.63   52.79   55.71   57.94   55.71   53.28   50.52   49.86   51.40   55.37   56.29   57.09   53.19   52.72   50.02   52.62   55.86   58.78   61.31   63.69   64.79   65.81   65.86   67.05   66.90   68.63   68.01   65.18   65.51   63.95   61.85   58.52   56.67   54.98   52.88   50.60   47.77   45.12   42.95  
60.93   65.38   68.04   61.55   59.13   55.46   52.72   50.04   47.12   47.90   50.12   54.14   51.97   54.32   57.48   54.34   52.21   49.91   49.94   53.42   54.23   53.44   53.10   53.07   50.16   49.38   52.32   55.05   57.44   59.57   60.73   61.62   61.85   62.75   62.90   64.14   64.07   65.90   65.36   66.30   66.28   62.21   60.42   58.71   56.43   54.08   50.95   48.08   45.83   43.66  
61.07   63.65   67.07   63.46   59.11   55.66   52.10   49.43   46.88   47.11   50.30   50.38   50.96   53.51   53.44   53.52   51.00   49.08   52.57   52.28   50.63   50.74   50.14   49.82   49.46   49.01   51.56   53.80   55.74   56.90   57.71   58.05   58.77   59.07   60.02   60.24   61.58   61.54   63.09   64.23   65.14   65.25   62.74   60.20   57.82   54.34   51.21   48.89   46.56   44.60  
59.88   64.16   66.83   62.92   59.41   55.49   52.17   48.93   46.36   46.84   47.31   47.95   49.90   50.12   50.17   50.12   49.07   50.87   51.71   49.50   48.89   47.63   47.51   47.03   46.70   48.29   50.39   52.17   53.30   54.06   54.46   55.06   55.44   56.21   56.58   57.61   57.85   59.10   60.15   60.60   62.07   63.12   64.64   61.85   57.95   54.51   52.18   49.62   47.66   45.05  
60.06   63.56   64.54   62.43   59.00   55.65   52.07   48.91   45.93   44.39   45.07   46.60   46.98   47.04   47.03   46.96   49.48   50.47   48.30   48.23   46.54   45.78   44.76   44.52   45.31   47.19   48.83   49.93   50.65   51.08   51.60   52.02   52.66   53.11   53.94   54.34   55.38   56.34   56.92   58.14   59.08   60.13   61.14   61.79   57.99   55.72   52.83   50.95   48.11   45.12  
59.54   62.69   64.24   60.69   58.41   55.30   52.13   48.84   45.87   43.20   43.57   44.02   44.15   44.62   47.00   48.09   49.28   47.04   47.06   45.47   45.06   43.70   42.90   42.58   44.20   45.71   46.76   47.46   47.90   48.37   48.79   49.36   49.82   50.53   51.01   51.91   52.79   53.42   54.48   55.40   56.37   57.31   58.27   61.56   59.56   56.20   54.50   51.37   48.15   45.15  
58.86   62.80   63.15   60.13   57.01   54.68   51.82   48.85   45.81   43.02   41.27   41.63   43.71   46.96   46.98   48.15   46.00   45.94   44.30   43.97   42.72   42.15   41.01   41.41   42.79   43.80   44.46   44.91   45.34   45.75   46.26   46.73   47.35   47.86   48.66   49.47   50.12   51.06   51.94   52.84   53.75   54.83   57.38   57.94   59.67   58.36   54.83   51.34   48.18   45.13  
58.81   62.21   61.18   59.11   56.35   53.52   51.21   48.56   45.78   42.96   40.44   41.07   43.81   45.20   48.22   44.94   44.89   43.31   42.92   41.65   41.14   40.11   39.46   40.07   41.02   41.66   42.09   42.50   42.90   43.37   43.82   44.38   44.90   45.61   46.36   47.02   47.86   48.69   49.54   50.42   51.52   53.60   54.43   55.86   57.14   58.50   54.74   51.39   48.15   45.15  
57.91   57.87   58.18   57.24   55.33   52.81   50.23   47.98   45.50   42.90   40.30   40.97   42.82   45.39   45.85   44.91   42.42   41.95   40.70   40.15   39.11   38.51   37.63   38.41   39.03   39.46   39.84   40.22   40.65   41.09   41.60   42.11   42.76   43.45   44.09   44.86   45.65   46.45   47.30   48.38   50.12   51.08   52.35   53.56   54.66   54.40   54.41   51.30   48.17   45.13  
54.27   54.49   54.31   54.42   53.54   51.78   49.47   47.10   44.94   42.62   40.19   40.17   42.30   42.88   42.64   42.83   41.90   39.94   39.25   38.20   37.58   36.68   36.06   36.55   36.97   37.34   37.70   38.10   38.51   38.99   39.47   40.07   40.71   41.33   42.04   42.78   43.54   44.35   45.40   46.89   47.90   49.05   50.17   51.10   51.04   51.19   51.01   50.67   48.02   45.12  
