#Value Function.
0.00    0.00    0.00    0.01    0.05    0.50    0.63    0.32    0.09    0.33    2.59    6.22    10.02   13.36   15.72   16.42   16.05   14.49   12.25   9.68    7.37    7.13    10.24   14.03   17.90   21.74   25.60   29.38   32.91   35.43   35.77   34.61   33.33   32.95   34.69   33.45   29.55   26.87   23.64   20.87   18.07   15.38   12.59   9.89    7.30    4.84    2.69    0.90    0.09    0.01   
0.00    0.00    0.02    0.15    1.32    2.27    2.42    2.00    1.51    1.68    4.07    7.84    11.43   14.32   16.46   17.18   16.93   15.88   14.15   11.73   9.19    8.83    12.61   16.79   20.96   25.06   29.21   33.27   37.09   39.85   40.04   38.49   36.63   35.09   34.03   33.89   32.11   28.57   25.77   22.78   20.09   17.30   14.58   11.90   9.30    6.84    4.53    2.52    0.92    0.16   
0.00    0.02    0.15    1.25    3.13    4.24    4.37    3.84    3.19    3.10    5.48    8.98    12.05   14.38   16.49   17.24   17.29   16.47   15.25   13.36   11.03   10.56   15.14   19.71   24.15   28.59   32.89   37.30   41.38   44.34   44.32   42.45   40.32   38.23   35.68   32.92   32.22   30.37   27.30   24.53   21.74   19.07   16.38   13.72   11.16   8.71    6.39    4.24    2.37    0.92   
0.01    0.07    0.50    2.92    5.15    6.38    6.47    5.83    5.02    4.61    6.47    9.44    11.81   14.11   15.89   16.65   16.78   16.55   15.58   14.32   12.50   12.30   17.20   22.44   27.28   31.97   36.64   41.12   45.57   48.64   48.40   46.35   44.13   41.43   38.51   35.39   31.94   30.45   28.61   25.82   23.17   20.50   17.93   15.38   12.86   10.44   8.14    5.97    3.97    2.23   
0.03    0.26    1.92    4.84    7.37    8.70    8.74    7.98    7.01    6.28    6.87    9.18    11.41   13.36   14.95   15.69   15.87   15.87   15.54   14.62   13.38   14.18   19.12   24.58   30.23   35.30   40.14   44.86   49.37   52.51   52.40   50.32   47.67   44.73   41.48   37.82   33.79   30.37   28.68   26.83   24.28   21.78   19.25   16.80   14.39   12.03   9.76    7.61    5.58    3.71   
0.09    0.59    3.56    6.94    9.77    11.22   11.20   10.28   9.18    8.23    7.43    8.79    10.67   12.48   13.91   14.62   14.84   14.92   14.88   14.52   13.67   15.99   21.10   26.49   32.45   38.51   43.72   48.58   53.05   56.18   56.00   53.82   51.17   47.99   44.21   39.91   35.67   31.85   28.73   26.94   25.10   22.77   20.41   18.03   15.72   13.46   11.25   9.13    7.11    5.21   
0.28    1.95    5.44    9.20    12.31   13.89   13.78   12.73   11.51   10.45   9.29    8.56    10.04   11.62   12.89   13.57   13.81   13.94   14.00   13.93   13.56   17.82   22.91   28.49   34.43   40.74   47.14   52.16   56.68   60.18   59.74   57.63   54.73   51.01   46.50   41.71   37.54   33.55   29.96   27.09   25.27   23.48   21.32   19.10   16.88   14.71   12.59   10.52   8.53    6.64   
0.58    3.51    7.42    11.52   14.84   16.56   16.31   15.21   13.87   12.74   11.42   9.92    9.70    10.87   11.95   12.58   12.83   12.96   13.07   13.16   14.82   19.55   24.77   30.36   36.34   42.90   49.51   56.24   60.86   64.70   63.87   61.50   58.04   53.51   48.12   43.68   39.24   35.25   31.51   28.16   25.50   23.69   21.95   19.95   17.88   15.80   13.76   11.78   9.84    7.97   
1.58    5.23    9.49    13.63   16.95   18.83   18.74   17.68   16.09   14.84   13.43   11.82   10.12   10.35   11.11   11.66   11.91   12.05   12.21   12.68   16.41   21.29   26.52   32.15   38.29   44.64   51.85   58.73   65.78   70.07   68.70   65.38   60.98   55.05   50.22   45.28   41.00   36.84   33.07   29.56   26.45   23.98   22.20   20.53   18.66   16.73   14.78   12.88   11.01   9.19   
3.04    7.08    11.34   15.52   18.69   20.27   20.45   19.50   18.09   16.56   15.10   13.61   11.74   10.18   10.43   10.84   11.08   11.27   11.66   13.92   18.06   22.97   28.24   33.96   39.98   46.67   53.50   61.43   68.23   75.18   72.58   68.98   62.51   57.24   51.80   47.13   42.55   38.47   34.57   31.02   27.73   24.84   22.53   20.81   19.20   17.46   15.65   13.83   12.04   10.29  
4.77    8.96    13.33   17.10   19.63   21.06   21.29   20.75   19.56   18.13   16.60   15.15   13.39   11.34   9.99    10.12   10.38   10.81   13.02   16.34   19.75   24.69   29.97   35.61   41.81   48.32   55.73   63.06   71.41   76.80   75.99   70.06   64.96   58.90   53.80   48.76   44.27   40.00   36.10   32.44   29.09   26.01   23.32   21.16   19.50   17.96   16.33   14.64   12.94   11.26  
6.48    10.62   14.48   17.62   19.96   21.60   21.63   21.37   20.52   19.42   18.00   16.43   14.66   12.81   10.81   9.67    9.94    11.66   15.43   19.07   22.18   26.55   31.70   37.34   43.45   50.29   57.28   65.10   71.41   74.41   74.88   71.81   66.29   61.17   55.63   50.82   46.16   41.91   37.75   33.89   30.43   27.27   24.40   21.89   19.87   18.27   16.80   15.27   13.69   12.09  
7.98    11.62   14.79   17.53   19.78   21.26   21.48   20.93   20.67   19.91   18.82   17.32   15.66   13.89   12.06   10.31   10.12   13.75   18.00   21.80   24.88   28.38   33.47   39.07   45.26   51.81   58.88   64.77   68.03   69.91   70.61   70.40   67.47   62.63   57.98   53.09   48.71   44.35   39.91   35.53   31.83   28.54   25.57   22.88   20.55   18.65   17.12   15.72   14.28   12.80  
8.88    11.89   14.57   16.84   18.83   20.16   20.47   20.43   19.88   19.62   18.90   17.87   16.38   14.73   13.07   11.45   11.84   15.91   20.39   24.19   27.33   30.60   35.53   40.87   46.77   53.12   58.49   61.70   63.60   65.04   65.85   66.46   66.39   63.96   59.91   55.55   51.10   46.59   41.95   37.50   33.38   29.87   26.77   23.97   21.46   19.28   17.50   16.04   14.71   13.35  
9.16    11.68   13.86   15.80   17.59   18.80   19.18   19.29   19.19   18.76   18.44   17.76   16.74   15.36   13.84   12.40   13.58   18.01   22.27   25.98   29.23   32.82   37.22   42.28   47.84   52.68   55.77   57.65   59.12   60.47   61.43   62.33   63.19   63.40   61.31   57.56   53.31   48.65   44.01   39.47   35.21   31.34   28.02   25.10   22.47   20.12   18.09   16.41   15.03   13.75  
8.97    11.05   12.95   14.75   16.44   17.55   17.95   18.07   18.13   18.02   17.64   17.29   16.62   15.66   14.42   13.12   15.34   19.79   23.89   27.38   30.77   34.69   38.82   43.36   47.47   50.29   52.10   53.57   54.95   56.25   57.34   58.50   59.78   60.63   60.73   58.84   55.15   50.68   45.95   41.39   37.05   33.03   29.41   26.28   23.53   21.07   18.87   16.97   15.39   14.07  
8.43    10.34   12.16   13.92   15.55   16.58   17.00   17.11   17.75   19.65   20.09   19.05   16.94   15.66   14.70   13.65   16.99   21.27   24.94   28.70   32.31   35.90   39.44   42.78   45.24   46.92   48.41   49.78   51.08   52.30   53.45   54.78   56.35   57.68   58.27   58.20   55.99   52.13   47.80   43.21   38.85   34.75   30.98   27.60   24.65   22.06   19.75   17.69   15.91   14.43  
7.80    9.74    11.64   13.44   15.11   16.10   16.64   17.68   20.35   22.77   23.26   22.10   19.68   16.95   14.87   14.15   18.18   21.87   25.82   29.50   32.83   35.82   38.62   40.62   42.13   43.63   44.99   46.25   47.47   48.65   49.85   51.21   52.94   54.38   55.23   55.60   55.12   52.68   49.03   44.86   40.53   36.42   32.58   29.05   25.89   23.12   20.68   18.51   16.59   14.92  
7.27    9.27    11.32   13.25   15.23   16.27   17.32   19.67   22.91   25.43   26.02   24.74   22.15   19.18   16.10   15.09   18.72   22.48   26.07   29.38   32.18   34.55   36.34   37.88   39.20   40.56   41.79   42.97   44.11   45.26   46.47   47.89   49.52   50.97   51.94   52.39   52.50   51.76   49.35   45.94   42.03   37.99   34.14   30.54   27.24   24.28   21.68   19.39   17.35   15.54  
6.89    9.01    11.26   13.36   15.55   16.85   18.63   21.44   24.59   26.92   27.71   26.98   24.41   21.28   18.08   15.62   19.13   22.53   25.69   28.41   30.62   32.27   33.90   35.23   36.46   37.69   38.82   39.92   41.01   42.12   43.32   44.77   46.32   47.71   48.70   49.16   49.46   49.38   48.50   46.23   43.01   39.37   35.60   32.00   28.63   25.54   22.77   20.33   18.17   16.26  
6.65    8.94    11.30   13.80   16.00   17.42   19.71   22.71   25.54   27.89   28.53   28.21   26.42   23.26   20.03   17.02   19.15   22.11   24.66   26.79   28.51   30.02   31.51   32.75   33.88   35.00   36.06   37.10   38.14   39.23   40.47   41.91   43.44   44.83   45.78   46.25   46.58   46.70   46.47   45.43   43.29   40.26   36.86   33.36   29.99   26.84   23.95   21.35   19.06   17.03  
6.52    8.88    11.47   13.96   16.12   17.93   20.52   23.05   25.85   27.98   28.96   28.55   27.13   24.85   21.86   18.79   18.72   21.13   23.14   24.89   26.49   27.90   29.26   30.41   31.47   32.51   33.50   34.49   35.52   36.65   37.91   39.45   41.03   42.45   43.35   43.82   44.12   44.27   44.10   43.72   42.58   40.50   37.69   34.51   31.25   28.11   25.16   22.45   20.02   17.86  
6.44    8.92    11.43   13.64   15.77   18.16   20.36   22.87   24.96   26.87   28.12   27.87   27.08   25.44   23.22   20.46   17.95   19.72   21.47   23.10   24.58   25.90   27.15   28.23   29.22   30.19   31.13   32.09   33.14   34.33   35.63   37.34   39.10   40.57   41.43   41.88   42.01   42.11   41.96   41.66   41.08   39.88   37.89   35.26   32.31   29.28   26.34   23.58   21.04   18.76  
6.44    8.81    10.97   13.17   15.38   17.61   19.75   21.70   23.53   25.19   26.43   26.51   26.16   25.31   23.77   21.69   19.18   18.57   19.95   21.43   22.80   24.04   25.19   26.21   27.14   28.04   28.94   29.87   30.93   32.20   33.68   35.54   37.48   38.99   39.92   40.36   40.47   40.32   40.08   39.78   39.28   38.56   37.33   35.44   32.99   30.25   27.42   24.68   22.10   19.72  
6.30    8.38    10.47   12.59   14.67   16.73   18.51   20.29   21.94   23.41   24.54   24.81   24.86   24.49   23.68   22.24   20.30   18.19   18.65   19.92   21.16   22.31   23.38   24.32   25.19   26.04   26.92   27.87   28.98   30.36   32.06   34.13   36.14   37.69   38.60   39.03   39.15   39.01   38.56   38.05   37.53   36.91   36.13   34.93   33.14   30.87   28.31   25.68   23.12   20.70  
5.91    7.88    9.87    11.84   13.76   15.60   17.24   18.88   20.42   21.76   22.75   23.07   23.27   23.29   22.94   22.15   20.80   19.02   17.65   18.55   19.66   20.72   21.69   22.57   23.40   24.21   25.06   26.04   27.22   28.76   30.77   32.91   34.93   36.50   37.39   37.80   37.91   37.76   37.30   36.62   35.92   35.29   34.62   33.83   32.66   30.99   28.87   26.50   24.05   21.65  
5.43    7.32    9.17    11.00   12.79   14.50   16.06   17.57   18.98   20.20   21.10   21.47   21.68   21.85   21.84   21.50   20.75   19.49   17.90   17.43   18.29   19.26   20.15   20.98   21.74   22.51   23.39   24.38   25.65   27.38   29.59   31.71   33.72   35.25   36.18   36.57   36.65   36.44   35.99   35.41   34.57   33.80   33.11   32.45   31.67   30.55   28.98   27.01   24.81   22.51  
4.91    6.78    8.51    10.22   11.88   13.49   14.95   16.35   17.64   18.79   19.60   20.01   20.23   20.42   20.57   20.54   20.21   19.47   18.30   16.94   17.12   17.93   18.73   19.50   20.24   20.97   21.89   22.98   24.36   26.37   28.46   30.55   32.47   33.98   34.80   35.15   35.19   35.08   34.61   34.06   33.34   32.49   31.70   31.04   30.40   29.64   28.57   27.10   25.27   23.21  
4.41    6.26    7.90    9.49    11.06   12.55   13.91   15.23   16.43   17.50   18.28   18.71   18.93   19.14   19.30   19.42   19.38   19.03   18.32   17.23   16.19   16.74   17.44   18.14   18.84   19.60   20.54   21.73   23.22   25.33   27.33   29.30   31.12   32.50   33.19   33.50   33.68   33.58   33.19   32.67   32.02   31.27   30.47   29.72   29.09   28.47   27.73   26.72   25.34   23.63  
3.93    5.78    7.34    8.85    10.31   11.69   12.99   14.23   15.37   16.37   17.11   17.55   17.79   18.00   18.15   18.29   18.39   18.31   17.97   17.28   16.27   15.78   16.29   16.91   17.61   18.38   19.38   20.65   22.26   24.19   26.12   27.92   29.55   30.79   31.38   31.65   31.85   31.88   31.68   31.21   30.68   30.02   29.30   28.55   27.86   27.26   26.66   25.95   24.99   23.68  
3.48    5.33    6.85    8.27    9.65    10.97   12.20   13.36   14.45   15.38   16.09   16.52   16.80   17.05   17.20   17.33   17.44   17.48   17.38   17.01   16.33   15.45   15.34   15.82   16.46   17.27   18.31   19.64   21.19   23.02   24.84   26.54   27.92   28.98   29.46   29.68   29.90   30.00   29.96   29.74   29.26   28.75   28.12   27.45   26.76   26.11   25.54   24.97   24.28   23.36  
3.07    4.92    6.43    7.80    9.15    10.40   11.54   12.66   13.64   14.52   15.21   15.67   16.00   16.28   16.43   16.55   16.65   16.70   16.72   16.57   16.16   15.48   14.70   14.87   15.42   16.20   17.25   18.61   20.14   21.86   23.55   25.09   26.27   27.15   27.53   27.74   27.93   28.09   28.14   28.08   27.86   27.42   26.93   26.34   25.71   25.07   24.47   23.93   23.38   22.71  
2.75    4.58    6.07    7.44    8.81    10.03   11.09   12.09   13.03   13.84   14.51   15.00   15.37   15.69   15.85   15.97   16.05   16.06   16.06   16.05   15.81   15.37   14.70   14.11   14.50   15.21   16.23   17.52   19.06   20.63   22.19   23.53   24.58   25.32   25.64   25.85   26.04   26.19   26.33   26.38   26.30   26.08   25.68   25.22   24.67   24.09   23.49   22.93   22.41   21.88  
2.48    4.30    5.80    7.23    8.62    9.83    10.84   11.77   12.58   13.31   13.99   14.52   14.92   15.29   15.45   15.56   15.64   15.62   15.59   15.51   15.43   15.15   14.64   13.99   13.74   14.30   15.21   16.47   17.91   19.36   20.76   21.99   22.92   23.54   23.84   24.05   24.24   24.40   24.54   24.66   24.70   24.62   24.41   24.05   23.62   23.11   22.56   22.01   21.48   20.99  
2.30    4.08    5.63    7.14    8.53    9.71    10.68   11.53   12.22   12.93   13.60   14.20   14.64   14.98   15.21   15.33   15.39   15.36   15.30   15.19   15.00   14.85   14.49   13.96   13.33   13.50   14.27   15.41   16.73   18.06   19.33   20.46   21.29   21.84   22.13   22.34   22.53   22.71   22.86   22.99   23.10   23.13   23.06   22.85   22.52   22.11   21.64   21.13   20.62   20.12  
2.12    3.85    5.42    6.98    8.44    9.63    10.59   11.36   12.00   12.67   13.38   13.98   14.46   14.83   15.10   15.22   15.27   15.25   15.17   14.99   14.81   14.53   14.26   13.86   13.28   12.84   13.41   14.40   15.58   16.81   17.95   18.98   19.75   20.25   20.54   20.74   20.93   21.11   21.27   21.41   21.54   21.63   21.66   21.59   21.40   21.09   20.71   20.27   19.79   19.31  
1.98    3.65    5.23    6.79    8.31    9.49    10.43   11.19   11.77   12.48   13.23   13.90   14.41   14.81   15.08   15.20   15.25   15.24   15.12   14.99   14.71   14.41   14.03   13.70   13.23   12.64   12.68   13.48   14.52   15.62   16.68   17.59   18.30   18.77   19.05   19.25   19.43   19.61   19.78   19.93   20.06   20.18   20.26   20.28   20.21   20.03   19.74   19.39   18.98   18.53  
1.84    3.44    4.97    6.55    8.04    9.21    10.20   10.97   11.60   12.37   13.16   13.88   14.42   14.86   15.12   15.24   15.29   15.25   15.15   15.00   14.74   14.37   13.96   13.51   13.09   12.57   12.05   12.63   13.54   14.52   15.48   16.30   16.96   17.40   17.67   17.86   18.03   18.20   18.37   18.52   18.66   18.79   18.90   18.97   18.99   18.92   18.75   18.48   18.15   17.76  
1.72    3.26    4.74    6.27    7.72    8.91    9.93    10.74   11.47   12.29   13.15   13.92   14.50   14.93   15.20   15.32   15.36   15.33   15.22   15.03   14.82   14.47   14.00   13.49   12.98   12.47   11.93   11.92   12.63   13.50   14.37   15.11   15.71   16.13   16.39   16.57   16.73   16.89   17.05   17.20   17.35   17.48   17.60   17.70   17.76   17.77   17.70   17.55   17.30   16.98  
1.61    3.08    4.50    5.97    7.38    8.57    9.63    10.50   11.33   12.22   13.14   13.96   14.60   15.04   15.27   15.37   15.46   15.42   15.32   15.14   14.87   14.54   14.08   13.53   12.95   12.37   11.83   11.34   11.81   12.55   13.34   14.00   14.55   14.94   15.20   15.37   15.53   15.67   15.82   15.97   16.11   16.25   16.37   16.48   16.57   16.63   16.64   16.57   16.42   16.19  
1.51    2.91    4.28    5.68    7.04    8.24    9.33    10.26   11.18   12.15   13.13   14.02   14.75   15.25   15.48   15.57   15.65   15.57   15.44   15.24   14.96   14.59   14.15   13.60   12.98   12.35   11.75   11.20   11.10   11.69   12.39   12.97   13.48   13.85   14.09   14.26   14.40   14.54   14.68   14.81   14.95   15.08   15.21   15.33   15.43   15.51   15.57   15.57   15.51   15.36  
1.41    2.75    4.06    5.41    6.72    7.93    9.04    10.04   10.99   12.02   13.09   14.07   14.90   15.53   15.93   16.05   16.07   15.91   15.61   15.34   15.00   14.60   14.13   13.61   13.00   12.35   11.70   11.09   10.59   10.90   11.50   12.02   12.49   12.83   13.06   13.22   13.36   13.49   13.61   13.74   13.87   14.00   14.12   14.24   14.35   14.45   14.52   14.57   14.57   14.50  
1.33    2.58    3.83    5.13    6.40    7.58    8.72    9.77    10.81   11.91   13.00   14.16   15.27   16.11   16.96   17.26   16.98   16.40   16.03   15.52   15.06   14.64   14.14   13.60   13.00   12.36   11.70   11.05   10.46   10.23   10.69   11.14   11.56   11.88   12.10   12.26   12.39   12.51   12.63   12.74   12.86   12.98   13.10   13.22   13.33   13.43   13.52   13.59   13.64   13.63  
1.25    2.42    3.62    4.87    6.09    7.23    8.38    9.47    10.56   11.74   12.92   14.30   15.69   16.78   17.90   18.24   17.95   17.33   16.45   15.87   15.18   14.67   14.13   13.56   12.95   12.33   11.68   11.02   10.41   9.86    9.97    10.33   10.71   11.00   11.21   11.36   11.49   11.60   11.71   11.82   11.93   12.04   12.15   12.27   12.38   12.48   12.57   12.66   12.72   12.75  
1.18    2.28    3.42    4.60    5.79    6.91    8.01    9.13    10.26   11.45   12.77   14.30   15.96   17.44   18.68   19.01   18.88   18.32   17.33   16.19   15.45   14.67   14.10   13.50   12.88   12.28   11.66   11.00   10.35   9.78    9.34    9.59    9.92    10.19   10.39   10.53   10.65   10.75   10.85   10.96   11.06   11.16   11.27   11.37   11.48   11.58   11.68   11.77   11.84   11.90  
1.11    2.14    3.20    4.33    5.48    6.58    7.64    8.77    9.93    11.13   12.51   14.23   16.14   17.89   19.19   19.60   19.38   19.05   18.11   16.91   15.72   14.85   14.08   13.42   12.80   12.20   11.58   10.97   10.33   9.73    9.18    8.95    9.19    9.43    9.62    9.75    9.87    9.96    10.06   10.16   10.25   10.35   10.45   10.54   10.64   10.74   10.84   10.93   11.01   11.08  
1.02    2.01    3.01    4.07    5.17    6.24    7.27    8.37    9.52    10.76   12.16   13.92   15.98   17.78   19.19   19.78   19.66   19.09   18.50   17.44   16.23   15.07   14.14   13.38   12.71   12.10   11.48   10.88   10.30   9.70    9.12    8.63    8.55    8.74    8.91    9.04    9.14    9.23    9.32    9.41    9.50    9.59    9.68    9.77    9.87    9.96    10.05   10.14   10.22   10.30  
0.95    1.89    2.82    3.81    4.85    5.87    6.90    7.95    9.08    10.31   11.71   13.46   15.44   17.32   18.68   19.40   19.36   19.04   18.39   17.69   16.60   15.42   14.32   13.40   12.65   11.97   11.39   10.79   10.22   9.65    9.09    8.55    8.12    8.11    8.25    8.37    8.46    8.55    8.64    8.72    8.80    8.89    8.97    9.06    9.14    9.23    9.31    9.40    9.48    9.56   
0.88    1.76    2.65    3.57    4.55    5.51    6.49    7.53    8.61    9.80    11.16   12.86   14.75   16.52   17.83   18.59   18.66   18.51   18.15   17.51   16.74   15.72   14.58   13.54   12.65   11.92   11.26   10.69   10.11   9.57    9.04    8.52    8.02    7.65    7.65    7.75    7.84    7.92    8.00    8.08    8.15    8.23    8.31    8.39    8.47    8.55    8.63    8.71    8.79    8.87   
0.81    1.63    2.46    3.34    4.25    5.17    6.09    7.08    8.15    9.29    10.59   12.17   13.93   15.56   16.82   17.56   17.70   17.71   17.54   17.16   16.54   15.79   14.81   13.74   12.75   11.89   11.19   10.58   10.01   9.47    8.97    8.46    7.98    7.52    7.20    7.18    7.25    7.33    7.40    7.47    7.55    7.62    7.69    7.76    7.84    7.91    7.99    8.07    8.14    8.22   
