#Value Function.
0.00    0.00    0.00    0.00    0.00    0.00    0.00    0.00    0.00    0.00    0.00    0.00    0.00    0.00    0.00    0.00    0.00    0.00    0.00    0.00    0.00    0.00    0.00    0.00    0.01    0.10    0.52    0.92    1.24    1.46    1.55    1.53    1.43    1.31    1.20    1.17    1.26    1.44    1.66    1.77    1.66    1.32    0.85    0.36    0.04    0.00    0.00    0.00    0.00    0.00   
0.00    0.00    0.00    0.00    0.00    0.00    0.00    0.00    0.00    0.00    0.00    0.00    0.00    0.00    0.00    0.00    0.00    0.00    0.00    0.00    0.00    0.00    0.00    0.02    0.15    0.65    1.14    1.59    1.94    2.17    2.27    2.24    2.13    1.99    1.87    1.83    1.92    2.13    2.38    2.52    2.41    2.03    1.51    0.95    0.41    0.07    0.01    0.00    0.00    0.00   
0.00    0.00    0.00    0.00    0.00    0.00    0.00    0.00    0.00    0.00    0.00    0.00    0.00    0.00    0.00    0.00    0.00    0.00    0.00    0.00    0.00    0.00    0.02    0.14    0.70    1.28    1.83    2.31    2.69    2.95    3.05    3.01    2.88    2.72    2.59    2.54    2.64    2.88    3.17    3.34    3.22    2.79    2.22    1.61    1.00    0.45    0.10    0.02    0.00    0.00   
0.00    0.00    0.00    0.00    0.00    0.00    0.00    0.00    0.00    0.00    0.00    0.00    0.00    0.00    0.00    0.00    0.00    0.00    0.00    0.00    0.00    0.01    0.08    0.67    1.33    1.97    2.56    3.08    3.50    3.78    3.89    3.84    3.69    3.51    3.35    3.30    3.40    3.67    4.01    4.22    4.10    3.61    2.98    2.32    1.65    1.04    0.60    0.24    0.04    0.01   
0.00    0.00    0.00    0.00    0.00    0.00    0.00    0.00    0.00    0.00    0.00    0.00    0.00    0.00    0.00    0.00    0.00    0.00    0.00    0.00    0.01    0.07    0.56    1.29    2.02    2.71    3.35    3.92    4.37    4.68    4.79    4.73    4.57    4.36    4.18    4.11    4.22    4.53    4.91    5.17    5.04    4.48    3.80    3.09    2.35    1.69    1.22    0.82    0.40    0.07   
0.00    0.00    0.00    0.00    0.00    0.00    0.00    0.00    0.00    0.00    0.00    0.00    0.00    0.00    0.00    0.00    0.00    0.00    0.00    0.01    0.05    0.37    1.16    1.98    2.77    3.51    4.20    4.81    5.31    5.64    5.76    5.70    5.50    5.27    5.07    4.98    5.09    5.43    5.86    6.18    6.05    5.41    4.67    3.91    3.11    2.37    1.89    1.47    1.00    0.40   
0.00    0.00    0.00    0.00    0.00    0.00    0.00    0.00    0.00    0.00    0.00    0.00    0.00    0.00    0.00    0.00    0.00    0.00    0.00    0.02    0.13    0.92    1.83    2.72    3.57    4.38    5.12    5.78    6.33    6.69    6.81    6.73    6.51    6.25    6.01    5.90    6.01    6.37    6.84    7.23    7.10    6.38    5.59    4.75    3.89    3.10    2.61    2.18    1.69    0.99   
0.00    0.00    0.00    0.00    0.00    0.00    0.00    0.00    0.00    0.00    0.00    0.00    0.00    0.00    0.00    0.00    0.00    0.00    0.01    0.08    0.59    1.56    2.55    3.52    4.44    5.30    6.10    6.82    7.42    7.81    7.95    7.85    7.60    7.30    7.03    6.88    6.97    7.30    7.83    8.24    8.11    7.34    6.46    5.58    4.59    3.88    3.39    2.94    2.43    1.69   
0.00    0.00    0.00    0.00    0.00    0.00    0.00    0.00    0.00    0.00    0.00    0.00    0.00    0.00    0.00    0.00    0.00    0.00    0.03    0.18    1.16    2.26    3.34    4.37    5.37    6.30    7.16    7.94    8.59    9.03    9.17    9.05    8.77    8.43    8.11    7.90    7.93    8.22    8.74    9.12    9.00    8.21    7.34    6.30    5.32    4.71    4.23    3.76    3.24    2.50   
0.00    0.00    0.00    0.00    0.00    0.00    0.00    0.00    0.00    0.00    0.00    0.00    0.00    0.00    0.00    0.00    0.00    0.01    0.09    0.66    1.81    3.02    4.18    5.30    6.37    7.37    8.30    9.15    9.86    10.34   10.49   10.34   10.02   9.64    9.26    8.98    8.88    8.98    9.45    9.75    9.65    9.02    8.04    7.05    6.21    5.63    5.13    4.64    4.10    3.37   
0.00    0.00    0.00    0.00    0.00    0.00    0.00    0.01    0.01    0.01    0.01    0.01    0.01    0.01    0.00    0.00    0.00    0.03    0.20    1.21    2.53    3.84    5.09    6.29    7.44    8.53    9.53    10.45   11.23   11.76   11.91   11.73   11.37   10.94   10.49   10.10   9.82    9.62    9.94    10.23   10.20   9.62    8.77    7.81    7.16    6.60    6.10    5.59    5.03    4.30   
0.00    0.00    0.00    0.00    0.00    0.00    0.01    0.02    0.02    0.04    0.04    0.04    0.03    0.02    0.01    0.01    0.01    0.08    0.57    1.84    3.31    4.73    6.07    7.36    8.60    9.77    10.85   11.84   12.70   13.29   13.45   13.23   12.83   12.34   11.82   11.31   10.85   10.30   10.44   10.76   10.74   10.17   9.42    8.76    8.20    7.66    7.14    6.61    6.02    5.30   
0.00    0.00    0.00    0.00    0.00    0.01    0.02    0.04    0.06    0.09    0.09    0.09    0.06    0.04    0.02    0.01    0.03    0.18    1.08    2.50    4.12    5.68    7.12    8.51    9.85    11.11   12.27   13.34   14.29   14.94   15.10   14.85   14.39   13.85   13.26   12.62   11.98   11.15   11.08   11.37   11.38   11.00   10.42   9.87    9.33    8.80    8.26    7.70    7.08    6.37   
0.00    0.00    0.00    0.00    0.01    0.01    0.04    0.08    0.11    0.17    0.17    0.15    0.13    0.08    0.05    0.03    0.07    0.44    1.68    3.19    4.80    6.56    8.23    9.75    11.20   12.55   13.80   14.96   16.00   16.73   16.89   16.59   16.08   15.48   14.83   14.08   13.10   11.99   12.04   12.29   12.33   12.03   11.59   11.08   10.57   10.04   9.48    8.88    8.22    7.51   
0.01    0.01    0.01    0.01    0.01    0.03    0.06    0.13    0.20    0.26    0.28    0.26    0.21    0.16    0.09    0.05    0.16    0.93    2.32    3.83    5.48    7.26    9.16    10.95   12.56   14.10   15.44   16.69   17.84   18.66   18.83   18.46   17.89   17.25   16.45   15.37   14.05   12.91   13.22   13.55   13.61   13.35   12.95   12.46   11.94   11.38   10.79   10.14   9.44    8.68   
0.02    0.03    0.02    0.02    0.02    0.04    0.09    0.17    0.28    0.35    0.37    0.36    0.31    0.24    0.16    0.10    0.29    1.50    2.92    4.47    6.13    7.92    9.88    11.94   13.85   15.54   17.21   18.56   19.82   20.75   20.92   20.47   19.84   19.00   17.85   16.40   14.85   14.19   14.68   15.08   15.15   14.90   14.48   13.98   13.42   12.83   12.20   11.51   10.72   9.76   
0.07    0.08    0.06    0.04    0.04    0.05    0.11    0.20    0.33    0.42    0.45    0.43    0.38    0.32    0.24    0.18    0.75    2.07    3.52    5.08    6.76    8.59    10.53   12.69   14.90   16.94   18.72   20.55   21.94   23.00   23.15   22.61   21.73   20.51   18.93   17.27   15.53   15.65   16.35   16.81   16.89   16.61   16.16   15.62   15.03   14.40   13.72   12.88   11.87   10.68  
0.16    0.18    0.14    0.09    0.06    0.07    0.12    0.22    0.35    0.45    0.49    0.47    0.44    0.38    0.31    0.30    1.27    2.62    4.09    5.67    7.39    9.21    11.22   13.35   15.68   18.07   20.25   22.10   24.05   25.27   25.41   24.57   23.35   21.63   19.87   17.92   16.66   17.33   18.19   18.72   18.78   18.48   17.97   17.39   16.76   16.08   15.20   14.11   12.84   11.45  
0.31    0.35    0.27    0.21    0.12    0.09    0.13    0.23    0.35    0.45    0.48    0.48    0.45    0.42    0.36    0.55    1.79    3.16    4.65    6.25    7.97    9.85    11.86   14.04   16.38   18.87   21.46   23.71   25.52   27.19   27.32   26.24   24.43   22.66   20.53   18.63   18.22   19.20   20.20   20.78   20.84   20.48   19.92   19.30   18.61   17.66   16.51   15.15   13.67   12.12  
0.48    0.53    0.46    0.33    0.23    0.13    0.14    0.22    0.33    0.43    0.46    0.46    0.45    0.43    0.42    1.01    2.29    3.69    5.19    6.81    8.57    10.45   12.49   14.69   17.03   19.61   22.24   24.90   26.78   28.24   28.34   27.12   25.48   23.28   21.26   19.28   19.97   21.21   22.34   22.98   23.04   22.62   22.02   21.31   20.30   19.08   17.61   16.02   14.36   12.80  
0.62    0.71    0.64    0.50    0.35    0.23    0.15    0.21    0.31    0.40    0.43    0.44    0.44    0.43    0.51    1.48    2.78    4.20    5.71    7.36    9.13    11.04   13.10   15.31   17.71   20.26   22.99   25.49   27.64   28.56   28.65   27.99   26.07   24.03   21.88   20.29   21.94   23.34   24.62   25.32   25.36   24.87   24.17   23.09   21.81   20.23   18.54   16.74   15.02   13.45  
0.72    0.83    0.80    0.67    0.50    0.34    0.22    0.21    0.29    0.37    0.40    0.41    0.41    0.43    0.74    1.94    3.26    4.69    6.23    7.89    9.69    11.62   13.69   15.94   18.33   20.87   23.38   25.77   27.17   28.48   28.29   27.85   26.75   24.61   22.58   21.55   23.81   25.50   26.91   27.68   27.70   27.13   26.01   24.72   23.01   21.22   19.29   17.39   15.69   14.08  
0.74    0.87    0.85    0.79    0.64    0.48    0.33    0.22    0.27    0.34    0.37    0.38    0.39    0.48    1.15    2.39    3.72    5.17    6.73    8.41    10.22   12.17   14.27   16.52   18.88   21.22   23.47   25.14   26.60   27.52   27.68   27.15   26.25   25.06   23.13   22.69   25.06   27.39   29.02   29.85   29.86   28.96   27.72   25.94   24.07   22.01   19.97   18.09   16.31   14.70  
0.70    0.84    0.86    0.81    0.74    0.60    0.45    0.31    0.27    0.31    0.34    0.36    0.38    0.56    1.56    2.82    4.18    5.64    7.22    8.92    10.74   12.71   14.81   17.02   19.20   21.27   22.89   24.28   25.25   25.88   26.11   26.05   25.49   24.62   23.51   23.57   26.14   28.53   30.59   31.50   31.52   30.49   28.89   27.00   24.86   22.71   20.65   18.73   16.95   15.29  
0.62    0.79    0.81    0.81    0.76    0.69    0.56    0.42    0.30    0.29    0.32    0.34    0.40    0.81    1.97    3.24    4.62    6.10    7.69    9.40    11.25   13.21   15.27   17.30   19.21   20.76   22.04   22.97   23.60   24.08   24.33   24.47   24.38   23.89   23.15   24.35   27.08   29.47   31.38   32.32   32.36   31.42   29.90   27.82   25.61   23.38   21.32   19.36   17.56   15.89  
0.54    0.72    0.76    0.77    0.76    0.71    0.64    0.52    0.40    0.29    0.30    0.33    0.45    1.18    2.37    3.66    5.05    6.54    8.15    9.88    11.71   13.63   15.52   17.29   18.75   19.96   20.84   21.44   21.92   22.36   22.62   22.82   22.95   22.87   22.49   25.05   27.75   30.21   31.82   32.60   32.67   32.16   30.55   28.53   26.29   24.07   21.95   19.99   18.16   16.46  
0.47    0.65    0.70    0.71    0.72    0.71    0.66    0.59    0.49    0.37    0.29    0.32    0.53    1.55    2.76    4.06    5.46    6.97    8.59    10.31   12.09   13.86   15.50   16.88   18.00   18.84   19.43   19.92   20.38   20.77   21.03   21.22   21.41   21.56   22.98   25.57   28.15   30.26   31.77   32.37   32.46   32.10   30.87   28.95   26.85   24.68   22.58   20.59   18.74   17.02  
0.41    0.59    0.65    0.66    0.67    0.67    0.66    0.62    0.55    0.46    0.35    0.36    0.79    1.91    3.13    4.45    5.86    7.38    8.99    10.65   12.29   13.82   15.12   16.17   16.96   17.54   18.06   18.52   18.95   19.32   19.57   19.77   20.04   21.06   23.41   25.92   28.04   29.84   30.79   31.30   31.44   31.19   30.55   29.08   27.23   25.20   23.14   21.17   19.30   17.57  
0.35    0.53    0.60    0.61    0.62    0.63    0.63    0.62    0.58    0.51    0.43    0.42    1.12    2.26    3.50    4.82    6.24    7.75    9.30    10.83   12.25   13.47   14.46   15.21   15.77   16.31   16.79   17.23   17.64   17.98   18.24   18.51   19.28   21.39   23.72   25.75   27.52   28.56   29.24   29.68   29.88   29.98   29.45   28.69   27.28   25.52   23.61   21.69   19.84   18.09  
0.31    0.48    0.55    0.57    0.58    0.58    0.59    0.59    0.57    0.54    0.48    0.51    1.45    2.61    3.85    5.18    6.58    8.03    9.46    10.78   11.92   12.85   13.57   14.13   14.67   15.17   15.66   16.32   17.48   18.53   19.04   18.93   19.51   21.68   23.60   25.24   26.28   26.96   27.50   27.89   28.09   28.25   28.20   27.66   26.87   25.55   23.90   22.12   20.33   18.59  
0.27    0.43    0.50    0.53    0.54    0.54    0.55    0.55    0.55    0.54    0.50    0.70    1.77    2.94    4.18    5.49    6.84    8.17    9.41    10.48   11.35   12.03   12.60   13.15   13.73   14.96   16.61   18.02   19.35   20.50   21.03   20.70   20.29   21.64   23.16   24.18   24.86   25.35   25.78   26.13   26.33   26.50   26.56   26.45   25.93   25.14   23.91   22.38   20.72   19.05  
0.24    0.39    0.46    0.49    0.50    0.50    0.51    0.51    0.52    0.51    0.53    0.99    2.08    3.24    4.47    5.73    6.97    8.12    9.12    9.95    10.60   11.17   11.73   12.34   13.73   15.95   18.11   19.85   21.28   22.57   23.12   22.62   21.93   21.34   22.31   22.98   23.49   23.89   24.23   24.50   24.67   24.82   24.94   24.95   24.79   24.29   23.53   22.37   20.95   19.41  
0.21    0.36    0.42    0.45    0.46    0.47    0.47    0.48    0.48    0.49    0.57    1.27    2.37    3.51    4.69    5.84    6.92    7.86    8.63    9.26    9.84    10.39   11.00   12.30   14.41   16.75   19.13   21.44   23.22   24.65   25.24   24.55   23.43   22.13   21.42   21.87   22.33   22.64   22.90   23.08   23.21   23.32   23.39   23.48   23.43   23.24   22.76   22.03   20.93   19.61  
0.19    0.32    0.39    0.42    0.43    0.43    0.44    0.44    0.45    0.47    0.63    1.54    2.61    3.71    4.79    5.79    6.67    7.40    8.01    8.59    9.14    9.75    10.96   12.89   15.09   17.46   19.93   22.43   24.83   26.57   27.12   25.99   24.51   23.17   21.70   21.11   21.40   21.62   21.79   21.88   21.93   21.99   22.05   22.06   22.07   22.00   21.79   21.32   20.61   19.58  
0.17    0.29    0.36    0.39    0.40    0.40    0.41    0.41    0.42    0.47    0.78    1.77    2.79    3.80    4.73    5.56    6.25    6.86    7.43    7.98    8.56    9.69    11.46   13.52   15.78   18.16   20.64   23.20   25.70   27.77   28.38   26.82   25.49   23.90   22.53   21.17   20.71   20.83   20.90   20.90   20.91   20.85   20.85   20.82   20.78   20.74   20.64   20.41   19.97   19.28  
0.15    0.26    0.33    0.36    0.37    0.38    0.38    0.39    0.40    0.49    0.98    1.93    2.87    3.75    4.52    5.18    5.80    6.37    6.90    7.47    8.47    10.11   12.05   14.18   16.46   18.84   21.35   23.86   26.29   28.14   28.74   27.79   26.10   24.70   23.23   21.93   20.69   20.21   20.19   20.18   20.06   20.00   19.84   19.74   19.64   19.56   19.47   19.36   19.13   18.69  
0.14    0.24    0.30    0.33    0.34    0.35    0.35    0.36    0.39    0.52    1.13    2.00    2.82    3.55    4.19    4.80    5.37    5.91    6.45    7.33    8.85    10.65   12.66   14.83   17.12   19.54   22.01   24.43   26.39   27.42   28.03   27.90   26.87   25.33   23.98   22.61   21.38   20.26   19.76   19.60   19.45   19.22   19.09   18.85   18.66   18.52   18.39   18.29   18.15   17.90  
0.12    0.22    0.28    0.30    0.32    0.32    0.33    0.34    0.38    0.54    1.19    1.95    2.64    3.28    3.88    4.45    4.98    5.51    6.26    7.65    9.34    11.23   13.27   15.46   17.77   20.14   22.48   24.42   25.62   26.42   27.01   27.11   26.92   25.96   24.58   23.29   22.02   20.87   19.84   19.27   18.98   18.70   18.38   18.12   17.83   17.60   17.42   17.27   17.16   17.00  
0.11    0.20    0.25    0.28    0.29    0.30    0.31    0.32    0.37    0.55    1.15    1.80    2.44    3.03    3.59    4.12    4.63    5.26    6.52    8.10    9.88    11.82   13.89   16.10   18.37   20.61   22.52   23.81   24.72   25.40   25.95   26.15   26.22   25.95   25.04   23.79   22.64   21.47   20.39   19.40   18.76   18.33   17.93   17.53   17.18   16.84   16.58   16.37   16.21   16.09  
0.10    0.18    0.23    0.26    0.27    0.28    0.29    0.30    0.36    0.55    1.07    1.66    2.25    2.80    3.32    3.82    4.37    5.46    6.93    8.60    10.44   12.40   14.49   16.68   18.80   20.65   22.01   22.98   23.76   24.41   24.97   25.22   25.34   25.32   24.91   24.13   23.08   22.03   20.95   19.88   18.89   18.15   17.60   17.10   16.63   16.22   15.86   15.58   15.37   15.21  
0.09    0.16    0.21    0.24    0.25    0.26    0.27    0.29    0.35    0.54    0.99    1.53    2.08    2.59    3.08    3.59    4.48    5.84    7.40    9.13    10.99   12.99   15.07   17.13   18.90   20.28   21.32   22.13   22.85   23.49   24.07   24.35   24.47   24.54   24.41   24.06   23.37   22.44   21.46   20.39   19.30   18.27   17.44   16.79   16.22   15.71   15.28   14.91   14.63   14.42  
0.08    0.15    0.19    0.22    0.23    0.24    0.25    0.27    0.34    0.53    0.93    1.42    1.92    2.40    2.88    3.57    4.81    6.27    7.89    9.65    11.55   13.53   15.51   17.34   18.69   19.75   20.61   21.26   21.95   22.59   23.20   23.53   23.66   23.76   23.77   23.64   23.33   22.69   21.82   20.82   19.71   18.57   17.54   16.65   15.94   15.33   14.80   14.36   14.00   13.73  
0.08    0.14    0.18    0.20    0.22    0.22    0.23    0.26    0.33    0.51    0.86    1.31    1.77    2.23    2.75    3.85    5.22    6.73    8.39    10.18   12.07   13.99   15.84   17.28   18.46   19.33   19.93   20.57   21.15   21.72   22.35   22.74   22.91   23.00   23.09   23.09   22.97   22.65   22.00   21.10   20.09   18.94   17.77   16.69   15.78   15.05   14.43   13.92   13.49   13.13  
0.07    0.12    0.16    0.19    0.20    0.21    0.22    0.24    0.32    0.49    0.80    1.21    1.64    2.11    2.96    4.22    5.64    7.20    8.88    10.66   12.52   14.35   15.95   17.33   18.31   18.98   19.51   19.94   20.38   20.88   21.51   21.91   22.16   22.27   22.38   22.46   22.42   22.27   21.91   21.19   20.29   19.22   18.03   16.85   15.78   14.91   14.17   13.57   13.07   12.64  
0.06    0.11    0.15    0.17    0.19    0.19    0.21    0.23    0.30    0.46    0.75    1.12    1.54    2.14    3.29    4.62    6.08    7.66    9.33    11.08   12.83   14.47   15.98   17.19   18.06   18.68   19.06   19.28   19.55   20.02   20.59   21.08   21.37   21.49   21.64   21.74   21.75   21.67   21.45   21.03   20.25   19.35   18.24   17.05   15.92   14.88   14.02   13.31   12.74   12.25  
0.06    0.10    0.14    0.16    0.17    0.18    0.19    0.22    0.29    0.44    0.70    1.04    1.49    2.42    3.67    5.03    6.51    8.08    9.71    11.36   12.95   14.49   15.84   16.95   17.71   18.30   18.59   18.62   18.73   19.14   19.67   20.17   20.50   20.64   20.84   20.94   20.97   20.97   20.83   20.49   20.02   19.25   18.30   17.20   16.08   14.98   13.99   13.17   12.49   11.94  
0.05    0.10    0.13    0.15    0.16    0.17    0.18    0.21    0.28    0.42    0.66    1.00    1.62    2.77    4.04    5.43    6.89    8.43    9.97    11.48   12.96   14.28   15.49   16.48   17.23   17.78   17.96   17.86   17.84   18.20   18.69   19.18   19.55   19.77   19.95   20.06   20.09   20.11   20.05   19.86   19.48   18.93   18.17   17.24   16.19   15.11   14.06   13.14   12.36   11.71  
0.05    0.09    0.12    0.14    0.15    0.16    0.17    0.20    0.26    0.40    0.62    0.99    1.93    3.12    4.41    5.79    7.22    8.67    10.08   11.47   12.74   13.90   14.96   15.76   16.45   16.95   17.06   17.11   16.97   17.19   17.69   18.13   18.53   18.80   18.97   19.09   19.15   19.18   19.13   19.02   18.78   18.39   17.82   17.08   16.17   15.19   14.17   13.19   12.33   11.59  
0.04    0.08    0.11    0.13    0.14    0.15    0.16    0.19    0.25    0.38    0.61    1.15    2.25    3.46    4.75    6.09    7.44    8.77    10.06   11.26   12.36   13.37   14.17   14.88   15.49   15.94   16.06   16.12   16.17   16.21   16.65   17.10   17.47   17.77   17.94   18.07   18.13   18.18   18.16   18.08   17.93   17.69   17.29   16.72   16.02   15.16   14.25   13.28   12.37   11.56  
0.04    0.07    0.10    0.12    0.13    0.14    0.15    0.18    0.24    0.36    0.63    1.44    2.57    3.77    5.02    6.29    7.53    8.74    9.87    10.90   11.84   12.61   13.29   13.88   14.46   14.87   15.01   15.11   15.19   15.26   15.61   16.04   16.38   16.69   16.86   16.99   17.08   17.14   17.15   17.13   17.04   16.86   16.59   16.21   15.67   15.00   14.20   13.34   12.44   11.59  
