#Value Function.
5.0673  5.0645  5.0685  5.0021  4.4894  4.8793  5.3921  5.7986  5.8264  5.8459  5.8582  5.8733  5.8777  5.8783  5.8783  5.8783  5.8783  5.8783  5.8783  5.8783  5.8783  5.8783  5.8786  5.8810  5.9031  6.0258  6.0821  6.0869  6.1057  6.2251  6.3891  6.4174  6.4115  6.4153  6.3762  6.2385  6.1053  5.9170  5.7513  5.6100  5.4748  5.3782  5.3291  5.3009  5.2216  5.1243  5.0901  5.0483  4.9292  4.7786 
5.2268  5.2352  5.2283  4.6686  3.9274  4.0873  5.1028  5.5721  6.0294  5.9693  6.0286  6.0428  6.0612  6.0643  6.0646  6.0646  6.0646  6.0646  6.0646  6.0646  6.0646  6.0646  6.0646  6.0646  6.0646  6.0760  6.2281  6.2797  6.2757  6.2837  6.4164  6.6096  6.6197  6.5905  6.4327  6.3066  6.1021  5.9313  5.7897  5.6463  5.5453  5.4972  5.4792  5.3952  5.2820  5.2556  5.2239  5.0957  4.9377  4.7848 
5.4053  5.3937  5.4039  4.9879  4.5813  4.8494  6.0536  6.0202  5.9403  6.2333  6.0907  6.1699  6.2374  6.2515  6.2533  6.2535  6.2535  6.2535  6.2535  6.2535  6.2535  6.2535  6.2535  6.2535  6.2532  6.2497  6.2453  6.4393  6.4797  6.4674  6.4605  6.6086  6.8406  6.6251  6.5143  6.2883  6.1128  5.9730  5.8196  5.7142  5.6660  5.6622  5.5734  5.4385  5.4226  5.4051  5.2648  5.0974  4.9419  4.7943 
5.5375  5.5871  5.5100  5.4614  5.6702  6.2210  6.3886  6.2985  6.1724  6.2828  6.1759  6.1744  6.3788  6.4363  6.4462  6.4472  6.4472  6.4472  6.4472  6.4472  6.4472  6.4472  6.4472  6.4471  6.4453  6.4256  6.3259  6.4270  6.6625  6.6826  6.4932  6.6095  6.6177  6.8290  6.4777  6.2810  6.1629  5.9967  5.8872  5.8366  5.8521  5.7593  5.5944  5.5928  5.5948  5.4379  5.2603  5.1020  4.9468  4.8418 
5.6961  5.7104  5.7828  5.7415  6.2611  6.4731  6.6155  6.6025  6.5581  6.4557  6.3437  6.2717  6.4062  6.5920  6.6394  6.6455  6.6459  6.6459  6.6459  6.6459  6.6459  6.6459  6.6459  6.6452  6.6341  6.5324  6.3521  6.3686  6.5426  6.6203  6.6649  6.6802  6.6169  6.5797  6.6364  6.4124  6.1763  6.0693  5.9773  5.8816  5.7767  5.6873  5.6109  5.7947  5.6148  5.4262  5.2671  5.1013  4.9913  4.9631 
5.8948  5.8731  5.7526  6.2614  6.5149  6.7090  6.8056  6.8224  6.8137  6.6670  6.5979  6.5304  6.4336  6.6234  6.8124  6.8467  6.8496  6.8497  6.8497  6.8497  6.8497  6.8497  6.8493  6.8461  6.7751  6.5273  6.6080  6.5296  6.4002  6.5272  6.5846  6.8322  6.6842  6.7506  6.5662  6.4905  6.3161  6.1659  6.0581  5.9252  5.7860  5.7167  5.7649  5.6112  5.5181  5.4295  5.2594  5.1410  5.1224  5.1186 
5.9898  6.0981  5.9855  6.1048  6.4199  6.6764  6.9398  7.0218  7.0333  7.0094  6.9019  6.8158  6.7405  6.6068  6.8747  7.0368  7.0579  7.0587  7.0587  7.0587  7.0587  7.0585  7.0563  7.0425  6.8423  6.8635  6.8302  6.7363  6.6368  6.5854  6.6273  6.7112  6.7777  6.7216  6.7815  6.5309  6.4993  6.2699  6.0849  6.0034  5.8970  5.7656  5.5567  5.5434  5.4397  5.3481  5.2920  5.2847  5.2850  5.2819 
6.1575  6.1665  6.3218  6.1882  6.5497  6.7044  6.9604  7.1669  7.2434  7.2510  7.1751  7.0350  7.0027  6.9670  6.8615  7.1311  7.2658  7.2731  7.2730  7.2731  7.2729  7.2718  7.2605  7.2148  7.1298  7.0485  6.9448  6.8390  6.7826  6.7659  6.7666  6.7925  6.8366  6.8407  6.8438  6.7366  6.5229  6.4464  6.1990  5.8428  5.5863  5.4860  5.4942  5.4538  5.4524  5.4541  5.4524  5.4540  5.4524  5.4519 
6.2492  6.3645  6.2948  6.7447  6.5955  6.9283  6.9364  7.1793  7.4027  7.4702  7.4813  7.4499  7.3425  7.3318  7.2009  7.1124  7.4350  7.4928  7.4930  7.4928  7.4925  7.4843  7.4393  7.3453  7.2660  7.1578  7.0416  6.9845  6.9705  6.9712  6.9682  6.9695  6.9629  6.9598  6.9509  6.8446  6.6702  6.5405  6.1706  5.3277  5.2396  5.4860  5.5968  5.6225  5.6278  5.6250  5.6278  5.6250  5.6278  5.6221 
6.3559  6.4414  6.6066  6.7089  6.8334  7.0181  7.3303  7.1505  7.4001  7.6489  7.7002  7.7120  7.7016  7.6396  7.4791  7.5008  7.5258  7.7185  7.7182  7.7185  7.7140  7.6712  7.5645  7.4899  7.3774  7.2480  7.1910  7.1804  7.1839  7.1795  7.1828  7.1743  7.1719  7.1660  7.1358  6.8899  6.8894  6.5824  5.9110  4.9388  4.5227  5.2367  5.6485  5.7881  5.8011  5.8065  5.8016  5.8065  5.8012  5.7997 
6.5012  6.5499  6.8228  7.1544  7.0494  7.0810  7.2320  7.3403  7.4219  7.7274  7.8938  7.9347  7.9458  7.9400  7.8754  7.7728  7.7978  7.9492  7.9499  7.9493  7.9117  7.7866  7.7206  7.6042  7.4578  7.4023  7.3956  7.4029  7.3955  7.4022  7.3906  7.3896  7.3839  7.3719  7.2453  7.2341  7.0719  6.8355  6.0941  4.8827  4.3729  5.2266  5.6329  5.8471  5.9859  5.9820  5.9904  5.9819  5.9875  5.9583 
6.5570  6.7179  7.0460  7.2952  7.4072  7.4014  7.3597  7.5047  7.6412  7.7305  8.0457  8.1358  8.1750  8.1848  8.1771  8.0352  7.9553  8.1872  8.1862  8.1872  8.1814  7.9626  7.8380  7.6784  7.5631  7.6108  7.6285  7.6160  7.6283  7.6119  7.6131  7.6068  7.5989  7.5504  7.4712  7.3749  7.2757  7.1578  6.6331  5.9623  5.5713  5.6136  5.9940  5.9307  6.1254  6.1803  6.1659  6.1789  6.1489  6.1025 
6.6103  6.7595  7.0197  7.3258  7.5394  7.6465  7.6901  7.6521  7.6348  8.0151  8.1774  8.2880  8.3851  8.4213  8.4301  8.4291  8.4308  8.4291  8.4308  8.4288  8.4232  8.2570  7.9050  7.7866  7.5705  7.8152  7.8403  7.8618  7.8376  7.8428  7.8347  7.8325  7.7818  7.6989  7.5979  7.4972  7.3859  7.1817  6.7986  6.5650  6.2760  6.3650  6.2378  6.2351  6.2834  6.3525  6.3771  6.3399  6.3104  6.1391 
6.7658  6.8012  7.1873  7.5029  7.6442  7.7683  7.8890  7.9973  8.0516  7.9436  8.2793  8.4249  8.5356  8.6424  8.6733  8.6807  8.6780  8.6809  8.6779  8.6785  8.6518  8.5350  8.1044  7.5146  7.6853  7.6439  8.1041  8.0673  8.0794  8.0671  8.0733  8.0192  7.9326  7.8263  7.7233  7.6180  7.4329  7.0616  6.9225  6.6712  6.6227  6.5880  6.4353  6.6369  6.4638  6.5836  6.5318  6.5263  6.3336  6.1515 
6.9578  6.9726  7.3371  7.6464  7.7525  7.8731  8.0018  8.1267  8.2437  8.3178  8.2597  8.5480  8.6765  8.7884  8.9087  8.9309  8.9378  8.9328  8.9370  8.9160  8.8181  8.4712  8.2016  7.7352  6.9046  7.3413  7.9862  8.3240  8.3034  8.3219  8.2627  8.1726  8.0602  7.9547  7.8517  7.7069  7.2970  7.1332  7.0949  7.0001  6.8404  6.6081  6.6363  6.3243  6.8193  6.6814  6.7551  6.5278  6.3472  6.1464 
7.2846  7.1537  7.4821  7.7675  7.8762  7.9828  8.1078  8.2414  8.3699  8.4949  8.5886  8.6036  8.8132  8.9333  9.0460  9.1852  9.1934  9.2019  9.1870  9.0941  8.8915  8.9221  8.8938  8.5151  7.3516  7.3234  8.1266  8.5314  8.5796  8.5121  8.4193  8.2996  8.1913  8.0913  7.9492  7.7155  7.4041  7.3175  7.2174  7.0779  6.7351  6.8101  6.5710  6.6170  6.7503  7.0361  6.6999  6.5469  6.3377  6.1521 
7.6353  7.5079  7.5273  7.8332  8.0085  8.1110  8.2186  8.3486  8.4874  8.6186  8.7509  8.8560  8.9137  9.0876  9.1949  9.3080  9.4740  9.4595  9.4159  9.2857  9.3330  9.4288  9.5507  9.4814  8.4401  8.5200  8.7525  8.8494  8.7670  8.6729  8.5447  8.4331  8.3370  8.1985  7.9608  7.6816  7.5505  7.4389  7.3064  7.0509  6.9668  6.9593  6.7756  6.6046  6.5981  6.7791  6.7126  6.5302  6.3475  6.1464 
7.8990  7.8812  7.7641  7.7133  8.1047  8.2530  8.3511  8.4599  8.5955  8.7400  8.8729  9.0130  9.1325  9.2553  9.3526  9.4637  9.5764  9.7795  9.5907  9.7206  9.7581  9.8649  9.8415  9.3906  9.1308  8.8494  9.1358  9.0264  8.9343  8.7955  8.6800  8.5889  8.4556  8.2102  7.9306  7.7842  7.6634  7.5428  7.2752  7.2526  7.2109  7.1338  6.7774  6.5968  6.7829  6.7640  6.6002  6.5019  6.3327  6.1516 
8.1410  8.1399  8.1178  7.8885  7.9726  8.3804  8.5009  8.5969  8.7069  8.8489  8.9996  9.1329  9.2810  9.3994  9.5302  9.6234  9.7486  9.8412  10.1232 10.0707 10.1637 10.1718 9.8491  9.5466  9.4263  9.5301  9.2879  9.2043  9.0519  8.9320  8.8469  8.7206  8.4698  8.1656  8.0216  7.8916  7.7796  7.5881  7.3837  7.5304  7.4632  7.0722  6.8338  6.8823  6.9352  6.7991  6.6841  6.4632  6.3054  6.1380 
8.3811  8.3871  8.3816  8.2139  8.0962  8.3956  8.6450  8.7537  8.8486  8.9595  9.1089  9.2668  9.3982  9.5575  9.6716  9.8273  9.8963  10.0380 10.0988 10.4917 10.4923 10.3118 10.0072 9.8251  9.6950  9.6252  9.4847  9.3137  9.1889  9.1114  8.9917  8.7537  8.3831  8.2687  8.1251  8.0095  7.9120  7.6644  7.8323  7.6335  7.3269  7.0373  7.1838  6.9624  6.8135  6.7826  6.6008  6.4730  6.2742  6.1435 
8.6302  8.6319  8.6368  8.3659  8.4490  8.6268  8.7264  8.9094  9.0125  9.1067  9.2176  9.3758  9.5421  9.6682  9.8502  9.9451  10.1268 10.1709 10.4595 10.5745 10.8656 10.6854 10.6359 9.9260  9.7771  9.6362  9.7250  9.4504  9.3838  9.2627  9.0868  8.6464  8.5400  8.3646  8.2358  8.2109  8.0683  7.8909  7.9556  7.5958  7.2241  7.4349  7.1024  6.9426  6.9527  6.7003  6.6499  6.4539  6.3364  6.2042 
8.8235  8.8971  8.8842  8.8346  8.5796  8.8428  9.0245  9.0990  9.1667  9.2792  9.3710  9.4811  9.6497  9.8331  9.9408  10.1506 10.2190 10.5042 10.7317 10.8074 10.8489 11.2932 10.6661 10.2955 10.1107 10.0843 9.7723  9.6650  9.5408  9.3622  9.1149  8.8605  8.6081  8.4649  8.4502  8.4614  8.1533  8.2986  7.8865  7.5802  7.5047  7.2850  7.1840  6.9057  6.8197  6.8771  6.6413  6.5341  6.3986  6.2624 
8.9957  9.0888  9.1706  9.1489  8.9708  9.1971  9.3563  9.3621  9.3563  9.4301  9.5545  9.6426  9.8958  10.0493 10.1128 10.2152 10.4949 10.5399 10.6600 11.0938 11.1836 11.0825 10.8591 10.6701 10.4279 10.2621 10.0265 9.8258  9.6461  9.3838  9.1219  8.8604  8.6214  8.6095  8.7319  8.6243  8.6083  8.1609  7.8732  7.5305  7.5547  7.4116  7.2122  6.9490  7.0339  6.6822  6.7394  6.5957  6.4569  6.3275 
9.1783  9.2618  9.3568  9.4541  9.4372  9.3971  9.6374  9.6276  9.6358  9.5897  9.7047  9.9497  10.0971 10.2063 10.3505 10.4469 10.3800 10.5240 10.8359 10.9432 11.0756 11.1766 11.0181 10.7206 10.5669 10.3412 10.1736 9.9396  9.6585  9.3900  9.1204  8.8624  8.7265  8.8799  8.8365  9.0263  8.5508  8.0988  7.8288  7.8067  7.6402  7.4276  7.2159  7.0825  6.8479  6.9040  6.7976  6.6543  6.5220  6.4113 
9.4267  9.4416  9.5319  9.6300  9.7477  9.8547  9.9042  9.9221  9.8833  9.7617  9.9507  10.1103 10.3463 10.3797 10.6156 10.2915 10.4426 10.6430 10.8205 10.8993 10.8568 11.0235 11.0066 10.8836 10.6305 10.4770 10.2358 9.9384  9.6653  9.3869  9.1224  8.8680  8.9777  8.9340  9.1774  8.8532  8.5212  8.1980  8.0739  7.8741  7.6485  7.4302  7.2155  7.0028  6.9700  7.0118  6.8572  6.7182  6.6139  6.4761 
9.7215  9.7006  9.7014  9.8139  10.0372 10.1683 10.2159 10.1853 10.1103 10.2697 10.2559 10.2330 10.3942 10.6784 10.5589 10.5727 10.5974 10.7546 10.7851 10.8077 10.8817 10.7439 10.8860 10.9206 10.7911 10.5412 10.2236 9.9483  9.6598  9.3902  9.1205  8.9282  8.9943  9.2823  9.2300  8.7762  8.5685  8.3398  8.1119  7.8749  7.6509  7.4292  7.2161  7.0068  6.8592  6.9045  6.9209  6.8198  6.6862  6.4739 
9.9344  10.0213 9.9621  10.1401 10.3479 10.4703 10.4561 10.5264 10.6015 10.5683 10.5312 10.5098 10.6683 10.8444 10.9957 10.9124 11.0723 11.1267 10.9831 10.8863 11.0115 10.8396 10.6960 10.8001 10.8565 10.5134 10.2398 9.9388  9.6653  9.3869  9.1226  9.0357  9.2018  9.3223  8.9873  8.8766  8.5871  8.3539  8.1069  7.8782  7.6490  7.4303  7.2155  6.9902  6.8718  6.8450  6.8700  6.9025  6.6715  6.4825 
10.2387 10.2117 10.3735 10.4740 10.6309 10.6395 10.8208 10.9138 10.9584 10.8103 10.8922 11.0704 10.9462 11.1698 11.3216 11.3842 11.4640 11.3765 11.4507 11.0692 10.8320 11.0293 10.6801 10.5423 10.5136 10.5106 10.2202 9.9479  9.6597  9.3902  9.1224  9.1314  9.3433  9.0135  8.8822  8.7334  8.6034  8.3444  8.1124  7.8750  7.6509  7.4277  7.1209  6.8681  6.8655  6.7613  6.6921  6.6733  6.6701  6.4721 
10.5840 10.5356 10.6423 10.8278 10.9032 11.0600 11.1590 11.2650 11.2880 11.2918 11.2857 11.2630 11.4379 11.4820 11.6318 11.7681 11.6538 11.8371 11.3343 11.2038 10.9345 10.7491 10.8240 10.4956 10.2797 10.2248 10.1845 9.9301  9.6640  9.3868  9.1394  9.3423  9.1166  9.0263  8.7708  8.6282  8.4855  8.3428  8.1056  7.8781  7.6490  7.3085  6.9719  6.7887  6.7185  6.6583  6.5644  6.4993  6.4776  6.4489 
10.7984 10.9134 11.1615 11.1583 11.3671 11.4619 11.5391 11.5416 11.5903 11.6130 11.6157 11.6209 11.7205 11.9486 12.0393 11.9381 12.2205 11.7236 11.4531 11.1356 11.0829 10.7517 10.6182 10.5709 10.3988 10.1530 9.9562  9.8759  9.6450  9.3876  9.3233  9.1427  9.0416  8.8682  8.7526  8.5306  8.3824  8.2422  8.0927  7.8718  7.6504  7.1993  7.0480  6.9741  6.7870  6.5962  6.4670  6.3734  6.3111  6.2826 
11.1174 11.0951 11.3061 11.5068 11.5960 11.8458 11.8560 11.8715 11.8635 11.9257 11.9927 12.0903 12.2509 12.4323 12.3435 12.5837 12.0861 11.6836 11.5038 11.3661 10.8341 10.9087 10.8922 10.7096 10.4509 10.1705 9.8873  9.6894  9.5814  9.3318  9.3022  9.0256  8.8883  8.7776  8.6213  8.4920  8.2933  8.1437  8.0046  7.8518  7.6437  7.4048  7.2026  6.9891  6.7919  6.5949  6.4129  6.2816  6.1881  6.1251 
11.4120 11.4471 11.5685 11.7589 11.9832 12.0312 12.2033 12.1894 12.2130 12.1909 12.4517 12.7228 12.8236 12.9409 13.1077 12.6859 12.2550 11.9215 11.3946 11.1342 11.2315 11.2279 11.0289 10.7561 10.4659 10.1743 9.8884  9.6168  9.3848  9.2966  9.1018  9.0156  8.7821  8.6403  8.5236  8.3781  8.2422  8.0603  7.9116  7.7730  7.6193  7.4189  7.1945  6.9939  6.7892  6.5974  6.4230  6.3215  6.2870  6.2754 
11.6799 11.7461 11.9573 12.1110 12.2067 12.3337 12.3535 12.5798 12.4941 12.6649 12.8817 13.1932 13.5055 13.7736 13.3490 12.9465 12.2319 11.8135 11.5743 11.5975 11.5765 11.3561 11.0685 10.7687 10.4686 10.1753 9.8884  9.6097  9.3949  9.0248  9.0056  8.8533  8.7456  8.5412  8.3985  8.2784  8.1400  8.0018  7.8323  7.6858  7.5478  7.3943  7.2015  6.9890  6.7919  6.6045  6.5048  6.4772  6.4711  6.4669 
11.9170 12.0218 12.2036 12.2884 12.4649 12.5472 12.7000 12.6710 13.0091 13.0636 13.4400 13.5829 14.1634 14.0511 13.4882 12.7835 12.5951 12.1487 12.0282 11.9348 11.6910 11.3883 11.0792 10.7703 10.4695 10.1751 9.8886  9.6089  9.3436  9.1128  8.8432  8.7448  8.6071  8.4881  8.3044  8.1630  8.0412  7.9078  7.7697  7.6100  7.4662  7.3290  7.1767  6.9911  6.7889  6.6926  6.6731  6.6697  6.6688  6.6627 
12.0413 12.2767 12.3494 12.5664 12.6212 12.8342 12.8897 13.1843 13.3629 13.7535 13.6096 14.2670 13.9379 13.6241 13.4885 13.1344 12.8243 12.4429 12.2955 12.0334 11.7154 11.3976 11.0796 10.7714 10.4692 10.1754 9.8884  9.6089  9.3371  9.0813  8.8504  8.6106  8.4951  8.3655  8.2411  8.0727  7.9337  7.8116  7.6818  7.5454  7.3935  7.2528  7.1167  6.9662  6.8850  6.8751  6.8738  6.8735  6.8712  6.8523 
12.2071 12.3797 12.6496 12.6749 12.9496 12.9512 13.3161 13.4626 13.7167 13.9388 14.2055 14.1883 13.7703 13.5786 13.3544 13.2816 12.9733 12.6602 12.3843 12.0499 11.7243 11.3966 11.0810 10.7707 10.4696 10.1752 9.8886  9.6088  9.3364  9.0724  8.8248  8.5981  8.3798  8.2548  8.1296  8.0033  7.8466  7.7107  7.5890  7.4623  7.3282  7.1830  7.0896  7.0838  7.0834  7.0832  7.0832  7.0820  7.0699  7.0040 
12.3375 12.5647 12.7151 13.0458 12.9913 13.4298 13.5470 13.7514 13.9329 14.1080 14.4358 13.8929 13.8778 13.6577 13.5233 13.1977 13.0122 12.7448 12.3917 12.0597 11.7213 11.3988 11.0798 10.7714 10.4692 10.1754 9.8884  9.6089  9.3362  9.0707  8.8145  8.5747  8.3545  8.1525  8.0225  7.9000  7.7738  7.6263  7.4938  7.3731  7.2492  7.2912  7.2979  7.2983  7.2982  7.2983  7.2978  7.2902  7.2336  7.0574 
12.5355 12.6813 12.9328 13.0468 13.4756 13.5846 13.8200 14.0521 14.1287 14.4779 13.9962 14.2312 13.8030 13.7066 13.5698 13.3897 13.1187 12.7404 12.4044 12.0538 11.7249 11.3967 11.0810 10.7707 10.4696 10.1752 9.8885  9.4167  9.1683  9.0497  8.8096  8.5629  8.3311  8.1188  7.9297  7.7977  7.6770  7.5519  7.4119  7.2829  7.2944  7.4739  7.5159  7.5187  7.5188  7.5187  7.5154  7.4695  7.2784  7.0700 
12.7536 12.8940 13.0242 13.3207 13.4603 13.6942 14.0052 14.2060 14.5004 13.9162 14.3391 13.9048 13.9159 13.6799 13.7032 13.5060 13.0948 12.7593 12.3939 12.0600 11.7213 11.3988 11.0798 10.7714 10.4692 10.1754 9.8883  9.4455  9.1193  8.9553  8.7820  8.5546  8.3176  8.0940  7.8902  7.7117  7.5796  7.4588  7.2434  7.1132  7.3156  7.5176  7.7191  7.7450  7.7448  7.7448  7.7158  7.5011  7.2887  7.0685 
12.9050 13.1291 13.2575 13.5110 13.7885 13.8752 14.2840 14.2592 13.9763 14.1925 13.8160 13.9875 13.6002 13.6313 13.5074 13.4530 13.1257 12.7412 12.4044 12.0538 11.7249 11.3967 11.0810 10.7707 10.4696 9.9614  9.7398  9.5708  9.2617  8.9050  8.6838  8.5219  8.3058  7.9149  7.6288  7.6592  7.4534  7.2768  7.1279  7.0742  7.3063  7.5406  7.7440  7.9766  7.9770  7.9747  7.7271  7.5106  7.2850  7.0709 
12.9311 13.2911 13.5104 13.8856 14.0580 14.3335 14.2364 13.8818 14.1456 13.7509 13.8286 13.6973 13.6278 13.3042 13.4570 13.3990 13.0830 12.7579 12.3938 12.0599 11.7213 11.3987 11.0798 10.7714 10.4692 10.1077 9.6611  9.5445  9.2913  8.9578  8.6007  8.3801  8.2639  7.9049  7.6938  7.4281  7.3463  7.0857  7.0033  7.0929  7.3163  7.5236  7.7732  7.9716  8.2498  7.9545  7.7389  7.5037  7.2890  7.0686 
12.9452 13.2998 13.6862 13.8650 14.3112 14.1126 13.8573 13.8393 13.7061 13.7615 13.4541 13.6525 13.4678 13.2427 13.0638 13.0792 13.0021 12.7185 12.4009 12.0533 11.6960 11.1811 10.8845 10.7490 10.4672 10.1660 9.8695  9.4797  9.2229  8.8791  8.6096  8.2398  7.8990  7.8419  7.3917  7.1828  6.9597  7.0626  6.8970  7.0988  7.3061  7.5382  7.7285  8.0173  8.0051  7.9527  7.7247  7.5103  7.2849  7.0709 
12.9414 13.3177 13.6696 14.1024 14.0202 13.8274 13.6514 13.5173 13.5749 13.4591 13.4617 13.3035 13.4743 13.1154 12.8857 12.7265 12.7122 12.6209 12.3610 11.9873 11.3593 10.9743 10.5632 10.5129 10.4240 10.1675 9.8777  9.5157  9.0838  8.8032  8.4447  8.2461  7.8173  7.5032  6.8779  6.5684  6.8457  6.8336  6.8890  7.0916  7.3051  7.4456  7.6704  7.8233  7.7772  7.7665  7.7012  7.4977  7.2881  7.0684 
12.9500 13.3089 13.6968 13.9616 13.7620 13.5061 13.3543 13.3780 13.2364 13.1784 13.0809 13.0796 13.0568 13.0603 12.7635 12.5393 12.3925 12.3553 12.2535 11.8265 11.2822 10.7498 10.6758 10.2597 10.1980 10.0747 9.7607  9.2689  8.9620  8.4458  8.3032  8.0169  7.6810  6.8986  6.0092  5.9641  6.4031  6.7189  6.8327  7.0571  7.1554  7.4438  7.6195  7.3974  7.5404  7.6264  7.6148  7.4733  7.2762  7.0693 
12.9419 13.3226 13.6684 13.6133 13.4303 13.2322 13.2410 13.0354 13.1060 12.8573 12.8097 12.7312 12.7190 12.7008 12.6687 12.4157 12.2019 12.0630 12.0083 11.8780 11.3622 10.9331 10.4036 10.2105 9.7182  9.3823  9.1059  8.7639  8.3518  8.1374  8.2410  7.7818  6.9005  5.7889  4.9779  4.7192  6.1706  6.5774  6.9659  6.9441  7.1653  7.2311  7.1720  7.1560  7.2334  7.3101  7.3910  7.4748  7.2566  7.0582 
12.9282 13.1116 13.2589 13.4357 13.2061 13.0258 12.9498 12.8558 12.7016 12.7088 12.5209 12.4556 12.3875 12.3688 12.3494 12.2951 12.0739 11.8723 11.7388 11.6683 11.2813 10.8870 10.5936 10.1063 9.7723  9.1921  8.9157  8.6433  8.3171  8.3223  8.0151  8.0355  7.0623  6.0294  5.0509  5.1334  6.3844  6.9165  6.7104  6.8235  6.8143  7.1169  6.9625  7.0308  7.1166  7.1421  7.2363  7.3618  7.2431  7.0406 
12.7444 12.9075 13.1672 13.0187 12.9632 12.8103 12.6601 12.5879 12.4946 12.3683 12.3391 12.1864 12.1126 12.0509 12.0277 12.0044 11.9364 11.7392 11.5500 11.4203 11.0768 10.9126 10.5865 10.2928 9.9959  9.6531  9.1643  8.9230  8.7555  8.4958  8.2775  8.1457  7.8460  7.1718  6.4607  6.5038  6.8370  6.7994  6.6924  6.6542  6.7559  6.8607  6.9931  6.8972  6.9361  7.0034  7.0638  7.1405  7.1331  7.0164 
12.5547 12.7721 12.7599 12.7843 12.6684 12.5968 12.4565 12.3193 12.2392 12.1459 12.0366 11.9857 11.8563 11.7793 11.7216 11.6951 11.6670 11.5907 11.4120 11.2348 11.0792 10.7838 10.5909 10.2903 10.0020 9.7179  9.4434  9.1728  8.9124  8.6563  8.4079  8.1649  7.9284  7.5433  7.3828  7.2404  7.0338  6.8254  6.6223  6.5546  6.6572  6.7666  6.7579  6.7721  6.7954  6.8600  6.9764  7.0420  7.0734  6.9238 
12.3916 12.4121 12.4277 12.4134 12.4176 12.3223 12.2421 12.1119 11.9848 11.8999 11.8078 11.7093 11.6456 11.5321 11.4549 11.3997 11.3705 11.3376 11.2565 11.0927 10.9233 10.7542 10.4905 10.2823 9.9999  9.7191  9.4427  9.1746  8.9114  8.6569  8.4076  8.1652  7.9284  7.6952  7.4695  7.2486  7.0338  6.8254  6.6223  6.4574  6.5522  6.5591  6.5718  6.5979  6.6606  6.7633  6.8302  6.9028  6.8502  6.8438 
12.0615 12.0774 12.0692 12.0775 12.0681 12.0597 11.9778 11.8937 11.7719 11.6529 11.5653 11.4751 11.3835 11.3128 11.2105 11.1347 11.0814 11.0498 11.0124 10.9288 10.7769 10.6133 10.4382 10.1963 9.9809  9.7124  9.4398  9.1710  8.9093  8.6532  8.4048  8.1620  7.9256  7.6945  7.4677  7.2475  7.0323  6.8230  6.6198  6.4255  6.3611  6.3745  6.4023  6.4628  6.5551  6.6237  6.6845  6.6703  6.6867  6.5329 
