#Value Function.
29.7900 29.8848 30.0124 30.0258 30.0265 30.0268 30.0335 30.0489 30.0808 30.1061 30.1104 30.0872 30.0235 29.9244 29.8137 29.6939 29.5756 29.4736 29.3965 29.3387 29.2838 29.2094 29.0932 28.9216 33.9351 36.5107 37.4453 38.0401 38.6921 39.1674 39.9782 40.1480 41.2070 42.5024 43.7757 44.9443 45.9175 46.6422 47.0981 47.3610 47.5341 47.6000 47.6037 47.5686 47.4157 47.1919 46.8333 46.3238 45.7286 45.5260
28.9121 30.2895 30.2908 30.2891 30.2882 30.2883 30.2935 30.3008 30.3175 30.3278 30.3293 30.3043 30.2509 30.1579 30.0497 29.9287 29.8110 29.7131 29.6417 29.5882 29.5336 29.4543 29.3283 29.1439 35.6757 37.5750 38.1860 38.7316 39.4033 39.8323 40.7290 40.7208 42.0012 43.2956 44.5043 45.5549 46.3760 46.9379 47.2657 47.4755 47.5767 47.5903 47.5805 47.5686 47.4796 47.2812 46.9649 46.5190 45.9668 45.5630
29.0631 30.5333 30.5399 30.5403 30.5380 30.5374 30.5367 30.5397 30.5429 30.5461 30.5290 30.4868 30.4047 30.3023 30.1802 30.0598 29.9607 29.8908 29.8403 29.7894 29.7135 29.5892 29.4036 29.1624 28.8928 37.5993 38.1708 38.7978 39.3109 40.0457 40.3530 41.4813 42.7679 43.9899 45.0703 45.9573 46.6146 47.0272 47.3349 47.4529 47.5014 47.4984 47.5178 47.4753 47.3841 47.2439 46.9894 46.6086 46.1398 45.7196
29.2725 30.7558 30.7822 30.7849 30.7852 30.7822 30.7821 30.7795 30.7764 30.7599 30.7178 30.6479 30.5493 30.4269 30.3036 30.2032 30.1349 30.0876 30.0405 29.9682 29.8458 29.6592 29.4137 29.1374 28.8761 37.5900 38.2070 38.7618 39.4264 39.9182 40.9698 42.2281 43.4416 44.5308 45.4318 46.1429 46.6581 47.0130 47.2093 47.2846 47.3008 47.3017 47.2836 47.2757 47.1839 47.0572 46.8680 46.5885 46.1999 45.7490
29.4433 30.9350 31.0065 31.0254 31.0249 31.0258 31.0216 31.0189 31.0005 30.9586 30.8880 30.7924 30.6683 30.5425 30.4404 30.3740 30.3301 30.2869 30.2184 30.0981 29.9105 29.6607 29.3772 29.1108 28.8995 37.5438 38.2004 38.8419 39.4471 40.4594 41.6832 42.8787 43.9589 44.8703 45.5938 46.1481 46.5401 46.7946 46.9323 46.9695 46.9979 47.0112 46.9924 46.9395 46.8954 46.7886 46.6505 46.4425 46.1364 45.6566
29.5193 31.0125 31.1981 31.2498 31.2635 31.2570 31.2598 31.2413 31.2003 31.1285 31.0338 30.9064 30.7767 30.6724 30.6083 30.5679 30.5288 30.4644 30.3463 30.1578 29.9036 29.6121 29.3398 29.1314 28.9740 37.5479 38.2756 38.9547 39.9475 41.1365 42.3126 43.3787 44.2847 45.0070 45.5779 45.9887 46.2799 46.4386 46.5289 46.5685 46.5956 46.6128 46.6133 46.5778 46.5083 46.4431 46.3374 46.1828 45.9640 45.4434
29.4808 30.9644 31.2857 31.4530 31.4805 31.4881 31.4740 31.4366 31.3651 31.2729 31.1403 31.0062 30.8991 30.8378 30.8012 30.7661 30.7060 30.5906 30.4009 30.1425 29.8421 29.5626 29.3577 29.2113 29.0643 37.6311 38.4481 39.4320 40.5905 41.7458 42.7954 43.6906 44.4088 44.9783 45.3954 45.7010 45.8854 46.0037 46.0583 46.1047 46.1329 46.1471 46.1502 46.1387 46.0960 46.0284 45.9539 45.8385 45.6746 45.1313
29.3723 30.8380 31.2322 31.5464 31.6835 31.6651 31.6509 31.5870 31.5065 31.3696 31.2311 31.1203 31.0628 31.0301 30.9990 30.9435 30.8309 30.6401 30.3778 30.0675 29.7790 29.5780 29.4447 29.3074 29.1276 37.8417 38.9112 40.0446 41.1786 42.2118 43.0940 43.8070 44.3709 44.7899 45.0963 45.2889 45.4200 45.4970 45.5552 45.5925 45.6180 45.6306 45.6354 45.6330 45.6199 45.5765 45.5133 45.4270 45.3050 44.7347
29.2667 30.7087 31.0863 31.4791 31.7357 31.8116 31.7715 31.7184 31.5890 31.4483 31.3345 31.2835 31.2547 31.2274 31.1769 31.0677 30.8752 30.6097 30.2885 29.9889 29.7920 29.6741 29.5475 29.3697 29.1583 38.2905 39.4969 40.6112 41.6280 42.4980 43.2044 43.7612 44.1799 44.4814 44.6803 44.8140 44.9026 44.9679 45.0117 45.0430 45.0648 45.0791 45.0903 45.0957 45.0895 45.0745 45.0349 44.9649 44.8781 44.2920
29.2977 30.7636 30.9020 31.2688 31.6302 31.8240 31.8269 31.7662 31.6506 31.5337 31.4946 31.4729 31.4503 31.4051 31.3012 31.1060 30.8387 30.5055 30.1917 29.9995 29.8996 29.7849 29.6076 29.3975 29.1695 38.8465 40.0422 41.0442 41.9022 42.6015 43.1518 43.5665 43.8652 44.0679 44.2025 44.2955 44.3632 44.4113 44.4508 44.4784 44.4982 44.5101 44.5231 44.5262 44.5298 44.5247 44.5090 44.4642 44.3977 43.7933
29.2422 30.7010 31.0106 31.0189 31.3526 31.6326 31.8066 31.7835 31.6993 31.6887 31.6741 31.6600 31.6242 31.5300 31.3309 31.0650 30.7191 30.3871 30.2000 30.1219 30.0200 29.8411 29.6324 29.4064 29.1746 39.3653 40.4590 41.3067 41.9983 42.5425 42.9532 43.2493 43.4523 43.5886 43.6849 43.7529 43.8048 43.8463 43.8774 43.9022 43.9176 43.9299 43.9393 43.9436 43.9470 43.9496 43.9449 43.9237 43.8815 43.2641
29.1011 30.7298 30.8839 31.1699 30.9527 31.3460 31.6150 31.7978 31.8353 31.8367 31.8272 31.8162 31.7442 31.5407 31.2875 30.9289 30.5743 30.3931 30.3411 30.2538 30.0695 29.8629 29.6390 29.4110 29.1784 39.7615 40.7098 41.3949 41.9332 42.3399 42.6339 42.8369 42.9745 43.0710 43.1401 43.1946 43.2360 43.2697 43.2943 43.3132 43.3279 43.3377 43.3474 43.3512 43.3553 43.3587 43.3607 43.3556 43.3309 42.7020
27.3103 28.5130 29.0076 30.9010 31.1526 30.8565 31.3662 31.6172 31.8377 31.9149 31.9088 31.8973 31.7025 31.4970 31.1275 30.7503 30.5780 30.5580 30.4873 30.2924 30.0891 29.8668 29.6433 29.4140 29.1847 39.9981 40.7898 41.3229 41.7268 42.0188 42.2218 42.3603 42.4572 42.5271 42.5812 42.6232 42.6587 42.6835 42.7028 42.7197 42.7300 42.7393 42.7463 42.7503 42.7542 42.7581 42.7615 42.7630 42.7548 42.1206
27.0903 28.4054 28.7151 29.0591 29.6203 30.3684 30.9443 31.4314 31.6583 31.8593 31.8622 31.7796 31.6461 31.3074 30.9030 30.7484 30.7716 30.7224 30.5083 30.3116 30.0897 29.8715 29.6456 29.4197 29.1977 40.0509 40.6036 41.1126 41.4039 41.6067 41.7461 41.8435 41.9139 41.9679 42.0101 42.0447 42.0703 42.0921 42.1082 42.1192 42.1282 42.1355 42.1423 42.1463 42.1503 42.1542 42.1581 42.1614 42.1598 41.5220
27.1016 28.4267 28.5993 28.9185 29.2184 29.7730 30.5651 31.0451 31.4778 31.6058 31.6292 31.6068 31.3956 31.0094 30.9004 30.9746 30.9598 30.7151 30.5313 30.3075 30.0959 29.8727 29.6508 29.4313 29.2273 29.0481 40.3796 40.7877 40.9908 41.1318 41.2298 41.3007 41.3546 41.3968 41.4308 41.4568 41.4780 41.4940 41.5053 41.5147 41.5245 41.5310 41.5353 41.5393 41.5433 41.5472 41.5512 41.5550 41.5578 40.9191
27.2081 28.5410 28.6127 28.7882 29.1325 29.3697 29.9329 30.7272 30.9922 31.2812 31.2994 31.2621 30.9662 30.9809 31.1564 31.1985 30.9066 30.7501 30.5195 30.3168 30.0953 29.8778 29.6605 29.4596 29.2832 29.1421 40.0435 40.2726 40.5161 40.6150 40.6873 40.7413 40.7835 40.8171 40.8431 40.8640 40.8799 40.8915 40.9011 40.9102 40.9168 40.9213 40.9253 40.9293 40.9333 40.9373 40.9413 40.9452 40.9489 40.3074
27.3268 28.6592 28.7356 28.7935 28.9692 29.3504 29.4816 30.0310 30.7820 30.7156 30.9799 30.7365 30.9527 31.2867 31.4371 31.0704 30.9697 30.7241 30.5351 30.3131 30.1013 29.8842 29.6828 29.5096 29.3708 29.2821 29.2218 39.7829 39.9020 40.0725 40.1270 40.1700 40.2034 40.2294 40.2500 40.2658 40.2776 40.2873 40.2961 40.3026 40.3073 40.3114 40.3154 40.3194 40.3233 40.3273 40.3313 40.3353 40.3392 39.6977
27.4666 28.7990 28.8438 28.9284 28.9621 29.1420 29.5773 29.5351 30.0743 30.7659 30.3785 30.8580 31.3217 31.5811 31.6131 31.2729 30.9303 30.7545 30.5260 30.3214 30.1043 29.8984 29.7139 29.5767 29.4955 29.4476 29.3777 29.2717 39.3456 39.4180 39.5551 39.5888 39.6156 39.6361 39.6518 39.6637 39.6734 39.6819 39.6884 39.6932 39.6974 39.7014 39.7054 39.7094 39.7134 39.7174 39.7214 39.7253 39.7293 39.0878
27.6407 28.9812 28.9733 29.0257 29.1212 29.1154 29.2884 29.7802 29.5004 30.0457 30.7850 31.3648 31.6867 31.7848 31.6953 31.4274 31.0927 30.7654 30.5478 30.3208 30.1107 29.9145 29.7616 29.6527 29.6136 29.5822 29.5050 29.3673 29.1424 38.8294 38.8918 39.0005 39.0213 39.0376 39.0498 39.0595 39.0678 39.0743 39.0792 39.0834 39.0874 39.0914 39.0954 39.0994 39.1034 39.1074 39.1114 39.1154 39.1193 38.4778
27.7990 29.1364 29.1635 29.1407 29.2042 29.3136 29.2501 29.4270 30.0205 30.8148 31.4758 31.8376 31.9606 31.8912 31.6357 31.4837 31.2263 30.9047 30.5875 30.3440 30.1161 29.9154 29.7638 29.6913 29.6663 29.6373 29.5494 29.3748 29.1454 29.9820 38.2771 38.3315 38.4071 38.4350 38.4453 38.4537 38.4601 38.4651 38.4694 38.4734 38.4774 38.4814 38.4854 38.4894 38.4934 38.4974 38.5014 38.5054 38.5093 37.8679
27.9964 29.3509 29.2972 29.3481 29.2990 29.3806 29.5121 30.1252 30.9469 31.6354 32.0215 32.1363 32.0711 31.9184 31.7029 31.4607 31.2734 31.0205 30.7107 30.3999 30.1443 29.9252 29.7669 29.6912 29.6668 29.6376 29.5508 29.3772 29.1481 29.0161 30.4310 36.1705 37.7481 37.8063 37.8388 37.8457 37.8510 37.8554 37.8594 37.8634 37.8674 37.8714 37.8754 37.8794 37.8834 37.8874 37.8914 37.8954 37.8993 37.2579
28.1135 29.4454 29.5439 29.4448 29.5579 29.6010 30.2566 31.1365 31.8441 32.2273 32.3262 32.2591 32.1107 31.8973 31.7206 31.5064 31.2731 31.0652 30.8122 30.5110 30.2090 29.9593 29.7812 29.6602 29.6130 29.5793 29.5026 29.3681 29.1481 28.9122 28.9163 30.4634 34.7182 37.1542 37.2020 37.2362 37.2410 37.2453 37.2494 37.2534 37.2574 37.2614 37.2654 37.2694 37.2734 37.2774 37.2814 37.2853 37.2893 36.6479
28.3743 29.7583 29.5680 29.7598 29.6671 30.3886 31.3372 32.0753 32.4490 32.5291 32.4487 32.2988 32.1217 31.9223 31.7129 31.5218 31.3071 31.0774 30.8564 30.6013 30.3078 30.0168 29.7737 29.6287 29.5433 29.4855 29.4017 29.2686 29.1096 28.8898 28.6777 28.7945 30.2890 33.6512 36.5537 36.5940 36.6239 36.6336 36.6392 36.6433 36.6474 36.6514 36.6554 36.6593 36.6633 36.6673 36.6713 36.6753 36.6793 36.0378
28.3530 29.6474 30.0055 29.6912 30.5177 31.5466 32.3139 32.6778 32.7350 32.6408 32.4862 32.3104 32.1258 31.9334 31.7313 31.5224 31.3215 31.1048 30.8754 30.6453 30.3878 30.1028 29.8190 29.5855 29.4425 29.3440 29.2525 29.1465 29.0080 28.8383 28.6257 28.4443 28.6356 30.0131 32.8150 35.3023 35.8498 36.0127 36.0256 36.0325 36.0371 36.0413 36.0453 36.0493 36.0533 36.0573 36.0613 36.0653 36.0692 35.4278
28.8575 30.3320 29.6489 30.6479 31.7617 32.5573 32.9066 32.9379 32.8298 32.6712 32.4963 32.3145 32.1285 31.9388 31.7421 31.5372 31.3267 31.1187 30.8990 30.6682 30.4314 30.1716 29.8899 29.6112 29.3785 29.2174 29.0981 28.9923 28.8772 28.7361 28.5634 28.3583 28.2067 28.4401 29.6879 32.0488 34.2264 35.0553 35.3357 35.4034 35.4225 35.4301 35.4350 35.4392 35.4432 35.4472 35.4512 35.4552 35.4592 34.8178
28.3447 29.4973 30.7911 31.9836 32.8052 33.1344 33.1353 33.0136 32.8518 32.6784 32.4995 32.3169 32.1308 31.9411 31.7474 31.5472 31.3395 31.1265 30.9128 30.6897 30.4563 30.2141 29.9520 29.6710 29.3946 29.1567 28.9785 28.8441 28.7270 28.6044 28.4594 28.2847 28.0872 27.9614 28.2133 29.3313 31.3413 33.2725 34.2463 34.6395 34.7676 34.8077 34.8216 34.8283 34.8329 34.8371 34.8412 34.8452 34.8491 34.2077
29.6381 30.9728 32.2115 33.0583 33.3612 33.3263 33.1922 33.0281 32.8570 32.6810 32.5018 32.3191 32.1330 31.9433 31.7501 31.5526 31.3489 31.1380 30.9221 30.7034 30.4766 30.2401 29.9932 29.7285 29.4477 29.1708 28.9272 28.7359 28.5872 28.4585 28.3278 28.1783 28.0020 27.8119 27.7063 27.9603 28.9549 30.6815 32.4070 33.4444 33.9307 34.1199 34.1870 34.2108 34.2208 34.2265 34.2309 34.2350 34.2390 33.5976
31.1477 32.4358 33.3176 33.5871 33.5097 33.3658 33.2003 33.0320 32.8590 32.6832 32.5039 32.3213 32.1351 31.9456 31.7524 31.5555 31.3542 31.1468 30.9328 30.7135 30.4903 30.2596 30.0195 29.7684 29.5010 29.2196 28.9415 28.6924 28.4894 28.3271 28.1867 28.0476 27.8928 27.7150 27.5316 27.4408 27.6856 28.5661 30.0604 31.6088 32.6602 33.2164 33.4628 33.5602 33.5972 33.6121 33.6196 33.6246 33.6289 32.9873
32.6035 33.5665 33.8087 33.6838 33.5346 33.3686 33.2038 33.0336 32.8613 32.6852 32.5060 32.3234 32.1374 31.9478 31.7547 31.5579 31.3573 31.1521 30.9411 30.7237 30.5009 30.2733 30.0386 29.7947 29.5395 29.2693 28.8011 28.4495 28.1224 27.8242 27.5578 27.8029 27.7401 27.5981 27.4225 27.2456 27.1650 27.3938 28.1713 29.4717 30.8645 31.8988 32.5031 32.7992 32.9280 32.9805 33.0021 33.0121 33.0180 32.3760
33.5593 33.8815 33.8261 33.6996 33.5328 33.3726 33.2049 33.0361 32.8631 32.6874 32.5081 32.3256 32.1395 31.9500 31.7570 31.5602 31.3598 31.1554 30.9464 30.7316 30.5107 30.2842 30.0524 29.6666 29.3421 29.0217 28.6932 28.3707 28.0772 27.8180 27.5795 27.3446 27.1025 27.3452 27.2777 27.1211 26.9543 26.8813 27.0915 27.7753 28.9117 30.1637 31.1617 31.7939 32.1315 32.2911 32.3607 32.3904 32.4039 31.7602
33.2937 33.8406 33.8456 33.6929 33.5387 33.3727 33.2077 33.0377 32.8654 32.6894 32.5103 32.3277 32.1417 31.9523 31.7592 31.5625 31.3620 31.1569 30.9444 30.7183 30.4683 30.1877 29.8841 29.5748 29.2616 28.9359 28.6144 28.3249 28.0733 27.8429 27.6151 27.3789 27.1307 26.8703 26.5999 26.8651 26.7963 26.6585 26.5938 26.7864 27.3870 28.3773 29.5006 30.4492 31.0924 31.4623 31.6503 31.7379 31.7770 31.1287
31.9371 33.1644 33.6056 33.6539 33.5265 33.3741 33.2084 33.0399 32.8672 32.6915 32.5123 32.3299 32.1439 31.9545 31.7615 31.5648 31.3637 31.1560 30.9353 30.6905 30.4128 30.1103 29.8045 29.4977 29.1744 28.8530 28.5672 28.3236 28.1016 27.8809 27.6504 27.4073 27.1516 26.8851 26.6113 26.3348 26.4959 26.4695 26.3657 26.3230 26.4942 27.0084 27.8677 28.8678 29.7590 30.4003 30.7936 31.0068 31.1124 30.4544
30.2679 31.6290 32.7643 33.2926 33.4214 33.3435 33.2029 33.0395 32.8689 32.6934 32.5145 32.3320 32.1461 31.9567 31.7637 31.5667 31.3636 31.1484 30.9090 30.6343 30.3318 30.0292 29.7301 29.4089 29.0864 28.8041 28.5691 28.3556 28.1419 27.9169 27.6789 27.4280 27.1659 26.8952 26.6196 26.3459 26.0859 26.1774 26.1775 25.5123 25.2526 25.0111 26.3788 27.3191 28.2491 29.0862 29.7175 30.1268 30.3617 29.6893
28.8080 29.9773 31.2670 32.3647 32.9675 33.1721 33.1450 33.0234 32.8654 32.6940 32.5161 32.3341 32.1483 31.9590 31.7658 31.5672 31.3575 31.1239 30.8522 30.5488 30.2488 29.9592 29.6396 29.3146 29.0355 28.8099 28.6052 28.3985 28.1785 27.9454 27.6993 27.4416 27.1748 26.9020 26.6264 26.3555 26.1014 25.8613 25.6706 25.4879 25.2782 25.0533 24.7799 24.4795 26.4699 27.5748 28.4144 29.0416 29.4627 28.7761
29.2631 30.7466 30.1504 31.0126 32.0019 32.6403 32.9091 32.9321 32.8345 32.6851 32.5149 32.3352 32.1502 31.9611 31.7669 31.5626 31.3352 31.0669 30.7612 30.4627 30.1853 29.8669 29.5375 29.2613 29.0463 28.8505 28.6506 28.4354 28.2070 27.9656 27.7125 27.4500 27.1804 26.9062 26.6300 26.3588 26.1046 25.8817 25.6897 25.4985 25.3038 25.0720 24.8022 24.4927 24.4101 25.8071 26.9050 27.7446 28.3708 27.6782
28.7787 30.1072 30.4024 30.1614 30.8001 31.6726 32.3171 32.6361 32.7062 32.6359 32.4982 32.3309 32.1503 31.9627 31.7639 31.5431 31.2788 30.9693 30.6701 30.4092 30.0911 29.7550 29.4812 29.2786 29.0916 28.8985 28.6875 28.4639 28.2269 27.9784 27.7204 27.4552 27.1844 26.9097 26.6331 26.3620 26.1075 25.8842 25.6919 25.5025 25.2985 25.0783 24.8039 24.4972 24.1938 24.2106 25.2406 26.2583 27.0818 26.3981
28.7319 30.1281 30.0020 30.1465 30.0870 30.6011 31.3691 32.0010 32.3563 32.4690 32.4275 32.3041 32.1417 31.9611 31.7474 31.4883 31.1735 30.8700 30.6318 30.3127 29.9667 29.6949 29.5072 29.3285 29.1423 28.9348 28.7160 28.4834 28.2393 27.9858 27.7253 27.4590 27.1877 26.9128 26.6343 26.3592 26.0981 25.8670 25.6581 25.4755 25.2808 25.0362 24.7847 24.4865 24.1672 23.8862 23.9370 24.7250 25.6386 24.9973
28.4727 29.8313 29.9043 29.8514 29.9305 29.9650 30.4038 31.0843 31.6933 32.0731 32.2228 32.2101 32.1033 31.9481 31.6957 31.3746 31.0601 30.8545 30.5321 30.1724 29.9017 29.7328 29.5612 29.3824 29.1773 28.9636 28.7351 28.4953 28.2461 27.9903 27.7289 27.4623 27.1908 26.9153 26.6371 26.3567 26.0865 25.8302 25.6173 25.4055 25.2101 24.9897 24.7329 24.4558 24.1483 23.8291 23.5681 23.6200 24.2376 23.6908
28.3086 29.6790 29.6579 29.6965 29.6781 29.7314 29.8154 30.2052 30.8146 31.3956 31.7903 31.9719 31.9876 31.9004 31.5732 31.2361 31.0794 30.7490 30.3717 30.1007 29.9565 29.7894 29.6190 29.4147 29.2068 28.9821 28.7466 28.5016 28.2504 27.9937 27.7321 27.4655 27.1938 26.9177 26.6387 26.3564 26.0779 25.8082 25.5573 25.3313 25.1131 24.8967 24.6621 24.3988 24.1124 23.8016 23.4839 23.2377 23.2749 22.8293
28.0966 29.4551 29.4904 29.4741 29.4948 29.4931 29.5400 29.6515 30.0084 30.5592 31.1109 31.5160 31.7231 31.7691 31.3894 31.3062 30.9615 30.5635 30.2898 30.1801 30.0124 29.8530 29.6468 29.4458 29.2244 28.9933 28.7522 28.5056 28.2536 27.9969 27.7352 27.4686 27.1970 26.9206 26.6397 26.3567 26.0709 25.7893 25.5179 25.2604 25.0234 24.7925 24.5633 24.3203 24.0523 23.7607 23.4473 23.1322 22.8947 22.4926
27.9100 29.2693 29.2786 29.2925 29.3000 29.3312 29.3121 29.3551 29.4845 29.8215 30.3282 30.8538 31.2659 31.5038 31.5370 31.1599 30.7424 30.4622 30.4039 30.2274 30.0855 29.8727 29.6812 29.4620 29.2354 28.9981 28.7561 28.5086 28.2567 27.9999 27.7383 27.4718 27.2002 26.9236 26.6422 26.3565 26.0685 25.7787 25.4926 25.2146 24.9498 24.7013 24.4616 24.2223 23.9710 23.6981 23.4023 23.0866 22.7736 22.3829
27.7080 29.0610 29.0877 29.0993 29.1237 29.1262 29.1791 29.2741 29.2247 29.3556 29.6707 30.1505 30.6488 31.0573 31.3267 30.8840 30.5982 30.6241 30.4284 30.3158 30.0905 29.9138 29.6947 29.4733 29.2391 29.0019 28.7588 28.5117 28.2596 28.0029 27.7414 27.4749 27.2034 26.9268 26.6451 26.3587 26.0678 25.7744 25.4799 25.1879 24.9032 24.6302 24.3721 24.1229 23.8744 23.6157 23.3376 23.0375 22.7194 22.3293
27.5135 28.8637 28.8927 28.9149 28.9319 28.9892 29.0770 29.0869 29.2035 29.1660 29.2887 29.6013 30.0469 30.5401 30.9699 30.6401 30.8104 30.5951 30.5390 30.2936 30.1439 29.9221 29.7072 29.4754 29.2432 29.0043 28.7619 28.5145 28.2626 28.0059 27.7445 27.4781 27.2066 26.9301 26.6484 26.3615 26.0697 25.7735 25.4746 25.1745 24.8764 24.5850 24.3042 24.0368 23.7783 23.5209 23.2545 22.9706 22.6660 22.2740
27.3195 28.6659 28.7034 28.7300 28.7900 28.8770 28.9338 29.0436 29.1017 29.2251 29.1791 29.2992 29.6199 30.0392 30.5542 30.9018 30.6710 30.7234 30.4620 30.3687 30.1402 29.9371 29.7068 29.4801 29.2450 29.0075 28.7646 28.5175 28.2656 28.0090 27.7475 27.4812 27.2098 26.9334 26.6517 26.3647 26.0725 25.7753 25.4737 25.1691 24.8631 24.5588 24.2606 23.9721 23.6957 23.4279 23.1615 22.8873 22.5973 22.2033
27.1305 28.4731 28.5207 28.5823 28.6674 28.7483 28.8728 28.9917 29.1453 29.1875 29.3199 29.5594 29.4214 29.6918 30.1118 30.5688 30.8547 30.5739 30.5682 30.3382 30.1598 29.9318 29.7131 29.4811 29.2486 29.0099 28.7676 28.5203 28.2686 28.0120 27.7506 27.4843 27.2130 26.9366 26.6550 26.3681 26.0758 25.7782 25.4755 25.1683 24.8578 24.5459 24.2353 23.9301 23.6339 23.3486 23.0715 22.7961 22.5140 22.1193
26.9522 28.2909 28.3680 28.4528 28.5459 28.6778 28.8275 29.0062 29.1144 29.2979 29.5016 29.4715 29.6632 29.5678 29.7818 30.1656 30.5317 30.7255 30.4994 30.3734 30.1469 29.9415 29.7124 29.4854 29.2506 29.0131 28.7703 28.5233 28.2715 28.0150 27.7537 27.4875 27.2162 26.9399 26.6583 26.3715 26.0792 25.7815 25.4784 25.1701 24.8571 24.5408 24.2227 23.9058 23.5936 23.2895 22.9954 22.7090 22.4246 22.0308
26.7970 28.1340 28.2331 28.3329 28.4667 28.6251 28.8101 28.9708 29.1703 29.3744 29.4346 29.5619 29.5624 29.6841 29.6022 29.8045 30.1027 30.3582 30.4893 30.3161 30.1517 29.9331 29.7167 29.4864 29.2540 29.0156 28.7733 28.5262 28.2745 28.0181 27.7568 27.4906 27.2194 26.9431 26.6616 26.3749 26.0827 25.7850 25.4818 25.1730 24.8590 24.5402 24.2178 23.8936 23.5701 23.2508 22.9389 22.6360 22.3404 21.9485
26.6654 27.9958 28.1136 28.2484 28.4091 28.5924 28.7722 28.9768 29.1891 29.2820 29.4061 29.4308 29.5152 29.5270 29.6329 29.5638 29.6835 29.9106 30.1252 30.2163 30.0899 29.9207 29.7089 29.4877 29.2554 29.0185 28.7760 28.5291 28.2775 28.0211 27.7599 27.4938 27.2226 26.9464 26.6650 26.3782 26.0861 25.7885 25.4853 25.1764 24.8619 24.5421 24.2174 23.8889 23.5583 23.2282 22.9016 22.5818 22.2702 21.8796
26.6110 27.8820 28.0218 28.1833 28.3643 28.5504 28.7528 28.9562 29.0761 29.1868 29.2449 29.3093 29.3429 29.4212 29.3924 29.4413 29.3991 29.4826 29.6682 29.8556 29.9362 29.8447 29.6829 29.4771 29.2542 29.0195 28.7785 28.5318 28.2804 28.0241 27.7630 27.4969 27.2258 26.9497 26.6683 26.3816 26.0895 25.7920 25.4888 25.1800 24.8654 24.5451 24.2193 23.8885 23.5538 23.2168 22.8798 22.5460 22.2182 21.7900
27.1942 27.5774 27.7564 27.9210 28.1010 28.2889 28.4903 28.6882 28.8194 28.9290 29.0008 29.0602 29.1026 29.1706 29.1565 29.1993 29.1679 29.2452 29.4103 29.5783 29.6495 29.5654 29.4043 29.1974 28.9706 28.7314 28.4852 28.2332 27.9762 27.7142 27.4473 27.1753 26.8982 26.6159 26.3283 26.0353 25.7367 25.4325 25.1227 24.8070 24.4854 24.1580 23.8250 23.4869 23.1448 22.8003 22.4558 22.1158 21.8011 21.7512
