#Value Function.
14941.39 15441.02 15959.97 16491.72 17035.95 17592.88 18160.78 18737.89 19307.24 19847.68 20292.71 20670.86 20992.89 21403.22 21849.91 22305.16 22745.22 23176.58 23595.11 24008.60 24437.87 24889.28 25366.46 25818.81 26201.83 26535.91 26759.83 26940.89 27048.66 27129.06 27100.55 27020.38 26844.75 26632.04 26393.79 26081.28 25673.50 25194.04 24707.94 24275.06 23934.88 23730.12 23632.70 23576.43 23540.23 23510.45 23470.19 23394.80 23260.70 23059.80
15245.31 15655.26 16181.41 16720.50 17272.97 17838.34 18417.22 19007.50 19609.23 20203.72 20775.74 21232.84 21623.99 21934.81 22367.60 22834.64 23306.39 23767.95 24216.62 24653.68 25084.82 25530.63 26000.00 26504.02 26981.44 27374.08 27728.25 27915.13 28003.93 28075.46 28042.07 27999.41 27829.90 27590.88 27268.94 26837.01 26326.05 25813.44 25362.63 25014.82 24772.27 24616.55 24522.75 24466.42 24430.58 24402.82 24366.74 24295.56 24157.83 23661.46
15317.45 15674.58 16201.16 16740.90 17293.84 17860.68 18440.56 19034.80 19639.81 20259.33 20870.75 21472.34 21930.32 22333.46 22612.57 23072.59 23542.92 24041.83 24522.56 24987.28 25437.98 25881.86 26338.47 26819.01 27345.17 27839.54 28223.35 28595.20 28750.84 28792.99 28823.60 28674.27 28450.50 28141.58 27692.36 27159.36 26627.26 26164.20 25814.40 25574.76 25423.23 25333.68 25280.20 25246.10 25219.92 25185.41 25113.78 24970.42 24734.44 24164.35
15341.63 15691.37 16218.41 16758.48 17312.07 17879.08 18460.63 19054.57 19664.19 20283.01 20918.99 21545.07 22178.63 22629.06 23032.15 23272.15 23748.74 24251.69 24784.30 25286.43 25775.19 26241.07 26696.79 27163.62 27650.85 28191.98 28688.62 29044.01 29359.81 29430.77 29358.00 29200.12 28987.15 28535.32 27996.74 27453.90 26981.42 26630.97 26395.54 26249.41 26165.00 26114.65 26082.27 26057.56 26024.38 25951.68 25800.91 25555.08 25213.35 24631.23
15359.00 15708.17 16235.57 16776.16 17330.01 17897.82 18479.20 19075.43 19683.56 20308.78 20938.71 21590.81 22218.67 22876.65 23297.48 23706.44 23851.20 24420.38 24980.54 25546.95 26077.02 26586.76 27066.58 27530.26 28002.72 28480.57 29007.89 29436.05 29711.10 29834.91 29786.62 29686.61 29331.91 28833.29 28283.77 27811.48 27467.63 27238.82 27098.47 27019.52 26972.18 26941.35 26918.08 26886.47 26812.95 26653.98 26393.97 26038.36 25589.22 25003.71
15375.67 15724.94 16252.81 16793.74 17348.19 17916.12 18498.58 19094.05 19704.94 20326.16 20964.92 21601.02 22259.99 22857.46 23513.00 23812.22 23937.19 24476.66 25108.31 25730.74 26340.26 26890.18 27417.61 27906.53 28374.06 28841.65 29280.87 29750.03 30009.86 30048.60 30050.46 29911.12 29570.43 29090.24 28649.76 28321.34 28104.18 27971.11 27898.00 27853.46 27823.95 27802.12 27772.34 27698.37 27530.32 27254.84 26881.70 26415.59 25848.56 25266.57
15392.25 15741.76 16270.00 16811.44 17366.17 17934.85 18517.16 19114.17 19723.31 20348.90 20979.80 21629.56 22252.38 22867.01 23279.36 23467.35 23887.36 24481.89 25159.85 25862.30 26520.67 27162.04 27721.97 28252.50 28744.22 29179.92 29599.22 29914.73 30202.87 30269.97 30270.23 30156.72 29825.43 29470.38 29186.24 28988.26 28866.72 28801.18 28759.13 28730.66 28710.44 28681.00 28602.51 28424.31 28131.54 27744.38 27261.99 26667.68 26019.22 25443.53
15408.85 15758.55 16287.26 16829.05 17384.34 17953.14 18536.29 19132.04 19742.60 20362.40 20994.11 21608.69 22194.19 22608.16 22874.67 23288.62 23861.14 24483.13 25189.14 25919.45 26654.26 27329.30 27994.09 28546.63 29064.88 29523.90 29926.31 30309.54 30453.22 30548.17 30526.71 30406.61 30221.75 30036.12 29885.10 29781.77 29728.62 29689.83 29662.02 29644.13 29610.77 29526.85 29319.60 29007.89 28600.96 28118.37 27499.46 26830.26 26154.30 25579.92
15425.42 15775.32 16304.48 16846.74 17402.25 17971.50 18553.82 19149.45 19754.59 20365.97 20960.91 21510.22 21918.31 22227.85 22654.11 23208.35 23822.94 24495.25 25200.44 25946.28 26707.71 27463.35 28137.19 28774.03 29278.16 29739.06 30174.87 30615.51 30945.32 31027.02 31027.81 30929.58 30880.36 30795.98 30717.90 30677.05 30644.95 30618.58 30603.68 30570.02 30478.43 30237.94 29883.40 29411.69 28914.16 28297.56 27648.64 26963.63 26220.54 25690.57
15441.94 15791.84 16321.70 16864.20 17419.90 17988.29 18568.87 19158.20 19749.49 20319.89 20837.72 21239.21 21577.36 22008.52 22548.89 23153.20 23808.71 24494.89 25220.86 25967.67 26731.13 27493.04 28221.89 28861.34 29381.76 29808.40 30266.03 30769.61 31282.20 31607.22 31738.45 31766.88 31713.54 31675.62 31646.55 31625.76 31601.07 31589.97 31555.32 31464.70 31183.49 30743.49 30184.65 29617.73 29019.78 28407.16 27743.06 27014.45 26254.80 25756.31
15458.16 15807.73 16338.68 16881.12 17435.75 18001.40 18574.04 19144.82 19690.64 20181.10 20576.61 20931.77 21363.80 21894.76 22487.61 23127.91 23800.57 24506.86 25237.87 25988.66 26754.66 27518.12 28243.34 28884.68 29389.65 29832.37 30257.72 30805.27 31460.54 32084.60 32480.92 32628.22 32665.63 32643.21 32635.39 32608.68 32603.81 32568.66 32485.36 32170.77 31663.55 30974.40 30283.43 29638.17 29027.30 28446.11 27788.82 27046.54 26278.35 25794.99
15473.90 15823.58 16354.86 16895.85 17446.65 18002.39 18552.49 19074.88 19542.31 19932.65 20297.15 20728.58 21249.73 21832.70 22458.66 23117.31 23806.78 24519.82 25255.53 26010.14 26778.12 27539.51 28264.26 28894.40 29383.66 29809.21 30275.08 30796.98 31522.68 32303.79 33033.70 33470.34 33612.23 33669.43 33642.54 33646.65 33608.11 33540.25 33193.20 32650.03 31868.12 31058.69 30292.27 29620.43 29028.48 28396.16 27773.85 27051.68 26286.94 25814.51
15489.48 15838.90 16368.28 16904.27 17443.08 17973.02 18473.37 18921.01 19306.50 19676.99 20106.88 20618.43 21189.66 21802.17 22446.65 23120.04 23816.91 24535.88 25275.83 26029.14 26780.06 27521.39 28205.82 28758.45 29256.86 29706.00 30159.25 30790.45 31514.52 32374.71 33246.25 34060.43 34520.74 34650.48 34716.54 34672.92 34630.38 34242.36 33674.78 32821.85 31940.53 31058.78 30247.81 29576.98 28925.87 28338.41 27681.48 27008.24 26282.06 25822.52
15504.04 15850.82 16373.97 16895.92 17406.38 17886.30 18317.41 18698.39 19073.10 19500.94 20003.29 20562.26 21160.47 21791.27 22448.76 23129.41 23832.05 24553.64 25289.45 26024.95 26746.04 27431.15 28008.85 28554.53 29053.07 29513.52 30066.26 30727.21 31529.89 32394.48 33329.16 34242.19 35138.44 35614.51 35697.87 35738.14 35310.71 34732.30 33805.52 32890.11 31956.10 31064.90 30223.11 29458.57 28793.95 28160.92 27555.15 26903.57 26232.48 25812.55
15514.46 15853.57 16360.80 16852.58 17313.91 17731.98 18113.91 18515.82 18954.90 19428.15 19953.21 20538.36 21153.00 21794.32 22458.41 23145.17 23850.23 24567.67 25283.92 25983.50 26644.01 27229.68 27799.36 28317.68 28819.61 29362.35 29979.39 30725.22 31530.93 32425.57 33349.40 34324.95 35265.17 36194.81 36590.09 36237.20 35803.29 34805.21 33869.88 32899.54 31986.06 31076.97 30209.67 29393.26 28646.82 27990.64 27366.48 26766.06 26128.37 25761.18
15514.52 15836.99 16318.99 16797.39 17308.56 17800.87 18260.06 18699.63 19128.41 19574.87 20058.05 20587.66 21176.68 21807.66 22476.96 23163.93 23866.36 24567.20 25251.43 25888.18 26468.45 27030.65 27559.56 28090.64 28642.68 29251.65 29955.36 30709.92 31553.28 32447.07 33387.59 34336.49 35333.60 36149.91 36739.61 36622.87 35754.49 34872.97 33866.08 32938.74 31997.92 31101.85 30216.46 29370.94 28573.43 27844.13 27195.41 26584.64 25991.20 25659.05
15496.94 15803.98 16308.92 16841.03 17372.36 17898.85 18406.12 18874.87 19317.91 19745.58 20201.45 20694.48 21234.26 21849.04 22499.23 23185.34 23871.91 24557.27 25193.27 25760.71 26308.44 26837.05 27360.24 27904.17 28526.14 29203.92 29920.31 30721.08 31570.96 32475.48 33400.73 34347.00 35193.45 35923.44 36128.73 36223.52 35725.00 34802.39 33913.42 32943.22 32030.85 31116.59 30238.90 29376.05 28550.03 27771.04 27057.92 26419.54 25817.98 25522.59
15471.49 15801.98 16330.20 16869.68 17417.05 17961.07 18502.42 19019.12 19491.04 19932.51 20346.23 20814.77 21317.59 21885.51 22531.65 23201.00 23883.67 24522.03 25112.18 25681.42 26198.18 26708.38 27196.40 27795.05 28447.67 29145.45 29908.02 30723.46 31587.06 32481.81 33379.31 34183.55 34841.99 35114.33 35267.93 35255.67 35225.58 34709.07 33847.60 32975.14 32040.03 31145.16 30255.38 29396.56 28555.20 27748.40 26987.50 26290.02 25659.15 25355.63
15470.48 15819.29 16348.91 16891.21 17444.22 18004.29 18560.54 19105.92 19608.43 20068.00 20488.89 20904.53 21388.02 21933.22 22554.07 23226.58 23898.16 24519.46 25131.50 25681.75 26169.63 26612.46 27141.43 27715.88 28373.77 29102.85 29886.44 30719.59 31581.34 32432.55 33189.19 33778.12 34055.61 34193.25 34220.65 34272.61 34257.24 34198.06 33715.65 32910.89 32059.98 31156.60 30280.77 29413.99 28574.24 27753.51 26965.59 26222.38 25536.79 25201.62
15485.58 15836.09 16366.87 16910.08 17465.73 18030.18 18599.10 19149.61 19670.10 20113.82 20551.71 20983.77 21441.72 21974.77 22585.91 23244.97 23921.45 24585.55 25184.54 25713.95 26152.31 26602.91 27113.01 27668.98 28331.79 29073.16 29871.56 30697.47 31505.07 32213.90 32748.41 33020.79 33147.70 33185.91 33226.60 33241.34 33284.47 33276.94 33199.69 32747.33 31992.93 31166.75 30292.83 29436.95 28592.09 27771.38 26970.56 26201.20 25471.98 25083.95
15501.93 15852.44 16384.04 16928.08 17483.28 18049.60 18615.37 19171.09 19678.59 20142.19 20562.76 20998.40 21457.53 21994.01 22605.50 23265.68 23945.10 24602.79 25210.19 25703.19 26144.58 26609.57 27068.92 27626.96 28298.41 29049.19 29834.94 30597.40 31259.36 31749.16 32011.53 32131.90 32175.63 32210.68 32231.20 32266.13 32284.97 32322.14 32318.67 32228.91 31803.34 31094.10 30294.54 29448.48 28613.06 27789.28 26987.47 26205.98 25451.53 25020.23
15517.96 15868.03 16400.82 16943.68 17498.00 18056.13 18613.75 19150.21 19662.43 20114.08 20561.01 20983.14 21441.48 21993.28 22625.78 23287.15 23960.98 24611.06 25146.81 25633.82 26105.98 26481.00 26977.56 27561.76 28252.71 28991.73 29709.65 30326.82 30778.00 31028.25 31143.93 31190.44 31222.64 31245.79 31276.27 31298.60 31330.21 31351.44 31384.45 31382.61 31284.41 30882.97 30214.55 29442.58 28623.26 27808.53 27005.17 26222.07 25459.02 24999.45
15533.50 15883.99 16415.69 16956.38 17502.79 18049.46 18579.95 19099.98 19569.50 20032.63 20479.18 20902.30 21412.66 21992.13 22629.33 23280.00 23922.06 24478.50 25025.67 25518.07 25904.86 26339.92 26872.51 27488.27 28172.55 28845.67 29418.25 29834.62 30071.65 30183.89 30231.11 30261.81 30285.91 30313.19 30336.89 30365.37 30388.65 30417.86 30440.44 30470.43 30468.70 30365.08 29985.54 29354.30 28610.27 27816.80 27022.81 26239.36 25474.36 25005.43
15548.87 15897.90 16426.37 16958.26 17489.82 18009.39 18515.80 18995.15 19458.51 19896.88 20342.87 20821.14 21372.93 21980.09 22604.86 23217.25 23771.71 24320.81 24816.61 25241.23 25671.43 26163.16 26741.82 27380.06 28000.36 28534.33 28918.24 29143.76 29252.54 29303.14 29332.45 29354.11 29380.17 29401.99 29427.18 29450.30 29477.27 29500.92 29528.29 29551.60 29579.27 29576.75 29469.93 29110.43 28513.24 27797.06 27028.74 26255.44 25488.47 25019.75
15561.84 15906.58 16425.59 16941.07 17446.22 17937.50 18407.73 18861.91 19300.27 19742.52 20226.62 20756.50 21344.19 21940.58 22524.30 23069.52 23596.32 24080.97 24515.48 24959.29 25444.81 25993.05 26593.26 27174.57 27671.27 28027.38 28244.93 28353.40 28404.66 28440.91 28462.16 28481.34 28499.11 28520.63 28539.99 28563.21 28585.47 28611.21 28634.91 28660.81 28684.48 28710.27 28706.45 28598.08 28257.03 27691.21 27002.47 26258.73 25502.79 25033.75
15568.70 15903.14 16405.07 16895.08 17371.01 17828.76 18271.64 18703.72 19143.97 19621.01 20145.74 20709.86 21286.84 21847.72 22376.68 22882.39 23352.48 23785.61 24228.59 24714.41 25248.92 25817.09 26366.93 26829.26 27160.84 27370.44 27480.03 27541.74 27591.11 27632.10 27655.41 27657.10 27661.34 27669.79 27685.86 27699.72 27720.08 27741.91 27766.59 27790.17 27814.90 27838.61 27862.80 27857.44 27748.73 27424.76 26887.97 26226.11 25503.17 25046.50
15562.78 15879.59 16356.75 16818.09 17262.85 17694.18 18118.84 18554.61 19025.66 19539.27 20088.03 20644.02 21185.74 21697.65 22185.09 22640.96 23069.64 23509.68 23987.69 24510.37 25054.50 25571.68 26005.35 26317.85 26520.42 26634.47 26719.94 26791.50 26863.31 26924.48 26942.29 26924.05 26895.51 26864.80 26861.85 26869.13 26879.60 26897.95 26919.14 26942.89 26966.21 26989.97 27013.51 27036.26 27029.31 26921.17 26613.08 26103.29 25464.37 25043.94
15536.52 15829.10 16278.44 16710.73 17131.34 17548.38 17978.65 18442.26 18944.48 19476.65 20014.82 20537.82 21034.03 21504.70 21947.60 22370.38 22804.97 23274.96 23782.27 24303.35 24792.91 25199.77 25495.82 25691.08 25813.22 25911.46 26026.02 26168.69 26281.92 26361.19 26375.70 26330.13 26219.14 26154.28 26090.77 26071.17 26070.74 26079.08 26096.18 26116.67 26139.58 26162.53 26185.47 26208.70 26230.13 26221.62 26114.72 25821.47 25333.65 24999.24
15484.00 15749.85 16172.16 16582.69 16992.28 17416.52 17871.98 18362.60 18878.81 19399.33 19905.01 20385.67 20841.27 21272.27 21688.63 22117.20 22577.73 23069.39 23567.96 24031.02 24413.93 24693.88 24881.65 25008.01 25120.05 25264.48 25459.00 25665.63 25811.61 25930.45 25900.04 25844.62 25733.85 25538.59 25414.36 25328.45 25297.56 25291.75 25298.39 25314.27 25334.01 25356.14 25378.66 25400.88 25423.70 25443.88 25433.92 25328.78 25046.24 24861.10
15403.85 15644.90 16047.83 16450.06 16867.88 17314.95 17793.89 18294.98 18800.24 19289.31 19754.80 20196.04 20614.32 21023.88 21445.85 21896.31 22372.10 22848.80 23287.04 23647.86 23913.01 24093.99 24223.47 24348.10 24512.79 24744.36 25021.93 25289.22 25496.89 25518.18 25552.80 25453.46 25269.91 25058.23 24822.46 24671.39 24577.97 24540.25 24531.47 24536.99 24551.72 24570.68 24592.06 24614.10 24635.69 24658.03 24677.02 24665.77 24559.56 24568.73
15299.92 15524.44 15921.33 16332.44 16771.21 17240.16 17726.52 18215.34 18690.35 19141.17 19569.04 19977.09 20377.65 20792.44 21232.02 21690.15 22145.72 22560.68 22901.13 23152.74 23327.90 23459.06 23591.01 23768.26 24013.72 24322.49 24656.31 24955.32 25066.58 25163.05 25160.10 25107.29 24887.24 24612.77 24349.56 24100.81 23940.30 23842.82 23801.11 23790.10 23794.42 23808.05 23826.21 23846.85 23868.40 23889.41 23911.23 23929.12 23913.55 24086.83
15182.52 15403.76 15809.89 16240.32 16698.96 17171.45 17646.26 18106.20 18546.55 18961.84 19360.07 19753.05 20156.52 20584.93 21027.25 21460.50 21853.35 22173.31 22412.58 22582.75 22715.64 22853.28 23035.81 23284.15 23593.34 23937.01 24264.90 24484.59 24632.23 24702.89 24724.45 24660.62 24486.28 24232.92 23919.74 23636.95 23389.18 23224.30 23125.00 23080.37 23067.18 23070.23 23082.78 23100.13 23120.05 23141.08 23161.57 23182.92 23319.94 23465.97
15066.23 15298.03 15722.00 16170.45 16631.25 17091.21 17540.53 17969.19 18378.13 18766.84 19152.09 19547.26 19958.67 20384.92 20796.53 21164.85 21466.15 21693.73 21857.90 21992.48 22135.02 22321.11 22569.00 22873.29 23205.31 23524.76 23773.27 23952.00 24106.09 24129.57 24142.76 24107.80 24002.78 23806.28 23528.10 23215.65 22932.61 22690.31 22525.17 22424.81 22377.54 22362.23 22363.97 22375.45 22392.00 22415.18 22454.06 22577.43 22721.58 22875.47
14964.47 15214.06 15654.34 16103.55 16550.40 16991.18 17412.55 17812.83 18194.10 18578.26 18964.73 19364.22 19766.50 20155.26 20499.24 20782.51 20995.81 21154.88 21290.59 21435.57 21624.30 21870.00 22165.64 22484.51 22787.31 23032.02 23218.18 23384.65 23445.56 23460.08 23481.99 23493.32 23431.76 23296.42 23097.48 22824.44 22521.50 22243.99 22007.98 21843.18 21741.83 21692.17 21674.81 21675.21 21690.30 21740.25 21855.20 21995.10 22142.32 22285.94
14882.88 15148.48 15588.29 16023.25 16455.53 16869.98 17264.58 17651.98 18027.87 18414.55 18801.84 19187.88 19548.53 19867.44 20128.10 20327.80 20476.36 20609.38 20756.22 20944.82 21187.63 21474.37 21778.90 22065.41 22300.25 22485.82 22636.37 22708.05 22739.18 22761.49 22777.06 22797.95 22793.32 22726.74 22591.51 22396.54 22133.74 21842.75 21572.04 21341.86 21177.88 21075.63 21023.80 21004.43 21042.36 21151.82 21286.66 21428.29 21568.62 21712.19
14816.13 15081.71 15509.09 15931.86 16342.69 16739.08 17124.13 17503.92 17893.21 18283.07 18653.06 18995.06 19281.51 19514.67 19688.90 19827.44 19952.57 20100.10 20286.09 20523.19 20799.17 21089.93 21361.03 21585.29 21762.91 21899.75 21972.58 22007.68 22032.59 22050.88 22071.79 22088.18 22103.64 22094.94 22029.49 21899.66 21711.31 21459.65 21179.93 20916.31 20691.63 20528.81 20425.80 20371.61 20466.17 20596.07 20732.62 20869.14 21007.58 21145.64
14750.02 15004.91 15417.61 15823.32 16220.14 16611.62 16997.09 17404.25 17803.24 18182.65 18506.52 18774.67 18965.60 19098.45 19220.21 19330.42 19468.20 19649.05 19876.49 20141.62 20417.38 20674.38 20888.05 21056.44 21181.81 21252.14 21288.20 21313.06 21333.94 21354.13 21372.43 21392.33 21406.71 21420.09 21410.06 21347.93 21224.52 21042.91 20801.76 20532.72 20276.33 20056.94 19895.55 19797.97 19922.80 20054.72 20187.21 20320.98 20455.02 20590.63
14672.83 14914.81 15315.68 15711.32 16106.59 16506.46 16929.65 17344.99 17769.54 18116.98 18360.46 18496.65 18589.76 18677.54 18754.30 18871.28 19036.70 19250.84 19501.39 19762.84 20004.87 20208.11 20367.32 20483.23 20550.65 20586.51 20610.77 20631.32 20651.43 20669.91 20689.35 20707.52 20725.79 20740.43 20752.65 20742.27 20683.23 20565.74 20390.89 20159.69 19900.82 19651.70 19437.40 19276.09 19394.06 19522.47 19651.86 19781.79 19912.90 20044.51
14583.44 14815.42 15210.23 15608.29 16018.75 16451.71 16880.26 17335.84 17749.41 18056.75 18181.85 18221.55 18214.59 18256.15 18327.22 18464.39 18657.31 18887.71 19129.71 19355.90 19546.75 19695.41 19803.26 19867.65 19903.06 19926.83 19946.96 19966.32 19984.60 20003.34 20021.51 20040.30 20058.18 20075.80 20090.49 20101.72 20091.12 20034.95 19922.97 19754.81 19533.07 19283.90 19042.04 18830.32 18874.43 18999.71 19125.56 19252.38 19379.87 19508.40
14485.90 14714.19 15113.03 15527.07 15965.25 16413.97 16890.98 17349.69 17721.44 17898.91 17928.15 17902.64 17847.42 17844.33 17933.75 18094.66 18299.78 18519.38 18726.69 18903.82 19042.29 19141.23 19202.63 19237.42 19260.75 19280.42 19299.14 19317.10 19335.22 19353.08 19371.27 19389.09 19407.31 19424.84 19441.90 19456.51 19466.88 19456.18 19402.69 19295.86 19134.27 18921.53 18681.67 18444.66 18363.27 18485.92 18608.61 18732.04 18856.37 18981.42
14387.91 14622.55 15037.54 15476.36 15934.69 16418.59 16893.75 17302.31 17559.60 17633.48 17644.56 17647.80 17539.21 17462.99 17573.06 17742.60 17935.04 18120.49 18280.70 18407.60 18498.46 18555.10 18589.14 18612.04 18631.25 18649.41 18666.98 18684.57 18702.03 18719.67 18737.13 18754.82 18772.27 18789.97 18807.12 18823.69 18838.12 18847.73 18837.03 18786.04 18684.05 18528.88 18324.74 18092.31 17868.83 17981.17 18100.58 18220.85 18341.87 18463.74
14300.38 14551.77 14987.49 15444.92 15923.91 16393.55 16802.87 17087.87 17213.98 17312.82 17320.09 17284.96 17235.36 17083.30 17210.67 17371.87 17533.65 17680.69 17792.80 17874.40 17926.44 17957.77 17980.26 17999.01 18016.66 18033.81 18050.92 18067.96 18085.10 18102.15 18119.32 18136.39 18153.60 18170.66 18187.87 18204.63 18220.77 18234.95 18243.89 18233.27 18184.61 18087.19 17938.26 17742.18 17515.57 17485.03 17601.42 17718.50 17836.37 17954.99
14232.86 14504.58 14957.44 15426.19 15877.40 16275.21 16561.53 16713.72 16845.72 16895.92 16909.68 16880.14 16821.97 16742.87 16832.85 16975.87 17098.48 17195.43 17266.58 17314.12 17343.04 17364.93 17383.25 17400.43 17417.16 17433.81 17450.42 17467.09 17483.72 17500.42 17517.07 17533.80 17550.46 17567.23 17583.90 17600.65 17617.02 17632.74 17646.63 17654.98 17644.49 17598.03 17504.93 17362.06 17171.56 16996.16 17110.91 17224.87 17339.60 17455.10
14184.96 14471.90 14926.65 15362.03 15740.22 16020.19 16192.05 16321.76 16389.70 16424.96 16437.87 16428.71 16400.18 16316.76 16429.54 16531.92 16618.88 16678.49 16719.77 16746.18 16765.65 16783.56 16800.29 16816.59 16832.81 16849.00 16865.22 16881.43 16897.68 16913.91 16930.18 16946.43 16962.74 16979.00 16995.34 17011.61 17027.93 17043.90 17059.25 17072.80 17080.63 17070.31 17025.92 16936.95 16799.38 16615.69 16628.90 16739.77 16851.43 16963.83
14150.06 14433.76 14851.29 15209.92 15476.03 15653.93 15780.68 15855.13 15899.02 15925.24 15939.84 15951.38 15931.91 15896.23 15986.72 16056.45 16107.40 16141.03 16165.01 16183.88 16199.50 16215.81 16231.70 16247.49 16263.26 16279.06 16294.85 16310.67 16326.48 16342.32 16358.16 16374.03 16389.88 16405.78 16421.65 16437.57 16453.46 16469.35 16484.94 16499.91 16513.12 16520.48 16510.37 16467.95 16382.86 16248.51 16154.08 16263.04 16371.67 16481.03
14103.76 14345.81 14686.61 14940.51 15115.21 15236.05 15313.53 15360.33 15393.43 15415.38 15429.38 15443.73 15446.34 15445.51 15508.62 15550.66 15577.95 15600.77 15616.99 15630.84 15646.56 15662.07 15677.45 15692.81 15708.19 15723.57 15738.97 15754.38 15769.81 15785.23 15800.68 15816.13 15831.60 15847.07 15862.57 15878.05 15893.58 15909.07 15924.56 15939.78 15954.38 15967.25 15974.18 15964.31 15923.77 15841.43 15714.99 15794.52 15900.16 16006.54
14005.91 14172.62 14416.45 14583.58 14700.08 14777.62 14825.72 14862.19 14883.86 14901.71 14916.23 14930.12 14939.83 14967.76 15006.51 15029.85 15050.88 15065.00 15077.76 15093.10 15107.29 15122.28 15137.24 15152.22 15167.20 15182.20 15197.21 15212.23 15227.25 15242.30 15257.34 15272.41 15287.48 15302.57 15317.66 15332.77 15347.88 15363.01 15378.13 15393.23 15408.07 15422.33 15434.83 15441.38 15431.79 15392.94 15311.80 15333.63 15436.73 15540.17
13825.13 13901.87 14063.58 14175.65 14249.54 14298.28 14332.73 14357.87 14375.24 14391.35 14405.47 14419.64 14441.48 14472.43 14496.08 14515.22 14527.81 14541.22 14554.83 14567.57 14582.23 14596.21 14610.76 14625.35 14639.96 14654.57 14669.20 14683.84 14698.48 14713.14 14727.81 14742.49 14757.18 14771.88 14786.59 14801.31 14816.05 14830.79 14845.55 14860.30 14875.01 14889.49 14903.40 14915.55 14921.76 14912.47 14873.68 14880.35 14981.23 15081.78
13553.23 13554.82 13662.61 13733.23 13780.39 13815.07 13839.31 13858.32 13873.79 13887.97 13903.17 13924.91 13952.92 13975.53 13991.80 14004.90 14018.60 14031.08 14044.12 14057.29 14069.93 14084.01 14097.73 14111.87 14126.10 14140.34 14154.60 14168.86 14183.14 14197.42 14211.72 14226.03 14240.34 14254.67 14269.01 14283.36 14297.71 14312.08 14326.46 14340.85 14355.24 14369.59 14383.71 14397.29 14409.08 14415.00 14405.15 14435.22 14533.50 14631.21
13206.15 13156.35 13225.52 13270.94 13303.82 13327.38 13345.99 13362.89 13377.15 13393.01 13414.37 13440.07 13461.52 13477.15 13488.76 13503.37 13516.37 13529.61 13541.91 13554.60 13567.38 13579.85 13593.42 13606.84 13620.60 13634.46 13648.35 13662.25 13676.16 13690.07 13704.00 13717.94 13731.89 13745.85 13759.82 13773.79 13787.78 13801.78 13815.79 13829.81 13843.84 13857.87 13871.85 13885.63 13898.86 13910.31 13915.35 13992.99 14088.50 14184.87
