#Value Function.
13610.91 13705.55 13823.00 13928.15 13963.92 13931.24 13872.45 13781.82 13690.23 13641.06 13611.44 13592.37 13577.96 13567.79 13561.69 13564.03 13577.23 13603.21 13635.77 13661.10 13669.37 13651.39 13615.14 13574.40 13543.39 13540.28 13562.81 13591.71 13616.86 13633.02 13643.22 13642.42 13636.55 13624.43 13604.39 13577.72 13537.43 13488.86 13437.27 13375.22 13309.41 13238.84 13170.61 13100.69 13026.31 12946.01 12857.67 12756.84 12635.61 12352.14
13985.86 14025.02 14101.25 14184.63 14242.27 14245.10 14211.81 14160.92 14104.01 14069.16 14048.24 14031.30 14016.57 14003.89 13994.05 13987.42 13990.07 14003.93 14031.96 14067.07 14093.45 14101.95 14081.07 14041.69 13996.11 13962.61 13961.61 13988.92 14016.95 14043.38 14058.92 14065.12 14059.00 14049.10 14032.52 14007.46 13976.72 13930.00 13880.12 13818.71 13755.29 13685.65 13618.76 13546.15 13466.95 13379.04 13276.96 13153.15 13000.67 12681.59
14400.17 14413.12 14431.62 14484.63 14521.79 14534.62 14540.12 14526.18 14499.88 14490.32 14482.92 14474.88 14461.47 14448.44 14435.79 14425.79 14418.44 14421.56 14435.95 14466.26 14501.93 14529.57 14538.52 14513.29 14468.63 14415.26 14380.38 14386.76 14416.17 14445.74 14468.99 14480.05 14484.69 14467.64 14454.82 14433.50 14398.44 14360.18 14311.09 14251.75 14188.55 14120.64 14054.88 13982.67 13895.11 13791.40 13661.88 13507.89 13324.25 12964.28
14845.93 14836.58 14831.10 14835.62 14854.44 14867.85 14881.80 14888.33 14902.83 14912.67 14923.53 14923.33 14916.12 14903.81 14890.92 14877.65 14867.62 14859.27 14860.82 14875.92 14909.05 14947.11 14972.83 14975.81 14938.26 14876.55 14820.94 14794.70 14813.22 14848.05 14876.71 14896.46 14897.74 14901.00 14877.08 14848.16 14819.87 14783.06 14735.46 14676.65 14616.07 14549.02 14484.59 14400.01 14299.80 14168.00 14012.67 13820.57 13599.84 13203.45
15328.84 15294.93 15272.74 15258.99 15250.58 15255.34 15270.54 15285.55 15309.79 15338.06 15361.13 15375.52 15376.86 15370.04 15356.83 15343.70 15329.64 15317.55 15308.43 15310.24 15323.60 15359.66 15395.82 15409.17 15375.13 15313.30 15243.27 15211.87 15220.61 15248.71 15281.83 15307.71 15322.10 15315.50 15305.13 15271.74 15233.38 15197.74 15146.99 15091.36 15030.61 14966.69 14888.84 14792.35 14667.30 14511.82 14310.57 14086.37 13831.24 13405.59
15836.46 15791.64 15749.41 15718.59 15696.98 15689.05 15694.88 15712.15 15735.87 15766.85 15800.07 15826.29 15841.71 15842.29 15834.76 15820.19 15804.77 15790.33 15775.67 15765.95 15766.12 15776.29 15805.80 15822.15 15790.98 15736.59 15655.00 15615.74 15625.43 15651.97 15683.15 15711.43 15736.60 15731.88 15718.17 15690.72 15644.25 15598.02 15551.03 15490.93 15435.86 15368.44 15274.31 15152.64 14994.03 14790.46 14562.63 14306.88 14026.33 13579.31
16367.60 16313.11 16259.54 16214.98 16180.57 16158.94 16151.52 16158.43 16177.21 16205.59 16240.83 16276.57 16303.48 16319.45 16318.34 16308.05 16292.44 16274.21 16257.78 16240.13 16225.75 16224.13 16222.28 16234.93 16205.71 16140.72 16080.98 16027.99 16031.85 16056.16 16085.20 16111.71 16133.79 16144.50 16121.64 16094.75 16045.36 15995.35 15937.45 15884.73 15821.69 15732.47 15609.26 15449.65 15250.36 15017.48 14765.25 14493.19 14194.80 13730.87
16916.42 16857.36 16795.21 16739.47 16692.95 16658.16 16636.52 16629.64 16637.71 16659.17 16689.82 16727.09 16764.94 16792.00 16806.24 16803.53 16789.99 16771.62 16750.42 16727.61 16705.40 16685.05 16672.37 16645.90 16616.06 16563.53 16493.96 16451.05 16438.00 16457.10 16487.36 16515.15 16525.71 16529.14 16524.34 16483.27 16439.71 16381.90 16322.90 16257.31 16167.52 16040.07 15872.87 15680.46 15455.25 15204.37 14939.52 14647.50 14339.70 13867.96
17478.50 17419.93 17352.80 17288.71 17231.46 17184.12 17148.99 17127.33 17121.03 17130.54 17153.88 17185.84 17224.98 17262.64 17290.15 17302.22 17295.89 17279.01 17253.32 17227.93 17200.29 17171.32 17140.80 17109.35 17060.90 17009.29 16957.21 16897.06 16870.25 16868.48 16889.77 16911.26 16918.07 16908.40 16889.35 16859.40 16803.83 16757.24 16684.89 16586.71 16451.50 16281.38 16083.09 15866.11 15625.68 15360.73 15076.13 14780.29 14472.95 14000.33
18047.21 17996.34 17928.90 17859.62 17793.86 17735.34 17687.18 17651.73 17630.02 17624.33 17635.07 17660.20 17693.36 17732.50 17769.86 17798.26 17805.45 17790.97 17769.69 17731.05 17700.65 17663.72 17627.82 17585.87 17534.27 17480.73 17428.10 17371.00 17318.49 17293.97 17288.82 17298.53 17298.23 17276.42 17254.88 17212.64 17168.31 17107.43 17006.55 16854.20 16667.41 16463.50 16246.48 16012.12 15757.08 15486.51 15204.92 14913.12 14608.74 14129.80
18612.35 18580.45 18519.71 18449.48 18378.06 18310.61 18250.80 18201.82 18166.10 18144.31 18139.28 18151.33 18176.16 18210.94 18249.84 18286.74 18310.12 18310.40 18289.20 18255.66 18204.89 18161.95 18115.77 18071.39 18018.24 17961.06 17906.58 17848.70 17791.21 17733.95 17707.61 17690.80 17679.81 17653.48 17605.14 17567.17 17512.90 17410.22 17259.03 17049.95 16833.97 16605.24 16367.23 16117.95 15859.84 15599.84 15322.88 15035.90 14730.04 14239.56
19159.21 19162.10 19119.36 19054.97 18981.95 18908.39 18839.24 18778.12 18728.32 18692.39 18670.45 18666.16 18677.55 18701.90 18738.95 18774.88 18807.70 18823.69 18810.09 18779.28 18730.38 18667.79 18609.13 18556.76 18506.74 18447.40 18388.71 18329.23 18266.79 18204.65 18147.64 18104.45 18071.18 18030.56 17986.05 17921.72 17807.97 17650.84 17436.96 17206.08 16957.41 16707.48 16451.49 16202.69 15962.64 15708.36 15445.67 15156.72 14821.67 14342.54
19668.91 19726.33 19717.72 19670.49 19602.40 19526.59 19450.88 19380.02 19317.57 19266.93 19230.90 19208.68 19203.21 19213.98 19237.55 19271.21 19302.00 19326.63 19329.06 19307.49 19258.08 19191.23 19120.32 19054.55 18998.19 18939.79 18878.58 18818.73 18752.57 18685.12 18614.82 18552.21 18495.29 18429.49 18342.27 18210.64 18031.76 17794.51 17561.62 17299.19 17037.59 16772.24 16516.74 16286.42 16044.28 15818.25 15554.93 15224.97 14878.23 14425.01
20120.56 20253.62 20299.64 20285.95 20234.11 20162.26 20083.69 20005.83 19933.23 19869.42 19817.93 19779.65 19757.60 19750.61 19758.64 19777.44 19805.79 19831.70 19843.39 19831.13 19792.36 19725.79 19646.08 19569.56 19502.60 19442.12 19382.82 19314.79 19250.94 19177.25 19108.61 19029.75 18939.64 18811.99 18640.98 18431.72 18174.58 17908.54 17624.47 17343.71 17070.30 16794.87 16558.01 16323.61 16128.73 15906.11 15605.35 15279.53 14917.85 14484.80
20495.38 20721.97 20844.98 20886.05 20867.06 20810.49 20734.84 20653.52 20573.51 20499.17 20433.96 20379.57 20341.09 20317.20 20306.55 20309.86 20321.54 20340.10 20353.65 20349.89 20320.65 20268.76 20190.10 20107.44 20028.37 19960.83 19899.78 19830.96 19756.47 19683.96 19594.36 19482.65 19330.36 19124.98 18875.33 18586.42 18272.42 17950.31 17640.00 17341.39 17073.92 16817.47 16573.67 16371.44 16161.73 15926.63 15636.13 15301.97 14924.06 14516.61
20782.30 21111.13 21330.58 21450.04 21485.83 21461.32 21399.93 21320.42 21236.41 21154.23 21078.12 21009.44 20954.14 20913.47 20885.67 20869.14 20865.81 20865.83 20872.67 20871.51 20851.78 20808.92 20747.64 20663.74 20578.48 20507.74 20438.14 20361.71 20289.13 20195.65 20069.70 19894.05 19664.01 19375.71 19051.60 18686.63 18313.83 17954.08 17629.14 17334.88 17059.50 16801.07 16575.16 16357.20 16152.72 15936.89 15656.66 15312.07 14931.48 14527.52
20981.85 21408.81 21734.62 21953.61 22069.10 22099.26 22069.02 22002.72 21919.29 21832.67 21748.28 21668.35 21598.14 21539.87 21495.02 21461.16 21436.44 21422.58 21408.14 21401.48 21384.86 21352.66 21298.55 21235.48 21147.88 21070.41 20994.12 20913.12 20817.80 20683.80 20490.11 20231.71 19916.95 19555.81 19155.49 18742.94 18335.78 17934.29 17601.69 17301.34 17019.47 16755.14 16528.74 16317.87 16114.32 15875.61 15623.18 15289.21 14921.42 14521.95
21103.46 21615.57 22043.41 22373.24 22591.38 22702.46 22726.64 22690.45 22619.16 22531.73 22442.62 22353.92 22272.17 22198.31 22134.96 22083.89 22041.83 22004.40 21978.26 21946.04 21925.93 21896.31 21854.66 21791.57 21724.04 21638.52 21555.53 21456.85 21315.23 21101.81 20821.93 20488.40 20093.24 19665.82 19228.58 18782.95 18345.27 17912.62 17538.22 17227.86 16944.22 16679.34 16410.50 16193.52 16000.72 15792.28 15501.97 15227.54 14882.48 14504.92
21164.04 21740.86 22257.67 22693.52 23027.35 23244.23 23350.40 23368.25 23325.91 23249.58 23158.03 23064.57 22973.45 22887.85 22808.18 22737.56 22678.24 22623.73 22570.82 22530.74 22487.38 22453.55 22407.45 22357.71 22283.26 22207.03 22112.40 21961.20 21731.49 21428.72 21073.31 20651.83 20204.76 19741.41 19272.44 18811.17 18357.17 17906.44 17482.64 17124.19 16825.28 16547.67 16294.78 16025.14 15813.65 15613.89 15387.99 15097.47 14800.11 14453.48
21185.98 21802.01 22386.80 22915.62 23359.49 23697.38 23912.47 24013.23 24024.40 23975.69 23894.31 23798.71 23700.51 23605.17 23515.93 23427.78 23350.03 23280.26 23210.53 23140.94 23085.67 23028.73 22976.15 22907.68 22846.06 22755.09 22600.53 22362.96 22045.86 21666.52 21221.00 20765.27 20288.88 19803.84 19323.88 18851.02 18380.21 17907.74 17453.67 17044.35 16694.55 16404.00 16129.03 15877.27 15617.54 15400.06 15184.96 14950.66 14664.30 14355.60
21188.95 21823.13 22448.37 23048.81 23589.84 24041.68 24383.77 24596.42 24691.26 24695.39 24640.09 24553.67 24451.89 24349.00 24249.35 24152.48 24059.87 23972.45 23889.95 23803.90 23723.09 23648.49 23573.80 23500.55 23398.73 23241.40 22997.75 22669.32 22273.02 21811.35 21338.86 20854.69 20361.26 19874.06 19382.34 18889.82 18396.20 17908.25 17441.63 17000.58 16601.38 16259.78 15966.79 15699.80 15444.33 15188.44 14960.61 14739.14 14500.85 14215.44
21184.36 21825.29 22468.48 23110.63 23727.35 24280.72 24740.45 25087.01 25296.36 25384.80 25381.54 25319.42 25225.98 25120.11 25012.24 24906.38 24801.03 24702.89 24602.79 24504.87 24409.75 24315.18 24214.12 24074.08 23891.76 23634.56 23289.63 22876.44 22404.86 21923.82 21428.53 20934.25 20447.46 19938.07 19431.66 18917.05 18412.21 17913.35 17436.75 16982.47 16552.62 16164.41 15818.25 15527.37 15256.06 14999.04 14740.36 14511.30 14288.59 14046.40
21177.22 21820.20 22469.80 23129.53 23789.19 24422.89 24988.66 25456.13 25807.64 26012.56 26094.18 26083.17 26014.23 25913.18 25801.53 25688.84 25578.94 25463.74 25356.84 25247.47 25129.32 24993.12 24821.16 24593.79 24299.38 23926.64 23479.19 22983.46 22501.46 21995.61 21505.34 21026.50 20510.23 19993.43 19461.41 18932.66 18416.02 17921.42 17441.72 16988.36 16582.86 16226.24 15906.25 15605.24 15301.08 14982.87 14644.20 14304.48 14065.08 13837.59
21168.91 21812.82 22464.20 23129.96 23806.60 24484.43 25135.92 25714.06 26189.00 26546.31 26745.18 26819.80 26800.56 26721.81 26615.40 26497.63 26379.25 26262.45 26140.71 26006.54 25843.03 25640.95 25365.97 25011.81 24592.55 24110.93 23584.20 23061.95 22545.72 22050.37 21570.78 21080.32 20556.84 20021.25 19476.50 18941.19 18424.02 17926.04 17462.79 17056.58 16712.32 16407.09 16111.12 15807.99 15480.74 15136.63 14778.37 14420.44 14066.63 13643.81
21159.61 21804.35 22456.56 23123.81 23806.08 24500.05 25196.65 25866.96 26457.28 26939.35 27303.79 27494.28 27560.37 27532.94 27441.26 27330.75 27202.57 27076.82 26931.33 26747.87 26517.44 26195.65 25793.83 25313.63 24781.77 24214.84 23636.50 23085.88 22561.74 22080.53 21602.36 21108.01 20575.61 20030.03 19483.33 18948.43 18431.82 17951.32 17550.97 17217.82 16923.40 16634.55 16328.77 15997.76 15642.27 15272.34 14903.99 14546.31 14207.80 13728.91
21149.76 21794.77 22447.89 23115.85 23799.25 24498.51 25209.99 25926.33 26616.55 27218.72 27706.42 28079.54 28255.61 28311.90 28270.00 28169.43 28040.59 27882.70 27682.74 27432.28 27067.79 26616.95 26086.09 25498.25 24882.03 24257.17 23642.59 23085.24 22567.75 22081.45 21606.43 21111.17 20583.28 20033.95 19485.64 18954.58 18457.81 18067.72 17750.07 17461.94 17170.70 16859.36 16519.00 16153.00 15771.97 15397.00 15038.82 14699.89 14372.23 13891.52
21138.60 21784.78 22437.87 23106.84 23790.66 24490.71 25206.97 25936.87 26673.53 27385.39 27997.23 28487.66 28866.02 29012.75 29043.83 28992.87 28849.81 28643.33 28379.18 27958.23 27463.55 26884.76 26251.85 25590.38 24924.60 24264.68 23632.15 23062.24 22537.70 22051.34 21574.26 21087.58 20564.09 20036.00 19489.17 18981.52 18609.96 18306.66 18023.02 17723.32 17398.22 17045.52 16667.17 16282.54 15904.02 15546.07 15206.40 14876.50 14543.38 14044.96
21126.54 21773.25 22427.71 23096.15 23780.58 24480.98 25197.21 25932.23 26680.95 27438.15 28170.14 28784.33 29266.83 29607.99 29676.88 29712.07 29551.76 29311.26 28857.46 28325.26 27700.03 27025.93 26329.17 25629.72 24938.90 24263.59 23623.70 23016.95 22487.58 21975.84 21495.47 21028.22 20522.54 20002.79 19532.79 19198.14 18904.50 18613.74 18300.03 17955.63 17585.15 17194.22 16804.60 16424.06 16067.97 15728.02 15394.35 15053.47 14698.65 14172.15
21114.10 21760.78 22415.58 23085.05 23768.73 24468.86 25185.13 25919.96 26674.54 27440.78 28214.57 28955.89 29523.42 29958.35 30108.40 30168.07 30055.40 29690.46 29157.21 28516.70 27810.81 27085.28 26360.66 25645.33 24947.13 24268.57 23614.55 22995.05 22413.62 21893.93 21393.99 20918.39 20458.35 20118.24 19830.02 19544.13 19236.99 18899.18 18532.44 18139.82 17732.84 17335.54 16955.26 16601.57 16263.51 15926.37 15574.66 15207.02 14821.55 14271.11
21103.14 21747.57 22402.42 23071.78 23755.30 24454.25 25170.62 25905.25 26659.66 27430.82 28209.36 28970.82 29652.54 30136.94 30324.34 30316.77 30239.47 29893.97 29312.29 28602.09 27853.84 27109.73 26374.09 25655.34 24953.94 24273.25 23615.55 22983.67 22393.99 21859.35 21419.71 21069.71 20784.30 20512.02 20221.37 19891.20 19524.75 19127.10 18711.49 18282.95 17877.27 17499.94 17151.94 16817.79 16474.01 16108.84 15724.47 15323.09 14907.09 14376.10
21117.87 21731.84 22385.79 23054.71 23739.05 24438.26 25154.40 25888.90 26643.22 27415.21 28198.54 28962.99 29654.70 30155.86 30359.59 30356.99 30256.71 29919.20 29326.83 28613.37 27866.98 27117.61 26383.37 25663.41 24961.28 24280.25 23625.13 23030.63 22482.66 22061.13 21745.80 21485.73 21222.60 20925.70 20567.21 20171.19 19741.95 19293.12 18841.41 18429.11 18056.65 17717.53 17386.36 17036.82 16654.01 16253.00 15833.02 15399.41 14959.40 14456.53
21299.58 21721.65 22359.23 23027.39 23711.30 24409.75 25125.55 25859.17 26612.72 27382.55 28149.69 28892.61 29573.46 30078.18 30282.43 30278.04 30093.30 29809.67 29276.32 28605.49 27868.45 27126.52 26390.60 25672.17 24972.88 24296.42 23667.10 23107.67 22681.03 22395.53 22189.35 21946.53 21644.81 21253.75 20833.32 20364.65 19876.37 19404.97 18972.77 18601.02 18284.52 17964.11 17608.81 17207.70 16791.86 16352.35 15899.66 15443.46 14988.52 14506.22
21758.16 21883.69 22333.76 22995.84 23677.96 24375.64 25090.72 25823.85 26575.44 27336.81 28093.86 28820.66 29447.34 29879.85 30079.57 30066.59 29977.47 29568.48 29129.65 28543.37 27858.57 27129.56 26399.27 25679.51 24985.28 24314.34 23718.37 23266.79 22940.65 22763.78 22585.82 22319.98 21910.80 21501.48 20998.42 20469.69 19966.69 19504.82 19101.20 18797.99 18508.59 18159.86 17759.72 17335.05 16878.11 16408.52 15936.36 15467.20 15003.88 14534.03
22400.53 22358.83 22468.71 22963.65 23643.04 24340.01 25054.52 25786.78 26533.10 27283.85 28027.11 28713.92 29235.96 29632.84 29836.24 29825.14 29748.95 29446.96 28921.28 28385.84 27784.72 27113.60 26400.22 25686.93 24992.75 24343.12 23786.96 23392.12 23162.11 22980.20 22787.77 22484.84 22130.80 21626.47 21064.90 20512.05 20010.03 19558.76 19228.32 18939.59 18613.84 18272.06 17853.43 17400.40 16922.09 16438.12 15955.79 15479.42 15012.38 14548.84
23117.28 23026.23 22964.52 23060.69 23607.49 24303.73 25017.00 25744.68 26480.51 27213.91 27914.95 28521.94 29047.68 29433.41 29551.83 29529.37 29489.20 29253.45 28807.52 28216.67 27637.97 27034.44 26377.42 25689.04 25007.09 24370.74 23841.07 23457.15 23206.09 23002.19 22827.93 22561.74 22159.13 21638.92 21074.25 20519.89 20017.63 19604.20 19276.45 18970.07 18676.02 18323.37 17910.85 17438.15 16947.31 16452.06 15964.78 15486.48 15018.96 14557.25
23861.13 23764.08 23658.74 23583.68 23658.11 24266.47 24975.30 25693.23 26411.01 27104.51 27741.36 28327.11 28830.31 29139.12 29206.60 29221.86 29171.37 28981.09 28605.72 28085.88 27477.89 26892.09 26294.92 25656.55 24997.62 24359.15 23804.13 23410.76 23180.66 23017.79 22825.12 22569.78 22164.70 21647.28 21081.67 20527.11 20023.52 19608.94 19280.64 18978.21 18662.51 18337.36 17913.29 17446.74 16953.28 16459.21 15971.20 15493.04 15025.30 14563.75
24624.99 24525.78 24417.85 24306.38 24217.50 24258.26 24924.93 25624.76 26305.80 26939.98 27532.03 28068.96 28482.78 28730.84 28820.77 28782.86 28711.00 28575.05 28275.81 27851.66 27324.83 26733.86 26156.05 25571.31 24960.31 24346.20 23791.24 23377.15 23072.08 22906.88 22745.63 22491.86 22095.51 21604.53 21078.16 20520.49 20003.41 19572.09 19208.19 18924.03 18629.76 18243.76 17879.64 17426.43 16949.63 16461.61 15976.14 15498.72 15031.59 14569.94
25396.37 25309.70 25196.80 25087.22 24969.58 24867.65 24859.21 25524.11 26151.06 26739.19 27278.12 27713.54 28035.72 28197.65 28247.08 28225.06 28125.91 28000.15 27824.96 27502.36 27081.03 26572.94 26002.65 25437.90 24870.87 24290.24 23735.70 23238.47 22882.86 22650.62 22480.61 22250.85 21944.17 21502.64 21015.36 20497.21 19975.66 19492.25 19125.53 18773.42 18486.18 18161.33 17767.36 17371.73 16921.15 16455.19 15977.49 15503.13 15037.01 14575.98
26191.48 26096.75 26002.14 25881.84 25771.33 25647.35 25535.15 25408.55 25960.03 26488.38 26927.97 27266.34 27465.30 27556.48 27580.30 27541.95 27514.20 27390.15 27225.67 27038.14 26727.49 26322.87 25836.51 25292.72 24742.80 24197.31 23642.95 23139.24 22695.93 22342.72 22102.64 21885.39 21634.80 21320.09 20897.42 20421.85 19933.53 19442.05 18992.76 18624.23 18281.12 17972.54 17640.69 17254.91 16858.82 16422.35 15967.81 15503.20 15040.82 14581.11
26997.25 26912.18 26801.98 26708.11 26575.56 26467.49 26329.01 26116.52 25832.07 26156.37 26496.04 26713.52 26832.05 26865.95 26856.83 26826.08 26787.27 26738.06 26614.48 26454.00 26264.37 25973.20 25590.51 25133.46 24612.25 24078.19 23553.30 23016.65 22534.59 22097.70 21744.41 21480.06 21259.70 21007.64 20694.67 20295.63 19841.76 19373.40 18906.02 18468.49 18100.51 17755.29 17442.38 17114.99 16742.67 16354.23 15931.98 15490.91 15039.51 14584.25
27824.99 27734.48 27634.59 27513.67 27417.68 27269.16 27035.82 26711.16 26307.72 25828.17 25972.77 26102.56 26151.87 26150.61 26128.47 26092.75 26059.01 26016.85 25962.87 25849.32 25699.05 25524.70 25263.69 24921.82 24486.01 23986.37 23468.79 22938.56 22407.40 21919.58 21487.06 21132.96 20860.62 20632.81 20386.48 20084.65 19705.18 19271.75 18820.35 18366.77 17940.41 17571.90 17232.92 16920.86 16598.29 16239.13 15861.06 15452.62 15024.75 14581.49
28686.47 28574.19 28471.03 28362.60 28195.64 27924.11 27582.19 27156.81 26631.32 26067.37 25460.57 25447.37 25453.45 25437.00 25405.14 25371.41 25335.66 25299.26 25258.74 25209.14 25108.08 24988.43 24841.17 24669.49 24351.79 23937.15 23458.27 22882.77 22384.16 21848.19 21317.56 20880.60 20526.52 20252.01 20022.17 19780.74 19489.04 19126.58 18712.09 18275.11 17834.96 17417.78 17052.63 16718.66 16409.58 16093.79 15746.95 15379.46 14984.08 14564.37
29537.38 29440.07 29300.66 29057.37 28736.41 28355.89 27944.92 27396.88 26848.19 26211.23 25537.24 24860.86 24757.16 24728.69 24695.95 24661.59 24627.88 24593.03 24560.49 24528.28 24487.79 24430.41 24393.31 24317.42 24219.76 23931.90 23473.21 23040.25 22506.32 21937.66 21350.53 20758.88 20292.70 19935.51 19658.76 19427.28 19189.67 18907.42 18560.74 18162.72 17740.05 17312.93 16905.89 16544.98 16216.15 15910.89 15601.64 15266.03 14909.10 14521.47
30260.60 30193.55 29851.10 29406.26 28988.57 28556.27 28082.16 27579.55 26952.00 26268.74 25568.08 24873.20 24217.78 24048.44 24002.28 23968.54 23935.05 23903.82 23875.56 23847.84 23838.83 23854.20 23906.41 24012.81 24013.67 23920.53 23601.69 23121.00 22574.99 21973.72 21368.77 20767.81 20184.32 19718.39 19359.35 19080.49 18847.64 18613.39 18339.96 18007.43 17625.12 17216.55 16802.16 16405.49 16049.57 15725.67 15424.43 15121.50 14796.21 14444.99
30892.08 30523.70 30030.37 29477.65 29024.65 28582.43 28145.22 27600.16 26965.55 26278.48 25577.88 24882.23 24199.95 23580.08 23363.26 23296.86 23261.16 23234.30 23213.03 23212.42 23253.56 23360.49 23548.74 23700.56 23748.77 23750.59 23577.74 23142.47 22576.61 21985.15 21375.64 20776.57 20186.76 19620.71 19157.81 18797.57 18516.81 18282.80 18051.57 17786.30 17466.93 17099.57 16704.84 16302.92 15916.37 15565.97 15246.92 14949.86 14653.05 14332.66
30719.26 30584.30 29969.11 29462.97 29017.80 28600.08 28146.93 27611.26 26973.73 26288.69 25587.23 24891.71 24207.35 23541.79 22951.06 22699.06 22611.94 22588.37 22591.81 22639.33 22764.11 22986.38 23238.04 23431.46 23489.38 23468.44 23404.93 23102.41 22588.67 21988.58 21385.56 20783.78 20194.77 19618.44 19068.90 18610.47 18249.74 17967.34 17732.36 17503.84 17246.13 16939.01 16585.87 16204.65 15814.93 15438.31 15093.85 14779.65 14486.85 14191.35
30077.14 30028.70 29833.88 29328.10 28888.35 28511.04 28049.56 27546.05 26939.31 26273.97 25593.98 24900.54 24216.43 23546.77 22899.15 22332.05 22053.96 21981.28 22030.11 22153.60 22375.79 22637.56 22907.72 23105.35 23164.87 23152.12 23062.86 22863.42 22495.92 21986.50 21388.54 20792.45 20202.06 19625.63 19063.25 18528.87 18075.91 17715.41 17431.68 17195.91 16969.85 16719.13 16423.43 16083.81 15715.74 15337.96 14971.09 14632.86 14323.55 14030.50
29299.98 29265.01 29215.68 29050.08 28637.66 28260.28 27840.64 27356.90 26835.65 26221.03 25568.73 24900.59 24223.35 23555.15 22901.38 22271.36 21723.95 21429.56 21545.47 21751.64 22012.42 22285.56 22534.15 22660.36 22712.67 22685.40 22611.59 22477.78 22230.25 21864.70 21367.65 20790.24 20208.36 19632.63 19069.56 18520.80 18000.55 17553.77 17194.17 16909.46 16673.05 16449.25 16205.01 15919.96 15593.17 15237.85 14871.74 14514.47 14182.69 13873.80
28500.83 28468.28 28452.14 28419.23 28260.98 27917.54 27524.76 27114.23 26619.50 26100.84 25506.65 24870.54 24219.32 23560.59 22908.86 22270.82 21657.86 21127.55 21137.33 21384.50 21649.62 21899.23 22056.66 22139.10 22157.92 22131.20 22071.19 21976.61 21830.85 21583.03 21230.35 20755.17 20202.43 19637.26 19076.06 18526.23 17990.78 17483.81 17043.71 16685.62 16400.28 16163.42 15941.70 15703.46 15428.35 15113.74 14770.77 14416.05 14068.23 13738.58
27711.30 27700.45 27674.53 27640.22 27601.13 27463.11 27139.33 26763.04 26354.29 25876.96 25366.41 24793.12 24177.62 23544.88 22904.33 22269.10 21646.80 21050.63 20762.10 21016.41 21257.12 21426.63 21521.66 21558.90 21554.68 21523.87 21481.64 21414.83 21319.32 21174.63 20937.44 20599.28 20147.91 19619.61 19071.80 18525.28 17988.75 17466.49 16972.32 16539.39 16183.54 15898.08 15661.04 15441.36 15208.76 14943.02 14640.06 14309.12 13965.61 13624.16
