#Value Function.
24255.99 24257.91 24253.38 24248.67 24244.00 24237.39 24220.27 24304.23 24549.20 24874.11 24962.25 24674.00 24463.12 24154.01 23844.78 23746.37 23719.30 23709.79 23704.05 23699.41 23696.06 23699.03 23730.49 23865.60 24254.65 24753.88 25366.69 25818.36 26179.83 26251.21 26245.50 26140.42 26113.35 26062.28 26054.74 25947.28 25791.01 25731.52 25606.38 25425.00 25216.22 24936.78 24614.10 24139.18 23547.14 22902.88 22262.38 21652.28 21074.95 20509.26
24940.16 24944.86 24940.03 24935.46 24929.61 24915.68 24867.14 24755.18 24927.41 25043.17 25040.60 24942.31 24898.70 24538.21 24463.41 24445.86 24438.75 24433.44 24428.44 24423.52 24418.75 24414.90 24416.28 24443.76 24578.47 25023.89 25537.08 26071.46 26373.71 26637.67 26676.33 26640.35 26654.30 26658.76 26742.86 26549.77 26520.03 26390.88 26197.56 25993.22 25697.55 25387.96 24895.73 24278.08 23608.29 22947.54 22322.05 21733.67 21161.73 20584.07
25635.23 25639.58 25635.08 25629.66 25619.22 25575.41 25458.29 25309.67 25331.54 25439.92 25437.04 25432.58 25225.21 25192.06 25183.05 25177.43 25172.29 25167.22 25162.16 25157.10 25152.06 25147.11 25142.80 25142.54 25164.91 25293.72 25815.78 26202.41 26657.60 26938.34 27077.43 27102.93 27200.50 27197.11 27194.48 27191.01 27187.55 26975.82 26785.20 26461.35 26177.34 25663.36 25018.22 24321.48 23640.34 22999.30 22400.59 21817.91 21234.27 20639.12
26346.27 26351.35 26345.86 26338.94 26302.15 26177.78 26017.46 25963.66 25963.02 25959.35 25954.61 25949.51 25944.33 25939.13 25933.94 25928.76 25923.58 25918.40 25913.22 25908.04 25902.87 25897.70 25892.58 25887.87 25886.04 25902.42 26015.86 26523.51 26886.23 27240.98 27529.08 27651.36 27647.59 27645.28 27641.43 27638.73 27630.94 27606.04 27231.50 26994.35 26450.15 25775.84 25050.31 24348.73 23691.55 23083.30 22489.93 21893.18 21290.36 20678.16
27076.95 27078.59 27074.72 27048.54 26915.32 26732.28 26705.30 26724.73 26729.76 26728.19 26724.05 26719.06 26713.83 26708.54 26703.24 26697.94 26692.63 26687.33 26682.03 26676.73 26671.43 26666.13 26660.84 26655.57 26650.52 26647.28 26657.52 26752.96 27247.67 27591.98 27966.81 28108.28 28106.94 28102.30 28100.51 28093.69 28073.97 27998.75 27845.61 27255.19 26551.44 25794.80 25073.22 24398.88 23782.33 23178.27 22567.90 21950.17 21329.52 20704.29
27829.89 27825.96 27816.20 27671.37 27466.47 27366.56 27451.70 27493.82 27510.36 27513.70 27511.26 27506.71 27501.51 27496.13 27490.71 27485.28 27479.85 27474.43 27469.00 27463.58 27458.15 27452.73 27447.30 27441.88 27436.47 27431.15 27426.74 27430.90 27504.55 27988.58 28307.87 28578.26 28573.80 28573.42 28566.57 28553.55 28479.91 28324.79 28075.77 27345.93 26554.71 25814.57 25121.18 24498.27 23883.41 23258.78 22625.62 21989.36 21355.45 20721.60
28554.25 28607.94 28442.56 28243.58 27911.37 28039.88 28183.14 28262.58 28300.38 28314.09 28315.83 28312.62 28307.71 28302.31 28296.78 28291.23 28285.68 28280.12 28274.57 28269.01 28263.46 28257.91 28252.36 28246.81 28241.26 28235.71 28230.18 28224.92 28223.39 28269.73 28748.15 29046.29 29058.12 29049.30 29045.40 28973.32 28814.40 28568.65 28162.50 27322.39 26573.94 25858.01 25231.91 24605.84 23966.19 23317.05 22664.74 22015.03 21372.51 20733.65
29192.43 29092.38 29044.03 28684.55 28349.89 28657.85 28881.84 29018.27 29091.82 29125.35 29136.34 29136.60 29132.69 29127.47 29121.89 29116.22 29110.54 29104.85 29099.16 29093.48 29087.79 29082.11 29076.43 29070.75 29065.07 29059.39 29053.71 29048.02 29042.27 29036.17 29046.84 29528.03 29534.73 29550.25 29479.58 29315.19 29068.31 28697.49 27860.32 27310.26 26608.33 25984.35 25346.04 24690.49 24024.82 23356.02 22690.12 22031.83 21384.40 20743.08
29646.53 29653.90 29346.08 29049.58 28885.70 29200.35 29525.54 29743.06 29872.21 29939.84 29969.17 29977.54 29976.44 29971.94 29966.44 29960.69 29954.88 29949.06 29943.24 29937.42 29931.61 29925.79 29919.97 29914.15 29908.34 29902.53 29896.71 29890.85 29884.71 29877.08 29863.79 29834.59 30070.39 29999.16 29827.91 29575.06 29234.23 28506.63 27956.58 27378.35 26757.27 26104.42 25432.02 24749.29 24063.58 23381.07 22706.64 22043.56 21393.72 20751.66
29742.49 29761.75 29657.44 29095.67 29235.72 29655.94 30091.84 30413.60 30623.83 30745.34 30807.07 30832.29 30838.15 30835.84 30830.82 30825.09 30819.17 30813.22 30807.26 30801.31 30795.35 30789.40 30783.44 30777.49 30771.54 30765.59 30759.61 30753.46 30746.15 30733.89 30706.38 30645.66 30532.32 30352.54 30094.12 29744.98 29302.65 28778.79 28189.67 27551.78 26881.16 26191.08 25490.85 24787.78 24088.24 23397.28 22718.19 22052.80 21402.14 20761.03
29606.59 29757.19 29659.83 29104.02 29502.34 30022.96 30568.01 31004.78 31322.44 31524.47 31638.05 31693.96 31715.17 31718.65 31715.26 31709.81 31703.87 31697.79 31691.71 31685.60 31679.51 31673.41 31667.32 31661.22 31655.13 31649.03 31642.82 31635.79 31624.62 31599.11 31539.87 31425.62 31242.88 30979.79 30622.36 30167.08 29627.55 29021.33 28365.26 27676.22 26968.04 26249.88 25529.02 24812.03 24104.14 23408.68 22727.40 22061.15 21411.01 20773.95
29427.98 29611.82 29626.50 29099.51 29679.94 30306.07 30952.20 31502.42 31939.60 32252.49 32445.30 32550.75 32601.00 32618.26 32619.51 32615.20 32609.40 32603.27 32597.03 32590.80 32584.55 32578.32 32572.07 32565.84 32559.59 32553.31 32546.47 32536.38 32513.12 32455.79 32340.57 32154.71 31887.14 31521.47 31052.53 30496.68 29872.83 29198.01 28490.00 27763.30 27026.81 26287.70 25552.82 24827.58 24115.38 23417.87 22735.75 22069.75 21422.70 20797.67
29165.65 29430.69 29084.03 29090.65 29708.88 30510.44 31249.82 31904.38 32459.66 32896.82 33204.22 33386.57 33483.92 33528.70 33542.04 33541.22 33536.17 33530.06 33523.76 33517.35 33510.99 33504.58 33498.22 33491.81 33485.43 33478.70 33469.62 33448.88 33393.98 33277.65 33088.36 32816.57 32442.84 31959.39 31386.55 30744.65 30050.47 29322.90 28577.31 27822.07 27064.24 26311.00 25568.00 24838.67 24124.57 23426.27 22744.19 22080.43 21443.34 20848.90
28471.16 28730.59 28757.74 29023.13 29789.49 30645.72 31465.14 32217.34 32879.93 33440.32 33876.91 34178.11 34348.48 34438.07 34477.57 34486.98 34484.29 34478.69 34472.30 34465.86 34459.27 34452.78 34446.19 34439.71 34432.98 34424.81 34406.82 34355.09 34237.45 34044.26 33768.61 33387.18 32888.14 32297.61 31637.30 30923.12 30175.33 29410.49 28636.09 27859.05 27086.97 26325.79 25578.94 24847.88 24133.04 23434.63 22754.06 22098.14 21488.08 20959.80
27696.05 28046.76 28227.70 28954.66 29840.69 30729.17 31606.97 32444.40 33209.15 33879.30 34445.04 34880.34 35174.73 35331.11 35413.85 35448.11 35453.54 35449.27 35443.29 35436.64 35430.07 35423.27 35416.68 35409.86 35402.42 35387.37 35339.85 35220.56 35022.77 34743.72 34355.33 33839.25 33230.30 32551.32 31816.44 31047.71 30263.32 29469.35 28672.56 27881.14 27101.35 26336.59 25588.18 24856.46 24141.43 23443.91 22769.19 22136.30 21588.86 21177.15
26928.57 27452.07 28114.93 28977.24 29873.29 30782.41 31693.04 32593.26 33448.85 34225.81 34902.94 35474.56 35907.55 36194.70 36334.37 36412.09 36440.78 36442.21 36436.71 36430.53 36423.56 36416.92 36409.87 36402.95 36390.86 36349.04 36227.66 36024.25 35742.33 35348.31 34813.10 34185.00 33487.29 32730.94 31940.41 31136.28 30322.32 29505.21 28693.94 27895.10 27112.02 26345.89 25596.90 24864.92 24150.33 23456.87 22800.93 22225.84 21796.76 21539.98
26423.63 27297.80 28119.17 28996.46 29896.27 30815.80 31748.57 32681.59 33605.38 34479.09 35267.86 35951.21 36529.73 36958.82 37238.85 37357.84 37434.00 37455.86 37453.50 37447.20 37440.97 37433.60 37426.98 37417.49 37383.62 37259.46 37048.98 36764.75 36367.37 35810.00 35162.09 34445.87 33667.14 32853.78 32029.88 31195.49 30357.44 29525.79 28707.46 27905.66 27121.40 26354.75 25605.49 24873.64 24161.58 23482.57 22878.31 22421.90 22160.15 22041.26
26433.99 27283.83 28135.89 29014.81 29915.83 30839.03 31782.71 32739.83 33695.32 34644.21 35535.72 36335.91 37024.41 37611.65 38034.24 38308.33 38400.55 38481.39 38493.30 38488.08 38481.35 38475.17 38467.24 38444.71 38316.72 38097.22 37811.02 37414.23 36830.08 36161.90 35427.80 34625.64 33788.11 32944.68 32089.38 31229.70 30377.11 29538.87 28717.94 27915.13 27130.42 26363.52 25614.19 24883.68 24181.87 23547.10 23059.91 22784.69 22675.42 22631.60
26449.98 27296.47 28153.61 29032.99 29934.60 30858.92 31806.12 32774.65 33756.94 34734.63 35710.82 36619.21 37430.64 38122.65 38721.75 39133.45 39404.89 39460.57 39557.19 39552.26 39546.97 39539.67 39533.76 39400.28 39169.27 38880.74 38491.31 37873.10 37184.72 36433.91 35607.05 34743.56 33881.31 33004.52 32122.43 31248.35 30389.75 29549.28 28727.53 27924.34 27139.38 26372.30 25623.49 24899.43 24233.23 23711.34 23421.03 23315.97 23284.46 23265.20
26466.78 27313.19 28171.33 29051.17 29953.25 30878.13 31826.34 32798.17 33792.28 34800.68 35799.76 36806.56 37729.85 38552.88 39245.75 39862.10 40255.32 40531.44 40534.31 40529.32 40524.29 40519.02 40510.89 40265.61 39972.59 39602.25 38938.24 38230.79 37465.24 36612.09 35720.11 34840.54 33941.46 33036.07 32139.96 31260.59 30400.15 29559.01 28736.92 27933.50 27148.33 26381.29 25635.78 24937.64 24375.96 24068.21 23971.18 23945.09 23936.02 23918.16
26483.65 27330.49 28189.07 29069.35 29971.89 30897.25 31846.01 32818.71 33815.80 34836.23 35872.00 36890.69 37933.24 38867.53 39703.84 40392.92 41035.83 41260.26 41295.70 41292.11 41286.65 41281.36 41253.57 41083.66 40752.75 40023.58 39300.43 38522.99 37641.65 36717.42 35823.34 34900.73 33971.07 33052.40 32151.83 31271.01 30410.05 29568.62 28746.30 27942.65 27157.32 26391.39 25661.77 25053.99 24724.46 24641.37 24621.75 24614.90 24606.16 24579.16
26500.52 27347.79 28206.81 29087.54 29990.54 30916.38 31865.61 32838.87 33836.67 34859.66 35907.16 36972.03 38006.92 39093.45 40031.37 40885.45 41425.36 41866.15 42069.48 42072.38 42067.40 42059.94 41891.52 41534.21 41125.20 40394.16 39608.60 38696.89 37734.59 36831.04 35882.81 34927.84 33986.12 33063.98 32162.32 31281.10 30419.87 29578.21 28755.66 27951.81 27166.49 26407.37 25746.30 25387.33 25327.58 25314.90 25310.12 25302.19 25285.13 25235.00
26517.40 27365.11 28224.56 29105.74 30009.21 30935.51 31885.24 32858.97 33857.35 34880.89 35930.43 37005.65 38102.22 39147.16 40291.16 41082.08 41719.31 42263.93 42720.80 42758.39 42754.35 42724.61 42329.30 41923.15 41379.48 40723.68 39779.49 38769.75 37865.66 36888.07 35906.79 34941.62 33997.52 33074.58 32172.63 31291.14 30429.68 29587.80 28765.04 27960.97 27176.46 26454.84 26052.60 26031.84 26025.12 26022.11 26014.45 26000.34 25954.49 25894.50
26534.29 27382.43 28242.32 29123.96 30027.88 30954.66 31904.86 32879.11 33877.95 34902.12 35952.04 37028.79 38132.21 39264.63 40308.72 41120.00 41946.34 42569.68 42985.14 43220.76 43219.35 43001.09 42743.16 42182.14 41502.05 40758.41 39819.42 38930.36 37916.52 36908.33 35919.40 34952.99 34008.28 33085.13 32182.90 31301.18 30439.50 29597.39 28774.41 27970.15 27192.59 26687.98 26747.71 26752.30 26751.46 26742.86 26734.26 26680.50 26637.14 26519.22
26551.19 27399.76 28260.10 29142.18 30046.56 30973.81 31924.51 32899.22 33898.62 34923.22 35973.86 37050.81 38155.49 39287.11 40325.28 41135.92 41968.90 42703.51 43206.13 43343.03 43343.31 43220.81 42871.14 42299.58 41524.82 40769.49 40030.37 38967.51 37932.94 36919.99 35930.92 34963.93 34019.09 33095.63 32193.18 31311.23 30449.31 29606.98 28783.79 27979.37 27251.91 27370.67 27427.30 27495.90 27486.84 27488.70 27420.94 27387.63 27293.29 27006.09
26568.10 27417.11 28277.87 29160.41 30065.25 30992.97 31944.15 32919.38 33919.25 34944.45 35995.42 37073.05 38176.55 39303.56 40339.02 41153.65 41984.09 42715.76 43207.26 43339.99 43342.94 43223.00 42875.96 42306.90 41534.40 40777.75 40038.95 38981.31 37943.95 36931.89 35942.03 34975.02 34029.82 33106.16 32203.46 31321.28 30459.13 29616.58 28793.16 27988.62 27614.61 27978.05 28147.22 28178.78 28266.48 28174.80 28153.79 28084.55 27771.21 27436.74
26585.04 27434.46 28295.66 29178.64 30083.95 31012.14 31963.81 32939.52 33939.91 34965.46 36016.70 37092.95 38192.69 39317.26 40353.43 41163.24 41967.66 42563.14 42967.76 43201.12 43204.43 42991.38 42733.94 42185.74 41514.80 40780.82 39843.56 38947.44 37947.14 36941.12 35953.04 34985.88 34040.60 33116.67 32213.75 31331.33 30468.96 29626.18 28802.55 27997.87 27959.22 28422.58 28796.22 28939.65 28940.48 28933.57 28907.71 28536.03 28233.78 27707.54
26602.08 27451.82 28313.46 29196.89 30102.66 31031.32 31983.45 32959.63 33960.31 34985.75 36035.10 37105.69 38188.70 39228.48 40351.12 41105.26 41703.15 42226.08 42653.16 42686.16 42691.55 42671.36 42295.75 41891.35 41370.80 40737.89 39815.01 38808.81 37896.02 36933.49 35958.73 34995.54 34050.98 33127.12 32224.01 31341.38 30478.78 29635.78 28811.93 28007.09 28033.59 28826.87 29239.57 29504.14 29503.43 29505.44 29301.38 29051.66 28486.69 27913.25
26619.53 27469.22 28331.27 29215.15 30121.37 31050.48 32003.01 32979.35 33979.52 35002.28 36043.67 37092.01 38116.42 39164.98 40055.60 40855.30 41354.67 41743.10 41919.12 41928.05 41933.57 41936.01 41786.57 41462.84 41070.65 40372.63 39611.49 38731.91 37782.76 36875.13 35942.05 34996.84 34058.76 33136.75 32234.06 31351.36 30488.59 29645.38 28821.31 28016.28 28148.12 28857.05 29461.52 29859.50 29977.39 29884.95 29642.16 29266.50 28706.53 28022.12
26638.83 27486.77 28349.09 29233.40 30140.04 31069.48 32022.00 32997.38 33993.91 35006.65 36023.49 37023.45 38015.76 38885.07 39650.78 40287.94 40857.21 41032.01 41062.81 41068.66 41074.09 41079.12 41065.29 40928.10 40642.43 39949.10 39259.12 38515.12 37673.99 36771.12 35879.85 34972.91 34055.45 33142.25 32242.67 31360.90 30498.26 29654.94 28830.69 28025.46 28168.21 28868.80 29474.96 29965.64 30094.69 30100.12 29856.71 29380.43 28811.94 28047.61
26666.07 27505.05 28366.94 29251.58 30158.45 31087.67 32038.73 33009.47 33994.22 34981.09 35952.53 36898.83 37741.72 38478.56 39098.37 39622.97 39955.98 40212.35 40222.01 40230.03 40236.18 40241.61 40244.50 40018.41 39753.63 39433.17 38832.45 38169.11 37446.26 36640.03 35776.83 34907.58 34025.56 33134.38 32245.59 31368.25 30507.16 29664.25 28839.99 28034.61 28180.61 28880.37 29486.85 29969.28 30088.68 29995.21 29654.59 29369.91 28826.03 28054.01
26723.37 27527.31 28384.90 29269.40 30175.78 31102.99 32048.40 33005.84 33963.60 34905.01 35811.46 36626.08 37336.30 37935.01 38426.55 38757.28 38983.07 39039.55 39147.33 39154.67 39162.18 39168.41 39173.58 39056.41 38853.48 38600.85 38270.18 37731.35 37100.92 36402.78 35629.14 34801.38 33956.85 33099.35 32233.35 31368.40 30513.02 29672.37 28848.86 28043.61 28191.33 28888.19 29484.27 29939.82 29950.31 29950.50 29553.66 29107.01 28670.13 28031.22
26866.18 27570.97 28403.44 29285.91 30189.62 31110.16 32040.91 32970.20 33881.32 34751.92 35537.94 36222.65 36799.07 37263.96 37586.17 37794.92 37875.61 37959.62 37979.05 37986.48 37993.71 38000.87 38007.04 37998.83 37897.45 37714.46 37472.91 37144.66 36650.78 36054.22 35383.09 34640.53 33845.41 33026.74 32193.63 31352.00 30510.32 29676.56 28856.07 28051.93 28075.27 28749.17 29264.32 29442.03 29444.84 29450.35 29300.71 28958.26 28352.99 27859.25
27062.06 27717.19 28428.03 29299.59 30194.28 31098.89 32000.26 32881.48 33718.99 34476.79 35136.71 35690.84 36132.89 36444.21 36642.39 36735.43 36807.09 36832.12 36840.82 36847.91 36855.10 36862.16 36869.05 36873.66 36858.03 36767.71 36601.40 36370.94 36051.56 35592.94 35029.10 34386.10 33673.54 32909.10 32116.63 31307.80 30489.91 29670.94 28858.45 28058.05 27907.60 28400.15 28791.28 28833.03 28935.37 28847.54 28816.19 28482.61 28119.96 27582.16
27259.00 27924.19 28578.49 29304.37 30181.00 31053.30 31905.29 32711.75 33442.04 34077.78 34610.12 35031.84 35331.62 35522.28 35621.36 35686.52 35714.16 35724.40 35731.52 35738.50 35745.44 35752.41 35759.30 35765.79 35768.47 35748.76 35666.72 35514.38 35295.15 34987.87 34558.64 34025.67 33411.01 32727.58 31992.38 31226.02 30441.31 29646.64 28849.89 28058.41 27565.32 27900.24 28003.80 28175.20 28154.87 28185.73 28035.53 27946.55 27667.83 27302.96
27409.43 28136.23 28796.73 29460.33 30134.34 30956.35 31732.28 32435.43 33046.27 33556.53 33959.69 34248.05 34432.61 34534.30 34595.96 34624.83 34636.47 34643.78 34650.59 34657.36 34664.15 34670.92 34677.70 34684.38 34690.36 34691.21 34669.34 34593.83 34453.32 34245.32 33951.62 33548.04 33043.94 32457.24 31802.13 31095.06 30354.47 29593.65 28821.78 28046.83 27312.15 27187.15 27311.12 27320.12 27337.60 27330.93 27333.35 27224.95 27112.77 26857.38
27524.07 28292.16 29026.86 29689.24 30370.98 31016.21 31672.92 32143.60 32532.21 32916.59 33192.89 33371.98 33474.37 33534.05 33563.54 33576.34 33583.92 33590.61 33597.21 33603.82 33610.42 33617.04 33623.64 33630.24 33636.69 33642.08 33641.36 33618.46 33548.35 33418.01 33221.05 32941.45 32560.93 32083.80 31524.35 30896.74 30216.83 29501.60 28764.38 28014.90 27265.84 26617.17 26509.45 26516.35 26514.24 26524.61 26522.65 26511.89 26425.75 26297.89
27615.52 28410.69 29187.33 29941.88 30463.34 31067.94 31514.26 31765.22 32003.66 32167.71 32339.35 32441.31 32499.79 32529.61 32543.34 32551.23 32557.85 32564.29 32570.73 32577.16 32583.60 32590.04 32596.48 32602.92 32609.33 32615.53 32620.31 32618.31 32595.05 32529.56 32408.11 32221.85 31956.35 31596.98 31145.08 30611.93 30010.98 29357.39 28667.02 27953.05 27226.16 26509.03 25927.25 25758.36 25732.39 25728.05 25734.02 25732.81 25715.97 25634.06
27656.59 28513.11 29308.17 29968.52 30501.23 31019.14 31167.06 31363.82 31383.59 31337.28 31434.83 31492.35 31522.36 31536.81 31545.02 31551.60 31557.89 31564.17 31570.44 31576.71 31582.98 31589.26 31595.53 31601.81 31608.08 31614.31 31620.24 31624.41 31621.40 31598.21 31536.74 31423.19 31247.21 30995.49 30655.75 30227.52 29719.63 29144.47 28516.40 27850.35 27159.33 26455.79 25772.64 25235.63 25027.21 24974.09 24962.93 24964.63 24962.39 24934.52
27621.56 28565.60 29422.74 29967.88 30533.43 30722.70 30859.77 30768.67 30671.17 30468.10 30514.22 30541.29 30556.13 30564.61 30571.17 30577.34 30583.45 30589.56 30595.67 30601.78 30607.90 30614.01 30620.13 30626.24 30632.36 30638.47 30644.52 30650.15 30653.76 30649.97 30627.10 30569.23 30462.78 30296.58 30058.18 29736.79 29330.81 28847.10 28296.85 27693.53 27051.25 26382.96 25703.51 25053.44 24549.40 24317.68 24240.88 24219.02 24215.76 24203.59
27532.61 28531.78 29319.86 29945.31 30277.14 30392.26 30380.68 30296.58 30100.87 29877.81 29606.77 29605.11 29610.35 29616.13 29622.01 29627.93 29633.88 29639.83 29645.78 29651.74 29657.70 29663.65 29669.61 29675.57 29681.53 29687.49 29693.44 29699.30 29704.65 29707.73 29703.36 29680.97 29626.37 29526.35 29369.44 29143.81 28839.67 28454.67 27994.07 27467.83 26888.48 26269.42 25623.73 24969.19 24352.07 23876.65 23629.64 23529.62 23495.83 23479.13
27398.92 28444.01 29246.18 29683.70 29806.95 29816.10 29826.79 29812.09 29624.79 29336.51 29098.95 28774.77 28706.10 28695.72 28697.98 28702.98 28708.59 28714.35 28720.14 28725.94 28731.74 28737.55 28743.36 28749.16 28754.97 28760.78 28766.59 28772.38 28778.05 28783.11 28785.72 28780.92 28759.15 28707.57 28613.51 28560.63 28367.15 28083.46 27814.39 27300.79 26781.90 26127.22 25543.59 24918.66 24289.33 23675.14 23217.61 22957.21 22838.23 22785.05
27273.37 28299.11 28761.55 29122.19 29256.96 29260.93 29161.82 29146.43 29112.86 28950.51 28700.08 28455.02 27991.58 27847.72 27810.83 27805.10 27807.80 27812.71 27818.17 27823.78 27829.42 27835.08 27840.74 27846.40 27852.06 27857.72 27863.38 27869.04 27874.67 27880.15 27884.94 27887.17 27882.16 28158.78 28172.50 28107.49 27930.46 27734.40 27583.56 27317.79 26865.96 26311.73 25664.64 25020.78 24369.22 23671.24 23025.99 22571.03 22299.83 22157.97
27083.68 27850.00 28183.34 28340.29 28460.47 28467.11 28555.49 28507.01 28483.00 28545.11 28423.47 28205.66 27744.77 27231.09 27024.16 26955.67 26937.77 26936.32 26939.85 26944.81 26950.18 26955.65 26961.15 26966.67 26972.18 26977.70 26983.22 26988.73 26994.25 27000.17 27011.83 27066.40 27399.88 27658.04 27656.67 27658.27 27596.21 27444.81 27267.03 27100.87 26840.85 26427.07 25768.30 25110.37 24384.47 23682.16 22997.10 22384.63 21935.90 21649.83
26657.65 27271.59 27441.13 27548.14 27580.42 27656.01 27738.81 27769.74 28007.35 27993.48 28009.65 27908.74 27490.62 26946.90 26471.01 26226.94 26128.46 26095.78 26088.33 26089.63 26093.77 26098.78 26104.05 26109.40 26114.77 26120.16 26125.66 26131.69 26140.83 26166.10 26261.46 26588.72 27124.34 27159.42 27164.75 27165.13 27159.42 27100.60 26968.79 26805.51 26632.93 26379.50 25873.51 25112.31 24395.65 23688.82 23001.63 22339.35 21753.05 21305.25
26092.71 26559.23 26664.25 26711.37 26780.43 26857.93 26925.08 27132.85 27372.99 27495.24 27495.42 27494.94 27179.74 26682.55 26167.02 25717.87 25451.63 25327.09 25278.52 25263.53 25261.69 25264.58 25269.07 25274.08 25279.34 25285.00 25292.22 25306.12 25345.90 25469.14 25786.76 26262.48 26665.39 26675.28 26680.12 26684.45 26684.97 26674.83 26619.38 26502.80 26351.57 26177.96 25811.31 25126.10 24401.04 23698.06 23008.37 22337.40 21696.70 21125.59
25412.61 25802.45 25861.83 25928.11 26004.74 26092.47 26279.63 26493.07 26631.27 26777.74 26961.19 26795.39 26630.24 26332.85 25885.60 25402.09 24974.88 24695.75 24549.57 24485.14 24461.49 24455.62 24456.78 24460.54 24466.32 24475.36 24495.03 24548.54 24690.54 24996.19 25421.14 25773.87 25884.54 26201.99 26207.57 26212.42 26109.21 26193.93 26198.91 26150.54 26046.79 25798.88 25401.32 25000.41 24384.29 23699.10 23015.40 22342.88 21688.73 21061.62
24685.79 25029.47 25098.27 25175.94 25275.05 25447.23 25641.06 25786.00 25927.19 26067.16 26047.50 26078.65 25957.61 25790.47 25509.90 25102.66 24651.10 24243.66 23957.80 23794.18 23714.67 23681.70 23671.02 23669.96 23680.53 23706.47 23772.16 23926.37 24218.93 24602.20 24922.98 25083.33 25324.50 25385.07 25489.91 25495.41 25583.66 25494.26 25581.10 25597.28 25462.07 25337.89 25009.21 24633.71 24222.46 23654.12 23007.39 22346.40 21691.85 21048.21
23947.45 24286.39 24367.41 24472.25 24632.50 24811.17 24957.38 25091.60 25206.21 25213.87 25232.13 25225.61 25231.44 25134.41 24972.84 24708.95 24335.13 23913.83 23525.04 23236.75 23059.46 22966.10 22923.55 22907.88 22938.95 23013.78 23174.33 23453.10 23802.29 24100.12 24283.56 24483.11 24569.32 24653.31 24680.08 24736.82 24710.87 24745.74 24766.64 24767.08 24762.95 24659.19 24519.27 24231.68 23878.23 23470.06 22938.13 22326.92 21690.35 21048.04
23201.90 23416.12 23513.28 23618.89 23770.34 23939.02 24083.11 24213.16 24321.20 24377.08 24395.87 24411.15 24410.68 24403.74 24320.47 24167.34 23919.95 23575.03 23181.91 22811.19 22523.68 22336.09 22230.45 22178.48 22160.66 22214.06 22435.54 22753.58 23033.46 23245.20 23428.60 23612.49 23707.17 23787.40 23841.52 23876.78 23918.76 23914.30 23938.65 23957.60 23961.41 23948.05 23861.38 23719.20 23460.73 23128.35 22730.74 22229.07 21650.48 21034.42
