#Value Function.
27719.55 27888.90 27897.62 27885.84 27876.12 27860.16 27846.71 27901.92 28083.78 28310.27 28160.95 27508.20 26762.64 25924.05 25012.78 24295.26 23509.21 22804.67 22142.26 21740.72 21649.24 21633.68 21687.69 21913.84 22438.32 22959.02 23552.95 23957.33 24304.76 24512.36 24524.86 24372.98 24344.80 24228.75 24241.25 23974.13 23890.51 23757.28 23581.22 23383.29 23191.98 22935.47 22695.89 22314.38 21793.18 21176.59 20565.38 20000.14 19473.61 18956.31
28985.07 28982.32 28974.07 28958.87 28950.25 28932.28 28903.26 28801.08 28831.90 28714.35 28361.31 27687.99 27107.91 26119.30 25417.94 24575.92 23854.89 23141.72 22743.72 22570.81 22502.56 22482.74 22512.60 22619.89 22907.24 23486.75 24011.31 24530.07 24788.26 25021.26 25041.34 24999.18 25005.11 25009.57 25093.41 24875.48 24835.97 24699.70 24487.69 24298.39 24015.47 23785.54 23378.13 22821.49 22161.84 21521.66 20937.56 20395.33 19864.51 19325.07
29959.71 29964.10 29946.26 29939.80 29920.19 29895.37 29783.68 29567.66 29303.65 28926.67 28301.07 27752.23 26893.11 26269.19 25360.51 24644.42 23874.83 23494.68 23344.05 23287.63 23264.04 23252.33 23251.68 23273.68 23364.76 23636.20 24282.84 24665.99 25102.49 25347.70 25461.76 25480.14 25581.29 25575.74 25570.72 25561.82 25554.96 25318.68 25141.10 24823.91 24618.21 24183.20 23595.86 22896.66 22236.09 21641.59 21091.00 20548.65 19995.94 19482.05
30970.30 30959.46 30956.61 30933.67 30916.81 30797.10 30569.31 30172.38 29633.26 28956.89 28180.49 27473.90 26899.56 26107.36 25460.81 24612.99 24263.17 24138.75 24094.26 24074.84 24062.47 24052.21 24043.78 24040.06 24053.76 24125.94 24367.08 24988.85 25341.66 25676.57 25938.42 26053.15 26047.12 26042.78 26035.49 26031.13 26020.87 26009.70 25640.62 25477.45 25004.54 24386.48 23642.78 22963.79 22360.34 21802.01 21247.63 20679.43 20097.11 19588.17
31989.56 32003.65 31974.41 31969.85 31838.90 31603.50 31177.39 30609.26 29899.03 29083.31 28235.50 27394.18 26667.73 26076.16 25336.03 25054.83 24958.48 24924.56 24908.45 24896.84 24886.28 24875.98 24865.92 24856.57 24850.31 24856.53 24909.51 25115.73 25715.77 26048.37 26406.45 26530.56 26527.13 26518.71 26515.24 26506.52 26499.89 26463.86 26372.54 25844.29 25198.05 24402.87 23708.77 23097.73 22532.18 21965.05 21380.48 20779.99 20170.68 19684.27
33079.72 33042.02 33056.60 32909.01 32669.02 32210.06 31614.63 30869.45 30014.27 29134.15 28263.82 27422.21 26657.83 26103.74 25876.75 25804.40 25779.04 25765.29 25754.09 25743.41 25732.83 25722.27 25711.74 25701.30 25691.25 25683.00 25682.83 25717.05 25882.93 26462.94 26768.98 27024.62 27014.70 27012.79 27002.34 26998.55 26966.78 26871.82 26699.28 26032.60 25175.62 24472.00 23854.50 23282.27 22701.40 22099.47 21480.78 20852.38 20222.41 19756.58
34135.94 34180.01 34006.77 33767.90 33268.97 32647.40 31865.53 30967.98 30056.89 29160.66 28291.60 27493.06 26920.87 26728.20 26676.79 26658.09 26645.85 26634.76 26623.88 26613.03 26602.19 26591.35 26580.52 26569.69 26558.91 26548.31 26538.62 26533.39 26550.18 26668.01 27232.10 27520.78 27524.42 27510.96 27511.11 27480.34 27378.52 27205.79 26893.56 25958.74 25254.91 24631.31 24053.02 23457.15 22836.80 22199.23 21552.27 20902.69 20258.31 19807.73
35076.61 34989.49 34903.05 34353.29 33708.71 32887.95 31944.42 31003.06 30081.24 29185.80 28351.88 27752.88 27606.56 27575.99 27562.15 27550.65 27539.46 27528.32 27517.17 27506.04 27494.90 27483.78 27472.65 27461.53 27450.41 27439.32 27428.29 27417.62 27408.84 27411.08 27469.52 28023.29 28032.37 28038.18 28008.79 27898.41 27718.49 27435.50 26537.22 26059.76 25428.70 24845.26 24232.71 23592.83 22935.75 22269.73 21601.63 20937.42 20284.07 19843.38
35881.42 35837.80 35320.28 34800.13 33937.47 32943.46 31973.38 31026.16 30104.73 29232.86 28596.11 28514.64 28502.95 28491.64 28480.25 28468.80 28457.36 28445.92 28434.48 28423.04 28411.61 28400.18 28388.76 28377.34 28365.92 28354.51 28343.11 28331.72 28320.45 28309.58 28302.86 28285.07 28580.41 28552.87 28431.86 28242.42 27974.29 27276.25 26779.13 26246.84 25659.95 25028.41 24367.94 23690.77 23005.20 22318.11 21635.59 20962.44 20304.21 19869.05
36230.62 36030.67 35683.04 34873.92 33964.64 32968.81 31996.07 31049.27 30138.07 29446.08 29454.82 29453.31 29445.33 29434.78 29423.34 29411.67 29399.92 29388.18 29376.42 29364.69 29352.94 29341.21 29329.47 29317.75 29306.02 29294.31 29282.59 29270.86 29258.96 29245.89 29226.71 29191.66 29113.34 28978.89 28779.93 28500.65 28120.87 27651.59 27106.10 26498.31 25844.51 25162.52 24464.73 23759.13 23052.57 22351.30 21660.18 20982.29 20321.71 19889.12
36257.54 36028.88 35707.78 34892.75 33990.62 32991.57 32019.82 31073.47 30271.86 30352.58 30397.20 30412.68 30411.15 30402.57 30391.60 30379.80 30367.81 30355.73 30343.69 30331.61 30319.57 30307.51 30295.48 30283.42 30271.40 30259.35 30247.32 30235.14 30221.97 30203.07 30164.05 30080.93 29939.12 29731.35 29440.16 29046.02 28556.39 27988.91 27358.10 26681.04 25976.96 25258.10 24531.97 23805.44 23084.97 22375.48 21679.95 20999.83 20338.36 19906.55
36217.16 35927.33 35697.89 34912.94 34009.63 33016.02 32042.31 31118.72 31080.40 31247.55 31336.54 31381.95 31396.93 31394.42 31385.19 31373.80 31361.64 31349.31 31336.91 31324.55 31312.15 31299.80 31287.40 31275.06 31262.67 31250.34 31237.87 31224.66 31206.20 31167.08 31079.87 30930.31 30713.54 30410.27 29996.83 29484.62 28894.19 28239.56 27538.42 26811.76 26071.39 25324.21 24577.18 23837.03 23108.75 22395.20 21697.65 21016.64 20355.57 19923.17
36015.39 35866.76 35159.03 34852.84 33915.47 33023.74 32064.21 31418.21 31809.14 32086.61 32258.19 32346.61 32393.02 32407.35 32403.72 32393.86 32382.07 32369.51 32356.86 32344.11 32331.44 32318.69 32306.03 32293.29 32280.64 32267.86 32254.59 32236.68 32197.87 32106.17 31948.08 31722.12 31406.71 30972.42 30436.43 29822.44 29143.22 28417.12 27667.42 26905.12 26136.34 25368.26 24607.96 23860.46 23128.47 22413.12 21714.72 21033.85 20376.38 19940.72
35396.39 35193.35 35002.23 34290.07 33803.52 32936.43 32060.16 31905.07 32422.79 32833.35 33120.18 33296.24 33383.13 33431.19 33444.65 33439.75 33429.27 33417.08 33404.12 33391.15 33378.03 33365.05 33351.94 33338.97 33325.84 33312.49 33295.24 33257.25 33160.51 32992.95 32757.70 32430.30 31973.30 31412.28 30774.25 30069.64 29317.61 28544.47 27759.81 26968.85 26179.16 25398.21 24631.05 23880.22 23146.63 22430.48 21732.00 21053.78 20410.12 19963.19
34622.95 34457.89 34164.82 33931.90 33303.06 32789.18 31969.03 32284.38 32920.59 33457.43 33885.33 34181.58 34362.63 34446.56 34497.35 34509.50 34503.18 34492.13 34479.57 34466.16 34452.88 34439.37 34426.09 34412.58 34399.12 34382.60 34346.14 34243.69 34065.50 33820.93 33482.02 32999.96 32412.63 31750.26 31019.42 30240.34 29443.46 28636.02 27822.26 27010.37 26208.28 25421.02 24650.90 23898.66 23164.34 22447.93 21751.15 21084.16 20483.35 20003.65
33766.13 33591.32 33420.82 33155.65 32898.23 32332.11 31793.06 32554.59 33305.05 33962.93 34519.08 34965.97 35271.43 35458.43 35537.16 35592.51 35602.56 35594.72 35583.18 35570.25 35556.36 35542.81 35528.85 35515.24 35499.44 35465.58 35356.49 35166.27 34912.49 34563.02 34052.81 33437.93 32751.16 31993.15 31185.74 30364.98 29534.33 28697.09 27862.37 27038.66 26230.85 25441.01 24669.66 23916.74 23182.06 22466.61 21778.41 21150.54 20659.48 20200.19
32915.33 32752.22 32584.74 32412.94 32167.74 31897.65 31837.09 32721.57 33577.03 34352.50 35032.51 35608.25 36076.31 36390.27 36584.98 36654.99 36717.92 36724.43 36715.11 36703.18 36689.89 36675.45 36661.67 36646.44 36616.67 36499.72 36295.77 36033.00 35674.63 35132.12 34488.64 33777.72 32991.48 32154.18 31309.66 30455.35 29593.85 28735.69 27889.86 27061.05 26251.03 25460.13 24688.15 23934.81 23200.55 22491.45 21837.77 21322.24 21031.22 20667.03
32086.35 31923.29 31764.53 31603.11 31432.59 31197.37 31903.40 32826.66 33738.81 34626.53 35427.25 36130.06 36725.32 37217.58 37538.42 37743.97 37799.66 37875.16 37875.58 37865.15 37852.89 37839.28 37824.17 37800.72 37674.20 37454.46 37183.05 36818.51 36237.96 35565.19 34830.79 34015.06 33145.99 32278.20 31399.68 30513.07 29630.82 28762.40 27912.15 27081.49 26270.55 25479.05 24706.62 23953.32 23223.48 22544.03 22002.27 21708.56 21593.82 21301.81
31270.33 31113.97 30956.48 30802.30 30646.45 31019.92 31946.72 32892.02 33842.25 34781.18 35704.03 36529.90 37256.46 37870.49 38391.37 38715.80 38937.77 38970.07 39066.43 39056.20 39045.73 39033.11 39019.21 38880.71 38642.72 38363.08 37996.78 37370.07 36668.05 35911.37 35064.59 34161.36 33271.40 32367.96 31455.27 30548.31 29656.83 28784.67 27932.89 27101.42 26289.93 25497.96 24725.32 23974.79 23269.28 22699.12 22401.06 22299.01 22260.69 21988.23
30471.95 30318.32 30166.58 30014.51 30177.26 31048.17 31980.37 32934.16 33905.92 34883.84 35848.79 36810.75 37660.96 38412.74 39043.59 39599.82 39921.64 40169.80 40163.95 40153.96 40143.42 40133.02 40119.96 39860.91 39573.35 39212.23 38527.60 37797.79 37020.58 36140.79 35200.34 34290.22 33360.82 32420.97 31488.68 30573.70 29679.17 28805.78 27953.28 27121.28 26309.30 25516.96 24745.74 24013.84 23412.37 23111.00 23021.10 22990.31 22978.01 22695.72
29688.02 29539.29 29390.76 29364.70 30167.48 31077.92 32011.33 32967.69 33946.64 34945.57 35952.35 36941.52 37948.25 38820.70 39600.27 40243.90 40845.99 41012.95 41023.18 41014.16 41003.82 40992.92 40968.42 40813.69 40468.67 39708.87 38955.15 38159.75 37244.41 36262.73 35335.85 34378.87 33410.67 32452.50 31513.60 30596.21 29700.69 28826.65 27973.63 27141.13 26328.70 25536.77 24778.25 24141.24 23837.56 23764.08 23736.75 23731.30 23712.36 23428.60
28919.92 28774.75 28629.41 29307.39 30196.00 31107.63 32041.86 32999.17 33980.16 34984.74 36011.58 37048.97 38058.73 39118.63 40009.02 40821.04 41328.68 41734.94 41899.31 41892.91 41883.48 41872.81 41714.16 41331.03 40910.77 40141.33 39330.41 38376.28 37347.94 36409.86 35422.61 34424.87 33440.35 32477.12 31536.37 30618.21 29722.07 28847.51 27993.98 27161.00 26348.35 25563.39 24885.19 24579.10 24528.84 24503.33 24502.80 24483.19 24478.00 24157.22
28166.51 28025.63 28472.48 29334.70 30225.00 31137.38 32072.33 33030.46 34012.24 35018.43 36049.08 37104.44 38175.32 39199.05 40324.89 41084.05 41678.50 42204.57 42649.30 42670.41 42660.66 42638.29 42204.60 41784.88 41217.32 40534.24 39537.30 38454.85 37514.41 36492.39 35464.05 34452.83 33464.88 32500.24 31558.89 30640.10 29743.46 28868.37 28014.35 27180.90 26370.48 25644.16 25333.64 25317.39 25290.12 25296.69 25270.31 25275.83 25231.31 24893.51
27500.07 27675.06 28493.61 29363.01 30254.05 31167.13 32102.84 33061.69 34044.33 35051.18 36083.20 37140.30 38224.48 39333.75 40359.79 41153.53 41956.09 42553.08 42959.24 43194.38 43193.36 42951.43 42680.66 42086.13 41373.44 40587.58 39581.45 38652.55 37588.18 36528.74 35490.59 34477.54 33488.43 32523.33 31581.31 30662.04 29764.84 28889.26 28034.72 27200.94 26418.60 26098.17 26132.65 26096.84 26114.46 26076.51 26094.14 26043.04 25997.83 25623.63
27196.13 27672.47 28521.19 29391.38 30283.11 31196.93 32133.35 33092.99 34076.33 35084.13 36116.66 37175.19 38259.11 39371.62 40386.90 41180.81 41997.03 42716.50 43205.67 43340.16 43336.63 43206.02 42833.03 42228.18 41409.75 40610.07 39828.79 38709.31 37619.55 36554.33 35515.76 34501.56 33512.14 32546.29 31603.83 30683.95 29786.26 28910.14 28055.12 27221.69 26751.59 26867.23 26907.18 26957.88 26900.83 26938.25 26871.37 26832.02 26769.95 26194.96
27170.70 27699.17 28548.89 29419.76 30312.20 31226.73 32163.91 33124.27 34108.46 35116.90 36150.50 37209.16 38293.99 39399.08 40413.34 41207.42 42022.36 42737.64 43217.96 43340.05 43342.00 43214.32 42848.66 42246.96 41430.08 40631.01 39853.96 38737.35 37644.75 36580.24 35540.24 34525.94 33535.63 32569.41 31626.27 30705.93 29807.67 28931.06 28075.54 27246.18 27295.56 27594.62 27707.78 27737.73 27811.09 27719.13 27683.61 27647.41 27316.59 26736.29
27192.03 27726.21 28576.61 29448.17 30341.31 31256.57 32194.47 33155.62 34140.49 35149.77 36183.51 37241.83 38321.22 39424.63 40437.92 41226.12 42013.19 42590.09 42977.34 43204.83 43209.77 42981.31 42727.54 42143.11 41436.36 40649.45 39649.79 38739.47 37669.37 36604.87 35565.35 34549.94 33559.38 32592.39 31648.82 30727.86 29829.12 28951.96 28096.02 27272.42 27746.02 28140.29 28468.24 28571.00 28585.05 28555.67 28555.17 28160.49 27850.28 27241.63
27218.20 27753.29 28604.36 29476.60 30370.45 31286.42 32225.06 33186.88 34172.39 35181.59 36213.84 37265.16 38327.15 39343.11 40443.87 41173.18 41744.29 42246.64 42663.89 42690.91 42710.87 42701.97 42277.60 41886.32 41326.77 40647.27 39648.75 38573.37 37656.28 36625.20 35589.06 34574.29 33582.88 32615.54 31671.29 30749.86 29850.54 28972.90 28116.52 27297.32 27868.68 28630.47 29000.41 29230.69 29194.03 29221.16 29008.37 28741.66 28109.32 27524.54
27244.88 27780.37 28632.12 29505.06 30399.60 31316.26 32255.53 33217.77 34202.79 35209.24 36232.10 37259.39 38259.66 39284.98 40144.26 40914.01 41386.80 41756.93 41919.92 41936.43 41958.42 41980.72 41841.55 41458.91 41067.31 40307.67 39509.32 38546.02 37517.37 36602.11 35604.83 34596.72 33606.44 32638.50 31693.86 30771.81 29872.02 28993.83 28137.02 27318.54 28000.18 28692.13 29271.71 29648.07 29751.92 29654.28 29387.73 28948.78 28320.76 27738.53
27271.61 27807.44 28659.90 29533.51 30428.71 31345.91 32285.35 33246.54 34227.45 35222.13 36217.78 37193.07 38159.39 38993.16 39723.72 40329.24 40876.78 41031.08 41060.89 41087.89 41105.44 41128.27 41142.06 41005.09 40658.65 39925.93 39185.11 38400.00 37470.20 36482.61 35575.20 34608.06 33627.35 32661.24 31716.27 30793.84 29893.46 29014.79 28157.47 27339.66 28025.22 28711.69 29300.89 29773.28 29894.33 29892.16 29580.57 29028.82 28497.00 27911.00
27298.31 27834.33 28687.68 29561.88 30457.49 31374.56 32312.28 33267.97 34234.92 35200.30 36146.14 37063.23 37867.07 38564.06 39147.92 39644.93 39952.61 40205.89 40230.27 40251.42 40276.56 40294.92 40317.80 40099.82 39842.49 39487.10 38808.02 38088.45 37318.33 36420.33 35469.52 34574.17 33634.56 32680.45 31738.14 30815.68 29914.95 29035.74 28177.90 27359.35 28045.14 28732.23 29318.70 29785.89 29889.92 29792.65 29432.84 29107.23 28473.14 28017.80
27324.76 27860.58 28715.30 29589.77 30484.87 31399.47 32330.27 33269.97 34205.76 35120.23 35994.20 36766.55 37432.72 37991.18 38449.63 38751.51 38968.47 39031.49 39156.43 39189.97 39212.21 39236.01 39257.40 39158.40 38955.53 38706.35 38348.41 37714.13 37017.07 36263.41 35395.57 34478.27 33597.86 32683.91 31755.53 30836.61 29936.19 29056.69 28198.07 27378.97 28064.24 28747.69 29324.35 29759.02 29751.36 29769.18 29337.35 28865.07 28404.13 27999.81
27350.54 27885.76 28742.24 29615.77 30507.59 31413.84 32326.75 33233.35 34115.90 34950.84 35691.54 36328.37 36860.35 37287.15 37577.13 37771.70 37853.69 37953.56 37995.27 38026.44 38058.24 38081.06 38105.39 38119.75 38027.82 37838.58 37596.69 37240.60 36644.46 35970.41 35234.37 34395.20 33508.84 32645.34 31755.62 30852.13 29956.15 29077.32 28218.37 27398.16 27950.13 28610.65 29100.30 29253.82 29276.30 29278.36 29145.93 28750.53 28085.16 27910.77
27377.01 27919.21 28766.79 29636.13 30518.20 31404.71 32282.50 33133.29 33932.09 34641.65 35250.17 35755.86 36155.33 36431.16 36610.54 36700.99 36785.95 36830.56 36861.59 36893.54 36924.23 36954.60 36977.88 37002.05 37011.09 36925.35 36748.33 36513.31 36162.10 35599.00 34947.96 34230.40 33418.56 32561.08 31715.78 30849.23 29969.78 29096.26 28238.36 27413.75 27776.91 28250.61 28616.46 28663.53 28775.99 28688.04 28675.07 28331.51 27926.94 27629.08
27514.76 28091.43 28784.64 29642.85 30503.35 31352.72 32172.30 32937.17 33616.39 34197.50 34677.64 35052.77 35313.99 35481.96 35575.24 35650.82 35695.84 35727.02 35757.76 35788.06 35819.06 35849.15 35878.34 35901.91 35925.52 35930.52 35850.26 35684.21 35455.86 35111.57 34577.58 33949.25 33250.74 32465.02 31634.75 30808.45 29964.22 29108.02 28256.28 27422.13 27412.21 27733.05 27831.44 28008.10 27974.58 28055.99 27889.61 27840.53 27528.66 27439.38
27714.24 28306.68 28983.04 29655.16 30443.69 31232.79 31965.47 32615.29 33169.83 33625.43 33978.45 34225.40 34384.01 34477.11 34546.36 34590.67 34621.93 34651.72 34681.44 34711.36 34741.01 34771.13 34800.56 34828.75 34852.46 34875.25 34877.19 34801.87 34645.64 34423.91 34087.89 33579.92 32973.80 32294.69 31534.00 30729.54 29922.70 29100.09 28266.34 27427.06 26878.84 27004.96 27137.09 27140.84 27195.49 27181.75 27234.25 27103.88 27028.11 27051.59
27882.35 28479.71 29213.56 29902.87 30571.29 31260.87 31860.73 32269.00 32598.87 32931.54 33164.88 33315.32 33406.62 33471.28 33514.41 33545.57 33574.59 33603.61 33632.66 33661.67 33690.81 33719.79 33749.09 33777.83 33805.16 33828.86 33850.70 33850.34 33779.47 33632.09 33416.97 33090.09 32605.67 32021.14 31361.58 30624.95 29845.10 29057.94 28256.45 27440.32 26637.15 26298.56 26320.50 26358.73 26362.80 26405.98 26404.55 26437.86 26329.21 26545.86
28010.02 28604.89 29388.16 30145.29 30708.75 31264.54 31641.66 31828.67 32012.57 32131.85 32274.79 32363.47 32424.56 32466.34 32497.24 32525.57 32553.83 32582.13 32610.43 32638.76 32667.06 32695.46 32723.76 32752.30 32780.32 32806.89 32830.48 32851.29 32849.21 32782.41 32643.03 32434.51 32117.30 31654.41 31090.81 30450.79 29737.33 28981.06 28213.67 27432.18 26632.72 25880.57 25568.55 25562.00 25592.60 25602.34 25637.91 25644.05 25735.38 25880.19
28131.14 28733.82 29507.95 30179.63 30702.70 31149.70 31225.45 31365.83 31338.29 31260.56 31347.19 31405.32 31445.72 31476.22 31503.93 31531.43 31559.00 31586.56 31614.16 31641.77 31669.39 31697.01 31724.69 31752.32 31780.12 31807.43 31833.32 31856.67 31876.47 31873.10 31810.02 31677.91 31476.00 31168.72 30725.72 30182.35 29561.74 28870.63 28137.04 27389.32 26626.65 25846.40 25141.70 24848.79 24822.93 24848.48 24872.31 24961.73 25104.82 25283.09
28212.86 28792.44 29651.39 30171.74 30669.38 30778.52 30857.35 30726.60 30669.18 30422.72 30412.83 30451.83 30481.82 30508.93 30535.72 30562.58 30589.41 30616.30 30643.18 30670.09 30697.02 30723.96 30750.90 30777.89 30804.86 30831.94 30858.56 30883.81 30906.85 30925.65 30921.35 30861.69 30736.23 30540.89 30243.64 29819.14 29295.29 28693.86 28024.34 27312.64 26584.30 25839.72 25080.64 24419.31 24140.92 24118.52 24207.92 24347.18 24513.52 24665.80
28259.62 28774.80 29529.89 30086.07 30335.26 30392.34 30365.53 30298.52 30064.94 29870.52 29544.08 29513.44 29539.90 29565.99 29592.15 29618.28 29644.47 29670.65 29696.86 29723.09 29749.33 29775.60 29801.87 29828.15 29854.47 29880.79 29907.17 29933.11 29957.77 29980.43 29998.26 29993.30 29936.80 29817.45 29628.64 29341.42 28934.24 28429.22 27846.68 27198.06 26507.51 25798.20 25152.82 24603.88 23973.19 23472.72 23607.83 23765.24 23916.95 24078.04
28232.07 28662.89 29396.39 29748.40 29807.68 29799.60 29840.82 29820.47 29629.19 29303.32 29088.24 28693.29 28631.00 28647.99 28672.59 28698.00 28723.49 28749.03 28774.56 28800.13 28825.71 28851.30 28876.92 28902.54 28928.18 28953.84 28979.52 29005.23 29030.51 29054.61 29076.83 29093.76 29088.39 29034.84 28921.19 28844.53 28577.67 28187.84 27806.77 27147.54 26593.91 25955.65 25416.99 24743.29 24109.45 23448.29 23037.11 23186.05 23340.16 23490.40
28113.23 28455.84 28829.65 29126.38 29243.46 29271.98 29152.72 29174.92 29149.39 28968.70 28673.78 28440.01 27879.50 27774.36 27779.30 27801.44 27825.97 27850.79 27875.69 27900.60 27925.53 27950.48 27975.45 28000.43 28025.42 28050.42 28075.45 28100.50 28125.56 28150.20 28173.76 28195.56 28211.74 28536.48 28517.21 28419.95 28212.77 27949.55 27703.46 27324.69 26780.32 26263.45 25540.43 24898.71 24206.04 23494.82 22780.67 22621.69 22768.55 22919.25
27859.19 27921.48 28190.25 28324.26 28459.24 28477.98 28599.30 28516.45 28526.33 28614.80 28456.56 28189.31 27706.16 27088.98 26942.53 26933.41 26952.09 26975.51 26999.65 27023.92 27048.21 27072.53 27096.86 27121.21 27145.57 27169.95 27194.34 27218.75 27243.19 27267.63 27299.60 27380.44 27756.61 28000.23 28032.64 28014.94 27921.07 27725.84 27477.79 27230.00 26861.36 26350.55 25712.87 24994.13 24257.13 23508.29 22794.71 22120.48 22210.17 22354.94
27341.14 27279.85 27422.30 27536.55 27580.26 27679.08 27750.38 27833.03 28065.67 28037.98 28097.84 27959.81 27473.80 26881.40 26310.05 26133.51 26109.75 26124.09 26146.13 26169.53 26193.18 26216.87 26240.58 26264.31 26288.06 26311.83 26335.73 26360.30 26388.36 26435.84 26562.09 26931.63 27469.71 27514.59 27515.87 27541.98 27525.08 27434.78 27250.80 27015.95 26768.51 26412.01 25801.36 25042.58 24267.42 23532.26 22802.14 22106.51 21659.98 21802.73
26701.66 26537.16 26643.40 26700.35 26787.47 26866.12 26969.15 27183.18 27418.71 27568.66 27557.46 27599.60 27235.92 26659.88 26079.39 25544.29 25345.83 25307.68 25316.97 25337.34 25359.93 25382.95 25406.05 25429.19 25452.42 25476.11 25501.72 25535.40 25599.92 25758.18 26118.90 26608.03 27012.80 27016.61 27037.25 27042.52 27063.93 27047.36 26960.75 26787.29 26564.09 26320.04 25848.41 25044.04 24296.12 23543.46 22822.87 22114.26 21441.43 21287.45
25992.78 25877.53 25840.62 25922.04 26006.75 26122.42 26321.75 26536.87 26691.64 26839.85 27066.12 26861.95 26748.51 26403.70 25862.61 25298.29 24792.73 24578.32 24526.53 24530.25 24548.65 24570.35 24592.76 24615.60 24639.44 24667.04 24707.75 24788.83 24969.38 25318.96 25762.70 26113.50 26213.14 26545.14 26554.37 26572.24 26461.22 26586.23 26580.35 26498.46 26334.85 26004.64 25534.60 25050.97 24300.05 23567.80 22835.88 22130.60 21442.81 21038.93
25329.75 25193.24 25082.94 25170.74 25293.86 25481.27 25680.55 25836.55 25983.86 26144.99 26076.32 26207.40 26049.50 25921.02 25592.58 25082.43 24536.76 24055.96 23830.06 23765.65 23763.45 23779.60 23800.85 23825.27 23855.69 23904.26 24000.44 24196.08 24532.91 24937.16 25253.85 25401.45 25653.20 25714.68 25832.23 25853.96 25966.43 25865.11 25989.05 25991.99 25811.02 25639.82 25217.89 24765.09 24277.37 23570.46 22856.74 22144.44 21455.83 21017.34
24660.72 24542.54 24411.59 24484.02 24661.46 24847.90 25001.97 25142.30 25266.28 25247.05 25323.71 25285.75 25377.73 25252.22 25115.65 24801.88 24319.49 23793.76 23334.31 23100.28 23024.38 23016.06 23033.09 23067.04 23123.80 23233.15 23438.49 23761.76 24132.39 24424.98 24594.79 24799.64 24884.75 24978.68 25019.19 25094.38 25065.80 25145.21 25147.33 25183.37 25177.24 25021.00 24838.84 24448.39 24011.92 23525.68 22855.89 22162.23 21466.52 21026.63
24007.97 23883.11 23764.66 23852.53 24028.56 24178.37 24309.71 24411.45 24418.32 24467.59 24459.67 24517.24 24500.55 24565.44 24462.77 24322.74 24022.53 23565.44 23060.28 22619.86 22380.42 22294.25 22292.07 22356.98 22477.35 22688.26 22997.62 23339.56 23613.19 23791.26 23967.28 24061.62 24143.12 24190.63 24246.39 24243.60 24298.67 24314.97 24349.37 24357.33 24388.62 24376.68 24238.78 24051.82 23687.78 23267.01 22786.31 22148.75 21473.39 21032.04
