#Value_Function_Estimate.
0.00    0.00    0.00    0.00    0.00    0.00    0.00    0.00    0.00    0.00    0.00    0.00    0.00    0.00    0.00    0.00    0.00    0.00    0.00    0.00    0.00    0.00    0.00    0.00    0.00    0.00    0.00    0.00    0.00    0.44    0.00    0.00    0.00    0.00    0.00    0.00    0.00    0.00    0.00    0.00    0.00    0.00    0.00    0.00    0.00    0.00    0.00    0.00    0.00    0.00   
0.00    0.00    0.00    0.00    0.00    0.71    0.04    0.00    0.72    0.03    0.00    0.00    0.00    0.00    0.00    0.00    0.00    0.00    0.00    0.00    0.00    0.02    0.67    0.02    0.00    0.00    0.00    0.00    0.05    0.62    0.05    0.00    0.00    0.00    0.00    0.00    0.00    0.00    0.00    0.00    0.00    0.03    0.72    0.00    0.00    0.00    0.00    0.00    0.00    0.00   
0.00    0.00    0.00    0.00    0.00    0.03    0.26    0.23    0.04    0.51    0.01    0.00    0.00    0.00    0.00    0.00    0.00    0.00    0.09    1.19    0.00    0.00    0.14    0.25    0.01    0.00    0.00    0.00    0.01    0.38    0.01    0.00    0.00    0.00    0.00    0.00    0.00    0.00    0.00    0.01    0.26    0.58    0.99    0.00    0.00    0.00    0.00    0.00    0.00    0.00   
0.00    0.00    0.00    0.00    0.00    0.00    0.02    0.69    0.08    0.01    0.44    0.01    0.00    0.00    0.00    0.00    0.00    0.01    0.71    0.09    0.00    0.00    0.04    0.03    0.39    0.73    0.00    0.01    0.43    0.03    0.00    0.00    0.00    0.00    0.00    0.00    0.00    0.00    0.03    0.68    0.18    0.44    0.13    0.00    0.01    0.28    0.73    0.00    0.00    0.00   
0.00    0.00    0.00    0.00    0.00    0.00    0.00    0.04    1.20    0.51    0.02    0.43    0.01    0.03    0.71    0.00    0.03    0.43    0.01    0.00    0.00    0.00    0.00    0.00    0.27    0.49    0.29    0.49    0.75    0.00    0.00    0.00    0.00    0.00    0.00    0.00    0.00    0.01    0.50    0.06    0.05    0.12    0.07    0.00    0.11    0.54    0.08    0.73    0.00    0.00   
0.00    0.00    0.00    0.00    0.00    0.00    0.00    0.00    0.06    0.43    0.47    0.73    0.46    0.15    0.23    0.29    0.42    0.00    0.00    0.00    0.00    0.00    0.00    0.03    0.75    0.47    0.96    0.28    0.27    0.00    0.15    0.01    0.00    0.01    0.00    0.00    0.01    0.43    0.01    0.00    0.04    0.31    0.00    0.02    0.44    0.03    0.27    0.26    0.00    0.00   
0.00    0.00    0.00    0.00    0.00    0.00    0.00    0.00    0.00    0.01    0.40    0.47    0.55    0.48    0.51    0.38    0.01    0.00    0.00    0.00    0.00    0.00    0.03    0.91    0.75    0.52    0.07    0.45    0.01    0.00    0.38    0.73    0.40    1.19    0.65    0.24    0.44    0.01    0.00    0.01    0.42    0.01    0.02    0.45    0.02    0.37    0.07    0.00    0.00    0.00   
0.00    0.00    0.00    0.00    0.00    0.00    0.00    0.00    0.00    0.73    0.05    0.45    0.46    0.82    0.24    0.62    0.01    0.00    0.00    0.00    0.00    0.01    0.60    1.04    0.48    0.02    0.48    0.78    0.26    0.39    0.42    0.50    0.91    0.50    0.73    1.17    0.17    0.09    0.01    0.43    0.01    0.01    0.51    0.27    0.42    0.02    0.00    0.00    0.00    0.00   
0.00    0.00    0.00    0.00    0.71    0.03    0.74    0.04    0.00    0.27    0.27    0.25    0.17    0.67    0.55    0.26    0.06    0.00    0.00    0.00    0.01    0.48    0.98    0.42    0.26    0.45    0.83    0.54    0.72    0.59    1.06    0.11    0.04    0.00    0.09    0.28    0.21    0.29    0.41    0.04    0.72    0.04    0.36    0.81    0.01    0.00    0.00    0.00    0.00    0.00   
0.00    0.00    0.00    0.00    0.03    0.79    0.31    0.27    0.00    0.01    0.41    0.04    0.40    0.27    0.74    0.20    0.14    0.00    0.00    0.03    0.48    1.07    0.45    0.41    0.45    0.83    0.22    0.36    0.49    0.53    0.28    0.46    0.01    0.00    0.00    0.00    0.22    0.52    0.06    1.03    0.04    0.08    0.85    0.04    0.00    0.00    0.00    0.00    0.00    0.00   
0.00    0.00    0.00    0.00    0.00    0.04    0.51    0.69    0.07    0.00    0.01    0.44    1.20    1.60    0.47    0.89    0.05    0.01    0.30    0.72    1.17    0.17    0.46    0.46    0.88    0.20    0.36    0.21    0.03    0.74    0.43    0.03    0.51    0.03    0.00    0.00    0.02    0.52    0.34    0.08    0.27    0.85    0.02    0.00    0.00    0.00    0.00    0.00    0.00    0.00   
0.00    0.00    0.00    0.00    0.00    0.00    0.01    0.48    0.26    0.53    0.26    0.02    0.21    1.47    1.45    0.69    0.83    0.45    0.68    0.95    0.25    0.20    0.71    0.88    0.37    1.49    0.11    0.10    0.00    0.00    0.12    0.40    0.05    0.71    0.00    0.00    0.00    0.13    0.51    0.33    0.86    0.02    0.00    0.00    0.00    0.03    0.72    0.00    0.00    0.00   
0.00    0.00    0.00    0.00    0.00    0.00    0.00    0.27    0.46    0.16    0.50    0.10    0.00    0.13    0.90    1.04    0.76    1.15    0.73    0.42    0.12    0.44    0.38    0.93    1.15    0.07    0.00    0.00    0.00    0.00    0.02    0.32    0.38    0.00    0.00    0.00    0.00    0.05    0.08    0.62    0.05    0.00    0.00    0.00    0.01    0.50    0.03    0.00    0.00    0.00   
0.00    0.00    0.00    0.00    0.00    0.00    0.74    0.27    0.11    0.44    0.03    0.44    0.02    0.08    0.87    1.28    1.00    0.62    0.15    0.29    0.09    0.70    0.89    0.67    0.18    0.00    0.00    0.00    0.00    0.00    0.00    0.03    0.24    0.34    0.00    0.00    0.00    0.02    0.77    0.01    0.00    0.00    0.00    0.04    0.71    0.01    0.00    0.00    0.00    0.00   
0.00    0.00    0.00    0.00    0.00    0.00    0.04    0.27    0.41    0.03    0.43    0.02    0.72    0.27    1.01    1.51    0.56    0.06    0.41    0.03    0.45    0.86    0.78    0.65    0.01    0.00    0.00    0.00    0.00    0.00    0.00    0.00    0.22    0.43    0.01    0.00    0.02    0.84    0.01    0.00    0.00    0.00    0.03    0.50    0.04    0.00    0.00    0.00    0.00    0.00   
0.00    0.00    0.00    0.00    0.00    0.00    0.71    0.04    0.03    0.43    0.02    0.43    0.05    0.57    1.31    1.39    1.01    0.43    0.01    0.18    0.83    0.28    0.29    0.04    0.00    0.00    0.00    0.00    0.00    0.00    0.00    0.00    0.01    0.50    0.12    0.07    1.50    0.24    0.00    0.00    0.00    0.08    0.36    0.01    0.00    0.00    0.00    0.00    0.00    0.00   
0.00    0.00    0.72    0.03    0.00    0.00    0.04    0.78    0.04    0.01    0.45    0.26    0.70    0.80    0.92    1.26    0.86    0.01    0.04    1.15    0.32    0.26    0.20    0.00    0.00    0.00    0.00    0.00    0.00    0.00    0.00    0.00    0.00    0.00    0.53    0.98    0.73    0.01    0.06    0.98    0.27    0.17    0.00    0.00    0.00    0.04    0.73    0.00    0.00    0.00   
0.00    0.00    0.03    0.51    0.01    0.00    0.00    0.04    0.51    0.01    0.01    0.17    0.42    1.06    2.03    1.04    0.06    0.01    0.97    0.78    0.40    0.18    0.01    0.00    0.00    0.00    0.00    0.00    0.00    0.00    0.00    0.00    0.00    0.00    0.01    0.10    0.03    0.04    0.86    0.11    0.37    0.01    0.00    0.00    0.00    0.27    0.27    0.00    0.00    0.00   
0.00    0.00    0.00    0.01    0.43    0.01    0.00    0.00    0.01    0.46    0.27    0.23    0.70    2.01    1.42    0.27    0.01    0.46    0.88    0.68    0.22    0.28    0.45    0.01    0.00    0.00    0.00    0.00    0.00    0.00    0.00    0.00    0.00    0.00    0.03    0.72    0.01    0.52    0.47    1.34    0.04    0.00    0.00    0.00    0.06    0.68    0.01    0.00    0.00    0.00   
0.00    0.00    0.00    0.00    0.01    0.45    0.25    0.01    0.00    0.01    0.18    0.54    1.78    1.46    0.42    0.04    0.71    0.55    0.51    0.01    0.00    0.00    0.03    0.40    0.01    0.00    0.00    0.00    0.00    0.00    0.00    0.00    0.00    0.03    0.50    0.04    0.44    0.15    0.92    0.05    0.00    0.00    0.00    0.26    0.52    0.04    0.00    0.00    0.00    0.00   
0.00    0.00    0.00    0.00    0.00    0.01    0.17    0.67    0.03    0.03    0.47    1.77    2.42    0.89    0.43    0.15    1.24    1.09    0.22    0.00    0.00    0.00    0.00    0.17    0.26    0.00    0.00    0.00    0.00    0.00    0.00    0.00    0.07    0.36    0.01    0.43    0.04    0.86    0.03    0.00    0.00    0.00    0.07    0.17    0.06    0.74    0.00    0.00    0.00    0.00   
0.00    0.00    0.00    0.00    0.00    0.00    0.00    0.06    0.50    0.11    1.21    2.46    0.86    0.02    0.01    0.87    0.43    0.11    0.00    0.00    0.00    0.00    0.00    0.02    0.53    0.03    0.00    0.00    0.00    0.00    0.00    0.02    0.45    0.02    0.43    0.05    1.27    0.25    0.00    0.00    0.00    0.05    0.64    0.01    0.31    0.52    0.00    0.00    0.00    0.00   
0.00    0.00    0.00    0.00    0.00    0.00    0.00    0.00    0.01    0.48    1.59    0.79    0.01    0.01    0.70    0.07    0.00    0.00    0.00    0.00    0.00    0.00    0.00    0.00    0.03    0.72    0.00    0.00    0.00    0.00    0.00    0.18    0.29    0.45    0.02    0.46    0.93    0.01    0.00    0.00    0.02    0.25    0.04    0.02    0.26    0.04    0.00    0.00    0.00    0.00   
0.00    0.00    0.00    0.00    0.00    0.00    0.00    0.00    0.10    0.80    1.11    0.61    0.02    0.83    0.15    0.00    0.00    0.00    0.00    0.00    0.00    0.00    0.00    0.00    0.00    0.00    0.00    0.00    0.00    0.00    0.00    0.19    0.66    0.28    0.68    0.90    0.04    0.00    0.00    0.01    0.42    0.21    0.00    0.09    0.21    0.00    0.00    0.00    0.00    0.00   
0.00    0.00    0.00    0.00    0.00    0.00    0.00    0.01    0.41    2.63    2.39    0.61    0.77    0.61    0.01    0.00    0.00    0.00    0.00    0.00    0.00    0.00    0.00    0.00    0.00    0.00    0.00    0.00    0.00    0.00    0.07    1.06    0.12    0.80    0.77    0.02    0.00    0.00    0.01    0.43    0.04    0.00    0.02    0.39    0.01    0.00    0.00    0.00    0.00    0.00   
0.00    0.00    0.00    0.00    0.00    0.00    0.00    0.27    1.21    2.83    2.57    1.41    1.07    1.21    0.70    0.00    0.00    0.00    0.00    0.00    0.00    0.00    0.00    0.00    0.00    0.00    0.00    0.00    0.00    0.02    1.09    0.27    0.20    0.83    0.02    0.00    0.00    0.00    0.43    0.01    0.00    0.01    0.43    0.01    0.00    0.00    0.00    0.00    0.00    0.00   
0.00    0.00    0.00    0.00    0.00    0.00    0.00    0.98    1.12    1.32    1.66    1.50    0.28    0.45    0.03    0.00    0.00    0.00    0.00    0.00    0.00    0.00    0.04    0.73    0.00    0.00    0.00    0.00    0.05    1.43    0.19    0.14    0.55    0.01    0.04    0.52    0.75    0.41    0.03    0.00    0.01    0.43    0.01    0.03    0.72    0.00    0.00    0.00    0.00    0.00   
0.00    0.00    0.00    0.00    0.00    0.00    0.03    0.43    0.49    0.87    1.56    1.03    1.15    0.25    0.44    0.01    0.00    0.00    0.00    0.00    0.00    0.00    0.27    0.27    0.00    0.00    0.00    0.22    1.12    0.29    0.01    0.17    0.26    0.22    0.26    0.32    0.47    0.01    0.00    0.01    0.43    0.01    0.02    0.53    0.03    0.00    0.00    0.00    0.00    0.00   
0.00    0.00    0.00    0.00    0.00    0.71    0.51    0.52    0.48    1.35    1.05    1.30    0.78    1.12    0.32    0.43    0.01    0.03    0.71    0.00    0.00    0.03    0.41    0.01    0.06    0.15    0.28    0.73    0.61    0.09    0.18    0.45    0.07    0.42    0.03    0.44    0.15    0.06    0.11    0.46    0.02    0.02    0.17    0.30    0.73    0.00    0.00    0.00    0.00    0.00   
0.00    0.00    0.00    0.00    0.00    0.83    0.35    0.43    0.35    1.15    1.16    1.67    1.37    0.57    1.01    0.26    0.36    0.78    0.03    0.00    0.02    0.45    0.01    0.22    0.86    1.08    0.68    1.16    1.01    0.94    1.05    1.05    1.08    1.01    1.37    0.85    1.18    0.66    1.25    0.50    0.60    0.39    0.42    0.27    0.27    0.00    0.00    0.00    0.00    0.00   
0.00    0.00    0.00    0.00    0.00    0.00    0.01    0.64    0.29    1.15    1.16    2.25    1.92    0.97    0.87    1.28    0.45    0.73    0.00    0.01    0.17    0.25    0.19    1.52    1.25    0.63    0.84    0.58    0.80    0.82    0.27    0.76    1.32    1.81    0.72    1.37    0.93    0.89    0.54    0.33    0.46    0.61    0.48    0.47    0.01    0.00    0.00    0.00    0.00    0.00   
0.00    0.00    0.00    0.00    0.00    0.02    0.41    0.01    0.00    0.11    0.68    0.13    1.21    2.69    1.48    0.96    0.60    0.73    0.01    0.38    0.06    0.04    0.99    1.38    0.46    0.01    0.00    0.00    0.00    0.00    0.18    0.04    0.16    0.03    0.15    0.09    0.01    0.17    0.79    0.03    0.00    0.00    0.00    0.01    0.43    0.01    0.00    0.00    0.00    0.00   
0.00    0.00    0.00    0.00    0.00    0.32    0.12    0.00    0.00    0.07    1.00    0.29    0.17    1.88    2.77    1.93    0.61    0.24    0.38    0.36    0.73    0.85    0.86    0.18    0.25    0.00    0.00    0.00    0.00    0.00    0.00    0.00    0.00    0.00    0.00    0.00    0.00    0.01    0.63    0.67    0.01    0.00    0.00    0.00    0.03    0.40    0.01    0.00    0.00    0.00   
0.00    0.00    0.00    0.00    0.00    0.84    0.03    0.00    0.01    0.95    0.06    0.00    0.05    0.49    1.29    1.61    1.57    0.71    0.23    0.53    0.63    0.85    1.29    0.07    0.00    0.00    0.00    0.00    0.43    0.01    0.00    0.42    0.04    0.00    0.00    0.00    0.00    0.00    0.03    0.76    0.48    0.01    0.00    0.00    0.00    0.17    0.26    0.01    0.02    0.00   
0.00    0.00    0.00    0.00    0.00    0.00    0.00    0.01    0.43    0.01    0.00    0.01    0.44    0.53    1.55    1.75    0.81    0.84    1.24    0.78    0.85    0.69    0.25    0.00    0.00    0.00    0.00    0.00    0.01    0.43    0.01    0.01    0.37    0.34    0.04    0.00    0.00    0.00    0.00    0.04    0.72    0.44    0.01    0.00    0.00    0.00    0.05    0.37    0.66    0.00   
0.00    0.00    0.00    0.00    0.00    0.00    0.03    0.43    0.01    0.00    0.03    0.46    0.52    0.81    0.94    1.84    1.13    0.70    0.78    0.70    0.60    0.40    0.01    0.00    0.00    0.00    0.00    0.00    0.00    0.01    0.43    0.03    0.01    0.40    0.64    0.03    0.00    0.00    0.00    0.00    0.00    0.01    0.60    0.06    0.00    0.00    0.00    0.01    0.02    0.00   
0.00    0.00    0.00    0.00    0.02    0.17    0.40    0.01    0.07    0.37    0.42    0.76    0.93    0.33    1.82    1.49    0.38    1.35    1.02    0.71    0.10    0.44    0.01    0.00    0.00    0.00    0.00    0.00    0.00    0.00    0.01    0.41    0.15    0.00    0.06    0.67    0.01    0.00    0.00    0.00    0.00    0.00    0.06    0.97    0.00    0.00    0.00    0.00    0.00    0.00   
0.00    0.00    0.00    0.04    0.52    0.26    0.01    0.00    0.99    0.33    0.51    1.10    0.08    0.48    0.85    0.66    0.43    0.04    1.00    1.24    0.74    0.68    0.06    0.00    0.00    0.00    0.00    0.00    0.00    0.00    0.00    0.16    0.61    0.29    0.01    0.17    0.25    0.00    0.00    0.00    0.00    0.00    0.00    0.00    0.00    0.00    0.00    0.00    0.00    0.00   
0.00    0.00    0.04    0.79    0.04    0.00    0.00    0.00    0.00    0.73    0.46    0.03    0.73    0.47    0.70    1.46    0.48    0.43    0.03    0.92    1.81    1.22    0.30    0.00    0.00    0.00    0.00    0.00    0.00    0.00    0.12    0.28    0.06    0.80    0.15    0.02    0.45    0.01    0.00    0.00    0.00    0.00    0.00    0.00    0.00    0.00    0.00    0.00    0.00    0.00   
0.00    0.00    0.71    0.04    0.00    0.00    0.00    0.00    0.01    0.43    0.01    0.01    0.44    0.44    0.24    0.79    1.07    0.10    0.46    0.12    0.95    0.95    1.78    0.03    0.00    0.00    0.00    0.00    0.00    0.07    0.34    0.04    0.00    0.28    0.93    0.07    0.01    0.43    0.01    0.00    0.00    0.00    0.00    0.00    0.00    0.00    0.00    0.00    0.00    0.00   
0.00    0.00    0.00    0.00    0.00    0.00    0.00    0.03    0.43    0.01    0.01    0.44    0.45    0.18    0.94    0.39    0.06    0.64    0.79    0.66    0.24    0.46    0.47    1.50    0.03    0.00    0.00    0.00    0.01    0.42    0.01    0.00    0.27    0.42    1.04    0.50    0.02    0.01    0.43    0.01    0.00    0.00    0.00    0.00    0.00    0.00    0.00    0.00    0.00    0.00   
0.00    0.00    0.00    0.00    0.00    0.01    0.17    0.40    0.01    0.01    0.44    0.44    0.46    0.25    0.47    0.81    0.75    0.27    0.17    0.31    0.96    0.54    0.54    0.93    1.34    0.04    0.00    0.01    0.43    0.01    0.00    0.17    0.09    0.01    0.31    1.34    0.37    0.07    0.02    0.50    0.03    0.00    0.00    0.00    0.00    0.00    0.00    0.00    0.00    0.00   
0.00    0.00    0.00    0.00    0.01    0.45    0.25    0.01    0.02    0.43    0.42    0.46    0.01    0.00    0.00    0.02    0.49    1.14    0.45    0.24    0.48    0.04    0.75    0.72    1.08    1.08    0.24    0.75    0.02    0.03    0.04    0.23    0.25    0.39    0.01    0.01    0.44    0.16    0.29    0.22    0.51    0.00    0.00    0.00    0.00    0.00    0.00    0.00    0.00    0.00   
0.00    0.00    0.00    0.01    0.43    0.01    0.01    0.08    0.39    0.28    0.69    0.01    0.00    0.00    0.04    0.18    0.18    0.42    0.49    0.03    0.26    0.16    0.10    0.02    0.46    1.40    1.17    0.83    0.75    0.63    0.55    0.11    0.10    0.25    0.30    0.00    0.01    0.44    0.43    0.28    0.49    0.01    0.00    0.00    0.00    0.00    0.00    0.00    0.00    0.00   
0.00    0.00    0.01    0.40    0.01    0.03    0.25    0.22    0.02    1.12    0.05    0.00    0.01    0.17    0.42    0.27    0.26    0.78    0.04    0.00    0.00    0.68    0.03    0.00    0.00    0.56    1.46    0.85    0.77    0.61    0.59    0.53    0.03    0.04    0.69    0.18    0.02    0.03    0.40    0.28    0.73    0.44    0.01    0.00    0.00    0.00    0.00    0.00    0.00    0.00   
0.00    0.02    0.25    0.03    0.00    0.72    0.04    0.04    0.51    0.01    0.00    0.01    0.45    0.25    0.01    0.00    0.71    0.03    0.00    0.00    0.00    0.00    0.00    0.00    0.00    0.01    0.13    0.69    0.81    0.03    0.08    0.25    0.72    0.00    0.01    0.26    0.53    0.04    0.12    0.22    0.01    0.45    0.52    0.03    0.00    0.00    0.00    0.00    0.00    0.00   
0.00    0.66    0.14    0.04    0.00    0.00    0.00    0.71    0.03    0.00    0.03    0.43    0.01    0.00    0.00    0.00    0.00    0.00    0.00    0.00    0.00    0.00    0.00    0.00    0.00    0.00    0.02    0.02    0.51    0.03    0.01    0.25    0.04    0.00    0.00    0.00    0.03    0.72    0.09    0.31    0.04    0.01    0.54    0.75    0.00    0.00    0.00    0.00    0.00    0.00   
0.00    0.02    0.00    0.00    0.00    0.00    0.00    0.01    0.15    0.19    0.40    0.01    0.00    0.00    0.00    0.00    0.00    0.00    0.00    0.00    0.00    0.00    0.00    0.00    0.00    0.00    0.00    0.00    0.03    0.72    0.00    0.03    0.71    0.00    0.00    0.00    0.00    0.00    0.00    0.26    0.73    0.00    0.03    0.72    0.00    0.00    0.00    0.00    0.00    0.00   
0.00    0.00    0.00    0.00    0.00    0.00    0.00    0.02    0.64    0.25    0.01    0.00    0.00    0.00    0.00    0.00    0.00    0.00    0.00    0.00    0.00    0.00    0.00    0.00    0.00    0.00    0.00    0.00    0.00    0.00    0.00    0.00    0.00    0.00    0.00    0.00    0.00    0.00    0.00    0.00    0.00    0.00    0.00    0.00    0.00    0.00    0.00    0.00    0.00    0.00   
0.00    0.00    0.00    0.00    0.00    0.00    0.00    0.00    0.00    0.00    0.00    0.00    0.00    0.00    0.00    0.00    0.00    0.00    0.00    0.00    0.00    0.00    0.00    0.00    0.00    0.00    0.00    0.00    0.00    0.00    0.00    0.00    0.00    0.00    0.00    0.00    0.00    0.00    0.00    0.00    0.00    0.00    0.00    0.00    0.00    0.00    0.00    0.00    0.00    0.00   
