#Value_Function_Estimate.
73.58   76.64   80.66   84.62   88.13   89.37   89.45   89.53   89.46   89.52   89.31   88.30   85.00   82.48   82.21   82.10   78.82   76.40   75.53   73.14   70.26   69.43   68.93   71.59   73.94   75.99   77.49   78.12   78.26   78.28   78.29   78.31   78.47   79.29   80.75   83.09   83.06   82.91   79.04   75.47   73.10   71.71   69.12   67.69   65.81   64.65   63.64   62.11   61.90   59.35  
76.16   78.03   81.18   85.39   89.46   93.25   94.30   94.24   94.37   94.19   93.48   89.97   87.13   86.14   86.57   82.69   79.80   79.10   76.55   73.13   73.11   69.21   68.31   71.64   74.06   76.35   78.38   79.89   80.44   80.54   80.55   80.55   80.56   80.66   81.54   83.02   86.00   81.65   78.02   75.66   74.72   71.81   70.49   68.37   67.39   65.24   65.23   65.71   62.70   61.19  
79.24   80.78   82.43   85.71   90.20   94.30   98.60   99.41   99.19   98.98   95.33   91.86   88.09   88.09   90.73   86.27   82.31   82.57   78.18   74.37   72.68   72.16   68.46   71.65   74.09   76.42   78.68   80.72   82.28   82.74   82.81   82.80   82.81   82.80   82.81   83.77   85.57   83.09   80.89   79.26   76.63   73.67   72.10   70.10   69.97   66.84   66.62   65.78   64.74   63.28  
81.90   84.04   85.30   86.75   90.30   95.08   99.26   103.42  103.87  100.41  97.47   91.89   90.97   93.34   89.20   90.05   84.47   83.77   80.08   76.73   73.76   70.49   69.12   71.65   74.09   76.44   78.72   80.96   83.04   84.69   85.04   85.08   85.07   85.08   85.03   84.57   83.97   83.44   82.27   79.28   76.85   74.90   73.73   72.79   71.42   69.94   69.09   68.14   66.93   65.38  
84.38   86.69   88.75   89.78   91.04   94.93   100.09  103.43  108.67  94.65   90.31   93.74   91.99   91.98   88.41   87.23   88.13   83.72   80.13   77.18   74.78   70.79   69.14   71.65   74.09   76.44   78.74   80.98   83.24   85.37   87.24   87.45   87.47   87.44   87.17   85.03   84.94   82.54   80.90   79.71   78.30   77.44   76.71   75.06   73.55   72.54   71.47   70.38   69.08   67.30  
86.19   89.28   91.34   93.46   94.29   95.34   99.66   104.54  99.58   92.54   92.59   93.48   93.47   92.11   88.43   86.46   83.96   83.73   80.35   78.68   75.48   71.55   69.26   71.67   74.09   76.45   78.73   81.00   83.23   85.56   87.76   89.96   89.92   89.93   87.51   85.35   85.03   83.50   82.98   81.59   80.96   80.43   78.56   76.71   75.65   74.78   73.74   72.57   71.01   69.07  
87.83   91.01   94.07   95.91   98.24   98.86   100.63  100.60  101.01  102.25  99.30   97.72   96.70   92.93   91.20   87.37   86.34   83.61   82.39   79.94   76.95   72.25   70.07   71.83   74.11   76.44   78.74   80.98   83.26   85.50   88.01   90.24   93.06   90.23   87.83   86.71   86.62   86.48   84.85   84.30   84.01   81.87   79.75   78.71   77.99   77.09   75.99   74.51   72.80   70.71  
88.82   92.76   95.67   98.88   100.44  103.96  104.65  106.16  105.39  103.48  103.46  101.21  98.29   94.07   91.91   91.05   87.29   86.38   84.31   81.68   77.75   74.42   72.80   73.22   74.40   76.47   78.73   81.00   83.23   85.57   87.83   90.72   93.34   90.25   89.88   90.00   90.15   88.13   87.63   87.68   85.21   82.78   81.84   81.22   80.40   79.40   77.94   76.33   74.44   72.31  
90.04   93.64   97.60   100.25  104.25  105.67  110.74  110.66  110.35  102.42  105.56  102.55  98.24   96.51   94.27   93.22   90.73   88.85   85.93   82.76   79.91   76.86   76.59   76.58   76.74   77.03   78.78   80.98   83.26   85.56   87.97   90.05   92.58   91.08   88.91   96.66   91.49   90.76   91.56   88.70   85.87   85.07   84.59   83.73   82.82   81.34   79.78   77.98   76.10   73.79  
91.23   94.93   98.29   102.48  105.30  110.54  111.28  117.26  108.61  103.61  104.60  102.11  100.97  99.39   99.00   98.58   95.46   90.24   87.41   84.74   81.99   80.57   80.52   80.58   80.52   80.56   80.39   81.00   83.21   85.73   88.95   91.44   94.64   91.58   92.69   92.14   97.37   95.68   92.28   88.98   88.05   87.84   87.11   86.26   84.73   83.23   81.42   79.68   77.59   75.25  
92.70   96.10   99.72   102.86  108.09  110.84  117.64  110.62  110.00  104.55  107.60  105.87  103.65  103.12  102.89  101.68  98.00   92.83   88.92   87.21   84.19   84.33   84.41   84.35   84.41   84.30   83.94   82.59   83.04   85.69   89.31   92.60   92.71   94.40   91.09   90.45   89.98   95.93   92.14   90.93   90.92   90.47   89.82   88.10   86.68   84.84   83.20   81.18   79.11   76.62  
94.84   97.56   100.83  104.52  107.89  114.47  114.90  109.29  105.34  106.12  109.25  108.27  107.37  107.13  106.33  102.76  98.17   93.27   92.83   88.86   86.79   87.58   88.91   88.65   89.01   88.55   87.97   85.53   85.38   85.78   89.31   92.89   96.38   98.49   106.25  104.73  95.77   93.01   93.97   94.06   93.57   93.28   91.49   90.16   88.23   86.70   84.67   82.76   80.48   78.10  
94.99   100.10  102.21  105.51  109.96  110.97  113.86  109.83  105.77  107.99  110.35  111.91  111.42  111.00  107.40  102.81  98.20   93.28   91.11   92.98   89.08   89.15   91.82   93.55   93.21   93.04   88.37   88.12   88.11   85.96   89.34   92.84   96.47   99.89   105.57  101.63  101.30  97.52   97.49   96.59   96.64   94.84   93.74   91.59   90.22   88.10   86.32   84.10   82.03   79.47  
95.56   99.85   105.36  106.92  107.45  111.16  113.85  111.02  106.20  109.22  112.41  115.94  115.76  111.99  107.25  102.90  98.18   93.27   88.43   89.53   90.88   90.82   94.18   96.71   99.74   93.47   91.14   90.93   88.23   86.70   89.31   92.89   96.37   99.82   101.00  101.07  100.26  101.24  99.68   100.16  97.97   97.28   94.93   93.78   91.50   89.88   87.61   85.75   83.40   80.91  
95.10   100.70  105.07  105.85  106.00  111.02  114.60  112.63  106.80  111.11  114.18  120.81  116.60  111.75  107.46  102.81  98.21   93.28   88.88   92.14   92.12   96.87   100.62  100.86  101.94  90.15   94.66   89.37   89.48   89.56   89.80   92.76   95.89   96.44   97.90   99.38   98.46   100.03  104.04  100.94  100.81  98.22   97.48   94.84   93.46   91.04   89.38   87.08   84.90   82.22  
95.39   98.30   103.11  101.33  104.03  111.50  113.98  112.66  108.17  111.48  116.82  121.33  116.38  111.54  107.18  102.89  98.18   93.27   89.13   93.36   96.84   99.85   106.75  103.45  102.02  91.57   91.48   92.01   91.18   92.76   92.54   92.42   92.69   93.82   98.17   98.43   96.53   100.05  100.45  104.54  101.29  101.24  98.17   97.10   94.41   93.01   90.63   88.67   86.18   83.74  
93.22   95.48   99.20   99.51   103.12  111.92  112.33  112.88  108.24  111.90  115.83  122.38  116.30  111.74  106.88  102.67  98.18   93.28   89.08   93.53   97.33   102.09  103.22  104.07  106.33  94.60   93.82   96.53   95.83   95.96   96.52   94.83   93.33   93.06   98.54   98.01   95.94   97.41   100.69  101.27  105.06  101.29  100.94  97.69   96.68   94.11   92.36   89.89   87.80   85.07  
90.39   91.64   94.03   98.51   101.31  108.27  109.99  111.87  109.67  111.42  115.38  121.56  117.75  110.71  106.94  102.21  97.96   93.22   89.14   93.43   97.52   98.74   99.16   100.87  103.12  104.37  103.90  104.29  102.59  100.44  98.62   98.05   93.26   90.76   94.49   94.81   96.99   96.79   98.16   101.23  101.29  104.90  100.90  100.45  97.51   96.05   93.44   91.64   89.14   86.29  
87.30   91.04   92.89   95.34   99.44   105.83  109.95  112.11  110.47  114.30  114.89  116.73  116.29  112.37  106.53  101.65  97.27   92.94   89.04   93.17   94.68   94.68   95.27   97.28   99.38   103.40  106.96  109.12  109.70  106.10  100.74  97.49   96.07   93.90   92.16   93.36   95.58   96.34   97.43   98.17   100.94  100.91  104.46  100.79  99.80   96.89   95.39   92.97   90.35   87.73  
86.58   89.29   91.80   92.91   100.07  103.45  114.05  114.76  114.31  117.70  113.74  111.51  111.66  110.88  106.94  101.23  96.27   92.03   88.53   90.04   90.21   91.06   93.23   96.56   99.89   104.45  110.47  111.47  111.33  110.52  105.77  102.15  101.79  100.06  95.74   93.32   93.95   94.16   95.58   96.99   97.69   100.42  100.49  103.72  100.24  99.14   96.67   94.14   91.92   88.72  
85.11   87.27   88.43   92.28   99.14   105.57  113.44  111.65  112.10  116.58  111.90  108.58  106.49  106.32  105.23  101.28  95.72   90.77   86.83   86.31   86.90   89.66   93.82   98.53   101.89  106.30  112.23  118.93  112.56  114.17  110.88  109.78  105.97  102.44  98.67   96.18   92.71   90.96   93.21   94.85   96.05   97.27   99.76   99.94   102.96  100.32  97.78   95.86   93.05   88.75  
83.39   87.26   87.12   92.86   96.45   102.89  112.58  107.28  110.40  113.21  110.28  106.32  103.07  101.08  100.62  99.29   95.40   90.05   85.26   83.63   85.66   89.92   94.34   98.71   104.08  109.05  114.38  119.26  118.00  117.26  115.13  111.65  108.20  103.96  102.61  96.97   93.86   90.59   90.25   91.91   95.50   95.74   96.64   99.05   99.74   101.37  99.66   97.15   92.95   88.89  
83.04   86.41   87.11   90.68   96.13   102.81  109.20  104.92  106.69  110.32  106.52  104.11  100.45  97.29   95.33   94.61   93.08   89.34   84.28   81.99   85.65   90.03   94.58   99.28   103.89  109.53  114.31  118.68  123.34  119.74  117.24  114.03  109.12  108.67  103.24  101.28  96.63   93.44   91.19   90.31   91.82   94.62   95.24   96.19   97.67   99.15   101.16  96.85   93.15   88.76  
82.29   86.14   87.19   91.48   95.68   103.57  107.15  102.67  105.94  107.26  103.37  100.53  97.95   94.47   91.39   89.42   88.45   86.75   83.13   81.60   85.66   90.02   94.67   99.43   104.45  109.30  115.09  120.39  127.12  121.64  120.90  114.99  115.24  108.30  106.90  102.52  101.24  97.73   93.01   90.36   90.73   91.60   92.55   93.95   95.43   97.10   96.84   96.82   92.91   88.89  
81.77   83.88   86.42   92.67   96.70   102.81  106.50  103.98  102.47  103.09  101.17  97.65   94.75   92.02   88.64   85.60   83.57   82.37   80.49   81.57   85.65   90.04   94.66   99.56   104.43  110.03  115.01  121.34  129.12  124.16  119.97  119.19  114.18  113.12  107.39  106.51  104.26  101.06  96.69   91.97   89.60   88.76   90.09   91.54   92.95   92.93   93.10   92.90   92.38   88.63  
79.97   83.91   87.84   92.53   98.56   103.58  106.80  102.25  99.26   97.52   97.60   95.69   92.41   89.45   86.58   83.25   80.24   78.13   77.82   81.57   85.66   90.02   94.68   99.48   104.59  109.81  115.94  120.84  128.79  130.58  120.86  120.22  118.33  114.52  112.06  109.35  106.67  103.04  99.56   95.54   91.10   89.59   87.36   88.59   88.72   88.85   88.73   88.84   88.61   87.70  
80.87   83.77   87.87   91.36   96.47   102.04  106.49  103.90  98.64   97.32   95.34   93.15   90.97   87.82   84.82   81.86   78.60   75.65   77.71   81.57   85.65   90.04   94.66   99.57   104.44  110.08  115.45  122.12  125.39  129.68  125.48  127.56  119.76  121.01  115.82  111.78  108.75  105.31  101.41  98.24   95.37   90.73   88.86   85.52   84.26   84.18   84.26   84.18   84.23   83.93  
84.34   84.58   87.24   92.63   96.93   102.13  104.64  104.31  101.14  98.92   95.77   92.60   89.49   86.99   83.90   80.89   77.93   74.81   77.71   81.57   85.66   90.02   94.68   99.48   104.59  109.79  115.80  119.37  122.39  127.64  123.36  125.98  127.81  122.17  119.39  115.76  111.03  107.18  103.56  100.98  97.57   94.31   90.12   89.28   86.59   85.83   83.71   80.72   79.43   79.35  
85.65   87.37   89.90   93.73   97.33   103.31  105.72  104.45  102.62  99.20   96.00   92.90   89.36   86.25   83.48   80.47   77.51   74.59   77.71   81.57   85.65   90.04   94.66   99.57   104.43  109.83  113.56  116.69  120.56  125.68  124.38  124.18  127.62  124.71  122.49  117.91  115.52  109.26  106.86  102.93  99.61   96.85   94.83   91.24   91.02   89.02   86.20   83.21   79.42   76.11  
86.96   88.32   92.00   96.99   101.19  101.09  101.95  103.87  103.01  99.41   96.39   92.66   89.50   86.10   83.02   80.21   77.29   74.39   77.71   81.57   85.66   90.02   94.68   99.46   104.39  108.20  111.43  114.48  118.41  123.72  122.64  121.62  122.07  128.08  122.34  123.43  118.52  115.17  108.65  105.12  102.00  100.23  97.76   96.29   94.24   91.49   88.87   85.03   81.50   78.40  
87.19   89.82   93.79   100.16  102.43  99.13   100.05  101.31  101.25  100.01  95.71   92.87   89.35   86.18   82.86   79.82   77.04   74.19   77.71   81.57   85.65   90.01   94.33   96.63   99.46   104.39  109.97  113.32  117.54  121.47  119.64  118.65  121.68  123.08  129.22  124.08  123.81  118.16  114.88  107.76  105.74  102.78  101.47  99.45   96.61   94.39   90.56   87.15   83.98   80.66  
87.47   90.37   94.28   99.71   103.05  99.64   97.60   97.77   97.75   97.64   96.19   92.43   89.46   86.08   82.89   79.65   76.66   74.07   77.71   81.56   85.57   89.45   91.80   93.53   97.02   101.12  107.45  112.71  114.68  117.20  119.41  118.44  121.09  121.65  127.27  130.25  123.70  123.58  117.59  113.84  110.46  106.81  104.73  101.64  99.84   95.87   92.71   89.76   86.40   82.60  
88.39   90.64   93.66   99.01   103.71  99.48   96.16   94.33   94.30   94.24   94.03   92.49   89.14   86.11   82.83   79.65   76.47   74.00   77.69   81.42   84.92   87.21   89.14   91.80   96.20   99.51   106.07  108.59  111.97  114.23  118.87  117.28  116.71  120.17  124.50  126.32  131.80  123.29  122.08  118.10  117.16  112.52  108.60  105.37  100.99  98.07   95.44   92.28   88.40   84.34  
88.61   92.25   96.84   99.65   103.75  98.81   95.55   92.77   91.05   90.85   90.75   90.45   88.92   85.85   82.81   79.59   76.43   73.92   77.51   80.74   83.00   84.96   87.53   89.75   89.82   95.36   103.65  103.33  106.17  115.05  115.25  115.77  114.49  116.49  120.41  124.72  123.66  130.82  123.62  123.87  120.72  118.16  113.06  107.52  103.28  100.94  98.10   94.27   90.16   85.87  
88.92   92.42   100.79  100.71  105.17  99.47   97.08   92.13   89.46   87.80   87.49   87.34   86.97   85.44   82.56   79.54   76.37   73.72   76.84   79.13   81.21   83.66   85.36   83.08   82.95   92.02   95.53   101.21  107.68  109.58  118.26  115.85  114.61  113.89  116.18  118.14  123.59  123.11  130.96  126.46  124.03  119.65  116.04  111.54  106.30  103.80  100.08  96.05   91.65   87.54  
88.92   94.02   98.55   99.00   101.80  102.61  96.71   92.35   88.82   86.22   84.64   84.23   84.02   83.57   82.01   79.28   76.29   73.18   75.51   77.69   79.91   80.99   77.14   77.76   76.78   84.89   93.90   102.83  107.59  112.62  113.57  119.43  116.47  113.88  112.87  115.37  118.10  124.00  124.77  131.43  125.16  121.54  117.16  114.91  109.51  105.74  101.91  97.47   93.39   89.06  
89.37   92.18   94.65   96.29   97.79   102.17  96.43   92.90   88.74   85.57   83.06   81.54   81.03   80.77   80.21   78.63   76.01   73.06   74.28   76.25   76.70   72.48   71.33   69.39   77.32   78.76   92.07   102.60  107.77  109.57  114.03  113.73  119.90  116.90  113.91  112.52  117.74  119.57  123.98  123.85  128.62  121.98  122.28  116.78  113.05  107.67  103.24  99.32   94.93   90.40  
90.04   92.68   93.15   93.71   96.85   103.10  97.65   91.95   88.56   85.46   82.41   79.96   78.46   77.87   77.53   76.87   75.28   72.75   72.58   71.82   70.34   63.47   56.01   67.59   73.69   80.24   91.10   98.14   105.15  109.06  109.78  114.06  113.16  119.76  117.73  114.96  114.04  117.94  118.53  120.76  123.68  128.70  121.69  120.17  115.11  110.98  105.27  100.86  96.25   91.82  
89.77   93.48   93.31   92.26   96.97   99.74   96.96   92.30   87.88   85.36   82.27   79.32   76.91   75.40   74.73   74.31   73.57   71.96   66.71   49.27   27.20   36.90   52.47   66.63   78.29   84.67   91.23   95.15   100.48  104.51  108.88  109.26  113.74  112.61  116.60  119.67  116.22  113.34  115.43  118.16  121.78  124.21  126.24  120.17  118.52  112.96  108.19  102.26  97.81   92.49  
89.94   91.74   90.91   91.05   92.80   95.94   93.01   90.69   87.40   85.08   82.15   79.14   76.28   73.91   72.38   71.62   70.77   65.93   50.49   34.32   0.81    22.34   54.95   68.09   79.29   85.97   90.13   94.07   96.51   101.51  103.03  108.14  108.29  111.04  112.60  115.56  118.84  116.89  112.84  116.22  118.66  120.61  124.43  124.62  118.49  114.11  108.12  104.02  98.20   94.30  
88.45   89.96   88.60   88.92   91.25   93.29   90.49   88.60   86.83   84.47   81.87   79.01   76.08   73.28   70.90   71.14   69.67   65.09   57.40   41.27   15.59   37.02   65.12   70.32   77.86   84.68   88.56   91.28   95.24   97.81   100.19  103.12  105.56  107.48  110.16  112.97  112.74  116.59  117.65  112.63  115.22  118.38  119.20  122.09  120.02  113.75  109.28  103.36  100.22  95.68  
87.44   90.93   87.19   86.61   89.42   90.19   87.22   85.54   84.42   83.68   81.29   78.72   75.94   73.06   71.10   71.91   67.61   64.63   61.36   58.65   55.30   66.37   69.27   70.74   76.43   80.95   86.07   89.71   92.34   94.46   95.56   99.59   102.21  104.72  107.35  107.73  111.01  112.46  115.96  118.30  111.81  115.65  115.83  117.24  118.75  115.26  109.68  106.54  101.72  95.40  
87.65   90.58   86.91   84.86   85.41   83.85   83.44   81.49   81.51   81.29   80.38   78.16   75.62   73.49   74.22   71.37   67.64   64.71   61.44   60.58   63.68   66.74   69.96   72.76   74.37   78.19   84.84   87.46   89.51   90.70   92.28   94.13   98.18   101.70  101.13  105.17  107.51  110.46  111.82  114.23  118.15  112.34  115.62  115.34  114.38  115.33  112.83  106.97  101.05  95.78  
86.99   86.92   86.91   83.99   82.20   79.76   78.62   78.49   78.44   78.41   78.14   77.11   75.35   77.41   74.08   70.95   68.06   64.52   61.36   60.60   63.64   66.81   69.88   73.27   76.31   80.37   83.34   85.30   86.57   87.72   89.71   91.52   94.09   93.73   94.63   96.61   102.54  105.49  108.54  110.64  115.19  116.61  112.08  111.79  112.82  112.73  112.98  106.90  101.10  95.33  
83.75   83.79   83.72   84.39   80.59   77.96   76.45   75.71   75.48   75.41   75.34   75.36   79.72   76.71   73.50   70.56   67.51   64.57   61.19   60.58   63.68   66.75   69.99   73.05   76.70   79.62   81.57   82.90   84.00   85.75   87.00   89.70   90.51   94.17   91.14   88.94   98.48   100.69  103.21  107.44  108.85  114.69  113.90  109.10  108.78  110.37  107.20  106.35  100.98  95.34  
80.60   80.58   81.04   82.63   81.02   77.31   74.87   73.55   72.75   72.57   74.75   79.96   77.19   75.05   72.37   69.26   66.33   63.32   60.39   60.60   63.64   66.81   69.87   73.24   76.06   78.02   79.38   80.55   82.10   83.39   85.72   86.95   89.93   90.73   90.15   89.05   94.99   96.60   98.72   101.63  106.91  107.04  113.80  113.28  107.86  105.40  104.43  101.65  100.07  95.13  
77.39   77.64   78.55   82.44   80.50   76.17   74.27   72.10   71.05   72.80   76.89   77.88   74.75   72.48   70.04   67.57   64.28   61.59   58.43   60.58   63.68   66.74   69.93   72.66   74.62   76.01   77.22   78.68   80.07   82.13   83.64   86.14   87.10   87.05   89.47   89.51   91.58   93.61   95.62   97.94   100.54  105.71  107.64  112.92  110.46  105.14  101.06  98.89   96.15   94.01  
74.19   74.43   76.70   76.34   76.85   75.30   72.82   71.15   70.64   75.25   77.17   73.05   72.80   70.29   67.78   65.45   62.78   59.72   57.62   60.60   63.62   66.70   69.37   71.33   72.75   73.99   75.41   76.85   78.76   80.39   82.59   83.64   83.91   85.74   85.69   87.11   89.09   91.10   93.33   95.23   98.61   100.99  107.49  107.53  107.81  105.39  100.57  96.42   93.51   90.64  
70.95   70.96   70.95   70.96   70.95   70.92   70.70   69.82   70.16   72.53   73.61   72.28   69.14   68.11   65.90   63.30   61.03   58.36   57.63   60.55   63.53   66.13   68.10   69.54   70.81   72.19   73.66   75.47   77.15   79.14   80.24   80.73   82.18   82.37   83.20   85.02   86.96   89.09   91.12   93.85   95.12   100.11  103.87  103.25  103.09  103.00  100.48  95.83   91.59   88.21  
67.73   67.73   67.73   67.73   67.73   67.72   67.67   67.40   67.92   69.28   68.50   68.78   67.45   64.82   63.40   61.26   58.78   56.66   57.58   60.41   62.94   64.89   66.36   67.64   69.01   70.48   72.22   73.92   75.76   76.89   77.52   78.72   79.05   79.65   81.28   83.11   85.08   87.06   89.54   91.30   95.62   99.00   98.96   99.34   98.88   98.70   98.26   95.53   91.03   86.80  
