#Value Function.
503.87  504.06  504.07  504.09  504.08  504.09  504.08  504.09  504.07  504.06  503.98  503.76  503.18  502.12  500.47  498.14  495.27  492.22  489.41  487.39  487.40  487.42  487.44  487.43  487.44  487.43  487.44  487.43  487.43  487.39  487.31  486.96  485.91  483.12  477.63  469.06  457.86  444.97  431.34  417.60  404.07  390.97  378.57  367.18  357.06  348.14  340.09  332.44  324.75  316.61 
520.09  520.41  520.48  520.48  520.50  520.48  520.50  520.48  520.48  520.40  520.21  519.63  518.56  516.88  514.48  511.49  508.30  505.37  503.10  503.17  503.31  503.39  503.39  503.42  503.40  503.42  503.40  503.41  503.37  503.31  503.00  502.05  499.34  493.78  484.94  473.35  460.00  445.93  431.79  417.88  404.41  391.63  379.92  369.52  360.41  352.21  344.42  336.58  328.33  319.39 
536.33  536.95  537.06  537.13  537.12  537.15  537.12  537.13  537.05  536.89  536.32  535.23  533.53  531.06  527.94  524.61  521.57  519.08  518.55  519.06  519.40  519.52  519.60  519.59  519.63  519.60  519.63  519.57  519.54  519.27  518.44  515.81  510.19  501.08  489.07  475.25  460.73  446.18  431.89  418.04  404.89  392.83  382.17  372.86  364.51  356.59  348.59  340.15  331.10  321.35 
552.54  553.64  554.06  554.13  554.21  554.17  554.21  554.12  554.01  553.43  552.33  550.62  548.08  544.82  541.34  538.19  535.60  533.77  534.37  535.19  535.68  536.05  536.13  536.24  536.20  536.26  536.18  536.19  535.93  535.25  532.73  527.05  517.65  505.21  490.88  475.90  460.94  446.26  432.02  418.48  406.06  395.12  385.62  377.12  369.06  360.91  352.29  343.01  333.10  322.64 
568.07  570.36  571.17  571.58  571.60  571.67  571.60  571.56  570.99  569.87  568.14  565.54  562.14  558.49  555.23  552.54  550.67  549.47  550.38  551.39  552.26  552.73  553.13  553.16  553.30  553.20  553.25  553.00  552.49  550.09  544.37  534.67  521.77  506.91  491.45  476.07  461.00  446.37  432.42  419.62  408.40  398.70  390.06  381.86  373.56  364.74  355.22  345.04  334.40  323.43 
582.06  586.39  588.42  589.07  589.47  589.34  589.46  588.93  587.83  586.11  583.46  579.90  576.07  572.70  569.90  568.00  566.79  566.09  566.70  567.80  568.85  569.76  570.17  570.60  570.56  570.73  570.42  570.14  567.90  562.18  552.15  538.76  523.34  507.40  491.59  476.11  461.08  446.71  433.52  422.01  412.11  403.32  394.99  386.53  377.51  367.75  357.30  346.35  335.18  323.95 
593.69  600.78  604.87  606.78  607.14  607.36  607.05  606.08  604.44  601.82  598.11  594.09  590.62  587.70  585.78  584.56  583.86  583.50  583.56  584.51  585.66  586.72  587.68  587.90  588.45  588.16  588.11  586.14  580.45  570.08  556.21  540.19  523.74  507.50  491.62  476.17  461.37  447.76  435.95  425.86  416.92  408.46  399.84  390.62  380.61  369.86  358.60  347.12  335.69  324.42 
601.38  612.87  619.64  623.34  624.86  624.49  624.05  622.74  620.52  616.69  612.53  609.01  605.94  604.00  602.77  602.08  601.74  601.56  601.45  601.73  602.74  603.90  604.91  605.86  605.75  606.24  604.66  599.11  588.41  574.09  557.45  540.50  523.82  507.52  491.65  476.41  462.35  450.23  439.95  430.87  422.28  413.50  404.08  393.81  382.76  371.17  359.36  347.61  336.14  325.03 
606.33  620.48  631.91  638.23  640.56  641.19  640.60  638.96  635.52  631.26  627.82  624.61  622.70  621.45  620.77  620.44  620.27  620.15  620.05  619.93  620.32  621.31  622.42  622.98  623.78  622.88  617.74  607.03  592.32  575.09  557.67  540.55  523.83  507.54  491.83  477.30  464.87  454.39  445.18  436.45  427.52  417.88  407.35  395.99  384.06  371.91  359.83  348.05  336.74  325.97 
609.36  625.29  639.06  649.80  655.17  656.08  655.56  653.69  650.04  646.86  643.62  641.85  640.61  639.93  639.62  639.47  639.34  639.23  639.04  638.85  638.75  639.18  639.78  640.69  640.04  635.48  625.40  610.47  592.93  575.19  557.68  540.56  523.84  507.66  492.61  479.86  469.20  459.85  450.99  441.90  432.05  421.24  409.56  397.29  384.79  372.37  360.25  348.64  337.69  327.44 
611.31  628.31  643.93  656.85  666.01  669.28  669.52  667.60  665.79  662.86  661.41  660.23  659.58  659.29  659.15  659.02  658.92  658.69  658.45  658.17  657.98  658.07  658.10  657.02  652.51  642.72  628.26  610.77  592.97  575.19  557.68  540.55  523.90  508.29  495.22  484.39  474.89  465.90  456.65  446.58  435.50  423.49  410.85  397.99  385.22  372.77  360.83  349.58  339.17  329.57 
612.66  629.98  646.37  660.82  671.85  680.27  683.47  684.01  681.94  681.27  680.25  679.71  679.47  679.34  679.21  679.12  678.88  678.60  678.26  677.88  677.64  677.03  675.10  670.04  659.86  645.46  628.24  610.78  592.96  575.19  557.68  540.57  524.34  510.96  499.95  490.32  481.21  471.79  461.50  450.13  437.77  424.77  411.53  398.41  385.61  373.34  361.78  351.09  341.37  332.40 
613.80  631.62  648.59  664.22  677.06  687.21  695.35  699.34  701.10  700.56  700.26  700.13  700.06  699.90  699.85  699.58  699.30  698.93  698.46  698.12  697.24  694.74  688.70  677.69  662.71  645.12  627.59  610.31  592.70  575.06  557.67  540.75  527.07  515.91  506.14  496.90  487.33  476.81  465.15  452.43  439.04  425.42  411.93  398.78  386.17  374.28  363.31  353.34  344.30  335.78 
614.49  632.79  650.67  667.18  681.64  693.73  704.19  712.83  718.95  721.26  721.27  721.28  721.12  721.12  720.80  720.54  720.16  719.61  719.29  718.46  715.93  709.36  697.52  681.41  663.12  644.12  626.47  609.12  592.03  574.72  557.50  543.58  532.28  522.37  513.00  503.28  492.52  480.56  467.47  453.68  439.66  425.79  412.29  399.33  387.11  375.83  365.61  356.37  347.81  339.36 
614.81  633.65  652.04  669.90  686.39  700.50  712.88  723.61  733.37  740.62  742.88  742.80  742.90  742.54  742.32  741.94  741.31  741.07  740.30  738.02  731.31  718.92  701.89  682.55  662.89  643.77  625.18  607.85  590.77  574.01  560.48  549.07  539.00  529.52  519.64  508.64  496.37  482.90  468.69  454.27  440.01  426.14  412.82  400.26  388.67  378.19  368.74  360.02  351.54  342.77 
614.94  634.06  653.09  671.84  690.02  706.69  721.04  733.65  744.85  755.19  763.09  765.08  764.72  764.61  764.28  763.55  763.41  762.72  760.76  754.06  741.27  723.30  703.21  682.81  662.68  643.30  624.63  607.04  591.40  577.87  566.29  556.06  546.46  536.44  525.18  512.60  498.73  484.09  469.25  454.59  440.34  426.65  413.74  401.83  391.09  381.43  372.55  363.90  355.07  345.72 
614.98  634.21  653.59  673.12  692.30  710.87  728.00  742.51  755.14  766.16  777.11  785.72  787.17  786.99  786.27  786.32  785.67  784.15  777.51  764.31  745.45  724.57  703.48  682.80  662.72  643.52  625.61  609.57  595.72  583.95  573.55  563.84  553.69  542.15  529.26  514.97  499.88  484.61  469.55  454.91  440.84  427.57  415.32  404.31  394.44  385.39  376.58  367.56  358.12  347.97 
615.01  634.26  653.76  673.62  693.69  713.23  732.30  749.58  763.95  776.21  786.27  798.03  807.47  809.16  809.55  809.01  808.19  801.61  788.04  768.20  746.54  724.80  703.53  682.91  663.16  644.71  628.23  614.04  602.07  591.47  581.67  571.40  559.56  546.36  531.63  516.08  500.36  484.89  469.85  455.39  441.75  429.15  417.86  407.77  398.57  389.60  380.36  370.72  360.43  349.53 
615.01  634.30  653.82  673.82  694.15  714.65  734.55  753.51  769.60  782.90  793.69  803.69  816.39  828.69  831.34  831.31  826.28  812.47  791.52  769.06  746.69  724.84  703.65  683.35  664.33  647.37  632.82  620.65  609.85  599.95  589.59  577.41  563.92  548.73  532.69  516.51  500.60  485.17  470.31  456.28  443.32  431.75  421.44  412.08  402.95  393.50  383.64  373.07  362.00  350.46 
615.01  634.29  653.87  673.88  694.37  715.05  735.75  754.99  772.21  784.61  796.34  807.43  819.62  834.73  848.65  848.10  836.15  815.31  792.14  769.13  746.71  724.94  704.08  684.45  667.01  652.06  639.71  628.67  618.69  608.28  595.72  581.96  566.27  549.73  533.06  516.71  500.83  485.56  471.14  457.79  445.93  435.42  425.93  416.66  406.97  396.91  386.04  374.68  362.93  351.00 
615.01  634.31  653.85  673.91  694.31  715.14  735.59  755.27  771.74  785.43  796.16  807.43  819.62  834.73  848.65  848.10  836.15  815.31  792.14  769.13  746.79  725.25  704.86  686.92  671.54  659.04  647.84  637.90  627.50  614.47  600.49  584.25  567.20  550.04  533.21  516.86  501.09  486.28  472.52  460.38  449.62  440.04  430.67  420.75  410.54  399.34  387.68  375.59  363.44  351.43 
615.02  634.29  653.84  673.79  694.21  714.55  734.71  753.24  770.18  783.04  795.35  805.61  816.40  828.81  832.49  836.50  829.81  812.86  791.56  769.07  746.89  725.60  706.69  690.83  678.25  666.66  657.13  647.07  633.53  619.55  602.70  585.11  567.45  550.12  533.30  517.03  501.73  487.30  474.87  463.84  454.12  444.84  434.73  424.48  412.96  401.02  388.58  376.07  363.88  351.85 
615.01  634.27  653.73  673.64  693.64  713.54  732.14  750.02  764.29  777.86  789.75  798.29  807.80  811.29  814.06  813.14  812.95  805.17  788.73  768.40  746.97  726.41  708.80  696.26  684.18  674.57  665.82  652.66  638.93  621.61  603.49  585.32  567.50  550.17  533.40  517.41  502.17  488.99  477.68  467.82  458.39  448.72  438.58  426.84  414.66  401.89  389.02  376.52  364.31  352.28 
614.99  634.18  653.55  673.04  692.43  710.83  728.33  743.61  757.59  769.17  778.92  786.23  789.28  791.16  790.45  790.96  789.84  788.61  780.77  765.40  746.52  727.45  711.44  698.73  689.05  680.42  669.99  657.50  640.54  622.20  603.64  585.34  567.51  550.21  533.51  517.49  502.91  490.44  480.46  470.78  461.69  452.07  440.68  428.43  415.45  402.26  389.48  376.95  364.76  352.56 
614.90  633.97  652.94  671.74  689.73  706.76  721.96  735.76  747.50  756.98  764.47  767.19  768.88  768.18  768.29  767.74  767.85  766.86  764.96  757.30  743.31  726.87  711.78  699.98  691.29  682.43  671.89  657.67  640.59  622.19  603.65  585.34  567.51  550.21  533.53  517.83  503.61  491.53  481.49  472.24  463.40  453.45  442.01  429.18  415.76  402.76  389.92  377.45  365.05  352.72 
614.68  633.35  651.61  669.12  685.63  700.54  714.00  725.52  734.88  741.96  745.23  746.54  746.23  746.54  745.97  745.85  745.41  745.33  744.36  742.16  735.15  723.47  711.00  700.29  691.11  682.53  671.83  657.70  640.57  622.20  603.64  585.34  567.51  550.22  533.58  517.89  503.72  491.72  481.64  472.79  463.69  453.97  442.26  429.17  416.25  403.14  390.45  377.74  365.21  352.78 
614.06  632.02  649.05  665.07  679.62  692.68  703.91  713.04  719.87  723.28  724.70  724.54  724.72  724.48  724.61  724.16  723.96  723.60  723.40  722.59  720.62  715.32  707.44  697.74  689.15  680.30  670.05  657.46  640.56  622.19  603.65  585.34  567.51  550.23  533.61  517.78  503.46  491.26  481.77  472.66  463.93  454.05  442.00  429.72  416.57  403.75  390.73  377.89  365.27  352.81 
612.73  629.52  645.08  659.25  671.93  682.83  691.70  698.28  701.77  703.23  703.30  703.39  703.28  703.36  703.20  703.23  702.87  702.64  702.32  702.13  701.57  700.37  696.30  691.74  682.94  674.50  665.73  652.69  638.91  621.63  603.48  585.32  567.51  550.22  533.57  518.00  503.39  491.42  481.43  473.40  464.27  453.75  443.08  430.08  417.31  404.04  390.90  377.94  365.30  352.83 
610.28  625.62  639.42  651.73  662.33  670.92  677.26  680.79  682.29  682.51  682.58  682.53  682.57  682.51  682.54  682.43  682.40  682.10  681.86  681.56  681.52  681.14  680.69  678.00  673.28  665.16  656.90  646.98  633.54  619.53  602.71  585.11  567.48  550.22  533.62  517.99  503.58  491.60  482.54  474.14  464.80  455.43  443.38  430.82  417.50  404.20  390.93  377.97  365.31  352.83 
606.45  620.11  632.08  642.36  650.70  656.82  660.35  661.90  662.23  662.30  662.27  662.30  662.26  662.29  662.25  662.25  662.16  662.10  661.84  661.59  661.43  661.44  661.29  661.01  658.42  653.67  646.09  637.53  627.39  614.46  600.48  584.26  567.22  550.16  533.59  517.99  503.91  492.22  482.84  473.87  465.50  455.55  444.12  431.13  417.74  404.23  390.97  377.98  365.31  352.83 
601.07  612.94  622.94  631.03  636.96  640.46  642.07  642.47  642.55  642.52  642.53  642.51  642.53  642.50  642.51  642.48  642.48  642.40  642.31  642.08  641.85  641.71  641.77  641.73  641.23  638.69  633.97  626.67  618.17  608.14  595.70  581.95  566.29  549.85  533.50  517.96  504.01  492.30  482.69  474.14  465.11  455.76  443.99  431.20  417.70  404.25  390.96  377.98  365.31  352.83 
594.07  604.01  611.88  617.66  621.16  622.79  623.25  623.33  623.28  623.29  623.26  623.26  623.25  623.25  623.23  623.24  623.21  623.20  623.13  623.03  622.81  622.60  622.48  622.51  622.42  621.76  619.24  614.58  607.61  599.29  589.41  577.38  563.93  548.87  533.18  517.68  503.50  491.62  481.59  473.62  465.28  455.12  443.67  430.73  417.58  404.18  390.94  377.97  365.31  352.83 
585.33  593.21  598.86  602.35  604.12  604.64  604.68  604.60  604.60  604.53  604.51  604.48  604.47  604.46  604.46  604.44  604.44  604.42  604.40  604.33  604.23  604.03  603.84  603.73  603.72  603.58  602.79  600.28  595.71  589.00  580.88  571.17  559.53  546.47  532.06  517.43  503.38  491.23  481.13  472.29  464.36  454.58  442.88  430.46  417.16  404.07  390.89  377.94  365.29  352.83 
574.77  580.52  584.03  585.92  586.60  586.85  586.64  586.57  586.40  586.33  586.24  586.20  586.16  586.15  586.13  586.13  586.12  586.12  586.10  586.07  586.01  585.90  585.72  585.54  585.43  585.40  585.21  584.30  581.80  577.33  570.86  562.92  553.43  542.21  529.71  516.24  503.25  490.74  480.95  471.86  462.68  453.42  442.06  429.56  416.77  403.66  390.77  377.89  365.27  352.81 
562.41  566.14  568.13  569.09  570.21  570.37  569.56  569.04  568.81  568.60  568.48  568.39  568.34  568.30  568.28  568.27  568.26  568.25  568.25  568.23  568.20  568.14  568.03  567.86  567.69  567.59  567.54  567.28  566.30  563.80  559.42  553.16  545.44  536.23  525.48  513.81  501.78  490.72  480.49  471.20  462.35  452.48  441.43  428.96  416.09  403.25  390.39  377.76  365.21  352.79 
548.42  550.67  551.79  552.90  553.46  553.95  553.38  552.38  551.75  551.44  551.20  551.07  550.98  550.92  550.88  550.86  550.85  550.84  550.83  550.83  550.81  550.78  550.71  550.61  550.45  550.29  550.19  550.11  549.80  548.74  546.25  541.97  535.93  528.46  519.62  509.63  499.23  489.16  479.97  470.51  461.12  451.70  440.41  428.27  415.45  402.60  389.97  377.41  365.07  352.73 
533.42  534.83  535.92  536.57  537.09  536.81  537.01  536.44  535.47  534.83  534.47  534.24  534.09  533.99  533.94  533.90  533.88  533.86  533.86  533.85  533.84  533.82  533.79  533.73  533.62  533.47  533.33  533.23  533.12  532.76  531.64  529.16  524.99  519.20  511.97  503.64  494.61  485.73  476.89  468.68  459.57  448.91  438.70  426.84  414.53  401.91  389.33  376.97  364.74  352.57 
518.05  519.29  519.97  520.48  520.38  520.55  520.37  520.40  519.81  518.93  518.30  517.92  517.68  517.53  517.43  517.37  517.34  517.32  517.30  517.29  517.29  517.28  517.26  517.23  517.16  517.06  516.92  516.78  516.68  516.55  516.13  514.97  512.51  508.48  502.93  496.02  488.35  480.04  472.54  464.12  455.96  446.36  435.62  424.80  413.02  400.96  388.63  376.36  364.30  352.26 
502.88  503.75  504.22  504.23  504.36  504.26  504.35  504.22  504.14  503.58  502.78  502.16  501.78  501.53  501.38  501.29  501.23  501.19  501.17  501.15  501.15  501.14  501.13  501.11  501.08  501.01  500.91  500.78  500.65  500.54  500.39  499.93  498.72  496.30  492.43  487.08  480.67  473.47  465.91  458.47  450.37  441.89  432.27  421.72  410.93  399.45  387.66  375.66  363.72  351.83 
487.74  488.36  488.44  488.53  488.49  488.54  488.49  488.53  488.42  488.28  487.74  487.01  486.42  486.03  485.79  485.64  485.54  485.48  485.45  485.42  485.41  485.40  485.39  485.38  485.36  485.33  485.26  485.17  485.04  484.92  484.81  484.62  484.12  482.90  480.51  476.79  471.66  465.54  458.75  451.45  444.12  436.08  427.62  418.19  407.94  397.33  386.16  374.68  363.01  351.26 
472.73  473.02  473.10  473.08  473.12  473.09  473.12  473.08  473.09  472.99  472.81  472.31  471.63  471.06  470.68  470.44  470.29  470.19  470.13  470.09  470.07  470.06  470.05  470.04  470.03  470.01  469.97  469.91  469.82  469.70  469.58  469.46  469.26  468.72  467.48  465.13  461.51  456.59  450.71  444.11  437.05  429.79  421.97  413.62  404.40  394.44  384.08  373.21  362.03  350.55 
457.80  458.05  458.05  458.07  458.06  458.07  458.06  458.07  458.05  458.04  457.94  457.74  457.26  456.63  456.09  455.71  455.47  455.32  455.22  455.16  455.12  455.10  455.09  455.08  455.07  455.06  455.04  455.00  454.94  454.85  454.74  454.62  454.50  454.27  453.70  452.44  450.13  446.60  441.87  436.16  429.75  422.87  415.75  408.12  399.93  390.94  381.27  371.16  360.58  349.58 
443.21  443.38  443.40  443.39  443.40  443.39  443.40  443.39  443.40  443.38  443.36  443.26  443.04  442.59  442.00  441.48  441.12  440.88  440.72  440.63  440.57  440.53  440.51  440.49  440.48  440.47  440.46  440.44  440.41  440.34  440.26  440.15  440.03  439.90  439.65  439.06  437.78  435.50  432.07  427.47  421.94  415.72  409.03  402.06  394.60  386.59  377.83  368.43  358.57  348.15 
428.92  429.09  429.09  429.10  429.09  429.10  429.09  429.10  429.09  429.09  429.07  429.05  428.94  428.72  428.28  427.73  427.24  426.88  426.65  426.49  426.40  426.34  426.30  426.28  426.26  426.25  426.24  426.23  426.21  426.17  426.11  426.03  425.92  425.81  425.67  425.40  424.78  423.50  421.25  417.89  413.43  408.06  402.02  395.52  388.70  381.43  373.59  365.06  355.91  346.17 
414.99  415.14  415.15  415.15  415.15  415.15  415.15  415.15  415.15  415.14  415.14  415.13  415.09  414.99  414.76  414.34  413.82  413.36  413.01  412.77  412.62  412.52  412.46  412.42  412.40  412.39  412.38  412.37  412.35  412.33  412.30  412.24  412.15  412.05  411.94  411.79  411.50  410.86  409.57  407.35  404.08  399.75  394.54  388.67  382.35  375.69  368.58  360.92  352.61  343.58 
401.40  401.55  401.55  401.55  401.55  401.55  401.55  401.55  401.55  401.55  401.55  401.54  401.53  401.49  401.38  401.14  400.75  400.26  399.81  399.47  399.24  399.09  398.99  398.93  398.89  398.87  398.86  398.85  398.84  398.82  398.80  398.77  398.71  398.63  398.53  398.42  398.26  397.95  397.29  396.00  393.81  390.61  386.41  381.35  375.66  369.51  363.00  356.05  348.57  340.35 
388.15  388.29  388.29  388.29  388.29  388.29  388.29  388.29  388.29  388.29  388.29  388.29  388.28  388.26  388.22  388.11  387.87  387.49  387.03  386.61  386.28  386.05  385.90  385.80  385.74  385.70  385.68  385.66  385.65  385.64  385.63  385.61  385.57  385.52  385.44  385.34  385.23  385.07  384.74  384.06  382.76  380.62  377.49  373.40  368.50  362.97  356.98  350.63  343.84  336.41 
375.22  375.36  375.36  375.36  375.36  375.36  375.36  375.36  375.36  375.36  375.36  375.36  375.36  375.35  375.33  375.28  375.17  374.94  374.57  374.14  373.73  373.41  373.18  373.04  372.94  372.88  372.84  372.82  372.80  372.79  372.78  372.77  372.75  372.71  372.65  372.58  372.49  372.37  372.20  371.86  371.16  369.87  367.75  364.70  360.73  355.97  350.59  344.77  338.57  331.82 
362.62  362.75  362.75  362.75  362.75  362.75  362.75  362.75  362.75  362.75  362.75  362.75  362.75  362.75  362.74  362.72  362.67  362.55  362.32  361.98  361.56  361.17  360.86  360.64  360.49  360.40  360.34  360.30  360.27  360.26  360.25  360.24  360.23  360.20  360.17  360.11  360.04  359.95  359.83  359.65  359.30  358.59  357.30  355.22  352.24  348.38  343.75  338.53  332.86  326.69 
350.25  350.34  350.34  350.34  350.34  350.34  350.34  350.34  350.34  350.34  350.34  350.34  350.34  350.34  350.33  350.33  350.31  350.25  350.13  349.90  349.57  349.18  348.81  348.51  348.29  348.14  348.05  347.99  347.95  347.92  347.91  347.90  347.89  347.87  347.85  347.81  347.76  347.69  347.60  347.48  347.30  346.93  346.21  344.92  342.88  339.97  336.22  331.73  326.65  321.05 
