#Value Function.
34282.16 35306.99 36348.95 37416.87 38511.38 39633.10 40781.89 41948.97 42536.28 43132.11 43128.93 43090.57 42187.11 41778.14 40626.75 39533.95 38452.39 37407.39 36385.20 35388.56 34414.54 33463.46 32534.32 31626.80 30740.30 29874.39 29028.55 28202.34 27395.30 26607.00 25837.64 25095.58 24449.80 24113.08 23933.72 23798.29 23676.25 23557.87 23439.95 23322.48 23205.48 23088.93 22972.84 22857.20 22742.01 22627.25 22512.77 22397.12 22280.31 21915.80
34267.99 35295.87 36337.58 37405.24 38499.49 39621.01 40770.47 41948.68 42534.90 43137.42 43139.72 42592.72 42444.02 41768.01 40666.32 39549.46 38484.71 37436.41 36416.29 35418.05 34443.80 33491.76 32562.00 31653.72 30766.55 29899.94 29053.45 28226.59 27418.91 26630.28 25866.49 25202.26 24982.33 24867.13 24746.80 24624.95 24503.01 24381.41 24260.26 24139.58 24019.38 23899.64 23780.37 23661.57 23543.23 23425.35 23307.93 23190.94 23071.38 22692.61
34245.18 35272.12 36312.50 37378.72 38471.42 39591.25 40739.08 41917.70 42449.19 42574.26 42529.85 42496.77 42048.44 41293.82 40599.71 39573.24 38495.00 37452.51 36429.20 35431.97 34456.79 33504.74 32574.54 31666.03 30778.55 29911.68 29064.90 28237.78 27429.94 26644.00 25943.34 25900.58 25818.77 25711.75 25592.73 25469.11 25344.27 25219.47 25095.06 24971.12 24847.67 24724.69 24602.20 24480.19 24358.65 24237.58 24116.99 23996.84 23874.02 23482.89
34207.03 35231.56 36269.29 37332.60 38422.17 39533.59 40617.65 41244.25 41496.91 41992.73 41973.93 41934.24 41336.19 40862.17 40162.99 39465.55 38500.69 37462.29 36443.97 35444.89 34470.23 33517.50 32587.18 31678.30 30790.57 29923.40 29076.36 28248.99 27441.66 26687.34 26669.13 26700.19 26657.47 26569.76 26457.93 26334.96 26208.01 26080.12 25952.42 25825.13 25698.35 25572.04 25446.24 25320.93 25196.11 25071.77 24947.92 24824.52 24698.36 24294.54
34162.75 35185.54 36221.57 37281.91 38355.85 39376.79 40055.53 40398.67 40785.25 40874.57 40837.34 40773.16 40701.38 40190.19 39709.73 39053.76 38362.48 37449.62 36450.92 35458.23 34482.95 33530.52 32599.69 31690.62 30802.56 29935.14 29087.82 28260.30 27458.82 27091.66 27328.27 27457.80 27481.58 27431.55 27337.80 27221.12 27094.18 26963.87 26832.91 26702.24 26572.01 26442.31 26313.10 26184.40 26056.20 25928.51 25801.31 25674.57 25544.97 25128.12
34116.94 35138.44 36169.78 37207.80 38182.97 38889.63 39297.34 39638.09 39777.35 39765.82 39710.44 39661.22 39599.88 39507.52 39062.59 38587.77 37967.29 37288.23 36420.51 35460.57 34494.56 33542.84 32612.31 31702.87 30814.59 29946.86 29099.30 28272.28 27496.95 27587.98 27895.19 28139.15 28265.08 28280.64 28223.11 28123.25 28001.70 27870.77 27737.10 27603.00 27469.32 27336.08 27203.40 27071.20 26939.56 26808.39 26677.77 26547.59 26414.48 25984.23
34070.35 35085.38 36089.70 37029.06 37749.49 38203.61 38531.41 38696.68 38713.79 38669.50 38619.26 38564.12 38514.56 38454.36 38349.28 37955.84 37493.98 36904.11 36241.11 35413.49 34491.00 33552.28 32624.01 31715.08 30826.55 29958.61 29110.88 28290.68 27833.22 28088.92 28395.88 28719.26 28970.30 29091.20 29097.68 29032.53 28926.53 28800.09 28665.15 28528.10 28390.81 28254.06 28117.73 27982.02 27846.76 27712.10 27577.90 27444.24 27307.47 26863.50
34016.09 35001.10 35910.62 36636.26 37123.87 37455.16 37637.58 37680.43 37649.71 37601.50 37549.09 37498.99 37445.98 37396.49 37336.53 37224.08 36871.44 36426.74 35864.32 35219.79 34428.48 33541.94 32630.83 31725.92 30838.31 29970.27 29123.81 28353.42 28425.73 28637.90 28902.22 29223.03 29564.39 29822.27 29936.44 29932.99 29860.25 29748.04 29616.69 29477.70 29337.29 29196.73 29056.87 28917.36 28778.56 28640.16 28502.42 28365.07 28224.65 27766.50
33929.17 34824.68 35550.15 36061.94 36404.34 36601.22 36666.19 36650.30 36606.57 36556.43 36506.74 36455.86 36406.58 36355.39 36306.19 36246.07 36129.91 35810.23 35384.89 34847.82 34223.17 33465.27 32613.12 31729.66 30848.05 29981.55 29157.20 28954.51 29078.30 29241.55 29461.81 29734.20 30069.70 30431.47 30695.63 30801.02 30786.88 30706.73 30588.18 30451.95 30308.86 30165.10 30021.19 29878.17 29735.39 29593.45 29451.82 29310.90 29166.53 28693.99
33757.06 34490.95 35020.04 35376.45 35587.35 35671.54 35670.75 35633.40 35585.80 35537.05 35487.70 35439.05 35389.64 35341.32 35291.70 35242.93 35182.55 35065.15 34772.61 34367.53 33854.31 33250.35 32523.55 31704.27 30848.30 29990.05 29502.15 29661.36 29785.88 29908.33 30076.25 30305.33 30585.07 30936.26 31321.50 31590.96 31685.10 31659.69 31572.45 31447.36 31306.29 31159.03 31011.98 30864.59 30718.41 30572.23 30427.11 30282.09 30134.04 29646.39
33446.17 33999.44 34370.30 34595.31 34696.71 34710.75 34681.14 34636.70 34589.25 34541.20 34493.44 34445.40 34397.84 34349.80 34302.49 34254.29 34206.02 34145.43 34028.47 33758.71 33373.95 32883.45 32300.54 31602.99 30815.18 29986.70 30148.90 30354.50 30514.42 30636.47 30756.84 30930.23 31169.13 31454.99 31823.02 32235.71 32508.77 32588.76 32551.77 32457.96 32325.94 32180.20 32028.64 31878.41 31727.34 31578.03 31428.28 31279.95 31127.35 30624.86
32988.85 33385.28 33624.40 33741.67 33770.02 33749.06 33708.52 33662.74 33615.93 33569.17 33522.31 33475.69 33428.90 33382.44 33335.68 33289.42 33242.51 33194.80 33134.14 33018.74 32768.43 32403.60 31934.95 31373.29 30737.74 30613.81 30777.04 31016.71 31227.62 31387.60 31506.57 31624.06 31803.99 32053.99 32343.98 32730.25 33175.62 33449.44 33512.01 33463.53 33363.87 33224.28 33074.20 32918.08 32764.89 32609.86 32457.52 32303.93 32148.26 31629.07
32409.28 32674.01 32806.21 32848.33 32836.58 32800.68 32756.96 32711.44 32665.72 32619.96 32574.33 32528.66 32483.16 32437.57 32392.21 32346.68 32301.50 32255.87 32208.90 32148.52 32035.56 31921.05 31811.47 31677.75 31545.62 31451.40 31462.90 31647.91 31907.11 32121.52 32281.33 32396.61 32510.15 32698.08 32960.85 33251.90 33658.13 34143.14 34413.19 34454.76 34395.44 34290.85 34142.64 33988.86 33827.74 33671.97 33512.52 33357.36 33195.18 32661.31
31732.16 31890.19 31945.50 31943.26 31912.59 31871.37 31827.24 31782.60 31737.89 31693.27 31648.65 31604.14 31559.62 31515.26 31471.05 31428.79 31401.45 31504.70 32146.12 32595.59 32826.93 32877.39 32817.61 32699.43 32559.34 32420.56 32318.86 32329.47 32540.90 32820.90 33036.34 33196.19 33307.06 33415.18 33613.08 33890.88 34178.29 34606.79 35140.75 35399.84 35416.87 35348.09 35239.67 35081.18 34924.90 34757.90 34600.28 34435.59 34273.23 33714.19
31589.56 31445.80 31301.74 31148.56 31005.97 30963.30 30919.66 30875.87 30832.15 30788.48 30744.92 30701.42 30658.12 30615.56 30578.22 30574.60 30774.81 31636.97 32442.78 33096.53 33549.14 33770.18 33805.65 33734.71 33607.73 33461.37 33315.64 33205.28 33213.01 33457.36 33758.99 33972.03 34132.88 34238.41 34339.10 34549.66 34845.54 35122.34 35576.20 36171.77 36408.64 36398.22 36322.17 36211.19 36039.85 35883.22 35708.74 35550.34 35370.01 34763.80
32616.10 32481.95 32319.82 32153.95 31816.49 31490.16 31084.31 30637.55 30245.49 29947.53 29868.25 29821.24 29780.23 29748.55 29763.67 29984.61 30778.24 31675.23 32575.61 33405.36 34070.58 34526.47 34735.05 34754.19 34672.40 34536.42 34384.18 34231.34 34111.10 34112.79 34399.09 34722.31 34928.31 35092.34 35191.14 35281.66 35508.53 35826.76 36082.59 36566.20 37240.68 37437.79 37398.87 37318.47 37206.42 37018.34 36865.03 36677.65 36470.33 35606.38
33707.35 33524.88 33377.53 32943.61 32623.23 32172.34 31684.13 31292.73 31017.55 30814.32 30645.36 30491.26 30343.18 30207.51 30121.07 30253.85 30831.25 31679.86 32609.42 33537.81 34392.86 35068.45 35528.35 35721.75 35723.26 35631.25 35485.88 35328.36 35168.22 35036.93 35027.50 35368.56 35711.66 35904.52 36075.84 36165.70 36242.36 36490.52 36837.10 37056.71 37576.42 38353.70 38483.86 38419.41 38337.84 38226.58 38015.84 37836.54 37242.91 36334.22
34728.95 34664.18 34059.31 33802.18 33280.28 32745.19 32371.47 32133.28 31953.32 31793.29 31640.47 31489.91 31340.80 31192.80 31050.14 30944.69 31068.89 31708.11 32606.53 33567.01 34523.97 35406.25 36090.33 36555.89 36730.36 36713.08 36611.99 36456.41 36294.56 36126.86 35983.60 35954.99 36369.35 36727.58 36899.55 37085.20 37162.44 37220.42 37496.54 37880.07 38041.06 38606.29 39519.56 39540.71 39461.57 39380.92 39273.27 38451.07 38008.74 36817.57
35178.38 35118.36 35059.84 34396.98 33815.81 33488.51 33299.71 33139.23 32982.62 32828.02 32673.47 32520.14 32366.91 32214.74 32062.86 31913.40 31785.00 31894.33 32611.78 33558.72 34548.19 35534.60 36446.71 37136.15 37610.53 37760.71 37723.92 37615.43 37448.18 37283.55 37107.79 36952.42 36891.73 37406.70 37769.97 37911.74 38123.09 38181.44 38214.64 38527.56 38960.59 39030.04 39654.95 40069.88 40035.16 39946.27 39571.27 39354.40 38397.88 37109.27
35543.02 35594.19 35489.17 34892.56 34657.08 34524.98 34372.48 34212.38 34053.76 33894.03 33736.33 33578.03 33421.40 33264.46 33108.93 32953.26 32798.24 32642.25 32727.29 33546.49 34536.41 35553.16 36570.16 37515.73 38205.37 38694.30 38812.21 38756.12 38642.62 38461.16 38296.29 38111.38 37945.44 37832.12 38488.54 38837.56 38938.79 39193.40 39222.26 39223.41 39584.59 40085.64 40015.13 40122.23 40655.97 40104.36 39989.84 39535.76 38495.72 37352.50
35608.34 36007.44 36004.36 35661.48 35696.19 35617.17 35474.80 35317.31 35152.22 34990.54 34826.56 34665.72 34503.34 34343.48 34182.56 34023.15 33859.03 33677.51 33449.54 33575.11 34516.59 35538.78 36582.28 37631.02 38615.28 39296.72 39810.16 39883.50 39810.26 39694.83 39494.95 39334.06 39135.85 38937.15 38772.17 39626.20 39926.97 39977.78 40301.86 40283.56 40244.71 40668.45 40584.56 40492.79 40379.44 40696.40 40074.36 39601.31 38508.48 37445.03
35631.21 36040.04 36482.73 36443.04 36673.52 36689.08 36599.09 36445.55 36283.99 36113.37 35949.12 35780.34 35616.69 35449.78 35286.44 35116.75 34927.62 34672.00 34337.76 33925.91 34495.75 35517.88 36565.44 37636.05 38717.36 39748.05 40407.67 40962.64 40971.95 40887.37 40773.59 40548.61 40371.33 39833.11 39116.10 39846.08 40811.88 41035.41 41024.63 41456.89 41362.31 41276.31 41180.37 41058.34 40791.60 40401.99 40140.86 39586.19 38537.21 37463.79
35609.65 36070.02 36401.30 36995.20 37492.79 37709.16 37702.93 37603.56 37437.38 37273.30 37096.14 36930.19 36755.69 36589.56 36413.42 36217.73 35932.35 35561.27 35092.49 34535.16 34476.32 35496.09 36543.63 37616.97 38715.00 39829.00 40917.99 41533.65 42158.82 42072.71 41989.52 41880.69 41179.35 40326.90 39587.03 39963.70 40975.36 42049.01 42159.12 42073.64 41990.19 41888.44 41769.87 41441.78 40991.16 40434.98 39913.77 39066.70 38460.32 37477.81
35052.57 35601.86 36593.63 37468.58 38041.63 38573.55 38767.81 38737.75 38631.65 38450.24 38286.26 38100.63 37934.48 37749.65 37550.51 37224.12 36812.97 36294.95 35676.50 35000.90 34468.30 35474.25 36521.26 37594.33 38693.98 39819.73 40965.12 42130.97 42666.77 42729.23 42614.47 42508.24 41538.57 40826.40 39862.60 40352.84 41043.38 42131.14 42666.85 42729.33 42615.43 42514.55 42091.74 41579.38 40996.13 39928.20 39320.56 38782.19 38005.78 37359.20
34629.02 35597.50 36633.55 37658.95 38568.03 39103.29 39689.75 39848.19 39793.66 39684.74 39483.69 39324.27 39125.05 38930.46 38543.34 38092.54 37520.28 36841.41 36119.90 35350.37 34547.40 35452.39 36498.85 37571.38 38670.58 39797.13 40951.06 42123.79 42715.23 43312.73 43305.20 42725.77 42153.77 41019.52 39930.39 40378.68 41544.81 42123.96 42715.25 43312.75 43305.22 42725.91 42159.98 41572.55 40500.63 39841.78 38873.89 38237.11 37685.10 36949.63
34549.30 35579.49 36626.30 37690.08 38750.80 39703.30 40174.53 40848.46 40947.35 40871.15 40764.64 40536.67 40365.92 39881.26 39401.78 38767.57 38020.93 37261.92 36451.33 35581.08 34690.93 35429.73 36475.72 37547.85 38646.67 39772.85 40927.09 42110.15 42701.24 43308.87 43312.94 42733.82 42167.29 41035.70 39929.35 40352.37 41523.18 42110.32 42701.26 43308.89 43312.95 42733.91 42167.87 41070.34 40404.62 39429.89 38728.52 37833.39 37181.94 36607.98
34523.02 35558.24 36607.12 37680.06 38771.62 39868.97 40880.17 41246.10 42061.04 42059.39 41971.69 41873.61 41218.98 40747.96 40035.01 39211.03 38428.36 37574.96 36652.93 35697.40 34754.49 35400.83 36445.86 37517.03 38614.88 39740.07 40893.47 42077.70 42613.77 42740.92 42695.06 42661.38 41622.50 40977.74 39934.69 40249.41 41005.81 42077.89 42613.84 42740.93 42695.08 42661.47 42165.22 41049.42 39996.50 39279.25 38373.16 37650.54 36809.90 36141.27
34501.47 35536.41 36585.15 37659.74 38759.38 39878.59 41012.50 42107.56 42302.85 42665.00 42610.42 42515.79 42152.58 41316.70 40405.36 39626.90 38721.44 37741.25 36739.18 35742.61 34780.09 35358.82 36401.49 37470.10 38565.15 39682.64 40778.06 41460.53 42157.28 42152.59 42134.05 42093.15 41463.00 40520.01 39830.24 39874.30 40860.52 41960.74 42157.37 42152.61 42134.06 42093.23 41492.02 40960.10 39946.57 38939.51 38190.73 37334.18 36603.85 35793.60
34480.06 35514.53 36562.75 37637.04 38737.94 39864.96 41011.57 42178.94 42718.70 42839.20 43303.22 42791.64 42593.63 41594.95 40873.37 39888.01 38843.22 37797.44 36768.72 35761.77 34794.64 35312.43 36353.48 37419.32 38500.33 39538.13 40287.28 40902.58 41046.34 41028.94 40990.95 40926.96 40852.48 40290.36 39430.40 39674.28 40642.37 41009.45 41046.43 41028.96 40991.01 40926.99 40854.15 40337.18 39793.04 38861.89 37900.24 37134.78 36315.18 35573.99
34458.48 35492.61 36540.31 37614.06 38714.52 39842.35 40997.58 42171.44 42764.22 43359.66 43359.67 43353.38 42771.48 42198.79 41062.87 39955.79 38873.33 37816.53 36784.04 35775.84 34807.35 35265.16 36301.91 37348.08 38343.88 39120.68 39706.94 39933.59 39948.99 39914.13 39858.64 39808.89 39747.50 39650.22 39144.11 39397.89 39854.88 39956.52 39949.04 39914.18 39858.68 39808.94 39747.62 39654.10 39200.99 38659.66 37796.97 36879.37 36108.20 35305.80
34436.18 35469.88 36517.16 37590.51 38690.58 39818.05 40973.60 42158.01 42750.51 43359.59 43359.70 43359.25 42780.42 42211.92 41079.44 39970.22 38888.23 37830.71 36798.07 35789.42 34819.80 35212.70 36225.91 37187.93 37972.92 38552.32 38831.31 38886.85 38861.75 38812.35 38761.73 38706.46 38656.46 38595.91 38483.79 38713.23 38878.40 38891.80 38861.80 38812.39 38761.78 38706.50 38656.51 38596.21 38489.74 38086.04 37556.91 36752.69 35877.36 35097.08
34408.13 35440.92 36487.28 37559.67 38658.77 39785.25 40939.97 42125.55 42663.15 42792.75 42787.47 42743.83 42706.85 41667.67 41021.26 39976.71 38901.35 37845.02 36811.94 35802.95 34831.93 35133.48 36066.12 36849.41 37430.42 37746.51 37841.12 37831.66 37788.43 37738.86 37686.25 37635.82 37582.66 37532.83 37651.97 37813.08 37854.54 37832.76 37788.48 37738.90 37686.29 37635.86 37582.68 37532.82 37472.65 37358.52 36993.87 36482.58 35729.50 34883.09
34368.18 35398.84 36442.87 37512.69 38608.99 39727.77 40824.56 41508.89 42210.52 42231.18 42199.40 42179.58 42140.10 41507.49 40563.85 39872.25 38893.83 37855.26 36825.39 35816.46 34844.10 34976.15 35752.29 36337.33 36682.01 36812.19 36822.13 36786.51 36739.17 36688.60 36638.85 36589.57 36555.49 36638.25 36775.38 36835.57 36825.75 36786.78 36739.21 36688.61 36638.65 36587.54 36537.97 36486.59 36437.05 36376.65 36258.46 35925.38 35435.06 34716.20
34323.35 35352.38 36394.80 37461.85 38544.13 39583.36 40334.66 40955.55 41116.63 41097.68 41073.65 41036.21 40971.37 40897.79 40333.78 39472.65 38759.10 37832.57 36831.36 35828.74 34887.32 34682.87 35271.34 35639.04 35800.85 35832.05 35805.89 35761.85 35713.23 35664.78 35619.15 35593.47 35653.34 35768.11 35836.81 35839.49 35806.84 35761.93 35713.17 35664.11 35614.53 35565.62 35515.99 35467.39 35417.57 35368.49 35307.73 35187.95 34880.95 34401.82
34277.27 35305.03 36343.18 37390.61 38387.88 39167.03 39758.89 39998.45 40017.82 39993.98 39958.01 39902.12 39852.73 39790.75 39694.01 39186.12 38396.76 37677.66 36793.87 35829.65 35677.96 35532.21 35373.96 35208.90 35047.67 34890.66 34806.82 34760.32 34713.46 34670.94 34649.63 34694.10 34789.58 34860.19 34873.55 34848.02 34806.39 34759.53 34711.61 34663.31 34615.31 34567.04 34519.24 34470.97 34423.41 34375.00 34326.44 34265.38 34145.68 33849.50
34230.49 35252.51 36267.19 37230.73 38018.18 38602.93 38892.27 38954.28 38938.95 38904.67 38854.79 38804.28 38748.73 38698.95 38637.97 38525.90 38064.61 37338.20 36634.58 36783.63 36761.39 36659.75 36503.88 36341.56 36170.85 36006.23 35837.37 35673.42 35506.42 35342.82 35172.89 34982.73 34724.93 34389.79 33980.80 33872.33 33827.37 33780.62 33733.48 33686.47 33639.39 33592.53 33545.52 33498.82 33451.84 33405.34 33358.22 33310.22 33249.01 33119.53
34177.13 35173.30 36107.74 36893.54 37479.57 37804.40 37906.49 37906.21 37875.37 37829.85 37780.22 37727.47 37677.09 37623.78 37574.10 37513.15 37391.40 36969.60 37285.56 37681.77 37813.00 37773.15 37664.53 37496.97 37332.13 37155.03 36988.58 36814.08 36647.50 36471.16 36274.12 35985.72 35612.88 35158.10 34636.98 34036.66 33352.60 32885.99 32786.51 32733.63 32686.88 32640.87 32595.13 32549.32 32503.73 32457.98 32412.55 32366.62 32319.21 32247.25
34095.97 35016.32 35795.26 36384.98 36737.32 36875.26 36894.00 36869.04 36827.30 36779.43 36728.83 36679.70 36635.58 36645.76 37107.20 37205.48 36720.79 37247.20 37845.23 38337.01 38759.49 38864.29 38806.47 38693.13 38511.25 38346.35 38161.02 37994.15 37809.37 37608.53 37278.21 36863.87 36363.67 35804.27 35158.02 34416.70 33601.47 32744.56 32004.78 31828.11 31760.82 31712.48 31667.18 31622.48 31577.82 31533.33 31488.75 31444.39 31399.57 31342.29
33942.55 34724.00 35317.26 35691.95 35861.50 35901.23 35884.62 35846.84 35801.18 35752.71 35706.73 35678.66 35773.29 36608.66 36893.48 37332.34 37754.58 37658.42 38298.94 38918.95 39410.26 39870.53 39936.01 39861.82 39746.83 39546.33 39385.56 39186.97 38990.12 38597.97 38141.67 37591.52 36997.13 36301.18 35500.31 34629.05 33724.34 32812.10 31908.53 31144.32 30902.26 30815.05 30762.93 30717.77 30673.99 30630.41 30587.01 30543.56 30500.25 30446.29
33667.55 34275.31 34668.53 34865.90 34927.24 34921.09 34887.98 34844.86 34798.76 34757.10 34744.67 34878.23 35547.50 36458.84 36868.53 37327.07 37799.18 38286.69 38678.72 39382.40 40020.31 40503.32 41019.69 41025.46 40940.20 40827.18 40601.25 40427.13 39936.28 39447.62 38839.67 38218.43 37465.56 36598.04 35669.36 34720.32 33773.90 32841.05 31926.44 31033.24 30297.13 30005.49 29895.89 29837.90 29792.15 29749.07 29706.52 29664.16 29621.79 29569.61
33246.42 33667.05 33888.96 33971.68 33977.60 33950.10 33909.94 33866.49 33829.65 33830.18 33979.98 34542.85 35395.99 36409.03 36855.37 37315.25 37786.89 38272.09 38784.81 39809.92 40485.02 41152.45 41612.63 42214.26 42127.68 42043.57 41936.03 41274.40 40788.57 40103.68 39474.02 38649.39 37707.14 36721.81 35731.91 34754.25 33795.23 32857.01 31940.05 31044.31 30177.54 29464.59 29135.20 29002.62 28936.99 28889.82 28847.18 28805.55 28764.20 28713.27
32675.51 32930.94 33034.34 33053.44 33032.56 32995.88 32955.35 32923.37 32933.89 33088.36 33577.14 34358.02 35270.40 35887.22 36834.48 37288.50 37711.13 37767.32 38791.86 39897.42 40978.77 41602.64 42320.68 42731.68 42784.82 42671.17 42572.01 42185.72 41371.90 40776.00 39847.35 38824.01 37786.69 36760.86 35754.89 34770.94 33809.44 32870.13 31952.60 31056.38 30181.47 29340.75 28647.54 28289.37 28134.40 28059.74 28010.32 27967.79 27926.95 27877.23
31980.29 32115.06 32148.03 32134.74 32102.10 32064.75 32037.41 32055.31 32208.48 32641.82 33351.52 34191.59 34881.77 35692.44 36236.12 36633.87 36857.15 37684.27 38779.84 39898.31 41034.80 42191.09 42728.18 42853.25 43368.01 43362.47 42815.58 42612.72 42150.97 41045.31 39945.18 38865.95 37809.72 36777.70 35769.42 34784.56 33822.54 32882.87 31965.03 31068.50 30192.83 29338.66 28522.41 27846.53 27466.43 27290.34 27205.67 27153.17 27110.37 27061.13
31202.25 31260.88 31256.04 31228.05 31194.13 31171.10 31194.26 31343.04 31732.50 32377.20 33157.90 33872.20 34613.35 35187.69 35598.78 35911.26 36617.75 37658.19 38759.38 39885.94 41031.32 42194.92 42775.16 43368.70 43368.89 43368.81 43362.36 42780.34 42207.52 41071.43 39964.14 38881.45 37824.43 36791.72 35783.12 34797.88 33835.56 32895.58 31977.44 31080.63 30204.65 29349.10 28515.35 27722.13 27061.82 26665.11 26469.53 26374.23 26317.91 26265.65
30380.39 30395.90 30373.16 30342.92 30323.85 30350.66 30493.49 30846.77 31433.73 32161.79 32874.50 33576.51 34158.44 34590.89 34956.29 35595.12 36564.14 37635.13 38736.12 39864.44 41019.12 42191.90 42774.97 43368.76 43368.97 43368.96 43368.31 42789.31 42220.62 41088.00 39978.56 38896.36 37838.61 36805.75 35796.73 34811.22 33848.57 32908.30 31989.86 31092.76 30216.49 29360.59 28524.74 27711.01 26939.54 26293.52 25884.36 25671.09 25564.86 25495.52
29542.86 29536.88 29510.59 29495.16 29524.40 29660.57 29983.14 30519.22 31198.95 31896.38 32572.47 33153.24 33605.17 34004.71 34602.38 35498.50 36538.47 37611.97 38712.50 39840.40 40996.36 42180.09 42773.04 43368.75 43368.96 43368.97 43368.74 42794.59 42229.15 41100.42 39994.12 38910.63 37853.07 36819.64 35810.42 34824.54 33861.60 32921.02 32002.29 31104.89 30228.35 29372.16 28535.88 27719.31 26925.16 26174.29 25541.62 25123.30 24894.18 24768.68
28708.06 28696.60 28684.57 28715.36 28844.61 29140.57 29631.81 30266.64 30941.40 31596.86 32173.10 32640.12 33062.80 33632.97 34460.13 35465.56 36512.08 37585.47 38685.70 39813.41 40969.44 42156.12 42759.21 43368.60 43368.78 43368.75 43368.61 42795.06 42233.79 41108.40 40005.86 38925.30 37867.10 36833.71 35824.02 34837.89 33874.62 32933.74 32014.71 31117.03 30240.20 29383.74 28547.18 27730.07 26932.37 26157.33 25426.04 24806.02 24381.16 24129.94
27890.12 27891.64 27923.36 28045.71 28318.28 28769.82 29362.80 30011.04 30647.54 31217.68 31695.39 32134.03 32684.64 33454.81 34406.06 35424.04 36468.78 37539.41 38636.49 39757.64 40865.03 41631.63 42671.82 42802.16 42801.69 42796.48 42752.61 42716.12 41681.60 41041.98 40004.32 38935.23 37880.80 36847.39 35837.70 34851.20 33887.66 32946.46 32027.15 31129.17 30252.06 29395.33 28558.49 27741.10 26942.73 26163.48 25407.09 24694.45 24086.54 23649.42
27105.91 27148.18 27263.83 27515.61 27931.81 28485.82 29105.69 29723.36 30286.29 30770.92 31220.48 31756.24 32478.91 33376.16 34359.49 35377.44 36420.83 37489.01 38575.03 39631.73 40469.27 41351.88 41720.14 42247.06 42239.93 42208.00 42188.22 41606.05 41447.38 40568.29 39890.76 38919.97 37887.48 36859.89 35850.93 34864.51 33900.66 32959.20 32039.57 31141.32 30263.92 29406.91 28569.81 27752.15 26953.48 26173.44 25412.23 24674.00 23979.20 23375.28
26373.86 26490.29 26723.32 27107.74 27625.32 28216.00 28814.24 29368.74 29856.99 30313.55 30837.12 31519.72 32367.09 33312.80 34302.50 35318.81 36358.17 37410.54 38429.61 39293.52 40101.53 40579.73 41012.99 41117.90 41092.37 41063.82 40987.44 40930.88 40451.15 40216.53 39449.78 38760.11 37843.28 36848.55 35848.78 34864.42 33901.19 32959.85 32040.30 31142.09 30264.74 29407.76 28570.70 27753.07 26954.44 26174.37 25412.51 24669.22 23948.93 23266.26
