#Transition Function.
-0.16   0.90    -0.05  
0.01    0.10    0.20   
-0.00   0.00    0.00   
#Transition Function.
0.02    0.00    0.00   
0.05    0.23    0.14   
-0.17   0.81    -0.09  
#Transition Function.
-0.00   0.17    -0.02  
0.71    0.04    -0.06  
-0.00   0.18    -0.02  
#Transition Function.
-0.03   0.19    -0.01  
-0.16   0.07    0.83   
-0.02   0.13    -0.01  
#Transition Function.
0.87    0.04    -0.10  
0.09    0.11    -0.01  
-0.00   -0.00   0.00   
#Transition Function.
-0.10   0.05    0.89   
-0.02   0.05    0.13   
-0.00   -0.00   0.00   
#Transition Function.
-0.00   0.00    0.00   
0.11    0.09    -0.01  
0.76    0.13    -0.08  
#Transition Function.
0.00    -0.00   -0.00  
-0.01   0.10    0.09   
-0.05   -0.12   0.99   
