#Value_Function_Estimate.
70.15   72.73   75.64   78.20   78.29   79.47   77.95   76.60   77.17   79.36   81.90   82.91   82.93   83.04   82.94   83.04   82.88   82.56   80.95   78.84   77.10   76.33   73.60   71.68   69.27   66.01   63.12   60.13   57.22   54.37   51.79   49.90   49.31   49.13   49.09   49.09   49.08   49.08   49.08   49.08   49.08   49.08   49.08   49.08   49.04   48.90   48.45   47.46   45.80   43.65  
72.34   73.74   76.43   79.40   82.23   81.62   78.83   79.62   79.92   80.25   82.51   85.28   86.16   86.05   86.21   86.03   85.86   84.11   81.85   79.91   79.40   76.61   75.00   72.55   69.04   66.18   63.12   60.15   57.21   54.51   52.64   52.25   52.17   52.16   52.15   52.15   52.15   52.15   52.15   52.15   52.15   52.15   52.15   52.12   52.00   51.58   50.58   48.85   46.58   44.12  
74.25   75.79   77.02   80.17   83.24   81.53   78.54   80.21   83.09   83.08   83.15   85.60   88.70   89.38   89.13   89.18   87.25   84.87   82.57   82.47   79.44   78.05   75.95   71.83   69.30   66.14   63.15   60.14   57.36   55.70   55.54   55.52   55.52   55.52   55.52   55.52   55.52   55.52   55.52   55.52   55.52   55.52   55.50   55.39   55.01   54.02   52.21   49.82   47.23   44.84  
74.71   77.93   79.33   80.34   84.04   83.27   79.50   80.38   83.12   86.64   83.86   85.57   88.72   92.18   92.57   90.40   87.86   85.74   82.24   80.84   78.89   77.71   75.64   71.84   69.18   66.20   63.12   60.25   59.08   59.15   59.16   57.64   58.02   59.16   59.17   59.16   59.17   59.16   59.17   59.16   59.16   59.15   59.07   58.72   57.74   55.88   53.37   50.64   48.18   46.18  
74.89   78.34   81.68   82.84   84.43   83.08   81.53   81.34   83.25   85.93   83.54   85.58   88.52   92.27   93.54   90.84   88.78   86.36   83.00   81.15   77.58   76.35   75.03   72.40   69.03   66.11   63.15   61.79   62.67   62.96   64.23   64.31   61.08   63.02   63.02   63.02   63.02   63.02   63.02   63.02   63.01   62.95   62.64   61.70   59.77   57.15   54.29   51.74   49.72   48.17  
74.76   78.89   83.40   87.04   86.40   85.31   83.81   82.40   84.47   86.86   83.36   85.29   87.40   91.02   93.84   91.88   89.46   86.45   83.45   78.38   75.28   72.61   73.16   72.06   69.21   65.99   63.15   64.00   65.84   66.69   67.80   68.39   68.38   66.96   66.97   66.96   66.97   66.96   66.97   66.96   66.92   66.66   65.76   63.78   61.07   58.07   55.39   53.31   51.77   50.51  
74.37   74.07   83.95   87.00   88.15   87.74   84.57   83.36   83.96   83.96   83.40   85.10   87.91   91.41   93.15   92.70   89.55   86.44   83.60   78.89   75.18   71.08   69.65   70.39   68.84   66.09   64.24   65.32   67.69   69.33   71.09   71.79   70.88   70.89   70.88   70.89   70.88   70.89   70.88   70.86   70.65   69.80   67.76   64.99   61.87   59.03   56.82   55.22   53.98   52.72  
70.03   69.50   77.97   86.03   85.40   83.84   82.31   82.01   82.22   80.70   82.22   84.94   88.17   90.44   94.23   92.86   89.58   86.87   83.86   81.27   76.45   72.25   69.97   67.66   67.59   67.43   67.40   65.89   68.32   70.81   72.49   74.50   74.65   74.65   74.66   74.65   74.66   74.65   74.65   74.49   73.72   71.61   68.79   65.60   62.59   60.16   58.44   57.19   56.03   54.41  
71.75   68.67   77.99   82.30   84.86   83.18   78.73   82.66   81.95   79.55   82.26   85.04   87.43   90.61   92.06   93.17   90.44   87.29   84.80   81.48   78.46   73.74   69.44   69.51   70.68   75.20   67.19   66.97   67.97   70.88   75.29   77.48   78.12   78.22   78.21   78.22   78.21   78.22   78.12   77.45   75.24   72.40   69.18   66.04   63.35   61.43   60.14   59.13   57.77   55.28  
73.42   75.01   78.90   82.12   83.88   88.01   83.82   80.74   79.51   80.34   83.34   85.91   87.48   89.27   92.02   94.41   90.95   88.67   85.09   82.03   78.99   76.06   72.90   68.50   66.55   66.07   69.03   65.88   68.40   72.79   76.07   78.91   81.21   81.69   81.75   81.72   81.75   81.68   81.18   78.82   75.91   72.59   69.41   66.47   64.27   62.94   62.15   61.07   58.57   56.02  
74.23   76.94   80.82   80.53   84.07   84.08   84.06   80.59   79.28   81.66   84.20   87.35   89.95   91.34   93.10   95.92   92.83   88.93   85.88   82.79   79.74   77.24   74.64   71.31   66.92   66.52   63.11   66.15   69.67   73.27   76.73   80.00   82.81   85.26   85.48   85.55   85.47   85.22   82.63   79.63   76.00   72.72   69.63   67.15   65.71   65.19   64.45   61.81   59.25   57.09  
74.74   77.71   82.18   79.91   80.81   80.80   80.81   80.41   80.89   83.15   85.56   88.08   91.43   94.14   95.30   97.21   92.81   89.85   86.71   83.53   80.99   78.95   76.97   74.55   69.48   68.92   65.21   67.20   69.90   73.42   77.56   81.08   84.17   86.89   89.60   89.46   89.57   86.63   83.64   79.69   76.13   72.81   70.13   68.67   68.28   67.93   65.04   62.42   60.40   58.06  
74.44   78.27   80.11   78.45   77.55   77.63   78.66   80.75   82.74   84.69   87.01   89.46   91.91   95.54   98.40   96.82   93.85   90.66   87.33   84.75   82.75   80.75   78.65   76.19   73.35   69.43   66.53   67.47   70.19   73.62   77.71   82.02   85.37   88.06   90.74   93.87   90.43   87.56   83.59   79.90   76.16   73.11   71.75   71.45   71.55   68.26   65.56   63.73   61.26   59.51  
74.59   76.18   78.01   76.44   75.12   77.16   80.00   82.46   84.55   86.56   88.48   90.87   93.38   95.69   99.72   98.34   94.63   91.11   88.52   86.56   84.55   82.45   79.97   77.09   73.81   70.31   66.72   67.58   70.35   73.69   77.86   82.02   86.26   89.36   91.84   94.10   91.49   87.28   83.85   79.88   76.46   73.89   74.61   75.15   72.81   68.51   67.11   64.45   62.67   61.55  
72.95   74.68   76.12   74.71   74.18   77.64   80.94   83.79   86.29   88.37   90.41   92.28   94.77   97.34   99.40   98.89   94.89   92.29   90.41   88.36   86.28   83.77   80.86   77.52   73.98   70.37   66.77   67.61   70.45   73.78   77.78   82.20   86.05   90.48   93.47   96.34   90.10   87.62   83.74   80.22   77.47   75.55   76.10   78.09   71.41   71.02   67.71   65.89   64.59   63.79  
71.38   72.79   74.58   73.71   74.37   77.86   81.39   84.75   87.63   90.17   92.21   94.32   96.09   98.70   101.67  98.64   96.08   94.31   92.21   90.16   87.60   84.68   81.26   77.67   74.02   70.39   66.92   67.76   70.45   73.84   77.89   82.03   86.33   90.02   95.07   94.89   91.62   87.37   84.03   81.43   79.57   78.16   76.99   79.56   72.72   70.25   69.48   67.74   66.73   65.69  
69.79   71.71   74.82   72.98   74.73   78.02   81.57   85.17   88.62   91.50   94.11   96.09   98.29   99.90   102.79  99.90   98.29   96.09   94.10   91.48   88.55   85.04   81.40   77.70   74.04   70.47   68.16   68.94   70.81   73.87   77.80   82.25   86.49   89.80   94.21   93.57   90.14   87.59   85.94   84.29   83.11   81.45   80.42   76.58   77.63   73.29   70.91   69.78   68.51   67.83  
68.98   71.58   72.97   75.09   75.35   78.39   81.71   85.33   89.00   92.55   95.42   98.11   99.98   102.35  103.89  102.35  99.98   98.11   95.40   92.48   88.86   85.17   81.41   77.71   74.07   71.77   72.11   72.34   72.72   74.40   77.89   82.21   86.92   91.32   93.87   94.81   91.42   90.84   89.15   88.19   86.37   85.00   84.03   81.20   77.26   74.01   72.97   71.43   70.74   69.88  
71.60   72.16   72.51   75.33   76.78   79.12   82.06   85.44   89.14   92.87   96.54   99.37   102.19  103.89  106.63  103.89  102.19  99.35   96.48   92.73   88.99   85.16   81.43   77.73   74.76   75.82   76.70   76.74   76.94   76.97   78.35   82.33   86.99   91.77   96.61   95.98   95.99   93.96   93.23   91.22   89.77   88.32   88.02   85.88   80.28   76.91   74.50   73.77   72.87   71.41  
74.02   75.37   75.75   75.53   78.32   80.66   82.74   85.78   89.21   93.00   96.78   100.61  103.33  106.38  107.94  106.38  103.32  100.55  96.62   92.86   88.95   85.19   81.44   78.17   78.85   80.36   81.39   82.18   81.95   82.23   81.95   82.60   86.97   91.78   96.74   99.60   98.38   98.06   95.72   94.37   92.98   92.53   92.71   89.16   82.75   78.15   76.99   76.00   74.35   72.88  
75.79   77.83   79.24   80.71   81.89   82.94   84.32   86.39   89.55   93.02   96.91   100.72  104.78  107.29  110.75  107.29  104.73  100.55  96.78   92.79   89.00   85.19   81.96   82.69   83.88   84.89   86.48   87.35   88.17   87.65   88.13   86.68   86.99   91.76   95.07   99.89   102.89  99.71   98.77   96.48   96.45   97.33   94.10   89.87   84.48   80.94   79.38   77.37   75.93   73.69  
76.87   79.63   81.69   83.01   84.54   85.68   86.67   88.02   90.06   93.39   96.87   100.88  104.69  109.06  112.40  109.02  104.48  100.77  96.66   92.86   88.97   86.16   86.83   87.93   88.78   90.03   90.93   92.66   93.36   94.35   92.73   88.52   86.80   90.36   94.54   97.97   98.58   102.52  99.70   98.10   99.12   99.44   94.34   91.49   87.27   83.48   80.54   79.14   76.65   74.37  
76.81   80.79   83.52   85.61   86.78   88.41   89.50   90.44   91.76   93.75   97.31   100.74  104.93  108.65  113.45  108.35  104.84  100.56  96.78   92.79   89.72   90.69   91.98   92.66   93.85   94.61   95.97   96.70   98.68   99.13   95.44   91.26   86.93   89.69   92.97   94.31   98.04   97.19   101.42  101.59  99.04   98.09   95.70   91.72   87.80   84.14   83.62   79.78   77.25   75.74  
76.97   80.51   84.80   87.42   89.57   90.54   92.35   93.37   94.25   95.56   97.45   101.32  103.76  107.30  113.75  104.53  101.58  100.36  96.61   92.86   93.49   95.47   96.40   97.83   98.32   99.67   100.27  101.82  102.27  104.68  98.18   92.58   87.28   87.69   86.99   91.87   93.95   96.75   94.16   100.18  101.55  99.74   95.96   92.22   88.53   83.66   81.10   81.28   78.97   75.61  
76.80   80.75   83.19   89.10   91.29   93.62   94.28   96.37   97.28   98.10   99.64   100.51  99.90   98.84   96.83   95.39   95.30   94.03   95.74   92.63   97.65   100.28  102.50  103.16  104.86  104.93  106.63  106.88  108.80  104.50  98.66   92.72   87.41   83.01   84.12   87.40   91.79   86.70   81.25   76.03   90.63   98.90   96.16   92.91   88.35   83.79   79.67   79.49   77.96   75.82  
78.01   79.77   82.19   88.12   93.41   95.10   97.79   97.95   100.53  101.22  102.33  98.03   94.58   88.75   88.82   91.87   91.34   94.48   91.68   92.42   98.90   104.70  106.80  109.06  109.45  111.37  111.00  113.08  108.48  102.31  98.17   92.97   87.33   82.29   82.00   84.93   82.98   81.74   68.62   69.80   86.58   99.83   97.39   92.56   88.59   83.66   79.55   76.24   76.16   74.86  
78.63   82.60   87.30   91.07   94.86   97.45   98.88   102.14  100.84  105.27  99.21   96.36   93.90   91.57   97.50   100.31  94.92   91.53   92.98   92.33   99.16   105.45  111.64  113.07  115.79  115.57  118.23  112.79  107.17  102.40  96.72   92.50   87.39   82.15   80.23   80.08   80.32   76.35   72.17   72.96   84.61   95.57   95.44   92.82   88.34   83.79   79.44   75.68   73.42   73.07  
80.12   82.87   88.99   93.63   95.67   98.89   101.57  102.57  106.88  102.34  98.94   95.36   92.52   93.21   96.08   95.99   97.17   94.32   90.58   92.25   99.08   105.67  111.87  118.45  118.92  122.38  118.10  112.02  106.69  100.82  96.13   91.24   86.97   82.14   80.96   80.60   79.45   76.90   77.28   78.00   84.22   87.91   92.73   91.27   88.35   83.65   79.52   75.52   72.43   70.66  
81.55   84.48   88.76   95.53   97.75   101.69  102.70  105.85  104.00  101.83  98.30   94.99   91.56   91.88   92.23   93.09   92.80   93.06   92.06   90.56   99.17   105.50  112.15  117.88  125.70  122.22  116.57  112.08  106.33  100.88  95.00   90.61   85.86   83.93   83.61   83.62   79.89   80.23   79.69   79.87   81.82   85.71   89.26   90.37   86.96   83.60   79.40   75.53   72.16   69.46  
82.40   85.85   89.77   93.95   98.91   103.52  106.16  106.41  101.65  99.95   97.70   94.38   91.09   88.44   89.13   89.03   89.20   89.02   89.09   92.31   99.04   105.37  109.09  114.76  106.15  102.09  106.19  108.25  105.74  100.29  94.64   89.70   87.66   87.50   86.43   84.18   84.23   83.03   81.94   80.19   82.06   84.86   86.75   88.95   87.99   82.91   79.21   75.44   72.10   69.04  
82.75   86.47   91.20   94.15   98.93   101.65  104.45  101.79  101.79  97.96   95.98   93.67   90.50   87.33   85.28   85.39   85.29   85.57   88.55   93.57   98.73   103.44  109.94  103.08  100.16  93.92   91.76   100.59  102.14  99.56   94.11   91.42   91.29   91.13   89.18   88.54   86.05   85.14   83.54   82.19   80.90   82.69   84.62   85.11   87.22   83.15   78.69   75.21   72.02   68.93  
82.53   86.93   90.32   94.71   97.81   102.19  99.69   100.05  98.05   97.41   94.19   92.06   89.70   86.65   83.67   81.80   82.50   85.86   91.05   93.76   99.96   104.63  102.65  102.49  111.54  111.19  99.51   99.92   96.78   96.00   95.02   95.09   94.99   94.54   90.89   91.27   88.30   86.86   85.58   84.46   81.94   80.28   80.73   81.91   83.18   84.60   78.16   74.38   71.70   68.79  
82.75   86.42   90.60   93.92   97.64   97.64   97.85   95.99   95.85   94.22   93.20   90.38   88.18   85.78   82.86   80.23   83.61   87.53   90.94   96.95   99.66   98.65   99.99   106.40  107.44  108.02  109.36  100.19  98.36   98.67   98.95   98.83   98.63   96.14   93.98   91.29   89.98   88.69   88.15   85.27   83.99   81.64   78.63   77.52   78.20   79.99   78.22   73.31   70.64   68.35  
82.49   86.56   89.97   93.27   93.71   93.85   93.73   93.67   92.21   91.77   90.35   89.11   86.57   84.33   81.92   81.21   84.69   88.45   93.02   95.95   94.36   95.10   101.47  101.53  104.84  105.52  107.69  104.83  99.95   101.46  102.55  102.75  99.86   98.28   94.89   90.33   92.77   92.06   88.47   87.64   85.35   82.51   80.22   78.61   77.54   75.91   74.62   72.36   69.60   67.25  
82.56   86.02   89.03   89.76   89.91   89.84   89.91   89.82   89.60   88.41   87.78   86.48   85.11   82.75   80.51   81.11   85.68   89.70   93.52   90.25   90.32   95.01   96.96   98.54   107.52  103.22  109.32  106.22  107.06  105.13  106.72  103.47  102.12  100.40  97.77   94.14   89.89   92.52   91.00   88.96   86.21   84.37   83.00   82.12   80.45   78.48   76.33   73.89   71.23   68.60  
82.07   84.90   85.83   86.02   85.99   86.03   85.99   86.03   85.94   85.63   84.61   83.88   82.65   81.19   78.98   81.31   85.30   90.63   87.83   88.01   89.30   91.46   93.00   97.93   101.73  102.86  102.01  110.32  109.31  111.23  106.75  105.92  104.18  103.17  102.48  100.34  95.79   92.51   92.95   90.55   88.42   87.58   86.96   85.15   83.13   80.99   78.50   75.66   72.78   69.85  
80.86   81.93   82.19   82.19   82.22   82.19   82.22   82.19   82.21   82.11   81.75   80.85   80.05   78.86   77.50   81.07   85.26   85.28   85.50   85.00   87.94   90.76   93.68   96.75   101.97  101.06  100.31  105.76  115.87  112.61  111.49  107.90  107.01  106.37  106.26  104.83  104.30  100.34  97.23   92.66   92.32   92.08   90.03   87.90   85.76   83.28   80.37   77.35   74.18   71.09  
78.05   78.38   78.42   78.44   78.42   78.44   78.42   78.44   78.42   78.42   78.30   77.91   77.09   76.14   75.12   77.84   78.42   80.81   81.54   84.22   88.26   92.03   94.49   96.80   99.38   100.38  102.15  107.63  112.46  115.31  114.42  113.06  110.22  110.47  108.70  108.67  106.39  105.58  100.24  97.14   97.46   95.09   92.82   90.62   88.16   85.20   82.16   78.84   75.60   72.24  
74.53   74.60   74.62   74.61   74.62   74.61   74.62   74.61   74.62   74.61   74.59   74.46   73.97   72.09   72.58   69.90   73.70   78.13   80.28   84.19   88.36   92.24   95.96   97.76   99.98   102.25  103.61  105.81  108.22  113.73  117.77  115.27  115.05  111.83  113.08  110.38  110.25  107.77  106.07  102.99  100.28  97.91   95.62   93.12   90.08   87.08   83.66   80.38   76.94   73.08  
70.63   70.65   70.65   70.65   70.65   70.65   70.65   70.65   70.65   70.65   70.68   72.11   73.00   66.91   67.65   64.02   72.02   76.67   80.02   84.22   88.31   92.34   96.01   99.20   100.30  102.95  103.50  106.11  109.82  111.48  116.13  117.40  115.56  117.95  113.46  114.77  111.96  110.92  107.91  105.42  103.15  100.79  98.23   95.01   92.07   88.56   85.28   81.82   77.89   73.50  
66.43   66.43   66.43   66.43   66.43   66.43   66.43   66.43   66.49   66.90   69.43   70.02   67.48   69.50   61.56   67.16   74.30   75.88   79.93   84.18   88.36   92.26   96.15   99.02   101.93  102.86  103.31  106.41  108.68  112.21  112.61  116.40  117.35  117.63  119.57  115.81  115.58  112.52  110.38  108.40  106.10  103.54  100.03  97.14   93.47   90.23   86.80   82.83   78.30   73.64  
61.95   61.95   61.95   61.95   61.95   61.96   61.97   62.10   62.82   66.20   66.18   64.97   64.04   63.28   65.93   70.51   72.31   75.59   79.87   84.21   88.31   92.34   96.01   99.19   100.08  100.92  103.41  105.65  108.61  109.55  112.56  113.14  114.99  118.71  121.28  122.37  118.27  115.05  113.49  111.39  109.04  105.16  102.37  98.40   95.22   91.84   87.84   83.22   78.44   73.67  
57.31   57.31   57.32   57.33   57.35   57.42   57.66   58.78   62.78   64.34   62.06   61.64   60.60   62.40   66.22   68.63   71.50   75.47   79.88   84.18   88.36   92.23   95.94   97.46   98.30   100.48  102.48  105.01  105.98  108.69  109.39  111.26  112.51  115.27  121.08  124.92  122.62  121.04  116.92  114.63  110.35  107.82  103.41  100.27  96.90   92.92   88.19   83.34   78.45   73.68  
52.69   52.76   52.94   53.19   53.68   55.94   56.88   60.54   61.66   59.68   59.80   58.06   58.73   61.52   64.94   67.80   71.27   75.45   79.85   84.20   88.24   91.93   94.03   95.22   96.93   99.00   101.09  102.22  104.47  105.50  107.17  108.64  111.36  115.81  117.57  121.58  129.24  124.45  123.78  117.07  113.57  108.49  105.43  102.03  98.03   93.20   88.30   83.34   78.47   73.67  
48.59   49.29   51.41   53.25   54.94   56.17   59.46   60.28   57.65   57.63   56.18   55.93   58.45   61.68   64.49   67.51   71.19   75.41   79.84   84.05   87.76   90.03   91.39   93.06   95.06   97.03   98.32   100.31  101.52  103.09  104.69  107.36  111.25  113.36  116.89  121.88  123.23  130.17  124.66  121.62  115.06  110.78  107.26  103.22  98.22   93.30   88.28   83.36   78.46   73.68  
46.29   48.90   52.16   53.82   55.64   58.90   58.68   56.72   56.69   54.75   54.32   55.40   58.45   61.30   64.15   67.33   71.09   75.35   79.61   83.38   85.82   87.35   89.00   90.93   92.82   94.22   96.02   97.32   98.84   100.51  103.11  106.57  108.89  112.24  116.69  118.74  123.23  122.73  127.36  121.44  117.68  112.64  108.54  103.28  98.34   93.26   88.31   83.34   78.47   73.67  
46.12   49.18   51.31   55.10   57.02   57.73   56.24   55.69   54.15   53.75   52.57   55.23   58.07   60.90   63.83   67.09   70.92   75.00   78.74   81.31   82.98   84.64   86.51   88.34   89.80   91.47   92.81   94.31   96.02   98.54   101.68  104.10  107.38  111.39  113.90  117.52  117.93  121.06  120.81  123.37  117.94  114.04  108.40  103.43  98.26   93.31   88.28   83.36   78.46   73.68  
46.11   49.18   52.23   54.48   55.15   54.95   55.05   53.88   53.13   51.82   52.08   54.77   57.57   60.43   63.40   66.72   70.37   73.87   76.46   78.22   79.89   81.71   83.49   85.00   86.59   87.95   89.44   91.20   93.65   96.57   99.06   102.25  105.96  108.71  111.83  112.79  115.27  115.64  117.55  117.46  119.79  113.61  108.65  103.29  98.34   93.26   88.31   83.34   78.47   73.67  
46.13   49.29   51.85   52.74   52.70   52.81   52.69   52.62   51.65   50.80   51.46   54.16   56.95   59.78   62.73   65.86   68.93   71.35   73.12   74.78   76.56   78.31   79.85   81.41   82.80   84.30   86.09   88.50   91.32   93.88   97.01   100.52  103.38  106.22  107.54  109.63  110.36  111.91  112.25  113.99  113.61  113.57  108.35  103.43  98.26   93.31   88.28   83.36   78.46   73.68  
46.09   48.99   50.28   50.42   50.49   50.43   50.49   50.41   50.26   49.41   50.71   53.39   56.10   58.80   61.48   64.04   66.16   67.83   69.46   71.20   72.93   74.51   76.06   77.49   79.02   80.85   83.25   86.04   88.71   91.79   95.17   98.07   100.78  102.34  104.20  105.15  106.49  107.07  108.45  108.38  108.60  108.34  107.71  103.15  98.32   93.25   88.31   83.34   78.47   73.67  
