#Value Function.
16.39   16.90   17.33   17.92   17.94   17.96   17.61   17.27   16.90   16.43   15.99   15.60   15.24   15.37   15.40   15.44   15.50   15.52   15.51   15.56   15.52   15.57   15.66   15.63   15.66   15.53   15.52   15.63   15.90   16.12   16.25   16.37   16.50   16.54   16.63   16.74   16.83   16.83   16.84   16.83   16.84   16.82   16.83   16.74   16.63   16.53   16.44   16.36   16.26   16.08  
16.41   16.89   17.42   17.83   18.55   18.13   17.80   17.42   16.93   16.47   16.08   15.64   15.60   15.72   15.88   15.88   15.93   16.00   16.01   15.99   16.07   16.00   15.99   16.19   16.01   16.00   15.99   16.00   16.10   16.40   16.63   16.75   16.88   17.03   17.04   17.15   17.27   17.36   17.34   17.37   17.34   17.36   17.26   17.14   17.04   16.94   16.87   16.77   16.61   16.24  
16.40   16.91   17.39   17.97   18.21   17.89   17.62   17.37   17.02   16.52   16.12   15.68   15.90   16.13   16.26   16.33   16.39   16.44   16.48   16.49   16.49   16.49   16.50   16.49   16.50   16.49   16.50   16.49   16.49   16.56   16.92   17.15   17.26   17.40   17.46   17.56   17.67   17.80   17.90   17.86   17.90   17.79   17.66   17.55   17.46   17.39   17.33   17.15   16.75   16.35  
16.41   16.89   17.42   17.76   17.91   17.67   17.38   17.12   17.00   16.61   16.13   15.76   16.10   16.42   16.64   16.77   16.84   16.89   16.96   17.00   17.00   17.01   17.00   17.01   17.00   17.01   17.00   17.00   16.97   16.92   17.04   17.47   17.69   17.80   17.90   17.99   18.09   18.20   18.34   18.46   18.34   18.19   18.09   17.98   17.91   17.87   17.64   17.26   16.86   16.46  
16.39   16.89   17.23   17.37   17.54   17.38   17.15   16.87   16.74   16.59   16.25   15.76   16.19   16.61   16.95   17.17   17.29   17.36   17.42   17.48   17.53   17.52   17.53   17.52   17.53   17.52   17.53   17.49   17.44   17.42   17.42   17.52   18.03   18.26   18.34   18.44   18.53   18.63   18.75   18.89   18.73   18.63   18.52   18.44   18.43   18.12   17.78   17.37   16.97   16.59  
16.37   16.71   16.87   17.02   17.22   17.11   16.88   16.65   16.53   16.27   16.10   15.96   16.23   16.70   17.14   17.48   17.71   17.83   17.89   17.95   18.02   18.07   18.06   18.08   18.06   18.07   18.03   17.97   17.95   17.96   17.94   17.92   18.00   18.47   18.76   18.90   18.99   19.08   19.19   19.30   19.19   19.08   18.99   18.98   18.63   18.33   17.89   17.49   17.10   16.73  
16.20   16.38   16.53   16.72   17.13   16.78   16.61   16.39   16.18   16.15   15.82   15.76   16.24   16.74   17.23   17.68   18.04   18.27   18.38   18.44   18.50   18.58   18.63   18.60   18.63   18.59   18.51   18.49   18.51   18.49   18.49   18.36   18.08   18.54   18.99   19.32   19.48   19.56   19.65   19.77   19.65   19.55   19.51   19.18   18.90   18.43   18.02   17.61   17.25   16.85  
15.89   16.06   16.34   16.61   16.95   16.63   16.31   16.12   15.91   15.73   15.81   15.75   16.24   16.74   17.26   17.76   18.24   18.60   18.84   18.94   19.00   19.05   19.15   19.21   19.15   19.07   19.05   19.07   19.05   19.06   18.93   18.65   18.23   18.46   19.05   19.46   19.93   20.06   20.15   20.23   20.13   20.05   19.74   19.50   18.98   18.57   18.14   17.78   17.38   16.97  
15.60   15.86   16.10   16.45   16.79   16.46   16.14   15.84   15.65   15.45   15.35   15.76   16.24   16.75   17.26   17.79   18.31   18.81   19.19   19.43   19.52   19.57   19.63   19.75   19.62   19.60   19.66   19.61   19.66   19.53   19.23   18.80   18.28   18.48   18.94   19.56   19.99   20.58   20.66   20.75   20.58   20.33   19.87   19.53   19.14   18.68   18.33   17.90   17.50   17.04  
15.38   15.64   15.93   16.28   16.51   16.35   15.98   15.67   15.39   15.19   15.36   15.78   16.25   16.75   17.26   17.79   18.33   18.88   19.39   19.79   20.03   20.12   20.16   20.22   20.16   20.21   20.18   20.27   20.14   19.83   19.39   18.84   18.31   18.40   18.98   19.47   20.05   20.57   21.27   21.15   20.98   20.41   20.01   19.72   19.22   18.89   18.44   18.04   17.56   17.09  
15.17   15.45   15.74   16.06   16.37   16.07   15.86   15.52   15.22   15.05   15.43   15.83   16.27   16.75   17.26   17.79   18.34   18.89   19.45   20.00   20.40   20.66   20.72   20.76   20.74   20.77   20.83   20.75   20.45   19.99   19.42   18.87   18.32   18.41   18.91   19.46   19.98   20.62   21.19   21.41   20.98   20.55   20.27   19.77   19.48   18.99   18.60   18.10   17.62   17.10  
14.99   15.23   15.55   15.98   16.26   15.89   15.61   15.38   15.06   15.14   15.52   15.92   16.32   16.77   17.27   17.79   18.34   18.89   19.47   20.04   20.62   21.03   21.30   21.34   21.34   21.34   21.38   21.07   20.61   20.00   19.44   18.88   18.32   18.36   18.89   19.41   20.01   20.54   20.80   21.19   21.10   20.88   20.26   20.09   19.54   19.17   18.64   18.16   17.63   17.14  
14.78   15.04   15.48   15.73   15.83   15.75   15.43   15.15   14.92   15.22   15.61   16.01   16.41   16.83   17.29   17.80   18.34   18.90   19.46   20.06   20.65   21.26   21.68   21.97   21.93   21.98   21.72   21.25   20.59   20.03   19.45   18.88   18.32   18.34   18.85   19.42   19.92   20.21   20.53   20.52   20.68   20.69   20.75   20.10   19.78   19.19   18.71   18.16   17.67   17.14  
14.60   14.96   15.25   15.48   15.47   15.38   15.26   14.97   14.84   15.28   15.70   16.10   16.51   16.92   17.34   17.81   18.34   18.89   19.47   20.05   20.66   21.26   21.93   22.34   22.63   22.32   21.91   21.20   20.63   20.04   19.45   18.88   18.32   18.30   18.84   19.32   19.62   19.90   19.94   20.07   20.10   20.18   20.30   20.41   19.75   19.29   18.70   18.21   17.66   17.20  
14.50   14.75   15.00   15.22   15.14   15.13   14.93   14.79   14.86   15.31   15.76   16.19   16.60   17.02   17.44   17.87   18.35   18.90   19.46   20.06   20.65   21.29   21.88   22.62   23.08   22.61   21.79   21.25   20.64   20.04   19.45   18.88   18.32   18.28   18.73   19.05   19.30   19.37   19.48   19.52   19.60   19.73   19.98   19.97   19.89   19.24   18.78   18.18   17.73   17.25  
14.30   14.52   14.78   15.03   14.80   14.83   14.79   14.51   14.87   15.33   15.80   16.25   16.70   17.12   17.55   17.98   18.41   18.90   19.47   20.05   20.66   21.26   21.93   22.41   23.00   22.56   21.83   21.26   20.64   20.04   19.45   18.88   18.32   18.17   18.48   18.72   18.81   18.90   18.96   19.04   19.17   19.39   19.54   19.58   19.72   19.32   18.69   18.27   17.80   17.21  
14.08   14.30   14.56   14.70   14.62   14.43   14.39   14.44   14.87   15.34   15.81   16.29   16.76   17.22   17.64   18.09   18.53   18.96   19.47   20.06   20.65   21.27   21.78   22.38   22.72   22.33   21.90   21.22   20.63   20.04   19.45   18.88   18.32   17.93   18.15   18.26   18.35   18.41   18.49   18.63   18.87   19.07   19.04   19.23   19.60   19.15   18.73   18.15   17.73   17.25  
13.87   14.08   14.25   14.45   14.37   14.18   14.05   14.41   14.86   15.34   15.82   16.31   16.80   17.28   17.75   18.18   18.64   19.09   19.52   20.05   20.64   21.17   21.82   22.24   22.42   21.98   21.67   21.24   20.61   20.03   19.45   18.88   18.32   17.79   17.72   17.81   17.87   17.96   18.11   18.44   18.57   18.51   18.69   19.02   19.46   19.07   18.60   18.16   17.63   17.19  
13.65   13.83   14.03   14.34   14.19   13.94   14.00   14.42   14.87   15.34   15.82   16.31   16.81   17.33   17.81   18.31   18.73   19.22   19.67   20.10   20.56   21.18   21.75   21.98   22.12   21.67   21.34   21.03   20.60   20.01   19.44   18.88   18.32   17.78   17.31   17.35   17.44   17.60   17.95   18.08   17.99   18.16   18.47   18.87   19.05   18.92   18.51   18.05   17.62   17.11  
13.41   13.62   13.90   14.13   14.01   13.77   14.06   14.45   14.88   15.34   15.82   16.31   16.82   17.33   17.86   18.36   18.88   19.29   19.80   20.27   20.70   21.12   21.71   21.93   21.73   21.35   21.04   20.72   20.40   19.98   19.42   18.87   18.32   17.78   17.26   16.93   17.10   17.42   17.73   17.52   17.64   17.94   18.32   18.73   18.70   18.76   18.37   17.96   17.52   17.08  
13.21   13.48   13.69   13.77   13.74   13.80   14.15   14.50   14.90   15.35   15.82   16.31   16.82   17.34   17.86   18.42   18.92   19.46   19.85   20.41   20.88   21.32   21.73   21.34   21.24   21.02   20.73   20.42   20.12   19.80   19.37   18.85   18.31   17.77   17.25   16.76   16.90   17.17   17.14   17.18   17.42   17.79   18.22   18.25   18.40   18.27   18.17   17.82   17.42   17.00  
13.06   13.26   13.35   13.40   13.55   13.91   14.26   14.60   14.96   15.36   15.82   16.31   16.82   17.34   17.88   18.41   18.99   19.48   20.08   20.42   21.04   21.51   21.13   21.03   20.72   20.59   20.40   20.12   19.82   19.53   19.20   18.79   18.29   17.76   17.24   16.73   16.63   16.64   16.69   16.93   17.34   17.73   17.81   17.88   18.07   17.90   17.84   17.63   17.29   16.90  
12.84   12.95   13.01   13.20   13.59   14.00   14.37   14.72   15.05   15.42   15.84   16.32   16.82   17.34   17.87   18.43   18.96   19.58   20.05   20.72   20.99   21.17   20.84   20.53   20.37   20.13   20.07   19.80   19.53   19.24   18.95   18.63   18.22   17.74   17.23   16.73   16.27   16.22   16.47   16.98   17.23   17.33   17.54   17.55   17.62   17.50   17.39   17.44   17.11   16.76  
12.56   12.72   12.99   13.28   13.62   14.06   14.46   14.83   15.19   15.52   15.90   16.33   16.82   17.34   17.88   18.41   18.99   19.53   20.19   20.38   20.70   20.84   20.55   20.24   20.09   19.78   19.60   19.52   19.22   18.95   18.67   18.38   18.06   17.67   17.20   16.71   16.23   16.00   16.45   16.71   16.89   17.04   17.03   17.10   17.19   17.17   17.00   16.89   16.88   16.59  
12.57   12.86   13.14   13.41   13.71   14.12   14.53   14.92   15.30   15.67   16.00   16.39   16.83   17.34   17.87   18.43   18.96   19.56   19.89   20.22   20.55   20.36   20.22   19.95   19.67   19.49   19.21   19.14   18.94   18.66   18.39   18.12   17.83   17.52   17.13   16.68   16.21   15.94   16.21   16.45   16.50   16.60   16.60   16.67   16.86   16.68   16.62   16.50   16.40   16.34  
12.67   12.98   13.28   13.57   13.84   14.20   14.58   14.99   15.40   15.78   16.17   16.49   16.90   17.34   17.88   18.40   18.95   19.31   19.66   20.03   20.18   19.94   19.84   19.62   19.36   19.10   18.90   18.67   18.68   18.39   18.11   17.84   17.58   17.30   16.99   16.61   16.18   15.74   15.95   16.12   16.08   16.11   16.19   16.35   16.55   16.35   16.29   16.13   16.01   15.91  
12.77   13.09   13.41   13.72   14.00   14.34   14.65   15.05   15.46   15.89   16.27   16.68   16.99   17.42   17.86   18.37   18.74   19.09   19.50   19.91   19.65   19.57   19.37   19.32   19.05   18.79   18.54   18.34   18.15   18.27   17.86   17.57   17.31   17.05   16.78   16.47   16.10   15.68   15.65   15.89   15.76   15.71   15.87   16.05   16.20   16.05   15.88   15.89   15.66   15.53  
12.85   13.19   13.52   13.84   14.18   14.52   14.79   15.12   15.53   15.94   16.39   16.78   17.21   17.50   17.95   18.27   18.82   19.14   19.69   19.47   19.41   19.11   18.98   18.85   18.78   18.49   18.24   18.00   17.80   17.67   17.68   17.34   17.05   16.79   16.54   16.27   15.96   15.60   15.40   15.53   15.45   15.39   15.56   15.71   15.86   15.72   15.57   15.48   15.39   15.19  
12.93   13.28   13.61   13.95   14.34   14.69   14.98   15.26   15.59   16.01   16.44   16.91   17.29   17.76   18.01   18.53   18.79   19.43   19.23   19.10   18.92   18.90   18.59   18.43   18.39   18.22   17.94   17.70   17.47   17.28   17.16   17.11   16.82   16.54   16.29   16.04   15.77   15.47   15.14   15.02   15.06   15.09   15.26   15.55   15.50   15.38   15.24   15.09   15.01   14.91  
13.00   13.36   13.71   14.05   14.44   14.80   15.16   15.46   15.74   16.08   16.51   16.94   17.45   17.81   18.34   18.52   19.14   18.93   18.83   18.67   18.53   18.38   18.30   18.05   17.91   17.95   17.68   17.41   17.17   16.95   16.77   16.65   16.57   16.31   16.04   15.79   15.55   15.28   14.99   14.74   14.69   14.81   15.08   15.40   15.11   15.03   14.90   14.75   14.64   14.55  
13.07   13.43   13.79   14.15   14.54   14.90   15.27   15.64   15.95   16.25   16.57   17.02   17.45   18.01   18.32   18.95   18.69   18.55   18.37   18.26   18.12   17.97   17.95   17.75   17.52   17.41   17.42   17.15   16.89   16.66   16.44   16.27   16.15   16.05   15.81   15.56   15.31   15.18   15.17   15.16   15.15   15.14   15.12   15.09   15.07   15.04   14.98   14.85   14.67   14.45  
13.15   13.50   13.86   14.25   14.65   15.01   15.37   15.75   16.14   16.48   16.75   17.07   17.56   17.97   18.60   18.55   18.37   18.15   17.99   17.83   17.72   17.58   17.48   17.40   17.22   17.01   16.95   16.97   16.65   16.39   16.16   15.95   15.78   15.67   15.64   15.64   15.64   15.64   15.64   15.64   15.62   15.60   15.57   15.54   15.52   15.46   15.33   15.14   14.92   14.65  
13.28   13.57   13.93   14.35   14.73   15.12   15.48   15.86   16.24   16.65   17.00   17.26   17.57   18.11   18.22   18.06   17.99   17.82   17.61   17.46   17.30   17.19   17.05   16.96   16.87   16.70   16.51   16.46   16.56   16.17   16.13   16.12   16.13   16.12   16.13   16.12   16.13   16.12   16.12   16.12   16.08   16.05   16.03   16.00   15.95   15.82   15.62   15.39   15.12   14.79  
13.34   13.73   14.03   14.42   14.81   15.19   15.60   15.96   16.35   16.74   17.18   17.53   17.78   18.09   17.70   17.67   17.53   17.44   17.28   17.09   16.94   16.79   16.65   16.54   16.45   16.38   16.49   16.56   16.60   16.62   16.62   16.62   16.62   16.62   16.62   16.62   16.62   16.62   16.62   16.60   16.55   16.53   16.51   16.46   16.32   16.11   15.88   15.60   15.27   14.88  
13.41   13.77   14.14   14.50   14.87   15.28   15.67   16.10   16.45   16.86   17.25   17.73   18.09   17.54   17.51   17.20   17.13   17.01   16.91   16.76   16.58   16.42   16.27   16.15   16.45   16.72   16.89   17.01   17.07   17.11   17.13   17.13   17.14   17.13   17.14   17.13   17.14   17.13   17.12   17.08   17.03   17.02   16.98   16.83   16.62   16.38   16.10   15.75   15.36   14.93  
13.50   13.85   14.21   14.59   14.96   15.34   15.76   16.15   16.61   16.95   17.39   17.81   17.51   17.49   17.07   16.96   16.71   16.61   16.50   16.40   16.25   16.07   15.99   16.18   16.61   16.97   17.24   17.42   17.53   17.60   17.64   17.66   17.65   17.66   17.65   17.66   17.65   17.65   17.60   17.59   17.55   17.51   17.35   17.14   16.89   16.60   16.26   15.84   15.41   14.98  
13.59   13.93   14.29   14.66   15.06   15.43   15.81   16.26   16.65   17.15   17.49   17.35   17.25   17.02   16.93   16.58   16.44   16.22   16.11   16.00   15.90   15.75   15.72   16.21   16.69   17.13   17.50   17.78   17.96   18.07   18.14   18.17   18.20   18.19   18.20   18.19   18.19   18.13   18.12   18.11   18.06   17.89   17.67   17.41   17.12   16.77   16.33   15.89   15.45   15.02  
13.71   14.02   14.38   14.75   15.12   15.54   15.92   16.29   16.78   17.16   17.05   16.93   16.83   16.72   16.52   16.39   16.10   15.93   15.74   15.62   15.52   15.41   15.73   16.22   16.71   17.20   17.67   18.05   18.33   18.51   18.63   18.69   18.73   18.76   18.73   18.75   18.67   18.67   18.66   18.63   18.44   18.21   17.94   17.66   17.30   16.84   16.38   15.94   15.49   15.06  
13.79   14.16   14.47   14.84   15.22   15.59   16.03   16.42   16.80   16.82   16.74   16.53   16.43   16.32   16.20   16.03   15.88   15.62   15.45   15.27   15.15   15.27   15.71   16.22   16.72   17.23   17.74   18.22   18.61   18.90   19.08   19.20   19.26   19.29   19.34   19.22   19.24   19.22   19.21   19.01   18.76   18.49   18.20   17.85   17.36   16.88   16.43   15.97   15.54   15.09  
13.92   14.23   14.62   14.91   15.31   15.70   16.07   16.54   16.33   16.45   16.46   16.24   16.05   15.93   15.83   15.71   15.54   15.38   15.15   14.98   14.84   15.26   15.73   16.22   16.72   17.23   17.76   18.28   18.79   19.19   19.49   19.66   19.78   19.84   19.78   19.83   19.79   19.82   19.59   19.34   19.06   18.76   18.41   17.89   17.40   16.94   16.47   16.02   15.57   15.14  
13.98   14.38   14.67   15.11   15.37   15.79   16.19   16.00   16.01   16.06   16.14   15.96   15.75   15.57   15.45   15.34   15.22   15.07   14.90   14.69   14.80   15.26   15.73   16.22   16.72   17.24   17.76   18.30   18.84   19.37   19.78   20.09   20.26   20.38   20.28   20.25   20.45   20.18   19.92   19.63   19.33   19.00   18.43   17.92   17.47   16.97   16.52   16.05   15.62   15.19  
14.13   14.42   14.85   15.11   15.61   15.83   15.66   15.68   15.65   15.73   15.84   15.65   15.47   15.27   15.10   14.98   14.87   14.75   14.60   14.44   14.79   15.26   15.73   16.22   16.72   17.24   17.76   18.30   18.86   19.41   19.97   20.39   20.71   20.87   20.80   20.91   20.78   20.52   20.22   19.93   19.55   19.01   18.46   18.01   17.49   17.04   16.54   16.10   15.68   15.22  
14.14   14.61   14.85   15.35   15.45   15.30   15.32   15.20   15.37   15.36   15.54   15.35   15.17   15.00   14.81   14.64   14.52   14.41   14.29   14.35   14.79   15.26   15.73   16.22   16.72   17.24   17.76   18.31   18.85   19.43   19.99   20.59   21.01   21.34   21.40   21.41   21.14   20.82   20.55   20.03   19.55   19.00   18.63   18.01   17.57   17.04   16.60   16.17   15.70   15.22  
14.15   14.59   15.11   15.17   14.95   14.96   14.85   14.98   14.93   15.04   15.11   15.05   14.88   14.71   14.53   14.35   14.19   14.07   13.97   14.34   14.79   15.26   15.73   16.22   16.72   17.24   17.76   18.30   18.86   19.42   20.02   20.58   21.23   21.65   22.04   21.80   21.42   21.12   20.46   20.11   19.54   19.15   18.54   18.06   17.55   17.10   16.68   16.19   15.70   15.22  
14.13   14.55   14.71   14.66   14.68   14.51   14.53   14.59   14.58   14.65   14.72   14.65   14.58   14.42   14.25   14.08   13.91   13.76   13.91   14.34   14.79   15.26   15.73   16.22   16.72   17.24   17.76   18.31   18.85   19.43   20.00   20.63   21.18   21.90   22.39   22.07   21.59   20.96   20.51   19.91   19.51   19.07   18.61   18.03   17.60   17.21   16.69   16.19   15.70   15.22  
14.07   14.23   14.22   14.25   14.22   14.19   14.17   14.14   14.20   14.26   14.33   14.26   14.20   14.12   13.97   13.81   13.64   13.51   13.90   14.34   14.79   15.26   15.73   16.22   16.72   17.24   17.76   18.30   18.86   19.42   20.02   20.59   21.26   21.76   22.32   21.95   21.41   20.96   20.38   19.90   19.35   18.94   18.56   18.16   17.57   17.19   16.69   16.19   15.70   15.22  
13.77   13.78   13.80   13.78   13.84   13.78   13.75   13.76   13.82   13.88   13.95   13.88   13.82   13.76   13.67   13.53   13.38   13.47   13.90   14.34   14.79   15.26   15.73   16.22   16.72   17.24   17.76   18.31   18.85   19.43   20.00   20.62   21.13   21.63   21.77   21.64   21.46   20.82   20.34   19.79   19.31   18.80   18.38   18.02   17.75   17.16   16.68   16.19   15.70   15.22  
13.35   13.37   13.36   13.41   13.50   13.41   13.35   13.39   13.45   13.52   13.59   13.50   13.45   13.39   13.32   13.24   13.11   13.47   13.90   14.34   14.79   15.26   15.73   16.22   16.72   17.24   17.76   18.30   18.86   19.42   20.01   20.51   20.96   21.12   21.09   21.12   21.01   20.79   20.22   19.74   19.22   18.74   18.25   17.85   17.49   17.19   16.65   16.18   15.70   15.22  
12.94   12.95   12.99   13.08   13.22   13.08   12.99   13.03   13.09   13.16   13.20   13.23   13.09   13.03   12.97   12.90   13.05   13.47   13.90   14.34   14.79   15.26   15.73   16.22   16.72   17.24   17.76   18.31   18.85   19.41   19.91   20.32   20.49   20.49   20.51   20.49   20.50   20.39   20.14   19.64   19.16   18.66   18.19   17.72   17.32   16.98   16.65   16.15   15.69   15.22  
12.54   12.58   12.67   12.77   12.74   12.77   12.67   12.68   12.74   12.78   12.81   12.79   12.79   12.68   12.61   12.67   13.04   13.46   13.89   14.33   14.79   15.25   15.73   16.22   16.72   17.23   17.76   18.29   18.83   19.31   19.69   19.87   19.89   19.90   19.89   19.90   19.89   19.88   19.77   19.52   19.06   18.59   18.10   17.64   17.20   16.81   16.47   16.12   15.66   15.20  
