#Value Function.
70.0859 70.3356 70.9319 71.7658 72.8173 73.7722 74.4331 74.9526 75.4877 75.9934 76.1347 75.6276 75.3973 74.9728 74.9012 74.8788 74.8748 74.8616 74.8596 74.8516 74.8503 74.8502 74.8657 74.9326 74.9643 74.9502 75.1641 75.4813 75.7109 77.0636 77.3346 77.1686 77.0773 76.9042 76.9257 76.5840 76.1478 75.9826 75.7260 75.8516 75.5772 74.6138 74.1892 73.5186 72.5604 71.4579 70.2995 69.1208 67.9441 67.5729
68.1162 71.9044 72.2193 73.1429 74.2394 75.1655 75.7559 76.1234 76.5389 76.6777 76.6424 76.3640 76.3029 76.0756 76.0715 76.0543 76.0543 76.0384 76.0395 76.0296 76.0302 76.0302 76.0496 76.1290 76.1505 76.1261 76.2739 76.4844 76.5637 78.2131 78.1825 78.0785 77.9994 77.9442 78.0019 77.6896 77.2267 77.1321 76.8451 77.0695 76.6847 75.5606 75.2877 74.5396 73.5176 72.3857 71.2163 70.0337 68.8579 67.6896
69.2979 73.4002 72.9390 73.3602 74.3775 75.5111 76.4283 76.9702 77.2930 77.4755 77.4898 77.4707 77.2436 77.2386 77.2212 77.2216 77.1984 77.2054 77.1912 77.1942 77.1925 77.2009 77.3023 77.3251 77.2769 77.3346 77.4416 77.4769 77.6578 78.9434 79.0232 78.9760 79.0073 78.9006 78.8442 78.8353 78.7566 78.1656 78.3387 77.8904 77.2014 76.5266 75.7410 74.6882 73.5424 72.3688 71.1825 70.0061 68.8408 67.6731
70.7797 75.1420 74.4665 73.9544 74.5189 75.6251 76.7893 77.6931 78.1782 78.3460 78.3998 78.4090 78.4070 78.3891 78.3885 78.3652 78.3736 78.3513 78.3590 78.3543 78.3648 78.3725 78.5057 78.4190 78.5074 78.5101 78.5216 78.6123 78.6330 79.6728 79.8922 79.9549 79.8740 79.8119 79.6896 79.6427 79.6502 79.6098 79.0936 78.3523 77.6942 76.9414 75.8556 74.6972 73.5212 72.3307 71.1539 69.9906 68.8266 67.6652
70.6718 75.2915 76.5888 75.4531 74.9602 75.7019 76.8839 78.0734 78.9600 79.3903 79.5117 79.5553 79.5581 79.5568 79.5332 79.5404 79.5291 79.5255 79.5150 79.5289 79.5369 79.5404 79.5468 79.6881 79.6717 79.6883 79.6806 79.6761 79.7613 80.4346 80.7495 80.8140 80.7583 80.6696 80.6204 80.4730 80.4427 80.2953 79.4907 78.8568 78.1547 77.0193 75.8499 74.6740 73.4783 72.3012 71.1406 69.9769 68.8580 67.6981
66.6189 69.7295 77.7880 77.8539 76.3747 75.9650 76.9166 78.1496 79.3636 80.2278 80.5950 80.6699 80.7110 80.7056 80.7078 80.6909 80.6912 80.6739 80.6936 80.7015 80.7037 80.7103 80.7180 80.7546 80.8567 80.8433 80.8409 80.8284 80.8259 81.2273 81.4935 81.6968 81.6093 81.5645 81.4615 81.4354 81.2475 80.2048 80.0114 79.3881 78.1757 77.0002 75.8279 74.6250 73.4480 72.2905 71.1301 70.0087 68.8591 67.8668
70.7358 74.5202 78.5263 79.0215 79.1647 77.1992 76.9867 78.1690 79.4157 80.6616 81.4958 81.7908 81.8198 81.8690 81.8503 81.8594 81.8302 81.8594 81.8664 81.8664 81.8748 81.8765 81.9178 81.9598 82.0043 82.0068 81.9891 81.9943 81.9610 81.8153 82.3379 82.5533 82.5015 82.4012 82.3755 82.2464 80.8549 80.8223 80.6533 79.3186 78.1483 76.9842 75.7702 74.5950 73.4358 72.3091 71.1652 70.0128 70.1129 69.0243
75.3896 79.6177 79.3917 79.5486 80.2939 80.5391 77.8775 78.2553 79.4477 80.6753 81.9718 82.7626 82.9758 82.9610 83.0322 82.9822 83.0272 83.0318 83.0280 83.0410 83.0330 83.0818 83.1234 83.1690 83.1713 83.1483 83.1588 83.1584 82.9015 82.9083 82.9172 83.4561 83.3437 83.3110 83.1870 82.2394 81.8422 81.6240 80.4370 79.2952 78.1444 76.9128 75.7431 74.5794 73.4625 72.3161 71.1832 71.4052 70.6723 69.5373
77.3332 81.1074 80.4465 80.2752 80.5739 81.6104 82.0049 78.3117 79.5265 80.7404 81.9218 83.3012 84.0244 84.1483 84.1266 84.1983 84.1977 84.1875 84.2106 84.1858 84.2478 84.2854 84.3408 84.3367 84.3135 84.3237 84.3267 84.2964 84.0900 84.0401 84.0595 84.0063 84.3327 84.1125 83.2701 82.9075 82.5863 81.4013 80.4440 79.3113 78.0509 76.8914 75.7319 74.6110 73.4618 73.4201 72.7394 71.8632 70.8957 69.7452
78.1264 81.7551 81.6049 81.1927 81.1736 81.5949 82.9767 83.6094 79.5992 80.7984 82.0753 83.3407 84.6181 85.2839 85.3021 85.3646 85.3428 85.3863 85.3324 85.4174 85.4448 85.5133 85.5149 85.4814 85.4886 85.4914 85.4871 85.2774 85.2274 85.2464 85.1732 85.2217 85.1027 83.7325 83.6899 83.5254 82.3812 81.4103 80.2967 79.1825 78.0348 76.9183 75.7680 74.6148 74.6940 73.9282 73.0309 72.0610 71.0082 69.8485
78.2167 81.8376 82.1714 82.0924 82.1310 82.1834 82.7138 84.3720 85.2968 80.9392 82.2011 83.4382 84.5819 85.9584 86.5370 86.5468 86.5732 86.4678 86.5943 86.5991 86.6896 86.6805 86.6697 86.6529 86.6563 86.6517 86.6411 86.4107 86.4348 86.3603 86.4108 86.2960 85.9743 85.0954 84.8372 83.6913 82.4335 81.2844 80.3397 79.1818 78.0545 76.9147 75.7894 76.0089 75.1049 74.1949 73.2266 72.1690 71.0538 69.8896
77.7963 81.3465 82.3286 82.7136 83.0870 83.1827 83.3055 83.8007 85.8039 87.0810 86.8334 83.4743 84.7686 85.9300 87.3069 87.7697 87.5834 87.7837 87.7520 87.8275 87.8435 87.8378 87.8124 87.8212 87.8162 87.8051 87.7915 87.6255 87.5414 87.6009 87.4822 87.2110 86.3869 86.1336 84.9878 83.7418 82.5619 81.3330 81.4288 79.4441 78.1125 78.3417 77.3805 76.2576 75.3558 74.3934 73.3300 72.2084 71.0665 69.9027
77.4172 81.1640 81.8458 82.9629 83.7543 84.1989 84.3470 84.4222 84.8420 87.2841 88.4706 88.2503 84.8207 86.1200 87.2900 88.6658 88.9959 88.8938 89.0023 89.0108 89.0042 88.9798 88.9873 88.9808 88.9693 88.9540 88.9470 88.7212 88.7952 88.6593 88.4438 87.6998 87.4309 86.2846 85.0383 83.8597 82.6357 82.7823 81.6443 80.2532 79.7189 78.5700 77.3662 76.5169 75.5623 74.4911 73.3628 72.2155 71.0817 69.9173
76.4632 80.5844 81.7867 82.8721 84.0331 85.0486 85.3979 85.5089 85.5371 85.8173 88.8883 89.8086 89.6929 86.1817 87.5000 88.7610 90.0145 90.1851 90.1770 90.1693 90.1612 90.1534 90.1451 90.1339 90.1153 90.1139 90.0851 89.9960 89.8327 89.6223 89.2933 88.7258 87.5780 86.3347 85.8334 84.0775 84.1444 83.0049 81.7033 80.9846 79.7424 78.4481 77.6863 76.7343 75.6519 74.5171 73.3630 72.2330 71.0926 69.9287
76.2413 80.5409 81.5977 82.8459 84.0202 85.3288 86.3533 86.5773 86.6722 86.6568 86.6891 90.6876 91.0308 91.1944 91.0979 88.8933 90.2901 91.3404 91.3329 91.3247 91.3170 91.3088 91.2994 91.2750 91.2809 91.2571 91.1711 91.0001 90.7999 90.4818 89.9653 88.8587 87.6264 87.0572 86.1240 85.4936 84.3532 83.0622 82.2303 80.9195 79.4936 78.8717 77.9089 76.8115 75.6718 74.5083 73.3855 72.2418 71.1078 69.9435
76.1270 80.5455 81.6939 82.8425 84.1215 85.2571 86.6367 87.6714 87.7273 87.8433 87.9382 91.3927 91.8974 92.2244 92.3805 92.4646 92.4949 92.4955 92.4881 92.4806 92.4723 92.4648 92.4565 92.4485 92.4291 92.3488 92.1641 91.9776 91.6701 91.1664 90.3650 89.2753 88.2932 87.2077 86.7256 85.5995 84.6938 83.4628 82.1171 80.4831 80.0861 79.0846 77.9693 76.8256 75.6623 74.5401 73.3900 72.2590 71.1192 69.9553
76.1577 80.5928 81.8128 82.9449 84.0825 85.4096 86.6742 87.9189 89.0166 89.0782 89.3339 91.9478 92.6181 93.1053 93.4155 93.5450 93.6250 93.6473 93.6440 93.6357 93.6285 93.6198 93.6128 93.6001 93.5311 93.3228 93.1562 92.8579 92.3688 91.5735 90.4169 89.3879 88.7808 87.9598 86.9797 85.9000 84.6468 83.1880 82.3454 81.3519 80.2563 79.1246 77.9783 76.8179 75.6943 74.5441 73.4128 72.2689 71.1342 69.9699
76.1752 80.6127 81.8581 83.0822 84.1929 85.4613 86.7054 87.9341 89.1990 90.3759 91.4459 92.3865 93.1806 93.8436 94.3111 94.6062 94.7040 94.7865 94.7982 94.7921 94.7830 94.7764 94.7689 94.7214 94.4729 94.3371 94.0446 93.5726 92.7830 91.6268 90.4561 89.9716 89.1402 88.1463 87.0720 85.8544 84.2174 83.5236 82.5214 81.4131 80.2781 79.1258 77.9972 76.8531 75.7003 74.5675 73.4231 72.2876 71.1465 69.9829
76.1653 80.6052 81.8814 83.1221 84.3553 85.5710 86.7184 87.8450 89.2189 90.4691 91.6415 92.7030 93.6329 94.4112 95.0703 95.5140 95.7978 95.8554 95.9515 95.9461 95.9402 95.9323 95.9258 95.6086 95.5234 95.2289 94.7787 93.9931 92.8394 91.6663 91.1880 90.3213 89.3117 88.2295 87.1132 85.1799 84.7320 83.6919 82.5679 81.4323 80.2714 79.1483 78.0049 76.8713 75.7285 74.5802 73.4427 72.3008 71.1633 69.9994
76.1071 80.5319 81.8852 83.1480 84.3845 85.6189 86.8381 87.9717 89.1305 90.5051 91.7361 92.9078 93.9593 94.8789 95.6387 96.2994 96.7122 96.9925 96.9955 96.9899 96.9846 96.9787 96.9700 96.7208 96.4084 95.9881 95.2040 94.0489 92.9542 92.4126 91.4987 90.4757 89.3862 88.2663 87.1329 85.9958 84.8583 83.7204 82.5828 81.4460 80.3059 79.1537 78.0220 76.8823 75.7464 74.6044 73.4586 72.3189 71.1780 70.0144
76.1217 80.5499 81.7826 83.1732 84.4102 85.6469 86.8825 88.1076 89.2578 90.4179 91.7932 92.9985 94.1761 95.2141 96.1250 96.8619 97.5333 97.7687 97.8052 97.8016 97.7956 97.7901 97.7604 97.5777 97.2044 96.4073 95.3036 93.9922 93.6347 92.6694 91.6386 90.5421 89.4191 88.2839 87.1462 86.0086 84.8707 83.7329 82.5964 81.4591 80.3218 79.1809 78.0335 76.8975 75.7590 74.6219 73.4805 72.3364 71.1955 70.0302
76.1731 80.6260 81.8011 83.1979 84.4354 85.6723 86.9091 88.1456 89.3766 90.5464 91.7111 93.0831 94.2539 95.4488 96.4657 97.3723 97.9443 98.4022 98.6097 98.6123 98.6075 98.5992 98.4246 98.0322 97.5596 96.7755 95.8954 94.9034 93.8317 92.8013 91.6973 90.5717 89.4346 88.2964 87.1589 86.0209 84.8829 83.7465 82.6092 81.4724 80.3319 79.1969 78.0565 76.9118 75.7737 74.6355 73.4976 72.3405 71.1960 70.0471
76.0486 80.4498 81.9403 83.2199 84.4607 85.6976 86.9345 88.1713 89.4083 90.6448 91.8825 93.1172 94.3507 95.5046 96.7288 97.5774 98.2497 98.8118 99.2744 99.3135 99.3086 99.2771 98.8564 98.3864 97.8133 97.0662 96.0717 94.9729 93.9656 92.8515 91.7241 90.5851 89.4465 88.3093 87.1712 86.0329 84.8967 83.7593 82.6226 81.4853 80.3242 79.2038 78.0713 76.9322 75.7894 74.6503 73.5119 72.4807 71.3197 70.1586
76.1837 80.6414 81.8400 83.2259 84.4860 85.7229 86.9597 88.1966 89.4333 90.6705 91.9068 93.1451 94.3791 95.6215 96.7475 97.6170 98.4807 99.1222 99.5435 99.7782 99.7780 99.5441 99.2110 98.6549 97.8765 97.1154 96.1034 95.1365 94.0041 92.8766 91.7354 90.5964 89.4596 88.3216 87.1827 86.0469 84.9093 83.7727 82.6355 81.4983 80.3587 79.2068 78.0783 76.9459 75.8078 74.6665 73.6515 72.4944 71.3543 70.1943
76.0873 80.4879 81.9753 83.1367 84.5113 85.7481 86.9850 88.2218 89.4588 90.6954 91.9329 93.1685 94.4080 95.6398 96.7635 97.6340 98.5038 99.2570 99.7641 99.9020 99.8998 99.6717 99.3759 98.6795 97.9328 97.1104 96.3192 95.1530 94.0296 92.8852 91.7462 90.6101 89.4721 88.3324 87.1970 86.0593 84.9228 83.7856 82.6486 81.5116 80.3742 79.2337 78.0869 76.9540 75.8209 74.8190 73.7006 72.5331 71.3757 70.2996
76.2661 80.7111 82.0592 83.2827 84.5365 85.7734 87.0102 88.2472 89.4839 90.7211 91.9574 93.1953 94.4288 95.6646 96.7807 97.6526 98.5197 99.2692 99.7658 99.8976 99.9018 99.7685 99.2328 98.7561 97.9107 97.1344 96.2944 95.1840 94.0345 92.8959 91.7606 90.6228 89.4819 88.3472 87.2091 86.0729 84.9356 83.7988 82.6617 81.5247 80.3877 79.2501 78.1094 76.9655 75.9255 75.2199 73.7803 72.5876 72.0168 70.9232
76.3560 80.8000 82.0757 83.3249 84.5618 85.7987 87.0356 88.2723 89.5094 90.7459 91.9830 93.2172 94.4518 95.6823 96.7966 97.6630 98.5029 99.1158 99.5248 99.7592 99.7623 99.5484 99.2574 98.5784 97.9217 97.1245 96.1342 95.1364 94.0457 92.9101 91.7473 90.6310 89.4974 88.3588 87.2229 86.0855 84.9489 83.8118 82.6749 81.5379 80.4009 79.2638 78.2212 77.1965 76.4684 75.1541 74.2357 73.1853 72.5386 71.4108
76.4126 80.8640 82.1113 83.3501 84.5870 85.8240 87.0608 88.2977 89.5342 90.7706 92.0048 93.2360 94.4517 95.5954 96.7946 97.6025 98.2319 98.7661 99.1754 99.0724 99.2085 99.2158 98.8383 98.3899 97.7629 97.0968 96.1036 95.0166 93.9892 92.9071 91.7799 90.6299 89.5045 88.3721 87.2351 86.0988 84.9617 83.8250 82.6880 81.5511 80.4141 79.4675 78.3819 77.4392 76.4653 75.1732 74.2552 73.7369 72.8140 71.6673
76.3989 80.8556 82.1326 83.3740 84.6123 85.8491 87.0855 88.3195 89.5416 90.7915 92.0188 93.2255 94.3792 95.5298 96.4927 97.3374 97.8563 98.2269 98.3177 98.3917 98.3356 98.4161 98.3006 97.9713 97.5284 96.7340 95.9085 94.9407 93.8859 92.8466 91.7685 90.6493 89.5087 88.3792 87.2173 86.1047 84.9734 83.8376 82.7010 81.5641 80.5224 79.5225 78.6560 77.8358 75.8982 75.1076 74.7034 73.9834 72.9522 71.8006
76.2665 80.6730 82.1599 83.3938 84.6372 85.8725 87.1030 88.3161 89.5754 90.8004 91.9996 93.1517 94.2722 95.2345 96.0618 96.7245 97.2634 97.2786 97.4695 97.4459 97.4813 97.4601 97.4968 97.3899 97.0955 96.3474 95.5594 94.7260 93.3119 92.3117 91.6119 90.6103 89.5139 88.3840 87.2508 86.0852 84.9745 83.8471 82.7130 81.5769 80.5461 79.6067 78.7418 76.7433 76.0547 75.5436 74.9567 73.9754 73.0574 71.8958
76.4285 80.8844 82.1828 83.4229 84.6543 85.8716 87.0805 88.3559 89.5724 90.7253 91.6458 93.0173 93.9733 94.7863 95.4375 95.9196 96.0485 96.5322 96.5439 96.5657 96.5598 96.5800 96.5742 96.3832 96.1420 95.8081 95.1443 94.3779 93.4936 92.2970 91.1380 90.3988 88.8218 88.2397 87.2268 86.1158 84.7758 82.9540 81.8905 80.2010 78.9282 77.8981 76.9780 76.3655 75.8509 75.5499 74.7776 74.1067 73.0920 71.9177
76.4651 80.9234 82.1720 83.2313 83.4761 85.7768 87.1285 88.3332 89.4296 90.2259 91.7179 92.7030 93.5076 94.1403 94.6029 94.8182 95.1882 95.2771 95.3940 95.3954 95.4104 95.4119 95.4251 95.3074 95.1265 94.8878 94.5373 93.9291 93.1834 92.2937 91.0970 89.9227 88.6345 87.3511 86.9365 86.0408 83.9354 83.1653 81.2931 79.9413 78.8293 77.7886 76.8392 76.1572 75.8593 75.4151 74.7329 73.8842 73.0413 71.8363
76.3856 80.8711 81.9137 82.5421 84.4302 85.6639 87.0571 87.9750 87.9829 89.3796 90.7773 92.1178 92.2261 93.2984 93.5615 93.8691 93.9941 94.0901 94.1076 94.1192 94.1245 94.1359 94.1408 94.1376 94.0373 93.8672 93.6307 93.2756 92.7063 91.9822 91.0936 89.7817 88.5022 87.2020 85.9650 84.7910 84.5375 82.3441 81.0641 79.8751 78.7224 77.6536 76.6482 75.7784 74.7776 74.8762 74.4145 73.7608 72.7641 71.5637
75.9265 80.4389 80.5637 82.8680 84.2918 85.7296 86.5407 86.5174 87.9079 89.2495 90.6585 90.8186 91.9243 92.2897 92.5616 92.7006 92.7911 92.8174 92.8289 92.8358 92.8457 92.8526 92.8623 91.5589 92.5746 92.7056 92.5926 92.3693 92.0184 89.9270 89.7352 89.6561 88.3419 87.0966 85.9736 84.5849 83.3179 82.1973 81.0175 79.8754 78.7037 77.5696 76.6197 75.5236 74.9100 74.0085 73.8298 73.2167 72.5333 71.2839
74.7162 78.9754 80.3537 81.7585 84.3649 85.1132 85.0932 86.4474 87.7836 89.1920 89.3658 90.5591 90.9903 91.2054 91.0888 91.4911 91.5261 91.5389 91.5467 91.5558 91.5635 91.5726 91.5802 91.4422 90.6488 91.1775 91.3663 91.3056 91.1028 90.5883 88.3770 88.2768 88.2139 87.1756 85.7152 84.4376 83.3600 82.1592 81.0323 79.8464 78.7212 77.5785 76.4443 75.4012 74.5247 73.8224 72.9495 72.5732 72.0030 70.5138
74.6962 79.0694 80.2481 81.6263 82.9017 83.9854 85.1240 86.3407 87.7280 87.9075 89.1917 89.6752 89.8634 89.7739 89.8864 90.2335 90.2488 90.2574 90.2662 90.2742 90.2829 90.2910 90.2997 90.2912 90.1074 89.5930 89.8600 90.0376 90.0120 88.7078 88.9380 86.9598 86.9884 86.8356 85.5451 84.5363 83.2929 82.1956 80.9844 79.8751 78.7270 77.5954 76.4558 75.3200 74.2864 73.3957 71.9616 70.7837 69.6332 68.4674
74.6785 79.0349 80.3979 81.6561 82.8831 84.1910 85.2179 86.3730 86.4612 87.8082 88.3480 88.5228 88.4502 88.5514 88.8989 88.9584 88.9679 88.9766 88.9848 88.9934 89.0016 89.0101 89.0184 89.0250 89.0001 88.8133 88.4568 88.5801 88.7232 88.5903 87.2978 85.7041 85.5873 85.6719 85.4423 84.4108 83.3708 82.1137 81.0334 79.8739 78.7473 77.6053 76.4706 75.3325 74.2076 73.0624 71.9284 70.7830 69.6336 68.4701
74.8106 79.1739 80.6092 82.0631 83.3368 83.7723 85.3086 85.3811 85.2665 86.9114 86.6775 87.0105 87.1915 87.1928 87.6622 87.6784 87.6871 87.6954 87.7038 87.7121 87.7206 87.7289 87.7374 87.6702 87.7328 87.7084 87.5374 87.2745 87.3173 87.4079 87.1927 84.3593 84.3905 84.3412 84.3618 84.0959 83.2275 82.1999 81.0173 79.9007 78.7541 77.6215 76.4824 75.3463 74.2101 73.0805 71.9345 70.7806 69.6514 68.4867
75.0611 79.4235 81.0779 82.3857 83.0717 84.3355 84.4602 84.4334 84.3565 84.2570 85.3172 85.4242 85.6918 86.3162 86.3879 86.3975 86.4059 86.4143 86.4227 86.4311 86.4395 86.4479 86.4562 86.4236 86.3751 86.4400 86.4183 86.2690 85.9891 86.0437 86.0923 85.6398 83.0925 83.0782 83.0737 83.0568 82.7766 82.0165 81.0288 79.8954 78.7718 77.6317 76.4968 75.3589 74.2224 73.0869 71.9258 70.8041 69.6599 68.4964
75.5175 79.9464 81.4582 82.3016 83.4261 83.6624 83.6110 83.5737 83.4320 83.1482 83.1393 83.8634 84.9589 85.0905 85.1079 85.1165 85.1249 85.1332 85.1416 85.1500 85.1584 85.1668 85.1752 85.1789 85.1307 85.0824 85.1475 85.1301 84.7397 84.6882 84.7595 84.7567 82.6225 81.8098 81.7689 81.6971 81.7349 81.4689 80.7892 79.8512 78.7607 77.6424 76.5076 75.3724 74.2352 73.0987 71.9601 70.8082 69.6775 68.5130
75.7180 80.1572 81.3575 82.4345 82.8351 82.7316 82.8629 82.7450 82.5716 82.3119 81.9689 83.5404 83.7716 83.8171 83.8268 83.8354 83.8438 83.8522 83.8605 83.8689 83.8041 83.8700 83.8907 83.9012 83.8074 83.8383 83.7900 83.8555 83.8140 83.4531 83.4025 83.4693 83.2422 81.6650 80.4516 80.4530 80.4356 80.4275 80.1704 79.5522 78.6657 77.6158 76.5103 75.3817 74.2477 73.1113 71.9745 70.8348 69.6879 68.5251
75.6762 80.1074 81.3363 81.8624 81.8541 81.9203 81.8441 81.7838 81.7109 81.4542 81.1858 80.9784 82.5104 82.5243 82.5457 82.5542 82.5627 82.5711 82.5794 82.5878 82.5605 82.5132 82.5825 82.6124 82.6154 82.5152 82.5462 82.4975 82.5607 82.5058 82.1626 82.1077 82.1529 81.8326 80.5657 79.3006 79.2797 79.2831 79.3448 79.0202 78.4349 77.4993 76.4677 75.3755 74.2540 73.1224 71.9870 70.8502 69.7104 68.5466
75.4787 79.9433 80.5518 80.8306 80.9389 80.9358 80.8922 80.6439 80.4806 80.6098 80.4345 80.1929 79.9829 81.2441 81.2541 81.2731 81.2815 81.2900 81.2984 81.3067 81.3111 81.2723 81.2257 81.2960 81.3315 81.3299 81.2227 81.2581 81.2399 81.2724 81.2039 80.8531 80.8142 81.1286 80.8381 79.5000 78.2587 78.1988 78.3562 78.3950 78.1191 77.4536 76.3747 75.3261 74.2400 73.1250 71.9965 70.8624 69.7259 68.5615
74.7667 79.1851 79.4943 79.4781 79.6491 79.7181 79.6621 79.7921 79.5460 79.5422 79.4820 79.5018 79.1174 78.9399 79.9730 79.9832 80.0004 80.0089 80.0173 80.0160 79.9951 80.0256 79.9853 79.9393 80.0101 79.9624 80.0257 79.9710 79.9811 79.9747 79.9875 79.9047 79.9213 79.9567 80.1434 79.8376 78.5331 77.6094 77.4206 77.4586 77.4619 77.2021 76.3748 75.2580 74.1905 73.1052 71.9950 70.8698 69.7374 68.5721
73.7592 78.1251 78.2177 78.3477 78.4154 78.4055 78.5267 78.5295 78.6239 78.5834 78.5810 78.5250 78.3455 77.9330 77.8410 78.7028 78.7191 78.7265 78.7290 78.7419 78.7201 78.6684 78.7311 78.7123 78.6852 78.7217 78.7045 78.7373 78.7087 78.6970 78.7032 78.7039 79.0678 79.1923 79.1124 79.1866 78.8502 77.5071 76.8648 76.5394 76.5605 76.5381 76.1584 75.2040 74.1275 73.0562 71.9710 70.8645 69.7426 68.5752
72.5942 76.8951 77.0494 77.1050 77.0579 77.1243 77.1454 77.3599 77.5621 77.6560 77.5864 77.4068 77.1296 77.0395 76.7321 77.4226 77.4305 77.4402 77.4479 77.4383 77.4610 77.4454 77.4142 77.4477 77.4391 77.4232 77.4424 77.4386 77.4126 77.4305 77.4272 77.8128 78.2559 78.2253 78.2747 78.2397 78.2445 77.3184 76.4129 76.0300 75.7312 75.6788 75.5027 74.9117 74.0215 72.9855 71.9202 70.8369 69.7336 68.5630
71.4469 75.7054 75.8020 75.7829 75.8201 75.8010 75.8439 76.2590 76.3650 76.4270 76.4225 75.9534 75.7209 75.5225 75.6808 75.5852 76.1450 76.1557 76.1509 76.1564 76.1045 76.1694 76.1694 76.1521 76.1700 76.1663 76.1568 76.1317 76.1565 76.1463 76.1559 76.9116 77.0127 77.3535 77.3408 77.3691 77.2451 77.2249 76.2822 75.6405 75.2116 74.8054 74.4728 74.2166 73.6637 72.8294 71.8334 70.7809 69.7020 68.5265
70.2716 74.4584 74.5005 74.5234 74.5185 74.5399 74.5365 75.0681 75.1144 75.0533 74.6811 74.4331 74.2785 74.3535 74.2906 74.3731 74.8629 74.8611 74.8591 74.8289 74.8595 74.8122 74.8795 74.8919 74.8849 74.8951 74.8342 74.7773 74.8451 74.8752 74.8759 75.7539 76.0231 76.0752 76.1806 76.1080 76.1678 76.1081 76.0711 75.3564 74.6277 74.1370 73.6257 73.2634 72.9512 72.4183 71.6305 70.6727 69.6376 68.4487
69.2883 73.1958 73.2278 73.2334 73.2596 73.3268 73.7109 73.7959 73.7066 73.3977 73.1538 73.0188 73.0479 73.0331 73.1453 73.5071 73.5683 73.5643 73.5454 73.5589 73.5360 73.5715 73.5547 73.5979 73.6147 73.6148 73.6148 73.5674 73.5265 73.5668 73.5958 74.6984 74.7899 74.8657 74.8333 74.8574 74.8094 74.8709 74.8397 74.7279 74.1408 73.4692 72.9374 72.4385 72.0525 71.6997 71.1768 70.4266 69.5047 68.1985
70.6783 71.6683 71.8378 71.8622 71.8932 71.9801 72.3046 72.4018 72.3161 72.0385 71.8003 71.6668 71.6748 71.6746 71.7924 72.1015 72.1860 72.1907 72.1768 72.1845 72.1696 72.1954 72.1883 72.2233 72.2409 72.2427 72.2391 72.1978 72.1639 72.2012 72.3123 73.2189 73.4030 73.4815 73.4658 73.4800 73.4474 73.4897 73.4574 73.3153 72.7730 72.1273 71.5858 71.0915 70.6946 70.3216 69.7966 69.0625 68.2188 68.0802
