#Value Function.
54.3545 54.4696 55.5112 57.3240 59.2088 61.1275 62.9714 64.3894 65.7800 67.4218 75.1606 75.6703 75.5029 74.6853 73.4979 72.2508 71.7797 70.7399 69.2402 67.5845 64.9915 43.1966 25.9924 22.3483 21.9412 21.9331 22.0367 21.9336 21.7840 21.6152 21.4114 21.2290 21.0385 20.9269 20.8474 20.7883 20.7419 20.5225 19.9574 19.7004 19.2497 19.2419 19.2411 19.0649 18.8417 18.6088 18.3817 18.1617 17.9671 17.9451
54.4288 55.3778 56.4331 58.3244 60.1801 62.0251 63.7321 64.7610 65.6630 66.1699 75.8297 75.4300 75.6141 75.1261 74.1279 72.8727 72.6196 71.5859 70.0551 68.5234 68.5639 43.0064 24.2194 22.0249 22.0317 22.0824 22.2271 22.0932 21.9360 21.7543 21.5449 21.4009 21.2201 21.1319 21.0707 21.0328 21.0185 20.8371 20.1907 20.0113 19.4664 19.5223 19.5486 19.3517 19.1187 18.8773 18.6430 18.4131 18.1905 17.9430
55.1939 56.1824 57.1398 56.8040 61.1553 62.9292 64.7809 65.3168 65.8470 67.0654 75.4097 75.3584 73.8451 70.0687 73.9166 73.3814 72.3052 70.9362 70.7260 69.3266 69.0369 65.1051 42.9875 21.9591 22.1571 22.1974 22.3855 22.3447 22.1774 22.0107 21.8012 21.5848 21.5075 21.3319 21.2788 21.2480 21.0624 20.8630 20.3977 20.3413 19.7685 19.8281 19.6044 19.3655 19.1180 18.8788 18.6423 18.4135 18.1896 17.9414
56.3774 57.5578 58.7585 59.9745 62.0664 63.9352 65.7774 65.8681 66.0922 66.1393 74.8192 73.7582 74.5771 69.4854 72.6967 71.8458 72.4826 71.5564 70.3486 69.8857 68.6960 66.5937 62.1578 21.8127 22.0753 22.2871 22.4724 22.4709 22.3794 22.1575 21.9435 21.7395 21.5819 21.5831 21.4379 21.2581 21.0832 20.8528 20.6060 20.3382 20.1162 19.8548 19.6147 19.3622 19.1202 18.8776 18.6430 18.4127 18.1860 17.9362
56.6551 57.8707 59.1641 61.1550 63.1166 65.5263 65.2140 66.7167 66.4918 67.2312 66.6852 73.2438 73.2257 69.1525 69.6994 70.5116 71.1411 71.5906 70.7805 69.6890 69.0535 67.8033 60.8785 21.7296 21.9023 22.1799 22.3572 22.5094 22.4589 22.2272 21.9179 21.8121 21.6804 21.5705 21.4305 21.2773 21.0713 20.8667 20.6232 20.3670 20.0988 19.8652 19.6085 19.3659 19.1180 18.8788 18.6422 18.4108 18.1674 17.9150
55.7841 56.4818 57.4455 57.4261 64.3658 64.6323 66.6865 67.0710 67.5556 70.8793 71.7729 72.5114 72.5132 70.6824 69.6107 70.3788 70.7658 70.4867 70.7058 68.2539 67.3672 68.0213 66.3558 21.6644 21.8437 21.9944 22.2702 22.3722 22.4505 22.2358 21.8887 21.5973 21.6088 21.5343 21.4515 21.1286 21.0681 20.8584 20.6353 20.3896 20.1220 19.8554 19.6148 19.3623 19.1202 18.8776 18.6420 18.3960 18.1023 17.8559
57.3367 58.5012 58.2996 58.5075 58.3980 59.9221 67.9072 68.1739 69.8952 70.9371 71.6157 71.5711 70.2862 71.3850 69.9643 69.9265 69.7211 69.4095 67.6551 66.5684 67.2527 66.7099 66.9561 21.6412 21.7702 21.9473 22.0290 22.2665 22.2036 22.1796 21.7636 21.5686 21.3390 21.3122 21.1654 19.6699 20.7072 20.8138 20.6249 20.3959 20.1428 19.8747 19.6101 19.3662 19.1180 18.8788 18.6327 18.3243 18.0161 17.7883
58.1380 59.1453 59.4837 59.1542 60.1529 66.8729 67.4441 68.9381 70.0291 70.6770 70.6271 69.7179 70.3537 69.7119 70.3315 68.8994 68.4681 66.9624 65.9519 66.3179 66.0026 66.3119 65.9511 21.6317 21.7800 21.8802 22.0475 22.0223 22.2228 21.9376 21.7121 21.4535 21.3520 21.2532 21.1510 21.1488 19.4999 20.4411 20.5476 20.3808 20.1496 19.6555 19.5999 19.3618 19.1203 18.8776 18.5554 18.2109 18.0821 17.8255
59.2728 60.4773 59.9497 60.5104 65.8123 66.6248 67.8528 67.8112 69.7124 69.6872 69.0215 69.3249 68.4562 69.3811 69.0130 69.2923 67.6190 65.2812 65.4221 65.2318 65.4091 65.2203 65.3981 21.5678 21.7467 21.9123 21.9573 22.1416 21.9616 21.7252 21.4941 21.3853 21.3799 21.3390 21.3241 21.0414 20.6964 19.4184 19.3613 20.1911 20.1225 19.7420 19.1669 19.3066 19.1111 18.7968 18.4069 18.2759 18.0108 17.7776
59.3808 60.4256 61.6144 60.6735 65.7358 66.7456 66.4016 66.7301 68.7056 67.9174 68.6386 66.2412 66.7919 68.2324 68.3913 68.2259 68.2366 64.5475 64.4182 64.5143 64.3984 64.5027 64.3920 21.4870 21.7354 21.8238 21.9835 21.8684 21.6811 21.6445 21.6255 21.3350 21.4134 21.4418 21.4450 21.4214 20.8922 20.4067 19.5328 19.8918 19.9505 19.8524 19.5267 19.1000 19.0537 18.5951 18.5244 18.2075 18.0446 17.7952
59.5635 60.6881 61.2683 62.8473 63.1691 65.2107 65.5443 67.5112 67.1807 67.6553 63.8838 65.7590 67.2168 67.4920 67.4008 67.4964 67.3809 66.9608 63.6210 63.5031 63.1506 59.3845 26.0686 21.5262 21.6458 21.7852 21.7143 21.5604 21.5192 21.4783 21.2677 21.2992 21.2792 21.5184 21.5620 21.5774 21.5650 20.7740 20.2172 19.6245 19.7274 19.7351 19.6152 19.4299 18.8911 18.8033 18.3417 18.2761 18.0042 17.7705
59.2693 60.2231 61.7245 62.0264 63.9661 64.2544 66.3473 66.3393 66.5363 64.5267 62.6621 65.5840 66.5773 66.5488 66.6059 66.4935 66.1830 66.4298 62.5238 61.5913 55.7120 29.0262 21.7472 21.4434 21.5649 21.5206 21.3997 21.3464 21.3064 21.1523 21.1580 21.1433 21.1452 21.3998 21.6728 21.6994 21.7256 21.7610 20.7857 19.7103 19.7970 19.6304 19.6124 19.5652 18.7019 18.3599 18.5650 18.1926 18.0574 17.8057
59.6779 60.7763 60.9783 62.8420 63.4938 65.0392 64.0184 65.2734 65.4360 63.3675 62.9992 65.5495 65.4885 64.8413 65.6177 65.3853 65.5644 65.3657 59.9652 52.9265 30.9238 22.2953 21.2670 21.3309 21.3072 21.2112 21.1510 21.1059 21.0028 20.9955 20.9839 20.9913 20.9735 21.0046 21.5847 21.8417 21.8312 21.8215 21.8105 20.9118 19.9876 19.8706 19.8169 19.8499 19.6860 18.7425 18.6058 18.3963 18.0384 17.7785
59.7830 60.8434 61.7893 62.6437 63.8293 63.0750 61.8665 60.8197 63.9805 64.2300 61.2734 54.5611 64.1086 64.6443 64.5690 64.6686 64.5571 64.6537 9.7162  13.7431 22.8989 21.1547 21.0925 21.0805 20.9953 20.9382 20.8935 20.8183 20.8141 20.8052 20.8079 20.8026 20.8727 21.3086 20.9578 21.8022 21.9921 21.8816 21.4902 21.2969 21.2608 20.3533 20.3150 20.3035 16.4519 19.0235 18.6379 18.6284 18.2564 17.5439
59.8110 60.8757 61.7485 62.7181 62.3127 62.7586 61.7212 60.7714 60.3587 62.7924 54.9722 52.0723 9.0051  63.7195 63.7856 63.7270 2.1799  2.1480  2.1534  10.2832 13.0260 20.8635 20.8412 20.7662 20.7108 20.6720 20.6189 20.6140 20.6121 20.6135 20.6205 20.7148 21.0412 20.7810 20.6395 20.5157 22.0837 22.0002 21.7163 21.1371 20.8626 19.5760 20.6397 17.4039 19.0756 14.8510 14.0245 13.5226 13.4598 13.8301
59.6547 60.8685 61.6793 61.4897 61.7270 61.4854 61.6835 60.7938 59.2833 55.0905 53.4912 46.3584 2.1757  2.1946  2.1958  2.1930  2.1805  2.1822  2.1521  2.1119  11.1395 12.2628 13.0869 20.4763 20.4412 20.4050 20.4035 20.4067 20.4100 20.4250 20.5008 20.4932 20.5488 20.7965 20.6201 20.5020 22.0478 22.0154 21.6867 21.1947 20.4680 20.8600 18.3992 16.2782 16.1579 14.5940 13.9808 13.4800 13.3285 13.3105
58.0308 58.9009 59.9912 60.6942 59.9039 60.6874 60.6033 60.6464 55.6301 54.4195 52.6390 2.1440  2.1763  2.1938  2.2002  2.1966  2.1963  2.1790  2.1516  2.1124  2.0980  12.1679 12.2460 12.2463 12.2489 20.1844 20.1905 20.1938 20.1906 19.6437 20.2881 20.3281 20.2958 20.3747 20.5831 20.5090 22.0789 21.9611 22.3575 21.0684 20.6461 15.4331 14.8940 15.5139 15.5237 14.0988 13.6507 13.2587 13.1344 13.0812
56.7198 57.3988 59.8053 59.3019 59.6748 57.7738 57.4372 55.9982 55.3361 54.1316 47.6872 2.1150  2.1889  2.2113  2.2119  2.2091  2.2044  2.1932  2.1630  2.1357  2.2734  12.1667 12.2451 12.3335 12.2706 12.3538 19.9707 19.9676 19.9692 19.9044 19.7726 20.0852 20.1062 20.3695 20.4781 21.6532 20.7752 21.9805 22.1680 20.3149 14.7854 14.0138 13.9445 14.0442 14.7747 14.1518 13.3060 13.1322 13.0839 13.0145
55.9245 56.4555 56.9808 57.7708 58.4243 58.5288 56.7916 56.3439 54.9840 54.3072 2.0475  2.1209  2.1570  2.2388  2.2382  2.2306  2.2287  2.2124  2.1730  2.2668  2.9255  12.1663 12.2514 12.2769 12.4377 12.4292 12.4200 12.4032 18.9288 19.6420 19.8390 19.9746 20.1485 20.3661 21.2410 20.5436 21.3188 14.1519 19.7769 13.6301 13.6168 13.5849 13.6067 13.5702 14.3150 13.3842 13.1848 13.1350 13.0611 12.9902
55.1471 55.5528 56.9053 57.5454 57.0715 57.4921 57.4094 55.7958 55.2903 54.1218 2.0673  2.0978  2.1831  2.1968  2.2942  2.2723  2.2659  2.2147  2.2675  2.8114  4.8976  5.1741  11.4036 12.3839 12.5431 12.4837 12.4824 12.4078 12.3874 18.0931 19.7550 19.9394 20.2067 20.8673 20.3386 13.5845 13.1079 13.3323 13.4362 13.4571 13.4682 13.4352 13.4375 13.5983 13.6594 13.3412 13.1992 13.1098 13.1558 13.0573
54.3213 54.7558 56.8480 56.4138 56.5600 56.2693 56.5377 56.3153 54.9807 54.3058 2.0686  2.1286  2.1481  2.2515  2.4837  2.3267  2.2705  2.2916  2.6124  5.2489  5.2231  5.8013  12.2173 12.4739 12.5069 12.5447 12.4630 12.4700 12.4007 12.9482 19.6404 19.2386 13.4895 12.7282 12.7955 12.8858 12.9891 13.1373 13.3611 13.4604 13.4257 13.4500 13.4128 13.4048 13.5305 13.4680 13.3447 13.2438 13.1562 13.0824
53.3297 53.8222 54.3875 55.8691 55.4793 55.6009 55.5174 55.5832 55.2658 54.1180 2.2699  2.0978  2.2001  2.3839  2.3202  2.5969  2.3624  2.3017  5.6772  5.6108  6.0614  5.3037  11.4398 12.2863 12.4454 12.4983 12.5508 12.4873 12.5420 12.5050 18.5123 13.9597 12.7450 12.7226 12.8043 12.8646 12.9509 13.0439 13.1815 13.4181 13.5173 13.4545 13.5237 13.5286 13.5184 13.5262 13.5284 13.4122 13.3220 13.2336
52.0192 52.6550 53.1009 53.7013 54.7035 54.6286 54.6704 54.6142 54.6203 4.2726  4.1353  2.3644  4.2552  2.2903  2.4852  2.3748  2.7343  2.3883  2.6989  6.2194  6.1442  6.4547  9.8672  11.6279 12.4335 12.4878 12.5516 12.6330 12.5672 12.6395 12.6105 12.8014 12.6568 12.6981 12.5254 12.9207 12.9272 13.0227 13.1040 13.2293 13.5029 13.6008 13.6066 13.6055 13.6032 13.6053 13.6032 13.5816 13.4891 13.3997
50.7733 51.7020 52.7388 52.0392 52.8349 53.6772 53.7139 53.7391 4.2441  4.3169  4.3610  4.4351  4.4802  4.5840  4.5905  4.6024  4.6272  2.5830  2.3883  5.5510  6.4314  7.6427  9.5357  9.7455  11.8661 12.4795 12.5572 12.6205 12.7291 12.6720 12.7445 12.5839 12.4129 12.5523 12.7416 12.8696 13.0111 12.9851 13.0979 13.1673 13.2787 13.6035 13.6837 13.6798 13.6818 13.6784 13.6816 13.6754 13.6684 13.5637
48.9516 49.8986 51.3140 51.7798 51.2915 51.9441 52.6696 4.1857  4.2574  4.3066  4.3885  4.4235  4.5074  4.5385  4.6669  4.7023  4.6670  4.4830  2.6027  2.7090  5.9347  6.4314  7.6427  9.4223  9.5692  12.1956 12.4694 12.6586 12.6793 12.8237 12.7767 12.7440 12.4394 12.4635 12.6165 12.8435 12.9332 13.1055 13.0289 13.1756 13.2244 13.3187 13.7137 13.7641 13.7526 13.7583 13.7502 13.7485 13.7046 13.6102
47.2619 48.0655 49.0488 50.4940 50.8970 50.5049 51.0449 4.1970  4.2480  4.3280  4.3688  4.4634  4.4827  4.6056  4.7817  4.7223  4.7827  4.7503  4.7935  4.7908  4.8080  5.3804  5.6880  7.5496  5.9862  9.7899  12.5893 12.7047 13.5088 13.1836 12.8298 12.5472 12.4355 12.5013 12.5055 12.6669 12.9259 12.9758 13.1991 13.0479 13.2415 13.2756 13.3365 13.8369 13.8355 13.8235 13.8285 13.7861 13.6925 13.6080
47.0852 48.1713 49.4460 49.8381 49.1213 44.9809 4.1385  4.1889  4.2665  4.3108  4.4017  4.4275  4.5430  4.7037  4.7965  4.8652  4.8057  4.8680  4.8548  4.8786  4.8702  4.9942  5.4692  5.5291  5.4841  5.5829  10.0655 13.4192 13.3491 13.6030 13.1462 12.7946 12.5435 12.5152 12.5410 12.5073 12.7008 12.9845 12.9646 13.2825 12.9877 13.3070 13.9824 13.9316 13.8928 13.9087 13.8690 13.7619 13.7142 13.6259
46.6065 48.2694 47.5099 48.4553 40.1847 4.0783  4.1396  4.2062  4.2516  4.3394  4.3706  4.4797  4.6276  4.7195  4.7366  4.8723  4.9499  4.8972  4.9540  4.9141  5.0910  4.9818  5.6142  5.5166  5.6648  5.5210  6.1073  10.1754 13.9492 14.1166 13.3631 12.9311 12.6835 12.6638 12.6063 12.4607 12.4776 12.6691 13.0019 12.8588 13.2773 13.5523 14.0514 13.9860 13.9842 13.9462 13.8773 13.7916 13.7258 13.6364
41.8422 46.6339 46.2051 36.4464 4.1114  4.0957  4.1422  4.2062  4.2768  4.3124  4.4160  4.5540  4.6531  4.7521  4.8091  4.8138  4.9466  5.0351  4.9829  5.2059  5.0073  5.2286  5.1975  5.7647  5.5298  5.6210  5.9695  7.1528  13.0804 13.5700 10.5325 13.2990 13.1010 12.8745 12.6954 12.6791 12.3289 12.3515 12.5076 13.1232 13.4531 13.7945 13.9489 14.0350 14.0136 13.9490 13.8822 13.8033 13.7188 13.6319
10.6372 7.2231  33.7247 7.6266  4.1402  4.1850  4.1527  4.2086  4.2727  4.3493  4.4587  4.3765  4.6811  4.7510  4.8211  4.8838  4.9694  5.0076  5.1238  5.0073  5.3407  5.2090  5.6104  5.4998  5.9078  6.1230  7.4576  9.4345  13.2222 9.6612  13.4609 8.7848  13.0073 9.8656  12.7249 10.8090 12.6796 12.0607 12.7380 13.0995 13.5531 13.8511 14.0442 14.0646 14.0121 13.9551 13.8761 13.8077 13.7281 13.6298
4.6188  3.9396  4.0087  4.0769  4.1440  4.2097  4.2632  4.2057  4.2725  4.2746  4.2934  4.6172  4.6836  4.7531  4.8176  4.8896  4.9476  5.0441  5.0626  5.2267  5.1920  5.4584  5.1918  5.7618  5.4680  5.9845  6.7226  7.6291  8.4991  13.3087 7.3353  7.3056  9.5432  6.4277  10.0147 12.4242 11.4569 12.7945 12.6249 13.1827 13.5045 13.8860 14.0276 14.0331 14.0318 13.9583 13.7705 13.7028 13.6301 13.5516
3.9462  3.9392  4.0063  4.0758  4.1440  4.2115  4.2788  4.3464  4.4135  4.4815  4.5489  4.6164  4.6848  4.7472  4.8210  4.8827  4.9593  4.9181  5.1348  5.1054  4.9189  4.8234  4.8181  5.2392  5.5370  5.4272  5.9251  6.4718  7.0216  9.5777  7.8781  5.9896  5.7148  5.6932  5.6515  9.6035  12.1760 11.9152 12.9467 13.0642 13.5415 13.7960 13.9909 13.9854 13.9930 13.8080 13.8585 13.7072 13.6225 13.5369
3.8706  3.9385  4.0068  4.0733  4.1433  4.2114  4.2789  4.3461  4.4138  4.4808  4.5490  4.6163  4.6757  4.7358  4.8153  4.8765  4.8308  5.0394  5.0341  4.9734  4.8883  4.8118  5.3788  5.1838  5.3976  5.6319  5.7430  5.7592  6.0800  6.3909  6.4807  5.5175  5.3925  5.4052  5.7360  5.8598  9.5662  11.6567 12.2213 13.1154 13.3545 14.1004 13.9123 13.9749 13.8667 13.8424 13.7570 13.7657 13.6185 13.5320
3.8620  3.9386  4.0058  4.0744  4.1402  4.2110  4.2788  4.3463  4.4135  4.4814  4.5480  4.6085  4.6702  4.7449  4.8001  4.7893  4.9475  4.9619  4.9183  4.9545  4.8784  4.8078  5.1785  5.5119  5.2731  5.6749  5.6537  5.7204  6.0017  6.4764  5.7177  5.4988  5.2666  5.2360  5.4405  5.2410  5.2904  6.0384  11.7709 12.4490 13.2166 12.5549 13.9205 13.8983 13.9084 13.8142 13.7695 13.6824 13.6171 13.5297
3.8598  3.9369  4.0063  4.0730  4.1422  4.2067  4.2789  4.3461  4.4137  4.4799  4.5414  4.6040  4.6747  4.7272  4.7391  4.8634  4.8890  4.8598  4.8858  4.8590  4.8754  4.8018  4.8617  5.2531  5.6586  5.7016  5.6850  5.8015  6.3317  5.7712  5.5345  5.6676  5.2435  5.2004  5.1886  5.2073  5.2054  5.1316  5.2363  11.2417 12.5288 11.3200 13.9168 13.8735 13.8514 13.8367 13.7507 13.6937 13.6096 13.5242
3.8594  3.9373  4.0040  4.0742  4.1399  4.2103  4.2728  4.3458  4.4088  4.4453  4.5132  4.5811  4.6550  4.6693  4.6622  4.8162  4.7984  4.8158  4.7980  4.3915  4.4261  4.6854  4.8870  4.8783  5.3245  5.7755  5.4496  6.1525  5.7179  5.1428  5.2177  5.4723  5.5551  5.2306  5.2245  5.2121  5.0484  5.0985  5.1822  6.0134  10.8894 12.2740 11.7255 13.6350 13.7959 13.7871 13.7606 13.6814 13.6170 13.5283
3.8555  3.9332  4.0055  4.0708  4.1422  4.2065  4.2770  4.3387  4.3808  4.4396  4.5135  4.5806  4.5990  4.5905  4.5998  4.7346  4.7450  4.7346  4.3925  4.5099  4.4145  4.5361  4.7548  4.9844  4.8752  5.4001  5.9518  5.5936  4.6923  4.7385  5.2481  5.4797  5.4295  5.2939  5.2765  5.0322  5.0571  5.0800  5.1156  5.3301  6.5458  10.5608 12.0004 13.7129 13.6078 13.7148 13.6839 13.6787 13.6079 13.5197
3.8499  3.9268  4.0009  4.0738  4.1372  4.1859  4.2694  4.3153  4.3722  4.4312  4.5073  4.5278  4.5169  4.5290  4.5248  4.6435  4.6657  4.3222  4.4138  4.4494  4.6095  4.6821  4.8456  4.7854  5.1061  4.8428  5.4780  4.7381  4.7300  4.7507  4.7328  5.3580  5.2572  5.3407  5.2472  5.0720  5.0757  5.0841  5.0718  5.0208  4.9627  6.8024  10.2677 10.5970 13.6285 13.5630 13.6319 13.6127 13.5974 13.5016
3.8481  3.9276  3.9932  4.0686  4.1220  4.1979  4.2492  4.3051  4.3646  4.4303  4.4313  4.4412  4.4570  4.4516  4.4600  4.1884  4.2531  4.3365  4.3839  4.4901  4.4973  4.6923  4.7340  4.9476  4.7925  5.2668  4.7663  4.7808  4.8036  4.7922  4.8231  5.1051  5.2583  5.2038  5.2623  5.1351  5.1235  5.0728  5.0171  4.9595  4.8908  4.8116  9.5974  10.1780 10.8337 13.2457 13.4709 13.5457 13.5368 13.4219
3.8329  3.9094  3.9979  4.0477  4.1278  4.1811  4.2265  4.1932  4.3558  4.3647  4.3718  4.3659  4.3747  4.3873  4.1157  4.1825  4.2570  4.3176  4.4094  4.4418  4.5731  4.5351  4.7861  4.6073  5.0964  4.7567  4.7126  4.7729  4.8557  4.8747  5.0250  5.1696  5.1492  5.1863  5.1528  5.1833  5.0888  5.0500  4.9939  4.9237  4.8543  4.7745  9.9992  9.6518  10.1341 10.9640 12.9499 13.3546 13.4563 13.1565
3.8243  3.9002  3.9751  4.0572  4.1118  4.1500  4.1229  4.2711  4.2970  4.3031  4.2998  4.3032  4.3001  4.0469  4.1138  4.1833  4.2488  4.3265  4.3801  4.4860  4.4934  4.6672  4.5566  4.9223  4.5678  4.6400  4.6996  4.7828  4.8365  4.9327  4.9748  5.0877  5.1080  5.0490  5.1100  5.0958  5.1083  5.0342  4.9728  4.9040  4.8310  4.7293  4.5866  9.9703  9.6808  10.1146 11.0277 11.2075 11.3538 11.4293
3.8270  3.9057  3.9658  4.0417  4.0749  4.0522  4.0762  4.0745  4.2347  4.2327  4.2319  4.2038  3.9725  4.0436  4.1148  4.1807  4.2514  4.3142  4.3976  4.4392  4.5688  4.5343  4.7795  4.5483  4.5715  4.6339  4.7094  4.7632  4.8549  4.8970  5.0089  5.0306  4.9709  5.0273  4.9532  5.0359  4.9850  5.0306  4.9610  4.8906  4.7953  4.6393  4.5446  9.6829  9.9569  9.6978  10.1066 10.8796 10.8498 10.8196
3.8205  3.8990  3.9648  3.9660  3.9771  4.0015  3.9894  4.0064  4.1649  4.1594  4.1175  3.9389  3.9737  4.0390  4.1111  4.1829  4.2473  4.3199  4.3784  4.4714  4.4928  4.6618  4.5092  4.5010  4.5671  4.6399  4.6992  4.7801  4.8246  4.9303  4.9530  4.8936  4.9487  4.8895  4.8077  4.8874  4.9564  4.9293  4.9542  4.8665  4.6935  4.6044  4.5314  4.4618  9.6962  9.9881  10.0307 10.1203 10.7253 10.5942
3.8069  3.8902  3.8994  3.9074  3.9008  3.9114  3.9302  3.9247  3.9552  4.0375  3.8960  3.9099  3.9721  4.0415  4.1053  4.1786  4.2513  4.3133  4.3895  4.3676  4.5604  4.4592  4.4427  4.4990  4.5687  4.6334  4.7094  4.7631  4.8533  4.8822  4.8769  4.8780  4.8383  4.8699  4.8189  4.7587  4.8220  4.8796  4.8678  4.7461  4.6665  4.5956  4.5281  4.4554  4.3892  9.2789  9.8484  9.9554  10.1046 10.0550
3.7530  3.8316  3.8384  3.8346  3.8385  3.8350  3.8450  3.8601  3.8610  3.8469  3.8482  3.9056  3.9737  4.0389  4.1098  4.1711  4.2463  4.3110  4.2984  4.4613  4.4031  4.3898  4.4296  4.4985  4.5661  4.6368  4.6990  4.7786  4.8111  4.8106  4.8138  4.8102  4.8062  4.7785  4.7942  4.7496  4.8012  4.7669  4.8064  4.7314  4.6612  4.5951  4.5209  4.4564  4.3851  4.3134  8.7209  9.6687  9.8747  9.7592 
3.6914  3.7697  3.7678  3.7702  3.7678  3.7703  3.7689  3.7782  3.7910  3.7874  3.8395  3.9062  3.9721  4.0415  4.1051  4.1770  4.2368  4.2481  4.3698  4.3415  4.3286  4.3335  4.4240  4.4974  4.5659  4.6330  4.7055  4.7392  4.7356  4.7428  4.7436  4.7457  4.7427  4.7362  4.7157  4.7206  4.7070  4.7311  4.7075  4.7271  4.6633  4.5860  4.5246  4.4526  4.3795  4.3157  4.7488  8.3171  9.4748  9.2520 
3.6236  3.7007  3.7022  3.7008  3.7022  3.7008  3.7024  3.7026  3.7265  3.7739  3.8389  3.9052  3.9736  4.0385  4.1078  4.1652  4.1913  4.2858  4.2763  4.2644  4.2756  4.3547  4.4286  4.4898  4.5657  4.6333  4.6672  4.6637  4.6706  4.6694  4.6749  4.6764  4.6778  4.6749  4.6672  4.6511  4.6589  4.6450  4.6590  4.6445  4.6509  4.5934  4.5202  4.4453  4.3838  4.3131  4.3044  5.0392  8.0149  7.7918 
3.5578  3.6345  3.6336  3.6345  3.6336  3.6345  3.6337  3.6621  3.7086  3.7718  3.8381  3.9060  3.9715  4.0388  4.0950  4.1303  4.2068  4.2091  4.2005  4.2158  4.2866  4.3600  4.4232  4.4901  4.5008  4.5951  4.5916  4.5985  4.5973  4.6024  4.6027  4.6072  4.6090  4.6100  4.6070  4.5989  4.5846  4.5892  4.5805  4.5822  4.5785  4.5765  4.5236  4.4524  4.3794  4.3156  4.2527  4.3213  5.2319  5.3642 
3.4969  3.5664  3.5669  3.5664  3.5673  3.5698  3.5969  3.6432  3.7049  3.7710  3.8385  3.9043  3.9701  4.0258  4.0666  4.1310  4.1409  4.1365  4.1548  4.2195  4.2915  4.3555  4.4155  4.4249  4.5162  4.5187  4.5264  4.5253  4.5304  4.5306  4.5346  4.5358  4.5396  4.5415  4.5422  4.5390  4.5308  4.5193  4.5206  4.5112  4.5077  4.4942  4.4448  4.3833  4.3767  4.3123  4.2485  4.2002  4.3500  4.3962 
3.4899  3.4893  3.4896  3.4894  3.4906  3.4956  3.5224  3.5681  3.6284  3.6941  3.7612  3.8270  3.8916  3.9469  3.9912  4.0476  4.0616  4.0622  4.0832  4.1436  4.2134  4.2772  4.3334  4.3553  4.4298  4.4409  4.4481  4.4486  4.4527  4.4537  4.4571  4.4588  4.4621  4.4641  4.4644  4.4611  4.4533  4.4434  4.4424  4.4343  4.4289  4.4126  4.3663  4.3115  4.2936  4.2349  4.1753  4.1441  4.2593  4.2847 
