#Value Function.
7.1664  7.1695  7.1689  7.1697  7.1699  7.1764  7.2048  7.2426  7.2621  7.2657  7.2672  7.2665  7.2683  7.2732  7.3075  7.4431  7.6433  7.8624  8.0902  8.3208  8.5614  8.7948  9.0166  9.0476  9.0619  9.0501  9.0556  8.9895  8.9172  8.8118  8.6856  8.5220  8.3529  8.1727  8.0118  8.0619  8.1891  8.3366  8.4552  8.6007  8.6767  8.7758  8.7966  8.8018  8.7983  8.8017  8.7933  8.7449  8.5428  8.3108 
7.3742  7.3787  7.3802  7.3790  7.3803  7.3795  7.3840  7.4154  7.4580  7.4770  7.4787  7.4806  7.4791  7.4810  7.4824  7.5082  7.6554  7.8667  8.0920  8.3263  8.5616  8.8110  9.0507  9.3041  9.3062  9.3264  9.2485  9.1788  9.0685  8.9422  8.7696  8.5976  8.4083  8.2423  8.1037  8.1650  8.2990  8.4261  8.5852  8.6975  8.8623  8.9242  9.0430  9.0525  9.0584  9.0513  9.0214  8.7964  8.5575  8.3134 
7.5726  7.5919  7.5917  7.5938  7.5918  7.5938  7.5918  7.5936  7.6285  7.6770  7.6949  7.6942  7.6970  7.6943  7.6970  7.6948  7.7081  7.8706  8.0933  8.3241  8.5655  8.8047  9.0643  9.3061  9.6051  9.5086  9.4449  9.3275  9.2036  9.0192  8.8463  8.6465  8.4747  8.3376  8.1899  8.2989  8.3960  8.5404  8.6641  8.8398  8.9386  9.1327  9.1689  9.3191  9.3090  9.3080  9.0513  8.8049  8.5561  8.3147 
7.7398  7.7986  7.8123  7.8097  7.8132  7.8097  7.8131  7.8079  7.7975  7.8485  7.9025  7.9183  7.9147  7.9193  7.9147  7.9193  7.9137  7.9086  8.0926  8.3263  8.5617  8.8113  9.0531  9.3253  9.4986  9.8419  9.5945  9.4740  9.2734  9.1029  8.8903  8.7114  8.5816  8.4013  8.3267  8.4246  8.5403  8.6306  8.7901  8.9049  9.1057  9.1788  9.4190  9.4101  9.6111  9.3090  9.0585  8.8015  8.5582  8.3135 
7.7948  7.9812  8.0266  8.0385  8.0328  8.0387  8.0320  8.0269  7.9724  7.9252  8.0875  8.1329  8.1477  8.1401  8.1480  8.1398  8.1411  8.0899  8.0987  8.3241  8.5654  8.8040  9.0581  9.2494  9.5226  9.4683  9.7852  9.5311  9.3683  9.1398  8.9514  8.8354  8.6341  8.5127  8.5329  8.5568  8.6659  8.7896  8.8677  9.0502  9.1461  9.3866  9.4133  9.7287  9.4105  9.3192  9.0525  8.8050  8.5561  8.3147 
7.8070  8.0257  8.2301  8.2585  8.2708  8.2606  8.2641  8.2004  8.1488  8.0713  8.1406  8.3381  8.3673  8.3836  8.3701  8.3806  8.3292  8.2152  8.1413  8.3261  8.5599  8.8005  8.9989  9.2294  9.2513  9.4696  9.4064  9.6724  9.3955  9.1933  9.1007  8.8737  8.7224  8.7106  8.7606  8.7767  8.7901  8.9141  9.0481  9.1051  9.3238  9.3838  9.6885  9.4449  9.4226  9.1696  9.0431  8.7998  8.5580  8.3135 
7.8058  8.0354  8.2577  8.4911  8.4929  8.5103  8.4324  8.3864  8.2983  8.2515  8.2032  8.3693  8.6018  8.6041  8.6272  8.5772  8.4444  8.3730  8.3065  8.3212  8.5512  8.7503  8.9535  9.0140  9.1831  9.1938  9.3583  9.2536  9.4602  9.3808  9.1132  8.9852  8.7198  8.7586  8.9817  9.0131  9.0277  9.0253  9.1698  9.3174  9.3395  9.6163  9.4370  9.3960  9.2044  9.1383  8.9253  8.7792  8.5520  8.3141 
7.8149  8.0310  8.2671  8.4924  8.7674  8.6671  8.6326  8.5291  8.4876  8.4362  8.3976  8.4025  8.6039  8.8812  8.8349  8.6761  8.6125  8.5344  8.5397  8.4393  8.5053  8.6876  8.7468  8.6643  8.8304  9.0741  9.0695  9.1035  9.0502  9.3617  9.2753  8.8772  8.8468  8.7742  9.0107  9.2662  9.2684  9.2877  9.2607  9.4340  9.6014  9.4108  9.3369  9.2233  9.1243  8.9608  8.8692  8.6815  8.5249  8.3066 
7.8710  8.0356  8.2593  8.5057  8.6257  8.8897  8.7627  8.7311  8.6746  8.6379  8.5911  8.5556  8.6251  8.8156  8.9104  8.8687  8.7154  8.8003  8.6667  8.6690  8.4689  8.4939  8.4716  8.4620  8.5407  8.7115  8.8459  8.8375  8.9773  8.9531  9.2335  9.1431  8.8796  8.8566  9.0150  9.2670  9.5674  9.4614  9.4263  9.5148  9.4819  9.4798  9.5085  9.2120  8.9836  8.8652  8.7181  8.6117  8.5038  8.2831 
8.0526  8.0828  8.2569  8.3994  8.6222  8.7094  8.9831  8.9180  8.8852  8.8341  8.7975  8.7736  8.7312  8.7228  8.8364  9.0246  8.9563  8.7526  8.9473  8.6974  8.5972  8.4303  8.3804  8.2902  8.3274  8.3894  8.5143  8.7135  8.7275  8.8821  8.8350  9.1374  9.1342  8.8555  8.9947  9.2756  9.3530  9.5580  9.5097  9.4885  9.6036  9.5142  9.3397  9.2235  8.9609  8.7863  8.7839  8.7694  8.4916  8.2636 
8.2781  8.2830  8.2933  8.3702  8.4862  8.7177  8.8497  9.1401  9.0830  9.0447  9.0261  8.9745  8.9670  8.9641  8.9466  8.8801  8.9788  8.9446  8.7840  9.0027  8.6506  8.6409  8.4209  8.2545  8.1339  8.1753  8.2786  8.4908  8.6182  8.6269  8.8149  8.7798  9.0819  8.9126  8.8695  9.0961  9.2816  9.3928  9.5285  9.7552  9.6377  9.4695  9.2377  9.0856  8.9071  8.7350  8.7827  8.4985  8.4883  8.2520 
8.5147  8.5173  8.5183  8.5205  8.5401  8.6475  8.8680  8.9952  9.2970  9.2874  9.2224  9.2200  9.2200  9.2006  9.1781  9.0334  8.9919  9.1117  8.9594  8.8295  8.9282  8.6250  8.5050  8.3858  8.1240  7.9486  8.1074  8.2213  8.4013  8.5498  8.5676  8.7847  8.7376  9.0978  8.7165  8.7852  9.1205  9.1664  9.6579  9.4969  9.4708  9.3643  9.1994  8.9109  8.8214  8.7938  8.5208  8.4624  8.4826  8.2714 
8.7564  8.7606  8.7596  8.7607  8.7606  8.7709  8.8791  9.0190  9.1408  9.4013  9.4795  9.4837  9.4580  9.4583  9.2720  9.2613  9.1092  9.1032  9.2690  9.0401  8.8367  8.6285  8.4493  8.3071  8.1762  8.0131  7.8881  8.0154  8.1621  8.3327  8.5167  8.5339  8.7407  8.5720  8.8450  8.6666  8.7993  9.1271  9.1387  9.3198  9.2413  9.1931  9.0148  8.7201  8.6644  8.5277  8.5066  8.6815  8.5176  8.2501 
9.0065  9.0081  9.0098  9.0081  9.0098  9.0080  9.0061  9.1287  9.1458  9.2971  9.5464  9.7159  9.7586  9.4920  9.5462  9.3506  9.3260  9.2742  9.1767  9.2930  9.0055  8.7457  8.4430  8.2630  8.2410  8.1343  7.8705  7.8738  7.9598  8.1231  8.2806  8.2355  8.5331  8.8580  8.4626  8.3865  8.5449  8.4583  8.8137  9.0037  9.0468  8.8632  8.6584  8.5480  8.5133  8.4100  8.5821  8.4199  8.4210  8.2648 
9.2593  9.2657  9.2628  9.2657  9.2628  9.2641  9.2397  9.1604  9.4225  9.3613  9.5510  9.6066  9.7222  9.8576  9.5893  9.5910  9.5520  9.5360  9.3904  9.2624  9.1990  8.8806  8.6595  8.3345  8.0475  7.8322  7.8287  7.6917  7.7837  7.9287  7.7493  8.0031  8.2631  8.3074  8.2693  8.1042  8.0459  8.2760  8.3585  8.7735  8.6391  8.4944  8.3973  8.6112  8.4713  8.4693  8.3257  8.3249  8.2019  8.1694 
9.5245  9.5237  9.5287  9.5237  9.5287  9.5092  9.4207  9.4539  9.4439  9.3933  9.3587  9.4519  9.4935  9.4124  9.9253  9.4751  9.4266  9.5654  9.7166  9.4186  9.2240  8.9955  8.7712  8.5214  8.0479  7.7758  7.7720  7.4720  7.5362  7.5006  7.5786  7.8034  7.7815  7.9782  7.8410  7.7375  7.9892  8.0548  8.1646  8.3365  8.2874  8.1203  8.1819  8.3677  8.3319  8.2390  8.2196  8.1085  8.0822  7.9798 
9.7820  9.7990  9.7907  9.7992  9.7903  9.6908  9.7320  9.6831  9.6622  9.6545  9.6304  9.5808  9.4741  9.5062  9.3585  9.1651  9.2952  9.5554  9.6943  9.7007  9.3529  9.1777  8.8281  8.3540  8.1770  7.7456  7.4043  7.3118  7.2956  7.0260  7.3743  7.5383  7.6353  7.4730  7.4070  7.7024  7.8295  7.9059  7.7781  7.7102  7.8439  7.9326  8.0807  8.1105  8.1265  8.0935  8.0172  7.9481  7.8368  7.8414 
10.0415 10.0615 10.0780 10.0633 10.0744 10.0229 9.9523  9.9322  9.9295  9.9129  9.8586  9.7487  9.6203  9.4843  9.3350  9.0955  9.1652  9.2192  9.3496  9.7366  9.6250  9.1277  8.7911  8.4278  7.9763  7.7848  7.5059  7.0396  6.9441  7.0491  7.2241  7.3865  7.2408  7.1215  7.3316  7.6005  7.6699  7.6411  7.5390  7.5450  7.5699  7.7337  7.7688  7.8694  7.7472  7.6458  7.6943  7.5745  7.6147  7.6161 
10.1568 10.3492 10.3409 10.3660 10.3086 10.2253 10.2088 10.2102 10.1962 10.1441 10.0264 9.8930  9.7537  9.6051  9.4566  9.3129  9.1644  9.0839  9.2366  9.1857  9.5163  8.9390  8.5878  8.3552  7.9290  7.5939  7.4028  7.0335  6.6036  6.8639  6.7825  6.9094  6.8977  7.0983  7.3595  7.4425  7.4302  7.4470  7.3964  7.1144  7.5091  7.3804  7.5174  7.4451  7.3057  7.5145  7.3172  7.3636  7.3818  7.3974 
10.2193 10.4506 10.6680 10.6031 10.5029 10.4924 10.4983 10.4867 10.4386 10.3108 10.1725 10.0304 9.8767  9.7236  9.5768  9.4300  9.2353  9.1006  8.9857  9.1461  8.7810  8.8587  8.1615  8.0420  7.5077  7.1444  6.8351  6.6461  6.5979  5.8047  5.8228  6.7539  6.9606  7.1260  7.2207  7.2217  7.2319  7.2221  6.8776  6.8162  6.8648  7.2386  7.0915  7.0051  7.1345  7.0870  7.1970  7.1736  7.1869  7.1757 
10.3682 10.4967 10.7476 10.7851 10.7779 10.7943 10.7841 10.7428 10.6018 10.4589 10.3145 10.1553 9.9974  9.8465  9.7054  9.4892  9.3552  9.2480  9.0763  8.9289  8.8242  8.2853  8.0777  7.9375  7.6504  7.1036  6.9922  6.6590  6.4732  5.8634  6.2126  6.9075  6.9071  7.0043  7.0162  7.0235  7.0177  7.0234  6.7346  6.6075  6.4595  6.6488  6.7615  6.6740  6.7262  6.9314  6.9767  6.9904  6.9762  6.9806 
10.6023 10.6527 10.7741 10.9834 11.0994 11.0880 11.0580 10.8993 10.7523 10.6065 10.4409 10.2783 10.1224 9.9827  9.8136  9.6252  9.5205  9.3308  9.1828  9.0346  8.8513  8.4647  8.0733  7.9703  7.8013  7.7425  7.3637  7.0905  6.7677  6.5983  6.9352  6.7321  6.7940  6.8143  6.8206  6.8164  6.6524  6.7240  6.7522  6.2133  6.0010  6.0120  6.1903  6.3532  6.6624  6.7765  6.7910  6.7830  6.7910  6.7793 
10.5989 10.9395 10.9580 11.0179 11.3971 11.3858 11.2024 11.0527 10.9068 10.7337 10.5667 10.4043 10.2684 10.0901 9.9214  9.7781  9.5895  9.4432  9.2952  9.1157  8.8349  8.4971  8.3411  8.1820  8.0214  7.8496  7.6153  7.3899  7.2243  7.0246  6.8278  6.7256  6.6164  6.6232  6.6209  6.6233  6.5273  6.3651  6.3408  5.7786  5.4723  5.7276  5.9598  6.3898  6.5740  6.5972  6.5932  6.5979  6.5932  6.5953 
10.6181 10.7954 10.8701 11.0618 11.2288 11.5814 11.3624 11.2160 11.0335 10.8632 10.6917 10.5635 10.3735 10.1970 10.0575 9.8919  9.7147  9.5615  9.3898  9.0887  8.7972  8.5983  8.4174  8.2536  8.0804  7.8726  7.6545  7.4400  7.2299  7.0266  6.8368  6.6854  6.6020  6.5653  6.5317  6.3268  6.1539  6.0588  5.6378  4.9483  5.1452  5.5572  6.0527  6.3615  6.3676  6.5088  6.4210  6.4088  6.4105  6.4052 
10.7250 10.8934 10.8942 11.0335 11.2322 11.2971 11.6152 11.3399 11.1685 10.9835 10.8691 10.6640 10.4780 10.3450 10.1690 10.0154 9.8530  9.6789  9.3236  9.0578  8.8482  8.6562  8.4915  8.3179  8.1016  7.8758  7.6558  7.4399  7.2307  7.0329  6.8729  6.7898  6.7578  6.7299  6.6546  6.4828  6.0600  5.5814  5.0230  4.0962  4.5614  5.6040  6.1156  6.1991  6.3042  6.4109  6.3244  6.2470  6.2295  6.2262 
10.9574 11.1714 11.3032 11.3201 11.3155 11.3308 11.4209 11.5808 11.2803 11.1868 10.9615 10.7633 10.6426 10.4517 10.2994 10.1285 9.9836  9.8073  9.4264  9.1120  8.8997  8.7352  8.5629  8.3366  8.1026  7.8771  7.6553  7.4404  7.2343  7.0641  6.9820  6.9553  6.9334  6.8631  6.6917  6.4494  6.0444  5.7594  5.0567  4.2491  4.3038  5.5625  6.0238  6.1236  6.2150  6.2064  6.2172  6.1444  6.0759  6.0527 
10.9869 11.2770 11.5681 11.6229 11.6377 11.6273 11.6358 11.5835 11.6867 11.3325 11.0518 10.9523 10.7391 10.5924 10.4094 10.2690 10.0901 9.9213  9.7080  9.2678  8.9848  8.8159  8.5773  8.3349  8.1043  7.8762  7.6558  7.4416  7.2586  7.1785  7.1577  7.1421  7.0782  6.9005  6.6448  6.3350  6.2311  6.0177  5.4157  5.0037  5.3245  5.5373  5.8341  6.0270  6.0321  6.0386  6.0323  6.0318  5.9691  5.9219 
11.0380 11.2932 11.5921 11.9250 11.9468 11.9647 11.9289 11.7833 11.7621 11.6044 11.3156 11.0294 10.8960 10.6948 10.5637 10.3732 10.1994 10.0415 9.7884  9.4644  9.0778  8.8239  8.5726  8.3376  8.1027  7.8771  7.6553  7.4560  7.3795  7.3653  7.3559  7.3000  7.1206  6.8180  6.5261  6.4405  6.3296  6.1025  5.5601  5.6047  5.5667  5.7081  5.8921  6.0482  6.0939  6.0867  6.0959  6.0867  6.0948  6.0693 
11.0127 11.3619 11.5999 11.9117 12.3026 12.2721 12.1393 12.0395 11.9235 11.7491 11.5959 11.3075 10.9830 10.8692 10.6631 10.4823 10.3381 10.0699 9.7744  9.5116  9.1700  8.7587  8.3315  8.1811  8.0858  7.8742  7.6557  7.5852  7.5783  7.5746  7.5299  7.3388  7.0875  6.8281  6.6728  6.5264  6.3454  6.1441  6.0985  5.7234  5.9992  6.0552  6.0128  6.0921  6.2460  6.2767  6.2612  6.2770  6.2517  6.2054 
11.0374 11.2881 11.4728 11.8117 11.9846 12.4515 12.3607 12.3956 12.3086 12.0810 11.7969 11.5317 11.2231 10.9597 10.7687 10.6471 10.3551 10.0725 9.6001  9.3085  9.1827  8.8779  8.4110  8.0426  7.8776  7.8374  7.7960  7.7972  7.7973  7.7700  7.5558  7.3391  6.9743  6.8771  6.7248  6.5355  6.3401  6.1501  6.2084  6.1544  6.2585  6.3355  6.3514  6.3988  6.3866  6.4339  6.4653  6.4371  6.3878  6.3488 
10.9559 11.0307 11.3311 11.5551 11.9988 11.9475 12.3019 12.3366 12.4832 12.2516 12.0749 11.6713 11.4405 11.0566 10.9712 10.6455 10.3561 10.0719 9.7104  9.2466  9.0132  8.8651  8.5912  8.0377  7.8024  7.7669  8.0100  8.0228  8.0226  7.7764  7.5521  7.3413  7.1306  6.9287  6.7298  6.5319  6.2854  6.2833  6.1854  6.3055  6.4913  6.4872  6.5428  6.5127  6.7413  6.6610  6.6278  6.5712  6.5405  6.4698 
10.7482 10.9970 11.1457 11.4409 11.5849 11.8956 11.8590 12.0790 12.2541 12.4446 12.1054 11.9613 11.5964 11.3627 10.9442 10.6139 10.3492 10.0719 9.8097  9.4603  9.1054  8.9356  8.5757  8.1921  7.7742  7.7928  7.8930  8.2896  8.0081  7.7083  7.5490  7.3384  7.1323  6.9277  6.7304  6.5007  6.4197  6.3918  6.5387  6.3961  6.5791  6.6266  6.7299  6.7608  6.5905  6.8426  6.7568  6.7372  6.6551  6.6360 
10.6843 10.8552 11.1052 11.2024 11.4101 11.5136 11.6933 11.9881 12.0999 12.2519 12.3581 11.9342 11.8452 11.4193 11.0352 10.7148 10.2991 10.1013 9.7221  9.5200  9.3618  8.9469  8.5382  8.2612  7.9073  7.6531  7.7076  7.4869  7.8854  7.7646  7.4894  7.3291  7.1292  6.9286  6.7298  6.6042  6.6471  6.6755  6.6941  6.7629  6.6903  6.9741  6.9787  6.8530  6.8533  6.7585  6.9429  6.8404  6.8294  6.8343 
10.5624 10.7875 10.9103 11.1064 11.3692 11.4865 11.6167 11.7957 12.1194 12.1101 12.4150 12.2309 11.6946 11.4787 11.1371 10.8071 10.5557 10.2381 9.8368  9.6523  9.3732  9.0099  8.6192  8.2723  7.9767  7.6547  7.4561  7.3391  6.8277  7.0902  7.2500  7.0728  7.0936  6.9224  6.7297  6.6477  6.6673  7.0032  6.8553  6.8264  7.0430  6.9087  7.1444  7.0296  7.0088  7.0440  7.0064  7.0245  7.0433  6.9899 
10.4795 10.6214 10.8105 11.0561 11.2832 11.5833 11.5247 11.7722 11.9434 12.2872 12.1828 12.3354 11.9073 11.5859 11.2241 11.1352 10.7030 10.4643 10.0977 9.6619  9.2156  8.9896  8.7438  8.3493  8.0238  7.6841  7.2830  7.1320  6.4284  5.2808  5.3351  6.6601  6.8176  6.6851  6.6989  6.5525  6.7589  6.9472  7.0795  7.0230  7.0298  7.2536  7.2142  7.3482  7.3861  7.3466  7.1926  7.2578  7.1965  7.1358 
10.3335 10.5211 10.7514 10.9651 11.0986 11.3347 11.5490 11.5687 11.8912 11.9541 12.3109 12.1073 12.2117 11.6803 11.5726 11.1461 10.8407 10.2443 10.1450 9.8060  9.4459  9.0289  8.7001  8.5369  8.1023  7.6518  7.6342  7.1476  6.2178  5.2554  4.8791  5.9848  6.5122  6.6170  6.5090  6.5617  6.7403  6.8608  7.1264  7.2868  7.3163  7.2960  7.6060  7.5193  7.7231  7.6028  7.5270  7.4053  7.3469  7.2727 
10.2341 10.4550 10.6585 10.8068 11.0216 11.2148 11.3785 11.5624 11.6156 11.8959 11.8438 12.2560 11.9275 11.9047 11.5762 11.2489 10.7697 10.3713 10.0764 9.8794  9.6688  9.2479  8.8298  8.4456  8.0653  8.0458  7.4683  7.0420  6.7550  6.1096  5.8795  6.3464  6.4145  6.6881  6.6805  6.6850  6.6892  6.9060  7.0316  7.1539  7.2980  7.5783  7.6137  8.0211  7.8698  7.9457  7.7101  7.6325  7.4574  7.6069 
10.1629 10.3619 10.5186 10.7183 10.9063 11.0695 11.2332 11.3114 11.6777 11.5287 11.8647 11.7957 12.3328 11.8369 11.6541 11.3956 10.8087 10.5013 10.1528 9.9972  9.8012  9.5239  9.0254  8.5763  8.1813  7.9234  7.7713  7.3827  6.8829  7.0012  6.8167  6.5111  6.9239  6.8524  6.9035  6.7334  6.6980  6.8292  6.9414  6.9911  7.2090  7.5213  7.8353  7.9586  8.3982  8.1611  8.0746  7.8261  7.8560  7.7891 
10.0707 10.2353 10.4238 10.6059 10.7672 10.9211 11.0294 11.3119 11.2854 11.5497 11.3943 11.7870 11.6563 12.0210 11.4635 11.2080 11.0954 10.5754 10.2839 10.0894 9.8101  9.6205  9.3556  8.7627  8.3836  8.4028  7.7618  7.4608  7.6047  7.6558  7.3421  6.9704  6.7489  7.1399  6.9211  6.8288  6.7425  6.7437  6.8588  7.0551  7.1693  7.4451  7.7091  8.0982  8.1796  8.5617  8.2122  8.1261  8.1707  7.9897 
9.9493  10.0964 10.2987 10.4719 10.6199 10.7441 10.9735 11.0043 11.1841 11.0317 11.3911 11.2400 11.5270 11.4596 11.6677 11.4476 10.9610 10.9086 10.3927 10.0745 9.8939  9.6941  9.1690  8.7968  8.8777  8.3719  7.9662  7.9947  7.9169  7.6857  7.3230  7.0773  6.9720  7.1036  7.0294  6.9332  6.9023  6.7944  6.8653  7.0579  7.2725  7.4657  7.7103  7.9248  8.2799  8.3082  8.5208  8.3486  8.2154  8.0808 
9.8103  9.9101  9.9691  10.2625 10.4576 10.6560 10.7342 11.0035 10.8781 11.0063 10.9299 11.2323 11.1542 11.2722 11.3313 11.2980 11.0329 10.6979 10.5168 10.1674 10.0376 9.4373  9.4588  9.4313  8.7787  8.4545  8.3386  8.1666  7.9196  7.6039  7.2925  7.2892  7.0792  7.0788  7.1248  7.1173  6.9835  6.9543  6.8683  7.0656  7.2601  7.4881  7.6818  7.8752  8.0475  8.2568  8.2448  8.1863  8.0809  7.9798 
9.6399  9.7832  9.9647  10.1383 10.2936 10.4537 10.6736 10.6980 10.9722 10.7422 10.6848 10.9285 11.0008 11.0699 10.8709 11.0220 11.0100 10.7462 10.4431 10.3865 10.0086 9.8478  9.5162  9.0372  8.9443  8.5898  8.4135  8.1450  7.9211  7.5143  7.3590  7.1817  7.1729  7.2550  7.3460  7.1710  7.1668  7.0636  6.9414  7.0580  7.2732  7.4649  7.6447  7.7604  7.8465  8.0178  8.0249  8.0101  7.9526  7.8527 
9.5147  9.6895  9.8569  10.0235 10.2956 10.3392 10.4811 10.7188 10.5880 10.6107 10.6965 10.5964 10.6153 10.5755 10.8339 10.6617 10.5677 10.3112 10.3797 10.1606 9.9361  9.7931  9.4003  9.1117  8.7972  8.6682  8.3835  8.0796  7.7787  7.4401  7.3830  7.4050  7.2851  7.1441  7.3611  7.3899  7.2724  7.1470  7.0023  7.0648  7.2524  7.4227  7.5405  7.6341  7.7760  7.7997  7.7956  7.7989  7.7817  7.7228 
9.4186  9.5866  9.7582  10.0039 10.1966 10.3155 10.4911 10.5289 10.4891 10.5654 10.1956 10.4372 10.2840 10.4907 10.3347 10.3146 10.0458 10.1171 9.9939  9.9425  10.1166 9.6566  9.2508  9.0722  8.8481  8.5640  8.2870  7.9085  7.6832  7.6749  7.6406  7.5017  7.3467  7.1518  7.2698  7.4849  7.3590  7.2025  7.0902  7.0449  7.2076  7.3263  7.4235  7.5450  7.5786  7.5784  7.5808  7.5783  7.5786  7.5567 
9.3207  9.5004  9.7570  9.9909  10.0884 10.3712 10.4422 10.5181 10.5950 10.4651 10.1040 9.9801  10.3144 10.2359 10.1160 9.9948  10.0550 9.8397  10.0227 10.0776 9.8855  9.5461  9.2717  9.0172  8.8184  8.4758  8.1378  7.9510  7.9435  7.8774  7.7213  7.5669  7.3611  7.1601  7.2414  7.3860  7.4081  7.2893  7.2364  7.0564  7.1175  7.2160  7.3231  7.3623  7.3660  7.3676  7.3663  7.3676  7.3659  7.3612 
9.2433  9.4889  9.7469  10.0397 10.2917 10.3441 10.5897 10.4652 10.4703 10.1475 10.0121 10.0802 10.0049 10.0203 9.9493  9.8373  9.7521  9.7524  9.7894  9.7443  9.5904  9.4810  9.2743  9.0157  8.7741  8.5584  8.3284  8.2160  8.1185  7.9438  7.7944  7.5756  7.3660  7.1554  7.1644  7.2895  7.5088  7.4685  7.2440  7.2056  7.0123  7.1088  7.1511  7.1584  7.1600  7.1592  7.1600  7.1592  7.1600  7.1559 
9.2253  9.4813  9.7599  10.0174 10.3299 10.4858 10.3484 10.4770 10.2039 10.1437 9.8846  9.7810  9.7928  9.7387  9.7366  9.6702  9.5688  9.5380  9.6571  9.5737  9.3941  9.3214  9.2077  9.0102  8.7659  8.6389  8.4556  8.3646  8.1682  8.0306  7.7945  7.5812  7.3633  7.1568  7.0808  7.2019  7.3575  7.4235  7.4405  7.2015  7.0023  6.9453  6.9556  6.9576  6.9572  6.9577  6.9572  6.9577  6.9572  6.9550 
9.2184  9.4888  9.7455  10.0274 10.1800 10.1814 10.3434 10.2547 10.1042 9.9374  9.8449  9.6270  9.5259  9.5177  9.4756  9.4620  9.3991  9.5983  9.4703  9.3371  9.2929  9.1439  9.0599  8.9428  8.7534  8.5343  8.4834  8.4100  8.2774  8.0170  7.8025  7.5765  7.3661  7.1552  6.9997  7.1386  7.2080  7.2271  7.2171  7.2026  6.9981  6.8186  6.7603  6.7602  6.7605  6.7602  6.7605  6.7602  6.7605  6.7577 
9.2220  9.4776  9.7359  9.8860  9.9173  10.0386 10.0253 10.0467 9.9652  9.8239  9.6718  9.5610  9.3726  9.2743  9.2526  9.2168  9.3256  9.4599  9.3190  9.2024  9.0877  9.0252  8.8962  8.8054  8.6859  8.5051  8.3136  8.2459  8.1682  8.0306  7.7945  7.5812  7.3633  7.1567  6.9572  6.9978  7.0194  7.0146  7.0204  7.0119  6.9774  6.7990  6.6372  6.5757  6.5689  6.5683  6.5681  6.5683  6.5681  6.5658 
9.2090  9.4509  9.5986  9.6494  9.7452  9.7500  9.7633  9.7509  9.7567  9.6800  9.5478  9.4059  9.2856  9.1189  9.0237  9.0649  9.1769  9.1622  9.1762  9.0582  8.9443  8.8380  8.7648  8.6490  8.5544  8.4335  8.2622  8.0909  8.0122  7.9296  7.7903  7.5727  7.3632  7.1525  6.9509  6.8147  6.8138  6.8173  6.8139  6.8170  6.8070  6.7603  6.6023  6.4557  6.3927  6.3806  6.3789  6.3785  6.3786  6.3768 
