#Value Function.
11.5911 11.9317 12.1670 12.5148 12.8447 13.1292 13.1439 13.1653 13.2696 13.4339 13.5663 13.6418 13.6826 13.7085 13.7735 13.8270 13.8483 13.8485 13.8480 13.8508 13.9355 14.1749 14.4910 14.8257 15.1634 15.4489 15.7523 16.0619 16.3029 16.5355 16.8094 16.9801 17.0848 17.1015 17.1015 17.0961 17.0859 17.0217 16.9565 16.8332 16.6991 16.5434 16.1788 15.8096 15.4804 15.1947 14.9719 14.8675 14.6146 14.2904
11.6617 11.9597 12.3286 12.5278 12.9214 13.2517 13.5647 13.4935 13.5410 13.6586 13.8417 13.9730 14.0420 14.0794 14.0989 14.1774 14.2305 14.2476 14.2441 14.2439 14.2383 14.3283 14.5997 14.9331 15.2776 15.6294 15.9063 16.2239 16.5485 16.7786 17.0138 17.3161 17.4696 17.5762 17.5749 17.5758 17.4976 17.4428 17.3084 17.1653 17.0474 16.6357 16.2493 15.9118 15.6195 15.3720 15.3185 15.0440 14.7110 14.3280
11.6937 12.0426 12.3250 12.7431 12.8768 13.2310 13.6472 13.8834 13.8617 13.9264 14.0519 14.2593 14.3842 14.4461 14.4811 14.4910 14.5900 14.6384 14.6512 14.6436 14.6416 14.5992 14.7303 15.0342 15.3825 15.7353 16.1055 16.3647 16.7037 17.0452 17.2561 17.4960 17.8380 17.9586 18.0773 17.9736 17.9388 17.7906 17.6252 17.5748 17.0922 16.6923 16.3472 16.0521 15.7783 15.6638 15.5162 15.1339 14.7392 14.3389
11.7224 12.0705 12.4323 12.6538 13.0109 13.2468 13.6222 13.9619 14.1413 14.2675 14.3174 14.4544 14.6929 14.8029 14.8588 14.8929 14.8876 15.0187 15.0538 15.0643 15.0160 14.9553 14.9596 15.1494 15.4829 15.8441 16.2032 16.5991 16.8258 17.1997 17.5584 17.7388 17.9875 18.3854 18.4513 18.4528 18.2852 18.0997 17.9573 17.4758 17.1450 16.7913 16.4990 16.1963 16.0404 15.8909 15.5203 15.1560 14.7391 14.3941
11.7259 12.1058 12.4504 12.8424 13.0164 13.4388 13.5955 13.8509 14.3073 14.3091 14.6467 14.6763 14.8747 15.1437 15.2230 15.2736 15.3175 15.1447 15.4999 15.4463 15.3573 15.2266 15.4054 15.2953 15.5962 15.9435 16.3185 16.6803 17.1143 17.2841 17.7166 18.0932 18.2186 18.4773 18.9678 18.8028 18.3467 18.3779 17.8938 17.6240 17.2427 16.9620 16.6261 16.4273 16.1142 15.9296 15.5770 15.1414 14.7947 14.5147
11.7526 12.1006 12.4979 12.8352 13.2754 13.2219 13.4755 13.8573 14.1149 14.3303 14.4710 14.7664 15.1332 15.1000 15.1567 15.5196 15.6242 15.6271 15.3744 15.8133 15.6551 15.5429 15.4114 15.5745 15.6953 16.0647 16.4221 16.7727 17.0781 17.6242 17.6621 17.9526 18.3829 18.6072 18.8632 18.5893 18.4618 18.1630 17.9598 17.5539 17.2401 17.0135 16.8146 16.3593 16.1331 15.7159 15.4817 15.1973 14.9330 14.6272
11.7417 12.1402 12.4764 12.9057 12.8722 13.0928 13.4336 13.7232 14.0374 14.0828 14.4143 14.8069 14.8616 15.0312 15.2712 15.1757 15.2960 15.2430 15.3356 15.7107 16.0324 15.8334 15.8134 15.6506 15.8491 16.1479 16.5860 16.8262 17.2861 17.2729 17.6317 18.0383 18.2589 18.5420 18.5438 18.6689 18.1548 17.9496 17.6671 17.4347 17.0863 16.8236 16.5659 16.4324 16.0365 15.6874 15.3215 15.0786 14.8117 14.5141
11.7458 12.1198 12.5376 12.6162 12.8906 13.0704 13.4399 13.7043 13.7112 14.0211 14.4715 14.6158 14.9049 14.9060 14.8393 15.1203 15.0511 14.9482 15.2288 15.5344 15.7832 16.3280 16.1063 15.8254 15.8117 16.2594 16.6479 17.1036 17.0551 17.2930 17.6557 18.0469 18.2928 18.3139 18.4454 18.1743 18.2113 17.7326 17.4571 17.1872 16.9387 16.6278 16.3608 16.1227 16.0515 15.6264 15.2637 14.9193 14.6545 14.3887
11.6700 12.1448 12.4564 12.5299 12.8758 13.3259 13.3578 13.4174 13.6978 14.1491 14.3537 14.5654 14.5588 14.6683 15.1279 14.7650 14.6647 14.7852 15.0612 15.3038 15.7652 15.8114 16.2794 16.1956 15.9851 16.2623 16.7642 16.7825 16.9769 17.3296 17.6820 17.9742 17.8664 18.2607 18.0867 18.1297 17.7883 17.8214 17.3094 16.9903 16.7178 16.4624 16.1742 15.9113 15.6940 15.6593 15.2268 14.8559 14.5216 14.2433
11.6353 12.0461 12.1891 12.4984 12.8670 12.9742 13.1503 13.4024 13.8565 14.0443 14.2483 14.3699 14.4548 14.9119 14.6563 14.6294 14.3735 14.6162 14.8797 15.2503 15.3962 15.7336 15.7992 16.2505 16.2982 16.4203 16.5960 16.8224 17.1474 17.3822 17.6074 17.5361 18.0402 17.9434 17.8009 17.6950 17.6946 17.4248 17.2683 16.8625 16.5368 16.2604 16.0021 15.7287 15.4740 15.2760 15.2631 14.8350 14.4608 14.1269
11.5292 11.8402 12.1253 12.4421 12.5980 12.8146 13.1763 13.5757 13.7048 14.0181 14.0912 14.2249 14.6832 14.4464 14.4309 14.2560 14.1911 14.4590 14.7938 14.9675 15.2440 15.3904 15.7518 16.0089 16.4168 16.3844 16.7385 16.9881 17.3260 17.2721 17.3038 17.8219 17.6490 17.5353 17.4234 17.4132 17.2533 17.3427 16.9849 16.7618 16.4114 16.0924 15.8146 15.5557 15.2929 15.0478 14.8728 14.8341 14.4429 14.0702
11.3629 11.7590 12.0452 12.2445 12.5538 12.8680 13.2118 13.4848 13.9160 13.8384 14.0111 14.3781 14.2127 14.2078 14.0488 13.9897 14.2862 14.4644 14.7966 15.2805 15.2736 15.6094 15.8033 16.0439 16.3136 16.6757 16.8437 17.2619 17.0789 17.2219 17.5721 17.4752 17.3053 17.1488 17.0399 16.9845 16.9004 16.7986 16.7852 16.5217 16.2806 15.9637 15.6561 15.3796 15.1218 14.8673 14.6442 14.4888 14.3252 14.0274
11.4093 11.6968 11.9707 12.3095 12.6167 12.9468 13.1785 13.5721 13.5927 13.7830 14.0840 13.9057 13.9162 13.8088 13.7656 14.0240 14.4322 14.7257 14.8654 15.1200 15.4435 15.6245 16.0454 16.2577 16.5082 16.7796 17.2149 16.9998 17.0687 17.2956 17.1933 17.0735 16.9657 16.8109 16.7849 16.5995 16.4978 16.4097 16.3225 16.2663 16.0542 15.8157 15.5226 15.2276 14.9549 14.6994 14.4532 14.2372 14.0685 13.8911
11.5120 11.7680 12.0678 12.3364 12.7044 13.0041 13.2630 13.3600 13.5309 13.7731 13.6240 13.6292 13.5138 13.4848 13.7574 14.1705 14.4298 14.8963 15.1766 15.2838 15.5507 15.8391 16.0025 16.4195 16.7299 17.0044 16.7564 16.9818 17.0963 16.8858 16.7954 16.6958 16.5839 16.4637 16.3788 16.4453 16.1699 16.0324 15.9358 15.8517 15.7736 15.5910 15.3630 15.0892 14.8071 14.5397 14.2879 14.0488 13.8375 13.6583
11.5398 11.8943 12.1258 12.4531 12.7171 13.0439 13.1270 13.2156 13.4240 13.4779 13.3623 13.2403 13.2055 13.4578 13.8611 14.1646 14.6317 14.8167 15.2217 15.3670 15.7438 15.9954 16.2859 16.4089 16.7167 16.6169 16.8528 16.8228 16.5532 16.5602 16.4128 16.3113 16.2005 16.0874 16.0141 15.9392 16.0475 15.7516 15.5853 15.4773 15.3906 15.3007 15.1362 14.9210 14.6642 14.3946 14.1339 13.8866 13.6537 13.4417
11.5918 11.9062 12.2891 12.5149 12.8857 12.9392 12.8531 13.0976 13.2312 13.0613 13.0513 12.9596 13.1929 13.5772 13.8539 14.3088 14.5423 14.7649 15.0647 15.5646 15.7260 16.1846 16.0257 16.4135 16.5510 16.5411 16.4850 16.3698 16.3046 16.1138 16.0621 15.9230 15.8287 15.7688 15.6848 15.5595 15.5427 15.6755 15.3539 15.1563 15.0339 14.9410 14.8441 14.6915 14.4892 14.2476 13.9903 13.7370 13.4950 13.2633
11.5952 11.9752 12.2715 12.6901 12.5820 12.5328 12.7322 13.0924 12.8178 12.8042 12.6882 12.9355 13.3507 13.5748 14.0187 14.2372 14.3474 14.6505 15.0794 15.3710 15.8448 15.6934 15.9105 16.1236 16.2802 16.2554 16.1977 16.0254 15.9060 15.8169 15.6666 15.6875 15.4906 15.3805 15.4247 15.2486 15.1846 15.1833 15.3702 14.9716 14.7441 14.6053 14.5041 14.4021 14.2577 14.0673 13.8396 13.5941 13.3487 13.1082
11.6640 11.9566 12.3720 12.2881 12.2804 12.4341 12.8303 12.6686 12.6544 12.4689 12.5801 12.9607 13.3365 13.7942 13.9341 13.9533 14.2373 14.6220 14.9367 15.3020 15.3347 15.4467 15.6824 16.0519 16.0798 16.0541 15.9353 15.7570 15.5785 15.4524 15.3505 15.2351 15.3305 15.0867 14.9621 15.0561 14.8478 14.8767 14.8671 14.8563 14.5661 14.3397 14.1894 14.0798 13.9736 13.8350 13.6552 13.4402 13.2060 12.9647
11.5331 12.0823 12.0216 12.0156 12.2524 12.6938 12.4209 12.4130 12.3032 12.2504 12.5841 12.9795 13.3683 13.6436 13.5766 13.8307 14.1827 14.4972 14.8007 14.8883 15.0080 15.2341 15.5306 15.6177 15.7332 15.6739 15.6965 15.5352 15.3782 15.1541 15.0126 14.9030 14.8503 15.0234 14.7011 14.5881 14.6873 14.5315 14.4601 14.4262 14.3800 14.1538 13.9405 13.7844 13.6676 13.5577 13.4234 13.2529 13.0494 12.8219
11.5490 11.8854 11.7358 11.9646 12.2631 12.2619 12.2623 12.0815 12.0263 12.2182 12.5956 12.9804 13.3903 13.2291 13.4332 13.7574 14.0614 14.3279 14.4473 14.5767 14.7892 15.0401 15.1591 15.2934 15.3416 15.4287 15.2602 15.3268 15.2539 14.9744 14.7409 14.5864 14.5415 14.5316 14.5272 14.3013 14.2231 14.2929 14.3102 14.0873 14.0046 13.9317 13.7438 13.5463 13.3890 13.2668 13.1538 13.0227 12.8602 12.6631
11.3480 11.4773 11.6303 11.9219 11.8786 11.8801 11.8796 11.8599 11.8758 12.2203 12.5868 12.9190 12.9472 13.0476 13.3440 13.6335 13.8767 14.0146 14.1522 14.3518 14.5741 14.7173 14.8977 14.9803 15.1631 14.9908 15.0944 14.9387 14.9957 15.0393 14.6514 14.4241 14.1988 14.1208 14.0973 14.0646 13.9001 13.8690 13.8658 13.9512 13.7564 13.6132 13.5086 13.3409 13.1581 13.0024 12.8767 12.7612 12.6326 12.4731
11.0207 11.3237 11.7229 11.5351 11.5406 11.5134 11.5086 11.5579 11.8545 12.1964 12.4822 12.5623 12.6798 12.9420 13.2154 13.4428 13.5916 13.7351 13.9236 14.1273 14.2856 14.4776 14.7557 14.7370 14.6864 14.6867 14.6231 14.7555 14.6274 14.6967 14.8615 14.4396 14.0929 13.8272 13.7173 13.6751 13.6265 13.5044 13.5072 13.4979 13.5638 13.5013 13.2576 13.1104 12.9487 12.7770 12.6243 12.4966 12.3795 12.2489
10.8720 11.2935 11.3169 11.3256 11.2042 11.1794 11.2362 11.4993 11.8136 12.0702 12.1826 12.3139 12.5518 12.8080 13.0236 13.1786 13.3260 13.5055 13.6971 13.8661 14.0734 14.3839 14.4077 14.3161 14.2943 14.3781 14.2807 14.2752 14.2885 14.3810 14.3722 14.4856 14.1760 13.7739 13.4706 13.3297 13.2668 13.2081 13.1155 13.1316 13.1196 13.1440 13.2538 12.9186 12.7333 12.5688 12.4042 12.3710 12.3645 12.3572
10.7754 10.9505 10.9605 10.9598 10.9521 10.9162 11.1527 11.4406 11.6773 11.8100 11.9516 12.1718 12.4116 12.6176 12.7758 12.9253 13.0978 13.2813 13.4582 13.6775 14.0070 14.1070 13.9838 13.9636 13.9243 13.9215 14.1112 13.9020 13.9307 13.9475 14.0232 14.0184 14.1173 13.8441 13.4598 13.1266 12.9567 12.8731 12.8067 12.7335 12.7541 12.8292 12.8116 12.8023 12.7390 12.7284 12.7248 12.7222 12.7196 12.7126
10.4719 10.6039 10.6065 10.6101 10.6110 10.8140 11.0780 11.3001 11.4455 11.5943 11.8010 12.0260 12.2237 12.3831 12.5335 12.7005 12.8785 13.0607 13.2847 13.5873 13.8619 13.6629 13.6612 13.5773 13.5420 13.6477 13.6455 13.6512 13.5272 13.5833 13.5998 13.6644 13.6499 13.7433 13.4695 13.1219 12.7968 12.8798 12.9557 13.0303 13.0797 13.0968 13.0987 13.0965 13.0942 13.0915 13.0892 13.0865 13.0839 13.0748
10.1432 10.2676 10.2761 10.3076 10.4862 10.7259 10.9365 11.0895 11.2429 11.4391 11.6510 11.8411 12.0003 12.1507 12.3135 12.4880 12.6749 12.9094 13.2100 13.5628 13.4181 13.4127 13.2801 13.2418 13.2125 13.2239 13.2286 13.2288 13.2189 13.1859 13.2341 13.2466 13.3257 13.4238 13.3795 13.1061 13.0847 13.1683 13.2545 13.3303 13.4097 13.4574 13.4698 13.4699 13.4672 13.4649 13.4620 13.4597 13.4558 13.4389
10.3075 10.3457 10.3510 10.3528 10.3913 10.5894 10.7447 10.8990 11.0856 11.2861 11.4693 11.6272 11.7772 11.9370 12.1111 12.3129 12.6155 12.8985 13.3307 13.1332 13.1285 13.0315 12.9929 12.8931 12.8437 12.8168 12.8176 12.8209 12.8207 12.8418 12.9468 13.0262 13.0816 13.1604 13.2221 13.3051 13.3888 13.4608 13.5492 13.6386 13.7132 13.7995 13.8438 13.8508 13.8496 13.8464 13.8443 13.8408 13.8324 13.7832
10.5387 10.6152 10.6454 10.6457 10.6450 10.6417 10.6388 10.7464 10.9335 11.1079 11.2638 11.4131 11.5718 11.7521 11.9928 12.3895 12.6124 13.0286 12.8978 12.8945 12.7631 12.7216 12.6447 12.5920 12.5097 12.4569 12.4459 12.5706 12.8342 13.0526 13.2158 13.3272 13.4044 13.4539 13.5435 13.6024 13.7054 13.7723 13.8457 13.9399 14.0324 14.1038 14.2008 14.2387 14.2398 14.2382 14.2345 14.2301 14.1927 14.0575
10.8022 10.8417 10.9296 10.9509 10.9466 10.9470 10.9254 10.8241 10.7692 10.9153 11.0621 11.2191 11.4032 11.6524 12.0144 12.3697 12.8067 12.6126 12.6094 12.5220 12.4871 12.3884 12.3319 12.2634 12.2053 12.1330 12.3423 12.6583 12.9604 13.2282 13.4479 13.6090 13.7162 13.7920 13.8324 13.9391 14.0166 14.0997 14.1642 14.2393 14.3408 14.4363 14.5015 14.6150 14.6412 14.6369 14.6362 14.6103 14.4685 14.2746
11.0508 11.1204 11.1442 11.2567 11.2610 11.2540 11.1246 11.0768 11.0230 11.0228 11.0250 11.0701 11.3181 11.6527 11.9992 12.3457 12.3706 12.3807 12.2545 12.2162 12.1467 12.0981 12.0166 11.9547 11.8902 12.1011 12.4060 12.7250 13.0511 13.3605 13.6319 13.8530 14.0112 14.1136 14.1895 14.2522 14.3386 14.4156 14.5047 14.5643 14.6420 14.7525 14.8507 14.9049 15.0450 15.0496 15.0428 14.8800 14.7080 14.3381
11.1119 11.4152 11.4347 11.4500 11.5999 11.4239 11.4005 11.2981 11.3236 11.3357 11.3326 11.3325 11.3268 11.6317 11.9180 11.9785 11.9884 11.9871 11.9797 11.8906 11.8390 11.7770 11.7230 11.6511 11.8926 12.1767 12.4755 12.7891 13.1177 13.4545 13.7708 14.0457 14.2680 14.4227 14.5192 14.5941 14.6532 14.7493 14.8229 14.9213 14.9718 15.0543 15.1756 15.2764 15.3119 15.4950 15.2919 15.1585 14.7368 14.4142
11.2430 11.4358 11.8003 11.6498 11.6499 11.7409 11.6059 11.5825 11.6086 11.6472 11.6553 11.6493 11.6381 11.5515 11.6005 11.6156 11.6200 11.6311 11.6594 11.6671 11.6662 11.6637 11.6613 11.7384 11.9824 12.2602 12.5523 12.8595 13.1819 13.5205 13.8689 14.1917 14.4696 14.6935 14.8435 14.9332 15.0086 15.0616 15.1727 15.2371 15.3515 15.3853 15.4768 15.6107 15.7144 15.7229 15.4191 15.0727 14.8025 14.6109
11.4730 11.5609 11.6606 11.9992 11.8922 11.8924 11.9236 11.8127 11.7947 11.9597 11.9743 11.9828 11.8695 11.8354 11.8559 11.8901 11.9008 11.9302 11.9582 11.9898 11.9933 11.9915 11.9852 11.9414 12.0764 12.3519 12.6370 12.9375 13.2533 13.5846 13.9335 14.2947 14.6233 14.9038 15.1297 15.2737 15.3553 15.4341 15.4762 15.6114 15.6560 15.7985 15.8023 15.9114 16.0582 15.6850 15.4692 15.2026 15.0180 14.8758
11.4938 11.8566 11.8789 11.8993 12.2510 12.0988 12.1042 12.1389 12.0460 12.0467 12.3460 12.1873 12.1766 12.0930 12.0653 12.2093 12.2224 12.2307 12.2659 12.2928 12.3294 12.3262 12.2968 12.1251 12.1732 12.4466 12.7316 13.0232 13.3325 13.6572 13.9975 14.3570 14.7326 15.0656 15.3485 15.5772 15.7133 15.7853 15.8720 15.8947 16.0694 16.0749 16.2681 16.2214 16.0289 15.9076 15.6130 15.4274 15.3078 15.0982
11.4870 11.8532 12.2595 12.0307 12.1064 12.4602 12.3641 12.3642 12.2627 12.3906 12.3454 12.5343 12.4207 12.4112 12.3392 12.3172 12.5981 12.4501 12.4676 12.6337 12.6288 12.6804 12.4406 12.3556 12.1833 12.5287 12.8318 13.1202 13.4189 13.7378 14.0713 14.4207 14.7911 15.1836 15.5183 15.8039 16.0368 16.1621 16.2225 16.3249 16.3130 16.5540 16.4127 16.4254 16.3849 16.0287 15.8422 15.7501 15.5307 15.2802
11.4137 11.8608 12.0156 12.3778 12.2658 12.3782 12.7363 12.5912 12.5864 12.5018 12.7131 12.6215 12.7722 12.6745 12.6662 12.6186 12.6136 12.8051 12.7771 12.8011 13.0235 12.7776 12.5938 12.3064 12.2015 12.5684 12.9238 13.2255 13.5180 13.8244 14.1536 14.4960 14.8547 15.2358 15.6487 15.9810 16.2702 16.5093 16.6199 16.6659 16.7968 16.7469 16.7448 16.9026 16.4437 16.2599 16.2121 15.9631 15.7360 15.3177
11.5075 11.7386 12.0153 12.3105 12.6297 12.5239 12.7204 12.9540 12.8453 12.8386 12.7878 12.9851 12.8835 13.0342 12.9322 12.9730 12.8998 12.9126 13.0692 13.1395 13.1395 12.8604 12.6044 12.2894 12.2113 12.5866 12.9636 13.3305 13.6271 13.9256 14.2399 14.5805 14.9313 15.2996 15.6910 16.1298 16.4525 16.7480 16.9958 17.0859 17.1141 17.1249 17.2256 16.8147 16.6088 16.7011 16.3949 16.2076 15.7484 15.3192
11.5134 11.8793 12.0767 12.3772 12.6648 12.8854 12.7927 13.0948 13.2037 13.1485 13.0669 13.0776 13.2498 13.1423 13.3131 13.1855 13.1685 13.2000 13.3016 13.4483 13.2216 12.9686 12.6368 12.3019 12.2360 12.6004 12.9808 13.3691 13.7496 14.0357 14.3437 14.6655 15.0191 15.3773 15.7558 16.1562 16.6293 16.9304 17.2387 17.4977 17.4411 17.6208 17.2550 16.9028 17.0618 16.6102 16.4779 16.0195 15.7391 15.3556
11.5334 11.8670 12.2650 12.4112 12.7566 12.8352 13.0685 13.0952 13.5186 13.4275 13.3570 13.4122 13.4183 13.5096 13.4455 13.5038 13.4199 13.5276 13.5578 13.5850 13.3420 12.9879 12.6433 12.3059 12.2589 12.6193 12.9935 13.3854 13.7850 14.1828 14.4493 14.7741 15.1009 15.4701 15.8339 16.2241 16.6301 17.1515 17.4107 17.7445 17.9483 17.7314 17.3046 17.2367 16.9392 16.7326 16.3888 16.0135 15.7966 15.3430
11.6035 11.8799 12.0837 12.4043 12.6762 13.0904 13.0658 13.2162 13.3263 13.7273 13.6505 13.6229 13.8133 13.6724 13.7571 13.7700 13.7015 13.7978 13.9199 13.7309 13.3449 12.9925 12.6469 12.3099 12.2906 12.6414 13.0130 13.3965 13.8007 14.2110 14.6323 14.8649 15.2196 15.5447 15.9351 16.3004 16.7057 17.1105 17.3973 17.9060 18.1350 17.7373 17.5377 17.2767 16.9900 16.6984 16.3043 16.0489 15.6197 15.3348
11.7198 11.9481 12.0525 12.3336 12.6957 12.9757 13.3962 13.4055 13.4294 13.6080 14.0177 13.8681 13.8829 14.0299 14.0267 13.9438 14.0474 14.0825 13.9422 13.5811 13.3380 12.9935 12.6506 12.3171 12.3230 12.6749 13.0333 13.4174 13.8095 14.2273 14.6464 15.1017 15.2770 15.6856 15.9939 16.4250 16.6731 17.0518 17.3788 17.4701 17.5915 17.7554 17.5254 17.2288 16.9019 16.5651 16.4483 15.9718 15.6102 15.2152
11.6621 12.1125 12.3105 12.3727 12.6282 13.0054 13.2803 13.6951 13.6806 13.7331 13.8796 14.2841 14.1216 14.2630 14.2533 14.3215 14.2218 14.2085 13.8148 13.5526 13.2325 12.9669 12.6460 12.3938 12.3677 12.7054 13.0700 13.4345 13.8331 14.2321 14.6661 15.0899 15.5969 15.6760 16.1820 16.3415 16.6507 16.8888 16.9162 17.0995 17.2222 17.1750 17.2071 17.1796 16.7835 16.4646 16.1511 15.9501 15.5537 15.1840
11.6863 12.0096 12.3923 12.6701 12.6798 12.9949 13.4143 13.5900 13.9986 13.8970 14.1257 14.1218 14.5324 14.3695 14.6569 14.4692 14.5278 14.1202 13.8182 13.4661 13.1839 12.9622 12.7345 12.5053 12.4102 12.7535 13.0968 13.4767 13.8444 14.2613 14.6638 15.1099 15.3826 15.8411 15.9984 16.2410 16.3723 16.4416 16.6016 16.7824 16.8711 16.7444 16.6902 16.6970 16.6366 16.3275 16.0176 15.7236 15.4855 15.1289
11.7865 12.0316 12.3633 12.6978 12.9604 13.0132 13.2856 13.5714 13.8844 14.2374 14.0743 14.4120 14.3137 14.7965 14.5417 14.8510 14.3467 14.1072 13.7576 13.5260 13.2830 13.0850 12.8492 12.6413 12.4652 12.7937 13.1504 13.4964 13.8962 14.2617 14.7039 15.0664 15.5590 15.5672 15.8606 15.8876 15.9700 16.1149 16.2714 16.3490 16.3537 16.3623 16.2690 16.2143 16.2006 16.1238 15.8697 15.5795 15.2983 15.0386
11.7820 12.1673 12.3591 12.7456 13.0170 13.1661 13.3098 13.6772 13.8265 13.9375 14.3606 14.3282 14.7082 14.3655 14.8372 14.4348 14.3696 14.0676 13.8530 13.6254 13.3573 13.0374 12.8593 12.5301 12.4784 12.8614 13.1840 13.5600 13.9031 14.3311 14.6843 15.1682 15.1445 15.3559 15.4293 15.5060 15.6390 15.7770 15.8538 15.8807 15.9803 15.9769 15.8895 15.8035 15.7479 15.7187 15.6339 15.4164 15.1484 14.8737
11.7688 12.1487 12.5633 12.6499 12.9029 13.1053 13.4103 13.5860 13.7633 14.0328 14.0229 14.3996 14.2554 14.2952 14.2587 14.2651 14.1298 14.0251 13.9530 13.6098 13.2758 12.9936 12.7687 12.5678 12.4927 12.8685 13.2713 13.5790 13.9849 14.3142 14.7852 14.7256 14.8797 14.9699 15.0524 15.1741 15.2979 15.3742 15.4143 15.4862 15.4885 15.5480 15.5713 15.4411 15.3509 15.2920 15.2510 15.1624 14.9709 14.7193
11.6808 12.1525 12.3019 12.5236 12.7428 13.0315 13.3324 13.6149 13.6091 13.6618 13.9215 13.9399 13.9548 13.8672 13.8711 13.8485 13.8331 13.7290 13.6443 13.5553 13.2621 12.9321 12.6603 12.6084 12.4973 12.8863 13.2671 13.6971 13.9750 14.4301 14.3242 14.4254 14.5208 14.6078 14.7205 14.8330 14.9083 14.9550 15.0123 15.0308 15.0782 15.1154 15.1964 15.1209 15.0121 14.9119 14.8474 14.7971 14.7070 14.5298
11.6384 11.9498 12.1611 12.3930 12.7107 12.9808 13.3307 13.2249 13.2868 13.4786 13.5249 13.5369 13.5338 13.5333 13.4759 13.4639 13.4447 13.4190 13.3357 13.3290 13.1827 12.8995 12.5924 12.3430 12.5090 12.8857 13.2920 13.6725 14.1432 13.9774 13.9912 14.0830 14.1723 14.2779 14.3813 14.4552 14.5048 14.5544 14.5812 14.6231 14.6644 14.7230 14.7149 14.7882 14.7021 14.5814 14.4828 14.4140 14.3564 14.2612
11.4717 11.8086 12.0453 12.3473 12.6735 13.1177 12.9216 12.9222 13.0584 13.1160 13.1304 13.1309 13.1362 13.1352 13.1284 13.0877 13.0692 13.0498 13.0196 12.9632 13.0866 12.8234 12.5475 12.2595 12.5113 12.8976 13.2718 13.6452 13.6741 13.6892 13.6569 13.7455 13.8446 13.9407 14.0129 14.0639 14.1093 14.1406 14.1796 14.2210 14.2680 14.2783 14.3274 14.3274 14.4324 14.2810 14.1615 14.0638 13.9915 13.9238
11.3121 11.5643 11.8521 12.1716 12.5356 12.6726 12.6923 12.5672 12.6342 12.6896 12.7178 12.7332 12.7374 12.7417 12.7412 12.7321 12.7013 12.6805 12.6600 12.6296 12.6571 12.6577 12.4538 12.1974 12.3645 12.7195 13.0412 13.1782 13.2206 13.2489 13.2613 13.2970 13.3868 13.4779 13.5487 13.6002 13.6441 13.6766 13.7141 13.7544 13.7977 13.8267 13.8567 13.8837 13.9507 13.9675 13.8581 13.7455 13.6495 13.5715
