#Value Function.
424505.75 431883.31 438564.25 445407.94 449120.45 450362.80 450776.94 450997.16 451034.29 451155.04 451347.24 451752.89 452516.67 453468.67 454131.68 454351.02 454423.15 454413.37 454442.25 454475.80 454738.83 455527.05 456136.92 456353.69 456397.46 456401.28 456402.60 456401.60 456402.61 456401.60 456402.60 456401.37 456398.51 457373.36 457683.46 457788.05 457718.07 457193.69 452433.37 447637.59 442168.55 438055.55 434953.16 431138.46 426637.99 421165.95 414257.75 406169.11 397954.08 391544.78
426217.73 439346.08 446089.69 452935.58 460436.70 464067.46 465119.17 465480.70 465713.38 465711.04 465842.86 466018.63 466417.81 467230.02 468272.63 468964.59 469143.06 469213.69 469186.30 469223.53 469224.27 469457.04 470375.34 471015.65 471202.37 471232.39 471232.86 471234.67 471232.94 471234.67 471232.89 471232.94 471207.05 471023.48 472360.64 472560.77 472679.72 467166.66 462385.11 456472.65 452262.14 449332.95 445413.24 440830.55 435292.07 428188.92 419775.27 411087.28 404314.91 401673.60
426777.87 440319.20 454522.13 460364.51 467460.96 475803.87 479231.35 480068.15 480389.54 480650.20 480590.05 480747.16 480898.29 481285.17 482149.63 483299.81 484020.15 484140.71 484220.29 484167.16 484223.85 484182.68 484362.50 485455.55 486114.93 486261.13 486279.36 486277.04 486280.01 486277.05 486279.58 486264.52 486132.67 485395.46 484143.83 482754.32 479689.72 476701.26 470936.11 466624.64 463961.83 459892.33 455224.54 449641.06 442340.09 433600.02 424420.96 417077.79 414779.71 414568.36
428335.05 440690.30 454527.07 467630.84 474281.80 482348.92 491720.89 494761.71 495376.60 495673.23 495982.85 495835.62 496042.32 496155.53 496524.07 497444.53 498724.47 499471.83 499510.72 499617.70 499523.80 499618.18 499523.90 499616.14 500949.83 501605.34 501700.29 501710.80 501705.77 501710.85 501701.95 501624.52 500976.47 498869.65 495875.73 491691.73 488591.70 485243.74 481291.27 479027.29 474734.19 469978.29 464377.83 456870.27 447800.17 438125.18 430059.48 428038.95 428415.90 427434.04
430380.03 442395.31 454766.98 468421.27 481140.57 488275.91 497683.12 508245.71 510635.30 511055.22 511340.47 511729.04 511448.21 511745.25 511797.97 512142.93 513121.90 514560.72 515332.52 515256.06 515421.86 515260.17 515421.33 515240.92 515160.31 516891.65 517491.80 517528.21 517537.42 517528.70 517503.26 516985.93 514737.94 511718.88 507404.22 502078.96 496693.42 495154.85 494572.17 489938.70 485095.68 479517.76 471789.09 462381.39 452238.84 443214.12 441729.32 439276.81 442312.90 435059.96
432043.39 444606.08 456661.52 469225.96 482447.36 493889.65 502827.17 513334.79 524172.74 525529.55 527294.15 527372.73 527914.67 527422.15 527877.95 527831.22 528150.94 529187.76 530824.35 531616.45 531376.20 531653.27 531371.46 531511.51 529988.31 530645.70 533375.29 533765.91 533755.47 533770.35 533447.96 530993.70 527981.98 523531.94 517982.18 512111.25 508201.46 508572.91 505499.04 500579.08 495079.18 487105.94 477350.43 466756.06 456933.34 452687.74 452903.95 454568.30 449764.25 439170.55
432988.20 446343.67 459052.22 471291.84 484176.18 497067.47 507533.30 516516.73 527682.82 537619.69 541123.77 544133.27 543735.69 544579.73 543400.57 543793.74 544355.15 544544.95 545648.18 547533.29 548339.85 547865.13 548297.45 546879.26 542649.87 544205.05 547251.18 550355.42 550421.39 550395.38 547631.72 544680.90 540084.37 534306.06 528106.94 522983.02 520931.28 519956.21 516429.36 511084.64 502829.47 492714.83 481677.18 471150.08 464953.95 465410.80 466597.01 463871.02 453873.87 440776.60
432967.72 447341.32 460853.62 473885.81 486275.20 499564.21 510857.17 521973.11 530314.45 540903.19 551078.37 556293.78 561792.63 560346.52 558739.58 559294.23 560817.71 561310.01 561328.39 562508.10 564708.09 565522.04 564326.28 559238.35 557238.04 559503.85 560909.07 564275.15 565896.24 564637.43 561836.45 557070.93 551064.38 544506.16 539102.73 535939.70 533906.48 531316.97 527562.75 518967.02 508480.22 497023.46 485712.74 478955.59 478957.63 479850.92 478086.26 468727.03 455335.29 441197.09
433153.53 447142.22 461937.47 475729.41 489126.39 501601.76 515673.73 524854.04 536759.12 543768.13 555555.25 566707.11 573458.55 575828.17 575359.90 574142.83 576727.12 578291.98 578711.35 578502.92 579770.79 579969.74 576305.31 573033.17 571119.62 574641.72 576918.68 577953.27 579299.71 579433.31 574497.92 568278.73 561278.96 555882.80 550489.30 546834.34 541950.88 544655.67 535523.72 524649.25 512820.37 500635.42 493193.51 494340.75 493222.76 493113.55 484311.14 470105.40 455675.94 441208.43
432982.28 447441.09 461473.67 476959.29 490967.18 504757.70 515168.71 526382.06 539696.63 550054.72 558373.15 568231.46 582252.44 589105.69 589648.73 590929.53 591545.95 594670.08 596221.16 596579.11 594139.00 592315.64 590539.66 588396.78 586855.39 588478.61 592562.78 594824.42 595122.89 592342.38 585978.07 578415.89 573091.96 567714.21 561122.72 555479.04 553706.93 549995.32 541220.34 529097.82 515941.06 507617.26 508291.06 508702.82 507888.72 500518.80 485202.93 470360.03 455635.70 441246.52
433154.04 447146.76 461978.03 476095.06 492448.29 503744.96 513246.98 527001.51 537709.03 554186.08 565325.14 571670.24 582104.20 597470.87 605978.42 607396.68 608776.27 609346.20 611506.19 609847.18 607406.11 607762.73 606328.19 604765.28 603962.06 599633.99 604703.62 607038.61 608189.74 604162.75 595898.30 590746.09 585405.16 578638.68 570701.01 565015.61 560203.94 556955.07 545872.66 531788.08 521309.83 524599.20 522778.55 522458.05 516870.32 500586.98 485422.95 470260.85 455696.89 441211.19
432981.94 447438.11 461446.89 476717.23 488764.29 502588.31 514867.52 521936.80 537131.88 551059.85 568493.86 577631.29 585768.00 597401.01 612884.39 623255.74 624635.81 624223.07 625350.88 625348.28 621377.38 622069.40 622508.59 622888.35 617968.47 613287.00 616652.13 620137.04 617458.96 613698.27 608867.62 603575.72 596635.74 588272.09 580487.15 573304.09 568678.77 562010.28 548097.70 536246.44 536701.51 536509.64 540139.46 533216.83 515800.42 500892.13 485244.87 470364.77 455636.24 441246.58
433145.03 447086.20 461616.44 474503.11 490624.53 501182.06 509337.38 520672.70 534681.70 550902.46 564334.71 581990.97 592750.60 601246.48 613088.33 629069.04 642331.97 642168.40 641146.36 638459.91 639436.44 635732.02 639311.79 634820.15 630541.51 629217.37 629556.43 631616.65 630327.09 627488.49 622237.92 615138.85 606244.31 598421.88 589898.41 581502.96 576724.33 564153.92 551714.85 549416.75 550363.92 553305.60 547742.76 530913.63 516615.00 500204.51 485380.89 470256.18 455696.37 441211.13
432887.01 447002.29 460037.10 475227.27 489381.63 497520.43 505155.97 518595.20 533945.61 547745.71 564442.70 581170.53 594328.84 606730.79 617205.14 629973.81 647492.46 659723.54 656763.84 657282.06 653066.54 654514.02 648396.88 649152.56 645767.03 646292.83 647711.60 646101.27 646851.99 641397.99 634182.57 624601.12 616842.59 608073.55 598413.84 589787.85 576828.04 566487.29 564040.47 565691.58 563522.92 559162.66 545384.91 530876.81 514955.34 500563.43 484914.22 470295.98 455625.05 441244.94
432664.78 445817.45 460229.29 473573.01 482186.73 490259.35 502893.17 517532.10 531432.86 547382.75 563558.69 578681.98 594358.54 604965.16 621611.47 633903.59 645283.08 660039.74 674044.36 670018.91 669500.20 666124.88 668241.68 664731.94 665048.76 663462.97 663981.31 664307.36 661021.90 653816.33 643310.12 635792.63 626634.47 613827.95 603424.14 588769.25 580820.06 578640.38 582128.54 574613.29 569597.38 555882.85 543299.04 528856.51 514522.50 499297.69 484995.53 469955.63 455609.92 441192.93
431720.81 445619.51 458297.12 467215.82 475602.13 487604.03 501607.71 515438.96 530776.40 546430.17 561353.44 576657.22 588722.46 604908.38 618702.89 630072.17 641722.79 662557.16 676654.88 685748.61 681441.98 683458.56 682680.34 683929.07 682119.31 683912.43 682680.97 680295.26 674116.23 662330.22 655209.96 646435.36 631150.44 615947.89 602762.65 595781.82 594936.40 596281.11 587728.92 581085.34 569693.19 555549.27 540311.88 526725.54 512709.52 498630.93 483971.98 469867.12 455340.56 441146.11
431234.27 443507.43 452607.59 461209.30 472704.33 486137.42 499788.36 514601.67 529777.54 544563.59 560520.34 575488.90 591302.20 604219.24 614476.57 623875.32 642813.17 656888.06 671225.56 691433.02 698811.03 693010.52 701485.93 699576.79 702247.26 699432.12 700190.63 695310.82 681595.51 675099.68 666916.47 650654.44 632490.90 617517.39 610641.24 608942.73 610174.97 599532.72 592835.35 583492.11 571326.19 557323.39 540508.42 524249.54 510623.33 496954.29 483169.63 468993.49 455147.69 440915.62
429015.22 438366.43 447164.68 458780.37 472020.85 485648.48 499397.09 514545.11 530748.45 546023.27 560666.45 578171.08 590509.43 598283.05 606354.91 623293.11 637631.24 652080.40 670584.99 685168.90 703645.97 712683.96 709733.63 722463.39 717558.19 719856.07 715673.23 700985.17 695466.85 688157.42 670631.69 651704.09 633210.22 623554.70 624946.01 625416.97 614502.36 606330.17 597749.02 583977.86 570222.55 557327.07 540505.79 524125.52 508504.25 494956.22 481591.10 468115.70 454367.88 440658.33
424547.85 435367.36 447669.86 459928.42 473552.91 487070.79 501096.52 515004.79 530624.09 547522.68 563101.00 577563.29 582018.49 589208.20 604504.93 618819.66 633245.03 650503.10 665472.96 682590.82 696334.18 715599.89 724997.36 724071.81 738570.11 734484.75 719782.98 716319.68 710268.35 691046.58 671438.51 651957.96 636926.41 641018.27 641918.09 631468.01 619593.50 609851.13 597347.83 582001.78 568853.05 553476.88 540084.78 524062.96 508170.04 493094.13 479698.83 466614.87 453451.79 439938.44
425273.85 437308.75 449474.77 462165.25 474522.70 488746.36 502484.48 516979.94 530961.94 547047.36 564634.65 567839.73 572586.04 586362.64 600465.24 614766.32 631083.40 646106.61 662293.11 676544.23 694298.27 709232.89 724329.49 736562.26 732551.16 727157.33 736461.49 733403.07 711833.35 691719.21 671234.12 654849.48 648923.45 635725.86 621093.60 635727.63 620784.00 608986.25 596531.51 582455.73 566877.64 553164.30 537087.24 523407.44 508013.27 492618.57 478027.51 464832.26 452017.71 439007.50
426008.57 439479.75 451461.75 463934.88 477077.24 489411.86 504397.41 518218.10 531171.55 546952.28 555103.69 558743.35 568818.66 582570.93 596674.94 612268.91 627321.96 644351.27 661339.15 677145.31 694379.12 713936.94 727601.04 734576.08 744165.43 752953.31 752512.19 732823.71 712550.05 691316.39 671471.00 655381.46 643961.95 631643.89 606386.83 611453.34 618743.67 605292.06 592415.61 580434.93 568935.04 552092.25 537328.21 521090.76 507244.54 492362.52 477454.93 463306.85 450341.55 437634.40
426047.88 440128.67 453944.65 465939.85 478750.65 492443.67 504396.34 517500.48 529543.69 538360.31 546676.10 553205.50 565138.15 579004.62 594150.83 610311.52 627701.20 645969.55 663952.07 681465.49 697235.55 712608.72 729324.95 748604.30 764430.09 765104.66 745965.07 733995.82 711855.22 691721.79 671234.14 652184.69 638872.06 627819.61 621786.62 607937.50 600638.49 599060.42 587477.72 576917.01 566465.83 554559.58 535888.06 520860.22 505379.41 491546.73 477107.88 462666.83 448930.97 436058.62
426104.52 440077.81 454447.82 468852.85 480730.86 493250.37 503770.31 513128.73 521920.80 529975.28 537085.99 548419.71 562716.81 578225.58 593919.69 611456.56 628925.18 646686.35 665606.13 684048.28 699511.89 710736.63 729070.93 746639.97 752943.68 753429.04 742240.80 725079.63 711685.60 691220.40 671459.86 652093.92 636873.56 623512.73 613235.91 605709.49 591532.00 583534.41 580182.58 571540.41 563302.52 552022.53 537319.08 519900.68 504894.09 489990.50 476280.37 462242.17 448243.96 434741.34
426052.22 440167.45 454294.23 469116.09 481392.94 489324.46 497326.08 505875.93 513775.88 521307.79 532727.33 548475.36 564139.42 580167.20 596029.23 611891.84 630196.43 648013.56 666118.93 683700.75 693634.46 710607.81 728604.84 734707.01 734124.47 736830.41 731412.07 720084.73 704361.49 690230.56 670995.38 654484.80 636498.95 620898.81 607689.95 596532.56 588874.35 575888.24 566775.97 562281.36 554331.21 545972.89 534887.93 520611.12 504191.43 489374.32 474942.50 461421.25 447756.10 434022.45
426100.57 440042.46 454129.71 465967.76 474191.88 482032.32 490249.64 498050.45 505986.78 518337.46 534252.38 549247.78 565581.34 581555.48 598085.13 614314.85 630234.28 649492.91 665486.14 676492.68 693450.15 711165.09 719471.40 717180.39 716043.39 715303.51 716252.80 709661.30 698623.81 683940.75 669501.88 653453.32 637819.84 619856.29 603163.66 591889.27 580696.08 572654.40 560583.52 550435.29 545025.94 537486.05 529103.01 518210.14 504387.54 488795.33 474264.75 460242.75 446950.74 433485.21
425957.70 439559.32 451001.77 459386.08 467107.44 475059.76 482899.56 492205.17 505780.41 519740.22 534430.29 551125.31 566119.72 583178.66 599383.12 616253.66 631738.65 648200.60 662367.47 676823.56 692018.99 705109.99 704378.16 701210.39 697369.24 697049.20 695944.35 696547.84 688650.94 677803.60 663896.05 649659.57 634212.46 618690.64 602889.94 587696.22 577349.01 565778.36 557882.70 546318.48 534652.19 528361.31 521032.33 512674.84 501980.37 488614.75 473731.27 459540.85 445892.02 432699.60
425235.25 436466.65 444918.63 452547.58 460318.34 468449.79 480402.85 492985.06 507960.70 521677.43 535976.37 550863.18 568557.44 583299.60 601318.97 615147.66 631338.17 646608.42 660876.61 675014.75 690874.14 693455.84 688972.30 685133.41 680856.04 679160.22 677033.77 678669.84 675651.41 668142.37 657566.97 644298.48 630351.37 615404.09 600259.91 586293.25 573448.66 562201.22 553225.72 544760.46 533016.86 519317.75 512236.35 504983.16 496675.18 486186.82 473268.05 459008.13 445185.07 431733.49
422188.92 430796.78 438367.97 446180.72 456034.97 468050.50 482296.61 495796.73 508268.19 523131.35 535841.64 552960.79 567259.93 584357.88 598899.78 615690.40 631160.40 644054.16 657392.42 671023.91 678939.50 676174.27 675090.12 669652.32 665153.38 661230.96 660990.42 660509.57 661498.14 662323.79 652087.42 640271.03 625423.68 611576.26 597059.44 582450.18 569623.83 558253.19 550633.62 542040.07 531622.09 516929.40 504153.89 496583.61 489339.62 481092.85 470816.58 458328.30 444628.54 431030.51
416874.16 424572.50 432570.98 443882.64 457756.23 470821.04 482714.16 497653.37 508925.75 521764.45 537875.31 552183.20 566628.18 581698.75 599013.01 614897.72 626659.67 640082.65 653092.05 662717.12 658142.28 661852.92 657048.78 654934.14 650075.14 645700.69 642222.00 644074.58 646846.24 653960.62 660107.35 643891.76 630349.77 611133.29 593758.61 579239.44 565160.63 552764.19 543910.94 536616.97 528754.82 515293.11 501274.24 489218.83 481358.48 474096.39 465917.36 455856.63 443779.81 430438.07
411006.94 419405.82 431755.13 445156.65 458108.80 472642.07 483878.55 494630.51 506237.79 521319.53 535616.57 550914.29 566585.18 583786.82 599084.01 609896.42 623281.10 637804.16 645812.65 642831.43 643150.96 640288.51 641661.86 637939.93 635393.68 630950.69 626767.73 630669.46 642563.34 641294.64 642561.97 650385.63 629610.44 611565.02 594274.02 577044.85 561995.52 548307.86 536534.88 530714.08 523691.12 512382.54 499396.25 486019.37 474548.26 466530.51 459244.95 451138.40 441294.19 429456.17
406314.70 418189.79 431491.13 445918.29 459630.12 471200.85 480305.18 493706.42 508231.47 521573.79 536045.65 550832.28 568214.55 583581.98 593743.51 604905.68 618902.27 628997.15 625947.49 628175.95 625397.52 624009.19 621838.16 622229.95 619172.56 616418.87 612845.22 623386.82 627968.91 627098.02 628137.54 632188.69 630048.66 612531.13 594740.92 577952.61 560974.70 545306.79 531916.48 520881.80 514483.05 507212.21 496414.63 483915.36 471142.71 460163.45 452078.05 444775.30 436745.58 426964.49
404844.83 417887.59 431783.00 445417.86 460487.38 470150.49 480933.18 495144.69 509246.14 524460.22 537757.76 552778.25 567587.88 578581.98 587293.53 601120.08 612793.01 609546.17 612027.97 609979.74 610248.57 607098.43 605461.30 603678.88 603443.00 600798.94 604262.25 609473.35 612831.25 621246.82 623847.71 618643.99 616984.35 612851.83 595813.15 578361.12 561025.36 544802.13 529078.33 515988.33 505482.41 498676.80 491229.73 480853.49 468836.03 456628.24 446076.35 437984.87 430676.92 422577.00
405079.69 418038.38 431445.46 445505.23 455873.53 468482.04 482740.80 496119.55 510885.56 525142.69 541205.47 552028.41 562949.18 570667.74 586266.75 597693.51 595132.36 594305.94 596368.87 596984.06 593275.28 591891.52 589172.10 587436.48 585869.40 586439.87 591241.83 595539.65 605258.52 606859.47 604762.24 604908.30 601409.37 601919.27 596213.25 578247.19 561867.09 544556.60 529089.33 513300.17 500488.68 490369.17 483278.53 475713.04 465696.01 454145.23 442463.74 432292.87 424238.16 416789.16
405662.79 418572.58 431421.25 443877.17 457006.18 470424.39 483276.74 498286.51 511619.61 526953.74 537212.85 546012.85 554480.15 569878.36 581279.57 579421.17 579782.02 578985.73 583441.82 582032.55 579615.44 575854.20 574092.60 571647.41 569892.62 573586.83 578452.52 588180.89 590548.21 590105.61 593459.01 589335.09 587697.54 585809.72 588321.77 579466.40 561235.42 545838.81 528601.09 513949.13 497973.21 485394.70 475562.29 468274.36 460637.04 450935.62 439831.02 428639.26 418814.98 410679.00
406416.39 419155.50 432307.66 445545.53 458155.17 471702.72 485578.04 498345.27 514364.22 524277.96 530916.35 538633.55 554365.43 567013.44 564855.77 564890.32 562405.49 567286.36 567236.06 567688.02 564682.88 562096.01 558767.67 556798.43 556561.60 561840.91 572433.31 574657.21 574586.00 578141.88 575999.98 580567.32 575966.48 572635.81 571281.92 573733.63 563178.08 544745.24 530417.58 513157.37 498100.60 482954.92 470675.80 461072.20 453652.14 445980.66 436563.71 425882.33 415146.24 405495.75
407422.34 419919.72 432837.35 446396.84 460067.35 472756.17 486778.02 501185.05 509214.43 515048.89 523327.56 539483.23 554435.96 553613.88 552184.09 548442.38 549893.41 552127.42 553986.17 552171.88 550452.24 547701.38 545072.68 542047.15 545559.11 556075.96 558517.59 558834.16 560573.10 562049.33 566480.14 570372.03 569939.84 563709.21 559808.41 557758.81 558877.53 547508.97 528988.28 513991.48 497606.12 482728.18 468264.18 456312.03 446903.26 439400.85 431725.80 422570.56 412288.69 401832.49
408903.35 420921.84 433623.35 446857.90 460846.23 475013.93 487519.58 495918.64 499721.79 508964.09 523089.45 539070.36 542908.07 539628.17 537043.80 535254.07 535353.24 536891.08 535837.64 536896.04 535448.43 533683.65 531116.81 529707.23 538636.78 543373.62 545880.60 544154.06 545624.15 551222.60 555390.86 557402.48 558115.41 557558.14 550782.20 545401.38 543477.24 543647.06 530294.52 513143.44 498090.40 482381.53 467788.49 453908.31 442289.53 433056.04 425510.20 417856.52 408945.84 398897.22
409866.11 422591.69 434589.36 447687.82 461220.79 475571.68 483322.86 485326.47 496068.30 507973.60 525387.42 529858.91 527274.96 526179.69 523289.68 520817.10 520324.22 519762.71 520380.86 519763.14 520337.65 519110.00 517357.39 521857.02 527315.37 532665.15 530825.92 531650.74 534379.83 538540.57 542061.79 543022.67 545933.53 550088.89 544815.50 539952.34 529889.12 527340.74 525717.39 513534.66 497543.57 482650.05 467502.74 453251.59 439888.04 428597.96 419528.70 411970.43 404358.50 395537.35
410642.93 423507.41 436520.12 448561.95 462105.25 468707.47 471666.23 484051.83 495417.66 512387.18 519231.85 515980.58 513834.72 511375.69 509957.06 507339.34 505123.77 504444.73 504012.33 504365.12 503999.18 504260.02 506006.55 511161.64 515938.19 517052.09 519656.61 519901.55 522085.43 525388.13 526995.88 531462.68 536522.04 534831.27 538230.33 531019.81 523403.87 514538.72 511451.81 508539.64 497228.93 482230.02 467628.36 452976.35 439095.59 426200.40 415228.95 406317.84 398772.17 391078.28
410243.34 424457.67 437310.51 450853.94 455400.91 458284.75 471525.46 483430.30 500093.48 507974.84 504402.56 503143.30 500282.84 498071.76 495809.00 494196.97 491792.51 489774.64 488990.51 488615.49 488964.54 490820.26 495397.88 499760.88 501369.80 503542.52 504235.90 506244.34 509212.31 511259.78 515490.34 521571.40 525528.93 526510.39 523890.57 525234.65 517848.67 507604.66 499420.76 495858.87 492014.09 481370.54 467228.75 452997.04 438801.85 425303.52 412840.33 402175.23 393419.01 385767.51
410667.58 423730.54 438555.28 443063.23 445212.59 458279.59 470889.60 487124.56 493112.38 491626.57 491922.76 489098.74 487519.25 484934.75 482726.15 480591.13 478870.11 476636.97 474776.31 474045.35 475942.14 480056.53 484076.03 485987.83 487918.63 488892.15 490790.29 493515.73 495838.83 499881.98 505446.79 509917.49 514089.84 511827.53 512545.24 512662.61 512669.72 505103.31 492867.32 484628.06 480597.75 476068.42 465949.27 452555.18 438736.31 424974.78 411861.49 399801.68 389430.07 380689.99
410141.11 423537.15 428959.72 432360.67 443939.30 457036.48 473476.39 479597.40 479569.85 479616.41 476829.51 476436.55 474079.59 472339.16 469946.35 467774.74 465728.61 463953.67 461862.18 461384.05 465119.33 468847.15 470936.23 472736.56 473887.77 475713.60 478261.33 480749.43 484637.16 489804.53 494405.51 499874.10 500029.57 500151.93 498826.36 499809.81 504346.29 502995.18 490828.08 478213.89 470127.94 465684.27 460648.46 450953.09 438217.47 424831.57 411488.67 398757.56 387077.69 376851.61
409020.20 415211.05 419549.14 430114.44 442998.82 458335.50 468599.90 470811.45 467607.35 465018.74 464462.35 462246.05 461445.05 459379.42 457570.15 455319.10 453200.87 451222.06 449430.23 450571.23 454046.23 456230.16 457963.73 459229.74 461005.73 463420.85 465999.52 469752.30 474598.56 479173.32 483903.32 484634.40 484737.11 484665.99 484801.32 488802.31 490423.72 494392.22 490489.69 477767.76 465768.85 456130.89 451147.55 445715.07 436369.52 424218.83 411271.40 398336.01 385981.09 374527.27
401670.59 406853.95 416713.95 429228.15 443678.22 456521.11 457463.85 456864.60 456466.68 453122.21 450731.72 449803.09 447933.30 446893.28 445014.55 443189.28 441049.74 438991.69 437069.99 439651.39 441875.50 443577.21 444918.86 446658.55 448972.19 451591.43 455222.15 459797.86 464259.97 468467.23 469559.44 469719.19 469727.17 470182.96 473463.36 475590.95 479763.50 479146.20 484066.55 480893.95 467030.08 454717.66 442709.60 437013.03 431240.00 422186.31 410559.10 398046.30 385508.87 373389.22
394183.22 403679.25 415743.44 429356.92 441070.63 444645.35 445175.34 444984.72 442789.03 441866.42 438967.94 436735.65 435580.54 433922.10 432744.80 430990.83 429179.41 427132.66 425718.87 427872.51 429559.97 430952.33 432664.03 434897.56 437523.81 441040.56 445380.56 449685.39 453509.10 454827.58 455079.91 455175.90 455830.00 458626.80 461000.77 464646.49 466915.39 470361.52 468811.93 473782.63 469300.52 457181.93 442945.39 429688.86 423277.52 417200.12 408391.63 397235.78 385147.90 372866.67
390831.88 402554.39 415387.83 426221.46 430409.01 432128.37 435476.91 434707.80 431140.36 428982.65 427726.97 425147.11 423044.80 421755.67 420227.54 418974.27 417308.00 415527.11 414227.07 415898.60 417325.29 419014.15 421182.20 423792.96 427200.94 431330.32 435457.91 438989.22 440448.47 440805.71 440992.11 441769.43 444232.53 446705.16 450033.96 452804.78 458717.46 458002.60 459532.00 459415.24 461560.54 457276.67 442949.09 429343.36 416814.48 409908.29 403573.02 394973.78 384244.76 372436.22
389525.54 401776.39 411902.06 416494.65 418556.98 421265.30 421100.43 421549.08 420623.11 417581.20 415473.46 414006.04 411658.57 409665.55 408301.24 406855.24 405563.10 403962.50 402583.94 404031.68 405700.90 407813.47 410393.70 413696.47 417634.18 421578.85 424878.59 426423.83 426885.74 427160.66 428015.17 430240.82 432730.01 435863.08 438939.58 444489.49 447307.10 447306.05 445944.19 448684.21 448943.20 451610.80 443406.58 429074.93 415811.45 404099.08 396879.53 390337.58 381921.06 371448.72
388382.93 398059.58 402909.64 405231.58 407533.37 407738.82 408032.14 407770.29 407979.18 406965.82 404317.88 402268.06 400672.22 398498.69 396599.34 395197.42 393805.23 392496.88 391065.98 392716.34 394780.25 397319.94 400520.19 404281.24 408045.35 411155.08 412750.75 413310.63 413669.50 414573.05 416624.24 419085.66 422089.35 425321.88 430381.08 435070.29 436799.28 435470.07 434617.19 437363.58 440256.23 439843.75 436891.85 428674.00 415452.20 402659.84 391583.48 384173.84 377474.57 369090.36
384516.54 389656.17 392175.13 394222.68 394656.91 394885.59 394736.30 394889.10 394730.38 394759.41 393703.41 391355.58 389368.54 387701.48 385662.20 383844.44 382428.93 381074.41 380053.53 382072.45 384565.05 387665.08 391261.86 394852.05 397800.93 399423.61 400071.79 400508.54 401443.91 403362.77 405773.56 408682.75 411975.53 416637.46 420938.72 422684.62 421953.83 422729.82 423509.16 426005.93 426038.37 426278.99 425667.28 422458.27 414423.80 402114.85 389849.74 379292.38 371778.56 364836.05
376502.21 379265.79 381157.93 381735.69 381948.33 381870.28 381959.85 381870.68 381959.19 381851.74 381745.52 380675.51 378560.73 376639.60 374941.23 373009.80 371264.78 369851.83 369549.33 371988.88 374989.72 378431.73 381855.81 384664.34 386297.95 387023.49 387530.85 388486.89 390301.38 392649.71 395480.29 398770.52 403100.08 407065.16 408828.88 408534.41 409140.60 410037.28 412049.34 412367.31 412538.02 412397.60 412496.79 411690.47 408286.04 400470.78 388937.93 377217.98 367105.83 359461.39
