#Value Function.
21589.62 22011.87 22509.01 23071.67 23684.47 24336.92 25022.73 25741.48 26491.56 27266.06 28055.77 28851.66 29631.75 30376.82 31044.83 31602.59 32088.50 32567.46 33049.24 33604.78 34318.08 35133.99 35908.02 36437.83 36633.83 36638.07 36416.55 35867.57 35037.59 34123.67 33202.91 32299.56 31420.10 30561.16 29722.55 28903.41 28104.50 27334.35 26631.05 26060.71 25638.13 25335.68 25114.09 24940.51 24792.78 24658.12 24529.82 24404.61 24277.73 23880.49
21890.21 22237.37 22665.72 23177.51 23754.60 24385.75 25050.38 25760.37 26496.71 27270.86 28068.13 28881.49 29699.82 30499.75 31265.90 31946.97 32500.62 32982.33 33465.41 33932.90 34460.70 35185.02 35940.79 36463.10 36618.62 36604.45 36451.97 35875.78 35061.92 34141.19 33225.61 32325.99 31445.96 30586.95 29747.62 28928.79 28139.93 27432.61 26894.67 26519.86 26259.35 26065.98 25908.02 25767.05 25633.97 25504.45 25376.60 25249.49 25119.26 24706.07
22238.45 22537.41 22880.84 23316.11 23840.92 24436.28 25080.53 25767.59 26497.70 27262.45 28060.43 28880.50 29718.14 30559.96 31377.71 32159.28 32850.11 33376.87 33833.81 34291.18 34689.43 35201.82 35829.72 36118.59 36277.48 36240.60 36032.21 35698.78 34978.69 34150.83 33239.46 32337.52 31458.17 30598.43 29759.48 28950.48 28242.66 27755.08 27438.18 27219.74 27050.16 26903.09 26765.28 26631.48 26499.40 26368.19 26237.37 26106.43 25971.85 25544.43
22583.67 22898.45 23179.27 23525.49 23971.01 24507.18 25116.01 25785.92 26497.67 27252.93 28047.98 28869.44 29714.99 30576.71 31438.57 32264.23 33043.59 33727.73 34137.75 34523.13 34881.60 35255.16 35503.85 35688.63 35607.63 35543.41 35482.76 35179.35 34728.77 34037.80 33225.78 32347.42 31469.27 30610.21 29777.87 29073.73 28662.84 28411.20 28230.14 28077.33 27935.86 27797.81 27661.52 27525.91 27390.84 27256.00 27120.85 26985.35 26845.95 26403.61
22867.41 23258.07 23550.49 23821.61 24164.12 24618.71 25170.17 25802.90 26502.47 27245.80 28032.61 28853.08 29701.23 30569.75 31449.44 32321.87 33148.96 33876.06 34443.86 34720.69 34990.98 35105.44 35063.21 34913.33 34817.75 34696.56 34614.72 34496.33 34198.86 33749.59 33098.07 32320.68 31474.34 30620.44 29926.15 29631.78 29444.83 29290.57 29145.85 29005.19 28864.21 28724.30 28584.57 28445.35 28306.28 28166.65 28026.71 27886.31 27741.62 27283.86
23083.26 23551.17 23928.97 24199.93 24451.59 24792.60 25266.86 25837.70 26503.44 27240.88 28017.32 28836.26 29684.19 30555.37 31441.43 32330.68 33177.99 33918.85 34463.90 34797.58 34909.09 34829.43 34654.89 34374.67 34075.74 33890.93 33742.52 33634.92 33500.85 33222.60 32794.14 32179.97 31436.80 30804.13 30684.20 30541.89 30398.26 30253.23 30110.14 29964.31 29820.38 29676.14 29532.62 29389.20 29244.80 29100.24 28955.22 28809.36 28659.17 28185.81
23261.96 23759.72 24219.62 24586.12 24825.70 25050.72 25407.44 25901.79 26518.76 27229.25 28006.10 28818.90 29665.71 30537.79 31426.44 32318.57 33183.03 33944.47 34505.33 34779.51 34754.93 34645.10 34292.14 33900.29 33506.73 33157.89 32940.80 32782.45 32668.02 32533.01 32271.14 31864.92 31710.58 31742.88 31671.82 31543.09 31394.80 31248.26 31098.30 30950.67 30801.51 30653.66 30505.78 30356.24 30206.97 30057.14 29906.29 29754.89 29599.38 29110.88
23351.49 23955.92 24426.45 24859.78 25193.75 25369.58 25593.34 25968.64 26535.56 27212.92 27981.95 28790.70 29634.40 30503.38 31387.89 32277.74 33125.53 33907.92 34389.15 34624.87 34627.27 34392.89 34087.57 33566.26 33070.29 32614.69 32245.49 32010.27 31846.79 31728.93 31601.41 32083.91 32442.83 32618.94 32639.80 32557.83 32419.81 32265.21 32113.97 31961.25 31809.23 31656.76 31501.88 31347.97 31193.15 31037.00 30880.52 30723.81 30564.01 30060.65
23401.48 24035.99 24611.83 25042.25 25370.46 25640.30 25798.74 26108.50 26562.45 27206.71 27962.15 28762.08 29600.92 30469.45 31353.47 32233.83 33072.71 33763.81 34288.16 34514.01 34504.14 34375.69 33873.45 33375.22 32756.32 32197.69 31722.08 31348.08 31104.35 31335.86 31954.00 32517.82 33011.65 33379.07 33543.76 33552.29 33459.09 33311.24 33152.55 32998.20 32840.73 32682.04 32524.08 32363.97 32202.50 32040.83 31878.86 31718.35 31554.64 31036.88
23420.10 24079.68 24666.71 25146.75 25499.37 25728.91 25920.56 26165.16 26587.64 27196.42 27925.65 28723.86 29561.43 30427.18 31301.77 32172.81 32975.87 33716.12 34235.59 34366.31 34404.78 34253.76 33838.94 33166.16 32539.24 31892.05 31322.77 30845.92 30865.84 31582.73 32247.75 32877.94 33452.42 33955.83 34330.36 34481.88 34477.43 34372.83 34217.88 34058.09 33896.52 33733.89 33570.28 33403.26 33236.63 33069.41 32904.33 32739.83 32573.18 32041.33
23420.27 24102.11 24717.88 25209.62 25520.32 25709.29 25911.49 26144.83 26558.84 27160.99 27887.12 28683.38 29519.58 30376.20 31239.56 32083.83 32906.42 33615.53 34058.00 34236.05 34192.91 34172.58 33804.57 33175.14 32392.85 31693.39 31036.55 30465.56 30970.04 31777.78 32499.85 33172.24 33815.55 34395.16 34907.72 35294.80 35428.02 35417.82 35298.95 35139.81 34977.15 34810.18 34639.55 34468.90 34295.97 34126.84 33957.40 33790.50 33621.53 33074.93
23371.57 24034.22 24627.39 25110.33 25406.73 25659.13 25826.36 26113.55 26523.42 27122.44 27846.00 28641.75 29469.87 30315.35 31157.75 32001.93 32796.43 33435.08 33778.61 33981.00 33986.44 33860.09 33572.51 33035.63 32332.87 31543.74 30839.81 30193.61 31015.05 31879.25 32704.58 33424.07 34103.22 34756.72 35333.71 35863.83 36265.57 36385.04 36363.70 36242.76 36079.92 35907.82 35735.39 35558.69 35387.06 35211.95 35040.93 34872.28 34700.43 34135.50
23302.77 23916.70 24469.71 24917.42 25243.03 25434.93 25686.02 25932.28 26431.65 27055.61 27794.20 28589.37 29409.46 30234.56 31064.76 31862.57 32562.40 33076.33 33387.66 33534.85 33497.53 33376.66 33148.27 32734.36 32178.67 31468.17 30700.33 30130.01 31024.29 31919.91 32803.51 33640.22 34355.02 35017.35 35666.69 36250.82 36800.37 37246.98 37345.09 37322.51 37201.65 37034.98 36854.44 36683.14 36503.60 36329.74 36157.27 35985.73 35806.88 35212.97
23181.36 23745.73 24239.04 24613.43 24884.06 25118.48 25377.65 25767.82 26300.05 26984.52 27737.20 28529.87 29331.89 30140.15 30921.47 31623.11 32185.34 32556.34 32775.94 32847.24 32816.15 32702.49 32526.10 32263.25 31846.26 31292.15 30605.99 30115.62 31014.24 31925.57 32837.46 33730.51 34562.69 35253.24 35887.76 36498.60 37096.79 37724.07 38230.15 38304.34 38289.24 38167.59 38011.39 37827.65 37654.15 37478.42 37305.96 37126.72 36927.58 36288.73
23008.98 23510.45 23904.25 24206.88 24471.58 24732.62 25097.28 25575.35 26201.14 26915.05 27673.80 28452.93 29236.63 29998.60 30689.04 31259.41 31657.92 31926.61 32022.58 32045.87 32002.45 31966.04 31825.22 31628.79 31351.95 30950.62 30418.53 30100.77 31000.60 31913.99 32836.01 33751.34 34624.01 35382.23 36001.08 36562.08 37196.23 37887.76 38665.74 39246.89 39259.93 39265.24 39158.83 39004.33 38826.58 38652.14 38476.83 38275.13 38043.28 37310.29
22779.01 23188.07 23504.31 23777.59 24053.97 24399.87 24855.82 25433.83 26112.13 26842.02 27596.32 28356.79 29098.31 29775.88 30343.50 30758.50 31042.22 31173.37 31219.41 31191.75 31153.69 31109.71 31052.75 30916.20 30723.41 30452.69 30071.45 30081.30 30980.92 31893.92 32815.84 33731.59 34605.92 35367.02 35984.82 36579.53 37181.06 37899.53 38748.74 39599.93 40103.15 40212.20 40255.82 40166.86 40009.79 39833.43 39632.17 39409.03 39081.77 38199.67
22475.36 22808.13 23088.36 23365.76 23703.79 24137.85 24685.75 25328.21 26029.93 26761.27 27499.87 28221.59 28885.90 29449.00 29873.97 30166.08 30320.15 30381.02 30373.68 30338.22 30296.82 30256.61 30208.02 30145.01 30017.93 29833.71 29577.02 30043.88 30941.01 31846.54 32759.34 33657.53 34507.24 35279.55 35927.41 36515.10 37077.69 37826.76 38766.87 39661.40 40361.17 40988.14 41227.30 41265.44 41136.26 40982.59 40751.50 40441.53 39952.02 38862.79
22116.26 22408.31 22687.46 23014.87 23430.63 23950.88 24564.09 25239.11 25947.85 26665.10 27367.72 28018.60 28576.70 29008.16 29308.69 29479.74 29552.93 29559.04 29531.02 29491.91 29452.10 29410.64 29369.44 29320.84 29257.61 29139.88 29213.12 29998.91 30890.18 31791.04 32685.06 33538.49 34356.92 35066.59 35716.41 36285.47 36931.93 37745.35 38717.48 39731.83 40634.78 41383.60 42008.31 42173.46 42122.33 41986.38 41740.85 41236.29 40553.57 39328.44
21734.83 22022.00 22340.80 22738.65 23233.77 23819.10 24468.70 25154.72 25851.93 26536.01 27173.44 27725.90 28161.50 28470.56 28655.95 28742.05 28759.21 28738.13 28702.19 28663.30 28623.24 28583.72 28543.41 28502.84 28455.60 28476.50 29096.69 29948.13 30831.48 31711.62 32562.72 33371.52 34099.28 34766.47 35380.35 36010.49 36753.95 37661.65 38668.27 39719.54 40762.62 41623.48 42341.31 42796.10 42760.56 42722.78 42270.93 41722.85 40972.12 39671.35
21362.80 21681.91 22063.58 22535.47 23094.40 23718.90 24382.39 25059.65 25725.83 26349.83 26896.03 27334.04 27650.99 27849.00 27947.82 27975.76 27961.98 27929.76 27892.28 27853.42 27814.62 27775.53 27736.88 27701.85 27753.42 28246.23 29030.90 29887.28 30749.82 31590.17 32388.29 33123.64 33794.06 34409.95 35048.66 35766.20 36615.32 37579.98 38618.33 39683.90 40741.47 41727.47 42517.54 42946.09 43030.15 42947.10 42580.39 42054.27 41134.30 39968.55
21030.15 21404.85 21855.28 22389.23 22989.18 23630.37 24287.81 24936.55 25547.20 26086.59 26525.64 26849.56 27058.87 27169.88 27208.43 27202.18 27174.15 27138.52 27100.84 27062.90 27024.92 26988.34 26963.34 27029.41 27435.93 28144.25 28967.21 29808.40 30633.49 31418.29 32151.03 32821.16 33442.30 34070.73 34774.13 35586.97 36506.66 37509.61 38562.08 39639.93 40710.44 41705.14 42502.23 42947.44 43017.40 43031.81 42724.54 42012.24 41174.91 40118.77
20754.40 21192.55 21702.91 22279.00 22898.16 23535.97 24167.60 24765.00 25297.10 25736.06 26065.92 26285.41 26407.97 26456.90 26458.35 26434.91 26401.53 26365.12 26328.12 26291.30 26257.00 26239.42 26311.21 26656.56 27291.04 28071.71 28889.51 29698.02 30471.88 31196.07 31861.62 32484.59 33106.12 33791.72 34572.78 35456.10 36418.89 37445.04 38508.12 39586.51 40660.26 41650.50 42304.91 42795.03 42935.41 42792.36 42585.12 41945.18 41050.81 40105.72
20539.23 21034.76 21587.79 22185.28 22803.66 23418.45 24002.69 24527.10 24965.02 25299.78 25528.42 25661.83 25720.89 25730.14 25711.63 25680.86 25645.88 25609.90 25574.33 25542.40 25530.10 25602.62 25902.10 26469.63 27203.34 27993.97 28785.22 29547.99 30267.07 30928.06 31546.46 32163.03 32824.37 33578.71 34425.75 35354.78 36343.97 37379.23 38437.68 39500.22 40526.52 41362.36 41967.30 42312.49 42401.77 42283.57 41992.19 41638.74 40894.49 39962.81
20376.83 20914.99 21491.23 22090.42 22688.59 23259.75 23776.14 24212.19 24550.87 24787.68 24931.25 25000.12 25017.20 25003.91 24976.07 24942.70 24907.85 24873.58 24844.10 24835.97 24906.41 25169.42 25677.49 26362.18 27122.73 27894.59 28646.08 29359.56 30018.66 30637.94 31246.72 31888.01 32607.30 33422.33 34314.78 35271.28 36272.60 37303.92 38339.77 39347.58 40218.26 40874.49 41308.33 41522.40 41563.07 41460.74 41337.86 40926.76 40514.28 39771.66
20252.76 20815.52 21395.79 21977.54 22535.68 23043.77 23477.24 23818.91 24062.98 24215.99 24294.31 24319.21 24311.36 24286.76 24255.21 24221.58 24188.63 24161.40 24156.89 24224.62 24457.63 24912.76 25548.21 26275.64 27026.20 27764.23 28471.07 29131.47 29748.70 30354.61 30983.07 31673.07 32448.31 33304.25 34225.97 35195.78 36195.14 37202.67 38181.77 39049.33 39730.17 40219.34 40498.62 40570.33 40566.17 40488.62 40390.53 40215.63 39816.25 39362.69
20150.43 20719.30 21284.83 21830.01 22329.55 22759.83 23103.63 23354.06 23515.82 23603.21 23635.86 23633.62 23612.52 23582.99 23550.70 23519.10 23493.86 23491.83 23556.92 23765.95 24174.61 24761.26 25452.65 26179.97 26902.00 27598.53 28256.36 28876.70 29479.12 30100.16 30769.18 31510.29 32327.05 33212.27 34148.40 35116.67 36093.36 37044.05 37898.35 38591.12 39103.61 39427.58 39561.01 39572.03 39558.08 39481.11 39404.20 39278.75 39082.52 38687.41
20053.33 20610.01 21142.29 21633.06 22059.59 22404.74 22660.71 22830.51 22926.55 22966.85 22970.35 22952.98 22925.69 22894.85 22864.59 22841.09 22840.66 22902.28 23090.87 23459.06 23999.84 24654.09 25355.97 26060.64 26744.58 27394.79 28013.70 28616.74 29231.05 29887.43 30603.09 31385.18 32231.03 33132.35 34067.87 35014.51 35937.60 36777.46 37472.32 38001.33 38358.84 38541.07 38610.99 38640.42 38636.08 38553.87 38477.87 38327.01 38177.53 37951.16
19945.50 20472.05 20953.89 21376.19 21721.97 21982.68 22159.85 22264.10 22311.89 22321.21 22307.77 22282.91 22253.65 22224.75 22202.76 22203.30 22261.15 22432.58 22768.52 23271.18 23891.05 24554.24 25240.31 25910.73 26552.14 27164.47 27763.88 28373.40 29021.65 29718.64 30474.53 31287.89 32148.13 33051.45 33966.55 34862.46 35685.13 36379.19 36919.20 37300.43 37539.87 37696.76 37791.43 37862.90 37882.79 37790.80 37638.19 37493.34 37279.88 37080.90
19811.80 20291.62 20709.27 21055.02 21319.72 21503.60 21615.61 21670.71 21685.89 21676.56 21654.31 21626.75 21599.21 21578.57 21579.67 21633.89 21791.75 22108.26 22640.72 23307.37 23965.04 24593.11 25170.59 25728.28 26333.50 26926.22 27528.88 28166.40 28849.54 29588.36 30371.73 31201.53 32069.38 32950.89 33818.79 34622.86 35312.07 35858.92 36260.31 36537.18 36754.61 36954.74 37108.94 37295.89 37301.49 37244.96 37069.40 36761.57 36500.86 36230.67
19638.83 20058.47 20403.60 20671.61 20861.67 20981.97 21052.62 21073.67 21068.58 21049.12 21023.37 20997.21 20977.75 20979.09 21029.09 21167.72 21468.74 21992.72 22642.74 23317.41 24001.99 24676.28 25319.46 25906.37 26415.59 26845.27 27325.53 27996.95 28720.02 29482.39 30286.24 31121.03 31968.35 32806.35 33590.23 34272.07 34821.58 35235.12 35535.26 35779.18 36027.84 36295.17 36614.99 36800.33 36790.70 36792.38 36632.90 36284.59 35854.78 35499.75
19416.49 19767.54 20039.21 20243.29 20370.80 20445.76 20474.44 20473.71 20457.19 20433.38 20408.62 20390.23 20391.66 20438.53 20571.29 20859.02 21384.51 22012.82 22650.61 23317.58 24010.79 24713.55 25404.38 26062.74 26661.35 27177.05 27598.09 27962.62 28608.66 29393.25 30202.72 31020.49 31826.79 32588.00 33259.54 33809.59 34231.10 34545.64 34805.17 35069.92 35383.58 35776.77 36130.18 36309.35 36334.54 36265.70 36094.68 35842.36 35383.53 34885.73
19140.66 19430.13 19636.60 19772.40 19852.56 19888.67 19901.18 19887.74 19865.99 19842.68 19825.32 19826.86 19871.76 20002.12 20294.59 20822.78 21403.28 22017.17 22664.03 23325.64 24008.55 24721.08 25442.52 26150.12 26823.14 27433.22 27955.01 28372.70 28701.85 29302.25 30097.42 30877.83 31614.97 32275.60 32823.22 33250.64 33575.10 33843.46 34114.58 34437.09 34845.91 35234.93 35567.23 35775.33 35735.30 35729.17 35492.84 35241.53 34889.29 34396.58
18825.98 19043.94 19186.44 19273.47 19324.33 19340.20 19340.43 19321.82 19308.45 19292.21 19294.31 19339.82 19483.51 19900.53 20381.56 20886.18 21438.14 22035.45 22664.99 23330.70 24018.59 24715.46 25448.84 26188.90 26913.24 27601.55 28222.85 28750.01 29164.35 29455.69 29950.19 30668.42 31318.10 31864.97 32296.11 32628.80 32902.96 33171.96 33486.90 33877.02 34285.31 34644.43 34947.26 35029.27 35010.71 34958.71 34863.25 34594.53 34274.38 33887.05
18457.78 18614.07 18715.93 18771.19 18802.15 18813.51 18808.40 18795.36 18792.47 18810.63 18978.70 19278.92 19614.60 20006.03 20472.39 20966.32 21492.38 22058.43 22685.03 23327.89 24013.04 24718.84 25440.06 26194.09 26952.72 27694.33 28398.27 29030.32 29564.83 29977.56 30235.00 30387.09 30935.34 31375.62 31715.60 31994.71 32262.07 32560.30 32923.87 33319.39 33679.86 33996.99 34144.11 34181.35 34139.33 34102.64 34011.61 33882.62 33617.11 33281.00
18048.05 18169.51 18240.69 18283.91 18308.15 18322.13 18369.20 18562.55 18756.62 18963.71 19214.36 19489.95 19798.48 20141.38 20554.43 21039.45 21556.05 22104.74 22693.46 23341.76 24007.57 24712.05 25435.25 26182.91 26957.19 27735.39 28493.69 29214.95 29857.32 30399.91 30820.03 31070.30 31121.57 31065.98 31133.63 31398.37 31671.52 32013.99 32382.25 32729.25 33034.83 33208.84 33273.77 33266.28 33227.81 33179.18 33121.13 33034.25 32890.25 32628.06
17627.94 17721.12 17783.95 17871.19 18150.56 18410.20 18655.67 18856.35 19053.69 19239.47 19450.72 19712.10 19993.71 20311.18 20670.92 21107.29 21610.18 22150.90 22734.09 23344.17 24014.66 24704.62 25428.35 26168.01 26945.11 27738.89 28536.70 29312.40 30052.29 30705.84 31256.77 31677.70 31920.73 31944.29 31839.68 31708.80 31544.02 31496.54 31816.93 32103.45 32281.69 32366.61 32371.06 32343.73 32298.90 32255.85 32208.49 32146.64 32057.81 31903.63
17219.00 17399.24 17749.41 18070.42 18361.08 18637.12 18891.25 19124.35 19325.29 19505.77 19694.46 19909.35 20183.48 20469.75 20819.18 21204.28 21664.97 22195.82 22759.40 23370.18 24012.47 24703.80 25419.50 26162.21 26928.51 27726.01 28539.65 29358.69 30151.46 30909.94 31567.13 32121.95 32519.25 32732.22 32683.44 32569.75 32386.41 32115.10 31673.88 31393.26 31475.11 31488.46 31468.41 31428.45 31385.66 31340.71 31297.98 31248.39 31187.06 31089.47
17151.02 17535.24 17901.85 18239.29 18558.43 18842.32 19104.15 19343.42 19562.67 19745.31 19929.34 20120.81 20338.49 20628.44 20937.32 21322.01 21731.56 22228.23 22787.08 23384.15 24021.68 24699.40 25408.99 26153.27 26912.89 27708.99 28526.10 29360.44 30201.66 31007.46 31775.91 32410.73 32948.59 33215.38 33342.34 33269.69 33073.73 32609.55 32121.51 31445.54 30684.64 30609.74 30572.56 30531.16 30487.85 30445.37 30401.48 30358.27 30309.93 30240.10
17249.08 17656.19 18019.34 18388.58 18697.39 19008.26 19274.85 19522.66 19746.37 19940.71 20126.12 20314.02 20508.16 20761.67 21063.58 21395.96 21820.27 22273.92 22807.11 23392.57 24026.05 24699.82 25404.37 26141.47 26905.21 27691.72 28508.57 29345.57 30199.44 31057.12 31861.84 32600.83 33190.20 33568.79 33691.14 33669.44 33394.70 33003.51 32345.12 31553.26 30728.07 29914.15 29716.74 29654.78 29611.28 29568.80 29527.02 29484.39 29441.91 29384.93
17327.07 17746.18 18137.92 18493.73 18836.66 19124.71 19407.29 19646.12 19882.14 20078.82 20279.11 20466.69 20659.00 20886.11 21145.30 21482.16 21869.27 22331.13 22832.13 23402.14 24023.46 24694.51 25394.88 26126.96 26893.28 27674.42 28490.79 29327.58 30181.67 31043.63 31897.04 32686.00 33314.90 33675.10 33738.93 33749.53 33528.49 33065.01 32361.78 31569.41 30738.70 29914.83 29140.64 28858.50 28765.23 28715.21 28672.57 28631.52 28590.01 28538.77
17372.35 17819.04 18218.38 18577.80 18921.23 19233.97 19491.72 19734.07 19956.12 20171.21 20369.61 20577.22 20765.85 20994.36 21246.55 21539.18 21909.86 22358.88 22853.90 23407.27 24024.04 24680.10 25380.04 26118.74 26876.97 27663.79 28470.91 29307.78 30162.08 31024.49 31878.49 32669.35 33300.94 33573.40 33748.70 33688.63 33563.61 33060.45 32378.97 31577.80 30751.50 29924.99 29114.57 28373.72 28031.35 27903.69 27843.29 27799.00 27758.33 27708.53
17394.78 17854.74 18275.76 18641.03 18988.09 19286.44 19559.30 19800.28 20017.39 20224.19 20425.60 20627.77 20844.26 21051.39 21309.97 21597.57 21947.16 22379.68 22861.28 23411.13 24018.56 24672.03 25362.66 26090.60 26846.14 27630.74 28434.68 29268.84 30116.82 30966.03 31793.41 32538.53 33081.30 33399.33 33533.42 33551.67 33213.22 32924.54 32292.51 31551.29 30747.32 29930.11 29122.06 28331.43 27617.88 27231.67 27069.30 26995.40 26947.81 26897.98
17405.68 17866.67 18290.97 18683.55 19033.21 19337.62 19588.60 19819.01 20048.27 20247.42 20450.30 20656.84 20862.05 21099.04 21346.41 21633.50 21979.06 22386.41 22863.71 23397.01 23994.28 24644.43 25331.75 26057.18 26811.32 27594.64 28396.44 29224.26 30058.15 30871.71 31630.35 32259.07 32672.68 32928.81 33073.55 33027.74 32899.47 32506.54 32081.25 31435.56 30711.15 29922.42 29124.02 28335.66 27566.27 26875.05 26456.38 26260.99 26171.29 26109.96
17416.13 17877.81 18302.95 18696.43 19047.20 19354.13 19615.30 19827.82 20044.75 20251.51 20454.31 20662.29 20874.36 21103.13 21358.29 21652.26 21996.44 22401.74 22869.64 23400.88 23987.36 24629.44 25307.77 26023.16 26775.87 27556.92 28352.25 29163.79 29960.33 30706.09 31343.90 31803.71 32145.31 32300.97 32359.98 32331.81 32218.48 32035.88 31647.01 31197.33 30579.89 29874.85 29111.90 28335.91 27567.24 26818.36 26145.70 25703.33 25477.56 25362.03
17406.54 17868.96 18294.77 18689.14 19040.82 19348.74 19611.85 19839.65 20043.24 20233.91 20432.76 20657.70 20869.35 21096.78 21350.80 21642.65 21983.67 22385.53 22849.72 23377.77 23960.81 24600.16 25276.04 25988.53 26738.69 27513.17 28292.37 29068.22 29796.70 30429.39 30910.72 31267.80 31467.43 31540.94 31557.26 31512.06 31448.16 31321.52 31130.86 30765.89 30321.23 29733.07 29055.20 28319.01 27565.36 26816.31 26087.15 25430.46 24970.94 24709.55
17395.63 17858.63 18284.99 18679.88 19032.00 19340.29 19603.63 19831.47 20026.73 20231.93 20431.88 20648.57 20859.47 21085.64 21337.94 21627.52 21965.76 22364.75 22826.04 23351.54 23932.04 24569.37 25242.49 25951.92 26695.42 27454.03 28199.13 28910.95 29534.97 30026.52 30388.70 30610.96 30710.24 30733.90 30711.02 30672.34 30619.78 30555.36 30429.37 30235.17 29894.16 29464.74 28904.85 28253.68 27543.42 26811.93 26082.39 25372.20 24729.75 24249.92
17357.53 17822.01 18249.75 18646.42 19000.36 19310.41 19574.86 19800.90 20016.47 20219.11 20430.15 20630.33 20847.40 21062.37 21303.12 21581.63 21917.23 22314.64 22783.77 23323.75 23902.09 24536.80 25206.55 25909.18 26637.15 27363.20 28048.16 28663.45 29159.03 29526.83 29762.34 29880.06 29917.00 29907.82 29872.92 29831.08 29787.00 29736.03 29669.90 29549.09 29360.65 29041.81 28628.88 28095.07 27469.90 26784.82 26075.25 25365.04 24673.10 24035.81
17321.57 17787.39 18216.45 18611.93 18942.30 19254.40 19527.04 19758.77 19985.80 20191.20 20405.45 20595.96 20798.31 21010.69 21241.53 21517.83 21869.40 22272.66 22751.18 23276.65 23860.86 24492.13 25156.00 25851.89 26548.79 27218.39 27813.98 28310.99 28684.64 28931.70 29064.23 29113.23 29111.92 29084.13 29044.92 29005.68 28963.42 28920.17 28870.47 28804.95 28690.20 28508.30 28208.86 27812.95 27303.48 26703.48 26042.85 25354.91 24663.82 23981.67
17276.83 17734.97 18160.77 18532.87 18868.45 19184.44 19441.09 19706.36 19929.38 20136.62 20343.73 20520.99 20709.36 20915.47 21152.55 21440.68 21808.69 22218.46 22689.75 23216.84 23808.86 24442.97 25097.95 25766.03 26409.95 26996.63 27482.52 27861.49 28118.86 28264.87 28325.85 28332.85 28310.33 28274.43 28235.98 28196.69 28158.14 28117.22 28074.85 28026.32 27961.76 27852.32 27677.34 27395.15 27016.31 26529.77 25954.08 25317.20 24650.55 23970.53
17212.06 17654.34 18063.85 18433.57 18763.44 19072.63 19353.71 19599.05 19830.16 20031.76 20227.41 20393.76 20591.17 20791.08 21024.69 21351.25 21719.03 22133.93 22606.35 23148.28 23750.14 24367.43 24996.61 25616.08 26190.30 26667.19 27048.23 27314.82 27473.12 27545.75 27561.37 27544.46 27512.02 27474.92 27436.77 27398.80 27359.90 27322.03 27282.32 27240.89 27193.48 27130.12 27025.46 26857.57 26591.00 26229.06 25764.37 25212.24 24598.61 23947.75
