#Value Function.
453.33  456.67  459.64  462.45  464.82  467.05  469.00  470.71  472.18  473.17  473.88  474.22  474.44  474.52  474.60  474.44  474.26  473.82  473.39  472.76  472.78  473.87  474.94  475.38  475.51  475.19  474.58  472.98  470.38  465.90  458.80  449.32  437.67  424.48  410.79  397.17  383.88  370.88  358.22  345.87  333.83  322.10  310.67  299.52  288.66  278.08  267.77  257.75  248.07  238.82 
464.34  467.94  471.26  474.30  477.07  479.48  481.64  483.65  485.25  486.52  487.40  488.01  488.34  488.43  488.51  488.35  488.17  487.73  487.23  486.29  485.39  486.89  487.91  488.90  488.96  488.87  487.74  485.76  481.66  474.64  465.13  453.27  439.70  425.60  411.59  397.93  384.57  371.56  358.87  346.50  334.45  322.70  311.25  300.09  289.21  278.62  268.31  258.34  248.84  240.00 
475.29  479.12  482.64  485.92  489.05  491.76  494.22  496.27  498.11  499.63  500.80  501.56  501.92  502.01  502.09  501.92  501.75  501.28  500.45  499.76  498.62  498.67  500.82  501.52  502.15  501.69  500.56  497.29  490.57  481.12  469.13  455.18  440.67  426.24  412.22  398.50  385.13  372.09  359.39  347.01  334.94  323.18  311.72  300.55  289.67  279.07  268.80  258.99  249.90  241.81 
486.42  490.32  493.95  497.59  500.94  504.04  506.66  508.94  510.90  512.52  513.83  514.80  515.32  515.41  515.50  515.33  515.14  514.52  513.75  512.85  511.93  511.02  512.44  514.13  514.22  514.25  512.14  506.36  497.25  485.33  471.06  456.14  441.28  426.91  412.80  399.08  385.68  372.63  359.91  347.52  335.44  323.67  312.19  301.01  290.12  279.56  269.42  259.99  251.66  244.61 
497.82  501.72  505.43  509.15  512.77  516.07  519.00  521.56  523.62  525.39  526.50  527.64  528.38  528.51  528.60  528.44  528.01  527.62  526.86  525.91  524.65  523.90  524.35  525.26  525.58  524.86  521.11  513.20  501.45  487.22  471.99  456.72  442.00  427.48  413.40  399.63  386.24  373.17  360.44  348.03  335.94  324.15  312.67  301.48  290.61  280.15  270.36  261.68  254.45  248.51 
509.53  513.26  517.12  520.90  524.59  528.06  531.20  534.09  536.31  537.88  539.52  540.31  540.85  541.29  541.40  541.23  540.82  540.41  539.67  538.36  537.50  536.29  536.13  536.39  536.08  533.43  527.62  517.25  503.38  488.18  472.51  457.49  442.56  428.11  413.96  400.21  386.78  373.71  360.96  348.55  336.44  324.64  313.15  301.96  291.17  281.02  271.97  264.44  258.42  253.24 
521.82  525.24  528.90  532.76  536.51  540.04  543.35  546.44  548.91  550.67  551.96  553.09  553.46  553.77  553.86  553.71  553.28  552.91  552.07  551.28  549.93  548.80  547.82  547.04  544.54  540.29  532.01  519.24  504.37  488.61  473.38  458.04  443.23  428.68  414.56  400.77  387.34  374.25  361.49  349.06  336.94  325.13  313.63  302.51  291.98  282.53  274.69  268.48  263.30  258.33 
534.76  537.84  541.15  544.80  548.52  552.12  555.62  558.61  561.31  563.33  564.46  565.39  565.97  566.04  566.14  565.97  565.59  565.16  564.74  563.75  562.21  560.61  558.74  555.99  552.32  545.04  534.02  520.18  504.50  489.28  473.87  458.76  443.79  429.31  415.13  401.35  387.89  374.79  362.02  349.57  337.44  325.62  314.16  303.25  293.39  285.21  278.80  273.52  268.60  263.30 
548.33  551.10  554.06  557.33  560.83  564.41  567.85  570.95  573.47  575.65  577.11  577.96  578.27  578.40  578.31  578.19  577.84  577.70  577.13  576.13  574.51  572.38  569.39  565.73  558.83  548.82  535.83  519.95  505.00  489.41  474.42  459.24  444.45  429.87  415.73  401.90  388.45  375.33  362.55  350.08  337.94  326.14  314.84  304.55  295.99  289.37  283.99  279.02  273.77  267.75 
562.63  565.00  567.52  570.43  573.53  576.88  580.18  583.21  585.91  588.09  589.72  590.56  590.94  590.83  590.74  590.47  590.35  590.15  589.61  588.61  586.87  584.32  580.44  574.15  564.53  551.58  536.36  520.57  504.77  489.75  474.58  459.73  444.94  430.49  416.29  402.49  389.00  375.88  363.07  350.60  338.46  326.77  316.01  307.04  300.21  294.73  289.71  284.42  278.43  271.48 
577.61  579.67  581.76  584.20  586.96  589.86  592.95  595.83  598.44  600.58  602.19  603.25  603.57  603.61  603.33  603.09  603.13  602.85  602.22  600.98  598.97  595.76  590.00  580.94  568.34  552.95  536.58  520.83  505.12  489.61  474.82  459.93  445.40  430.99  416.88  403.04  389.57  376.41  363.60  351.12  339.04  327.79  318.38  311.32  305.74  300.67  295.35  289.29  282.33  274.42 
593.19  595.04  596.80  598.81  601.05  603.64  606.21  608.91  611.37  613.40  614.98  616.00  616.62  616.52  616.47  616.30  616.14  615.81  614.97  613.46  611.09  606.12  597.68  585.46  570.20  553.52  537.20  521.00  505.31  489.84  474.75  460.13  445.62  431.42  417.37  403.61  390.11  376.96  364.13  351.66  339.91  330.00  322.70  317.02  311.91  306.55  300.43  293.36  285.40  276.63 
609.20  611.02  612.56  614.22  616.02  618.04  620.36  622.44  624.77  626.65  628.11  629.11  629.63  629.95  629.78  629.62  629.44  629.00  628.07  626.17  622.06  614.38  602.68  587.53  570.84  554.10  537.60  521.40  505.50  490.03  474.94  460.11  445.80  431.66  417.79  404.09  390.65  377.49  364.66  352.39  341.91  334.37  328.59  323.44  318.05  311.86  304.69  296.57  287.70  278.27 
624.88  627.54  629.10  630.51  631.94  633.52  635.34  637.25  638.80  640.64  641.92  642.80  643.33  643.61  643.58  643.39  643.22  642.78  641.27  638.11  631.23  620.19  605.11  588.46  571.39  554.69  538.12  521.79  505.85  490.22  475.12  460.27  445.82  431.83  418.03  404.49  391.12  378.02  365.23  354.11  346.33  340.44  335.26  329.84  323.60  316.32  308.04  298.96  289.38  279.58 
639.25  643.74  646.11  647.48  648.65  649.85  651.20  652.55  654.06  655.34  656.67  657.31  657.58  657.91  657.94  657.79  657.53  656.70  654.13  648.09  637.77  622.95  606.04  588.82  571.99  555.13  538.58  522.17  506.11  490.54  475.21  460.44  445.96  431.88  418.20  404.74  391.51  378.48  366.59  358.59  352.59  347.37  341.93  335.64  328.25  319.82  310.53  300.68  290.70  280.84 
650.89  658.63  662.83  665.02  666.19  667.11  668.07  669.08  669.92  671.02  671.93  672.73  673.13  672.94  673.11  672.86  672.48  670.44  665.36  655.56  640.99  624.16  606.27  589.39  572.28  555.56  538.90  522.59  506.48  490.82  475.49  460.55  446.12  432.01  418.26  404.90  391.76  379.36  371.15  365.05  359.79  354.34  348.00  340.51  331.92  322.41  312.30  302.02  291.96  282.29 
658.48  670.70  678.26  682.25  684.25  685.23  685.89  686.62  687.15  687.74  688.38  688.94  689.13  689.37  689.07  688.84  687.51  683.06  673.80  659.53  642.56  624.22  607.03  589.48  572.65  555.76  539.17  522.91  506.87  491.16  475.77  460.81  446.25  432.15  418.39  404.98  392.44  384.04  377.81  372.52  367.07  360.68  353.09  344.35  334.63  324.24  313.65  303.27  293.40  284.10 
662.56  678.50  690.77  698.39  702.12  703.79  704.62  705.00  705.40  705.67  706.02  706.16  706.41  706.31  706.24  705.18  701.57  692.80  678.58  661.49  642.63  624.98  607.00  589.85  572.69  555.97  539.38  523.07  507.18  491.43  476.09  461.08  446.49  432.29  418.53  405.87  397.25  390.89  385.56  380.12  373.70  366.00  357.10  347.17  336.50  325.60  314.89  304.71  295.23  286.32 
664.53  682.40  698.62  711.34  718.88  722.51  723.78  724.37  724.58  724.61  724.63  724.77  724.61  724.69  723.90  720.76  712.72  698.44  680.92  661.84  643.47  624.97  607.37  589.80  572.76  555.91  539.45  523.26  507.36  491.72  476.36  461.39  446.75  432.51  419.67  410.80  404.29  398.93  393.51  387.06  379.25  370.20  360.06  349.11  337.87  326.83  316.32  306.54  297.50  288.79 
666.14  684.13  702.44  719.16  732.44  739.85  743.27  744.25  744.57  744.61  744.51  744.24  744.20  743.65  741.06  733.46  719.13  701.13  681.68  662.27  643.54  625.41  607.33  589.85  572.62  555.95  539.42  523.33  507.42  491.90  476.63  461.66  447.04  433.84  424.70  418.02  412.63  407.23  400.77  392.85  383.65  373.31  362.06  350.48  339.09  328.24  318.15  308.87  300.10  291.10 
668.30  685.54  703.82  722.73  740.17  754.12  761.32  764.46  765.10  765.08  765.02  764.80  764.24  762.24  755.34  740.64  722.41  702.39  682.09  662.72  643.70  625.31  607.44  589.73  572.63  555.73  539.42  523.20  507.47  491.97  476.81  461.91  448.38  438.96  432.09  426.67  421.31  414.84  406.81  397.46  386.92  375.36  363.44  351.69  340.49  330.06  320.52  311.60  302.57  292.81 
671.58  687.47  704.96  723.78  743.43  761.68  776.39  783.12  785.91  785.97  785.83  785.67  784.26  778.29  763.18  744.52  724.07  703.13  682.80  662.93  643.87  625.33  607.27  589.67  572.42  555.71  539.14  523.17  507.38  492.01  476.89  463.32  453.58  446.50  441.04  435.75  429.28  421.14  411.63  400.91  389.04  376.76  364.64  353.07  342.29  332.48  323.39  314.24  304.37  293.87 
676.10  690.34  706.40  724.72  744.21  764.57  783.63  799.11  805.01  806.79  806.52  806.26  801.72  786.45  767.38  746.42  725.06  703.75  683.29  663.33  643.98  625.36  607.15  589.52  572.34  555.42  539.06  522.94  507.32  491.93  478.68  468.59  461.26  455.77  450.54  444.11  435.84  426.17  415.28  403.08  390.43  377.93  365.99  354.85  344.73  335.47  326.23  316.15  305.45  294.61 
680.11  694.11  708.26  725.44  744.68  765.05  785.99  805.70  821.35  825.55  825.47  824.10  809.79  790.60  769.46  747.65  725.77  704.55  683.79  663.69  644.22  625.35  607.16  589.42  572.10  555.31  538.83  522.84  507.61  494.53  483.99  476.38  470.85  465.71  459.33  450.92  441.07  430.04  417.50  404.48  391.58  379.26  367.74  357.30  347.86  338.54  328.25  317.23  306.22  295.17 
681.90  696.60  710.60  726.70  744.87  765.31  786.21  807.30  826.15  838.92  838.80  830.41  813.48  792.97  770.83  748.56  726.60  705.16  684.41  664.17  644.57  625.57  607.07  589.30  571.98  555.09  539.45  524.53  510.79  499.66  491.87  486.28  481.25  474.97  466.40  456.35  445.21  432.31  418.87  405.59  392.87  380.97  370.17  360.54  351.18  340.70  329.33  318.03  306.78  295.68 
681.74  697.20  712.51  728.29  746.12  765.17  785.99  806.67  825.76  839.05  839.62  831.13  814.80  793.94  771.85  749.54  727.54  705.98  685.03  664.76  644.92  625.79  607.38  589.99  573.33  557.33  541.80  527.43  515.41  507.27  501.86  497.04  491.03  482.30  471.99  460.80  447.48  433.64  419.91  406.82  394.50  383.33  373.51  364.16  353.50  341.74  330.17  318.58  307.31  296.15 
679.49  697.20  712.93  730.33  747.40  766.21  785.16  805.87  822.79  828.09  829.62  828.21  813.65  794.44  772.76  750.51  728.45  706.91  685.89  665.55  645.88  627.21  609.35  592.24  575.72  559.57  544.40  531.23  521.98  516.43  512.38  507.09  498.40  487.87  476.85  463.05  448.75  434.59  421.02  408.35  396.74  386.71  377.43  366.65  354.46  342.63  330.70  319.15  307.78  296.63 
677.36  695.25  713.88  731.18  749.02  766.81  785.35  802.78  810.59  814.46  815.76  815.80  810.58  793.49  773.65  751.46  729.55  707.95  687.07  666.78  647.59  629.22  611.67  594.61  577.94  561.54  546.95  536.19  528.80  524.63  521.33  513.51  503.75  493.16  479.05  464.28  449.63  435.53  422.28  410.35  400.00  390.91  380.15  367.44  355.43  343.13  331.31  319.61  308.29  297.08 
674.67  694.01  713.14  732.34  749.48  767.30  783.92  792.91  799.25  800.69  801.56  802.03  799.21  790.59  773.23  752.62  730.57  709.19  688.23  668.54  649.62  631.62  614.14  596.85  579.69  563.45  549.48  539.89  533.24  530.51  524.14  517.73  508.55  495.04  480.11  465.11  450.34  436.44  423.70  413.20  404.50  393.87  380.65  368.53  355.84  343.79  331.75  320.14  308.73  297.55 
673.04  692.96  712.62  731.42  749.74  765.98  776.72  783.49  786.00  786.64  787.06  787.90  786.54  781.13  770.45  752.54  731.69  710.20  690.03  670.57  652.10  634.19  616.51  598.64  581.25  564.95  551.48  542.33  536.52  530.96  526.65  519.57  509.14  495.59  480.78  465.71  451.07  437.26  425.05  417.60  407.41  393.83  381.92  368.81  356.59  344.19  332.32  320.59  309.23  298.00 
671.74  691.85  711.53  730.19  747.48  759.34  767.20  770.69  772.03  772.87  773.39  773.69  773.13  769.69  762.84  750.76  732.29  711.87  691.91  673.10  654.76  636.73  618.24  600.08  582.19  565.55  552.02  542.64  535.61  531.71  526.56  520.09  509.53  496.15  481.33  466.34  451.66  437.82  425.53  416.64  406.39  395.28  381.88  369.68  356.90  344.82  332.74  321.11  309.67  298.47 
670.25  690.10  709.19  726.48  740.03  748.25  753.12  754.96  757.01  758.60  759.26  759.09  759.27  757.36  753.61  746.13  732.20  713.18  694.44  675.71  657.50  638.46  619.78  601.05  582.85  565.78  551.30  541.33  534.18  529.33  525.29  518.52  508.34  496.42  481.85  466.83  452.15  438.17  425.02  413.59  404.52  394.21  382.75  369.75  357.59  345.18  333.30  321.54  310.17  298.92 
668.24  687.23  704.50  718.19  727.28  732.36  735.42  738.21  739.99  741.94  743.44  745.06  744.95  746.18  745.78  741.25  731.09  715.38  696.54  678.61  659.16  640.12  620.85  601.96  583.48  566.01  550.53  537.91  531.30  524.92  520.14  513.96  505.37  494.38  481.56  467.18  452.54  438.45  425.03  412.34  401.32  391.97  381.71  370.29  357.74  345.76  333.69  322.06  310.61  299.39 
665.13  682.06  695.45  704.70  710.40  713.79  716.89  718.95  721.44  723.88  726.25  728.61  730.59  734.05  738.19  737.56  731.00  716.49  699.29  680.01  660.88  641.16  621.82  602.69  584.19  566.41  549.81  536.16  525.99  519.55  513.49  507.89  500.39  490.56  479.43  466.67  452.76  438.62  424.98  411.92  399.66  388.89  379.45  369.32  358.08  345.97  334.21  322.47  311.09  299.83 
659.75  672.96  682.19  687.94  691.73  694.69  697.08  699.82  702.69  705.33  708.62  712.94  719.57  727.53  730.30  731.09  729.16  718.46  700.49  681.99  661.75  642.16  622.52  603.54  584.91  567.02  550.03  534.80  522.73  513.24  506.72  500.32  493.53  485.47  475.57  464.61  452.16  438.66  424.97  411.69  398.98  387.12  376.61  367.17  357.17  346.16  334.44  322.93  311.50  300.29 
650.75  660.06  665.90  669.77  672.70  675.22  677.88  680.82  683.82  687.40  692.80  701.28  712.00  719.70  722.56  723.70  723.29  716.75  702.01  682.34  662.86  642.81  623.43  604.26  585.72  567.59  550.27  534.26  520.40  509.23  500.14  493.07  485.97  478.72  470.59  460.92  450.14  437.99  424.90  411.60  398.67  386.31  374.81  364.54  355.16  345.30  334.54  323.17  311.93  300.70 
638.25  644.34  648.26  651.22  653.74  656.35  659.21  662.34  666.11  671.70  680.40  691.70  702.06  709.61  713.04  713.46  712.24  709.00  698.88  682.65  663.03  643.67  624.09  605.11  586.44  568.37  550.90  534.39  519.18  506.17  495.33  486.17  478.55  471.35  464.13  456.07  446.62  436.02  424.17  411.43  398.51  385.93  373.91  362.74  352.72  343.43  333.72  323.21  312.17  301.10 
623.12  627.30  630.25  632.78  635.35  638.15  641.27  645.13  650.82  659.43  670.45  680.98  690.14  695.35  698.13  699.45  698.03  695.25  690.36  679.10  662.87  643.89  624.86  605.81  587.26  569.17  551.81  535.23  519.75  505.51  491.87  480.81  471.74  464.12  457.02  449.87  441.90  432.65  422.25  410.67  398.29  385.73  373.48  361.79  350.95  341.16  331.98  322.43  312.16  301.33 
606.66  609.85  612.37  614.90  617.65  620.77  624.70  630.38  638.70  649.17  659.42  668.50  674.34  678.02  680.52  681.68  682.65  680.33  676.33  670.61  659.28  643.43  625.11  606.58  588.04  570.14  552.97  536.85  521.97  508.04  494.06  479.99  466.62  457.53  450.01  443.03  435.95  428.08  419.01  408.81  397.50  385.45  373.24  361.32  349.96  339.44  329.86  320.80  311.41  301.29 
589.76  592.50  595.00  597.70  600.82  604.80  610.45  618.46  628.33  638.20  646.87  652.85  656.97  659.47  661.27  662.68  663.82  663.97  661.45  657.34  651.10  639.94  624.57  606.98  588.94  571.23  554.59  539.20  525.04  510.71  496.43  481.70  466.74  452.79  443.67  436.24  429.36  422.36  414.59  405.69  395.69  384.65  372.93  361.06  349.46  338.42  328.19  318.83  309.90  300.57 
572.95  575.63  578.30  581.42  585.41  591.00  598.71  608.06  617.49  625.74  631.71  635.85  638.50  640.31  641.85  643.16  644.50  645.40  645.21  642.73  638.62  632.27  621.45  606.81  589.80  572.60  556.82  542.53  527.84  513.34  498.28  482.90  467.64  452.56  439.23  430.15  422.80  416.01  409.09  401.43  392.70  382.90  372.12  360.72  349.17  337.89  327.17  317.21  308.05  299.15 
556.57  559.43  562.53  566.53  572.05  579.47  588.35  597.33  605.21  611.07  615.15  617.84  619.71  621.30  622.61  623.95  625.24  626.42  627.19  626.87  624.49  620.65  614.41  604.75  590.57  574.15  560.09  545.14  530.63  515.25  499.48  483.84  468.32  453.20  438.58  425.93  416.94  409.68  402.98  396.14  388.59  380.02  370.42  359.91  348.80  337.57  326.61  316.18  306.49  297.42 
540.85  544.16  548.15  553.57  560.72  569.17  577.73  585.27  591.00  595.01  597.71  599.59  601.14  602.48  603.78  605.07  606.37  607.60  608.76  609.51  609.16  607.30  604.41  598.93  590.19  576.52  562.29  547.94  532.57  516.41  500.46  484.52  469.00  453.82  439.07  424.98  412.90  404.04  396.86  390.25  383.50  376.06  367.65  358.25  347.99  337.18  326.26  315.59  305.46  295.92 
526.07  530.24  535.56  542.45  550.50  558.67  565.89  571.47  575.43  578.11  580.01  581.53  582.86  584.13  585.38  586.65  587.90  589.18  590.42  591.60  592.55  592.84  592.38  591.25  586.59  577.80  564.06  549.64  533.56  517.38  501.09  485.21  469.62  454.46  439.66  425.29  411.72  400.14  391.44  384.36  377.83  371.16  363.83  355.58  346.38  336.37  325.84  315.22  304.85  294.89 
512.60  518.00  524.65  532.33  540.12  547.05  552.48  556.37  559.05  560.94  562.45  563.76  565.00  566.22  567.45  568.68  569.92  571.15  572.43  573.74  575.18  576.76  578.38  579.82  579.61  574.94  565.03  550.04  534.38  517.98  501.81  485.83  470.28  455.07  440.27  425.84  411.87  398.79  387.67  379.14  372.14  365.70  359.12  351.90  343.81  334.80  325.03  314.78  304.45  294.26 
500.71  507.31  514.65  522.09  528.74  534.01  537.84  540.50  542.39  543.88  545.17  546.39  547.58  548.78  549.97  551.17  552.39  553.65  555.00  556.57  558.54  561.05  564.02  566.38  568.38  567.85  562.31  550.61  534.83  518.72  502.42  486.52  470.90  455.71  440.87  426.43  412.36  398.79  386.17  375.47  367.11  360.22  353.86  347.36  340.26  332.32  323.51  313.97  304.00  293.84 
490.23  497.44  504.55  510.94  516.05  519.81  522.44  524.33  525.81  527.08  528.27  529.44  530.60  531.76  532.94  534.12  535.36  536.72  538.34  540.43  543.23  546.47  550.08  553.72  554.85  556.44  554.61  547.17  534.62  519.14  503.11  487.13  471.56  456.32  441.49  427.02  412.93  399.22  386.04  373.87  363.54  355.37  348.58  342.30  335.89  328.91  321.11  312.49  303.19  293.37 
480.50  487.49  493.62  498.58  502.26  504.88  506.76  508.23  509.48  510.64  511.78  512.91  514.05  515.19  516.35  517.57  518.92  520.53  522.63  525.44  528.79  532.54  536.63  538.81  540.98  541.63  541.97  539.14  530.97  518.53  503.41  487.73  472.16  456.96  442.09  427.62  413.51  399.76  386.40  373.61  361.86  351.88  343.90  337.21  331.02  324.70  317.82  310.18  301.75  292.57 
470.71  476.79  481.59  485.20  487.79  489.66  491.11  492.35  493.49  494.59  495.70  496.80  497.92  499.06  500.26  501.59  503.20  505.27  508.00  511.30  514.98  518.91  521.49  523.80  525.17  526.47  526.72  526.39  523.03  514.78  502.61  487.96  472.71  457.54  442.71  428.21  414.09  400.32  386.91  373.90  361.48  350.14  340.49  332.69  326.11  320.00  313.77  307.01  299.51  291.17 
460.11  464.90  468.42  470.98  472.84  474.27  475.49  476.61  477.69  478.78  479.86  480.94  482.04  483.22  484.54  486.14  488.19  490.83  494.01  497.58  501.25  503.94  506.19  507.77  509.21  510.22  511.16  511.28  510.60  506.93  498.75  486.88  472.71  457.89  443.12  428.66  414.53  400.75  387.32  374.25  361.59  349.54  338.58  329.25  321.63  315.16  309.14  303.00  296.36  288.94 
