#Value Function.
33875.49 34897.21 35929.87 36988.21 38045.92 39116.24 40105.62 41017.43 41733.96 42020.85 42039.75 42023.36 41716.14 41142.88 40402.69 39592.61 38784.35 37970.05 37166.90 36369.46 35574.43 34773.96 33970.94 33167.83 32375.35 31595.06 30848.41 30135.90 29472.13 28895.41 28401.59 28001.04 27697.36 27510.81 27361.67 27211.95 27094.62 27015.23 26967.17 26929.18 26903.15 26883.77 26869.10 26857.89 26849.62 26842.85 26837.06 26831.64 26826.34 26814.45
33902.34 34928.54 35962.00 37012.84 38080.89 39130.97 40156.59 40987.15 41633.74 41986.02 42008.28 41920.23 41724.68 41159.54 40422.77 39616.20 38798.33 37988.20 37184.14 36391.14 35593.53 34793.72 33991.76 33187.67 32403.51 31639.79 30909.62 30223.14 29620.19 29109.78 28730.36 28429.71 28259.65 28125.22 27983.84 27866.03 27792.43 27750.28 27714.94 27689.30 27669.82 27655.06 27643.66 27635.46 27628.62 27622.81 27617.30 27611.92 27606.39 27591.45
33912.95 34949.70 35981.75 37034.44 38082.12 39106.14 40039.43 40858.71 41370.59 41607.09 41624.56 41651.59 41328.64 40987.12 40349.65 39593.43 38799.29 37990.31 37193.78 36393.14 35595.93 34794.67 33993.72 33199.18 32413.63 31663.91 30946.32 30321.01 29761.97 29380.50 29103.02 28966.80 28855.33 28736.71 28624.43 28568.09 28540.09 28507.33 28481.67 28465.49 28450.68 28439.00 28430.96 28424.02 28418.21 28412.59 28407.13 28401.46 28395.74 28379.94
33911.07 34962.24 35991.91 37022.16 38028.61 38963.14 39807.46 40384.71 40731.26 40887.71 40935.98 40951.71 40854.47 40530.85 40093.13 39472.03 38750.71 37977.45 37176.60 36388.42 35588.45 34786.31 33995.25 33207.02 32431.26 31682.52 31003.04 30378.69 29947.10 29642.53 29586.33 29516.65 29461.60 29357.31 29333.33 29330.85 29308.90 29288.89 29276.72 29265.27 29253.16 29245.45 29238.31 29232.54 29226.79 29221.28 29215.43 29209.64 29203.32 29186.24
33874.87 34966.42 35973.18 36955.72 37865.15 38681.31 39274.49 39692.03 39921.57 39996.12 40039.25 40049.39 40029.18 39905.16 39599.93 39165.20 38581.75 37888.44 37138.25 36354.63 35563.56 34762.16 33975.61 33194.81 32425.82 31689.74 31010.78 30456.68 30062.84 29870.28 30055.81 30102.60 30059.52 30049.80 30066.95 30091.79 30105.25 30104.51 30096.02 30086.53 30079.42 30071.91 30066.29 30060.33 30054.82 30048.74 30042.91 30036.47 30029.29 30009.49
33775.41 34938.89 35894.30 36776.06 37557.65 38142.84 38567.57 38825.70 38953.33 39008.76 39048.67 39065.69 39064.74 39052.10 38920.16 38639.53 38228.67 37669.91 37006.29 36274.83 35515.00 34728.57 33948.63 33175.50 32419.73 31700.01 31047.78 30509.53 30113.52 29866.23 30260.36 30463.82 30573.30 30670.69 30756.03 30829.69 30889.29 30924.40 30935.26 30933.44 30925.24 30919.95 30913.66 30908.24 30901.83 30896.03 30889.41 30882.28 30872.96 30846.67
33591.18 34847.48 35699.96 36446.59 37023.46 37437.88 37703.96 37856.73 37937.18 37995.95 38025.98 38045.26 38063.80 38073.54 38048.67 37923.90 37669.55 37286.15 36753.05 36116.46 35398.19 34654.12 33882.02 33122.44 32379.33 31665.03 31012.46 30464.45 30068.11 29870.86 30234.81 30674.44 30961.66 31215.47 31404.27 31542.29 31648.93 31732.47 31779.24 31794.91 31793.36 31787.19 31782.06 31775.14 31769.49 31762.61 31755.52 31746.52 31731.64 31689.93
33448.11 34644.48 35359.81 35920.23 36324.79 36590.35 36753.11 36846.11 36919.76 36963.00 36996.39 37032.99 37045.29 37061.64 37068.31 37041.06 36927.26 36695.94 36324.89 35818.92 35207.91 34509.63 33785.96 33048.60 32321.24 31619.23 30944.11 30368.86 29890.45 29708.38 30138.69 30677.95 31205.00 31630.08 31982.44 32217.76 32385.13 32513.79 32612.55 32663.61 32677.25 32676.84 32669.07 32663.82 32656.54 32649.50 32640.75 32626.89 32597.84 32522.57
33233.32 34292.17 34838.94 35229.84 35494.49 35661.46 35767.72 35843.36 35895.55 35945.73 35989.41 36014.93 36031.71 36049.70 36057.13 36061.22 36033.45 35929.67 35707.36 35353.93 34873.32 34287.88 33625.58 32929.23 32226.55 31534.75 30868.46 30262.32 29736.29 29490.00 30018.05 30690.34 31355.04 31951.68 32451.57 32850.03 33097.14 33271.54 33415.80 33522.15 33569.99 33581.99 33579.59 33571.64 33564.73 33556.15 33543.31 33516.11 33456.14 33308.31
32880.59 33776.19 34163.36 34420.79 34586.65 34698.46 34779.07 34842.98 34896.61 34943.25 34976.45 35005.82 35032.84 35041.94 35049.72 35057.85 35059.93 35031.97 34925.67 34711.53 34379.36 33928.52 33371.14 32743.96 32078.54 31408.84 30755.98 30128.30 29553.04 29301.61 29945.84 30697.60 31474.34 32184.53 32816.38 33356.69 33765.97 34014.71 34193.94 34341.18 34451.55 34494.79 34506.85 34501.75 34493.18 34481.47 34455.85 34400.24 34271.76 33974.42
32375.35 33114.19 33370.39 33539.27 33649.95 33730.60 33798.98 33856.98 33907.14 33946.82 33981.29 34012.84 34031.60 34040.47 34051.77 34058.25 34065.94 34065.06 34030.98 33930.31 33728.82 33416.62 32986.96 32461.39 31866.39 31236.36 30600.13 29970.74 29371.97 29179.91 29896.09 30674.91 31518.18 32342.55 33101.12 33746.65 34314.96 34725.35 34957.06 35128.99 35283.17 35394.41 35435.37 35443.18 35432.64 35417.62 35365.85 35248.21 34961.63 34452.81
31734.10 32342.91 32512.50 32623.54 32708.54 32775.06 32832.31 32885.45 32925.65 32965.72 33002.10 33030.10 33048.90 33064.67 33077.51 33085.84 33091.58 33094.39 33080.50 33044.84 32943.48 32754.24 32457.65 32057.95 31562.05 30998.42 30401.68 29786.08 29184.07 29095.11 29848.52 30667.85 31538.21 32423.37 33280.53 34065.25 34714.07 35294.76 35687.69 35869.81 36050.45 36207.96 36340.55 36374.89 36368.30 36336.10 36239.84 35966.07 35433.74 34813.27
30992.63 31509.48 31623.89 31706.23 31772.58 31833.42 31883.94 31925.54 31969.37 32005.53 32037.01 32066.36 32097.47 32117.11 32132.93 32138.90 32139.89 32139.56 32131.08 32110.69 32067.05 31970.41 31790.01 31513.93 31140.07 30677.24 30140.30 29564.51 28978.69 29028.57 29819.09 30666.14 31551.70 32468.64 33381.40 34258.15 35056.91 35657.09 36229.70 36553.26 36709.34 36893.80 37091.59 37222.64 37185.32 37185.46 36970.56 36402.72 35808.02 35033.53
30195.42 30650.31 30734.82 30797.28 30854.61 30903.73 30950.29 30991.63 31027.97 31061.45 31099.54 31137.26 31170.83 31200.28 31212.94 31218.74 31219.90 31215.28 31201.88 31183.11 31152.98 31106.54 31012.71 30847.56 30584.93 30234.61 29796.54 29285.33 28738.75 28981.83 29802.71 30665.39 31560.20 32497.28 33435.02 34365.64 35246.63 36000.54 36522.45 36937.64 37259.24 37350.70 37633.45 37699.75 37791.41 37766.77 37325.19 36787.54 36012.37 35159.00
29379.16 29794.19 29855.34 29909.57 29953.35 29994.21 30033.59 30070.27 30109.71 30149.08 30191.86 30236.08 30277.99 30304.17 30314.26 30321.00 30325.48 30319.43 30301.53 30276.57 30249.74 30217.19 30168.47 30074.22 29916.53 29674.06 29343.81 28928.06 28446.05 28968.92 29796.10 30668.05 31578.23 32512.36 33466.15 34420.83 35333.15 36137.69 36714.58 37107.24 37383.50 37684.06 37915.19 38040.16 38034.19 37923.88 37556.81 36931.92 36129.23 35215.53
28586.44 28969.22 29005.84 29037.58 29071.78 29105.34 29137.80 29175.24 29215.24 29260.44 29314.09 29364.49 29404.75 29428.47 29439.69 29443.30 29450.28 29446.10 29426.84 29398.08 29362.18 29331.10 29296.86 29247.45 29157.53 29028.19 29006.44 28998.41 28986.11 29180.89 29817.59 30680.64 31590.54 32530.23 33483.85 34438.01 35353.35 36142.91 36735.34 37082.73 37428.15 37690.32 37913.32 38047.75 38013.37 37975.86 37689.99 37057.82 36184.50 35222.79
27864.80 28213.47 28206.12 28209.70 28221.79 28237.70 28266.99 28305.66 28350.25 28403.66 28457.72 28506.25 28538.09 28564.71 28578.99 28589.53 28615.59 28788.01 29176.95 29462.92 29667.41 29794.20 29839.40 29846.94 29841.23 29836.67 29829.19 29818.57 29790.54 29745.51 29985.41 30702.51 31607.64 32546.91 33499.88 34450.95 35339.99 36033.67 36629.12 37047.99 37282.59 37559.16 37791.99 37844.63 37919.33 37770.43 37526.14 36927.74 36135.68 35230.92
27274.36 27578.37 27533.80 27435.38 27398.43 27396.30 27423.56 27463.50 27514.14 27567.10 27616.68 27657.08 27690.03 27722.79 27760.72 27887.28 28501.34 29121.16 29633.86 30035.15 30325.39 30531.11 30653.67 30687.19 30690.92 30682.80 30674.65 30647.07 30599.05 30547.46 30556.99 30807.04 31626.71 32552.30 33484.01 34378.08 35155.75 35804.24 36316.17 36687.21 36959.59 37150.48 37183.37 37345.06 37429.71 37430.78 37013.43 36603.97 35943.39 35159.18
26852.72 27112.27 27006.56 26880.32 26700.20 26597.77 26608.92 26648.65 26697.53 26745.59 26787.62 26825.03 26871.37 26944.98 27164.53 27865.26 28637.33 29357.66 29994.42 30521.83 30923.97 31213.23 31417.95 31535.35 31552.71 31551.17 31524.73 31473.94 31416.31 31385.97 31372.88 31398.53 31635.72 32528.09 33388.95 34162.37 34815.32 35351.15 35773.96 36104.77 36286.51 36307.54 36476.31 36514.98 36609.39 36609.11 36466.59 36055.64 35580.18 34941.52
26520.07 26738.70 26638.30 26393.96 26154.90 25934.58 25817.29 25853.61 25896.63 25938.82 25980.20 26036.05 26142.45 26419.53 27078.11 27900.49 28718.97 29517.00 30257.02 30906.38 31439.44 31840.18 32123.10 32320.87 32426.34 32412.06 32365.05 32304.82 32275.91 32264.03 32256.08 32250.41 32258.53 32431.81 33172.48 33804.79 34342.04 34772.75 35086.49 35294.10 35349.34 35457.31 35511.66 35602.26 35603.81 35610.58 35560.86 35397.91 35033.62 34556.52
26156.45 26375.96 26275.19 26021.17 25695.63 25405.27 25171.79 25075.95 25113.20 25157.24 25224.46 25358.80 25671.39 26295.50 27089.31 27924.16 28767.95 29612.36 30429.46 31187.47 31847.98 32383.31 32778.82 33048.93 33223.66 33257.86 33208.74 33186.64 33177.19 33170.08 33163.35 33157.35 33150.46 33142.63 33129.69 33345.69 33758.31 34061.93 34264.46 34339.86 34428.89 34477.92 34549.89 34564.97 34570.91 34572.81 34564.52 34505.39 34345.34 34009.02
25768.36 25950.06 25906.48 25663.15 25323.91 24965.87 24659.14 24423.77 24361.03 24436.93 24595.49 24930.73 25528.56 26288.79 27103.61 27943.24 28800.06 29667.69 30534.26 31371.67 32145.89 32814.53 33350.66 33734.87 33974.88 34083.58 34111.33 34112.56 34106.01 34099.00 34093.19 34086.00 34078.57 34065.58 34035.70 33963.32 33815.52 33571.48 33348.42 33421.37 33468.01 33515.19 33533.60 33536.52 33541.33 33546.46 33547.88 33536.18 33477.07 33312.36
25185.44 25344.33 25318.13 25207.96 24927.12 24579.06 24227.93 23923.11 23695.33 23852.12 24200.95 24778.19 25508.34 26300.05 27119.57 27960.89 28822.38 29701.58 30592.97 31482.18 32339.81 33129.43 33804.67 34336.89 34706.51 34924.63 35020.88 35051.31 35055.38 35051.40 35043.68 35036.82 35024.87 34998.17 34927.70 34778.97 34522.75 34175.43 33743.35 33219.96 32642.08 32539.38 32537.82 32537.16 32539.46 32543.67 32548.10 32548.67 32534.55 32464.99
24438.36 24634.31 24655.46 24570.81 24433.46 24166.67 23838.64 23500.88 23203.04 23484.53 24044.37 24747.51 25516.23 26315.19 27136.10 27978.11 28841.38 29725.26 30627.97 31542.72 32455.34 33332.93 34138.36 34819.50 35346.69 35699.98 35907.61 35997.43 36022.17 36022.91 36016.95 36004.97 35983.28 35915.62 35769.06 35503.53 35143.29 34701.48 34158.26 33558.46 32957.04 32404.42 31908.26 31637.24 31580.54 31570.77 31571.99 31575.23 31574.72 31548.43
23654.07 23900.90 23900.28 23888.88 23801.29 23659.23 23413.60 23107.49 22796.85 23326.81 24005.44 24751.67 25530.33 26331.25 27152.94 27995.60 28859.46 29745.12 30651.90 31578.32 32517.01 33453.98 34351.60 35173.47 35859.54 36384.20 36724.20 36921.49 36993.19 37010.73 37003.18 36984.50 36923.76 36780.08 36505.64 36132.08 35682.07 35119.05 34491.65 33871.24 33303.00 32802.63 32330.63 31822.33 31253.65 30760.75 30652.13 30630.71 30628.34 30615.66
22890.72 23137.68 23147.15 23143.10 23121.47 23040.74 22901.31 22676.24 22629.23 23281.44 24005.87 24764.52 25545.87 26347.67 27169.94 28012.99 28877.42 29763.55 30672.21 31602.44 32553.28 33516.45 34478.93 35396.32 36235.65 36923.90 37446.37 37761.73 37945.66 38000.19 37997.54 37943.80 37811.53 37521.64 37135.47 36679.74 36091.90 35440.76 34785.16 34212.34 33706.22 33239.11 32726.82 32146.00 31508.53 30807.74 30065.55 29794.92 29724.96 29698.93
22139.28 22391.27 22395.88 22399.90 22394.86 22369.81 22295.94 22163.78 22575.72 23278.32 24017.32 24779.48 25561.85 26364.23 27186.92 28030.44 28895.23 29782.01 30690.95 31623.25 32577.47 33553.51 34541.58 35531.10 36466.24 37323.95 38003.14 38522.14 38800.76 38954.58 38943.31 38844.59 38543.57 38125.06 37691.52 37064.48 36377.01 35699.30 35085.49 34601.56 34136.92 33634.39 33046.85 32405.48 31686.61 30926.60 30132.76 29331.87 28974.48 28843.77
21410.77 21655.99 21662.64 21666.70 21669.64 21664.19 21638.49 21913.13 22568.66 23288.27 24031.64 24795.03 25578.00 26380.81 27203.94 28047.85 28913.16 29800.23 30709.95 31642.23 32598.90 33577.56 34579.75 35592.91 36609.28 37552.41 38429.18 39058.62 39545.39 39718.27 39764.85 39498.10 39100.49 38669.19 38026.08 37296.92 36589.42 35935.23 35394.00 34991.99 34484.17 33910.48 33305.76 32573.48 31803.38 30990.48 30169.35 29352.52 28586.82 28170.79
20700.79 20940.34 20947.07 20951.84 20955.88 20984.85 21276.28 21879.49 22576.96 23301.90 24046.74 24810.76 25594.17 26397.41 27220.94 28065.31 28930.99 29818.66 30728.56 31661.88 32618.00 33599.83 34603.28 35631.57 36664.81 37703.11 38644.74 39482.55 39896.40 40266.74 40133.25 39940.74 39570.99 38907.82 38175.66 37431.19 36722.51 36111.57 35662.14 35222.55 34698.91 34148.60 33450.87 32681.95 31859.15 31024.30 30188.80 29367.19 28561.03 27832.68
20011.29 20243.73 20252.94 20269.21 20342.61 20645.16 21210.47 21883.32 22589.83 23316.54 24062.07 24826.54 25610.36 26414.00 27237.97 28082.74 28948.93 29836.91 30747.54 31680.83 32638.43 33618.83 34626.80 35654.08 36706.31 37752.63 38787.11 39617.31 40225.69 40376.29 40392.16 40170.82 39638.56 38948.50 38202.51 37483.25 36813.63 36228.12 35743.60 35266.95 34802.20 34227.43 33533.86 32731.70 31892.59 31041.75 30203.03 29377.97 28571.13 27779.94
19341.46 19572.28 19605.46 19712.18 20022.45 20558.96 21207.21 21895.05 22603.99 23331.47 24077.46 24842.34 25626.56 26430.61 27254.98 28100.22 28966.78 29855.35 30766.20 31700.42 32657.61 33640.29 34645.27 35678.30 36721.66 37785.62 38781.91 39675.54 40092.81 40375.06 40386.15 40176.71 39645.56 38957.23 38213.08 37492.14 36824.51 36238.22 35750.31 35285.92 34783.76 34247.02 33540.38 32745.41 31901.22 31053.27 30212.63 29387.80 28580.13 27782.61
18701.19 18959.70 19094.27 19409.73 19923.41 20548.14 21217.21 21908.68 22618.53 23346.48 24092.88 24858.15 25642.77 26447.22 27272.03 28117.67 28984.73 29873.64 30785.17 31719.43 32677.88 33659.09 34665.87 35688.65 36726.12 37732.21 38679.53 39374.68 39832.61 40067.99 40078.74 39912.02 39439.14 38865.80 38165.34 37436.04 36750.05 36144.94 35616.71 35195.71 34741.66 34173.79 33492.00 32712.52 31894.27 31055.91 30219.95 29396.02 28589.77 27791.34
18128.55 18486.94 18807.98 19302.85 19905.53 20555.94 21230.20 21922.82 22633.17 23361.52 24108.30 24873.96 25658.98 26463.85 27289.07 28135.16 29002.61 29892.06 30803.83 31738.80 32696.28 33676.89 34674.11 35681.03 36657.44 37571.39 38311.24 38845.26 39292.03 39333.70 39341.58 39222.83 38966.92 38532.51 37942.62 37289.77 36598.19 35997.41 35463.18 34972.76 34536.26 34001.61 33367.31 32638.60 31850.05 31044.21 30221.45 29403.03 28597.73 27800.34
17693.73 18215.68 18696.63 19278.80 19910.86 20568.16 21243.92 21937.09 22647.84 23376.57 24123.73 24889.79 25675.21 26480.48 27306.13 28152.63 29020.55 29910.28 30822.38 31756.36 32711.44 33681.28 34654.53 35597.51 36469.10 37189.27 37733.64 38185.92 38330.72 38346.14 38354.52 38359.51 38209.80 37926.12 37514.41 36971.19 36374.15 35754.51 35242.79 34746.94 34245.92 33735.39 33143.65 32487.43 31760.86 30991.89 30203.11 29401.37 28602.88 27807.65
17455.66 18103.29 18667.40 19281.55 19922.18 20581.44 21257.83 21951.40 22662.53 23391.63 24139.18 24905.62 25691.44 26497.13 27323.17 28170.08 29038.26 29928.02 30838.80 31768.81 32711.18 33651.90 34559.24 35390.93 36083.61 36621.51 37032.07 37205.81 37256.76 37266.91 37276.24 37286.55 37261.71 37126.06 36861.77 36486.18 36004.65 35484.26 34967.80 34474.41 33989.38 33465.50 32890.56 32265.69 31605.19 30894.09 30145.31 29376.94 28597.21 27810.66
17452.87 18070.43 18667.61 19291.86 19934.99 20594.99 21271.80 21965.74 22677.22 23406.70 24154.62 24921.45 25707.67 26513.75 27340.15 28187.24 29055.15 29943.06 30848.37 31763.44 32672.55 33545.09 34339.44 35004.24 35522.95 35901.86 36084.71 36148.08 36167.83 36178.12 36188.37 36195.51 36199.81 36170.22 36047.51 35813.74 35485.57 35083.64 34649.55 34174.69 33682.85 33179.76 32612.23 32012.70 31386.23 30733.17 30040.61 29314.11 28567.26 27800.95
17460.53 18068.45 18676.85 19304.17 19948.17 20608.61 21285.78 21980.08 22691.93 23421.78 24170.08 24937.29 25723.87 26530.25 27356.72 28203.21 29068.61 29949.57 30837.63 31715.98 32554.91 33314.74 33952.18 34449.21 34803.34 34986.88 35057.71 35082.33 35096.53 35106.72 35115.05 35122.80 35128.65 35132.48 35101.27 34994.67 34795.75 34521.16 34175.52 33790.01 33341.56 32818.40 32294.00 31723.28 31129.37 30515.13 29876.13 29203.10 28499.18 27765.82
17471.36 18076.65 18688.61 19316.98 19961.45 20622.26 21299.77 21994.42 22706.64 23436.85 24185.52 24953.07 25739.89 26546.18 27371.68 28214.92 29071.88 29933.33 30781.76 31588.37 32315.89 32926.67 33402.10 33736.35 33918.17 33993.89 34021.92 34036.56 34047.59 34055.91 34063.90 34070.61 34078.12 34086.68 34091.29 34062.26 33972.68 33800.76 33574.46 33256.43 32885.89 32436.92 31927.55 31398.61 30839.59 30260.77 29660.73 29037.10 28383.56 27692.75
17483.09 18087.87 18701.05 19329.93 19974.76 20635.91 21313.77 22008.78 22721.34 23451.91 24200.88 24968.58 25755.13 26560.05 27381.48 28214.80 29050.10 29869.46 30645.04 31342.07 31927.07 32381.58 32699.08 32877.95 32957.31 32988.39 33003.69 33014.48 33022.86 33030.62 33038.08 33046.09 33055.22 33063.05 33072.82 33076.60 33054.32 32976.75 32830.06 32614.92 32319.10 31955.08 31521.16 31032.07 30514.57 29971.43 29406.99 28822.43 28215.76 27572.70
17495.09 18099.94 18713.67 19342.92 19988.09 20649.57 21327.78 22023.12 22736.02 23466.84 24215.87 24983.09 25767.81 26567.80 27377.86 28187.51 28978.66 29724.48 30392.58 30952.77 31387.31 31690.19 31865.43 31947.38 31981.13 31997.25 32007.94 32016.30 32023.94 32031.44 32039.83 32048.57 32057.29 32067.61 32074.58 32084.50 32088.50 32068.42 32000.49 31865.75 31662.93 31381.43 31032.02 30616.59 30147.79 29645.70 29119.27 28570.93 28002.81 27404.07
17507.14 18112.27 18726.34 19355.92 20001.42 20663.23 21341.77 22037.41 22750.51 23481.28 24229.58 24994.49 25773.40 26560.59 27345.13 28108.92 28826.20 29466.78 30003.20 30418.79 30708.54 30879.82 30963.50 30999.54 31016.54 31027.26 31035.59 31043.12 31050.59 31058.74 31067.33 31076.58 31086.52 31094.33 31104.62 31111.42 31119.42 31123.37 31105.35 31041.91 30917.34 30724.47 30459.76 30126.02 29727.84 29279.16 28794.70 28284.77 27752.82 27192.53
17519.17 18124.64 18739.02 19368.92 20014.74 20676.87 21355.68 22051.46 22764.38 23494.15 24239.62 24997.81 25762.55 26522.56 27259.84 27949.72 28564.08 29077.79 29475.44 29753.19 29920.33 30005.04 30043.01 30060.92 30071.76 30080.06 30087.50 30094.90 30102.84 30111.27 30120.28 30129.72 30138.45 30148.19 30155.60 30164.26 30169.35 30177.52 30180.82 30162.63 30103.23 29986.36 29805.41 29554.59 29237.42 28857.71 28428.13 27962.10 27468.70 26944.66
17531.20 18136.99 18751.71 19381.92 20028.04 20690.40 21369.28 22064.73 22776.36 23502.75 24240.60 24983.31 25719.36 26430.98 27094.56 27683.91 28175.96 28556.65 28823.28 28986.20 29071.38 29110.95 29129.75 29140.79 29149.06 29156.43 29163.74 29171.50 29179.74 29188.50 29197.55 29206.26 29215.40 29223.60 29231.92 29237.85 29245.90 29250.68 29257.88 29259.56 29241.36 29185.47 29076.26 28905.35 28669.03 28367.87 28006.78 27595.70 27147.54 26662.51
17543.16 18149.34 18764.39 19394.87 20041.18 20703.53 21381.91 22075.76 22783.44 23501.32 24222.45 24935.13 25621.91 26260.26 26825.72 27297.14 27661.80 27918.01 28076.70 28161.92 28202.78 28222.42 28233.70 28241.96 28249.26 28256.47 28264.06 28272.12 28280.62 28289.37 28297.93 28306.64 28314.72 28322.59 28329.42 28336.65 28342.47 28348.85 28353.87 28359.85 28360.21 28342.12 28289.42 28187.02 28026.72 27803.49 27518.14 27174.69 26781.97 26342.81
17554.83 18161.68 18776.99 19407.62 20053.83 20715.51 21391.95 22081.27 22779.55 23479.55 24169.47 24832.22 25446.34 25989.00 26440.77 26790.25 27036.66 27191.13 27276.02 27317.91 27338.33 27349.88 27358.16 27365.39 27372.49 27379.92 27387.79 27396.05 27404.51 27412.88 27421.25 27429.14 27436.68 27443.49 27450.30 27456.29 27462.77 27467.98 27473.81 27479.00 27484.08 27483.39 27465.50 27415.21 27319.43 27168.97 26958.66 26688.39 26361.77 25978.23
17565.33 18173.88 18789.35 19419.78 20065.12 20724.50 21395.82 22074.89 22754.22 23421.97 24061.50 24652.35 25173.22 25606.29 25941.39 26178.52 26328.81 26413.10 26455.77 26476.90 26488.73 26497.04 26504.20 26511.20 26518.48 26526.15 26534.18 26542.38 26550.53 26558.60 26566.28 26573.56 26580.26 26586.79 26592.76 26598.84 26604.15 26609.68 26614.92 26620.44 26625.59 26629.94 26628.42 26610.76 26563.31 26473.58 26332.30 26134.11 25878.19 25559.34
17571.00 18185.57 18800.99 19430.35 20073.02 20726.70 21386.93 22046.05 22692.25 23309.33 23877.84 24377.90 24793.16 25114.62 25342.94 25489.08 25572.55 25615.79 25637.55 25649.67 25658.03 25665.13 25672.02 25679.15 25686.63 25694.43 25702.39 25710.32 25718.12 25725.57 25732.62 25739.18 25745.48 25751.36 25757.16 25762.46 25767.78 25772.96 25778.27 25783.45 25788.75 25793.73 25797.48 25795.32 25777.99 25733.16 25648.98 25516.26 25329.42 25078.98
17556.37 18195.24 18810.78 19437.08 20073.47 20715.26 21354.64 21979.87 22575.26 23122.32 23602.49 24000.80 24309.31 24529.23 24671.31 24753.78 24797.41 24819.72 24832.13 24840.54 24847.60 24854.39 24861.36 24868.66 24876.24 24883.97 24891.66 24899.21 24906.44 24913.28 24919.68 24925.78 24931.54 24937.13 24942.35 24947.52 24952.60 24957.74 24962.82 24967.97 24973.05 24978.16 24982.93 24986.17 24983.51 24966.57 24924.17 24845.10 24720.35 24536.20
17427.22 18202.99 18813.66 19433.01 20056.65 20676.67 21281.46 21855.82 22382.20 22843.31 23225.44 23521.67 23733.80 23872.61 23954.60 23998.91 24022.07 24035.09 24043.76 24050.86 24057.57 24064.41 24071.52 24078.89 24086.38 24093.85 24101.17 24108.19 24114.84 24121.08 24127.02 24132.64 24138.06 24143.19 24148.23 24153.26 24158.28 24163.25 24168.25 24173.22 24178.21 24183.18 24188.12 24192.66 24195.46 24192.43 24175.94 24135.79 24061.45 23936.30
17377.63 17989.76 18585.33 19184.04 19778.10 20356.21 20903.86 21404.62 21842.55 22205.47 22488.63 22701.60 22899.23 23036.49 23120.16 23174.58 23217.79 23243.57 23258.52 23268.16 23275.61 23282.35 23289.06 23295.97 23303.11 23310.37 23317.63 23324.76 23331.61 23338.12 23344.26 23350.09 23355.62 23360.92 23365.97 23370.91 23375.81 23380.70 23385.56 23390.42 23395.27 23400.13 23404.97 23409.75 23414.05 23416.47 23413.15 23397.16 23359.12 23283.74
