#Value Function.
492.92  605.50  643.44  671.79  699.25  726.82  753.08  777.53  797.03  806.10  807.73  807.19  799.41  788.62  771.88  755.63  738.32  721.82  705.07  688.82  672.38  656.05  639.58  623.19  606.92  591.02  575.76  561.20  547.54  535.76  525.27  516.86  509.47  507.31  509.46  511.05  512.45  513.37  513.99  514.29  514.47  514.50  514.46  514.38  514.27  514.16  514.05  513.93  513.81  513.57 
518.49  611.65  646.75  674.77  702.19  729.66  756.17  778.49  795.94  805.66  806.46  804.19  799.87  786.31  771.85  754.35  737.92  720.93  704.59  688.13  671.89  655.46  639.10  622.58  606.63  591.01  576.12  562.07  549.82  539.08  531.23  524.08  517.90  520.67  523.28  525.74  527.47  528.78  529.69  530.24  530.47  530.57  530.56  530.48  530.38  530.26  530.15  530.02  529.91  529.60 
522.95  614.20  649.01  676.94  704.23  730.76  755.20  776.89  790.57  796.55  796.06  796.29  788.42  781.31  766.78  752.06  735.61  719.60  703.31  687.11  670.77  654.46  638.07  621.92  605.87  590.57  575.98  563.30  551.72  543.93  537.66  529.38  529.30  532.69  536.70  539.83  542.35  544.19  545.48  546.27  546.66  546.84  546.87  546.81  546.70  546.59  546.47  546.35  546.22  545.91 
524.91  616.18  650.98  678.67  704.92  729.37  751.93  767.33  776.12  779.09  779.75  777.93  775.04  767.42  758.50  745.28  731.64  716.34  700.82  685.14  669.12  652.88  636.89  620.90  605.24  590.10  576.24  563.56  554.73  548.59  541.22  535.65  539.48  544.05  548.98  553.58  557.00  559.59  561.41  562.58  563.20  563.50  563.59  563.54  563.45  563.33  563.21  563.08  562.96  562.63 
526.51  618.02  652.59  679.27  703.33  725.49  741.40  752.03  757.06  758.30  757.44  756.04  753.70  750.15  743.33  734.80  723.19  710.50  696.30  681.54  666.18  650.45  634.79  619.21  603.79  589.14  575.57  564.14  556.52  550.61  543.40  543.05  547.74  554.24  560.85  566.69  571.36  574.93  577.47  579.15  580.08  580.56  580.71  580.70  580.61  580.50  580.36  580.24  580.10  579.79 
527.90  619.49  653.09  677.59  699.23  715.17  726.24  732.20  734.65  734.34  733.64  731.89  730.19  728.29  724.59  718.60  710.88  700.41  688.74  675.45  661.62  646.72  631.83  616.71  601.91  587.79  575.13  564.57  556.60  549.81  543.73  545.78  553.50  562.65  571.62  579.29  585.46  590.16  593.61  595.93  597.29  597.99  598.27  598.28  598.22  598.08  597.97  597.82  597.71  597.33 
529.00  619.90  651.37  673.29  689.36  700.45  706.84  709.93  710.35  710.17  708.88  707.62  706.10  704.49  702.41  698.95  693.75  686.86  677.40  666.63  654.06  640.98  626.78  612.70  598.58  584.95  572.53  562.22  554.88  548.32  541.69  546.55  557.53  569.85  581.37  591.31  599.15  605.24  609.69  612.83  614.76  615.81  616.23  616.33  616.25  616.15  615.99  615.88  615.70  615.23 
529.28  618.26  647.06  663.94  675.14  681.76  685.18  686.04  686.26  685.40  684.47  683.50  681.99  680.38  678.71  676.64  673.50  668.94  662.47  653.94  643.98  632.24  620.00  606.99  593.96  581.08  568.55  558.04  549.27  542.94  536.27  544.56  559.98  575.43  590.01  602.37  612.42  619.97  625.70  629.75  632.43  633.97  634.64  634.80  634.78  634.62  634.52  634.33  634.08  633.15 
527.85  613.93  638.17  650.23  657.14  660.78  662.09  662.44  661.89  661.36  660.66  659.49  658.01  656.64  654.75  653.10  651.08  648.24  643.94  637.97  630.22  621.05  610.45  599.14  587.30  575.37  563.58  552.84  543.47  534.78  531.12  543.56  561.79  580.34  597.50  612.79  624.97  634.39  641.41  646.63  650.14  652.37  653.45  653.80  653.72  653.64  653.44  653.20  652.48  650.56 
524.07  605.55  625.10  633.00  636.85  638.44  638.96  638.77  638.38  637.83  636.88  635.75  634.66  632.94  631.35  629.51  627.87  625.91  623.05  618.98  613.57  606.63  598.24  588.68  578.33  567.56  556.80  546.13  536.22  526.97  527.72  544.43  564.17  584.28  603.87  621.79  636.77  648.34  656.94  663.08  667.78  670.78  672.62  673.20  673.25  673.03  672.81  672.06  670.38  665.45 
516.91  593.21  608.53  613.51  615.33  615.94  615.94  615.70  615.29  614.54  613.60  612.68  611.29  609.76  608.12  606.54  604.74  603.08  601.03  598.32  594.56  589.61  583.23  575.65  567.01  557.68  547.94  537.95  528.15  518.62  526.47  545.21  566.04  587.85  609.37  629.26  647.43  661.68  672.00  679.38  684.77  689.06  691.67  692.98  692.94  692.92  692.15  690.49  685.68  674.43 
506.40  577.59  589.83  592.69  593.59  593.65  593.46  593.16  592.47  591.73  590.95  589.86  588.60  587.19  585.79  584.13  582.51  580.71  578.79  576.77  574.05  570.55  565.95  560.27  553.42  545.65  537.27  528.22  519.09  511.36  527.28  546.74  568.08  590.74  613.69  635.95  655.73  673.59  686.45  694.49  701.04  705.88  710.39  712.55  712.84  712.40  710.94  706.22  694.30  682.03 
493.13  559.90  569.87  571.68  571.92  571.87  571.56  570.96  570.36  569.62  568.67  567.69  566.71  565.53  564.17  562.62  560.84  559.12  557.15  555.13  552.96  550.35  547.04  542.92  537.98  532.03  525.06  517.43  509.63  515.60  530.44  549.10  570.39  593.41  617.26  640.89  663.48  681.65  698.47  708.62  714.63  720.65  726.15  730.49  730.26  730.51  726.66  714.01  702.23  685.23 
478.12  541.07  549.72  550.80  550.84  550.53  550.07  549.48  548.78  547.93  547.17  546.41  545.60  544.66  543.34  541.75  540.12  538.31  536.34  534.21  532.01  529.97  527.77  525.81  522.86  519.15  514.44  510.60  514.54  522.24  534.85  552.02  572.84  596.03  620.22  644.87  668.68  690.02  705.39  717.39  726.50  729.95  737.94  740.53  743.09  742.79  732.91  722.08  704.96  686.10 
462.23  522.16  529.77  530.60  530.29  529.75  529.14  528.45  527.77  527.08  526.47  525.95  525.38  524.46  523.06  521.60  520.05  518.31  516.27  514.10  512.85  512.88  517.57  520.94  522.88  523.93  524.45  524.90  526.40  531.21  540.74  555.79  575.44  598.48  622.98  648.03  672.46  694.23  710.75  721.67  729.38  737.62  743.91  747.96  748.00  745.10  737.67  723.55  705.58  685.35 
446.64  503.99  510.81  511.00  510.37  509.61  508.81  508.09  507.43  506.90  506.62  506.31  505.77  504.76  503.50  501.99  500.58  498.87  496.96  501.40  513.82  523.86  531.08  535.71  538.33  539.68  540.31  540.63  541.00  542.60  548.81  560.62  578.48  600.70  625.10  650.16  674.42  695.80  711.73  722.06  731.03  737.98  744.25  747.88  746.81  746.25  738.84  724.17  704.67  684.50 
432.48  487.74  493.33  492.69  491.34  490.14  489.14  488.43  487.88  487.62  487.43  487.13  486.37  485.51  484.32  482.96  481.43  480.36  492.36  508.26  522.69  534.97  544.27  550.44  554.03  555.85  556.70  557.06  557.20  557.49  559.26  567.40  582.10  603.06  627.18  651.98  675.60  693.96  709.78  721.05  727.59  735.00  740.94  741.44  742.93  739.16  734.09  719.29  701.87  682.20 
421.18  474.42  478.27  475.25  473.58  471.52  470.36  469.53  469.18  468.97  468.74  468.22  467.52  466.72  465.59  464.28  464.31  478.73  496.99  514.50  530.58  544.86  556.61  564.90  569.84  572.36  573.48  573.97  574.17  574.23  574.44  576.31  587.19  605.45  628.70  652.09  672.31  689.39  702.85  712.54  720.18  725.50  725.30  728.68  728.87  728.42  718.32  709.97  694.39  677.92 
413.32  464.14  463.90  462.77  458.08  454.93  452.50  451.59  451.13  450.84  450.38  449.77  449.15  448.23  447.33  448.34  462.19  481.56  501.00  519.89  537.58  553.60  567.57  578.64  585.65  589.08  590.59  591.29  591.58  591.70  591.67  591.78  593.57  608.38  628.82  648.73  665.74  679.77  690.72  699.75  705.12  704.57  708.20  707.53  708.93  706.25  702.26  692.64  683.16  669.04 
406.56  452.52  453.25  449.66  445.79  440.41  436.61  434.45  433.69  433.10  432.49  431.89  431.09  430.50  432.35  445.19  464.09  484.20  504.46  524.47  543.72  561.46  577.20  590.60  600.72  605.84  607.68  608.80  609.43  609.63  609.64  609.53  609.53  610.80  627.74  642.71  656.35  667.50  676.12  682.01  682.33  684.65  684.35  685.67  683.33  681.75  678.35  673.92  665.72  656.48 
396.77  442.07  441.84  438.88  433.48  428.36  422.86  418.80  416.89  415.92  415.17  414.41  414.07  416.44  428.28  446.43  466.15  486.60  507.45  528.40  548.93  568.39  585.99  601.15  613.46  621.02  624.49  626.63  627.64  628.04  628.05  627.99  627.83  627.73  627.94  636.67  646.39  653.83  658.75  659.65  661.36  660.97  661.69  659.86  658.09  655.90  653.90  650.62  646.33  639.05 
387.06  429.45  430.68  427.21  422.42  416.42  411.01  405.61  401.53  399.52  398.46  398.16  400.83  411.83  429.16  448.31  468.26  488.89  510.12  531.73  553.31  574.24  593.79  610.98  624.97  634.91  641.18  644.65  646.32  646.86  647.00  646.86  646.78  646.58  646.46  645.87  644.31  640.37  640.86  641.26  639.92  638.99  637.20  635.26  633.20  631.27  629.15  627.02  623.93  619.62 
373.14  414.20  414.80  414.24  409.71  404.81  399.16  393.92  388.77  384.78  383.19  385.65  395.89  412.39  430.95  450.31  470.36  491.12  512.57  534.61  556.96  579.13  600.37  619.79  636.30  649.08  657.65  662.80  665.27  666.26  666.33  666.32  666.10  666.02  665.38  663.81  659.17  652.60  644.95  634.32  623.13  619.35  616.52  613.38  610.69  608.31  606.07  603.73  601.39  598.14 
356.77  396.18  399.98  397.52  396.08  391.84  387.39  382.19  377.23  372.39  371.33  380.46  396.15  414.12  432.89  452.34  472.48  493.33  514.91  537.19  560.05  583.15  605.87  627.33  646.44  662.03  673.65  680.82  684.62  685.96  686.34  686.08  686.06  685.39  683.87  678.90  671.97  664.17  653.02  640.12  627.06  615.08  604.66  598.02  593.70  589.68  585.79  582.62  579.78  576.82 
339.50  379.90  382.53  382.12  379.82  378.06  374.33  370.31  365.62  360.99  365.62  380.43  397.81  416.01  434.87  454.39  474.61  495.54  517.21  539.64  562.78  586.48  610.33  633.55  655.09  673.76  688.28  698.55  703.88  706.24  706.46  706.48  705.84  704.37  699.06  691.77  683.84  672.17  658.70  645.30  633.04  622.50  613.28  603.22  591.63  579.30  571.21  565.54  560.81  557.00 
324.31  362.74  366.61  365.24  364.48  362.47  360.60  357.35  353.72  351.90  365.20  381.99  399.63  417.92  436.85  456.45  476.75  497.76  519.50  542.02  565.32  589.36  613.94  638.52  662.16  683.61  701.63  714.54  723.18  726.54  727.17  726.55  725.28  719.51  711.89  703.85  691.54  677.57  663.56  651.25  640.55  631.38  621.14  609.19  596.59  582.29  567.31  554.04  546.43  540.15 
309.33  347.09  350.23  349.79  348.37  347.40  345.64  343.79  340.94  350.50  366.63  383.72  401.46  419.82  438.83  458.51  478.88  499.97  521.80  544.40  567.80  592.02  616.99  642.46  667.73  691.65  712.60  729.67  740.37  746.78  746.89  746.20  740.01  731.78  724.10  710.84  696.13  681.79  668.74  658.44  649.26  639.11  626.92  614.23  599.48  584.14  567.70  551.20  537.15  527.90 
295.64  331.46  335.05  334.25  333.29  332.03  330.97  329.44  336.52  351.70  368.26  385.45  403.26  421.69  440.78  460.53  480.99  502.16  524.08  546.78  570.27  594.59  619.76  645.69  672.02  697.75  721.74  741.03  756.07  762.64  764.72  759.11  751.45  743.53  729.85  714.33  699.45  685.67  674.22  666.21  655.83  643.94  631.91  616.83  601.28  584.40  567.49  550.56  534.18  520.24 
282.23  316.85  320.05  319.57  318.44  317.43  316.62  323.13  337.22  353.21  369.88  387.14  405.01  423.52  442.68  462.51  483.05  504.31  526.33  549.12  572.71  597.14  622.42  648.56  675.37  702.36  728.32  750.62  763.72  774.32  771.74  768.35  761.26  747.14  731.62  715.99  701.16  688.39  679.23  670.27  659.45  648.36  633.99  618.45  601.32  584.14  566.79  549.92  533.32  517.35 
269.63  302.55  305.79  305.21  304.33  304.07  310.13  323.15  338.57  354.71  371.44  388.77  406.70  425.27  444.50  464.41  485.03  506.37  528.48  551.37  575.07  599.62  625.04  651.33  678.37  705.90  732.79  756.24  771.34  776.37  776.97  772.66  761.31  746.64  731.04  716.04  702.03  689.96  680.03  670.35  660.93  649.09  635.08  618.32  601.04  583.35  566.13  549.13  532.63  516.32 
257.38  288.90  291.93  291.59  291.79  297.48  309.53  324.33  339.96  356.17  372.96  390.33  408.33  426.96  446.25  466.22  486.90  508.31  530.48  553.43  577.20  601.81  627.29  653.64  680.70  708.20  734.79  757.33  768.55  775.90  776.30  771.50  760.10  745.33  729.90  715.05  701.29  689.25  679.37  669.84  659.73  648.83  633.99  617.63  600.04  582.64  565.29  548.41  531.86  515.59 
245.65  275.68  278.84  279.76  285.19  296.39  310.51  325.64  341.34  357.60  374.43  391.86  409.91  428.59  447.94  467.96  488.70  510.17  532.40  555.42  579.25  603.92  629.46  655.76  682.57  709.05  733.20  750.60  762.28  768.28  767.03  762.96  752.23  740.51  726.02  711.35  697.64  685.44  674.88  666.58  657.22  645.66  631.53  615.31  598.56  581.31  564.31  547.47  531.08  514.81 
234.32  263.25  267.63  273.18  283.67  297.13  311.74  326.95  342.70  359.00  375.89  393.37  411.46  430.20  449.60  469.69  490.48  512.01  534.31  557.39  581.28  606.01  631.49  657.50  683.13  706.79  725.41  738.74  749.97  749.81  748.22  744.06  738.19  728.73  716.98  704.21  690.80  679.44  669.01  659.54  650.96  639.77  626.81  611.78  595.69  579.42  562.75  546.30  530.02  513.94 
223.72  252.74  261.12  271.32  284.18  298.27  313.00  328.25  344.05  360.40  377.33  394.86  413.01  431.80  451.26  471.40  492.26  513.85  536.21  559.36  583.30  607.96  633.08  657.86  680.72  699.17  712.82  724.58  726.94  725.67  723.64  722.05  717.29  710.99  702.51  692.17  681.16  669.80  660.85  651.54  642.00  631.91  619.65  606.31  591.51  576.11  560.43  544.46  528.61  512.74 
214.83  246.42  258.99  271.60  285.22  299.48  314.26  329.56  345.40  361.80  378.78  396.36  414.56  433.41  452.92  473.12  494.04  515.70  538.11  561.30  585.16  609.43  633.34  655.40  673.44  687.18  698.26  701.59  701.21  699.39  697.83  695.64  693.37  689.13  683.42  676.12  667.47  658.58  649.94  641.68  632.93  623.03  611.71  598.98  585.73  571.49  556.76  541.74  526.47  511.08 
209.36  244.11  259.05  272.54  286.38  300.70  315.52  330.87  346.75  363.20  380.23  397.86  416.12  435.02  454.59  474.85  495.83  517.54  539.99  563.08  586.53  609.59  630.88  648.49  662.07  672.57  676.44  676.47  675.00  673.45  671.44  669.60  667.48  665.15  661.40  656.49  650.50  643.86  637.16  629.66  621.70  612.88  602.15  590.60  578.17  565.34  551.76  537.74  523.39  508.64 
207.22  243.98  259.88  273.64  287.56  301.92  316.79  332.18  348.11  364.61  381.68  399.37  417.68  436.63  456.26  476.58  497.61  519.34  541.68  564.35  586.60  607.15  624.32  637.67  647.71  651.89  652.26  651.02  649.57  647.69  645.90  643.92  642.05  640.09  637.80  634.57  630.51  625.86  620.57  615.11  608.30  599.83  590.89  580.41  569.31  557.52  545.27  532.37  519.06  505.22 
206.99  244.71  260.93  274.78  288.74  303.15  318.06  333.49  349.47  366.01  383.14  400.88  419.24  438.25  457.93  478.30  499.34  520.96  542.86  564.34  584.20  600.92  614.01  623.67  628.09  628.74  627.70  626.29  624.54  622.78  620.90  619.09  617.22  615.45  613.64  611.48  608.74  605.32  601.81  597.12  592.02  585.31  577.35  568.63  558.79  548.36  537.22  525.59  513.38  500.57 
207.70  245.71  262.03  275.93  289.93  304.38  319.33  334.81  350.83  367.43  384.61  402.39  420.81  439.87  459.60  479.97  500.88  522.05  542.79  561.98  578.26  591.07  600.43  605.00  605.92  605.07  603.72  602.06  600.34  598.54  596.79  595.00  593.30  591.60  589.85  588.12  586.19  583.78  580.93  577.63  573.41  568.45  562.20  554.88  546.69  537.56  527.76  517.29  506.31  494.60 
208.58  246.76  263.13  277.08  291.12  305.61  320.60  336.13  352.20  368.84  386.07  403.91  422.38  441.48  461.20  481.44  501.89  521.93  540.47  556.31  568.83  577.93  582.61  583.78  583.11  581.83  580.25  578.59  576.85  575.15  573.44  571.78  570.14  568.49  566.84  565.15  563.51  561.69  559.54  556.93  553.85  549.93  545.28  539.53  532.81  525.20  516.75  507.60  497.80  487.28 
209.48  247.81  264.25  278.23  292.31  306.85  321.88  337.45  353.57  370.26  387.54  405.43  423.93  443.02  462.60  482.37  501.72  519.66  535.05  547.29  556.15  560.91  562.29  561.80  560.61  559.10  557.50  555.82  554.16  552.51  550.90  549.32  547.73  546.14  544.54  542.97  541.28  539.71  537.99  535.97  533.55  530.64  527.05  522.72  517.41  511.26  504.23  496.41  487.89  478.56 
210.39  248.88  265.36  279.39  293.51  308.09  323.17  338.78  354.95  371.69  389.01  406.93  425.41  444.36  463.47  482.16  499.51  514.46  526.41  535.06  539.88  541.45  541.12  540.02  538.59  537.04  535.43  533.82  532.22  530.65  529.11  527.58  526.04  524.51  522.98  521.39  519.85  518.25  516.70  515.02  513.10  510.83  508.12  504.79  500.79  495.92  490.27  483.81  476.58  468.50 
211.30  249.94  266.48  280.55  294.71  309.33  324.46  340.12  356.33  373.11  390.46  408.36  426.68  445.16  463.22  480.00  494.53  506.18  514.65  519.49  521.23  521.06  520.06  518.70  517.20  515.64  514.08  512.53  511.01  509.52  508.03  506.54  505.06  503.58  502.07  500.57  499.04  497.53  495.94  494.42  492.79  490.97  488.83  486.28  483.21  479.52  475.07  469.88  463.94  457.10 
212.21  251.01  267.60  281.71  295.92  310.58  325.75  341.45  357.70  374.51  391.83  409.56  427.42  444.88  461.11  475.22  486.59  494.87  499.73  501.61  501.60  500.69  499.40  497.96  496.46  494.95  493.45  491.97  490.52  489.08  487.63  486.19  484.76  483.29  481.85  480.37  478.91  477.39  475.90  474.38  472.89  471.31  469.57  467.55  465.18  462.33  458.93  454.85  450.09  444.46 
213.13  252.08  268.72  282.87  297.13  311.83  327.04  342.78  359.05  375.83  392.98  410.25  427.12  442.82  456.52  467.61  475.71  480.58  482.59  482.72  481.91  480.69  479.31  477.85  476.39  474.93  473.50  472.10  470.69  469.29  467.90  466.50  465.09  463.68  462.26  460.83  459.38  457.93  456.46  455.01  453.54  452.10  450.57  448.90  447.00  444.78  442.14  439.01  435.27  430.74 
214.04  253.15  269.85  284.04  298.33  313.07  328.32  344.08  360.31  376.91  393.60  409.91  425.11  438.41  449.21  457.15  462.01  464.13  464.39  463.68  462.53  461.20  459.80  458.38  456.97  455.58  454.22  452.86  451.50  450.15  448.79  447.42  446.06  444.68  443.30  441.89  440.48  439.06  437.65  436.23  434.83  433.42  432.01  430.54  428.94  427.14  425.06  422.61  419.71  416.12 
214.95  254.21  270.97  285.20  299.49  314.25  329.51  345.22  361.28  377.42  393.18  407.89  420.79  431.31  439.09  443.93  446.15  446.53  445.92  444.84  443.57  442.22  440.84  439.48  438.13  436.80  435.48  434.17  432.85  431.54  430.22  428.89  427.55  426.21  424.85  423.49  422.11  420.74  419.37  418.01  416.64  415.27  413.89  412.52  411.09  409.54  407.83  405.88  403.59  400.75 
215.82  255.24  272.01  285.93  300.21  314.96  330.14  345.65  361.23  376.44  390.65  403.15  413.39  420.99  425.80  428.10  428.60  428.08  427.07  425.85  424.55  423.23  421.91  420.60  419.32  418.04  416.76  415.49  414.22  412.94  411.65  410.36  409.06  407.75  406.42  405.09  403.77  402.44  401.12  399.80  398.47  397.14  395.81  394.42  392.94  391.53  390.02  388.36  386.46  384.08 
216.54  255.78  269.65  283.30  297.39  311.88  326.68  341.54  356.05  369.62  381.59  391.42  398.77  403.48  405.82  406.42  405.99  405.07  403.92  402.68  401.42  400.15  398.91  397.68  396.45  395.23  394.02  392.80  391.58  390.35  389.11  387.87  386.61  385.35  384.08  382.81  381.54  380.28  379.01  377.75  376.47  375.19  373.87  372.47  371.10  369.66  368.07  366.25  363.99  361.40 
215.27  229.40  241.20  253.32  265.79  278.51  291.29  303.76  315.44  325.77  334.30  340.70  344.86  346.99  347.60  347.30  346.53  345.56  344.50  343.41  342.33  341.25  340.19  339.14  338.09  337.04  335.99  334.94  333.88  332.81  331.74  330.66  329.57  328.48  327.38  326.29  325.20  324.11  323.02  321.92  320.82  319.68  318.48  317.30  316.06  314.69  313.11  311.15  308.28  295.47 
