#Value Function.
19.13   19.50   19.94   20.47   20.98   21.54   21.95   22.21   22.25   22.27   22.26   22.27   22.25   22.22   21.97   21.59   21.14   20.67   20.21   19.69   19.18   18.65   18.17   17.73   17.27   16.86   16.43   16.00   15.57   15.72   16.23   16.24   16.28   16.13   15.60   15.22   14.76   15.06   15.48   15.85   16.10   16.20   16.20   16.21   16.20   16.21   16.19   16.19   16.08   15.85  
19.14   19.75   20.09   20.55   21.10   21.62   22.22   22.63   22.91   22.93   22.95   22.93   22.92   22.66   22.26   21.79   21.31   20.84   20.29   19.79   19.22   18.74   18.28   17.81   17.40   16.95   16.51   16.06   15.66   15.94   16.16   16.79   16.68   16.05   15.70   15.20   14.78   15.09   15.52   15.96   16.35   16.61   16.70   16.68   16.71   16.68   16.69   16.58   16.35   15.95  
19.17   19.72   20.40   20.68   21.16   21.75   22.25   22.91   23.33   23.63   23.60   23.64   23.36   22.93   22.45   21.94   21.48   20.99   20.51   19.90   19.35   18.85   18.36   17.94   17.51   17.07   16.62   16.21   15.82   15.74   16.22   16.35   16.28   16.13   15.61   15.23   14.76   15.09   15.55   15.99   16.44   16.86   17.13   17.22   17.17   17.21   17.09   16.87   16.44   16.04  
19.14   19.77   20.20   20.90   21.25   21.78   22.42   22.90   23.64   24.03   24.39   24.07   23.63   23.12   22.60   22.13   21.60   21.07   20.49   19.94   19.42   18.97   18.50   18.06   17.61   17.16   16.72   16.32   15.89   15.71   15.84   15.86   15.87   15.80   15.62   15.17   14.78   15.11   15.55   16.02   16.47   16.94   17.39   17.67   17.74   17.61   17.41   16.93   16.54   16.02  
19.15   19.63   20.26   20.72   21.41   21.86   22.42   23.11   23.54   24.42   24.85   24.32   23.77   23.25   22.76   22.19   21.62   21.08   20.54   20.01   19.55   19.07   18.64   18.16   17.70   17.24   16.84   16.38   15.98   15.56   15.50   15.41   15.40   15.40   15.33   15.14   14.73   15.10   15.57   16.01   16.51   16.96   17.46   17.92   18.17   17.95   17.41   17.05   16.50   16.05  
19.05   19.64   20.14   20.76   21.29   21.96   22.51   23.06   23.80   24.29   24.71   24.36   23.78   23.15   22.65   22.27   21.68   21.17   20.58   20.16   19.65   19.22   18.72   18.25   17.77   17.38   16.89   16.48   16.06   15.63   15.17   15.05   14.97   14.96   14.95   14.87   14.70   15.13   15.56   16.04   16.49   17.01   17.46   17.97   18.40   17.93   17.53   16.97   16.54   16.02  
19.14   19.61   20.22   20.73   21.35   21.91   22.54   23.17   23.58   23.93   24.54   24.24   23.71   23.11   22.61   22.12   21.83   21.17   20.78   20.28   19.82   19.29   18.83   18.31   17.93   17.41   17.00   16.56   16.14   15.65   15.20   14.76   14.62   14.54   14.52   14.51   14.72   15.15   15.58   16.02   16.54   16.97   17.53   17.88   18.28   17.97   17.43   17.01   16.49   16.04  
19.13   19.75   20.18   20.85   21.35   21.93   22.47   22.89   23.26   23.74   23.82   24.34   23.68   23.31   22.66   22.36   21.77   21.42   20.89   20.43   19.92   19.42   18.87   18.40   17.93   17.54   17.08   16.68   16.14   15.68   15.23   14.83   14.43   14.20   14.12   14.36   14.77   15.16   15.61   16.05   16.49   17.05   17.40   17.78   17.88   17.73   17.43   16.93   16.50   16.01  
19.15   19.71   20.38   20.74   21.28   21.80   22.22   22.59   23.01   23.17   23.46   23.71   24.05   23.28   23.06   22.44   22.15   21.52   21.06   20.53   20.01   19.47   18.97   18.49   18.02   17.60   17.23   16.66   16.18   15.71   15.31   14.90   14.49   14.08   14.02   14.42   14.79   15.23   15.61   16.09   16.54   16.97   17.41   17.64   17.40   17.35   17.20   16.90   16.45   16.01  
19.13   19.75   20.14   20.65   21.15   21.57   21.94   22.32   22.51   22.78   23.00   23.21   23.54   23.82   23.05   22.86   22.21   21.77   21.14   20.63   20.07   19.55   19.07   18.57   18.17   17.65   17.18   16.70   16.24   15.80   15.38   14.95   14.54   14.12   14.09   14.44   14.87   15.23   15.70   16.07   16.58   16.95   17.19   17.11   17.23   16.93   16.84   16.68   16.39   15.96  
19.13   19.56   20.04   20.52   20.93   21.29   21.65   21.86   22.11   22.33   22.53   22.83   23.01   23.24   23.63   22.83   22.47   21.83   21.31   20.67   20.14   19.67   19.13   18.67   18.19   17.71   17.22   16.75   16.30   15.87   15.43   15.00   14.58   14.16   14.12   14.53   14.87   15.33   15.68   16.19   16.46   16.87   16.69   16.71   16.67   16.69   16.46   16.35   16.18   15.89  
18.98   19.44   19.90   20.31   20.66   21.00   21.23   21.46   21.68   21.88   22.15   22.34   22.58   22.91   23.31   23.26   22.47   22.00   21.28   20.79   20.28   19.71   19.25   18.75   18.27   17.76   17.27   16.81   16.37   15.92   15.49   15.05   14.62   14.20   14.22   14.54   14.98   15.31   15.81   16.08   16.59   16.34   16.35   16.22   16.22   16.19   16.18   15.99   15.86   15.69  
18.86   19.31   19.70   20.05   20.37   20.60   20.83   21.04   21.25   21.51   21.82   21.93   22.25   22.60   23.16   23.03   22.58   21.89   21.43   20.90   20.34   19.85   19.32   18.84   18.31   17.80   17.33   16.89   16.43   15.98   15.53   15.09   14.66   14.25   14.21   14.67   14.96   15.46   15.73   16.25   16.14   16.08   15.89   15.86   15.76   15.74   15.72   15.69   15.52   15.39  
18.72   19.11   19.45   19.76   19.99   20.21   20.42   20.65   20.90   21.27   21.32   21.60   21.97   22.55   23.10   22.93   22.44   21.91   21.37   20.94   20.45   19.96   19.42   18.87   18.35   17.87   17.42   16.94   16.49   16.02   15.58   15.13   14.71   14.29   14.23   14.64   15.15   15.33   15.82   15.88   15.73   15.67   15.60   15.44   15.39   15.30   15.28   15.26   15.21   15.06  
18.53   18.87   19.16   19.40   19.62   19.82   20.05   20.33   20.69   20.72   20.98   21.36   21.97   22.41   22.80   22.95   22.30   21.78   21.27   20.86   20.58   20.02   19.48   18.92   18.41   17.97   17.47   17.01   16.52   16.08   15.60   15.19   14.75   14.35   14.21   14.67   14.91   15.33   15.42   15.55   15.39   15.28   15.20   15.13   15.00   14.93   14.86   14.83   14.80   14.74  
18.29   18.58   18.82   19.03   19.24   19.46   19.73   20.03   20.14   20.38   20.77   21.41   21.75   22.19   22.59   22.93   22.36   21.68   21.15   20.66   20.35   20.09   19.44   19.00   18.54   18.01   17.54   17.03   16.59   16.09   15.68   15.22   14.81   14.38   14.21   14.49   14.94   14.98   15.15   15.18   15.12   14.94   14.83   14.76   14.67   14.56   14.49   14.42   14.39   14.36  
18.01   18.25   18.46   18.67   18.89   19.15   19.42   19.56   19.80   20.20   20.86   21.13   21.55   21.98   22.29   22.70   22.23   21.69   21.06   20.53   20.07   19.85   19.61   18.98   18.57   18.10   17.55   17.12   16.59   16.18   15.70   15.29   14.84   14.44   14.08   14.46   14.59   14.70   14.73   14.79   14.90   14.68   14.51   14.40   14.32   14.23   14.13   14.06   14.00   13.96  
17.70   17.91   18.11   18.32   18.58   18.83   18.99   19.24   19.66   20.31   20.53   20.93   21.42   21.74   21.93   22.23   22.04   21.57   21.04   20.48   19.94   19.53   19.32   19.16   18.53   18.09   17.67   17.09   16.70   16.19   15.79   15.31   14.91   14.48   14.10   14.15   14.25   14.30   14.36   14.47   14.70   14.46   14.25   14.08   14.01   14.00   14.00   14.00   13.99   13.98  
17.36   17.56   17.78   18.02   18.25   18.44   18.69   19.14   19.78   19.95   20.35   20.87   21.20   21.29   21.50   21.73   22.05   21.52   21.10   20.50   20.14   19.63   19.25   18.89   18.67   18.04   17.56   17.25   16.68   16.30   15.79   15.39   14.94   14.56   14.21   14.28   14.32   14.37   14.39   14.41   14.43   14.43   14.43   14.43   14.43   14.43   14.43   14.43   14.42   14.38  
17.03   17.24   17.47   17.70   17.90   18.18   18.63   19.26   19.39   19.82   20.35   20.68   20.69   20.90   21.25   21.32   21.59   21.78   21.08   20.78   20.21   19.86   19.32   18.84   18.56   18.09   17.51   17.05   16.83   16.27   15.90   15.40   15.03   14.59   14.54   14.65   14.72   14.78   14.82   14.84   14.85   14.88   14.87   14.88   14.87   14.88   14.87   14.87   14.83   14.79  
16.71   16.94   17.16   17.38   17.72   18.15   18.77   18.85   19.26   19.86   20.16   20.11   20.32   20.79   20.72   20.95   21.12   21.42   21.45   20.79   20.49   19.90   19.44   18.85   18.47   18.01   17.53   17.08   16.58   16.42   15.87   15.52   15.05   14.71   14.78   15.00   15.11   15.20   15.23   15.27   15.29   15.32   15.34   15.33   15.34   15.32   15.33   15.28   15.24   15.20  
16.42   16.64   16.87   17.21   17.68   18.30   18.40   18.79   19.42   19.66   19.56   19.77   20.27   20.15   20.33   20.51   20.76   20.83   21.09   21.16   20.48   20.06   19.43   18.88   18.54   18.04   17.62   17.10   16.60   16.21   16.04   15.51   15.20   14.73   14.91   15.25   15.48   15.61   15.66   15.70   15.74   15.81   15.79   15.81   15.79   15.81   15.75   15.71   15.67   15.62  
16.13   16.36   16.70   17.16   17.71   18.01   18.31   18.92   19.16   19.04   19.27   19.74   19.62   19.73   19.91   20.13   20.24   20.48   20.79   20.91   20.70   20.01   19.46   18.88   18.35   18.18   17.64   17.10   16.74   16.20   15.76   15.72   15.18   14.81   14.97   15.38   15.74   15.97   16.09   16.14   16.17   16.22   16.30   16.26   16.30   16.22   16.19   16.15   16.11   16.04  
15.87   16.21   16.75   17.18   17.63   17.91   18.51   18.61   18.56   18.90   19.20   19.09   19.15   19.32   19.53   19.66   19.88   20.16   20.30   20.73   20.50   20.06   19.45   18.91   18.42   17.85   17.60   17.30   16.71   16.22   15.71   15.33   15.31   14.78   15.00   15.43   15.85   16.23   16.47   16.58   16.63   16.66   16.70   16.81   16.70   16.68   16.64   16.60   16.54   16.42  
15.73   16.23   16.71   17.30   17.51   18.12   18.20   18.07   18.48   18.69   18.57   18.61   18.75   18.94   19.08   19.30   19.55   19.74   20.14   20.44   20.40   20.04   19.47   19.01   18.40   17.87   17.35   17.07   16.74   16.20   15.72   15.24   14.98   14.87   15.04   15.46   15.90   16.34   16.74   16.98   17.09   17.13   17.16   17.20   17.18   17.14   17.10   17.04   16.93   16.68  
15.73   16.21   16.73   17.02   17.54   17.83   17.65   18.02   18.17   18.07   18.11   18.19   18.37   18.52   18.72   18.97   19.20   19.65   19.98   20.11   20.39   19.83   19.61   18.96   18.43   17.85   17.33   16.85   16.55   16.20   15.71   15.24   14.80   14.77   15.06   15.50   15.93   16.39   16.84   17.27   17.51   17.61   17.65   17.69   17.66   17.61   17.56   17.46   17.21   16.80  
15.70   16.20   16.52   17.00   17.40   17.28   17.56   17.82   17.58   17.61   17.66   17.81   17.97   18.17   18.40   18.67   19.18   19.38   19.57   19.91   20.20   19.77   19.27   18.98   18.40   17.87   17.32   16.81   16.35   16.04   15.69   15.22   14.77   14.65   15.08   15.52   15.97   16.41   16.88   17.36   17.81   18.05   18.14   18.18   18.14   18.09   18.00   17.75   17.33   16.83  
15.68   16.03   16.49   17.03   16.86   17.11   17.32   17.22   17.25   17.13   17.28   17.43   17.63   17.86   18.17   18.65   18.80   19.01   19.36   19.68   19.91   19.62   19.18   18.72   18.39   17.85   17.33   16.80   16.30   15.87   15.54   15.19   14.75   14.68   15.10   15.54   15.99   16.46   16.90   17.39   17.88   18.38   18.61   18.68   18.63   18.56   18.31   17.86   17.34   16.84  
15.55   15.99   16.44   16.45   16.58   16.74   16.80   16.79   16.71   16.75   16.91   17.10   17.35   17.73   18.10   18.25   18.46   18.79   19.18   19.35   19.72   19.33   19.02   18.60   18.17   17.81   17.31   16.80   16.29   15.81   15.39   15.06   14.71   14.70   15.13   15.55   16.01   16.47   16.96   17.40   17.91   18.41   18.96   19.18   19.13   18.88   18.40   17.85   17.35   16.83  
15.49   15.89   15.96   16.07   16.22   16.27   16.39   16.29   16.27   16.40   16.59   16.87   17.27   17.54   17.71   17.92   18.23   18.58   18.77   19.14   19.46   19.31   18.80   18.45   18.04   17.63   17.26   16.78   16.28   15.79   15.33   14.92   14.59   14.72   15.15   15.59   16.02   16.50   16.97   17.48   17.91   18.45   18.95   19.58   19.45   18.97   18.38   17.88   17.34   16.84  
15.36   15.47   15.58   15.71   15.78   15.87   15.83   15.87   15.91   16.11   16.46   16.81   17.00   17.18   17.39   17.68   18.01   18.23   18.58   19.01   19.19   19.10   18.92   18.32   17.91   17.50   17.10   16.72   16.26   15.78   15.30   14.86   14.46   14.74   15.17   15.61   16.07   16.51   16.99   17.47   18.02   18.42   19.01   19.32   19.34   18.79   18.38   17.85   17.35   16.83  
14.99   15.10   15.22   15.29   15.37   15.35   15.39   15.44   15.64   16.05   16.36   16.48   16.66   16.87   17.15   17.46   17.70   18.04   18.52   18.74   18.88   18.64   18.63   18.40   17.92   17.45   16.98   16.58   16.20   15.76   15.29   14.83   14.40   14.78   15.18   15.63   16.08   16.56   17.00   17.51   17.98   18.58   18.75   18.83   18.85   18.77   18.26   17.84   17.33   16.84  
14.62   14.74   14.81   14.88   14.88   14.91   14.98   15.19   15.64   15.89   15.99   16.15   16.36   16.63   16.92   17.17   17.52   18.05   18.33   18.39   18.31   18.30   18.10   18.17   17.84   17.45   16.94   16.57   16.09   15.70   15.27   14.82   14.37   14.79   15.24   15.64   16.11   16.57   17.07   17.49   18.04   18.22   18.30   18.45   18.40   18.30   18.18   17.73   17.31   16.82  
14.27   14.35   14.41   14.42   14.45   14.53   14.75   15.20   15.45   15.50   15.66   15.87   16.12   16.40   16.66   17.02   17.60   17.96   17.87   17.94   17.84   17.92   17.75   17.59   17.75   17.33   17.11   16.53   16.06   15.60   15.21   14.79   14.36   14.80   15.24   15.72   16.11   16.60   17.06   17.60   17.76   17.79   18.01   18.04   17.90   17.86   17.77   17.62   17.21   16.79  
13.89   13.95   13.97   14.01   14.09   14.31   14.72   15.11   15.04   15.18   15.38   15.63   15.90   16.17   16.52   17.06   17.43   17.47   17.41   17.46   17.42   17.33   17.36   17.21   17.17   17.43   16.87   16.56   16.03   15.57   15.13   14.73   14.36   14.79   15.26   15.70   16.21   16.58   17.11   17.26   17.29   17.47   17.51   17.58   17.51   17.39   17.33   17.24   17.08   16.70  
13.50   13.53   13.57   13.66   13.88   14.25   14.59   14.60   14.72   14.91   15.15   15.41   15.68   16.03   16.51   16.83   16.99   17.00   16.93   16.94   16.98   16.96   16.82   16.81   16.87   16.85   16.95   16.39   16.03   15.54   15.09   14.66   14.35   14.80   15.24   15.73   16.17   16.72   16.86   16.80   16.95   17.07   17.19   17.15   17.07   16.99   16.89   16.82   16.73   16.55  
13.10   13.15   13.25   13.46   13.79   14.10   14.15   14.27   14.45   14.68   14.93   15.21   15.55   15.99   16.32   16.52   16.53   16.57   16.49   16.46   16.45   16.58   16.44   16.35   16.35   16.42   16.40   16.44   15.91   15.53   15.06   14.62   14.36   14.79   15.26   15.70   16.20   16.42   16.34   16.46   16.66   16.79   16.73   16.72   16.65   16.57   16.49   16.40   16.33   16.22  
12.73   12.83   13.04   13.35   13.63   13.71   13.82   14.00   14.22   14.47   14.74   15.08   15.48   15.80   15.99   16.12   16.06   16.14   16.06   15.99   16.05   16.02   16.13   15.95   15.91   15.90   15.94   16.02   15.94   15.44   15.05   14.60   14.35   14.80   15.24   15.71   16.12   15.91   15.99   16.23   16.34   16.33   16.29   16.29   16.23   16.16   16.08   16.01   15.92   15.84  
12.43   12.63   12.92   13.17   13.28   13.39   13.56   13.78   14.02   14.29   14.61   14.99   15.30   15.50   15.72   15.70   15.64   15.69   15.65   15.57   15.54   15.63   15.67   15.66   15.48   15.46   15.52   15.48   15.59   15.55   15.02   14.64   14.36   14.79   15.23   15.59   15.58   15.61   15.77   15.89   15.90   15.86   15.84   15.87   15.81   15.75   15.68   15.61   15.53   15.44  
12.23   12.50   12.73   12.86   12.97   13.14   13.34   13.58   13.84   14.16   14.51   14.82   15.06   15.31   15.23   15.29   15.22   15.18   15.30   15.18   15.14   15.18   15.19   15.25   15.30   15.03   15.02   15.09   15.07   15.11   15.13   14.61   14.35   14.77   15.09   15.12   15.16   15.30   15.43   15.48   15.43   15.43   15.41   15.46   15.40   15.34   15.28   15.22   15.15   15.06  
12.08   12.31   12.44   12.56   12.72   12.92   13.15   13.41   13.71   14.05   14.35   14.60   14.86   14.79   14.82   14.89   14.82   14.81   14.78   14.92   14.73   14.72   14.78   14.82   14.79   14.92   14.61   14.61   14.64   14.66   14.67   14.67   14.31   14.61   14.68   14.72   14.85   14.98   15.13   15.09   15.03   14.98   15.00   15.03   15.00   14.93   14.88   14.83   14.76   14.69  
11.89   12.04   12.16   12.31   12.51   12.73   12.99   13.28   13.60   13.89   14.14   14.36   14.39   14.38   14.42   14.50   14.42   14.36   14.43   14.40   14.50   14.31   14.35   14.34   14.44   14.42   14.55   14.20   14.20   14.21   14.22   14.28   14.19   14.23   14.29   14.40   14.53   14.66   14.65   14.65   14.63   14.58   14.57   14.56   14.56   14.52   14.48   14.44   14.38   14.32  
11.64   11.77   11.92   12.10   12.32   12.57   12.86   13.16   13.44   13.68   13.89   13.95   14.07   13.97   14.05   14.15   14.05   13.97   13.96   14.04   14.12   14.04   13.90   13.97   13.98   14.08   14.05   14.19   13.81   13.78   13.82   13.80   14.03   13.87   13.97   14.09   14.20   14.21   14.22   14.34   14.23   14.19   14.15   14.14   14.19   14.17   14.09   14.05   14.00   13.94  
11.38   11.53   11.71   11.93   12.17   12.44   12.74   13.01   13.24   13.44   13.51   13.62   13.70   13.63   13.71   13.85   13.71   13.61   13.59   13.66   13.64   13.88   13.61   13.55   13.62   13.63   13.72   13.70   13.83   13.42   13.39   13.55   13.53   13.56   13.66   13.76   13.78   13.80   13.89   13.95   13.90   13.81   13.77   13.76   13.82   13.78   13.74   13.67   13.63   13.57  
11.15   11.33   11.54   11.77   12.04   12.32   12.59   12.81   12.99   13.09   13.19   13.26   13.34   13.28   13.39   13.36   13.39   13.28   13.22   13.23   13.40   13.38   13.40   13.20   13.20   13.27   13.28   13.37   13.35   13.47   13.10   13.11   13.15   13.25   13.34   13.37   13.39   13.51   13.52   13.49   13.52   13.48   13.39   13.40   13.48   13.40   13.36   13.32   13.26   13.21  
10.95   11.16   11.39   11.65   11.92   12.17   12.39   12.57   12.67   12.76   12.84   12.91   12.99   12.95   12.94   12.96   12.94   12.95   12.86   12.96   12.96   12.97   12.96   12.95   12.84   12.86   12.93   12.94   13.02   13.00   13.14   12.75   12.84   12.93   12.96   13.00   13.10   13.24   13.12   13.10   13.09   13.10   13.06   13.06   13.12   13.07   13.00   12.96   12.91   12.85  
10.79   11.02   11.26   11.53   11.77   11.99   12.15   12.26   12.35   12.43   12.50   12.58   12.69   12.58   12.54   12.53   12.54   12.52   12.53   12.54   12.55   12.54   12.55   12.54   12.52   12.51   12.53   12.60   12.60   12.70   12.69   12.81   12.52   12.57   12.61   12.70   12.82   12.79   12.82   12.73   12.70   12.69   12.69   12.71   12.75   12.70   12.67   12.60   12.56   12.51  
10.65   10.89   11.14   11.38   11.59   11.75   11.86   11.95   12.02   12.09   12.18   12.28   12.43   12.28   12.18   12.13   12.12   12.13   12.14   12.14   12.14   12.14   12.14   12.14   12.13   12.13   12.18   12.20   12.28   12.29   12.38   12.37   12.55   12.22   12.31   12.41   12.40   12.42   12.40   12.41   12.34   12.32   12.33   12.37   12.51   12.36   12.31   12.27   12.22   12.17  
10.52   10.77   11.00   11.20   11.36   11.46   11.55   11.63   11.70   11.78   11.88   12.02   12.15   12.02   11.88   11.79   11.74   11.74   11.75   11.74   11.75   11.75   11.75   11.74   11.75   11.78   11.81   11.88   11.90   11.97   11.99   12.12   12.10   12.11   12.02   12.02   12.03   12.02   12.03   12.02   12.02   11.96   12.00   12.12   12.24   12.12   11.99   11.93   11.89   11.84  
10.40   10.62   10.82   10.97   11.08   11.17   11.24   11.31   11.39   11.49   11.62   11.74   11.82   11.74   11.62   11.50   11.41   11.36   11.36   11.36   11.36   11.36   11.36   11.36   11.39   11.42   11.48   11.51   11.57   11.61   11.71   11.71   11.72   11.71   11.71   11.65   11.65   11.65   11.65   11.65   11.65   11.64   11.74   11.85   11.92   11.85   11.74   11.62   11.56   11.51  
