#Value Function.
40.96   43.05   46.88   50.35   55.00   55.14   54.93   50.52   53.97   56.81   59.66   62.87   63.30   63.50   63.34   63.36   62.24   62.02   62.02   61.99   61.99   61.62   59.84   57.61   52.97   49.70   50.69   52.81   57.23   61.72   66.08   70.21   75.39   75.78   78.83   78.74   78.39   70.92   66.76   62.40   58.60   54.87   51.50   48.69   47.63   47.39   47.29   46.33   44.57   42.16  
42.75   43.55   45.72   50.14   53.56   59.40   52.88   50.98   54.08   57.69   60.63   63.63   67.51   67.52   67.80   66.27   66.14   66.18   66.13   66.16   65.97   63.88   61.85   56.60   51.29   51.60   53.10   53.93   56.06   61.14   65.90   70.57   74.78   81.19   79.29   84.80   75.21   71.31   66.53   62.55   58.53   54.93   51.73   50.70   50.52   50.57   49.54   47.67   44.98   42.65  
44.40   45.66   47.74   51.18   54.34   53.57   53.57   52.08   55.42   57.96   61.62   64.68   67.77   72.62   70.49   70.51   70.59   70.52   70.59   70.42   69.69   66.20   62.59   56.77   54.19   52.19   51.53   54.79   57.05   60.60   63.40   65.43   69.91   80.06   77.87   82.49   73.00   68.56   65.02   62.23   58.60   54.89   53.95   53.83   54.08   52.96   50.98   47.94   45.43   43.69  
46.26   47.34   48.61   50.59   50.72   52.51   54.10   52.35   56.16   59.17   61.68   65.86   69.16   74.34   74.81   75.29   75.18   75.32   75.14   74.71   72.09   67.85   62.86   55.57   53.61   53.84   52.82   53.41   55.86   58.58   58.72   61.18   68.18   81.01   80.56   88.58   76.54   68.62   66.03   61.86   58.34   54.91   55.34   57.86   56.59   54.56   51.09   48.36   46.59   44.98  
47.71   49.44   50.46   51.76   52.01   52.07   54.55   52.73   56.94   59.90   63.21   65.74   70.26   75.72   78.42   79.92   80.37   80.13   80.01   76.92   74.24   68.83   62.70   59.33   57.89   54.64   51.30   52.24   54.68   56.45   57.12   59.91   69.59   80.40   81.95   89.55   79.07   70.72   65.96   61.90   58.04   54.69   55.86   59.24   58.43   54.42   51.45   49.68   47.99   46.36  
48.03   51.07   52.82   53.77   55.37   55.48   55.57   55.46   57.50   60.77   63.85   67.68   71.00   78.04   80.93   83.81   85.37   85.79   81.97   79.35   75.31   70.69   65.26   62.10   58.33   54.69   51.54   53.35   55.45   59.03   58.23   63.99   71.93   78.93   81.17   83.93   80.13   70.54   64.96   61.75   58.02   55.13   55.63   59.69   58.28   54.71   52.98   51.18   49.44   47.97  
48.16   51.25   54.68   56.43   57.25   59.29   59.13   59.15   57.69   61.39   64.87   68.02   71.92   77.72   83.79   86.26   89.60   88.44   84.86   80.44   75.42   70.81   66.35   62.24   58.34   54.70   52.26   55.11   56.86   59.15   60.47   68.96   72.90   75.95   78.37   78.33   77.29   69.66   63.00   59.10   58.72   56.40   55.73   58.15   58.87   56.53   54.59   52.69   51.23   49.40  
48.08   51.40   54.63   58.60   60.28   60.87   63.60   59.50   57.66   61.56   65.54   69.25   72.80   78.41   83.20   89.90   91.98   90.78   85.92   80.41   75.54   70.76   66.39   62.22   58.35   54.70   53.96   55.59   58.99   60.57   65.70   68.30   72.22   73.95   73.46   73.48   72.79   68.18   61.73   57.44   55.94   55.60   55.73   58.82   61.07   58.24   56.13   54.69   52.72   50.70  
48.16   51.27   54.87   58.17   62.87   61.60   64.25   61.35   57.70   61.54   65.68   69.97   75.66   76.50   80.03   86.43   97.11   91.78   85.70   80.60   75.44   70.81   66.35   62.24   58.34   54.71   54.93   57.70   59.03   63.42   64.19   67.32   71.05   72.21   69.56   68.95   68.39   67.20   61.43   57.74   54.03   56.98   57.57   59.79   63.64   59.76   58.42   56.24   54.15   51.65  
48.08   51.36   54.26   55.85   59.17   57.22   60.80   61.63   57.95   61.57   65.62   70.07   72.46   80.56   70.98   78.06   98.46   91.29   86.01   80.42   75.54   70.76   66.39   62.22   58.35   54.77   56.09   58.55   62.24   60.59   63.10   65.99   69.32   70.41   67.68   65.42   65.63   65.05   60.93   57.56   54.10   55.84   58.60   62.38   64.03   62.44   59.97   57.80   55.21   51.87  
48.07   50.71   52.16   53.35   57.76   56.96   59.56   59.44   57.58   61.52   65.49   68.16   72.48   73.89   69.96   72.60   91.10   91.83   85.71   80.60   75.44   70.81   66.35   62.24   58.34   55.49   57.15   60.17   58.19   59.18   61.87   64.73   65.85   65.50   65.67   63.45   61.58   61.48   60.61   57.14   55.98   57.63   61.56   62.96   67.04   63.92   61.71   59.01   55.34   51.96  
47.58   50.61   51.65   55.53   55.68   57.01   57.32   57.28   57.26   61.26   64.04   67.81   70.84   72.22   77.04   75.39   82.14   85.16   85.36   80.35   75.53   70.76   66.39   62.22   58.35   56.72   58.63   56.22   56.18   57.99   60.48   61.59   61.48   61.68   61.46   61.33   59.49   57.91   57.58   56.53   55.30   59.30   62.26   65.15   68.04   65.87   63.11   58.99   55.46   51.91  
47.48   50.51   54.32   54.85   54.09   53.86   55.06   55.55   57.29   60.11   63.48   66.41   69.30   74.38   74.74   74.56   76.01   79.83   79.87   79.49   75.27   70.79   66.35   62.24   58.34   54.92   54.54   54.66   54.40   56.54   57.62   57.67   57.79   57.68   57.79   57.63   57.32   55.77   54.42   55.07   55.99   58.38   61.26   64.79   70.31   67.55   62.85   59.17   55.36   51.97  
47.38   50.69   52.54   52.46   51.46   51.56   52.22   53.81   56.38   59.45   62.25   65.11   69.12   70.59   73.45   73.92   75.10   75.68   74.95   74.86   74.12   70.48   66.34   62.21   58.35   54.72   51.79   51.23   52.88   53.91   54.07   54.16   54.09   54.16   54.09   54.15   54.01   53.60   53.56   54.82   59.16   57.23   57.37   61.99   72.45   66.33   63.16   59.00   55.46   51.91  
47.43   50.05   53.92   51.25   49.31   49.06   50.54   52.89   55.69   58.36   61.12   64.66   67.38   67.90   70.49   70.56   71.71   70.61   70.84   70.33   70.13   69.18   65.97   62.16   58.32   54.70   51.54   50.62   50.45   50.68   50.76   50.73   50.76   50.73   50.76   50.72   50.75   50.60   53.43   57.47   57.60   55.45   55.28   51.24   51.95   61.54   59.88   57.07   55.13   51.94  
47.29   50.45   54.08   51.71   48.23   47.46   49.61   52.18   54.71   57.35   60.50   63.04   64.68   65.40   69.60   71.35   70.33   67.18   66.33   66.36   65.96   65.67   64.61   61.74   58.24   54.67   53.90   53.64   52.17   49.60   47.74   47.60   47.56   47.58   47.56   47.59   47.74   50.16   53.47   53.99   53.92   53.78   50.99   47.40   47.00   53.67   57.42   53.90   53.35   51.52  
47.29   50.46   52.96   50.93   48.38   46.53   48.89   51.29   53.79   56.62   58.92   59.89   62.14   63.55   67.23   72.23   70.18   66.04   63.22   62.30   62.18   61.85   61.49   60.37   57.78   57.39   57.37   55.81   52.99   49.71   46.66   44.94   44.65   44.60   44.65   44.99   47.07   49.83   50.57   50.57   50.61   50.55   51.85   52.92   60.49   55.30   53.54   53.34   50.78   49.90  
47.18   49.35   49.25   49.40   47.66   45.82   48.07   50.44   53.00   55.10   56.21   57.69   60.05   63.37   67.46   70.39   68.95   67.46   62.61   59.53   58.52   58.29   57.98   61.00   61.12   61.40   59.72   56.61   53.01   49.77   46.63   43.87   42.29   41.90   42.35   44.17   46.50   47.34   47.42   47.47   47.56   48.82   51.75   55.66   54.64   55.64   52.84   50.46   49.79   47.74  
46.02   46.20   46.29   46.21   46.12   45.06   47.28   49.61   51.55   52.74   54.16   56.32   59.01   62.61   64.88   66.08   67.20   64.86   61.48   58.67   56.01   58.72   58.69   60.16   65.74   63.90   60.49   56.50   53.10   49.72   46.66   43.74   41.24   39.84   41.43   43.43   44.31   44.47   44.53   44.73   45.94   48.57   51.86   52.99   51.44   52.63   52.98   49.66   47.50   46.54  
43.29   43.39   43.34   43.39   43.32   44.31   46.44   48.24   49.46   50.84   52.84   55.30   57.78   60.28   62.49   63.40   63.70   63.89   62.20   57.93   56.21   59.78   63.03   61.87   65.99   64.64   60.20   56.67   53.01   49.77   46.63   43.74   41.03   38.86   40.58   41.46   41.68   41.78   42.05   43.21   45.57   48.41   49.82   52.06   51.73   50.39   49.50   49.31   46.63   44.64  
40.65   40.64   40.68   40.73   41.63   43.48   45.15   46.38   47.72   49.56   51.82   54.07   55.70   58.43   61.65   62.58   60.74   61.45   61.39   58.19   58.10   59.69   63.87   60.86   67.24   63.81   59.44   56.39   53.09   49.72   46.66   43.72   41.01   38.51   38.80   39.07   39.20   39.53   40.63   42.74   45.23   46.74   48.29   50.28   50.35   48.50   47.29   46.49   45.98   43.74  
38.10   38.15   38.28   39.11   40.72   42.27   43.48   44.78   46.49   48.55   50.62   52.31   54.67   56.60   58.38   59.91   58.61   58.80   58.95   57.37   58.41   62.24   62.54   66.34   65.75   62.62   59.66   55.83   52.84   49.75   46.62   43.74   40.99   38.45   36.62   36.78   37.15   38.19   40.09   42.30   43.82   45.30   47.01   48.04   50.35   48.01   45.83   44.41   43.62   42.91  
35.77   35.96   36.73   38.14   39.57   40.76   42.01   43.60   45.50   47.41   49.08   51.19   53.03   54.71   56.22   59.17   59.26   58.72   58.79   58.06   59.70   62.11   64.87   62.11   62.61   61.42   58.69   55.82   52.40   49.52   46.62   43.71   41.00   38.44   36.11   34.90   35.88   37.60   39.57   41.07   42.49   44.10   45.97   49.27   51.18   49.01   46.12   43.74   41.78   40.91  
33.76   34.48   35.74   37.06   38.21   39.40   40.89   42.63   44.41   46.04   47.95   49.68   51.27   52.84   55.50   58.86   61.20   58.46   58.68   57.79   62.32   63.26   60.62   60.52   58.53   58.56   57.41   54.98   52.26   49.15   46.41   43.68   40.98   38.44   36.04   33.95   35.26   37.04   38.49   39.85   41.38   43.24   46.23   48.95   52.81   49.81   46.68   44.08   42.88   41.61  
32.36   33.49   34.71   35.81   36.95   38.34   39.95   41.60   43.17   44.91   46.55   48.07   49.65   52.12   55.50   59.72   62.24   58.23   57.27   60.12   61.62   59.06   59.01   57.06   56.57   55.07   54.81   53.67   51.49   48.93   46.10   43.50   40.94   38.42   36.03   33.84   34.68   36.07   37.38   38.83   40.64   43.31   45.98   49.39   52.19   50.20   46.82   45.74   44.50   42.39  
31.37   32.51   33.56   34.65   35.94   37.43   38.97   40.43   41.71   42.66   45.05   46.63   48.94   52.05   55.63   58.63   58.59   57.96   57.11   61.43   58.75   57.61   55.61   55.15   53.63   52.94   51.74   51.30   50.20   48.21   45.82   43.22   40.77   38.36   36.01   34.53   34.30   35.05   36.44   38.17   40.59   43.16   46.21   48.78   50.21   50.53   48.79   47.63   45.04   44.40  
30.44   31.45   32.49   33.70   35.08   36.50   37.85   38.98   39.29   40.65   43.52   45.94   48.81   52.00   54.34   57.64   55.99   54.98   57.09   57.11   57.27   55.20   53.93   52.28   51.61   50.35   49.59   48.58   48.04   46.96   45.13   42.92   40.51   38.21   36.66   36.55   36.58   36.48   35.86   38.06   40.49   43.25   45.60   47.06   48.33   51.76   51.08   47.71   47.64   44.86  
29.78   30.46   31.60   32.97   35.12   35.45   36.58   36.30   37.36   39.26   41.15   45.75   48.64   50.90   52.82   56.08   54.16   53.31   53.56   53.67   53.58   53.46   51.80   50.52   49.11   48.34   47.25   46.47   45.59   44.98   43.93   42.25   40.19   38.89   38.97   39.03   38.97   38.36   36.84   37.91   40.47   42.65   44.11   45.48   48.14   48.29   51.49   51.24   47.70   46.17  
29.79   31.97   32.09   33.04   34.56   37.82   36.57   36.09   37.25   39.91   42.68   45.51   47.67   49.60   52.18   52.14   52.33   50.85   50.30   50.25   50.30   50.23   49.96   48.58   47.35   46.10   45.29   44.32   43.55   42.76   42.12   41.11   39.55   40.22   41.65   41.54   41.64   35.89   37.50   34.94   38.96   39.77   42.28   44.90   45.56   48.05   49.31   50.53   49.50   46.01  
29.92   31.73   34.42   33.21   35.37   37.55   36.72   35.04   37.40   39.98   42.57   44.65   46.52   48.64   48.90   49.02   48.91   48.88   47.74   47.22   47.13   47.15   47.07   46.72   45.54   44.38   43.26   42.44   41.56   40.83   40.10   40.54   40.82   42.24   42.78   44.67   42.84   42.02   29.34   22.22   32.13   37.36   41.22   43.23   44.92   46.20   47.15   47.62   47.57   46.07  
29.75   31.62   33.24   33.17   36.36   37.31   35.09   35.05   37.45   39.83   41.82   43.60   45.40   45.82   45.93   45.87   45.93   45.86   45.71   44.80   44.32   44.21   44.20   44.10   43.71   42.68   41.61   40.58   40.23   40.94   41.72   42.76   43.27   43.37   45.22   45.42   48.23   40.16   27.12   16.79   27.80   38.79   40.35   43.97   44.57   44.16   44.60   44.65   45.06   44.48  
29.57   30.93   30.13   34.27   34.36   34.58   34.70   35.07   37.27   39.16   40.84   42.40   42.91   43.04   43.01   43.04   43.01   43.04   42.97   42.76   42.03   41.59   41.46   41.43   41.32   40.91   41.28   41.75   42.04   42.93   43.66   44.46   45.69   46.20   45.99   48.53   46.04   42.60   36.52   31.22   30.72   37.74   40.91   41.87   44.53   44.07   41.89   42.18   41.94   42.14  
28.86   29.06   32.23   33.00   33.37   33.01   33.22   34.88   36.67   38.24   39.62   40.18   40.33   40.32   40.34   40.32   40.34   40.32   40.34   40.26   40.02   39.42   39.02   38.95   40.60   41.97   42.95   44.12   44.54   44.75   45.82   46.56   47.36   48.85   49.36   51.22   46.86   44.35   38.89   30.20   31.89   36.76   39.38   41.49   41.86   43.67   43.89   41.85   40.28   39.44  
26.96   24.78   33.40   35.70   34.76   35.08   35.18   35.23   35.80   37.04   37.61   37.78   37.79   37.81   37.80   37.81   37.80   37.81   37.80   37.80   37.72   37.47   37.77   39.61   41.42   43.38   44.82   45.79   47.17   47.52   47.60   48.95   49.64   50.59   53.62   48.60   47.61   43.89   37.17   32.73   33.01   34.99   38.84   39.37   40.95   42.84   44.58   42.94   41.49   38.78  
30.68   24.69   33.48   37.60   36.70   36.95   37.46   37.52   37.49   37.52   37.49   37.51   37.31   36.58   35.56   35.44   35.43   35.43   35.43   35.42   35.42   36.38   38.27   40.31   42.26   44.17   46.36   47.87   48.77   50.48   50.70   50.58   53.54   55.79   50.46   49.73   45.83   42.63   38.92   36.77   34.70   36.22   36.57   38.38   40.14   41.78   43.41   44.47   41.34   38.86  
38.34   30.10   42.00   38.94   38.49   39.12   39.73   39.96   40.03   39.97   40.02   39.85   39.17   37.14   35.81   34.96   34.11   33.55   33.24   33.39   35.02   36.83   38.82   40.81   43.02   45.09   47.08   49.56   51.14   51.89   54.08   54.08   57.50   53.62   51.79   48.31   46.26   41.51   40.11   36.68   36.41   37.30   42.05   39.77   40.26   40.62   41.54   41.34   41.32   38.76  
39.24   42.34   40.18   42.72   44.09   42.27   41.53   42.67   42.60   42.70   42.55   41.99   39.52   38.13   37.29   36.32   35.92   34.28   33.35   33.53   35.42   37.37   39.27   41.42   43.52   45.92   48.11   50.15   53.02   54.64   55.11   58.04   56.54   53.45   52.53   49.64   44.70   42.98   40.21   37.91   37.80   37.80   39.63   43.44   40.03   39.38   38.80   38.92   38.78   38.46  
39.42   40.21   40.87   40.21   44.04   46.74   46.26   43.95   45.57   45.38   45.10   42.01   40.58   39.81   38.62   38.51   36.46   35.60   34.37   33.77   35.77   37.79   39.89   41.86   44.21   46.38   49.04   51.34   53.38   56.76   58.42   58.71   54.85   53.51   51.59   47.57   46.06   42.84   40.38   38.55   39.00   40.90   38.19   39.57   42.27   39.47   38.28   36.59   36.48   36.33  
37.80   39.44   39.49   41.15   43.67   45.01   48.66   49.47   48.36   48.41   46.00   43.83   42.60   40.72   41.39   38.71   38.03   36.67   35.33   34.28   35.98   38.18   40.31   42.58   44.60   47.20   49.40   52.38   54.80   56.74   60.90   59.10   53.59   51.22   49.90   48.10   44.87   43.02   40.93   40.82   39.83   42.64   39.57   38.70   39.98   41.02   38.34   37.37   35.31   34.77  
36.85   37.41   40.08   40.70   42.40   45.39   46.97   51.78   51.87   51.63   48.45   47.04   43.89   44.72   40.81   40.66   39.12   37.67   36.32   35.87   36.42   38.34   40.76   42.98   45.47   47.49   50.43   52.58   55.98   58.52   58.88   56.07   53.69   49.31   48.12   46.74   44.93   42.18   43.49   43.69   43.65   44.16   41.51   41.59   41.12   39.64   40.07   37.43   37.25   35.54  
35.17   36.62   37.35   39.05   42.44   44.72   48.02   48.46   53.85   52.21   50.85   48.91   46.51   43.56   43.62   41.71   40.18   38.69   37.61   37.69   38.25   38.65   40.86   43.53   45.81   48.59   50.52   53.94   55.89   59.93   56.55   56.87   52.79   49.92   46.77   45.15   43.77   42.23   44.95   46.57   46.61   45.92   44.68   44.00   43.12   41.52   39.31   39.98   37.88   36.52  
35.88   36.17   36.59   38.53   40.72   44.70   46.53   49.85   50.16   54.41   52.22   49.78   46.49   44.82   44.97   42.86   41.20   40.22   38.25   38.29   40.39   40.80   40.97   43.57   46.50   48.80   51.98   53.65   57.80   57.55   54.86   55.96   53.02   49.86   46.80   44.84   42.48   42.36   45.03   48.12   49.88   49.88   47.17   46.07   44.53   41.70   40.63   38.35   39.14   36.38  
36.83   38.44   38.73   39.21   39.72   42.42   46.46   47.38   50.51   50.44   53.25   49.52   46.64   43.74   42.32   44.75   43.07   40.61   40.03   39.44   40.73   41.09   40.76   43.65   46.46   49.71   51.92   55.70   55.66   56.80   57.82   57.05   53.61   49.38   47.90   45.33   42.78   42.28   45.21   47.99   51.55   53.47   49.67   47.71   44.45   41.84   39.28   37.98   37.36   36.46  
37.38   39.33   41.20   42.12   41.67   42.22   44.61   47.06   47.56   49.59   49.50   49.49   46.46   43.72   41.69   41.77   43.53   43.02   39.94   39.92   39.85   41.65   41.44   43.54   46.58   49.50   53.21   53.36   54.40   54.89   54.89   54.21   53.14   51.27   48.36   45.68   42.64   42.37   45.06   48.28   51.08   55.30   51.11   47.33   44.66   41.72   39.22   36.94   35.68   34.99  
37.52   39.94   41.96   44.11   42.89   42.57   43.94   44.72   46.28   46.44   46.49   46.43   46.09   43.55   41.05   40.65   40.93   42.63   42.23   39.71   39.76   39.01   39.02   43.65   46.46   49.71   51.84   53.57   54.20   54.68   53.65   51.63   51.38   51.59   48.81   45.43   42.79   42.28   45.22   48.00   51.58   53.52   50.88   47.32   44.44   41.84   39.14   36.78   34.73   33.51  
37.53   40.04   42.66   44.75   42.48   41.38   42.00   43.25   43.54   43.59   43.56   43.59   43.51   42.99   40.80   38.70   39.80   39.96   42.17   40.10   38.70   38.15   40.77   43.57   46.47   48.59   50.60   53.56   53.27   53.07   53.71   50.42   50.74   51.81   48.36   45.68   42.64   42.37   45.04   48.15   49.86   51.57   49.68   47.42   44.39   41.68   39.20   36.71   34.50   32.63  
37.54   40.03   42.70   45.59   44.24   42.19   40.46   40.80   40.87   40.86   40.87   40.86   40.87   40.75   40.13   38.24   37.65   39.29   39.29   41.08   38.51   38.23   40.83   43.48   45.54   47.49   49.89   50.05   50.64   52.71   52.16   50.85   49.22   50.50   48.37   45.38   42.78   42.24   44.98   46.71   48.14   47.97   48.12   46.51   44.36   41.63   39.09   36.74   34.43   32.36  
37.53   40.04   42.68   45.95   45.22   41.55   39.60   38.32   38.32   38.33   38.32   38.33   38.32   38.31   38.16   37.48   36.68   37.00   38.30   38.19   38.21   38.26   40.69   42.68   44.54   46.55   46.99   47.61   49.31   50.46   52.01   51.30   47.87   47.05   47.09   45.22   42.56   42.05   43.74   44.97   45.01   45.11   45.01   44.94   43.52   41.50   39.02   36.65   34.43   32.28  
37.54   40.03   42.71   42.73   42.97   42.08   39.17   37.21   36.07   35.95   35.94   35.93   35.94   35.93   35.91   35.73   35.13   35.76   35.83   35.89   36.11   38.09   39.99   41.74   43.48   44.09   44.74   46.17   47.35   48.77   50.41   50.65   47.81   45.11   44.23   43.97   42.28   40.94   42.04   42.21   42.27   42.22   42.27   42.20   41.99   40.72   38.84   36.57   34.36   32.26  
37.49   39.75   40.08   40.24   40.11   40.17   39.22   36.78   34.96   33.92   33.72   33.69   33.69   33.69   33.68   33.64   33.47   33.59   33.68   34.01   35.67   37.45   39.10   40.63   41.33   42.01   43.25   44.40   45.71   47.09   47.43   47.29   47.16   44.78   42.45   41.53   41.07   39.64   39.55   39.61   39.58   39.61   39.58   39.61   39.54   39.24   38.08   36.34   34.26   32.19  
