#Reward Function.
0.0125  0.0249  0.0415  0.0846  0.1499  0.3184  0.6723  1.2967  2.1414  2.6835  2.7039  2.6278  1.9581  1.2602  0.8188  0.6058  0.5622  0.5207  0.4946  0.4643  0.4186  0.3670  0.3155  0.2696  0.2496  0.2131  0.2119  0.2106  0.2150  0.2434  0.2393  0.1749  0.1344  0.1047  0.0739  0.0374  0.0287  0.0144  0.0077  0.0000  0.0000  0.0000  0.0000  0.0000  0.0000  0.0000  0.0000  0.0000  0.0000  0.0000 
0.0125  0.0249  0.0415  0.0846  0.1499  0.3184  0.6723  0.9717  1.7453  2.5147  2.5770  2.3168  1.9591  1.2612  0.8333  0.6327  0.5653  0.5238  0.4976  0.4684  0.4293  0.3808  0.3350  0.2814  0.2670  0.2706  0.2770  0.2949  0.3214  0.3772  0.3731  0.2772  0.2157  0.1678  0.1026  0.0729  0.0364  0.0154  0.0077  0.0067  0.0000  0.0000  0.0000  0.0000  0.0000  0.0000  0.0000  0.0000  0.0000  0.0000 
0.0125  0.0249  0.0374  0.0706  0.1276  0.2126  0.4660  0.9468  1.3341  1.7827  1.8460  1.8958  1.2228  1.0001  0.6981  0.5700  0.5347  0.4987  0.4892  0.4475  0.3990  0.3465  0.3017  0.2785  0.2688  0.2915  0.3115  0.4163  0.4923  0.6075  0.6004  0.4491  0.3495  0.2126  0.1627  0.0996  0.0575  0.0287  0.0144  0.0077  0.0000  0.0000  0.0000  0.0000  0.0000  0.0000  0.0000  0.0000  0.0000  0.0000 
0.0125  0.0125  0.0249  0.0540  0.0970  0.1624  0.3433  0.5159  0.7594  1.0340  1.0973  1.1596  0.9358  0.7939  0.5933  0.5249  0.5128  0.4893  0.4435  0.4267  0.3772  0.3236  0.3083  0.2919  0.2935  0.3343  0.4412  0.5088  0.7805  0.9406  0.7599  0.5839  0.4450  0.2701  0.1648  0.1273  0.0708  0.0354  0.0144  0.0077  0.0000  0.0000  0.0000  0.0000  0.0000  0.0000  0.0000  0.0000  0.0000  0.0000 
0.0125  0.0125  0.0249  0.0540  0.0706  0.1276  0.1873  0.3682  0.5408  0.5781  0.6414  0.6663  0.6069  0.5529  0.5057  0.4694  0.4615  0.4353  0.4186  0.3893  0.3398  0.2883  0.2834  0.2650  0.2665  0.3199  0.4267  0.6270  0.9446  1.1590  1.0766  0.9139  0.5757  0.3454  0.2096  0.1273  0.0708  0.0354  0.0144  0.0077  0.0000  0.0000  0.0000  0.0000  0.0000  0.0000  0.0000  0.0000  0.0000  0.0000 
0.0125  0.0125  0.0249  0.0374  0.0665  0.0831  0.1401  0.2122  0.3122  0.3371  0.4004  0.4378  0.4135  0.4529  0.4155  0.4056  0.4033  0.3731  0.3563  0.3271  0.3216  0.2767  0.2785  0.2668  0.2844  0.3587  0.5192  0.7825  1.0868  1.1428  1.1405  0.9139  0.5757  0.3454  0.2096  0.1273  0.0708  0.0354  0.0144  0.0077  0.0000  0.0000  0.0000  0.0000  0.0000  0.0000  0.0000  0.0000  0.0000  0.0000 
0.0000  0.0125  0.0125  0.0249  0.0498  0.0665  0.0955  0.1469  0.1899  0.2397  0.2656  0.3030  0.3289  0.3502  0.3393  0.3350  0.3411  0.3482  0.3189  0.3021  0.2527  0.2385  0.2087  0.2151  0.2416  0.2949  0.4143  0.6270  0.9446  1.0827  1.0642  0.9139  0.5757  0.3454  0.2096  0.1273  0.0708  0.0354  0.0144  0.0077  0.0000  0.0000  0.0000  0.0000  0.0000  0.0000  0.0000  0.0000  0.0000  0.0000 
0.0000  0.0125  0.0125  0.0249  0.0374  0.0498  0.0747  0.0914  0.1329  0.1578  0.1837  0.2335  0.2346  0.2698  0.2686  0.2727  0.2788  0.2859  0.2567  0.2399  0.2247  0.1866  0.1838  0.2047  0.2332  0.2866  0.3285  0.4839  0.6126  0.7505  0.7475  0.5839  0.4450  0.2701  0.1648  0.1006  0.0708  0.0354  0.0173  0.0106  0.0029  0.0029  0.0000  0.0000  0.0000  0.0000  0.0000  0.0000  0.0000  0.0000 
0.0000  0.0000  0.0125  0.0125  0.0249  0.0374  0.0623  0.0747  0.0872  0.1245  0.1505  0.1754  0.1776  0.2035  0.2065  0.2096  0.2147  0.2218  0.2028  0.1860  0.1718  0.1597  0.1626  0.1665  0.1941  0.2293  0.2741  0.3893  0.4798  0.4613  0.4572  0.3566  0.2741  0.2126  0.1293  0.1025  0.0594  0.0346  0.0300  0.0233  0.0156  0.0059  0.0059  0.0029  0.0000  0.0000  0.0000  0.0000  0.0000  0.0000 
0.0000  0.0000  0.0125  0.0125  0.0125  0.0249  0.0374  0.0623  0.0747  0.0872  0.1008  0.1267  0.1551  0.1561  0.1615  0.1646  0.1666  0.1703  0.1501  0.1333  0.1304  0.1317  0.1223  0.1319  0.1404  0.1671  0.2148  0.2576  0.2965  0.2893  0.2853  0.2772  0.2157  0.1314  0.1056  0.0654  0.0521  0.0437  0.0516  0.0439  0.0439  0.0283  0.0283  0.0335  0.0208  0.0179  0.0000  0.0000  0.0000  0.0000 
0.0000  0.0000  0.0000  0.0125  0.0125  0.0125  0.0249  0.0374  0.0498  0.0635  0.0759  0.0918  0.1114  0.1124  0.1217  0.1247  0.1267  0.1246  0.1145  0.1151  0.1084  0.1055  0.0913  0.0953  0.1020  0.1229  0.1496  0.1608  0.1901  0.1861  0.1780  0.1749  0.1344  0.1056  0.0797  0.0658  0.0727  0.0934  0.1434  0.1357  0.1357  0.0969  0.0797  0.0998  0.0871  0.0744  0.0357  0.0179  0.0000  0.0000 
0.0000  0.0000  0.0000  0.0000  0.0125  0.0125  0.0125  0.0249  0.0249  0.0386  0.0534  0.0741  0.0937  0.1055  0.1197  0.1228  0.1238  0.1147  0.0873  0.0896  0.0754  0.0737  0.0641  0.0748  0.0757  0.0824  0.1024  0.0993  0.1219  0.1179  0.1148  0.1077  0.0779  0.0664  0.0678  0.0737  0.1511  0.2293  0.3495  0.3485  0.3664  0.2931  0.2964  0.4006  0.3498  0.3371  0.1637  0.0714  0.0357  0.0000 
0.0022  0.0022  0.0022  0.0000  0.0000  0.0125  0.0125  0.0125  0.0261  0.0285  0.0357  0.0553  0.0928  0.1084  0.1274  0.1294  0.1134  0.1009  0.0773  0.0624  0.0498  0.0505  0.0435  0.0476  0.0542  0.0676  0.0618  0.0578  0.0778  0.0747  0.0676  0.0646  0.0455  0.0484  0.0613  0.0945  0.2293  0.3495  0.7508  0.7686  0.8222  0.6840  0.9201  1.0644  0.9727  0.9570  0.5774  0.1607  0.0714  0.0179 
0.0118  0.0118  0.0118  0.0044  0.0022  0.0000  0.0125  0.0125  0.0137  0.0160  0.0357  0.0537  0.0824  0.1182  0.1324  0.1324  0.1213  0.1065  0.0760  0.0541  0.0327  0.0309  0.0297  0.0405  0.0280  0.0347  0.0347  0.0306  0.0440  0.0409  0.0379  0.0358  0.0253  0.0457  0.0593  0.1444  0.3495  0.7508  1.0212  1.3342  1.4592  1.0722  1.4520  1.5611  1.8294  1.7786  0.9346  0.5715  0.1607  0.0357 
0.0333  0.0333  0.0215  0.0215  0.0118  0.0022  0.0000  0.0000  0.0137  0.0184  0.0304  0.0544  0.0880  0.1190  0.1274  0.1308  0.1284  0.1088  0.0761  0.0483  0.0324  0.0272  0.0248  0.0142  0.0142  0.0209  0.0209  0.0178  0.0245  0.0225  0.0205  0.0194  0.0166  0.0370  0.0878  0.2226  0.5243  1.0212  1.5162  1.6700  1.6769  1.8700  2.0903  2.4203  2.3504  2.1157  1.3551  0.5745  0.1607  0.0357 
0.1028  0.1028  0.0599  0.0333  0.0215  0.0118  0.0022  0.0000  0.0012  0.0060  0.0304  0.0544  0.0880  0.1179  0.1297  0.1250  0.1284  0.1068  0.0730  0.0453  0.0169  0.0107  0.0083  0.0091  0.0091  0.0091  0.0091  0.0138  0.0138  0.0128  0.0107  0.0097  0.0079  0.0303  0.0801  0.2226  0.5233  1.0212  1.5162  1.6407  1.7950  1.8700  2.0903  2.4203  2.2968  2.2586  1.7659  0.9317  0.3215  0.0714 
0.2641  0.2641  0.1679  0.1028  0.0599  0.0215  0.0044  0.0022  0.0012  0.0060  0.0180  0.0420  0.0575  0.0923  0.1139  0.1149  0.1065  0.0765  0.0440  0.0200  0.0090  0.0077  0.0073  0.0067  0.0067  0.0067  0.0067  0.0061  0.0041  0.0030  0.0020  0.0020  0.0069  0.0293  0.0801  0.2216  0.5233  0.7508  1.2984  1.5519  1.4592  1.5927  1.8628  1.9719  2.1509  1.7786  1.3551  0.5745  0.1607  0.0357 
0.5688  0.5688  0.3965  0.1679  0.1028  0.0333  0.0118  0.0022  0.0012  0.0036  0.0108  0.0288  0.0420  0.0755  0.0923  0.0923  0.0765  0.0586  0.0298  0.0200  0.0080  0.0032  0.0036  0.0065  0.0133  0.0133  0.0065  0.0036  0.0020  0.0020  0.0020  0.0010  0.0039  0.0166  0.0439  0.1357  0.3485  0.5233  0.7508  1.0390  1.0926  1.0722  0.9201  1.1503  1.4186  1.3678  0.5774  0.3215  0.0714  0.0357 
0.9838  0.9838  0.5688  0.3965  0.1679  0.0599  0.0215  0.0044  0.0000  0.0012  0.0060  0.0108  0.0288  0.0420  0.0575  0.0575  0.0420  0.0288  0.0190  0.0118  0.0046  0.0028  0.0123  0.0282  0.0552  0.0552  0.0282  0.0123  0.0016  0.0010  0.0010  0.0010  0.0000  0.0059  0.0283  0.0791  0.1357  0.2216  0.3485  0.5233  0.5590  0.4200  0.5431  0.4006  0.6155  0.5871  0.3244  0.1607  0.0357  0.0179 
1.2383  1.1488  0.7737  0.3965  0.1679  0.0599  0.0215  0.0044  0.0000  0.0012  0.0036  0.0060  0.0108  0.0180  0.0288  0.0288  0.0180  0.0180  0.0108  0.0036  0.0022  0.0016  0.0113  0.0542  0.1899  0.1899  0.0542  0.0113  0.0016  0.0010  0.0000  0.0000  0.0000  0.0029  0.0156  0.0283  0.0791  0.1357  0.1357  0.2216  0.2216  0.1714  0.1505  0.2047  0.1764  0.1666  0.0714  0.0357  0.0179  0.0000 
1.2161  1.1488  0.7737  0.3965  0.1679  0.0599  0.0215  0.0044  0.0000  0.0000  0.0012  0.0012  0.0036  0.0060  0.0108  0.0108  0.0060  0.0060  0.0036  0.0012  0.0000  0.0006  0.0102  0.0532  0.1889  0.1889  0.0532  0.0102  0.0006  0.0000  0.0000  0.0000  0.0000  0.0000  0.0029  0.0156  0.0283  0.0439  0.0791  0.0791  0.0791  0.0439  0.0462  0.0513  0.0416  0.0386  0.0179  0.0000  0.0000  0.0000 
1.1488  0.9838  0.7737  0.3965  0.1679  0.0599  0.0215  0.0044  0.0000  0.0000  0.0000  0.0012  0.0012  0.0012  0.0036  0.0036  0.0036  0.0012  0.0012  0.0000  0.0000  0.0006  0.0102  0.0262  0.0532  0.0532  0.0262  0.0102  0.0006  0.0000  0.0000  0.0000  0.0000  0.0000  0.0000  0.0029  0.0059  0.0156  0.0283  0.0283  0.0283  0.0156  0.0156  0.0059  0.0000  0.0000  0.0000  0.0000  0.0000  0.0000 
0.7737  0.5688  0.3965  0.2641  0.1028  0.0333  0.0118  0.0044  0.0000  0.0000  0.0000  0.0000  0.0000  0.0000  0.0012  0.0012  0.0012  0.0000  0.0000  0.0000  0.0000  0.0000  0.0006  0.0102  0.0262  0.0262  0.0102  0.0029  0.0023  0.0046  0.0023  0.0023  0.0032  0.0009  0.0018  0.0009  0.0009  0.0057  0.0078  0.0097  0.0078  0.0049  0.0049  0.0000  0.0000  0.0000  0.0000  0.0000  0.0000  0.0000 
0.3965  0.2641  0.2641  0.1028  0.0599  0.0215  0.0118  0.0022  0.0000  0.0000  0.0000  0.0000  0.0000  0.0000  0.0000  0.0000  0.0000  0.0000  0.0000  0.0000  0.0000  0.0000  0.0000  0.0006  0.0034  0.0057  0.0052  0.0123  0.0123  0.0222  0.0231  0.0140  0.0170  0.0093  0.0108  0.0066  0.0085  0.0120  0.0120  0.0186  0.0103  0.0103  0.0039  0.0019  0.0000  0.0000  0.0000  0.0000  0.0000  0.0000 
0.1679  0.1028  0.1028  0.0599  0.0215  0.0118  0.0022  0.0000  0.0000  0.0000  0.0000  0.0000  0.0000  0.0000  0.0000  0.0000  0.0000  0.0000  0.0000  0.0000  0.0000  0.0000  0.0000  0.0000  0.0023  0.0046  0.0222  0.0345  0.0345  0.0630  0.0668  0.0430  0.0354  0.0255  0.0303  0.0258  0.0318  0.0374  0.0348  0.0550  0.0310  0.0289  0.0186  0.0103  0.0039  0.0000  0.0000  0.0000  0.0000  0.0000 
0.0599  0.0333  0.0333  0.0215  0.0118  0.0044  0.0000  0.0000  0.0000  0.0000  0.0000  0.0000  0.0000  0.0000  0.0000  0.0000  0.0000  0.0000  0.0000  0.0000  0.0000  0.0000  0.0000  0.0023  0.0046  0.0222  0.0345  0.0621  0.1159  0.2125  0.2163  0.1282  0.0858  0.0772  0.0990  0.0652  0.0940  0.1142  0.1050  0.1530  0.0935  0.0905  0.0533  0.0302  0.0103  0.0039  0.0000  0.0000  0.0000  0.0000 
0.0215  0.0118  0.0118  0.0044  0.0022  0.0000  0.0000  0.0000  0.0000  0.0000  0.0000  0.0000  0.0000  0.0000  0.0000  0.0000  0.0000  0.0000  0.0000  0.0000  0.0000  0.0000  0.0000  0.0046  0.0222  0.0345  0.1150  0.2078  0.3598  0.5966  0.6013  0.3988  0.2743  0.1718  0.2114  0.1714  0.1987  0.2148  0.2580  0.3624  0.2390  0.2326  0.1483  0.0545  0.0302  0.0115  0.0019  0.0000  0.0000  0.0000 
0.0044  0.0022  0.0022  0.0000  0.0000  0.0000  0.0000  0.0000  0.0000  0.0000  0.0000  0.0000  0.0000  0.0000  0.0000  0.0000  0.0000  0.0000  0.0000  0.0000  0.0000  0.0000  0.0023  0.0123  0.0345  0.0621  0.2078  0.5890  0.9317  1.3802  1.4078  0.9935  0.5183  0.4446  0.4000  0.3393  0.3807  0.4551  0.5704  0.7054  0.5124  0.3522  0.2355  0.0943  0.0545  0.0212  0.0051  0.0000  0.0000  0.0000 
0.0000  0.0000  0.0000  0.0000  0.0000  0.0000  0.0000  0.0000  0.0000  0.0000  0.0000  0.0000  0.0000  0.0000  0.0000  0.0000  0.0000  0.0000  0.0000  0.0000  0.0000  0.0000  0.0023  0.0123  0.0345  0.1150  0.3581  0.9279  1.3717  2.2581  1.8870  1.4729  1.1574  0.7688  0.6270  0.5762  0.5580  0.6657  0.9762  1.0556  0.8848  0.6889  0.3577  0.1559  0.0571  0.0212  0.0064  0.0013  0.0000  0.0000 
0.0000  0.0000  0.0000  0.0000  0.0000  0.0000  0.0000  0.0000  0.0000  0.0000  0.0000  0.0000  0.0000  0.0000  0.0000  0.0000  0.0000  0.0000  0.0000  0.0000  0.0000  0.0000  0.0046  0.0222  0.0621  0.2078  0.5881  1.3688  2.2534  2.4963  2.5391  2.0045  1.2398  0.8367  0.6637  0.6833  0.7638  0.9220  1.1308  1.1254  1.1171  0.8814  0.5124  0.2419  0.0994  0.0352  0.0128  0.0032  0.0013  0.0000 
0.0000  0.0000  0.0000  0.0000  0.0000  0.0000  0.0000  0.0000  0.0000  0.0000  0.0000  0.0000  0.0000  0.0000  0.0000  0.0000  0.0000  0.0000  0.0000  0.0000  0.0000  0.0000  0.0023  0.0222  0.0621  0.2078  0.5881  1.3688  1.8547  2.4963  2.5404  2.0058  1.2423  0.8380  0.6701  0.6884  0.7752  0.9380  1.1405  1.1683  1.0631  0.8975  0.5238  0.2520  0.1019  0.0390  0.0153  0.0045  0.0013  0.0000 
0.0000  0.0000  0.0000  0.0000  0.0000  0.0000  0.0000  0.0000  0.0000  0.0000  0.0000  0.0000  0.0000  0.0000  0.0000  0.0000  0.0000  0.0000  0.0000  0.0000  0.0000  0.0000  0.0023  0.0123  0.0345  0.1150  0.3581  0.9279  1.3717  1.8594  1.8882  1.4742  0.8223  0.6932  0.5744  0.5425  0.5868  0.7058  0.8124  0.9828  0.9723  0.7506  0.3978  0.1749  0.0748  0.0313  0.0102  0.0025  0.0025  0.0013 
0.0000  0.0000  0.0000  0.0000  0.0000  0.0000  0.0000  0.0000  0.0000  0.0000  0.0000  0.0000  0.0000  0.0000  0.0000  0.0000  0.0000  0.0000  0.0000  0.0000  0.0000  0.0000  0.0023  0.0123  0.0222  0.0621  0.2078  0.3590  0.9317  0.9402  0.9520  0.6571  0.4709  0.4560  0.3391  0.3756  0.3817  0.5539  0.6874  0.7325  0.7172  0.4988  0.3036  0.1420  0.0580  0.0364  0.0140  0.0051  0.0025  0.0013 
0.0000  0.0000  0.0000  0.0000  0.0000  0.0000  0.0000  0.0000  0.0000  0.0000  0.0000  0.0000  0.0000  0.0000  0.0000  0.0000  0.0000  0.0000  0.0000  0.0000  0.0000  0.0000  0.0000  0.0046  0.0123  0.0345  0.0621  0.2078  0.3598  0.3678  0.3738  0.4039  0.2844  0.1883  0.1868  0.1985  0.2632  0.3394  0.5385  0.5875  0.5194  0.3616  0.1944  0.1048  0.0478  0.0280  0.0146  0.0063  0.0025  0.0013 
0.0000  0.0000  0.0000  0.0000  0.0000  0.0000  0.0000  0.0000  0.0000  0.0000  0.0000  0.0000  0.0000  0.0000  0.0000  0.0000  0.0000  0.0000  0.0000  0.0000  0.0000  0.0000  0.0000  0.0023  0.0046  0.0222  0.0345  0.0621  0.1159  0.1180  0.1260  0.1333  0.0960  0.0949  0.0860  0.1167  0.1748  0.2907  0.4475  0.4673  0.4699  0.3748  0.2049  0.0930  0.0491  0.0267  0.0127  0.0063  0.0025  0.0013 
0.0000  0.0000  0.0000  0.0000  0.0000  0.0000  0.0000  0.0000  0.0000  0.0000  0.0000  0.0000  0.0000  0.0000  0.0000  0.0000  0.0000  0.0000  0.0000  0.0000  0.0000  0.0000  0.0000  0.0000  0.0023  0.0046  0.0123  0.0222  0.0345  0.0367  0.0388  0.0443  0.0409  0.0432  0.0489  0.0698  0.1286  0.2421  0.3787  0.4095  0.3740  0.3144  0.1715  0.0846  0.0427  0.0228  0.0127  0.0063  0.0025  0.0013 
0.0000  0.0000  0.0000  0.0000  0.0000  0.0000  0.0000  0.0000  0.0000  0.0000  0.0000  0.0000  0.0000  0.0000  0.0000  0.0000  0.0000  0.0000  0.0000  0.0000  0.0000  0.0000  0.0000  0.0000  0.0000  0.0000  0.0023  0.0046  0.0123  0.0135  0.0157  0.0191  0.0165  0.0247  0.0275  0.0455  0.0829  0.1585  0.2261  0.2958  0.2958  0.1632  0.1090  0.0547  0.0291  0.0177  0.0101  0.0051  0.0025  0.0013 
0.0000  0.0000  0.0000  0.0000  0.0000  0.0000  0.0000  0.0000  0.0000  0.0000  0.0000  0.0000  0.0000  0.0000  0.0000  0.0000  0.0000  0.0000  0.0000  0.0000  0.0000  0.0000  0.0000  0.0000  0.0000  0.0000  0.0000  0.0000  0.0023  0.0023  0.0036  0.0048  0.0063  0.0136  0.0237  0.0300  0.0537  0.0763  0.1548  0.1548  0.1548  0.1071  0.0743  0.0389  0.0228  0.0177  0.0101  0.0051  0.0025  0.0013 
0.0000  0.0000  0.0000  0.0000  0.0000  0.0000  0.0000  0.0000  0.0000  0.0000  0.0000  0.0000  0.0000  0.0000  0.0000  0.0000  0.0000  0.0000  0.0000  0.0000  0.0000  0.0000  0.0000  0.0000  0.0000  0.0000  0.0000  0.0000  0.0000  0.0000  0.0013  0.0025  0.0051  0.0101  0.0177  0.0228  0.0389  0.0528  0.0743  0.0743  0.0743  0.0528  0.0389  0.0291  0.0177  0.0127  0.0063  0.0025  0.0013  0.0000 
0.0000  0.0000  0.0000  0.0000  0.0000  0.0000  0.0000  0.0000  0.0000  0.0000  0.0000  0.0000  0.0000  0.0000  0.0000  0.0000  0.0000  0.0000  0.0000  0.0000  0.0000  0.0000  0.0000  0.0000  0.0000  0.0000  0.0000  0.0000  0.0000  0.0000  0.0013  0.0013  0.0025  0.0063  0.0101  0.0177  0.0228  0.0291  0.0389  0.0389  0.0389  0.0291  0.0228  0.0177  0.0127  0.0063  0.0051  0.0025  0.0013  0.0000 
0.0000  0.0000  0.0000  0.0000  0.0000  0.0000  0.0000  0.0000  0.0000  0.0000  0.0000  0.0000  0.0000  0.0000  0.0000  0.0000  0.0000  0.0000  0.0000  0.0000  0.0000  0.0000  0.0000  0.0000  0.0000  0.0000  0.0000  0.0000  0.0000  0.0000  0.0000  0.0013  0.0025  0.0025  0.0063  0.0101  0.0127  0.0177  0.0228  0.0228  0.0228  0.0177  0.0177  0.0127  0.0063  0.0051  0.0025  0.0013  0.0000  0.0000 
0.0000  0.0000  0.0000  0.0000  0.0000  0.0000  0.0000  0.0000  0.0000  0.0000  0.0000  0.0000  0.0000  0.0000  0.0000  0.0000  0.0000  0.0000  0.0000  0.0000  0.0000  0.0000  0.0000  0.0000  0.0000  0.0000  0.0000  0.0000  0.0000  0.0000  0.0000  0.0000  0.0013  0.0025  0.0025  0.0063  0.0063  0.0101  0.0127  0.0127  0.0127  0.0101  0.0101  0.0063  0.0051  0.0025  0.0013  0.0013  0.0000  0.0000 
0.0000  0.0000  0.0000  0.0000  0.0000  0.0000  0.0000  0.0000  0.0000  0.0000  0.0000  0.0000  0.0000  0.0000  0.0000  0.0000  0.0000  0.0000  0.0000  0.0000  0.0000  0.0000  0.0000  0.0000  0.0000  0.0000  0.0000  0.0000  0.0000  0.0000  0.0000  0.0000  0.0000  0.0013  0.0025  0.0025  0.0051  0.0051  0.0063  0.0063  0.0063  0.0063  0.0051  0.0025  0.0025  0.0013  0.0013  0.0000  0.0000  0.0000 
0.0000  0.0000  0.0000  0.0000  0.0000  0.0000  0.0000  0.0000  0.0000  0.0000  0.0000  0.0000  0.0000  0.0000  0.0000  0.0000  0.0000  0.0000  0.0000  0.0000  0.0000  0.0000  0.0000  0.0000  0.0000  0.0000  0.0000  0.0000  0.0000  0.0000  0.0000  0.0000  0.0000  0.0000  0.0013  0.0013  0.0025  0.0025  0.0025  0.0025  0.0025  0.0025  0.0025  0.0013  0.0013  0.0000  0.0000  0.0000  0.0000  0.0000 
0.0000  0.0000  0.0000  0.0000  0.0000  0.0000  0.0000  0.0000  0.0000  0.0000  0.0000  0.0000  0.0000  0.0000  0.0000  0.0000  0.0000  0.0000  0.0000  0.0000  0.0000  0.0000  0.0000  0.0000  0.0000  0.0000  0.0000  0.0000  0.0000  0.0000  0.0000  0.0000  0.0000  0.0000  0.0000  0.0000  0.0013  0.0013  0.0013  0.0013  0.0013  0.0013  0.0013  0.0000  0.0000  0.0000  0.0000  0.0000  0.0000  0.0000 
0.0000  0.0000  0.0000  0.0000  0.0000  0.0000  0.0000  0.0000  0.0000  0.0000  0.0000  0.0000  0.0000  0.0000  0.0000  0.0000  0.0000  0.0000  0.0000  0.0000  0.0000  0.0000  0.0000  0.0000  0.0000  0.0000  0.0000  0.0000  0.0000  0.0000  0.0000  0.0000  0.0000  0.0000  0.0000  0.0000  0.0000  0.0000  0.0000  0.0000  0.0000  0.0000  0.0000  0.0000  0.0000  0.0000  0.0000  0.0000  0.0000  0.0000 
0.0000  0.0000  0.0000  0.0000  0.0000  0.0000  0.0000  0.0000  0.0000  0.0000  0.0000  0.0000  0.0000  0.0000  0.0000  0.0000  0.0000  0.0000  0.0000  0.0000  0.0000  0.0000  0.0000  0.0000  0.0000  0.0000  0.0000  0.0000  0.0000  0.0000  0.0000  0.0000  0.0000  0.0000  0.0000  0.0000  0.0000  0.0000  0.0000  0.0000  0.0000  0.0000  0.0000  0.0000  0.0000  0.0000  0.0000  0.0000  0.0000  0.0000 
0.0000  0.0000  0.0000  0.0000  0.0000  0.0000  0.0000  0.0000  0.0000  0.0000  0.0000  0.0000  0.0000  0.0000  0.0000  0.0000  0.0000  0.0000  0.0000  0.0000  0.0000  0.0000  0.0000  0.0000  0.0000  0.0000  0.0000  0.0000  0.0000  0.0000  0.0000  0.0000  0.0000  0.0000  0.0000  0.0000  0.0000  0.0000  0.0000  0.0000  0.0000  0.0000  0.0000  0.0000  0.0000  0.0000  0.0000  0.0000  0.0000  0.0000 
0.0000  0.0000  0.0000  0.0000  0.0000  0.0000  0.0000  0.0000  0.0000  0.0000  0.0000  0.0000  0.0000  0.0000  0.0000  0.0000  0.0000  0.0000  0.0000  0.0000  0.0000  0.0000  0.0000  0.0000  0.0000  0.0000  0.0000  0.0000  0.0000  0.0000  0.0000  0.0000  0.0000  0.0000  0.0000  0.0000  0.0000  0.0000  0.0000  0.0000  0.0000  0.0000  0.0000  0.0000  0.0000  0.0000  0.0000  0.0000  0.0000  0.0000 
0.0000  0.0000  0.0000  0.0000  0.0000  0.0000  0.0000  0.0000  0.0000  0.0000  0.0000  0.0000  0.0000  0.0000  0.0000  0.0000  0.0000  0.0000  0.0000  0.0000  0.0000  0.0000  0.0000  0.0000  0.0000  0.0000  0.0000  0.0000  0.0000  0.0000  0.0000  0.0000  0.0000  0.0000  0.0000  0.0000  0.0000  0.0000  0.0000  0.0000  0.0000  0.0000  0.0000  0.0000  0.0000  0.0000  0.0000  0.0000  0.0000  0.0000 
