#Value Function.
12.4759 12.7350 13.0753 13.2766 13.2608 13.2938 13.2866 13.3002 13.2885 13.3002 13.2885 13.2991 13.2788 13.2593 13.2258 13.2150 13.2254 13.2058 13.1483 13.0457 12.9493 12.8863 12.8479 12.8104 12.7063 12.6429 12.6166 12.6131 12.5863 12.6626 12.9717 13.3508 13.6743 14.1078 14.3581 14.5885 14.7007 14.6842 14.7087 14.9706 15.3995 15.4020 15.4364 15.3050 15.2971 15.2221 15.1834 15.0416 14.8546 14.5238
12.6701 12.8678 13.1242 13.5005 13.7118 13.6537 13.6944 13.6866 13.7074 13.6873 13.7069 13.6810 13.6661 13.6371 13.6291 13.6477 13.6255 13.5898 13.4594 13.3563 13.2926 13.2549 13.2288 13.1062 13.0410 13.0175 13.0039 12.9788 13.0246 12.8703 13.0396 13.3670 13.7729 14.1469 14.5598 14.7968 15.0502 15.1639 15.1220 15.0745 15.4128 15.9296 15.7479 15.7703 15.6751 15.6575 15.5015 15.3257 14.9781 14.5800
12.8975 13.0704 13.2622 13.5141 13.9361 14.1001 14.0156 14.1173 14.0888 14.1231 14.0842 14.0983 13.9074 13.9506 14.0782 14.0463 14.0458 13.7772 13.7723 13.7047 13.6652 13.6578 13.5094 13.4440 13.4241 13.4130 13.3895 13.3358 13.2373 13.1259 13.0956 13.4409 13.8021 14.1931 14.3513 14.6315 15.0486 15.5936 15.4266 15.4283 15.4901 15.7692 16.2585 16.1271 16.1439 15.9632 15.8079 15.4356 15.0162 14.6757
13.0539 13.3189 13.4750 13.6678 13.9073 14.3503 14.4522 14.4130 14.5593 14.4640 14.5559 14.2693 14.1540 14.3582 14.3676 14.5392 14.0731 14.0129 14.1031 14.0734 14.1050 13.9192 13.8566 13.8411 13.8326 13.8110 13.7574 13.6618 13.5375 13.4199 13.3459 13.3956 13.7654 14.0737 14.4996 14.7508 15.1093 15.3669 15.9330 15.5800 15.7923 15.9341 16.1976 16.6526 16.4291 16.3090 15.9058 15.4540 15.1256 14.7546
13.0296 13.4929 13.7472 13.8838 14.0871 14.3104 14.4602 14.7620 14.7214 14.9489 14.6894 14.4230 14.4559 14.4745 14.8509 14.4323 14.3499 14.4703 14.4341 14.5671 14.3337 14.2796 14.2692 14.2629 14.2434 14.1903 14.0911 13.9593 13.8325 13.7611 13.6973 13.5573 13.7519 14.1019 14.4947 14.9633 15.1746 15.5666 15.5352 16.0332 15.8318 16.2559 16.3905 16.6398 16.8411 16.3892 15.8966 15.5858 15.1937 14.8939
13.0732 13.3933 13.7537 14.0992 14.3415 14.4987 14.6731 14.6401 14.9671 14.9649 14.7574 14.6011 14.7518 14.9841 14.8199 14.7597 14.8203 14.7748 14.9184 14.7462 14.7138 14.7085 14.7043 14.6871 14.6348 14.5318 14.3923 14.2539 14.1861 14.1314 14.0009 13.6889 13.7612 14.1771 14.5218 14.9220 15.4517 15.1942 15.6516 15.6273 15.9994 16.0995 16.4875 16.5640 16.7780 16.3410 16.0652 15.6318 15.3639 14.9190
13.1754 13.4864 13.8058 14.1373 14.4630 14.7557 14.9552 15.0306 15.0127 15.1074 14.9603 15.1054 15.1477 15.1594 15.1597 15.1597 15.1486 15.2661 15.1747 15.1615 15.1596 15.1570 15.1422 15.0913 14.9842 14.8374 14.6841 14.6213 14.5757 14.4603 14.1250 13.7269 13.8943 14.1591 14.6197 14.9449 14.9775 15.2800 15.3076 15.5649 15.6614 15.9809 16.1121 16.3011 16.4380 16.5827 16.0700 15.8488 15.3708 14.9297
13.2827 13.5922 13.9058 14.2336 14.5762 14.9138 15.2221 15.4297 15.5059 15.4875 15.5032 15.4804 15.5948 15.6194 15.6226 15.6226 15.6228 15.6226 15.6228 15.6225 15.6211 15.6090 15.5603 15.4486 15.2954 15.1224 15.0673 15.0297 14.9371 14.5715 14.1575 13.7227 13.8826 14.3392 14.4851 14.5911 15.0043 14.9563 15.2412 15.2319 15.4983 15.6528 15.8338 16.1345 16.3445 16.1424 16.3593 15.8243 15.3851 14.9213
13.3913 13.7028 14.0149 14.3357 14.6721 15.0264 15.3758 15.7017 15.9174 15.9892 15.9522 15.9902 15.9766 16.0788 16.0960 16.0976 16.0973 16.0977 16.0973 16.0968 16.0877 16.0423 15.9247 15.7677 15.5679 15.5251 15.4920 15.4343 15.0274 14.5995 14.1482 13.7092 14.0701 14.0696 14.2022 14.6202 14.6391 14.9054 14.8199 15.0359 15.2025 15.3867 15.6598 15.8901 16.0883 15.8735 15.8271 15.8220 15.3678 14.9293
13.5026 13.8139 14.1288 14.4484 14.7766 15.1214 15.4881 15.8487 16.1952 16.4191 16.4867 16.4225 16.4839 16.4896 16.5738 16.5840 16.5848 16.5842 16.5845 16.5785 16.5380 16.4121 16.2565 16.0188 15.9966 15.9598 15.9560 15.4911 15.0520 14.5940 14.1038 13.7230 13.6753 13.8369 14.2556 14.3888 14.5784 14.4476 14.5917 14.7624 14.9505 15.2249 15.5645 15.9635 15.5971 15.5969 15.4290 15.3748 15.3150 14.9112
13.6166 13.9282 14.2422 14.5659 14.8930 15.2285 15.5816 15.9620 16.3323 16.7033 16.9352 17.0000 16.9387 16.9647 17.0248 17.0828 17.0834 17.0844 17.0811 17.0488 16.9099 16.7617 16.4943 16.3308 16.3271 16.5086 15.9598 15.5170 15.0400 14.6013 14.1582 13.7352 13.5942 14.0546 14.0760 14.2668 14.1188 14.1670 14.3334 14.5262 14.8126 15.2987 15.5745 15.4082 15.4544 15.1786 15.1296 14.9910 14.9281 14.8266
13.7273 14.0460 14.3595 14.6815 15.0144 15.3490 15.6920 16.0529 16.4488 16.8261 17.2274 17.4656 17.5255 17.4404 17.4939 17.5804 17.5970 17.5952 17.5762 17.4171 17.2830 16.9987 16.6738 16.5446 16.8646 16.3269 15.9965 15.4956 15.0525 14.5940 14.1624 13.7327 13.5973 13.7073 13.9824 13.8140 13.8275 13.9160 14.1119 14.3974 14.8282 15.1101 15.0494 15.0994 15.1012 14.9888 14.7588 14.6811 14.5607 14.4838
13.8316 14.1599 14.4815 14.8018 15.1319 15.4747 15.8167 16.1673 16.5351 16.9494 17.3290 17.7689 18.0108 18.0712 18.0479 18.1069 18.1200 18.1229 17.9316 17.8218 17.5183 17.1586 16.9665 17.0543 16.5280 16.3288 15.8631 15.5064 15.0388 14.6012 14.1581 13.7351 13.3665 13.7712 13.5413 13.5484 13.5179 13.7068 13.9874 14.3750 14.6458 14.7347 14.7908 14.6611 14.6629 14.7726 14.5537 14.3435 14.2483 14.1335
13.9286 14.2670 14.5985 14.9283 15.2552 15.5935 15.9472 16.2962 16.6548 17.0281 17.4655 17.8391 18.3303 18.6383 18.6896 18.6599 18.6929 18.4502 18.3804 18.0543 17.6511 17.4615 17.3219 16.7870 16.5233 16.2559 15.8418 15.4041 15.0342 14.5911 14.1620 13.7326 13.5576 13.3343 13.3356 13.1624 13.3118 13.5840 13.9372 14.1979 14.3151 14.4677 14.4614 14.4955 14.3248 14.3059 14.4722 14.1550 13.9374 13.8241
14.0240 14.3655 14.7085 15.0483 15.3868 15.7199 16.0667 16.4325 16.7879 17.1553 17.5311 17.9996 18.4091 18.8974 19.2255 19.2713 18.9299 18.9534 18.6071 18.1569 17.9181 17.5629 17.2423 16.8144 16.7832 16.2299 15.7814 15.3702 14.9525 14.5775 14.1533 13.7049 13.3413 13.1509 12.9617 12.9298 13.1882 13.5133 13.7643 13.8967 14.0322 14.0948 14.1993 14.0621 14.1843 14.0267 14.0226 14.2641 13.8026 13.5398
14.1121 14.4644 14.8083 15.1617 15.5097 15.8575 16.1962 16.5516 16.9311 17.2916 17.6696 18.0985 18.5392 18.9448 19.5343 19.3980 19.2144 18.7845 18.5736 18.2645 17.8729 17.5511 17.1658 17.0353 16.4783 16.2607 15.7652 15.3189 14.9122 14.5097 14.1346 13.7225 13.2976 12.9559 12.9226 12.9932 13.1026 13.3440 13.4861 13.6139 13.7100 13.9284 13.9173 13.8792 13.7471 13.8908 13.8121 13.7888 13.7878 13.4048
14.1680 14.5583 14.9106 15.2620 15.6268 15.9826 16.3408 16.6841 17.0482 17.4481 17.8798 18.1805 18.6390 19.0950 19.3925 19.3371 19.1912 18.6793 18.3914 18.0453 17.8015 17.5631 17.1334 16.8074 16.5772 16.2394 15.7777 15.3023 14.8670 14.4667 14.0764 13.7039 13.3039 12.9977 13.2219 13.3302 13.3909 13.4606 13.4956 13.5400 13.6322 13.7825 13.6090 13.6097 13.7375 13.6309 13.6609 13.5137 13.3953 13.3464
14.1931 14.6148 15.0115 15.3678 15.7269 16.1045 16.4672 16.8374 17.1839 17.6206 17.9620 18.4341 18.6959 19.2138 19.1077 18.9670 19.1474 18.7886 18.3638 18.0071 17.5518 17.3005 17.3380 16.7804 16.3788 16.0850 15.7458 15.3064 14.8500 14.4295 14.0716 13.6879 13.3255 13.1883 13.4010 13.6505 13.7484 13.8042 13.8829 13.9111 13.9521 14.0452 14.0368 14.0548 14.0367 14.0432 13.9336 13.7946 13.7659 13.7053
14.2135 14.6367 15.0682 15.4774 15.8360 16.2030 16.5954 16.9633 17.3482 17.6861 18.1638 18.4765 19.0892 18.7471 18.7796 19.0000 18.5996 18.9189 18.4140 18.0554 17.6310 17.3053 16.8560 16.8908 16.3479 15.9928 15.6153 15.2684 14.8652 14.5120 14.1121 13.7367 13.4106 13.4196 13.5931 13.8125 14.0958 14.1757 14.2262 14.3187 14.3365 14.3745 14.4930 14.4622 14.4921 14.3628 14.2808 14.1947 14.1329 14.0769
14.2366 14.6571 15.0860 15.5337 15.9567 16.3152 16.6905 17.1005 17.4706 17.8757 18.1934 18.7968 18.4694 18.4586 18.5468 18.5796 18.7127 18.3513 18.6122 18.0983 17.8504 17.3095 17.0970 16.6247 16.4984 15.9741 15.6730 15.3134 14.9669 14.5467 14.1591 13.8163 13.5855 13.6916 13.8310 14.0078 14.2306 14.5606 14.6108 14.6567 14.7695 14.7711 14.8039 14.9599 14.7960 14.7200 14.6273 14.5648 14.5198 14.4242
14.2843 14.6777 15.1072 15.5459 16.0117 16.4502 16.8052 17.1894 17.6209 17.9879 18.4789 18.1729 18.1837 18.2183 18.1482 18.2042 18.2968 18.6287 18.1197 18.4270 17.8259 17.6531 17.0967 16.8481 16.4101 16.1593 15.7778 15.4375 14.9914 14.5914 14.2437 13.9097 13.8713 14.0094 14.1093 14.2530 14.4332 14.6532 15.0495 15.0515 15.0954 15.2376 15.2143 15.2383 15.1723 15.0703 15.0064 14.9711 14.8672 14.8023
14.3488 14.7283 15.1240 15.5697 16.0163 16.5025 16.9591 17.3055 17.6995 18.1800 17.8806 17.8976 18.1312 17.7031 17.7443 17.9007 18.0969 18.1527 18.4585 17.9265 18.2354 17.6246 17.3906 16.8850 16.6048 16.2537 15.9253 15.4458 15.0337 14.6813 14.3484 13.9524 14.0168 14.3194 14.4434 14.5362 14.6863 14.8704 15.0764 15.5693 15.4924 15.4747 15.7361 15.5099 15.5238 15.4571 15.4380 15.3129 15.2651 15.1523
14.3872 14.8006 15.1779 15.5805 16.0455 16.4968 17.0066 17.4848 17.8196 17.6033 17.5889 17.8228 17.5628 17.5245 17.4642 17.5832 17.7796 18.0072 17.9432 18.1485 17.7921 17.9524 17.4195 17.1147 16.7558 16.3461 15.9088 15.4866 15.1287 14.8025 14.3756 14.0462 14.1526 14.4467 14.7855 14.8864 14.9725 15.1312 15.3212 15.4864 15.8265 15.9704 15.8819 16.0166 15.8473 15.9231 15.7647 15.7375 15.6158 15.5213
14.4719 14.8285 15.2614 15.6380 16.0472 16.5359 16.9864 17.5245 17.2628 17.2706 17.6607 17.2783 17.2539 17.0663 17.1686 17.3926 17.5733 17.4521 17.5990 17.6143 17.8202 17.4332 17.6400 17.2678 16.8450 16.3913 15.9507 15.5851 15.2725 14.8192 14.3856 14.4552 14.4656 14.5620 14.8870 15.2724 15.3370 15.4181 15.5882 15.7902 15.9166 16.1114 16.4019 16.2698 16.3632 16.2194 16.2274 16.0833 15.9970 15.9000
14.4801 14.9350 15.2707 15.7385 16.1083 16.5235 17.0428 16.9559 16.9660 17.4316 17.1054 17.0872 16.8059 16.9188 17.0139 17.1510 17.0183 17.0889 17.2224 17.6221 17.3640 17.2667 17.1078 17.3572 16.8867 16.4257 16.0492 15.7607 15.2719 14.8308 14.3802 14.4573 14.9598 14.8264 14.9859 15.3358 15.7843 15.7926 15.8737 16.0571 16.2787 16.3764 16.5126 16.7966 16.6383 16.7388 16.5592 16.4783 16.3953 16.2195
14.4922 14.9287 15.4108 15.7158 16.2352 16.5875 16.5083 16.6702 17.1483 16.9156 16.8770 16.6333 16.5619 16.6669 16.7074 16.5987 16.6266 16.8764 17.1541 17.1469 17.2967 16.9082 16.8163 16.7846 16.8178 16.5186 16.2708 15.7320 15.2887 14.8210 14.3859 14.4863 14.7481 15.2346 15.2484 15.4190 15.7910 16.3277 16.1884 16.3493 16.5360 16.7871 16.8598 16.9748 17.1840 17.0415 16.9711 16.9007 16.7111 16.5505
14.4815 14.9470 15.3795 15.9086 16.0861 16.1444 16.3243 16.8318 16.8777 16.6438 16.4407 16.3623 16.3280 16.3446 16.2007 16.2202 16.4930 16.6327 16.7167 17.1933 16.9474 16.7827 16.4438 16.3333 16.3008 16.2894 16.0341 15.7590 15.2718 14.8308 14.3801 14.3307 14.7622 15.0725 15.5706 15.7023 15.8585 16.1700 16.6872 16.6370 16.8424 17.0225 17.3172 17.3536 17.4655 17.4752 17.4249 17.2025 17.0811 16.6961
14.4920 14.9274 15.3990 15.6085 15.7610 16.1377 16.6780 16.5261 16.3643 16.3556 16.1550 15.9983 15.9990 15.8660 15.9060 16.0649 16.1440 16.2791 16.7889 16.7240 17.1433 16.6158 16.2893 15.9844 15.8636 15.8243 15.7833 15.5550 15.2679 14.8186 14.3855 14.3111 14.6431 15.0927 15.4385 15.9551 16.1817 16.3139 16.5266 17.0275 17.1080 17.3541 17.5134 17.8739 17.8533 17.9718 17.6953 17.6293 17.2026 16.8124
14.4766 14.9120 15.1451 15.3482 15.7308 16.2584 16.2081 16.1676 16.0368 15.8988 15.8223 15.6577 15.5340 15.5785 15.5863 15.6779 15.8363 16.2659 16.5245 16.7693 16.8228 16.7899 16.2472 15.8407 15.5353 15.4058 15.3572 15.2957 15.0843 14.7941 14.3741 14.2179 14.6348 14.9976 15.4641 15.8000 16.3061 16.5984 16.7982 16.9687 17.4343 17.6092 17.8854 18.0031 18.4649 18.1824 18.2073 17.7118 17.3418 16.7889
14.4391 14.6928 14.9162 15.3135 15.8333 15.7597 15.8276 15.7367 15.6784 15.5447 15.3909 15.3208 15.2509 15.1378 15.2246 15.4049 15.8310 16.1136 16.4417 16.7097 16.7854 16.4024 16.3375 15.8007 15.3859 15.0946 14.9591 14.9005 14.8241 14.6237 14.3356 14.1991 14.6140 15.0025 15.4266 15.8237 16.2603 16.7622 16.9558 17.3214 17.4128 17.8726 17.9879 18.3831 18.4828 18.8265 18.2147 17.7803 17.2859 16.8216
14.2467 14.4905 14.8721 15.3813 15.3815 15.4877 15.3189 15.3320 15.2386 15.1792 15.0577 14.9495 14.8670 14.8104 15.2102 15.5106 15.8587 16.0862 16.6151 16.6178 16.3565 16.2810 16.0373 15.8435 15.3438 14.9425 14.6627 14.5228 14.4546 14.3671 14.1740 14.2599 14.6127 15.0689 15.3994 15.9078 16.2504 16.5360 17.0015 17.2222 17.8314 17.7240 18.2562 18.3168 18.8397 18.5686 18.3150 17.7041 17.2599 16.7799
14.0665 14.4377 14.8985 15.1098 15.2179 14.9941 15.0174 14.8689 14.8652 14.7712 14.6797 14.6048 14.5056 14.8577 15.2253 15.6960 15.8892 16.4020 16.4281 16.3542 16.3540 15.9391 15.7900 15.6945 15.3650 14.9240 14.5128 14.2402 14.0966 14.0195 13.9237 14.3177 14.7010 15.0448 15.5489 15.7804 16.0824 16.5624 16.9373 17.5254 17.3721 17.7961 18.1997 18.8133 18.2852 18.3264 18.0453 17.7485 17.2042 16.7495
14.0079 14.4489 14.8715 14.9021 14.7269 14.7330 14.5471 14.5508 14.4371 14.4429 14.3320 14.2423 14.5668 14.9188 15.3167 15.6803 16.2161 16.0487 16.4387 16.1741 15.9158 15.8872 15.4980 15.3414 15.3849 14.9123 14.4810 14.0920 13.8268 13.6805 13.8916 14.2977 14.7674 15.1551 15.4421 15.9048 16.2145 16.5477 17.0783 17.0922 17.3894 17.8470 18.3388 18.2090 18.3400 17.9931 17.8281 17.5252 17.2071 16.7043
14.0052 14.4062 14.6588 14.4561 14.4377 14.3680 14.2769 14.1264 14.2915 14.0328 13.9999 14.2804 14.6124 15.0218 15.3791 15.7896 15.8210 16.2750 16.2886 15.9206 15.6968 15.5320 15.3972 15.0605 14.9095 14.8738 14.4643 14.0497 13.6802 13.5559 13.9035 14.3207 14.7280 15.2325 15.4683 15.9366 16.4043 16.7051 16.7839 17.0205 17.4868 17.9011 17.7930 18.1459 17.8405 17.9527 17.5113 17.3012 17.0136 16.6802
13.9483 14.1860 14.1648 14.1915 14.0389 14.0005 13.9334 14.1203 13.8298 13.8300 14.0123 14.2934 14.7346 15.0610 15.4947 15.6844 16.2314 16.1529 15.9277 15.8337 15.5362 15.3191 15.2726 14.9394 14.6311 14.4788 14.3898 14.0242 13.6293 13.5955 13.9795 14.3222 14.7571 15.0615 15.5375 15.9307 16.4194 16.4865 16.7263 17.1408 17.5169 17.4374 17.8751 17.6058 17.8886 17.4122 17.3832 17.0224 16.7919 16.5066
13.7265 13.7428 13.7591 13.7435 13.7452 13.6255 13.6695 13.6214 13.6549 13.7339 14.0624 14.4606 14.7399 15.2257 15.5143 16.0129 15.9658 15.7680 15.6620 15.5312 15.4194 15.1611 14.9011 14.7908 14.4923 14.2091 14.0527 13.9278 13.5937 13.6718 14.0098 14.4178 14.7478 15.1393 15.5053 16.0232 16.1852 16.3507 16.8527 17.2208 17.0285 17.5094 17.3321 17.3440 17.3433 17.4790 16.9669 16.8489 16.5372 16.2915
13.3220 13.3395 13.3305 13.3396 13.3289 13.3159 13.3602 13.2671 13.4812 13.7180 14.1767 14.4859 14.9949 15.1468 15.6533 15.7348 15.7681 15.6037 15.3394 15.1993 15.0724 14.9518 14.9031 14.4932 14.3317 14.0565 13.7945 13.6334 13.4844 13.7110 14.1005 14.4308 14.8734 15.1877 15.6056 15.8988 16.1305 16.6561 16.6980 16.7062 17.1117 17.1177 16.9952 16.8753 17.1291 17.1115 16.9378 16.5112 16.3405 16.0533
12.9266 12.9265 12.9318 12.9265 12.9347 13.0873 12.9389 13.0907 13.4576 13.9310 14.0788 14.5208 14.8124 15.2573 15.4530 15.3057 15.2833 15.5160 15.4367 14.9496 14.7553 14.6245 14.5133 14.4190 14.0803 13.8904 13.6322 13.3876 13.4239 13.8016 14.1259 14.5449 14.8558 15.3491 15.6358 15.7747 16.2812 16.2265 16.3649 16.8340 16.8562 16.6414 16.6089 16.7081 16.8734 16.7921 16.7936 16.4360 16.0547 15.8467
12.5272 12.5354 12.5359 12.5708 12.8079 12.6600 12.7145 13.0559 13.4807 13.7149 14.0967 14.4416 14.8409 15.0860 15.1069 15.0817 15.0048 15.0029 15.1746 14.9528 14.5315 14.3235 14.1893 14.0799 13.9591 13.6683 13.4640 13.2192 13.5036 13.8336 14.2371 14.5457 15.0088 15.2330 15.6322 16.0044 15.8777 16.1823 16.7038 16.5058 16.3637 16.3413 16.2393 16.4888 16.7496 16.5241 16.3271 16.2671 15.9477 15.5957
12.1455 12.1577 12.2200 12.5156 12.3809 12.3953 12.6638 13.0593 13.3873 13.7692 14.1394 14.5393 14.6654 14.6709 14.6578 14.8691 14.7248 14.6945 14.6663 14.7769 14.4997 14.1174 13.9030 13.7656 13.6542 13.5185 13.2608 13.2021 13.5131 13.9328 14.2489 14.6907 14.9666 15.2660 15.6882 15.5870 15.8683 16.3828 16.1783 16.1904 16.0262 15.8981 16.0383 16.4826 16.2554 16.2813 16.0460 15.8642 15.7636 15.4668
11.7859 11.8709 12.1674 12.0833 12.1104 12.3704 12.7284 13.0474 13.4478 13.8012 14.2002 14.3179 14.2973 14.2410 14.4058 14.4619 14.4523 14.2994 14.3200 14.3084 14.5491 14.0760 13.7107 13.4929 13.3526 13.2378 13.0941 13.2140 13.6248 13.9148 14.3807 14.6661 14.9515 15.4468 15.3139 15.5752 16.0873 15.8681 15.8771 15.7245 15.6989 15.6916 16.1845 16.0427 16.0521 15.9554 15.7952 15.5793 15.4067 15.2739
11.5174 11.7642 11.8175 11.7845 12.0718 12.3694 12.7669 13.1354 13.4447 13.8770 13.9054 13.8715 13.8835 13.9611 14.0279 14.0832 14.2414 14.0295 13.9018 14.0801 14.0549 14.0544 13.6557 13.3112 13.0928 12.9498 12.9186 13.3204 13.6089 14.0671 14.2553 14.6302 15.1425 14.9996 15.3036 15.8089 15.5784 15.5871 15.4231 15.3951 15.3978 15.8569 15.7315 15.6969 15.6421 15.6554 15.4876 15.3240 15.1234 14.9512
11.3524 11.4444 11.4857 11.7969 12.0828 12.4666 12.7459 13.1765 13.5554 13.5951 13.4758 13.4805 13.5382 13.6046 13.6706 13.8218 13.7847 13.9201 13.6340 13.6360 13.6507 13.6332 13.5869 13.2419 12.9189 12.7023 13.0301 13.3053 13.7539 13.9633 14.4377 14.6772 14.9346 14.9929 15.2881 15.2831 15.3118 15.1413 15.1113 15.2347 15.7009 15.4414 15.3825 15.2740 15.4165 15.2444 15.1813 15.0292 14.8664 14.6728
11.0965 11.3077 11.5678 11.8178 12.1882 12.4517 12.8795 13.1224 13.2969 13.1652 13.1677 13.1282 13.1928 13.2654 13.4042 13.5296 13.5300 13.4665 13.5883 13.2711 13.2297 13.2342 13.2163 13.1413 12.8362 12.7924 13.0188 13.4565 13.5726 13.9806 14.2419 14.4937 14.6506 14.8262 14.8342 14.8536 14.8368 14.8381 15.0131 15.5085 15.1976 15.2022 15.0030 14.9971 14.9847 14.9971 14.8089 14.7237 14.5811 14.4162
10.9612 11.2750 11.5800 11.9546 12.1763 12.5947 12.7263 12.9758 12.8514 12.8731 12.7759 12.7921 12.8697 13.0102 13.2292 13.1213 13.1681 13.1579 13.1323 13.2080 12.9520 12.8408 12.8300 12.8070 12.7141 12.7680 13.2207 13.2023 13.5443 13.8156 14.0740 14.4274 14.4422 14.3943 14.4090 14.4010 14.4233 14.6334 15.1033 15.0158 14.9771 14.7736 14.7328 14.5767 14.7818 14.5878 14.5356 14.3778 14.2802 14.1387
10.9313 11.2653 11.6484 11.9409 12.3607 12.3615 12.6142 12.5281 12.5596 12.4712 12.4673 12.4854 12.6430 12.9414 12.7921 12.8057 12.8145 12.7706 12.7919 12.7592 12.8014 12.6617 12.4697 12.4379 12.4161 12.7726 12.8401 13.1271 13.3988 13.6576 13.9592 14.0084 13.9998 14.0048 13.9773 14.0191 14.2530 14.7155 14.6317 14.8236 14.5909 14.5168 14.3500 14.3181 14.3257 14.6384 14.2009 14.0958 13.9540 13.8443
10.9198 11.2952 11.6213 12.0371 12.0082 12.2079 12.2813 12.2229 12.1547 12.1614 12.1197 12.2904 12.7111 12.5147 12.5256 12.4422 12.4987 12.4252 12.3863 12.4006 12.3760 12.4224 12.2680 12.1021 12.3539 12.4723 12.7264 12.9919 13.2470 13.5117 13.5821 13.5816 13.5866 13.5813 13.6258 13.8855 14.3438 14.2456 14.3560 14.3283 14.3515 14.1696 14.0751 13.9479 14.1851 14.0897 14.1322 13.8036 13.6723 13.5339
10.9322 11.2739 11.6678 11.6741 11.8393 12.0240 11.8724 11.8921 11.8425 11.7862 11.9312 12.2688 12.2692 12.2935 12.1486 12.1318 12.2440 12.1167 12.0460 12.0251 12.2511 12.0274 12.0210 11.9615 12.1048 12.3386 12.5951 12.8438 13.0816 13.1649 13.1728 13.1769 13.1803 13.2425 13.5070 13.9678 13.8738 13.9128 13.9057 13.9219 13.9052 13.9009 13.7522 13.7288 13.7083 13.8884 13.6933 13.6712 13.4053 13.2570
10.9139 11.2418 11.3720 11.4971 11.8163 11.6226 11.6310 11.5193 11.5165 11.5766 11.8526 11.8919 11.9089 11.8947 11.8956 11.8480 11.8198 11.8463 11.7450 11.8421 11.8241 11.8424 11.6743 11.7418 11.9618 12.2083 12.4489 12.6664 12.7575 12.7732 12.7785 12.7898 12.8649 13.1155 13.5100 13.6876 13.5504 13.4904 13.5008 13.4913 13.5007 13.4886 13.4677 13.3502 13.4597 13.6055 13.4613 13.2985 13.2345 13.0055
10.8599 11.0120 11.1491 11.4038 11.3960 11.4176 11.2742 11.2526 11.2307 11.4532 11.5151 11.5314 11.5234 11.5317 11.5220 11.5164 11.4766 11.4537 11.4602 11.4554 11.4661 11.4554 11.4497 11.5907 11.8270 12.0586 12.2603 12.3557 12.3785 12.3863 12.4047 12.4888 12.7250 13.0720 13.2595 13.3467 13.2640 13.1444 13.0869 13.0875 13.0814 13.0865 13.0756 13.0514 13.1831 13.2673 13.1833 13.0469 12.9015 12.8091
