#Value Function.
109.54  127.05  133.46  138.66  143.85  149.18  154.71  160.47  166.83  174.67  182.97  190.10  196.35  198.46  199.41  199.74  199.80  200.59  201.43  202.10  203.45  204.82  205.87  206.82  207.73  208.47  208.57  207.83  207.36  207.64  208.25  208.71  208.65  208.03  207.10  205.77  204.61  204.74  205.44  206.26  206.93  206.52  201.32  195.64  189.49  184.25  179.63  175.24  171.98  170.44 
126.96  133.41  138.60  143.78  149.10  154.59  160.27  166.15  172.58  180.79  189.58  196.88  203.79  205.53  205.91  205.38  206.70  207.61  208.34  208.92  210.83  212.33  213.39  214.34  215.17  215.32  214.41  213.85  214.18  214.87  215.41  215.34  214.67  213.74  212.31  210.94  211.18  211.95  212.82  213.55  213.78  207.82  202.02  195.50  190.16  185.49  180.88  177.37  176.26  173.48 
132.70  137.87  142.95  148.16  153.51  158.99  164.64  171.56  179.60  186.37  193.14  202.68  211.52  212.75  207.67  212.18  213.89  214.64  215.29  216.14  218.44  220.00  221.04  221.96  222.20  221.08  220.41  220.82  221.59  222.20  222.15  221.40  220.49  218.97  217.31  217.70  218.55  219.50  220.08  218.63  214.83  208.89  202.93  199.41  194.98  189.81  184.66  181.21  179.59  173.57 
136.90  142.00  147.18  152.51  157.99  163.65  170.68  178.98  185.82  192.34  198.91  210.18  223.16  213.16  213.35  219.86  221.37  219.77  222.85  223.44  226.32  227.90  228.92  229.30  227.91  227.11  227.62  228.48  229.18  229.14  228.28  227.41  225.84  223.78  224.40  225.34  226.20  227.36  224.15  218.62  214.91  210.02  206.00  201.33  195.59  192.73  187.14  184.12  179.02  175.03 
140.83  146.03  151.32  156.74  162.37  169.36  177.77  184.64  191.57  198.75  206.29  214.29  212.38  214.71  219.42  228.27  228.80  221.79  227.35  228.89  234.52  236.04  236.64  234.90  233.94  234.60  235.55  236.34  236.34  235.32  234.52  232.94  230.44  230.49  232.30  233.28  233.36  229.46  222.81  217.18  211.88  208.07  206.79  203.03  199.35  192.71  190.38  184.63  180.82  176.42 
144.67  150.01  155.49  161.44  167.26  173.89  180.28  186.77  193.41  200.21  207.14  207.48  209.77  216.98  229.18  240.99  230.03  225.78  230.12  236.06  243.37  244.27  242.04  240.91  241.77  242.79  243.69  243.75  242.50  241.82  240.28  237.30  236.64  238.36  240.61  238.82  234.27  228.42  222.91  216.23  210.63  205.58  202.06  201.73  198.89  197.01  190.27  186.74  182.16  178.00 
148.22  153.44  158.96  166.40  170.10  175.19  181.39  187.75  194.29  200.47  202.17  207.98  215.26  223.17  229.30  230.54  231.17  229.50  232.45  240.75  249.62  249.47  247.64  249.06  250.21  251.23  251.41  249.81  249.31  247.87  244.41  242.68  244.59  246.75  242.71  237.42  231.71  227.02  221.53  216.03  209.75  204.26  199.45  198.00  197.17  195.70  192.97  187.94  183.99  178.43 
153.10  158.85  165.14  166.07  170.14  176.03  182.20  188.50  194.34  198.30  204.48  211.44  219.70  223.21  223.84  228.26  240.25  229.52  236.34  245.48  254.79  254.52  255.81  257.78  258.95  259.34  257.24  256.98  255.75  251.65  249.86  249.81  252.52  246.17  239.52  236.11  230.71  225.55  220.18  214.82  209.37  204.51  204.14  203.68  200.73  197.06  193.19  190.15  184.21  179.06 
156.61  162.69  163.32  165.23  170.80  176.79  182.87  188.60  194.23  200.85  208.03  214.93  216.52  217.90  223.16  230.61  236.55  232.54  239.47  249.50  257.82  259.26  264.59  266.84  267.60  264.75  264.83  263.97  259.00  257.21  255.06  254.37  249.18  242.78  238.61  237.77  232.56  227.07  219.77  213.74  210.29  210.53  210.45  207.16  203.42  199.30  194.85  190.02  184.89  179.87 
157.15  158.57  160.64  165.71  171.51  177.39  183.01  188.58  195.02  201.81  208.06  210.22  212.00  217.08  223.72  229.41  234.65  241.72  250.05  257.54  265.46  270.16  274.19  276.26  272.29  272.84  272.65  266.07  262.98  259.71  254.51  251.50  244.04  239.86  235.68  235.04  234.38  226.48  220.12  216.33  217.09  217.50  213.73  209.89  205.65  201.09  196.14  190.82  185.74  180.69 
153.82  156.11  160.79  166.37  172.06  177.56  183.05  189.25  195.74  201.52  204.29  208.48  214.86  221.95  229.45  237.23  245.07  251.64  259.36  270.36  281.95  284.89  285.70  278.90  280.99  281.84  273.70  268.38  263.13  256.57  253.15  244.25  241.89  236.88  232.71  229.01  228.04  226.57  221.24  223.38  224.88  220.42  216.52  212.17  207.50  202.44  196.88  191.70  186.54  181.82 
151.57  156.01  161.35  166.87  172.24  177.65  183.62  189.83  195.43  200.25  206.66  213.66  221.20  229.05  237.18  245.56  254.18  263.00  271.33  281.22  295.94  296.67  288.82  289.37  291.61  281.78  274.56  268.25  260.63  255.02  247.07  242.11  237.26  234.42  229.85  225.78  222.42  223.90  228.01  232.71  228.58  223.42  218.85  214.07  208.92  203.08  197.83  192.46  187.75  182.91 
151.30  156.47  161.82  167.07  172.37  178.14  184.23  190.67  197.31  204.25  211.67  219.43  227.50  235.88  244.57  253.59  262.98  272.78  283.03  294.02  308.92  298.03  291.89  305.90  291.05  282.09  272.55  264.75  259.34  250.37  245.26  239.72  234.90  230.38  227.23  223.81  227.76  231.44  238.56  238.16  232.60  227.60  220.80  215.59  209.40  204.14  198.50  193.78  188.82  184.27 
151.67  156.89  162.04  167.52  173.57  179.88  186.46  193.30  200.41  207.79  215.45  223.37  231.55  239.99  248.70  257.69  266.96  276.51  286.34  296.51  295.83  295.07  290.56  285.61  287.26  269.32  262.55  259.70  253.77  250.00  243.17  237.94  234.99  232.73  230.30  230.33  235.85  240.75  244.69  235.54  233.30  226.25  222.49  215.82  210.66  204.65  200.00  194.79  190.28  185.58 
152.05  157.15  162.82  168.85  175.15  181.68  188.43  195.41  202.62  210.05  217.70  225.59  233.71  242.07  250.66  259.50  268.57  277.91  286.89  288.63  287.42  284.38  280.17  270.40  252.05  247.80  255.56  253.57  249.86  246.18  242.80  242.10  239.94  237.27  235.77  237.65  244.51  245.74  237.30  236.30  229.10  225.85  221.08  217.43  210.88  206.43  200.89  196.37  191.63  186.62 
152.33  157.98  163.92  170.10  176.49  183.07  189.86  196.86  204.06  211.48  219.11  226.96  235.04  243.35  251.89  260.68  269.66  277.94  281.79  281.41  281.30  280.15  269.96  259.37  243.53  239.88  248.49  254.06  251.14  249.80  249.70  247.38  244.40  242.82  242.71  246.16  246.97  238.07  238.92  231.56  228.70  222.57  218.91  215.77  213.13  207.08  202.64  197.76  192.81  186.62 
153.07  158.93  164.95  171.16  177.57  184.17  190.96  197.95  205.15  212.56  220.19  228.04  236.12  244.43  252.98  261.63  269.64  275.59  275.36  276.22  280.69  274.14  270.49  261.96  277.30  253.67  259.73  258.66  257.16  257.60  255.04  251.69  250.04  249.97  250.69  247.81  240.08  238.08  233.66  232.34  225.16  221.52  216.07  212.36  211.44  209.18  204.02  199.15  192.61  186.80 
153.99  159.91  165.95  172.17  178.58  185.17  191.96  198.95  206.14  213.55  221.19  229.05  237.15  245.46  253.83  261.74  269.72  271.06  273.27  278.68  274.76  269.25  264.06  272.88  274.58  276.18  269.54  269.54  267.11  262.93  259.09  257.50  255.50  255.68  251.82  242.87  238.19  232.49  231.74  229.49  226.75  219.54  214.96  209.70  206.29  207.72  205.72  198.63  192.91  186.63 
155.12  161.07  167.12  173.35  179.75  186.33  193.10  200.07  207.23  214.61  222.21  230.05  238.13  246.25  254.11  262.74  267.20  272.13  277.54  277.29  270.48  264.64  269.55  268.71  268.01  269.05  274.73  275.02  272.40  265.38  264.18  258.17  258.70  252.47  246.30  241.10  235.22  230.90  226.03  225.63  224.37  221.99  214.77  210.03  203.67  200.89  201.09  198.83  192.57  186.80 
156.57  162.57  168.67  174.94  181.39  188.00  194.79  201.74  208.87  216.16  223.62  231.25  239.02  246.93  255.00  262.65  270.66  276.84  279.03  270.78  265.12  267.11  263.49  261.61  261.58  265.94  266.42  266.49  272.90  274.65  262.26  261.25  258.41  250.71  244.78  237.91  233.71  228.32  223.92  219.71  220.06  221.11  216.90  209.81  205.42  198.81  195.19  194.69  192.23  186.52 
158.26  164.37  170.59  177.00  183.60  190.40  197.40  204.60  211.96  219.49  227.21  235.11  243.18  251.45  259.96  268.92  277.12  276.69  267.48  265.58  262.07  258.66  258.80  255.88  257.84  259.80  261.16  265.40  264.98  264.73  261.88  258.98  253.55  249.79  243.35  237.39  231.07  226.60  221.53  217.18  214.39  215.19  216.03  212.24  205.00  199.15  193.00  189.52  188.48  185.82 
159.84  166.01  172.32  178.84  185.58  192.55  199.77  207.58  215.48  223.47  231.77  240.42  248.95  257.61  266.77  278.20  273.86  267.20  263.71  259.38  257.54  254.34  251.41  250.88  253.63  256.09  258.15  258.03  264.30  260.85  256.66  257.88  253.88  246.71  242.16  236.12  230.24  224.32  219.72  214.90  210.76  209.40  209.65  211.06  205.56  198.82  192.97  187.29  183.91  182.40 
161.13  167.24  173.47  179.90  186.54  193.32  198.21  207.59  216.96  224.92  233.08  245.01  254.88  264.01  275.38  271.62  268.91  262.02  257.95  255.69  251.96  249.81  246.77  248.35  251.05  251.56  251.01  255.69  254.45  253.45  253.27  253.19  252.15  248.89  241.33  235.82  229.15  223.32  217.68  213.04  208.43  204.63  204.38  203.81  203.93  199.03  192.75  187.00  181.68  178.32 
162.87  168.84  174.86  181.01  187.24  193.35  199.63  208.16  217.10  225.12  235.95  246.51  259.22  271.39  268.06  265.83  260.62  258.58  254.30  250.52  247.99  244.15  243.83  245.28  245.32  244.14  248.09  249.47  249.32  245.72  245.95  247.03  247.86  248.20  243.38  235.27  228.75  222.34  216.59  211.18  206.56  202.14  198.75  198.12  197.63  197.13  192.67  186.79  181.20  176.13 
166.33  172.50  178.78  185.23  191.85  198.67  205.73  213.07  221.22  231.63  242.33  254.72  262.57  264.14  262.62  257.49  255.35  252.85  250.68  246.76  241.82  241.40  239.75  239.45  238.11  242.54  244.19  246.64  240.76  239.55  242.02  242.46  243.33  243.26  240.66  235.75  228.34  221.88  215.68  210.04  204.81  200.25  196.03  192.93  192.06  191.54  190.60  186.48  180.95  175.49 
170.80  177.28  183.89  190.70  197.74  205.01  212.52  220.28  228.28  237.89  249.04  256.50  259.90  259.03  254.38  251.97  249.06  247.66  245.37  240.89  238.11  236.54  233.75  232.67  238.74  241.58  240.94  240.47  236.18  234.85  237.00  241.58  238.29  239.67  236.83  233.32  228.39  221.52  215.19  209.18  203.67  198.60  194.12  190.08  187.20  186.16  185.55  184.32  180.45  175.18 
175.14  181.83  188.66  195.71  202.99  210.51  218.28  226.32  234.64  243.34  252.86  254.21  255.06  251.48  248.29  245.87  244.32  241.81  240.22  234.76  232.10  230.89  229.32  233.37  237.78  236.44  235.36  233.74  233.04  231.59  233.92  235.89  235.87  233.52  234.06  231.09  226.31  221.29  214.84  208.67  202.83  197.46  192.53  188.15  184.29  181.57  180.41  179.69  178.25  174.53 
178.77  185.56  192.48  199.61  206.95  214.49  222.26  230.24  238.45  247.10  250.40  249.19  247.23  245.91  243.86  240.98  238.65  236.95  234.68  232.62  227.97  225.31  226.72  233.51  232.22  230.52  229.51  228.80  232.05  227.23  230.48  228.68  232.22  231.28  229.69  229.66  225.17  219.57  214.44  208.31  203.22  197.40  192.96  187.71  183.75  178.94  176.08  174.81  173.96  172.32 
181.70  188.57  195.58  202.78  210.19  217.80  225.61  233.62  242.78  244.89  244.56  242.47  241.64  239.93  238.51  236.49  233.83  231.58  229.80  227.65  225.35  221.28  225.84  227.09  225.87  224.62  224.11  225.59  227.94  224.19  222.29  223.93  223.88  227.12  227.18  227.14  225.77  221.18  214.56  209.77  203.44  199.26  193.52  189.79  184.69  180.11  175.43  170.92  169.37  168.32 
183.97  190.93  198.04  205.37  212.94  220.77  228.88  237.31  240.68  239.09  237.73  237.10  235.36  234.35  232.79  231.32  229.33  226.85  224.68  222.85  220.77  219.23  221.93  222.56  219.85  218.91  219.20  222.45  225.63  219.75  217.48  217.70  219.17  221.54  222.20  223.70  223.80  221.23  216.64  209.50  205.85  199.36  196.07  190.55  185.95  181.09  176.57  171.42  166.10  164.04 
185.48  192.42  199.49  206.77  214.25  221.96  229.80  234.71  234.00  232.98  231.91  230.69  229.89  228.37  227.27  225.80  224.31  222.36  220.03  217.93  216.07  216.12  216.99  215.21  215.37  213.34  215.69  218.58  220.20  216.45  213.22  212.50  213.77  215.46  216.22  217.03  216.99  216.89  216.03  212.83  205.15  202.65  196.50  191.97  186.88  182.39  177.05  171.56  166.12  161.10 
186.66  193.58  200.62  207.85  215.26  222.85  229.74  229.87  227.73  226.96  225.98  224.93  223.80  222.90  221.53  220.38  218.98  217.48  215.58  213.37  210.96  210.46  210.05  210.01  208.84  209.17  211.79  213.32  214.66  214.08  209.99  207.23  208.15  209.35  210.21  210.42  210.44  210.40  210.27  210.94  209.62  202.50  198.20  192.77  188.39  182.82  177.16  171.57  166.13  160.79 
187.85  194.85  201.98  209.33  216.93  224.81  225.73  223.68  222.80  221.00  220.11  219.15  218.13  217.06  216.11  214.84  213.67  212.32  210.16  206.80  206.60  205.28  204.43  203.72  203.49  205.21  206.80  208.11  209.25  208.90  207.27  203.68  202.91  203.72  203.98  204.01  204.00  204.01  204.39  204.08  206.43  204.67  198.74  194.59  188.74  182.91  177.16  171.58  166.13  160.76 
188.81  195.82  202.95  210.30  217.56  221.72  219.78  218.78  217.03  215.97  214.39  213.44  212.50  211.50  210.47  209.50  208.30  207.14  204.07  200.96  200.94  200.03  199.00  198.18  198.90  200.43  201.71  202.72  202.75  204.33  202.54  200.71  197.71  197.69  197.75  197.75  197.79  198.07  198.07  199.81  199.77  203.63  201.04  194.78  188.79  182.89  177.17  171.58  166.13  160.76 
189.69  196.70  203.80  210.54  214.46  214.18  214.70  213.18  212.06  210.50  209.35  207.93  206.94  206.01  205.04  204.05  203.07  201.93  200.58  196.25  197.00  196.13  193.89  192.89  194.23  195.47  196.40  196.66  197.81  199.27  197.90  196.29  194.40  191.91  191.65  191.71  191.95  192.13  193.50  193.98  196.93  197.16  200.94  194.84  188.76  182.91  177.16  171.58  166.13  160.76 
190.54  197.44  203.74  207.48  207.73  208.07  207.76  207.96  206.70  205.55  204.11  202.92  201.60  200.61  199.69  198.74  197.78  196.81  195.68  194.07  190.69  190.80  189.90  188.19  189.38  190.27  190.68  191.74  193.15  196.09  193.21  191.77  190.19  188.30  186.19  186.00  186.29  187.43  188.21  190.58  191.39  194.25  193.94  194.00  188.71  182.88  177.17  171.58  166.13  160.76 
191.15  197.14  200.74  201.37  201.64  201.46  201.64  201.45  201.44  200.36  199.21  197.86  196.67  195.43  194.43  193.52  192.60  191.66  190.70  189.57  187.84  185.11  184.79  183.90  184.31  184.83  185.83  187.20  188.96  191.62  189.54  187.32  185.81  184.23  182.40  180.58  181.56  182.50  184.51  185.63  187.90  187.99  188.18  187.97  187.40  182.69  177.13  171.58  166.13  160.76 
190.68  194.22  195.13  195.38  195.29  195.40  195.28  195.26  194.30  194.96  193.82  192.69  191.72  190.57  189.40  188.42  187.51  186.61  185.70  184.74  183.59  181.86  179.56  178.97  179.10  180.07  181.41  183.15  185.55  189.73  185.82  183.63  181.55  180.00  178.44  176.68  176.87  178.60  179.66  181.77  182.10  182.28  182.17  182.27  182.06  181.09  176.81  171.51  166.12  160.76 
187.84  189.00  189.30  189.26  189.32  189.26  189.04  187.99  190.71  191.93  188.52  185.20  186.37  185.70  184.63  183.51  182.55  181.66  180.78  179.88  178.93  177.76  176.07  174.08  174.45  175.76  177.49  179.89  183.40  186.41  183.60  180.17  177.91  175.91  174.34  172.79  171.48  171.02  169.29  173.34  175.88  178.34  176.70  176.50  176.53  176.26  175.03  171.06  166.02  160.74 
182.95  183.36  183.37  183.42  183.45  184.12  183.36  186.13  190.63  183.11  177.58  179.56  181.92  180.62  179.85  178.83  177.77  176.82  175.95  175.08  174.21  173.26  172.09  170.46  170.26  171.97  174.32  177.46  179.41  182.83  180.04  177.71  174.61  172.33  170.40  168.83  166.70  162.70  162.15  164.37  165.50  169.18  172.29  171.23  170.96  170.93  170.59  169.18  165.46  160.60 
177.51  177.63  177.68  177.85  179.10  180.20  179.96  184.58  192.53  180.88  174.82  173.92  175.98  176.04  174.97  174.16  173.18  172.16  171.24  170.38  169.54  168.67  167.73  166.56  166.58  168.87  171.74  173.87  176.64  176.37  176.71  174.38  172.02  169.15  166.90  165.01  163.38  160.21  157.01  160.64  166.45  175.16  169.56  167.78  165.98  165.57  165.46  165.04  163.52  159.95 
171.96  172.11  172.45  174.31  176.38  176.78  179.14  185.65  186.35  186.58  191.93  178.98  176.34  173.41  170.68  169.48  168.62  167.68  166.70  165.80  164.95  164.13  163.28  162.34  163.54  166.20  168.39  170.74  170.86  171.07  170.87  170.85  168.82  166.49  163.82  161.61  159.76  157.96  158.13  165.34  174.54  169.48  171.82  166.76  165.60  161.83  160.43  160.15  159.63  157.97 
166.62  167.16  169.07  172.60  173.39  174.25  179.38  182.16  181.56  185.60  191.22  185.89  179.45  175.51  171.19  167.10  164.31  163.26  162.31  161.37  160.49  159.66  158.85  158.43  160.83  163.00  165.06  165.43  165.59  165.48  165.59  165.45  165.20  163.38  161.12  158.60  156.45  155.92  163.11  167.99  169.26  168.49  165.98  167.52  163.84  163.69  158.26  155.56  154.99  154.30 
161.95  164.06  167.93  169.91  170.38  173.43  176.12  176.34  179.72  183.19  185.76  187.54  181.70  176.75  172.63  168.10  165.45  161.86  158.51  157.14  156.18  155.31  154.50  155.61  157.73  159.59  160.11  160.26  160.20  160.27  160.20  160.27  160.14  159.73  158.06  155.89  153.72  160.56  162.99  164.11  164.32  163.84  162.93  161.75  163.00  161.92  161.08  155.60  153.48  150.22 
158.88  162.18  166.83  166.78  168.22  170.31  171.10  174.04  177.30  179.64  181.23  184.86  182.89  178.68  173.32  171.05  167.17  163.89  159.62  156.70  152.82  151.20  150.66  152.57  154.28  154.90  155.07  155.05  155.09  155.05  155.09  155.05  155.08  154.94  154.43  151.60  157.02  159.28  158.47  160.01  159.15  159.02  158.53  157.66  157.17  157.59  159.56  159.06  153.28  148.60 
156.80  159.29  161.31  164.56  164.77  165.89  168.54  171.58  173.84  175.05  176.03  178.77  183.19  179.36  177.21  172.55  169.47  164.70  162.08  157.83  154.72  149.77  147.56  149.14  149.82  150.02  150.02  150.04  150.02  150.04  150.02  150.04  150.02  150.02  149.85  151.64  155.56  153.81  154.74  158.43  154.90  154.10  153.86  153.37  152.64  154.25  154.96  157.06  153.64  148.32 
153.96  155.44  158.96  159.60  160.74  163.18  166.02  168.21  169.48  170.45  171.31  174.33  176.54  181.55  176.63  175.50  169.77  167.71  162.88  160.17  154.80  149.89  145.17  144.86  145.08  145.11  145.13  145.11  145.13  145.11  145.13  145.11  145.13  145.12  146.37  148.41  150.95  150.38  152.27  154.49  152.56  150.09  149.18  148.85  149.15  150.04  151.67  151.33  151.53  148.32 
150.52  153.51  154.51  155.69  157.96  160.61  162.73  164.04  165.03  166.08  168.74  171.18  175.19  175.12  178.16  172.83  171.42  168.34  165.89  159.91  154.96  149.80  144.99  140.85  140.32  140.33  140.33  140.33  140.33  140.33  140.33  140.35  140.48  141.62  143.46  146.49  147.10  147.15  151.21  152.38  149.35  147.52  145.34  144.38  145.19  146.52  146.46  146.66  146.44  146.17 
148.24  149.51  150.75  152.87  155.35  157.40  158.74  159.76  160.93  163.34  165.85  169.23  169.86  172.08  171.97  170.19  167.49  165.80  163.00  160.19  154.80  149.89  144.91  140.26  136.56  135.75  135.67  135.66  135.66  135.66  135.71  135.92  136.97  138.51  140.75  144.91  143.51  145.84  148.29  150.50  147.34  144.58  142.66  140.69  141.55  141.66  141.80  141.68  141.79  141.57 
144.52  145.85  147.85  150.18  152.15  153.51  154.57  155.82  158.04  160.54  163.48  164.52  166.30  166.47  166.53  166.26  164.59  162.17  160.31  157.68  154.67  149.71  144.90  140.09  135.63  132.25  131.26  131.09  131.07  131.13  131.41  132.40  133.91  135.98  137.85  139.42  140.99  143.27  144.72  144.87  145.13  142.46  139.86  137.90  136.92  137.02  136.96  137.02  136.96  136.98 
