#Value Function.
29.9323 30.0728 30.9390 31.7890 32.5690 33.2678 33.9378 34.5690 35.1808 35.7994 36.4409 37.1173 37.8201 38.5410 39.1549 39.5117 39.7757 40.2088 40.6270 40.7787 40.8275 40.8261 41.2173 41.3005 41.3234 41.3276 41.3036 41.1158 41.1370 41.1660 41.1972 41.2235 41.2341 41.2459 41.2647 41.2767 41.2762 41.2405 41.1976 41.1586 41.1559 41.0670 40.9724 40.5142 39.9831 39.3995 38.8677 38.3908 38.0837 37.9413
29.0508 30.9623 31.7824 32.5738 33.3060 33.9927 34.6666 35.3419 35.9987 36.6472 37.3070 37.9957 38.7064 39.4317 40.0184 40.3138 40.5611 41.0382 41.4481 41.5341 41.5640 41.5521 42.0426 42.0362 42.0526 42.0529 42.0230 41.7925 41.8705 41.8954 41.9231 41.9441 41.9469 41.9553 41.9718 41.9779 41.9703 41.9266 41.8739 41.8368 41.8430 41.7405 41.6460 41.1012 40.5655 39.9737 39.4602 38.9995 38.7375 38.0555
28.9931 30.9635 31.7104 32.5147 33.2511 33.9291 34.6193 35.3151 36.0207 36.7263 37.3963 38.0673 38.7637 39.4786 40.2225 40.8067 41.0424 41.2665 41.8082 42.2249 42.2403 42.2781 42.6765 42.7649 42.7569 42.7711 42.7369 42.4546 42.5427 42.5766 42.5942 42.6202 42.6397 42.6284 42.6354 42.6504 42.6463 42.5932 42.6220 42.5093 42.4843 42.3960 41.7669 41.2567 40.6414 40.1453 39.6461 39.4817 38.9454 38.2422
29.0784 31.0351 31.7040 32.4470 33.2254 33.9270 34.5984 35.2923 36.0194 36.7677 37.4929 38.1612 38.8318 39.5346 40.2497 41.0181 41.6001 41.7591 41.9596 42.5923 43.0056 42.9501 43.0459 43.4376 43.4591 43.4567 43.4332 42.9934 43.1728 43.2491 43.2737 43.2841 43.3045 43.3225 43.3000 43.2935 43.3058 43.3036 43.2200 43.2804 43.1188 42.5704 41.9322 41.2906 40.7599 40.6361 40.2361 39.6601 38.9688 38.2698
29.4817 31.3826 31.7323 32.4547 33.1835 33.9612 34.6490 35.3143 36.0315 36.7736 37.5427 38.2687 38.9271 39.5983 40.3071 41.0178 41.8202 42.3978 42.4577 42.6412 43.3975 43.7856 43.6080 44.0724 44.0932 44.0911 44.0689 43.4018 43.7189 43.8885 43.9449 43.9599 43.9608 43.9804 43.9831 43.9459 43.9346 43.9441 43.9352 43.8084 43.2151 42.5512 41.9577 41.3219 41.3481 40.9365 40.3551 39.6712 38.9930 38.2975
30.8405 32.6761 31.9134 32.4610 33.2121 33.9305 34.7317 35.3966 36.0662 36.7981 37.5436 38.3263 39.0483 39.6916 40.3650 41.0815 41.7782 42.6298 43.2016 43.1322 43.4377 44.2020 44.5566 44.6708 44.7027 44.7005 44.6702 44.6092 43.9036 44.4884 44.5800 44.6260 44.6331 44.6863 44.6338 44.6151 44.5587 44.5491 44.4805 43.9077 43.2604 42.6418 41.9853 42.0678 41.6097 41.0364 40.3326 39.6998 39.0128 38.3230
34.1649 36.5565 32.7513 32.5246 33.2009 33.9923 34.7980 35.4998 36.1559 36.8257 37.5735 38.3155 39.1145 39.8284 40.4524 41.1297 41.8574 42.5272 43.4491 44.0119 43.7529 44.2284 44.9939 45.2574 45.2930 45.2913 45.2704 45.2200 44.3002 44.5666 45.2809 45.2308 45.2949 45.2641 45.3311 45.2313 45.2109 45.1383 44.5797 43.9512 43.3570 43.2455 42.7749 42.2445 41.6827 41.0519 40.4086 39.7120 39.0448 38.3606
35.3915 37.7437 37.5847 32.5526 33.3131 34.0439 34.7943 35.5837 36.2709 36.9200 37.5870 38.4095 39.3934 39.8387 40.6209 41.2033 41.8939 42.6742 43.3468 44.2597 44.8315 44.2968 45.0212 45.7584 45.8843 45.8758 45.8643 45.8460 45.8211 44.7282 45.9291 45.9444 45.8490 45.9365 45.8460 45.9519 45.7750 45.2494 44.6228 44.3507 43.8818 43.3619 42.8300 42.2958 41.6775 41.0787 40.4456 39.7813 39.0793 38.4041
35.6057 37.8893 38.5965 38.7910 33.3842 34.1323 34.8878 35.5510 36.3803 37.0402 37.6852 38.5827 39.2030 40.2513 40.5228 41.4403 41.9325 42.6554 43.5035 44.1755 45.0558 45.6757 45.1006 45.8818 46.4930 46.4969 46.4948 46.4800 46.4650 46.5087 46.5366 46.5770 46.5733 46.4138 46.5503 46.3536 45.9496 45.3028 44.9339 44.4376 43.9164 43.3944 42.8767 42.2940 41.7263 41.1038 40.4770 39.8245 39.1420 38.4744
35.6395 37.9091 38.6728 39.4250 40.1252 40.2114 34.9086 35.6905 36.3816 37.1731 37.8050 38.5119 39.4146 39.9486 41.1517 41.2895 42.2769 42.9585 43.4961 44.3235 45.0179 45.8123 46.5196 46.9722 47.0913 47.1268 47.1241 47.1240 47.1150 47.1205 47.1432 47.1534 47.1786 47.1527 46.9145 46.4847 45.9957 45.4915 44.9819 44.4564 43.9337 43.4272 42.9083 42.3466 41.7564 41.1605 40.5223 39.8729 39.2403 38.5911
35.6562 37.9255 38.6869 39.4524 40.2076 40.9647 41.5071 40.9608 36.4860 37.1587 37.9726 38.6294 39.2914 40.2827 40.7647 42.0839 42.2567 43.0508 43.7186 44.3477 45.1291 45.8873 46.5075 47.2527 47.6650 47.7226 47.7573 47.7411 47.7473 47.7323 47.7359 47.7504 47.7303 47.4682 47.0047 46.4978 45.9993 45.5007 44.9927 44.4650 43.9648 43.4452 42.9169 42.3870 41.8152 41.2111 40.5851 39.9838 39.4002 38.7850
35.6679 37.9378 38.7045 39.4643 40.2321 40.9844 41.7668 42.3780 42.0135 37.2974 38.0388 38.7511 39.4832 40.1351 41.2137 41.7290 42.9954 43.0901 43.7940 44.4485 45.2062 45.8677 46.5946 47.1695 47.9836 48.3404 48.3332 48.3782 48.3424 48.3563 48.3376 48.3240 48.0355 47.5324 46.9997 46.4995 46.0060 45.5103 44.9950 44.5004 43.9687 43.4617 42.9423 42.4155 41.8739 41.2878 40.6570 40.4411 39.7817 39.1172
35.6728 37.9414 38.7181 39.4833 40.2410 41.0129 41.7574 42.5676 43.2440 42.8357 38.0907 38.8142 39.5195 40.4535 41.3291 43.4604 46.1507 43.1080 43.8245 44.5240 45.2190 45.9291 46.5557 47.2971 47.8028 48.7283 48.9980 48.9223 48.9980 48.9275 48.9571 48.6272 48.0674 47.5057 47.0066 46.4585 45.9919 45.4959 45.0161 44.5106 44.0160 43.4937 42.9897 42.5412 42.1021 41.6543 41.1620 40.2167 39.7731 39.0983
35.6836 37.9543 38.7353 39.4958 40.2635 41.0209 41.8196 42.5196 43.3699 44.1294 44.7276 44.6906 39.8304 40.8944 42.8256 44.7725 43.7031 47.8799 43.8751 44.6313 45.3409 45.9886 46.6670 47.2194 48.0065 48.4878 49.4963 49.6336 49.5006 49.6141 49.2577 48.6499 47.9967 47.4993 46.9668 46.4677 45.0449 45.2895 44.9662 44.5300 44.0511 43.5449 43.0139 42.5948 42.1686 41.7256 41.1872 40.5545 39.7013 39.0716
35.6846 37.9638 38.7484 39.5158 40.2788 41.0609 41.7943 42.6139 43.3966 44.1459 44.9260 45.5525 45.9096 46.1244 45.9238 43.6805 46.2141 44.8125 49.8335 50.7112 50.8250 49.9855 47.4190 47.3697 47.9360 48.9401 50.2984 50.0387 50.2915 49.8910 49.2469 48.5428 48.0409 47.4375 46.9223 46.4046 45.8166 44.4852 44.6505 44.4302 44.0438 43.4553 43.0638 42.6177 42.2011 41.7308 41.2078 40.6138 39.9266 39.2726
35.5997 37.8546 38.7673 39.5343 40.3087 41.0603 41.8627 42.6456 43.4035 44.1783 44.9183 45.7224 46.3394 46.6516 46.8866 46.8108 45.0624 48.6206 49.9657 50.4968 51.5196 51.5216 50.6770 47.4378 48.3980 49.6102 50.5665 51.0094 50.5296 49.8619 49.1033 48.6109 47.9762 47.4316 46.8596 46.3359 45.8236 45.1934 43.9338 44.0368 43.8805 43.5241 43.0301 42.6253 42.1875 41.7512 41.2364 40.6525 40.0041 39.3448
35.6217 37.8781 38.7882 39.5597 40.3214 41.1138 41.8956 42.6585 43.4271 44.1791 44.9623 45.6830 46.5271 47.1248 47.3767 47.6357 47.6635 49.1700 49.8751 50.7357 51.1002 52.3718 52.1723 51.4504 49.2317 51.2571 51.7869 51.1577 50.4684 49.7508 48.6899 48.4254 46.8747 47.1413 46.7660 46.2456 45.7405 45.2314 44.5899 43.3547 43.4236 43.2977 42.9988 42.5656 42.1585 41.6922 41.2085 40.6374 40.0213 39.3436
35.7319 38.0095 38.8123 39.5797 40.3660 41.1457 41.9095 42.6706 43.4358 44.2082 44.9526 45.7531 46.4373 47.3428 47.9055 48.0793 48.3742 49.2004 50.0024 50.5728 51.7094 52.7748 53.0489 52.7949 52.1303 52.5894 51.8496 50.5899 50.4378 49.1588 48.9678 46.4002 46.3406 46.0937 46.0212 46.0032 45.5998 45.1212 44.6254 42.7918 42.7269 42.7860 42.6691 42.4025 42.0208 41.6044 41.0916 40.5751 39.9884 39.2989
35.7727 38.0465 38.8353 39.6146 40.3738 41.0329 41.1900 42.6876 43.4519 44.2116 44.9896 45.7020 46.4547 46.6378 48.2965 48.6488 48.7593 49.2898 49.9806 51.0401 52.0407 52.5545 53.5372 53.7004 53.3905 52.5087 51.2949 51.0835 49.8398 49.6299 46.0443 45.5961 45.3915 45.3116 45.3518 45.3137 45.2525 44.9180 44.4802 43.8566 42.4896 42.1602 42.1238 41.9968 41.7529 41.3896 40.9565 40.4461 39.9017 39.1943
35.8034 38.0721 38.8598 39.5982 40.2254 40.6320 41.8494 42.7042 43.4656 44.2308 44.9492 45.6478 46.1020 47.4216 48.1880 49.1347 49.3732 49.3956 50.6169 52.8551 53.3284 54.1911 54.3533 54.0538 53.1072 51.9666 51.7617 50.5011 50.2884 49.3713 44.9033 44.6823 44.5919 44.5997 44.5846 44.6083 44.5854 44.5045 44.2189 43.7980 43.1384 42.0461 41.5833 41.4447 41.3009 41.0604 40.7009 40.2645 39.7579 39.0282
35.8844 38.0937 38.8271 39.4547 40.0036 41.0611 41.9455 42.7185 43.4799 44.2258 45.0669 45.4859 46.6125 47.4656 48.3273 48.9034 50.0111 50.0684 51.9318 52.7051 53.6348 55.0282 54.7408 53.7012 52.4612 51.1464 51.0590 50.9513 50.0426 44.7125 43.9749 43.8733 43.8517 43.8370 43.8510 43.8454 43.8599 43.8402 43.7580 43.5030 43.0929 42.4416 41.5117 40.9881 40.7601 40.5832 40.3335 39.9811 39.5476 38.7985
36.5821 38.1469 38.8142 39.4511 40.3921 41.1865 41.9714 42.7341 43.4949 44.3209 45.1434 45.8701 46.7021 47.4429 47.6128 49.1479 49.5745 50.9494 51.2670 53.3527 55.9596 55.5127 54.1460 53.9686 50.6829 50.4882 50.4765 50.4001 44.6234 43.3487 43.1682 43.1221 43.0970 43.0909 43.0879 43.0960 43.1023 43.1124 43.0981 43.0130 42.7780 42.3812 41.7453 40.9251 40.3640 40.0657 39.8457 39.5885 39.2436 38.4759
43.9591 47.0737 48.6461 48.8685 40.5570 41.3344 42.0958 42.7605 43.5751 44.3848 45.1355 45.9310 46.6302 47.0567 48.2786 48.9906 50.2458 51.6108 56.6812 57.1890 56.3080 54.8714 54.6579 53.3034 52.9239 45.1868 48.8154 49.5721 42.8775 42.5623 42.4541 42.4326 42.3476 42.3368 42.3296 42.3326 42.3428 42.3578 42.3716 42.3563 42.2713 42.0467 41.6539 41.0458 40.2940 39.7179 39.3605 39.1057 38.8378 38.0588
45.8036 48.6252 49.6783 49.3161 49.6703 41.4449 42.1149 42.8841 43.6316 44.3921 45.1633 45.8529 46.4218 47.4662 48.2323 48.9665 58.2399 58.2277 58.1242 57.0618 55.6380 55.4151 52.4323 50.9049 44.6803 43.6900 48.6684 48.3412 48.0405 43.4437 45.5627 41.6955 41.6060 41.5803 41.5684 41.5725 41.5811 41.5961 41.6174 41.6296 41.6133 41.5249 41.3038 40.9187 40.3329 39.6327 39.0507 38.6554 38.3652 37.5869
46.1727 48.9043 49.8711 50.5434 49.9090 48.1828 42.2507 42.9812 43.6455 44.4005 45.0863 45.6985 46.4170 45.9333 56.7024 58.9887 58.9248 58.9432 58.0679 54.9135 54.1345 51.6157 49.3215 44.4328 43.6118 47.2717 47.7118 47.9032 47.7051 46.9672 43.9470 40.9984 40.8594 40.8227 40.8242 40.8149 40.8371 40.8584 40.8586 40.8747 40.8855 40.8653 40.7710 40.5523 40.1740 39.6149 38.9545 38.3716 37.9476 37.1124
46.2115 48.9482 49.1576 50.8236 51.4192 51.1782 51.4354 43.0229 43.7254 44.3210 44.9291 45.4562 45.1306 45.5072 46.4726 59.6030 59.6936 59.3881 54.3810 52.9784 50.6673 48.0989 44.4021 43.8368 45.8932 46.9337 47.1304 47.0726 47.1902 47.0205 46.1448 40.2889 40.2723 40.1449 40.0801 40.0693 40.0942 40.1058 40.1208 40.1208 40.1329 40.1388 40.1103 40.0099 39.7887 39.4190 38.8854 38.2592 37.1463 36.2097
45.9353 48.5779 49.8330 50.0965 51.7873 52.2304 51.9983 51.4404 43.6824 44.2470 44.6204 44.5988 44.6814 44.5677 44.9058 60.4145 60.1891 59.1422 51.9697 49.6938 47.1465 44.5233 44.3392 45.0189 46.0579 46.3339 46.3454 46.4339 46.3420 46.2988 46.2458 44.9685 39.4781 39.3587 39.3717 39.3243 39.3357 39.3552 39.3601 39.3713 39.3750 39.3574 39.3724 39.3383 39.2325 39.0157 38.6584 38.1510 35.4902 34.9956
46.1378 48.8758 49.1198 50.9174 51.7521 52.6112 53.0357 52.8276 53.0541 46.2845 57.5949 44.1370 44.1465 44.2056 58.8313 60.6972 60.9967 51.9558 48.9278 46.4257 44.5944 45.9314 44.0520 45.1843 45.5183 45.5757 45.6393 45.5916 45.5703 45.5175 45.4585 45.3723 43.8498 39.8037 38.8505 38.5596 38.5782 38.5923 38.6009 38.6074 38.5974 38.6008 38.5980 38.5968 38.5588 38.4515 38.2404 37.8964 37.1321 36.4074
45.9640 48.5855 50.0574 51.0117 51.8350 52.5004 53.4507 53.8295 53.6770 53.8628 57.9156 59.8803 58.9211 60.4705 61.2297 61.5181 61.0847 59.2583 48.2877 57.5445 55.7650 57.2644 44.4468 44.6967 44.7880 44.8374 44.8133 44.7924 44.7556 44.7178 44.7532 44.7078 44.4589 42.9174 37.8880 37.8426 37.8110 37.8149 37.8311 37.8411 37.8307 37.8279 37.8311 37.7713 37.7273 37.7552 37.6635 37.4627 37.1018 36.3240
46.4573 49.2327 50.2486 51.0752 51.7939 52.6429 53.2209 54.3208 54.5988 54.5990 55.8366 58.9787 60.9070 61.4648 61.5594 61.6583 61.4959 61.3482 60.5109 58.3341 58.3810 57.3523 44.0376 43.9929 44.0361 44.0227 44.0054 43.9796 43.9573 43.9814 43.9718 43.9813 43.9213 43.5621 41.8791 37.1036 37.0821 37.0525 37.0581 37.0636 37.0604 37.0591 37.0588 37.0505 39.6718 37.5334 37.0820 36.9005 36.6858 35.8904
46.3126 49.1381 50.2941 51.0386 51.8209 52.3793 52.5261 54.1133 55.1977 55.3240 57.4409 55.9351 60.1587 61.4954 61.5919 61.7087 61.6311 61.3099 58.4960 59.2873 57.9509 57.5640 43.3864 43.3649 43.2292 43.2161 43.2007 43.2090 43.2283 43.2495 43.2606 43.2362 43.2152 43.1227 42.6700 40.9033 37.3140 36.5362 36.3374 36.3623 36.5303 37.1902 41.0327 40.9594 40.0270 38.8936 36.5173 36.3248 36.1372 35.3553
45.0912 47.6205 48.3855 49.0154 51.7117 52.7109 53.3073 54.3414 54.8012 56.1330 55.1497 56.2464 56.0900 61.3898 61.6205 61.6249 61.4336 58.5457 58.4033 57.5245 58.1601 57.3410 55.3096 42.6221 42.5487 42.4269 42.4612 42.5096 42.5760 42.6398 42.6411 42.5961 42.5313 42.4721 42.3280 45.1755 45.0512 38.3014 36.8615 42.2306 42.7673 42.4623 41.8346 40.6591 40.1812 39.3199 38.1032 36.2200 35.6656 34.9690
45.1735 47.8294 48.7739 50.3620 49.2717 52.6303 53.5228 54.1272 55.0088 54.3929 55.0732 54.7326 60.5532 61.2956 61.5022 61.5035 61.1502 60.5547 57.1003 57.2702 56.9459 57.1992 56.4678 53.5179 41.8296 41.7796 41.7263 41.8292 41.9521 42.0982 42.1727 42.1167 46.6881 47.0714 46.4390 45.8490 45.0406 43.5853 43.7839 43.5497 43.1521 42.6303 41.2030 40.9817 40.0701 39.4491 38.5965 37.3822 35.7913 35.2039
45.2751 47.9574 48.6357 49.4919 51.5460 52.7149 53.3744 53.9944 53.5868 54.1297 53.8407 54.2623 60.3181 61.1159 61.3271 61.3382 60.9503 60.5944 56.5960 56.2665 56.4198 56.2539 56.2999 55.4846 52.0190 53.4125 43.7368 41.7496 42.0166 41.7418 46.7238 47.4919 47.9134 47.1151 46.5510 45.8480 44.0312 44.4676 44.1319 43.7176 43.2361 42.6326 41.9249 41.4249 40.3695 39.9445 39.2236 37.9797 36.7165 36.1274
45.1983 47.8700 48.6057 48.7865 50.2859 52.5642 53.0307 52.7554 53.0712 52.9337 53.2627 57.5901 59.3999 59.9585 61.1101 61.1068 61.0476 60.4828 53.8022 52.3311 54.5060 55.3807 54.8992 55.2957 54.4535 53.6247 51.8918 44.9103 49.6904 43.4114 47.9216 48.6168 47.6605 47.2433 46.5015 45.8824 45.2258 44.6620 44.2007 43.7403 43.2904 42.7377 42.1242 41.4764 40.7064 39.9251 39.2326 38.4617 37.6619 36.9362
45.0346 47.7101 47.8860 49.4832 50.5177 50.8438 52.0412 52.1995 52.0598 52.2342 56.3054 56.7276 58.3111 60.1561 60.8075 60.8506 60.8212 60.5833 59.2739 53.4027 52.6245 54.2193 54.3994 54.2205 54.3618 52.9608 52.7575 50.8744 50.1169 48.8579 49.2640 47.9965 47.9579 47.1511 46.4971 45.8519 45.2085 44.6794 44.2006 43.7515 43.2789 42.7094 42.1474 41.3961 40.6066 39.9516 39.1752 38.3626 37.6051 36.8778
44.6992 47.2951 48.4785 48.6295 48.8004 51.7354 51.3753 51.3273 51.3850 55.3807 56.2600 57.0858 57.2075 58.9442 59.6844 60.2865 59.7192 60.1329 59.8129 58.6328 53.0985 53.1764 53.2601 53.3422 52.3055 51.7884 50.4835 50.3328 50.3217 49.7287 48.7992 46.9687 47.2925 47.1626 46.4987 45.8344 45.2067 44.6331 44.1363 43.6941 43.2438 42.5045 42.0567 41.2623 40.6739 39.8886 39.0585 38.3163 37.5355 36.8112
44.8137 47.5315 47.7976 47.7346 47.8421 50.9839 52.8131 53.5377 54.3651 55.3438 56.1477 57.0319 57.8723 57.9634 59.5819 59.3040 59.5289 59.1968 59.3362 57.8932 54.6041 53.6023 53.9330 53.9658 53.9222 53.2581 52.8389 49.5953 49.1508 49.5847 49.1740 46.6366 46.5284 46.5289 46.3566 45.7919 44.9278 43.4441 43.1572 43.3613 43.0567 42.5749 41.9003 41.3365 40.6025 39.7469 39.0320 38.2385 37.4860 36.7695
44.2536 46.9104 46.8154 46.9694 46.9722 51.9307 52.8089 53.5985 54.2970 55.1351 56.1579 56.8853 57.7897 58.6245 58.6825 58.8299 58.6995 58.7538 58.5214 58.3947 56.9840 55.0381 54.1025 54.7569 53.9072 53.5203 52.9148 52.3942 48.8841 48.8517 48.8513 48.2541 45.7762 45.6256 45.7110 45.5448 45.0443 44.0077 42.5792 42.4145 42.5550 42.3090 41.8447 41.2201 40.4202 39.7547 38.9401 38.1840 37.4943 36.7767
43.4415 46.0268 46.1030 46.0792 50.6544 52.0685 52.8569 53.5733 54.3483 55.0534 55.8989 56.9919 57.5990 56.9944 57.6999 57.9067 57.9837 57.9561 57.9518 57.7768 57.4929 56.1095 55.7658 54.5165 54.2604 53.5929 53.0415 52.5329 52.0475 48.1506 48.1147 48.0247 44.9112 44.9204 44.7952 44.8840 44.7370 43.3162 43.0500 41.7553 41.6001 41.7177 41.5204 41.0933 40.4897 39.6383 38.8790 38.2063 37.4933 36.7779
42.7466 45.2794 45.2746 45.3327 51.3025 52.1559 52.8828 53.6234 54.3407 55.1308 55.8022 56.6580 56.3781 56.7382 56.4138 56.8425 57.0823 57.1290 56.9728 56.7771 56.9218 56.6169 55.2986 55.0327 54.2635 53.7158 53.2147 52.7166 52.2449 47.3935 47.2915 47.1427 46.8739 44.0619 44.0857 43.9823 44.0605 43.8205 43.0468 40.8792 40.9111 40.7823 40.8832 40.7224 40.3309 39.5696 38.9230 38.1977 37.5092 36.7916
42.3173 44.5329 44.5476 51.1123 51.7982 52.2618 52.9912 53.6796 54.4116 55.0709 55.7518 55.8053 55.8919 55.8948 55.9454 55.7494 56.0229 56.2458 55.9790 56.0414 55.8974 56.0824 55.7881 54.8751 54.3609 53.8659 53.3814 52.9309 52.4399 51.8216 46.4130 46.2108 46.2969 45.8187 43.2455 43.2730 43.2237 43.2392 42.9954 42.1789 40.0550 40.0984 39.9712 40.0546 39.9198 39.5419 38.8757 38.2162 37.5092 36.7913
44.6139 47.7609 49.7520 51.2077 51.7900 52.4782 53.1573 53.7648 54.3762 54.9117 55.0262 55.0894 55.0991 55.0936 54.8640 54.3093 50.2175 51.3538 51.9884 53.3663 55.2089 54.9703 54.3591 54.9318 54.4426 53.9359 53.5853 53.1335 52.5295 51.8520 51.1649 45.5100 45.2105 45.3944 44.8231 42.4605 42.4105 42.2637 42.3874 42.1581 41.3740 39.2337 39.2406 39.2086 39.2427 39.1169 38.7607 38.1618 37.5100 36.7811
40.1645 40.8078 50.6140 51.3269 52.0685 52.7288 53.3006 53.8141 54.1820 54.2734 54.3015 54.2945 54.2261 53.8816 52.8521 49.3705 50.1053 50.9811 52.2328 52.6405 54.1759 53.8429 54.2466 54.1550 54.4345 54.1081 53.7212 53.1889 52.5398 51.8701 51.1367 50.4419 44.5820 44.2344 44.4657 41.6052 41.5008 41.5472 41.4227 41.5392 41.3217 38.4449 38.4229 38.4412 38.4326 38.4397 38.3165 37.9830 37.4351 36.6840
46.3195 48.7125 50.5971 50.3319 50.8857 52.8744 53.3519 53.5715 53.5709 53.4866 53.5067 53.3500 52.8801 51.6719 49.1481 49.3646 50.1565 50.8627 51.7334 53.1622 53.2037 53.5179 53.6492 53.9519 53.8650 54.0264 53.7224 53.0691 52.5232 51.8254 51.1492 50.4419 49.1688 43.2749 41.1523 40.7246 40.7303 40.6596 40.7168 40.6688 38.0067 37.6346 37.6432 37.6391 37.6368 37.6021 37.6311 37.5170 37.2065 36.4193
41.8403 42.3340 46.7893 49.3454 49.8510 52.8208 52.5831 52.7861 52.8846 52.7564 52.7310 51.9025 50.6692 48.7259 48.6879 49.3994 50.1351 50.9494 51.6117 52.4626 52.6922 52.5915 53.3035 53.1990 53.6067 53.4340 53.5406 53.1625 52.4900 51.8522 51.1440 50.4562 49.6866 40.6725 40.0747 39.9370 39.9409 39.9376 39.8957 37.5148 36.9159 36.8476 36.8443 36.8387 36.8184 36.8424 36.8275 36.8310 36.7200 35.9056
45.3188 47.8201 48.8240 51.0432 51.8804 52.1492 52.2245 52.1335 52.0287 51.8596 51.3339 51.7277 48.1527 47.8781 48.6554 49.3965 50.1796 50.8725 51.5983 51.8569 51.7730 52.4974 52.6531 53.0434 53.0455 53.0816 52.9835 52.8801 52.4602 51.8265 51.1610 50.4580 49.7548 48.0735 39.2684 39.1473 39.1464 39.1547 39.1496 38.8531 36.0927 36.0498 36.0429 36.0304 36.0440 36.0402 36.0539 36.0472 36.0356 35.2095
46.7122 49.4931 50.0521 51.1158 51.4635 51.5827 51.5177 51.3659 51.0405 50.5438 50.0865 46.3642 47.2588 47.9033 48.6525 49.4148 50.1103 50.7544 51.0406 51.1176 51.6740 51.9486 52.3056 52.4039 52.4329 52.4706 52.4410 52.3178 52.1269 51.7194 51.1192 50.4585 49.7632 48.9517 38.5024 38.4518 38.3608 38.3636 38.3692 38.3336 35.2890 35.2516 35.2403 35.2484 35.2490 35.2585 35.2594 35.2681 35.2641 34.4376
46.7550 49.3657 50.2702 50.6890 50.8158 50.7984 50.7227 50.5567 50.1396 48.8227 46.1769 46.2304 47.1569 47.8934 48.6407 49.3271 49.9205 50.2334 50.4036 50.8513 51.1229 51.1565 51.4744 51.6175 51.7008 51.7424 51.7449 51.6924 51.5641 51.3509 50.9605 50.3956 49.7509 49.0533 47.1847 37.6714 37.5785 37.5630 37.5073 37.2441 34.7643 34.4547 34.4542 34.4564 34.4636 34.4672 34.4744 34.4776 34.4837 33.6736
47.7594 48.4978 49.3657 49.8182 49.9701 49.9771 49.8889 49.7044 49.2255 47.9100 45.6362 45.4912 46.2824 47.0270 47.7682 48.4514 49.0313 49.3646 49.5746 49.9809 50.2533 50.3395 50.6207 50.7847 50.8875 50.9310 50.9180 50.8541 50.7207 50.4976 50.1088 49.5547 48.9047 48.0723 45.7597 37.8380 36.8460 36.7244 36.6324 36.2223 34.1587 33.6711 33.6177 33.6146 33.6204 33.6245 33.6310 33.6338 33.6272 33.5933
