#Value Function.
21.14   23.38   25.76   28.30   30.99   33.83   36.62   39.21   41.57   42.38   42.36   41.40   39.48   36.65   33.56   30.38   27.39   24.55   21.87   19.35   16.95   15.25   16.41   17.61   18.70   19.56   20.00   20.11   20.05   19.93   19.65   19.06   18.43   17.86   17.39   17.02   16.70   16.41   16.19   15.99   15.81   15.66   15.49   15.31   15.09   14.82   14.49   14.11   13.63   12.88  
20.38   22.59   24.94   27.47   30.12   32.91   35.74   38.27   40.20   41.81   41.91   40.71   38.51   35.79   32.64   29.51   26.54   23.71   21.06   18.54   16.14   14.59   15.84   17.16   18.51   19.71   20.69   21.15   21.23   21.16   20.90   20.30   19.67   19.09   18.64   18.29   17.96   17.67   17.44   17.24   17.05   16.88   16.71   16.52   16.28   15.99   15.64   15.24   14.74   13.99  
19.56   21.76   24.07   26.55   29.19   31.94   34.61   37.00   38.95   40.35   40.52   39.44   36.94   34.54   31.64   28.56   25.59   22.80   20.16   17.64   15.24   13.81   15.09   16.49   17.97   19.45   20.72   21.81   22.23   22.26   22.01   21.46   20.87   20.29   19.90   19.59   19.28   19.00   18.76   18.56   18.36   18.18   18.00   17.80   17.54   17.22   16.85   16.42   15.91   15.17  
18.76   20.87   23.18   25.62   28.23   30.80   33.24   35.28   36.88   38.02   38.24   37.32   35.32   32.87   30.33   27.54   24.66   21.86   19.22   16.72   14.32   12.99   14.30   15.73   17.26   18.85   20.42   21.75   22.83   23.14   22.87   22.46   21.96   21.51   21.19   20.94   20.67   20.41   20.18   19.97   19.76   19.58   19.38   19.17   18.89   18.55   18.15   17.70   17.17   16.43  
17.90   20.03   22.24   24.70   27.13   29.46   31.45   33.17   34.44   35.29   35.52   34.72   32.97   31.00   28.68   26.24   23.62   20.91   18.27   15.77   13.38   12.15   13.45   14.87   16.42   18.05   19.70   21.27   22.59   23.45   23.55   23.36   22.99   22.75   22.56   22.37   22.15   21.92   21.70   21.49   21.28   21.08   20.87   20.65   20.35   19.98   19.55   19.07   18.52   17.79  
17.06   19.09   21.36   23.64   25.84   27.74   29.41   30.70   31.67   32.44   32.69   32.00   30.44   28.71   26.79   24.62   22.32   19.85   17.30   14.80   12.45   11.38   12.59   14.00   15.54   17.18   18.87   20.48   21.92   22.94   23.64   23.81   23.82   23.84   23.86   23.83   23.71   23.54   23.34   23.12   22.90   22.69   22.48   22.24   21.92   21.52   21.05   20.54   19.96   19.24  
16.15   18.21   20.34   22.40   24.22   25.79   27.05   28.05   28.93   29.67   29.89   29.31   27.96   26.39   24.61   22.77   20.74   18.59   16.24   13.85   11.48   10.95   11.75   13.07   14.60   16.22   17.88   19.47   20.87   22.04   23.07   23.86   24.31   24.74   25.03   25.22   25.28   25.23   25.08   24.88   24.65   24.43   24.20   23.95   23.62   23.18   22.67   22.12   21.52   20.80  
15.24   17.25   19.16   20.88   22.37   23.58   24.56   25.45   26.31   26.98   27.20   26.72   25.53   24.12   22.48   20.77   18.94   17.04   14.98   12.78   11.36   11.09   11.31   12.22   13.67   15.28   16.82   18.31   19.58   20.82   22.19   23.32   24.39   25.27   26.01   26.47   26.77   26.90   26.88   26.75   26.53   26.30   26.05   25.79   25.44   24.97   24.41   23.82   23.18   22.45  
14.32   16.12   17.74   19.14   20.30   21.25   22.17   23.01   23.81   24.45   24.66   24.24   23.20   21.92   20.42   18.83   17.14   15.38   13.51   12.05   11.75   11.61   11.54   11.76   12.73   14.22   15.66   17.01   18.29   19.67   21.30   22.78   24.19   25.52   26.67   27.60   28.15   28.50   28.68   28.67   28.53   28.30   28.05   27.78   27.40   26.89   26.29   25.65   24.97   24.06  
13.25   14.79   16.11   17.21   18.14   19.04   19.91   20.72   21.47   22.05   22.24   21.89   21.00   19.82   18.45   16.97   15.42   13.85   12.79   12.54   12.39   12.26   12.13   12.08   12.24   13.06   14.38   15.65   17.05   18.69   20.42   22.18   23.89   25.50   27.00   28.35   29.37   29.98   30.38   30.58   30.57   30.42   30.18   29.91   29.51   28.95   28.30   27.62   26.73   25.37  
12.00   13.26   14.30   15.26   16.13   16.98   17.79   18.56   19.26   19.79   19.97   19.67   18.88   17.81   16.56   15.21   13.90   13.61   13.44   13.30   13.15   13.02   12.88   12.78   12.69   12.80   13.47   14.66   16.16   17.82   19.59   21.44   23.34   25.26   27.07   28.70   30.22   31.33   31.96   32.37   32.59   32.57   32.42   32.16   31.76   31.15   30.46   29.53   28.14   26.13  
10.57   11.59   12.54   13.43   14.27   15.05   15.81   16.54   17.18   17.67   17.84   17.58   16.90   15.95   14.92   14.67   14.59   14.47   14.30   14.17   14.01   13.88   13.74   13.62   13.50   13.39   13.42   14.13   15.41   17.00   18.78   20.68   22.67   24.75   26.85   28.83   30.56   32.21   33.37   33.93   34.39   34.63   34.64   34.50   34.08   33.44   32.51   31.08   28.92   26.53  
9.96    10.12   10.93   11.74   12.52   13.26   13.97   14.64   15.24   15.68   15.84   15.64   15.16   15.12   15.41   15.52   15.51   15.42   15.28   15.13   14.98   14.84   14.70   14.57   14.43   14.28   14.09   14.10   14.89   16.26   17.98   19.89   21.94   24.09   26.34   28.59   30.71   32.41   34.15   35.22   35.76   36.25   36.61   36.59   36.21   35.48   34.14   31.80   29.38   26.37  
10.73   10.60   10.10   10.25   10.90   11.59   12.25   12.87   13.42   13.83   14.00   13.99   14.83   15.53   16.02   16.30   16.42   16.42   16.34   16.21   16.05   15.91   15.77   15.62   15.46   15.29   15.06   14.85   14.88   15.72   17.23   19.09   21.14   23.35   25.65   28.04   30.41   32.52   34.12   35.52   36.68   37.10   37.86   37.90   37.63   36.74   34.69   32.31   29.14   25.80  
11.59   11.44   10.76   10.02   9.55    10.05   10.65   11.22   11.74   12.15   12.62   13.76   14.83   15.75   16.45   16.96   17.26   17.38   17.40   17.35   17.23   17.09   16.94   16.77   16.61   16.42   16.16   15.92   15.73   15.72   16.65   18.32   20.32   22.52   24.86   27.29   29.74   32.02   33.76   35.10   36.20   37.38   38.24   38.59   37.95   36.79   34.77   31.88   28.49   25.05  
12.50   12.34   11.56   10.71   9.70    8.79    9.18    9.69    10.22   11.08   12.24   13.44   14.64   15.75   16.69   17.43   17.96   18.28   18.43   18.49   18.46   18.36   18.20   18.04   17.87   17.66   17.37   17.11   16.88   16.69   16.62   17.66   19.50   21.65   23.98   26.42   28.82   31.06   32.88   34.09   35.36   36.50   37.55   38.20   37.54   36.36   34.27   31.16   27.68   24.18  
13.38   13.23   12.37   11.33   9.97    8.50    7.97    8.69    9.64    10.68   11.82   13.03   14.28   15.53   16.68   17.68   18.47   19.03   19.39   19.59   19.69   19.69   19.58   19.41   19.23   19.02   18.69   18.40   18.16   17.94   17.70   17.57   18.75   20.78   23.05   25.48   27.90   29.90   31.71   33.14   34.14   35.33   36.58   37.26   36.88   35.33   33.00   30.08   26.68   23.25  
14.08   13.96   12.97   11.54   10.05   8.20    7.50    8.34    9.27    10.28   11.39   12.59   13.86   15.18   16.48   17.69   18.75   19.62   20.25   20.67   20.90   21.01   21.01   20.88   20.70   20.48   20.11   19.79   19.54   19.31   19.04   18.72   18.54   19.91   22.12   24.48   26.62   28.52   30.14   31.45   32.60   33.70   34.49   35.31   35.24   33.77   31.13   28.57   25.53   22.30  
14.44   14.33   13.06   11.61   9.68    7.65    7.17    7.99    8.90    9.89    10.97   12.14   13.41   14.74   16.12   17.49   18.79   19.95   20.90   21.60   22.05   22.30   22.43   22.43   22.28   22.06   21.63   21.29   21.03   20.79   20.50   20.13   19.73   19.52   21.14   23.21   25.06   26.68   28.08   29.36   30.41   31.16   32.01   32.56   32.65   31.34   29.27   26.67   24.07   21.18  
14.32   14.18   12.90   11.09   9.07    6.88    6.83    7.63    8.53    9.50    10.56   11.70   12.94   14.27   15.68   17.14   18.61   20.03   21.29   22.32   23.07   23.55   23.81   23.93   23.91   23.70   23.23   22.90   22.64   22.39   22.08   21.68   21.22   20.74   20.42   21.69   23.27   24.66   25.86   26.94   27.80   28.46   29.19   29.72   29.69   28.52   26.72   24.70   22.29   19.78  
13.65   13.77   12.30   10.45   8.21    6.08    6.47    7.26    8.14    9.10    10.14   11.27   12.48   13.80   15.21   16.71   18.27   19.86   21.38   22.75   23.85   24.65   25.15   25.40   25.48   25.28   24.91   24.62   24.37   24.12   23.79   23.35   22.85   22.30   21.73   21.19   21.32   22.47   23.52   24.39   25.18   25.78   26.43   26.88   26.79   25.75   24.10   22.32   20.39   18.14  
12.54   13.11   11.65   9.51    7.29    5.42    6.11    6.89    7.75    8.70    9.72    10.83   12.02   13.32   14.72   16.22   17.82   19.50   21.20   22.84   24.31   25.49   26.35   26.86   27.04   26.96   26.73   26.48   26.23   25.97   25.63   25.15   24.60   24.01   23.38   22.69   21.92   20.96   21.23   21.97   22.68   23.25   23.82   24.19   24.05   23.12   21.64   19.99   18.20   16.34  
11.39   11.95   10.54   8.51    6.32    5.03    5.72    6.50    7.35    8.28    9.29    10.38   11.56   12.83   14.21   15.70   17.30   19.02   20.81   22.64   24.41   25.99   27.25   28.14   28.66   28.81   28.71   28.49   28.24   27.97   27.60   27.08   26.49   25.86   25.18   24.37   23.34   22.05   20.52   19.86   20.36   20.88   21.38   21.68   21.53   20.68   19.35   17.82   16.16   14.33  
9.86    10.49   9.32    7.33    5.39    4.63    5.33    6.10    6.94    7.85    8.84    9.91    11.08   12.33   13.69   15.16   16.75   18.46   20.29   22.22   24.18   26.08   27.79   29.12   30.06   30.59   30.73   30.62   30.39   30.12   29.73   29.15   28.52   27.84   27.00   25.90   24.52   22.89   20.94   18.89   18.33   18.69   19.12   19.36   19.19   18.43   17.22   15.81   14.25   12.42  
8.22    8.93    7.96    6.18    4.50    4.24    4.93    5.68    6.51    7.41    8.38    9.44    10.58   11.82   13.16   14.61   16.18   17.88   19.70   21.66   23.71   25.83   27.87   29.71   31.13   32.12   32.67   32.81   32.66   32.40   32.00   31.37   30.67   29.79   28.63   27.16   25.43   23.33   21.10   18.99   17.11   16.76   17.04   17.22   17.03   16.34   15.24   13.93   12.46   10.63  
6.64    7.40    6.61    5.06    3.68    3.83    4.52    5.26    6.07    6.96    7.91    8.95    10.07   11.30   12.62   14.05   15.59   17.26   19.07   21.02   23.11   25.31   27.58   29.77   31.76   33.27   34.33   34.88   34.98   34.81   34.38   33.67   32.76   31.52   29.94   28.12   25.84   23.44   21.14   19.15   17.44   15.92   15.27   15.28   15.05   14.40   13.40   12.18   10.78   8.95   
5.16    5.97    5.34    4.01    2.91    3.43    4.10    4.83    5.62    6.49    7.43    8.45    9.56    10.75   12.06   13.47   14.99   16.64   18.42   20.35   22.42   24.66   27.01   29.45   31.80   33.96   35.52   36.64   37.18   37.20   36.73   35.84   34.55   32.81   30.97   28.45   25.84   23.37   21.18   19.44   17.85   16.27   14.66   13.63   13.26   12.62   11.69   10.56   9.22    7.38   
3.80    4.64    4.15    3.06    2.42    3.01    3.67    4.38    5.16    6.01    6.93    7.94    9.02    10.20   11.48   12.87   14.37   16.00   17.75   19.65   21.71   23.92   26.31   28.83   31.44   33.94   36.28   37.79   38.90   39.24   38.73   37.53   35.77   33.84   31.14   28.28   25.61   23.20   21.22   19.71   18.04   16.41   14.84   12.95   11.73   11.00   10.11   9.04    7.75    5.92   
2.57    3.42    3.06    2.20    2.01    2.59    3.22    3.92    4.68    5.52    6.42    7.41    8.47    9.63    10.89   12.25   13.73   15.33   17.07   18.94   20.96   23.16   25.51   28.07   30.74   33.54   36.16   38.54   39.56   40.38   39.76   38.47   36.63   33.72   30.71   27.81   25.13   22.85   21.12   19.55   18.01   16.54   14.69   12.60   10.41   9.52    8.65    7.64    6.39    4.55   
1.55    2.31    2.06    1.43    1.60    2.15    2.77    3.45    4.19    5.01    5.89    6.86    7.91    9.05    10.28   11.62   13.07   14.65   16.36   18.21   20.21   22.36   24.71   27.21   29.94   32.75   35.66   38.13   40.06   40.41   40.17   38.68   35.98   32.93   29.89   27.05   24.49   22.27   20.48   19.04   17.76   16.20   14.24   11.93   9.50    8.21    7.31    6.33    5.12    3.29   
0.70    1.32    1.16    0.78    1.20    1.72    2.31    2.97    3.69    4.48    5.35    6.30    7.33    8.44    9.66    10.97   12.40   13.95   15.64   17.45   19.43   21.56   23.84   26.35   28.98   31.86   34.66   37.33   38.91   39.99   39.76   37.79   35.03   32.01   28.96   26.13   23.57   21.35   19.85   18.52   17.15   15.54   13.41   10.97   8.63    7.03    6.07    5.12    3.95    2.25   
0.08    0.44    0.37    0.49    0.83    1.29    1.84    2.47    3.18    3.95    4.79    5.72    6.73    7.82    9.02    10.31   11.71   13.24   14.88   16.68   18.62   20.72   23.00   25.43   28.09   30.82   33.56   35.77   37.34   38.70   38.48   36.33   33.68   30.92   27.97   25.09   22.48   20.22   18.84   17.76   16.44   14.64   12.34   10.05   7.67    5.94    4.93    4.00    2.88    1.37   
0.02    0.05    0.12    0.26    0.51    0.89    1.38    1.97    2.65    3.40    4.22    5.12    6.11    7.18    8.35    9.63    11.01   12.50   14.13   15.88   17.80   19.86   22.11   24.53   27.10   29.67   31.92   33.66   35.52   36.34   36.08   34.13   31.87   29.38   26.65   23.94   21.27   19.02   17.73   16.71   15.42   13.50   11.35   9.03    6.76    4.93    3.88    2.97    1.91    0.63   
0.01    0.02    0.05    0.12    0.28    0.55    0.95    1.48    2.11    2.84    3.64    4.51    5.48    6.52    7.67    8.92    10.28   11.75   13.34   15.08   16.93   19.00   21.19   23.58   25.97   28.10   29.83   31.64   32.70   33.40   33.12   31.55   29.59   27.36   25.01   22.49   20.02   17.64   16.49   15.53   14.20   12.27   10.17   8.03    5.80    3.98    2.91    2.02    1.05    0.14   
0.00    0.00    0.02    0.05    0.12    0.29    0.58    1.01    1.58    2.26    3.04    3.89    4.82    5.85    6.97    8.19    9.52    10.97   12.54   14.23   16.09   18.06   20.28   22.49   24.49   26.17   27.81   28.90   29.77   30.35   30.07   28.71   26.96   25.10   23.01   20.83   18.56   16.38   15.21   14.27   13.01   11.14   9.03    6.92    4.85    3.09    2.01    1.15    0.32    0.04   
0.00    0.00    0.00    0.02    0.05    0.13    0.30    0.61    1.08    1.70    2.42    3.25    4.16    5.15    6.25    7.44    8.75    10.16   11.71   13.38   15.18   17.18   19.24   21.10   22.71   24.20   25.28   26.15   26.94   27.42   27.14   25.95   24.35   22.63   20.84   18.91   16.93   14.95   13.92   13.03   11.78   9.99    7.92    5.85    3.87    2.24    1.19    0.40    0.06    0.01   
0.00    0.00    0.00    0.00    0.01    0.04    0.13    0.31    0.64    1.15    1.81    2.59    3.48    4.45    5.50    6.68    7.94    9.34    10.85   12.49   14.28   16.19   17.93   19.45   20.83   21.87   22.75   23.56   24.28   24.67   24.40   23.35   21.90   20.32   18.66   16.90   15.13   13.46   12.52   11.71   10.52   8.74    6.77    4.79    2.94    1.44    0.46    0.08    0.02    0.01   
0.00    0.00    0.00    0.00    0.00    0.01    0.04    0.12    0.32    0.68    1.23    1.94    2.78    3.72    4.75    5.88    7.14    8.47    9.98    11.57   13.33   14.96   16.40   17.67   18.68   19.58   20.40   21.14   21.79   22.12   21.85   20.92   19.61   18.16   16.62   15.01   13.41   11.96   11.11   10.31   9.18    7.50    5.65    3.78    2.08    0.73    0.13    0.03    0.01    0.00   
0.00    0.00    0.00    0.00    0.00    0.00    0.01    0.04    0.12    0.32    0.71    1.31    2.07    2.97    3.97    5.08    6.27    7.63    9.04    10.66   12.18   13.53   14.72   15.69   16.61   17.45   18.21   18.90   19.47   19.75   19.50   18.66   17.47   16.14   14.73   13.25   11.80   10.51   9.69    8.90    7.83    6.28    4.56    2.84    1.28    0.22    0.05    0.01    0.00    0.00   
0.00    0.00    0.00    0.00    0.00    0.00    0.00    0.01    0.04    0.12    0.33    0.75    1.40    2.22    3.17    4.25    5.43    6.69    8.15    9.57    10.84   11.96   12.93   13.84   14.69   15.47   16.18   16.81   17.32   17.55   17.32   16.57   15.49   14.26   12.96   11.60   10.28   9.12    8.33    7.55    6.53    5.12    3.53    1.95    0.59    0.10    0.02    0.01    0.00    0.00   
0.00    0.00    0.00    0.00    0.00    0.00    0.00    0.00    0.01    0.03    0.11    0.33    0.79    1.49    2.37    3.39    4.54    5.81    7.13    8.33    9.38    10.37   11.27   12.11   12.90   13.63   14.29   14.87   15.32   15.52   15.29   14.62   13.64   12.51   11.31   10.06   8.85    7.80    7.03    6.28    5.32    4.02    2.57    1.15    0.18    0.04    0.01    0.00    0.00    0.00   
0.00    0.00    0.00    0.00    0.00    0.00    0.00    0.00    0.00    0.01    0.03    0.11    0.33    0.83    1.58    2.54    3.63    4.85    5.97    6.99    7.97    8.89    9.73    10.51   11.25   11.92   12.53   13.06   13.47   13.63   13.42   12.81   11.92   10.88   9.77    8.63    7.52    6.55    5.82    5.09    4.18    2.99    1.68    0.46    0.07    0.01    0.00    0.00    0.00    0.00   
0.00    0.00    0.00    0.00    0.00    0.00    0.00    0.00    0.00    0.00    0.01    0.02    0.10    0.32    0.87    1.68    2.71    3.77    4.80    5.75    6.66    7.51    8.30    9.03    9.71    10.33   10.90   11.39   11.75   11.89   11.69   11.13   10.32   9.37    8.34    7.29    6.27    5.38    4.68    3.98    3.12    2.04    0.88    0.12    0.02    0.00    0.00    0.00    0.00    0.00   
0.00    0.00    0.00    0.00    0.00    0.00    0.00    0.00    0.00    0.00    0.00    0.00    0.02    0.08    0.31    0.91    1.79    2.76    3.71    4.60    5.45    6.24    6.97    7.64    8.28    8.86    9.38    9.83    10.15   10.27   10.08   9.58    8.83    7.96    7.01    6.04    5.11    4.29    3.61    2.94    2.14    1.16    0.19    0.03    0.00    0.00    0.00    0.00    0.00    0.00   
0.00    0.00    0.00    0.00    0.00    0.00    0.00    0.00    0.00    0.00    0.00    0.00    0.00    0.02    0.07    0.30    0.95    1.83    2.70    3.53    4.32    5.05    5.73    6.36    6.95    7.48    7.97    8.38    8.67    8.77    8.59    8.13    7.45    6.65    5.77    4.88    4.02    3.26    2.62    1.98    1.24    0.41    0.05    0.01    0.00    0.00    0.00    0.00    0.00    0.00   
0.00    0.00    0.00    0.00    0.00    0.00    0.00    0.00    0.00    0.00    0.00    0.00    0.00    0.00    0.01    0.06    0.27    0.97    1.77    2.54    3.27    3.95    4.58    5.16    5.71    6.21    6.66    7.03    7.30    7.38    7.21    6.79    6.17    5.43    4.62    3.80    3.01    2.31    1.70    1.10    0.45    0.05    0.01    0.00    0.00    0.00    0.00    0.00    0.00    0.00   
0.00    0.00    0.00    0.00    0.00    0.00    0.00    0.00    0.00    0.00    0.00    0.00    0.00    0.00    0.00    0.01    0.04    0.23    0.91    1.61    2.29    2.92    3.51    4.06    4.56    5.03    5.44    5.78    6.02    6.09    5.93    5.55    4.98    4.30    3.56    2.80    2.07    1.41    0.84    0.32    0.03    0.00    0.00    0.00    0.00    0.00    0.00    0.00    0.00    0.00   
0.00    0.00    0.00    0.00    0.00    0.00    0.00    0.00    0.00    0.00    0.00    0.00    0.00    0.00    0.00    0.00    0.00    0.03    0.17    0.76    1.38    1.97    2.52    3.02    3.49    3.92    4.31    4.62    4.83    4.89    4.75    4.39    3.87    3.25    2.56    1.86    1.19    0.59    0.10    0.01    0.00    0.00    0.00    0.00    0.00    0.00    0.00    0.00    0.00    0.00   
0.00    0.00    0.00    0.00    0.00    0.00    0.00    0.00    0.00    0.00    0.00    0.00    0.00    0.00    0.00    0.00    0.00    0.00    0.01    0.08    0.56    1.09    1.59    2.07    2.50    2.90    3.25    3.54    3.73    3.78    3.65    3.32    2.85    2.27    1.64    1.00    0.40    0.04    0.01    0.00    0.00    0.00    0.00    0.00    0.00    0.00    0.00    0.00    0.00    0.00   
0.00    0.00    0.00    0.00    0.00    0.00    0.00    0.00    0.00    0.00    0.00    0.00    0.00    0.00    0.00    0.00    0.00    0.00    0.00    0.00    0.03    0.30    0.74    1.18    1.58    1.95    2.27    2.54    2.71    2.75    2.62    2.33    1.89    1.36    0.79    0.24    0.02    0.00    0.00    0.00    0.00    0.00    0.00    0.00    0.00    0.00    0.00    0.00    0.00    0.00   
