#Transition Function.
-0.20   1.06    -0.10  
0.08    0.11    0.05   
-0.00   0.00    0.00   
#Transition Function.
-0.00   0.00    0.00   
0.10    0.15    0.09   
-0.16   0.92    -0.10  
#Transition Function.
-0.03   0.16    -0.03  
0.78    0.15    -0.19  
-0.04   0.23    -0.04  
#Transition Function.
-0.03   0.18    -0.00  
-0.24   -0.06   1.00   
-0.05   0.22    -0.01  
#Transition Function.
0.87    0.10    -0.16  
0.10    0.11    -0.04  
-0.01   0.03    -0.00  
#Transition Function.
-0.12   -0.11   1.09   
-0.02   0.09    0.07   
0.00    0.00    0.00   
#Transition Function.
-0.00   0.00    0.00   
0.05    0.24    -0.03  
0.70    0.12    -0.09  
#Transition Function.
-0.00   -0.00   0.00   
-0.03   0.08    0.13   
-0.13   0.01    0.95   
