#Value Function.
61.2405 61.2368 61.2609 61.2465 61.2970 61.3099 61.5630 63.5737 64.7939 65.6070 66.5705 67.9314 69.3543 70.5724 71.5669 72.2772 72.6548 72.7689 72.7965 72.7841 72.7946 72.7840 72.7946 72.7848 72.8011 72.8380 73.1889 73.1913 73.2188 73.1948 73.2283 73.2762 73.7564 75.0703 77.1571 77.4907 77.6400 77.6349 77.7010 77.6994 77.7715 77.8107 77.7815 77.7489 77.7544 77.7178 77.7406 77.7161 77.7452 77.7609
61.3619 62.4664 62.4924 62.4627 62.5122 62.4832 62.5202 64.9957 66.1754 66.9098 67.8466 69.2666 70.7511 71.9952 73.0154 73.7447 74.1139 74.2030 74.2317 74.2102 74.2269 74.2103 74.2269 74.2103 74.2275 74.2218 74.6687 74.6170 74.6556 74.6158 74.6555 74.6428 75.0649 76.3877 78.8408 78.9469 79.0920 79.0541 79.1367 79.1146 79.2021 79.2465 79.2115 79.1729 79.1900 79.1388 79.1769 79.1379 79.1768 77.8864
62.3220 63.5149 63.5191 63.5412 63.4921 63.5515 63.4972 63.5576 66.3239 67.3498 68.0141 68.9354 70.4326 71.9664 73.2315 74.2752 75.0232 75.3871 75.4459 75.4776 75.4504 75.4783 75.4504 75.4785 75.4542 75.5539 75.8942 75.9249 75.8481 75.9148 75.8476 76.1585 77.7823 77.9292 78.0416 80.3639 80.2766 80.3968 80.3404 80.4499 80.4959 80.4858 80.4483 80.4605 80.4064 80.4438 80.3704 80.4359 80.3691 78.9721
63.3041 64.4753 64.5535 64.5294 64.5684 64.4750 64.5714 64.5368 64.5543 67.6977 68.4922 69.1155 70.0265 71.6265 73.2027 74.4764 75.5401 76.3064 76.6641 76.6835 76.7330 76.6867 76.7335 76.6880 76.7586 77.1825 77.2050 77.1261 77.1883 77.0705 77.1833 79.2386 79.1740 79.3027 79.2676 81.2876 81.6654 81.5547 81.6963 81.7493 81.6837 81.7640 81.7249 81.6804 81.7105 81.6346 81.7044 81.5902 81.7190 80.2826
64.2504 65.3872 65.4802 65.5486 65.5017 65.5569 65.5028 65.5567 65.5021 67.8517 68.8493 69.6548 70.2251 71.1061 72.8403 74.4494 75.7215 76.8135 77.5998 77.9445 77.9123 77.9951 77.9166 78.0063 78.0617 78.5046 78.4140 78.4675 78.3489 78.4634 78.3046 79.9429 80.5687 80.4867 80.6113 80.5885 82.7532 82.9391 83.0029 82.8927 83.0154 82.9491 82.8940 82.9772 82.9033 82.9675 82.8502 82.9775 82.9804 81.5469
65.2951 66.4263 66.3490 66.4551 66.5121 66.4203 66.5138 66.4866 66.2708 67.7952 68.9719 69.9987 70.8365 71.3406 72.1844 74.0744 75.7076 76.9688 78.0884 78.8978 79.2298 79.1357 79.2675 79.2349 79.8183 79.7394 79.7586 79.6377 79.7414 79.5758 79.1898 78.7436 81.4487 81.8720 81.8020 81.9321 81.9485 84.2471 84.1444 84.2594 84.2175 84.1118 84.1891 84.0984 84.2295 84.1134 84.2337 84.2282 84.1895 82.7595
66.2176 67.3242 67.3956 67.3210 67.4233 67.4289 67.4329 67.1703 67.2367 67.2428 68.9033 70.0970 71.1516 72.0375 72.4671 73.2351 75.3404 76.9743 78.2171 79.3713 80.1998 80.5292 80.4468 80.5932 80.6781 81.1058 80.9391 81.0185 80.8492 80.4403 79.9915 79.4763 82.3202 82.6764 83.1771 83.1343 83.3939 85.3275 85.4986 85.3859 85.4973 85.4331 85.2948 85.4159 85.3585 85.4832 85.4719 85.4319 85.3697 83.9444
67.0329 68.1575 68.2663 68.3159 68.3052 68.3259 68.2126 68.1427 68.1910 68.1051 68.1405 70.0535 71.2179 72.3188 73.2701 73.5904 74.2522 76.6501 78.2450 79.4571 80.6575 81.4981 81.8142 81.7564 82.3647 82.2687 82.2719 82.1138 81.6809 81.2425 80.7017 80.2704 82.7387 83.6121 83.8687 84.4762 85.6703 85.7736 86.6128 86.7170 86.6012 86.7090 86.6318 86.7087 86.7252 86.7012 86.6669 86.6103 86.5379 85.1098
67.5136 68.6425 69.1071 69.1580 69.1935 69.1429 69.0402 69.1009 69.0023 69.0769 69.1174 70.1349 71.1244 72.3627 73.4956 74.5422 74.7301 75.2240 78.0294 79.5118 80.6939 81.9364 82.7894 82.9917 83.2220 83.3460 83.2839 82.8984 82.4859 81.9257 81.4800 81.1799 83.6332 83.8830 84.9214 85.0028 85.5904 87.0158 87.1611 87.8560 87.9065 87.7849 87.9048 87.9286 87.9099 87.8853 87.8373 87.7761 87.6620 86.2366
67.4737 68.4791 69.6196 70.0236 70.0104 70.0655 69.9995 69.8971 69.9828 70.0467 69.9950 69.9063 71.2395 72.3568 73.5054 74.6786 75.8615 75.8758 76.1190 79.5027 80.7542 81.8982 83.1288 83.9313 84.0477 84.1180 83.9522 83.6368 83.1237 82.6866 82.3533 82.4452 84.3890 84.8732 84.9636 86.2671 86.9786 86.5203 88.3896 88.8045 89.0195 89.0692 89.0933 89.0783 89.0674 89.0446 88.9945 88.8945 88.7197 87.2933
67.7657 68.8427 69.2817 70.6081 70.9238 70.8456 70.9451 70.8529 70.9515 70.9105 70.8755 70.6385 70.4917 72.3643 73.5100 74.6709 75.8745 77.2388 78.3726 79.5505 80.7268 81.9854 83.0177 84.1203 84.6827 84.6274 84.5913 84.2421 83.8849 83.5432 83.4282 85.3660 85.3723 85.5510 86.1254 86.2298 87.4924 88.2788 88.9695 89.5242 89.9459 90.1530 90.1921 90.2117 90.1986 90.1734 90.0942 89.9536 89.6264 88.2087
67.7921 68.8591 69.7823 70.5771 71.5424 71.8286 71.6792 71.8418 71.7934 71.8197 71.5747 71.4504 71.4977 71.3185 73.5072 74.6946 76.0041 77.1301 78.4844 79.5948 80.7796 81.9234 83.1489 84.0230 84.8485 85.2950 85.1641 85.0121 84.7149 84.6274 84.6056 86.2984 86.6157 86.5299 86.6637 87.3553 87.4526 88.6630 89.3906 90.0828 90.6350 91.0545 91.2563 91.2635 91.2683 91.2282 91.1504 90.8468 90.3663 88.9628
67.7256 68.7688 69.7590 70.6685 71.5135 72.4806 72.7313 72.6495 72.7248 72.6431 72.4691 72.5137 72.3021 72.3789 73.5365 74.7937 75.9531 77.2672 78.4353 79.7291 80.7863 81.9763 82.9860 83.8844 84.5389 85.5084 85.9591 85.8077 85.8177 85.8125 85.8243 85.8485 87.6923 87.8210 87.7366 87.8531 88.5478 89.1037 89.7429 90.4773 91.1694 91.7106 92.0931 92.2496 92.1658 92.2157 91.9796 91.5401 91.0008 89.5973
67.7305 68.8213 69.6533 70.6481 71.5947 72.4496 73.4319 73.6247 73.5291 73.5942 73.5107 73.3437 73.4087 73.3774 73.2855 74.7741 76.0541 77.2795 78.6089 79.7399 80.8894 81.8078 82.1225 83.4571 84.4035 85.0208 86.4537 86.9973 87.0220 87.0294 87.0316 87.1106 88.5135 88.8925 88.9862 88.8979 89.0133 89.6490 90.1720 90.8061 91.5433 92.1923 92.6861 92.8934 92.9474 92.8463 92.5948 92.1574 91.3709 89.9925
67.6341 68.7359 69.7257 70.6828 71.5710 72.5274 73.4066 74.4057 74.5310 74.4451 74.4881 74.4209 74.4128 74.3333 74.3011 74.9163 75.0869 77.4561 78.6930 79.8610 80.7487 81.1632 82.2655 83.1793 83.9140 85.1789 85.9446 87.7510 88.2400 88.2181 88.2995 88.2590 88.3891 89.7978 90.0403 90.1249 90.0269 90.1323 90.7413 91.2214 91.8380 92.5147 93.0941 93.3612 93.4173 93.3355 93.0653 92.4652 91.5465 90.1680
67.6195 68.7534 69.7270 70.6428 71.6031 72.5072 73.5304 74.8643 75.3567 75.4744 75.3897 75.4370 75.3644 75.3742 75.3057 75.7775 76.0009 76.1594 76.5761 79.7074 80.2325 81.2100 82.0491 82.7806 83.9137 84.8358 86.4938 87.9773 89.0281 89.5132 89.3981 89.5718 89.4270 90.1083 91.0063 91.1539 91.2392 91.1423 91.2492 91.8366 92.2602 92.7943 93.3065 93.6167 93.5933 93.6427 93.3553 92.6569 91.4015 90.0725
67.5681 68.7339 69.6297 70.6307 71.5730 72.6055 73.8302 74.5034 75.9185 76.3465 76.4711 76.3763 76.4404 76.3662 76.4132 76.5107 76.8711 77.0760 77.1392 77.1253 77.0140 77.0745 81.6794 82.8819 85.4877 86.4590 86.7194 87.8876 89.2226 90.2921 90.7685 90.5073 90.7891 90.5665 91.1917 92.2210 92.2343 92.3509 92.3009 92.4189 92.9229 93.2133 93.5756 93.8147 93.8687 93.7816 93.4526 92.4031 91.1139 89.7989
67.4163 68.5823 69.6240 70.5962 71.7453 73.7503 73.5906 74.8207 75.4866 77.0450 77.3756 77.5171 77.4133 77.5095 77.4417 77.4833 77.5572 77.9734 78.1080 78.1245 78.0166 78.0585 77.9384 84.0803 85.2897 86.7908 87.7823 88.0603 89.2640 90.3586 91.4993 91.9679 91.5955 92.0005 91.5631 92.2428 93.4603 93.3550 93.4728 93.5883 93.6960 93.8770 93.9735 94.0754 94.1922 94.0871 93.2897 92.1689 90.9813 89.6921
67.3697 68.5785 69.5952 70.7901 72.5240 72.8681 75.0273 74.5599 76.0347 77.7425 78.0594 78.4344 78.6077 78.5078 78.6015 78.4818 78.9027 78.5557 79.1140 79.1386 79.1170 78.9823 79.0697 79.0047 85.0115 86.7085 88.0574 89.0566 89.4146 90.6245 91.7624 92.5482 93.1405 93.0962 93.2549 92.4738 94.5330 94.5601 94.5705 94.5789 94.6405 94.6859 94.7634 94.7532 94.7017 94.1841 93.1526 92.0370 91.3986 89.9807
67.3402 68.5534 69.7815 71.3474 72.0209 73.9059 75.4408 76.1985 77.1027 78.1990 78.8239 79.1027 79.5339 79.7150 79.5880 79.4917 79.5322 80.1132 80.2013 80.1953 80.2131 80.2041 80.0923 80.2131 80.2837 86.8476 87.9865 89.2383 90.1665 91.0513 91.8414 92.6236 93.5010 94.2826 94.9590 95.3470 95.5467 95.6291 95.6370 95.6396 95.6559 95.6651 95.6750 95.5818 95.1039 94.0501 93.6287 92.6430 91.3115 89.9316
67.4531 68.6953 69.8708 71.0852 72.7914 74.2973 75.2072 76.5583 77.2238 78.1347 79.3413 79.9354 80.1473 80.6454 80.8219 80.6353 80.5584 80.9745 81.2302 81.3108 81.2978 81.3261 81.3349 81.3892 81.4135 81.3455 81.5315 89.2106 90.2128 91.0476 91.8390 92.6190 93.4724 94.5099 95.3823 96.1056 96.4750 96.6393 96.7001 96.7001 96.6856 96.6993 96.6031 96.2005 95.0791 94.8004 93.8341 92.5006 91.4051 89.9821
67.5600 68.7975 70.0576 71.7179 73.4552 74.1758 75.4148 76.2444 77.7359 78.2461 79.3419 80.4904 81.0477 81.1514 81.7218 81.8938 81.6468 81.5232 82.0797 82.3488 82.4243 82.4079 82.4496 82.4473 82.5072 82.5240 82.5877 82.6870 90.0918 91.0023 91.7334 92.4517 93.5060 94.4610 95.6296 96.5245 97.2621 97.5886 97.7038 97.7076 97.7054 97.6789 97.3553 96.2530 96.0068 95.0468 93.7166 92.5939 91.3051 89.9035
67.7802 69.0098 70.6255 72.2893 73.3805 74.5952 75.2234 76.5515 77.3025 78.9639 79.8424 80.4996 81.6126 82.0671 81.9650 82.6983 82.8497 82.5270 82.4283 83.1806 83.4708 83.5391 83.5175 83.5778 83.5536 83.6232 83.5973 83.7417 83.8177 83.8907 91.5203 92.4555 93.3069 94.5513 95.5300 96.7976 97.6651 98.3599 98.5802 98.5752 98.5810 98.3958 98.0196 97.2420 96.2554 94.9405 93.8200 92.5178 91.3462 89.9192
68.2542 69.5274 71.1360 72.3055 73.4881 74.5398 75.7461 76.3133 77.8184 78.9732 80.0794 80.9222 81.6795 82.5711 82.9253 83.2462 83.3571 83.5906 83.3111 83.3227 84.3472 84.5873 84.6632 84.6211 84.7066 84.6419 84.7341 84.7431 84.7453 84.7027 84.4340 92.2084 93.3697 94.4263 95.7309 96.8313 97.9061 98.6881 99.1749 99.1832 99.1826 98.9609 98.3336 97.4222 96.1401 95.0548 93.7455 92.5710 91.2949 89.8795
68.6995 69.9947 71.2221 72.3996 73.4820 74.6761 75.8430 76.8938 77.8943 79.0186 80.0324 81.1371 81.9001 82.7538 83.0652 83.2499 83.6209 83.8668 84.3588 84.2016 84.2371 85.5795 85.7008 85.7883 85.7091 85.8233 85.7944 85.7749 85.7034 85.4345 84.9481 84.2379 93.2607 94.5399 95.7577 96.8628 97.9205 98.8532 99.3206 99.4020 99.4031 99.1426 98.4813 97.3961 96.2784 94.9739 93.8145 92.5260 91.3225 89.8901
68.8972 70.1410 71.3269 72.4436 73.6227 74.7952 75.8463 76.9220 77.9745 78.9866 80.0976 81.0334 82.0682 82.7346 83.1003 83.1939 83.4431 83.8528 84.3794 85.3027 85.3697 86.4827 86.6829 86.8032 86.9008 86.8713 86.8604 86.8011 86.5165 86.0217 85.3341 84.4086 93.3334 94.5842 95.7624 96.8935 97.8934 98.7171 99.3178 99.3970 99.3939 99.1377 98.4739 97.4982 96.2823 95.0667 93.8250 92.5727 91.2912 89.8594
69.2191 70.3733 72.4919 72.6055 73.7695 74.8601 75.9054 76.9718 77.9631 79.0381 80.0369 81.0753 81.9363 82.5862 82.8713 83.0992 83.3319 83.6415 84.3889 85.2655 86.4251 87.1113 87.5923 87.7511 87.8286 87.8792 87.8814 87.6230 87.1157 86.4506 85.5044 84.5080 93.8239 94.8304 95.8541 96.8054 97.8521 98.6897 99.1432 99.1394 99.1341 98.9115 98.2862 97.3912 96.3042 95.0667 93.6901 92.5404 91.2061 89.7913
70.2150 71.6107 72.7128 73.6539 74.4771 75.0179 76.1092 76.9827 78.0148 78.9995 80.0206 80.9027 81.6423 81.9552 81.3449 82.6421 82.7053 83.5814 84.3096 85.3557 86.3951 87.5489 88.1445 88.5967 88.6272 88.7836 88.6143 88.1474 87.5630 86.5989 85.5839 84.5169 93.8114 95.0137 95.9240 96.9269 97.8120 98.3619 98.5230 98.4897 98.4684 98.2788 97.8984 97.1310 96.1916 95.0682 93.8131 92.4254 91.2747 89.8284
70.1524 71.4206 72.6890 73.7423 74.6502 75.4538 76.1208 77.0611 78.0118 78.9658 79.7941 80.1770 77.5865 79.9021 81.6055 81.8842 82.6480 83.3543 84.3252 85.3590 86.6234 87.5642 88.5592 89.0267 89.2239 89.2239 89.0267 88.5681 87.6550 86.6556 85.5370 84.6018 93.9913 95.0924 96.0114 96.9612 97.4813 97.5792 97.5170 97.5721 97.5247 97.4708 97.1321 96.6750 95.8898 94.9388 93.8087 92.5509 91.1599 89.7537
69.8253 71.0592 72.4795 73.6951 74.6405 75.4936 76.2573 77.0994 77.8997 78.2181 74.7824 75.9092 77.1131 78.4309 80.9027 81.6069 82.3427 83.2716 84.2988 85.5208 86.5592 87.6539 88.4512 89.2011 89.4543 89.4543 89.2011 88.5225 87.6853 86.5645 85.6127 84.6002 94.1645 95.2439 96.1832 96.7054 96.7402 96.5660 96.5410 96.4124 96.2679 96.3677 96.2584 95.9084 95.4051 94.6265 93.6709 92.5461 91.2883 89.8436
69.3566 70.6473 72.0755 73.4421 74.5532 75.4074 76.2792 76.8940 76.8076 73.7699 74.7404 75.8411 76.9634 78.1532 79.2933 80.4805 81.5996 82.8646 84.4087 85.4832 86.6129 87.5908 88.5586 89.0209 89.4543 89.4543 89.0209 88.5682 87.6585 86.6657 85.5620 84.6530 94.3147 95.3620 95.9148 95.9842 95.7658 95.7422 95.4903 95.3691 95.1399 95.0166 95.1172 94.9953 94.6473 94.1267 93.3572 92.4035 91.2830 89.8326
68.3535 69.7598 71.7315 73.0075 74.3669 75.3625 75.6058 72.6584 73.2218 73.9169 74.7980 75.7954 76.9235 78.0412 79.2477 80.3763 81.5844 82.6719 83.9306 84.9743 86.3185 87.2724 88.4293 89.0064 89.2239 89.2239 89.0064 88.4312 87.6720 86.6481 85.6090 84.5764 94.3007 94.9399 95.1128 94.9359 94.7821 94.4609 94.5358 94.2958 94.1394 93.9224 93.8039 93.8521 93.7220 93.3790 92.8504 92.0873 91.1363 89.6814
66.1325 67.1729 71.0394 72.7753 73.9244 71.0133 72.0291 72.9151 73.6195 74.2258 74.9348 75.8606 76.8695 78.0292 79.1310 80.3690 81.4726 82.7158 83.7537 85.0723 86.0123 87.4016 88.0959 88.4364 88.4314 88.5994 88.4553 88.0998 87.4543 86.5992 85.5714 84.5604 93.7608 94.0628 93.9306 93.8010 93.8303 93.3635 93.1413 93.2702 93.0670 92.8923 92.6876 92.5781 92.5885 92.4503 92.1095 91.5756 90.8172 89.3588
65.3024 66.4613 67.9260 72.4016 69.7364 70.8536 71.9692 72.9895 73.9306 74.6769 75.2681 75.9915 76.9544 77.9604 79.1561 80.2271 81.5112 82.5684 83.8683 84.8249 86.2333 87.0004 87.4466 87.5641 87.5671 87.5832 87.6998 87.4809 87.0220 86.3575 85.4903 84.5003 92.8457 92.7953 92.6635 92.7645 92.2152 91.9716 92.0151 91.8751 91.9892 91.8213 91.6432 91.4522 91.3470 91.3277 91.1801 90.8393 90.3019 88.8411
65.1135 66.3652 67.4899 68.5508 69.7005 70.7421 71.8705 72.9981 74.0422 75.0166 75.7813 76.3380 77.0657 78.0662 79.0505 80.2973 81.3144 82.6701 83.6489 85.0428 85.8606 86.3353 86.5122 86.5800 86.6034 86.6913 86.6247 86.6374 86.3992 85.9201 85.2485 84.3891 84.4512 90.6595 91.4750 91.4740 91.4896 90.7750 90.6675 90.7201 90.6111 90.7097 90.5706 90.3954 90.2159 90.1120 90.0688 89.9112 89.5688 88.1112
64.9932 66.2416 67.4692 68.5660 69.6089 70.7733 71.7844 72.9300 74.0837 75.1343 76.1379 76.9079 77.4212 78.1477 79.1903 80.1306 81.4577 82.3808 83.8538 84.7007 85.1374 84.8659 85.5416 85.5896 85.6965 85.6600 85.6780 85.6347 85.5875 85.3318 84.8497 84.1520 83.4152 84.0397 88.9396 90.1010 90.2291 89.4463 89.4630 89.3872 89.4364 89.3173 89.4318 89.3172 89.1483 88.9785 88.8740 88.8110 88.6433 87.1906
65.0496 66.3347 67.4705 68.5592 69.6551 70.6727 71.7651 72.8605 74.0219 75.1895 76.2447 77.2821 78.0530 78.5030 79.2263 80.3325 81.1926 82.6459 83.4124 82.9165 83.5731 83.9962 84.5939 84.7519 84.8202 84.8536 84.7702 84.7311 84.6812 84.6133 84.3473 83.8122 83.0935 82.4895 83.4096 87.3756 88.7143 88.2099 88.1545 88.1744 88.0952 88.1629 88.0947 88.1629 88.0627 87.9015 87.7399 87.6337 87.5541 86.1137
65.0458 66.3282 67.4424 68.5807 69.6562 70.7202 71.7664 72.8651 73.9504 75.1270 76.3168 77.3577 78.4381 79.2131 79.5757 80.2805 81.4806 82.2055 82.1566 82.2393 81.9531 82.5389 83.8895 84.0808 84.2380 84.2391 84.1610 84.0600 83.9406 83.8881 83.7845 83.4258 82.8268 82.0570 81.5643 82.6296 85.9176 87.2455 86.9192 86.8644 86.9035 86.8627 86.9034 86.8627 86.8998 86.8082 86.6547 86.5003 86.3916 84.9644
65.0350 66.3167 67.4471 68.5504 69.7005 70.7668 71.8331 72.8688 73.9785 75.0496 76.2444 77.4551 78.4681 79.6020 80.3328 80.5069 81.2168 81.0168 81.0804 81.0687 81.1390 82.8320 83.3504 83.7464 83.8680 83.8883 83.8428 83.6322 83.4825 83.3308 83.2219 82.9514 82.5016 81.7969 81.0107 80.6298 81.7489 84.5247 85.6282 85.6497 85.6252 85.6494 85.6249 85.6466 85.6245 85.6404 85.5540 85.4079 85.2595 83.8335
65.0386 66.3267 67.4325 68.5679 69.6599 70.8306 71.8817 72.9546 73.9742 75.1025 76.1499 77.3638 78.6021 79.5129 80.6521 81.0116 80.5011 80.2290 79.9612 79.9771 80.0173 82.4066 82.9916 83.3929 83.5821 83.6024 83.5473 83.3727 83.1253 82.8954 82.7077 82.4744 82.0437 81.4642 80.7102 79.9484 79.6775 80.7970 83.1567 84.3843 84.3987 84.3838 84.3963 84.3826 84.3915 84.3819 84.3835 84.3003 84.1610 82.7289
65.0300 66.3148 67.4493 68.5467 69.6939 70.7664 71.9686 72.9947 74.0821 75.0761 76.2382 77.2447 78.4821 79.7161 80.3466 80.6302 80.1378 79.5448 79.1479 78.8954 78.9235 82.0415 82.6430 83.0950 83.2847 83.2934 83.2135 83.0084 82.7880 82.5391 82.2423 81.9699 81.5657 81.0181 80.3686 79.6019 78.8853 78.7075 79.7936 81.8444 83.1408 83.1479 83.1390 83.1420 83.1211 82.9928 83.1203 83.1265 83.0469 81.6086
65.0320 66.3231 67.4327 68.5762 69.6597 70.8270 71.8669 73.1183 74.1028 75.2171 76.1647 77.3804 78.5469 79.1677 78.9518 79.4481 79.5558 79.0545 78.4591 78.0659 80.7141 81.6834 82.2260 82.6589 82.8152 82.8309 82.7651 82.5027 82.3405 82.1021 81.8095 81.4335 81.0030 80.5020 79.9264 79.2487 78.4900 77.8231 77.7207 78.7558 80.5710 81.8941 81.8925 81.8662 81.7730 81.8495 81.7729 81.8638 81.8698 80.4294
65.0010 66.2976 67.4496 68.5481 69.7068 70.7674 71.9772 73.0286 74.2660 75.1857 76.3355 77.4386 77.9921 77.9372 78.3298 78.4577 78.3680 78.3732 77.9184 77.3713 80.5553 81.1676 81.6857 81.9466 82.0801 82.0823 81.7117 81.5526 81.5736 81.4567 81.2040 80.8392 80.4116 79.9195 79.3967 78.8027 78.1195 77.3775 76.7621 76.7181 77.6941 80.6432 80.6149 80.5445 80.5883 80.5427 80.5882 80.5442 80.6104 79.1758
64.8995 66.1696 67.4327 68.5764 69.6616 70.8433 71.9411 73.1507 74.2097 75.3627 76.3507 76.3833 76.9459 77.2020 77.3183 77.2377 77.3154 77.2552 77.2026 76.7883 79.9867 79.9598 80.1534 81.0469 81.0193 81.0118 81.0407 80.5412 80.4371 80.5449 80.4257 80.1379 79.7516 78.7937 78.7463 78.2657 77.6712 76.9904 76.2685 75.7012 75.7006 76.7597 79.3105 79.3335 79.3061 79.3333 79.3061 79.3335 79.3098 77.8876
64.9099 66.1829 67.4498 68.5504 69.7143 70.8340 72.0325 73.1581 74.3394 75.2201 74.6292 75.9474 76.1453 76.1954 76.0732 76.1742 76.1318 76.1805 76.1335 78.5072 78.8523 78.8733 78.8984 79.9422 79.9600 79.9666 79.9477 79.9207 79.4969 79.3488 79.4389 79.3074 79.0171 78.5735 77.7725 77.5892 77.1277 76.5385 75.8631 75.1626 74.6392 74.6855 75.7673 77.8159 78.0548 78.0629 78.0817 78.0659 78.0825 76.6504
65.0125 66.3108 67.4360 68.5892 69.7212 70.9065 72.0562 73.2276 74.0556 73.8787 74.8817 75.1334 75.1484 75.0690 75.0647 74.9761 75.0397 75.0195 77.1503 77.6617 77.4584 77.7096 77.7625 78.8519 78.8645 78.8529 78.8604 78.6947 78.7541 78.3081 78.1995 78.2969 78.1733 77.8813 77.4120 76.7163 76.4441 75.9896 75.4057 74.7375 74.0589 73.5768 73.6656 74.7126 76.3999 76.7659 76.8138 76.8317 76.8232 75.3952
65.0323 66.3178 67.4663 68.6056 69.7812 70.9329 72.0650 72.8670 72.9386 73.7651 74.0895 73.9061 74.0500 74.0329 73.9581 73.9353 74.1188 75.8390 76.4675 76.4021 76.5022 76.3853 76.5742 76.7588 77.7397 77.7309 77.6124 77.7104 77.5983 77.5829 77.1542 77.0458 77.1487 77.0309 76.7378 76.2630 75.6396 75.3075 74.8522 74.2732 73.6134 72.9572 72.5136 72.6348 73.6183 75.0382 75.4746 75.5601 75.5822 74.1496
65.0580 66.3446 67.4882 68.6566 69.8045 70.8988 71.6747 71.9033 72.6105 72.9480 72.8876 72.9639 72.8333 72.9210 72.9044 73.1555 74.5855 75.2602 75.2082 75.3235 75.2970 75.3585 75.2960 75.4562 76.6013 76.5140 76.5634 76.4573 76.5619 76.4857 76.4170 76.0012 75.8955 75.9995 75.8869 75.5937 75.1226 74.5491 74.1760 73.7160 73.1411 72.4908 71.8569 71.4488 71.5911 72.4984 73.7145 74.1853 74.3033 72.8797
65.0818 66.3694 67.5319 68.6726 69.7355 70.4969 70.8257 71.3984 71.3764 71.6535 71.8126 71.7850 71.8228 71.7345 72.1562 73.3692 74.0477 74.0005 74.1177 74.1035 74.1883 74.1842 74.2244 75.3432 75.4065 75.4273 75.3577 75.4209 75.3575 75.4228 75.3634 74.7947 74.8491 74.7212 74.6294 74.7175 74.4472 73.9871 73.4488 73.0474 72.5810 72.0098 71.3695 70.7578 70.3814 70.5345 71.3620 72.4182 72.9003 71.6369
65.0965 65.2165 66.2567 67.3741 68.4080 69.1588 69.5538 70.0495 70.1150 70.3542 70.5053 70.5028 70.5300 70.5146 70.9593 72.0228 72.6736 72.7210 72.8181 72.8257 72.8946 72.9142 73.0487 73.9483 74.1017 74.1298 74.0834 74.1226 74.0818 74.1175 74.0244 73.5707 73.5494 73.4389 73.3588 73.3893 73.1334 72.6901 72.1756 71.7535 71.2808 70.7141 70.0872 69.5004 69.1510 69.2956 70.0290 70.9528 71.4228 71.4888
