#Value Function.
16.7537 17.0446 17.4454 17.8945 18.3245 18.7282 19.1249 19.5989 19.9331 20.2599 20.3370 20.3625 20.3484 20.3630 20.3484 20.3626 20.3449 20.4184 20.5491 20.5790 20.5938 20.5844 20.5940 20.5843 20.5922 20.5631 20.4767 20.2378 19.9408 19.6436 19.4091 19.1056 18.8643 18.7553 18.7530 18.7586 18.7740 18.9164 19.0958 19.2528 19.4543 19.6891 19.9297 19.9620 19.9813 19.9650 19.9525 19.7254 19.6456 19.5178
17.1244 17.2923 17.5890 18.0099 18.4793 18.9201 19.3315 19.7266 20.2464 20.5647 20.9387 20.9824 21.0118 20.9867 21.0116 20.9840 20.9989 20.9527 21.0607 21.2132 21.2284 21.2470 21.2305 21.2465 21.2175 21.1451 20.8876 20.5762 20.2587 20.0401 19.7106 19.4549 19.3253 19.3456 19.3593 19.3536 19.3602 19.3621 19.5380 19.7305 19.8808 20.0909 20.3354 20.6128 20.6124 20.6403 20.3505 20.2948 20.1795 19.9301
17.5625 17.6774 17.8319 18.1398 18.5825 19.0737 19.5244 19.9445 20.3295 20.9134 21.2384 21.6344 21.6303 21.6732 21.6286 21.6601 21.6063 21.5421 21.5838 21.7116 21.8923 21.8833 21.9116 21.8783 21.8289 21.4647 21.2114 20.8761 20.6865 20.3227 20.0519 19.9220 19.8940 19.9259 19.9581 19.9724 19.9619 19.9720 19.9567 20.1746 20.3767 20.5152 20.7369 20.9872 21.3555 20.9713 20.9550 20.8510 20.5757 20.3778
17.9151 18.1487 18.2365 18.3828 18.7037 19.1700 19.6852 20.1442 20.5759 20.9311 21.4049 21.8946 22.3578 22.2842 22.3425 22.2723 22.2355 21.9585 22.0314 22.2647 22.3733 22.5972 22.5488 22.5517 22.0781 21.6620 21.4899 21.3591 20.9480 20.6623 20.5321 20.5192 20.4841 20.3962 20.5687 20.5842 20.6024 20.5805 20.5206 20.5790 20.8321 21.0419 21.1620 21.4008 21.5880 21.6351 21.5467 21.2264 21.0346 20.8918
18.0219 18.5302 18.7443 18.8077 18.9449 19.2809 19.7727 20.3146 20.7790 21.2297 21.5532 21.8844 22.4043 23.0499 22.9463 22.9638 22.5794 22.5034 22.6440 22.6861 22.9720 23.0415 23.3339 22.5904 22.2277 22.1375 22.0652 21.5849 21.2866 21.1552 21.1620 21.1288 21.0516 20.8190 20.9144 21.2510 21.2200 21.2173 20.7309 21.0220 21.2353 21.5079 21.7278 21.8196 22.0722 22.2703 21.8874 21.7011 21.5602 21.4872
18.0477 18.6120 19.1623 19.3557 19.3912 19.5183 19.8718 20.3910 20.9633 21.4276 21.9081 22.2115 22.4080 22.9500 23.7330 23.2269 23.2012 23.0709 23.1273 23.3631 23.3430 23.7132 22.9955 22.8574 22.8075 22.8094 22.2301 21.9257 21.7908 21.8244 21.7860 21.7428 21.3717 21.3902 21.4640 21.5306 21.9697 21.2261 21.1168 21.3941 21.7073 21.9039 22.2031 22.4365 22.4760 22.5550 22.3870 22.2331 22.1987 21.9776
18.0452 18.6344 19.2062 19.8214 19.9821 19.9871 20.1027 20.4770 21.0248 21.6332 22.0878 22.6119 22.9076 23.0342 23.3453 23.9751 23.4362 23.4822 23.8109 23.8034 24.1187 23.4615 23.3383 23.3119 23.6001 22.8781 22.5833 22.4251 22.5096 22.4519 22.4671 22.0081 21.8390 21.9529 22.0565 22.1291 21.4633 21.3219 21.5792 21.7824 22.0735 22.4161 22.5823 22.9192 23.1671 23.0858 22.9112 22.9213 22.7309 22.1316
18.0771 18.6232 19.2310 19.8080 20.5129 20.6219 20.5956 20.6976 21.0973 21.6739 22.3272 22.7562 23.3427 23.6293 23.7093 23.9729 23.8869 24.1495 24.1576 24.5914 23.9618 23.9031 23.8659 24.0811 23.5206 23.2571 23.1138 22.9575 23.0501 23.2310 22.6649 22.3759 22.3743 22.5164 22.6478 22.0725 21.5400 21.7268 22.0046 22.2746 22.4612 22.7687 23.1520 23.2667 23.5763 23.6061 23.4475 23.5576 22.7639 22.0832
18.2078 18.6480 19.2089 19.8459 20.2039 20.8790 21.3082 21.2128 21.3031 21.7338 22.3374 23.0497 23.4273 24.1048 24.3730 24.3848 24.5620 24.4726 24.9410 24.3974 24.4842 24.4563 24.6603 24.1815 23.9493 23.8278 23.6263 23.6408 23.6495 23.3245 23.0386 22.9460 22.9805 23.0587 22.6259 22.1779 21.8866 22.1631 22.4141 22.7051 22.9921 23.1520 23.4789 23.9207 23.9354 23.9689 24.0539 23.2644 22.7979 22.0633
18.4862 18.7766 19.2262 19.7631 20.2304 20.7810 21.2831 21.9392 21.7987 21.9246 22.3872 23.0133 23.8076 24.0922 24.9061 24.9807 24.9925 25.2570 24.8176 24.9729 24.9422 25.2710 24.8776 24.6595 24.5682 24.3247 24.2915 24.2855 24.0123 23.7264 23.5731 23.5102 23.6633 23.1337 22.8823 22.2653 22.3605 22.5731 22.8710 23.1166 23.4234 23.7344 23.8528 24.2029 24.2984 24.6400 23.8231 23.2906 22.5824 22.0632
18.5573 19.1151 19.3443 19.7977 20.4012 20.8396 21.4294 21.8287 22.5305 22.3818 22.5653 23.0582 23.5033 24.2440 24.7241 25.5581 25.6216 25.3790 25.3909 25.5818 25.7526 25.6025 25.3838 25.3377 25.0440 24.9451 24.9621 24.7476 24.4301 24.2910 24.1412 24.3051 23.6791 23.5167 22.9167 22.5814 22.8205 23.0724 23.2731 23.6015 23.8335 24.1594 24.5054 24.5715 24.9935 24.1885 23.8364 23.1200 22.5598 21.8974
18.5820 19.1562 19.7679 19.9157 20.4049 21.0668 21.4636 22.1264 22.4387 23.1211 22.9763 23.2271 23.7483 24.0352 24.7718 25.3139 26.1738 25.9203 25.7403 25.9682 26.3770 26.1177 26.1423 25.7734 25.6901 25.5441 25.5162 25.1430 25.0423 24.7881 24.9349 24.3165 24.0855 23.6143 23.0098 23.0601 23.2929 23.5385 23.8060 23.9844 24.3582 24.5627 24.9130 25.2762 24.4616 24.1745 23.4941 23.0736 22.4229 21.8470
18.5677 19.1849 19.7566 20.4594 20.4812 21.0275 21.7641 22.0846 22.8674 23.0614 23.7238 23.5996 23.9098 24.5109 24.6870 25.3541 25.7058 26.5560 26.3109 26.1012 26.2212 26.9957 26.5121 26.5037 26.0963 26.1811 25.8687 25.8303 25.4772 25.5861 24.9092 24.7123 24.3600 23.6828 23.3398 23.5784 23.7810 24.0233 24.2734 24.5642 24.7032 25.1465 25.3123 24.5080 24.4322 23.7666 23.4010 22.7989 22.3425 21.7289
18.5824 19.1597 19.7996 20.2036 20.6803 21.0664 21.4598 22.1299 22.5845 23.2807 23.7191 24.3332 24.2660 24.6033 25.3221 25.3477 25.7055 26.1700 26.8701 26.6569 26.3464 26.5341 27.3739 26.8364 26.8052 26.4935 26.6628 26.1804 26.2559 25.6017 25.2463 25.1424 24.4066 23.7099 23.8149 24.0742 24.3223 24.5184 24.7735 25.0242 25.3514 25.4285 24.6354 24.5120 24.0266 23.6716 23.0713 22.6619 22.1104 21.6294
18.5657 19.1668 19.5922 20.0371 20.4313 21.0296 21.4429 21.9303 22.5594 23.0277 23.6443 24.1708 24.8211 24.9739 25.2980 26.1960 25.8569 26.0598 26.7245 27.1375 27.0391 26.7021 26.8861 27.6922 27.1344 27.3538 26.8857 26.9192 26.3424 25.8841 25.8579 25.1474 24.4039 23.9434 24.2481 24.5665 24.8265 25.0877 25.2716 25.5450 25.7888 24.9377 24.6058 24.0740 23.9762 23.6486 23.0677 22.4735 21.9604 21.4318
18.5499 18.9915 19.4203 19.8281 20.3749 20.8299 21.5211 21.8668 22.3546 22.9338 23.4837 24.1628 24.6867 25.0836 25.7471 25.5728 26.4266 26.4361 26.4256 27.2268 27.4389 27.4810 27.2178 27.2984 27.9761 27.5190 27.5573 27.1197 26.5997 26.5159 25.9128 25.1117 24.4530 24.5108 24.6724 25.0051 25.3394 25.5961 25.8767 26.0390 25.2349 24.9449 24.7558 24.7661 24.4527 23.8078 23.1833 22.5881 22.1371 21.4956
18.3967 18.8215 19.2339 19.7452 20.2189 20.8437 21.3071 22.0279 22.4548 22.8501 23.4325 23.9885 24.4952 25.2701 24.9977 25.5922 25.7491 26.4837 26.8861 26.9211 27.7796 27.7198 28.0971 27.7965 28.0373 28.1712 27.9443 27.3467 27.1356 26.7203 25.8499 25.1573 24.8042 24.9434 25.2970 25.4108 25.7848 26.1344 26.3871 25.5752 25.3617 25.3534 25.6062 25.2799 24.5548 23.9248 23.3456 22.6625 22.1993 21.4708
18.2323 18.6508 19.1363 19.6152 20.1949 20.6863 21.3365 21.8184 22.5373 23.1699 23.5206 23.9588 24.7540 24.5597 24.8034 25.0521 25.6759 26.1291 26.8566 27.1944 27.4928 28.3138 28.1544 28.6641 28.4811 28.6726 28.1141 27.8920 27.4571 26.5859 25.9165 25.2221 25.2543 25.5996 25.6820 26.1202 26.1525 26.5961 25.9065 25.6738 25.6886 26.2126 25.6797 24.8804 24.4904 24.1163 23.3465 22.9436 22.1536 21.4978
18.0733 18.5455 19.0220 19.5692 20.0716 20.6745 21.1840 21.8462 22.4317 23.0166 23.4075 24.1955 24.1049 24.0889 24.3524 24.9056 25.3889 26.0368 26.4620 27.3107 27.4413 27.9774 28.8854 28.6286 29.3542 28.8952 28.7587 28.1251 27.3570 26.6406 25.9751 25.3495 25.7704 26.0236 26.4306 26.4167 26.9923 26.4976 26.3372 26.0996 26.5216 26.0746 25.4148 25.0548 24.2550 23.7668 23.3407 22.6662 22.1998 21.4708
17.9739 18.5252 19.1400 19.4669 20.0362 20.5572 21.1805 21.7760 22.4562 22.7363 23.5372 23.6189 23.4766 23.6621 24.1644 24.6570 25.2534 25.7276 26.4611 26.8583 27.7119 28.0933 28.4602 29.3357 29.2319 29.6386 28.7457 28.1737 27.3566 26.7573 26.0813 25.7496 25.9207 26.6213 26.8168 27.1679 27.1855 27.1077 26.3757 26.9229 26.3528 25.8315 25.7688 24.8996 24.5057 23.7092 23.3358 22.6308 22.1137 21.6839
17.9497 18.5449 19.1078 19.7900 19.9413 20.5363 21.1311 21.8136 22.1301 22.7767 23.0096 22.9304 22.9928 23.4477 23.9380 24.4989 24.9979 25.6706 26.2589 26.8919 27.6133 27.9823 28.8842 28.7685 29.6765 29.1725 29.0477 28.1395 27.5774 26.8232 26.5050 26.4384 26.4554 26.6552 27.0137 27.1321 27.0350 26.8652 27.0530 26.5912 26.4299 25.9785 25.1835 24.9238 24.2975 24.1259 23.2936 22.8016 22.3847 21.9298
17.9598 18.5253 19.1413 19.4788 20.1345 20.5004 21.1666 21.5863 22.0463 22.2912 22.2660 22.3492 22.7536 23.2339 23.7691 24.2795 24.9213 25.6218 26.2734 27.0662 27.4958 28.3584 28.2590 29.0783 28.8629 29.0894 28.4894 28.4373 27.5696 27.2790 27.2407 27.2398 27.2360 27.2426 27.2900 27.2068 27.1570 27.0873 26.8501 26.5313 26.1681 25.7903 25.3434 24.7589 24.3299 23.9101 23.5095 23.0981 22.6351 22.1704
17.9459 18.5232 18.9105 19.4907 19.9106 20.5442 21.0527 21.3606 21.5947 21.6138 21.7145 22.0812 22.5463 23.0616 23.5796 24.2366 24.9768 25.6155 26.4112 27.0402 27.9328 27.8173 28.6394 28.2525 28.6947 28.2621 28.1702 28.0764 28.0735 28.0667 28.0722 28.0665 28.0721 28.0661 28.0688 28.0431 27.9645 27.6946 27.3912 26.9342 26.4938 25.9628 25.5171 25.0873 24.6574 24.2696 23.8329 23.3504 22.8775 22.4383
17.9230 18.3442 18.8755 19.3213 19.9010 20.3867 20.7041 20.9216 20.9778 21.1237 21.7464 22.3665 22.5335 22.9702 23.5737 24.3022 24.9622 25.7506 26.3633 27.2330 27.3466 28.1755 27.9727 28.4910 28.6764 28.7994 28.9136 28.9271 28.9175 28.9273 28.9175 28.9273 28.9174 28.9253 28.9003 28.8369 28.6234 28.2878 27.7698 27.3348 26.8231 26.3020 25.8792 25.4433 25.0435 24.5891 24.0993 23.5999 23.1476 22.7709
17.7782 18.2829 18.7385 19.2781 19.7448 20.0618 20.2709 20.3567 20.5337 21.0975 21.7792 22.4359 23.1346 23.1878 23.6588 24.2791 25.0545 25.6984 26.5563 26.8081 27.5335 27.6374 28.1970 28.8441 29.4185 29.6169 29.7778 29.7878 29.8057 29.7889 29.8057 29.7889 29.8048 29.7776 29.7300 29.5067 29.1669 28.7084 28.2139 27.6534 27.1460 26.6804 26.2245 25.8260 25.3726 24.8789 24.3561 23.8693 23.4976 23.1141
17.7029 18.1652 18.6734 19.1210 19.4351 19.6404 19.7497 19.9473 20.4583 21.1078 21.7622 22.4721 23.1345 23.9526 23.8134 24.3733 24.9971 25.8362 26.1586 26.7362 27.1412 27.8497 28.5004 29.0451 29.7588 30.4119 30.5941 30.7014 30.6799 30.7090 30.6803 30.7087 30.6740 30.6497 30.4123 30.0662 29.5839 29.0785 28.5222 28.0187 27.5111 27.0552 26.6303 26.1633 25.6573 25.1089 24.6653 24.2348 23.8541 23.4300
17.5966 18.0854 18.5145 18.8242 19.0284 19.1568 19.3709 19.8731 20.4603 21.0975 21.7798 22.4417 23.1867 23.6633 24.4687 24.4569 25.1181 25.6724 26.0739 26.7010 27.3338 27.8983 28.7241 29.2401 29.9847 30.7458 31.3994 31.5457 31.6361 31.5903 31.6395 31.5881 31.5987 31.3394 30.9916 30.4795 29.9678 29.3809 28.8720 28.3947 27.9121 27.4488 27.0067 26.4588 25.8726 25.4319 24.9832 24.6042 24.1846 23.6696
17.5068 17.9248 18.2294 18.4357 18.5969 18.9916 19.4746 19.9744 20.5067 21.1076 21.7604 22.4565 22.9926 23.7802 23.9152 24.7075 25.1462 25.4836 26.1208 26.7383 27.4621 28.0839 28.7344 29.3201 30.0556 30.9301 31.6962 32.4098 32.4861 32.6009 32.5166 32.5808 32.2867 31.9453 31.3940 30.8839 30.2586 29.7422 29.2598 28.7542 28.3270 27.8818 27.2797 26.6988 26.2217 25.7478 25.3740 24.9525 24.4206 23.8918
17.3454 17.6535 17.8887 18.3183 18.7245 19.1647 19.6067 20.1074 20.6167 21.1563 21.7584 22.3541 23.0325 23.4729 23.9439 24.5101 25.0757 25.6356 26.2699 26.9291 27.5594 28.0931 28.6757 29.3998 30.2483 30.9358 31.8788 32.6494 33.4683 33.4333 33.6021 33.2511 32.9312 32.3252 31.8301 31.1544 30.6340 30.1500 29.6148 29.1878 28.7519 28.1348 27.5469 27.0323 26.5550 26.1640 25.7440 25.1794 24.6546 24.0640
17.1054 17.5200 17.9980 18.4676 18.9283 19.3336 19.7916 20.2358 20.7581 21.2758 21.8241 22.3422 23.0572 23.4032 24.0528 24.5787 25.2849 25.8477 26.4236 27.1036 27.5265 28.0491 28.7451 29.5327 30.2733 31.1857 31.8235 32.8636 33.6163 34.5543 34.1500 33.8029 33.2574 32.8111 32.0666 31.5476 31.0678 30.4935 30.0683 29.6512 28.9889 28.3771 27.8639 27.4226 27.0177 26.5780 25.9532 25.4303 24.8262 24.2141
17.1986 17.6407 18.1004 18.5963 19.0773 19.5565 19.9554 20.4373 20.8777 21.4279 21.9517 22.5232 23.0162 23.6719 24.1154 24.8264 25.3203 26.1043 26.6661 27.0437 27.4519 28.1621 28.8522 29.6119 30.4336 31.1591 32.1653 32.6764 33.6364 34.1642 34.6706 33.6231 33.4976 32.9921 32.4831 32.0163 31.3893 30.9673 30.5834 29.8621 29.2268 28.7034 28.2555 27.8427 27.4852 26.8108 26.2296 25.5988 24.9751 24.3814
17.3663 17.7754 18.2254 18.6947 19.2112 19.7013 20.2047 20.5880 21.1045 21.5308 22.1190 22.6420 23.2597 23.7199 24.4650 24.8389 25.6678 26.0688 26.4629 26.8822 27.4280 28.1425 29.0444 29.7139 30.5055 31.3640 31.7772 32.6352 33.3488 34.1028 33.8336 33.8098 32.9831 32.9957 32.9999 32.3008 31.8828 31.5538 30.7529 30.0965 29.5636 29.1118 28.6760 28.3736 27.6200 27.0377 26.4400 25.7447 25.1541 24.5211
17.5328 17.9531 18.3592 18.8260 19.3024 19.8437 20.3390 20.8757 21.2286 21.7971 22.2029 22.8608 23.3548 24.0205 24.4340 25.2545 25.5357 25.9027 26.3879 26.8341 27.4760 28.2753 28.9714 29.9384 30.5970 30.9021 31.6752 32.4168 33.3571 33.7910 33.3397 33.0876 32.8466 32.2828 32.5892 32.8576 32.1740 31.6582 30.9870 30.4444 29.9949 29.5160 29.3062 28.4387 27.8661 27.2703 26.5241 25.9412 25.2826 24.7269
17.6836 18.1253 18.5494 18.9559 19.4437 19.9230 20.4959 20.9883 21.5794 21.8989 22.5328 22.8644 23.6128 24.0109 24.8585 25.0735 25.4069 25.7033 26.3562 27.0336 27.6581 28.2930 29.0594 29.8326 30.1443 30.8235 31.7542 32.4034 33.3864 32.9380 32.7844 32.4644 32.2449 31.8763 31.8982 32.2524 32.6028 31.9000 31.3452 30.9054 30.3919 29.9120 29.2133 28.6989 28.1310 27.3138 26.7553 26.0498 25.5058 24.9322
17.8404 18.2766 18.7271 19.1623 19.5648 20.0804 20.5549 21.1870 21.6539 22.3087 22.5432 23.2977 23.4606 24.2611 24.4996 25.0582 25.1992 25.8259 26.5046 27.1685 27.8699 28.5000 29.1571 29.7156 30.3055 31.0597 31.7116 32.7510 32.6459 32.8099 32.2712 31.8645 31.7240 31.3183 31.3129 31.6389 31.9114 32.3129 31.4385 31.3294 30.5809 30.0688 29.4297 28.8703 28.1137 27.6019 26.8292 26.2967 25.7261 25.0580
18.0368 18.4331 18.8782 19.3449 19.7931 20.1842 20.7389 21.2203 21.8893 22.3133 23.0820 22.9295 23.6670 23.9902 24.7565 24.7514 25.3339 26.0142 26.6277 27.3214 27.9950 28.7369 29.3708 30.0648 30.6099 31.1942 32.0101 32.3046 32.0894 31.8734 32.1563 31.6304 31.0155 30.9635 30.7125 30.9929 31.3392 31.5632 32.0084 30.9753 30.7145 30.0059 29.4028 28.6156 28.0052 27.6169 27.1097 26.5352 25.8394 25.2016
18.1669 18.6507 19.0313 19.4957 19.9790 20.4436 20.8281 21.4288 21.8688 22.6264 22.6261 23.2083 23.5729 24.3446 24.3907 24.7595 25.4768 26.1111 26.8278 27.4326 28.1789 28.8684 29.6553 30.2604 30.9927 31.5209 32.1133 31.7374 31.5152 31.1981 31.1299 31.3753 31.0154 30.2083 30.2610 30.4138 30.6628 31.0370 31.1866 31.4642 30.5060 29.9703 29.3316 28.5427 27.8311 27.2338 27.3764 26.6236 26.0216 25.1385
18.3072 18.7705 19.2788 19.6398 20.1301 20.6294 21.1471 21.4592 22.1426 22.2269 22.8051 23.2192 24.0211 23.7194 24.1310 24.8042 25.5287 26.2782 26.9023 27.6697 28.2811 29.0827 29.7234 30.5810 31.1487 31.9616 31.2943 31.1268 31.1616 30.6288 30.4243 30.3708 30.5906 30.0825 29.5307 29.7389 30.1071 30.2874 30.5216 30.5888 30.9177 29.9444 29.3814 28.6946 27.8509 27.2634 26.5408 26.4809 25.8334 25.2009
18.3676 18.9295 19.3778 19.9312 20.2616 20.8266 21.2843 21.8613 22.1121 22.8555 22.6857 23.4937 23.2512 23.4609 24.1156 24.8968 25.5667 26.3168 27.1064 27.7315 28.5031 29.1157 29.9915 30.5854 31.5596 30.9142 30.9629 30.4276 30.2497 30.5438 29.8083 29.6620 29.6059 29.8051 29.2397 29.2038 29.4038 29.6130 29.7203 29.9997 30.2058 30.3205 29.3431 28.6570 28.1395 27.2069 26.4666 25.8198 25.6319 25.0430
18.3915 18.9827 19.5657 19.9923 20.5402 20.8925 21.5151 21.8895 22.6376 22.1794 22.6788 22.6996 22.8942 23.4936 24.2027 24.8506 25.6901 26.3435 27.1321 27.9606 28.5533 29.3965 29.9554 30.9438 30.5435 30.8300 30.3028 30.0311 29.6104 29.5793 29.9367 29.0622 28.8982 28.8384 29.0035 28.5895 28.7331 28.8644 29.1101 29.3120 29.4486 29.6933 29.5578 28.6128 28.0040 27.2801 26.5267 25.7582 25.1524 24.8203
18.3868 19.0071 19.6050 20.2256 20.6190 21.2337 21.5191 22.2448 21.8853 21.9369 22.0355 22.3276 22.8962 23.6318 24.2133 24.9706 25.5938 26.3357 27.1565 27.9578 28.8488 29.3791 30.3337 30.2106 30.1776 29.8712 30.0524 29.7056 29.1819 29.0117 28.9906 29.4047 28.4839 28.1197 28.0502 28.1379 28.0032 28.2462 28.4425 28.5897 28.7859 28.7472 29.0563 28.8962 27.9652 27.3487 26.5290 25.9424 25.2433 24.7038
18.3939 18.9964 19.6331 20.2395 20.9135 21.2455 21.9671 21.6033 21.5239 21.3894 21.7702 22.3330 23.0526 23.5920 24.4001 24.9401 25.5563 26.3622 27.1388 27.9929 28.7970 29.7792 29.4190 29.7124 29.3727 29.2683 29.1020 29.3255 29.2296 28.4036 28.4816 28.4255 28.5382 27.7004 27.3247 27.2403 27.4015 27.5750 27.7473 27.9141 27.9311 28.1564 28.1135 28.4645 28.2210 27.3076 26.7638 25.9976 25.5068 24.7545
18.3870 19.0083 19.6132 20.2775 20.8836 21.6367 21.2423 21.2427 20.9585 21.2171 21.7731 22.4801 23.0160 23.8095 24.1993 24.8055 25.5691 26.3407 27.1795 27.9585 28.8558 28.7996 28.9853 28.7889 29.1427 28.5709 28.4324 28.4122 28.6671 28.3233 27.6558 27.7028 27.9186 27.6270 26.9190 26.5873 26.7544 26.9186 27.0509 27.1223 27.2972 27.3182 27.5796 27.6190 27.8248 27.6250 26.7537 26.3344 25.5273 24.8114
18.3939 18.9965 19.6335 20.2427 20.9430 20.8709 20.9117 20.6175 20.6711 21.2181 21.9120 22.4427 23.2209 23.4921 24.0704 24.7990 25.5563 26.3626 27.1420 28.0227 28.0465 28.3202 28.0694 28.2376 28.2154 28.5637 27.8119 27.7850 27.7515 28.0750 27.4766 27.0561 26.9911 27.0474 26.7548 26.1498 26.1110 26.2384 26.3212 26.4494 26.5284 26.7373 26.8148 26.9867 27.0920 27.1458 27.2045 26.3013 25.6050 24.7725
18.3869 19.0075 19.6054 20.2076 20.2488 20.3435 20.2371 20.2242 20.6760 21.3508 21.8742 22.6369 22.8126 23.3531 24.0502 24.7898 25.5682 26.3326 27.1069 27.2996 27.7406 27.4147 27.4472 27.4148 27.6740 27.6532 28.0047 27.1854 27.1961 27.1380 27.1656 26.6690 26.2886 26.2037 26.2047 25.9166 25.4478 25.5372 25.6535 25.7450 25.9042 26.0234 26.1740 26.2821 26.3673 26.7039 26.4963 26.4186 25.5365 24.8124
18.3911 18.9772 19.5133 19.6408 19.7993 19.7129 19.7164 20.1813 20.8274 21.3162 22.0598 22.1566 22.6547 23.3216 24.0415 24.7943 25.5362 26.2367 26.5072 26.8640 26.8771 26.8767 26.6334 26.8252 26.8668 27.1296 27.1173 27.5283 26.6698 26.4319 26.3438 26.3003 25.8774 25.5334 25.4312 25.3890 25.1146 24.8798 24.9777 25.1217 25.2425 25.3609 25.4945 25.5995 25.8587 25.8116 25.8897 26.0199 25.5739 24.7690
18.3550 18.8534 19.0525 19.4476 19.1298 19.1603 19.7060 20.3822 20.8040 21.5245 21.5213 21.9753 22.6123 23.3113 24.0397 24.7558 25.4030 25.7186 26.0242 26.0736 26.0748 26.0750 26.0480 26.0858 26.2953 26.3485 26.6542 26.6142 26.7133 26.0393 25.7544 25.5764 25.4731 25.1035 24.7910 24.6745 24.5994 24.3575 24.3606 24.4809 24.5988 24.7343 24.9268 25.0500 25.0500 25.1149 25.2144 25.1442 25.1795 24.7491
18.2140 18.4605 18.7790 18.7529 18.7877 19.0946 19.7331 20.3357 21.0793 20.9166 21.3147 21.9217 22.5990 23.3036 23.9931 24.5997 24.9403 25.2145 25.2862 25.2926 25.2929 25.2928 25.3202 25.4930 25.5826 25.8212 25.8316 25.8959 25.8381 25.8451 25.3164 25.1354 24.8274 24.6787 24.3480 24.0620 23.9340 23.8364 23.7384 23.8557 23.9904 24.1640 24.2808 24.3007 24.3585 24.4369 24.3991 24.4401 24.3952 24.3619
17.8658 18.1424 18.1639 18.2206 18.5211 19.1042 19.7006 20.3341 20.3678 20.6736 21.2493 21.9042 22.5856 23.2488 23.8231 24.1759 24.4306 24.5166 24.5295 24.5309 24.5349 24.5717 24.7176 24.8259 25.0208 25.0601 25.1063 25.0733 25.1070 25.0676 25.0313 24.5776 24.3442 24.0896 23.9125 23.6110 23.3471 23.2103 23.1310 23.2634 23.4220 23.5333 23.5670 23.6201 23.6839 23.6666 23.6909 23.6669 23.6904 23.6476
17.5210 17.5801 17.6576 17.9505 18.4887 19.0662 19.6257 19.7533 20.0480 20.5871 21.2189 21.8772 22.5147 23.0620 23.4191 23.6614 23.7567 23.7764 23.7797 23.7876 23.8299 23.9572 24.0735 24.2392 24.2944 24.3319 24.3141 24.3339 24.3142 24.3333 24.3014 24.2205 23.8173 23.5931 23.3561 23.1628 22.8841 22.6385 22.5452 22.6916 22.7981 22.8414 22.8912 22.9449 22.9405 22.9555 22.9415 22.9555 22.9415 22.9479
