#Value_Function_Estimate.
0.00    0.00    0.00    0.00    0.00    0.00    0.00    0.00    0.00    0.00    0.00    0.00    0.00    0.00    0.00    0.00    0.00    0.00    0.00    0.00    0.00    0.00    0.00    0.00    0.00    0.00    0.00    0.00    0.00    0.00    0.00    0.00    0.00    0.00    0.00    0.00    0.00    0.00    0.00    0.00    0.00    0.00    0.00    0.00    0.00    0.00    0.00    0.00    0.00    0.00   
0.00    0.00    0.00    0.00    0.00    0.00    0.00    0.00    0.00    0.00    0.00    0.00    0.00    0.00    0.00    0.00    0.00    0.00    0.00    0.00    0.00    0.00    0.00    0.00    0.00    0.00    0.00    0.00    0.00    0.00    0.00    0.00    0.00    0.00    0.00    0.00    0.00    0.00    0.00    0.00    0.00    0.00    0.00    0.00    0.00    0.00    0.00    0.00    0.00    0.00   
0.00    0.00    0.00    0.00    0.00    0.00    0.00    0.00    0.00    0.00    0.00    0.00    0.00    0.00    0.00    0.00    0.00    0.00    0.00    0.00    0.00    0.00    0.00    0.00    0.71    0.70    0.05    0.00    0.00    0.00    0.00    0.00    0.00    0.00    0.00    0.00    0.00    0.00    0.00    0.00    0.00    0.00    0.00    0.00    0.00    0.00    0.00    0.00    0.00    0.00   
0.00    0.00    0.00    0.00    0.00    0.00    0.00    0.00    0.00    0.00    0.00    0.00    0.00    0.00    0.00    0.00    0.00    0.00    0.00    0.00    0.00    0.00    0.00    0.00    0.03    0.86    0.51    0.01    0.00    0.00    0.00    0.00    0.00    0.00    0.00    0.00    0.00    0.00    0.00    0.00    0.00    0.00    0.00    0.03    0.72    0.00    0.00    0.00    0.00    0.00   
0.00    0.00    0.00    0.00    0.00    0.00    0.00    0.00    0.00    0.00    0.00    0.00    0.00    0.00    0.00    0.00    0.00    0.00    0.00    0.00    0.00    0.00    0.00    0.00    0.00    0.06    1.09    0.47    0.01    0.00    0.00    0.00    0.00    0.00    0.00    0.00    0.00    0.00    0.00    0.00    0.00    0.00    0.04    1.17    0.03    0.00    0.00    0.00    0.00    0.00   
0.00    0.00    0.00    0.00    0.00    0.00    0.00    0.00    0.00    0.00    0.00    0.00    0.00    0.00    0.00    0.00    0.00    0.00    0.00    0.00    0.00    0.00    0.00    0.00    0.00    0.00    0.04    0.93    0.45    0.01    0.00    0.00    0.00    0.00    0.00    0.00    0.00    0.00    0.00    0.00    0.00    0.03    0.93    0.04    0.00    0.00    0.00    0.00    0.00    0.00   
0.00    0.00    0.00    0.00    0.00    0.00    0.00    0.00    0.00    0.00    0.00    0.00    0.00    0.00    0.00    0.00    0.00    0.00    0.00    0.00    0.00    0.00    0.00    0.00    0.00    0.00    0.00    0.26    0.63    0.68    0.01    0.00    0.00    0.00    0.00    0.00    0.00    0.00    0.00    0.00    0.04    0.87    0.25    0.00    0.00    0.00    0.00    0.00    0.00    0.00   
0.00    0.00    0.00    0.00    0.72    0.03    0.00    0.00    0.00    0.00    0.00    0.00    0.00    0.72    0.03    0.00    0.00    0.00    0.00    0.00    0.00    0.00    0.00    0.72    0.03    0.00    0.00    0.01    0.41    0.20    0.83    0.26    0.01    0.00    0.00    0.00    0.00    0.00    0.00    0.25    0.86    0.10    0.00    0.00    0.00    0.00    0.00    0.00    0.00    0.00   
0.00    0.00    0.00    0.00    0.03    0.50    0.01    0.00    0.00    0.00    0.00    0.00    0.00    0.03    0.50    0.01    0.73    0.26    0.00    0.00    0.00    0.00    0.00    0.03    0.53    0.02    0.00    0.00    0.01    0.43    0.05    0.59    0.41    0.01    0.00    0.00    0.73    0.04    0.25    0.60    0.27    0.04    0.74    0.00    0.00    0.00    0.00    0.00    0.00    0.00   
0.00    0.00    0.00    0.00    0.00    0.01    0.44    0.01    0.00    0.00    0.00    0.00    0.00    0.00    0.01    0.44    0.05    0.27    0.07    0.74    0.04    0.00    0.00    0.00    0.53    0.47    0.01    0.00    0.00    0.01    0.43    0.73    0.49    0.43    0.01    0.00    0.27    0.27    0.19    0.12    0.28    0.26    0.26    0.00    0.00    0.01    0.26    0.74    0.00    0.00   
0.00    0.00    0.00    0.00    0.00    0.00    0.01    0.43    0.01    0.00    0.00    0.00    0.00    0.00    0.00    0.01    0.43    0.04    0.37    0.28    0.27    0.00    0.97    0.06    0.04    0.52    0.13    0.00    0.00    0.00    0.01    0.46    0.54    0.46    0.44    0.05    0.01    0.37    0.75    0.82    0.42    0.07    0.00    0.00    0.01    0.41    0.27    0.04    0.02    0.00   
0.00    0.00    0.00    0.00    0.00    0.00    0.00    0.01    0.43    0.01    0.00    0.00    0.00    0.00    0.00    0.00    0.00    0.41    0.01    0.72    0.69    0.56    0.33    0.60    0.01    0.02    0.71    0.05    0.00    0.00    0.00    0.01    0.67    0.86    0.44    0.38    0.01    0.47    1.01    1.02    0.02    0.00    0.00    0.01    0.46    0.75    0.04    0.15    0.66    0.00   
0.00    0.00    0.00    0.00    0.00    0.00    0.00    0.00    0.01    0.43    0.01    0.00    0.00    0.00    0.00    0.00    0.00    0.03    0.43    0.05    0.27    0.61    0.28    0.44    0.63    0.04    0.04    0.50    0.03    0.00    0.00    0.00    0.10    0.76    0.75    0.57    0.46    0.58    1.11    0.05    0.00    0.00    0.01    0.46    0.79    0.04    0.06    0.95    0.02    0.00   
0.00    0.00    0.00    0.00    0.00    0.00    0.00    0.00    0.00    0.01    0.46    0.41    0.72    0.03    0.01    0.00    0.00    0.00    0.28    0.85    0.11    0.10    0.45    0.29    0.79    0.50    0.00    0.01    0.36    0.07    0.00    0.47    1.46    1.46    0.57    0.21    0.19    1.31    0.52    0.00    0.00    0.25    0.46    0.25    0.05    0.02    0.88    0.04    0.00    0.00   
0.00    0.00    0.00    0.00    0.00    0.00    0.01    0.41    0.96    0.04    0.36    0.47    0.59    0.61    0.44    0.03    0.10    0.05    0.09    0.43    0.38    0.39    0.04    0.17    0.42    0.57    0.09    0.00    0.01    1.11    0.25    1.58    0.96    0.50    0.04    0.30    1.03    0.30    0.32    0.00    0.06    0.18    0.49    1.22    0.28    1.11    0.02    0.00    0.00    0.00   
0.00    0.00    0.00    0.00    0.00    0.03    0.50    0.01    0.06    0.37    0.19    0.20    0.57    0.91    1.29    1.34    0.74    0.69    0.23    0.01    0.45    0.09    0.43    0.01    0.05    0.31    0.99    0.32    0.10    0.06    1.85    1.01    0.49    0.01    0.07    0.77    0.02    0.01    0.26    0.01    0.37    0.44    0.42    0.69    0.67    0.05    0.00    0.00    0.00    0.00   
0.00    0.00    0.00    0.00    0.00    0.72    0.03    0.00    0.00    0.01    0.05    0.00    0.02    0.04    0.64    0.56    1.13    1.18    1.28    1.18    0.31    0.17    0.02    0.45    0.02    0.18    0.20    0.93    0.61    0.67    1.53    0.40    0.01    0.05    1.08    0.01    0.00    0.00    0.26    0.40    0.45    0.30    1.09    0.47    0.01    0.00    0.00    0.01    0.02    0.00   
0.00    0.00    0.00    0.00    0.00    0.00    0.00    0.00    0.00    0.00    0.00    0.00    0.00    0.00    0.01    0.28    0.11    0.49    0.95    1.81    0.74    0.41    0.03    0.25    0.21    0.21    0.00    0.31    0.35    1.57    0.90    0.00    0.02    0.90    0.04    0.00    0.00    0.00    0.02    0.84    0.76    0.69    0.48    0.01    0.03    0.72    0.03    0.37    0.67    0.00   
0.00    0.00    0.00    0.00    0.00    0.00    0.00    0.00    0.00    0.00    0.00    0.00    0.00    0.00    0.00    0.00    0.00    0.00    0.01    0.51    1.75    0.79    0.47    0.02    0.22    0.11    0.09    0.38    0.49    1.99    0.75    0.06    0.85    0.02    0.00    0.00    0.00    0.00    0.00    0.58    0.87    0.44    0.01    0.25    0.56    0.76    0.43    0.01    0.02    0.00   
0.00    0.00    0.71    0.03    0.00    0.00    0.00    0.00    0.00    0.00    0.00    0.00    0.00    0.00    0.00    0.00    0.00    0.00    0.00    0.01    0.55    1.63    0.33    0.93    1.04    0.70    1.09    1.29    1.61    1.37    1.65    0.75    0.26    0.00    0.00    0.00    0.00    0.00    0.72    0.87    0.58    0.01    0.41    0.44    0.55    0.46    0.01    0.00    0.00    0.00   
0.00    0.00    0.03    0.09    0.00    0.00    0.00    0.00    0.00    0.00    0.00    0.00    0.00    0.00    0.00    0.74    0.04    0.00    0.00    0.00    0.01    0.56    1.20    0.55    0.79    1.32    0.81    0.42    1.10    1.79    1.31    0.35    0.01    0.00    0.00    0.00    0.00    0.00    0.12    1.37    0.49    0.29    0.15    0.46    0.45    0.01    0.00    0.00    0.00    0.00   
0.00    0.00    0.18    0.36    0.13    0.00    0.00    0.00    0.00    0.00    0.00    0.00    0.00    0.00    0.00    0.27    0.27    0.00    0.00    0.00    0.00    0.25    0.19    0.09    0.71    0.03    0.12    0.38    0.13    0.18    0.12    0.00    0.00    0.00    0.00    0.00    0.71    0.04    0.00    0.78    0.59    0.67    0.48    0.72    0.01    0.00    0.00    0.00    0.00    0.00   
0.00    0.10    0.20    0.06    0.17    0.86    0.03    0.00    0.00    0.00    0.00    0.00    0.00    0.00    0.00    0.01    0.43    0.04    0.00    0.00    0.01    0.44    0.02    0.00    0.00    0.00    0.00    0.00    0.00    0.00    0.00    0.00    0.00    0.00    0.00    0.00    0.04    0.79    0.06    0.99    1.51    0.45    0.53    0.04    0.00    0.00    0.00    0.00    0.00    0.00   
0.00    0.75    0.14    0.00    0.06    0.14    0.59    0.01    0.00    0.00    0.00    0.00    0.00    0.00    0.00    0.00    0.25    0.17    0.00    0.01    0.34    0.09    0.00    0.00    0.00    0.00    0.00    0.00    0.00    0.00    0.00    0.00    0.00    0.00    0.00    0.71    0.76    0.07    0.59    0.67    1.20    0.45    0.25    0.00    0.10    0.03    0.00    0.00    0.00    0.00   
0.44    0.66    0.02    0.00    0.00    0.04    0.28    0.45    0.01    0.00    0.00    0.00    0.00    0.00    0.00    0.00    0.01    0.40    0.75    0.10    0.35    0.01    0.00    0.00    0.00    0.00    0.00    0.00    0.00    0.00    0.00    0.00    0.00    0.00    0.00    0.03    0.54    0.48    0.56    2.35    2.23    0.57    0.01    0.00    0.03    0.72    0.00    0.00    0.00    0.00   
0.00    0.02    0.00    0.00    0.00    0.00    0.01    0.42    0.73    0.27    0.01    0.00    0.00    0.00    0.00    0.00    0.00    0.01    0.46    0.47    0.03    0.00    0.00    0.00    0.00    0.00    0.00    0.00    0.00    0.00    0.00    0.00    0.00    0.00    0.00    0.01    0.45    0.51    0.70    1.80    1.86    0.63    0.01    0.00    0.00    0.00    0.00    0.00    0.00    0.00   
0.00    0.00    0.00    0.00    0.00    0.00    0.00    0.01    0.86    0.29    0.41    0.01    0.00    0.00    0.00    0.00    0.00    0.00    0.01    0.43    0.09    0.00    0.00    0.00    0.00    0.00    0.00    0.00    0.00    0.00    0.00    0.00    0.00    0.00    0.08    0.51    0.01    0.05    0.39    1.15    1.03    0.26    0.25    0.00    0.00    0.00    0.00    0.00    0.00    0.00   
0.00    0.00    0.00    0.00    0.00    0.00    0.00    0.01    0.33    0.12    0.03    0.45    0.01    0.00    0.00    0.00    0.00    0.00    0.00    0.01    0.43    0.01    0.00    0.00    0.00    0.00    0.00    0.00    0.00    0.00    0.00    0.00    0.00    0.23    0.69    0.04    0.00    0.01    1.18    0.72    0.48    0.46    0.46    0.01    0.00    0.00    0.00    0.00    0.00    0.00   
0.00    0.02    0.00    0.00    0.73    0.28    0.01    0.00    0.08    0.67    0.24    0.26    0.17    0.00    0.00    0.00    0.00    0.00    0.00    0.00    0.01    0.43    0.72    0.03    0.00    0.00    0.00    0.00    0.00    0.00    0.00    0.00    0.07    0.35    0.02    0.00    0.00    0.02    0.85    0.76    0.18    0.30    0.52    0.50    0.02    0.00    0.00    0.00    0.00    0.00   
0.00    0.67    0.14    0.05    0.76    1.47    0.45    0.20    1.16    0.21    0.15    0.22    0.42    0.04    0.00    0.00    0.00    0.00    0.73    0.27    0.01    0.01    0.47    0.51    0.01    0.00    0.00    0.00    0.00    0.00    0.00    0.00    0.96    0.06    0.00    0.00    0.00    0.27    0.99    0.95    0.03    0.42    0.21    0.80    0.69    0.05    0.00    0.00    0.00    0.00   
0.00    0.02    0.52    0.08    0.03    0.57    0.53    0.56    0.72    0.67    0.01    0.24    0.25    0.17    0.00    0.00    0.00    0.00    0.04    0.27    0.41    0.01    0.01    0.57    0.43    0.00    0.00    0.00    0.00    0.00    0.00    0.00    0.00    0.00    0.00    0.00    0.15    0.81    0.50    0.06    0.84    0.04    0.24    0.45    0.58    1.11    0.01    0.00    0.00    0.00   
0.00    0.00    0.03    0.46    0.02    0.01    0.71    0.08    0.34    1.05    0.55    0.02    0.01    0.40    0.03    0.72    0.03    0.00    0.00    0.00    0.03    0.42    0.04    0.27    0.06    0.43    1.18    0.77    0.77    0.04    0.00    0.00    0.00    0.00    0.00    0.26    0.09    0.65    0.42    0.69    0.13    1.00    0.10    0.01    0.43    0.28    0.27    0.00    0.00    0.00   
0.00    0.00    0.00    0.01    0.43    0.01    0.04    0.50    0.02    0.56    1.44    0.24    0.00    0.01    0.42    0.04    0.80    0.29    0.23    0.01    0.00    0.11    0.34    0.02    0.41    0.03    0.47    0.77    0.98    0.30    0.00    0.00    0.00    0.00    0.00    0.41    0.06    0.30    0.48    0.53    0.50    0.31    1.33    0.17    0.04    0.44    0.74    0.00    0.00    0.00   
0.00    0.00    0.00    0.00    0.01    0.45    0.01    0.01    0.43    0.02    0.76    1.62    0.54    0.03    0.03    0.41    0.05    0.28    0.19    0.39    0.00    0.01    0.35    0.09    0.01    0.43    0.01    0.08    1.13    1.61    0.61    0.14    0.00    0.00    0.00    0.01    0.42    0.69    0.04    0.46    0.70    0.67    0.05    0.25    0.45    0.17    0.25    0.00    0.00    0.00   
0.00    0.00    0.00    0.00    0.99    0.54    0.17    0.00    0.74    0.92    0.30    0.86    0.89    0.79    0.04    0.01    0.43    0.01    0.00    0.05    1.17    0.07    0.00    0.14    0.32    0.23    0.44    1.09    1.46    2.67    1.69    0.40    0.07    0.98    0.00    0.00    0.01    0.42    0.77    0.04    0.44    0.32    1.09    0.02    0.01    0.44    0.46    0.01    0.00    0.00   
0.00    0.00    0.00    0.00    0.07    0.37    0.81    0.04    0.04    0.33    0.93    0.39    0.57    0.77    1.19    0.04    0.01    0.55    0.00    0.00    0.24    0.99    0.03    0.00    0.05    0.17    1.45    1.28    1.09    1.74    2.12    0.95    0.37    0.29    0.00    0.00    0.00    0.01    0.47    0.73    0.01    0.43    0.26    0.71    0.02    0.01    0.40    0.52    0.03    0.00   
0.00    0.00    0.00    0.00    0.00    0.00    0.27    0.59    0.74    0.04    0.27    0.60    0.72    0.52    0.66    0.93    0.07    0.27    0.03    0.00    0.00    0.30    0.88    0.24    0.25    1.68    0.69    0.59    0.30    1.22    1.23    0.88    0.52    0.04    0.00    0.00    0.00    0.00    0.01    0.37    0.01    0.01    0.44    0.71    0.76    0.08    0.05    0.24    0.72    0.00   
0.00    0.00    0.00    0.00    0.00    0.00    0.00    0.07    1.26    0.31    0.00    0.79    0.84    0.83    0.75    0.31    0.59    0.02    0.40    0.00    0.00    0.00    0.14    0.35    1.13    0.44    0.23    0.81    1.07    0.22    1.20    0.66    0.71    0.78    0.00    0.00    0.00    0.00    0.00    0.06    0.17    0.02    0.01    0.41    0.60    1.38    0.05    0.15    0.86    0.44   
0.00    0.00    0.00    0.00    0.00    0.00    0.00    0.00    0.07    1.28    0.28    0.04    0.81    0.57    0.79    0.54    0.44    1.20    0.07    0.00    0.00    0.00    0.00    0.91    0.64    0.30    0.84    0.81    0.02    0.00    0.03    0.73    1.11    0.15    0.00    0.00    0.00    0.00    0.00    0.00    0.25    0.45    0.07    0.01    0.26    0.83    0.37    0.04    0.18    0.00   
0.00    0.02    0.01    0.00    0.00    0.00    0.00    0.00    0.00    0.28    1.28    0.13    0.04    0.81    0.77    0.70    0.70    0.25    0.98    0.02    0.00    0.00    0.45    1.01    0.63    1.40    0.51    0.01    0.00    0.00    0.05    0.63    0.59    0.69    0.01    0.00    0.00    0.00    0.00    0.00    0.00    0.01    0.36    0.03    0.00    0.01    0.30    0.42    0.39    0.44   
0.00    0.66    0.38    0.03    0.00    0.00    0.00    1.59    0.09    0.01    0.36    0.99    0.57    0.03    0.84    1.14    0.65    0.81    0.31    0.60    0.01    0.51    1.29    0.58    1.07    0.20    0.00    0.00    0.00    0.04    0.94    0.36    0.02    0.57    0.26    0.00    0.00    0.00    0.00    0.00    0.00    0.00    0.01    0.50    0.03    0.00    0.00    0.01    0.02    0.00   
0.00    0.02    0.01    0.43    0.01    0.00    0.00    0.08    0.85    0.60    0.25    0.16    0.73    0.89    0.16    0.61    1.07    0.53    0.81    1.09    0.24    1.57    0.70    1.16    1.12    0.02    0.00    0.00    0.00    0.97    0.41    0.00    0.00    0.12    0.75    0.01    0.00    0.00    0.00    0.00    0.00    0.00    0.00    0.03    0.72    0.00    0.00    0.00    0.00    0.00   
0.00    0.00    0.00    0.01    0.45    0.25    0.00    0.06    0.40    1.29    0.79    1.23    1.01    1.36    1.87    1.16    1.39    1.49    0.99    1.21    1.42    1.00    0.09    1.52    0.09    0.00    0.00    0.02    0.03    0.44    0.01    0.00    0.00    0.01    0.39    0.47    0.01    0.00    0.00    0.00    0.00    0.00    0.00    0.00    0.00    0.00    0.00    0.00    0.00    0.00   
0.00    0.00    0.00    0.00    0.01    0.17    0.38    0.69    0.20    1.01    0.75    0.75    1.26    1.27    1.21    1.33    0.98    1.20    1.24    1.15    0.81    0.09    0.77    0.01    0.00    0.00    0.12    0.10    0.35    0.01    0.00    0.00    0.00    0.00    0.27    0.19    0.25    0.00    0.00    0.00    0.00    0.00    0.00    0.00    0.00    0.00    0.00    0.00    0.00    0.00   
0.00    0.00    0.00    0.00    0.00    0.01    0.49    0.34    0.93    0.54    0.19    0.53    0.06    0.05    0.07    0.17    0.47    0.02    0.25    0.05    0.18    0.83    0.01    0.00    0.00    0.26    0.20    0.12    0.00    0.00    0.00    0.00    0.00    0.00    0.41    0.02    0.46    0.01    0.00    0.00    0.00    0.00    0.00    0.00    0.00    0.00    0.00    0.00    0.00    0.00   
0.00    0.00    0.00    0.00    0.03    0.51    0.97    0.08    0.47    0.39    0.24    0.01    0.00    0.00    0.00    0.00    0.00    0.00    0.00    0.01    0.43    0.01    0.00    0.00    0.00    0.41    0.03    0.00    0.00    0.00    0.00    0.00    0.00    0.00    0.01    0.51    0.05    0.51    0.03    0.00    0.00    0.00    0.00    0.00    0.00    0.00    0.00    0.00    0.00    0.00   
0.00    0.00    0.00    0.00    0.71    0.03    0.03    0.54    0.52    0.01    0.00    0.00    0.00    0.00    0.00    0.00    0.00    0.00    0.01    0.44    0.01    0.00    0.00    0.00    0.00    0.01    0.41    0.27    0.04    0.00    0.00    0.00    0.00    0.00    0.00    0.03    0.72    0.03    0.71    0.00    0.00    0.00    0.00    0.00    0.00    0.00    0.00    0.00    0.00    0.00   
0.00    0.00    0.00    0.00    0.00    0.00    0.72    0.74    0.03    0.00    0.00    0.00    0.00    0.00    0.00    0.00    0.00    0.03    0.51    0.01    0.00    0.00    0.00    0.00    0.00    0.00    0.01    0.26    0.74    0.00    0.00    0.00    0.00    0.00    0.00    0.00    0.00    0.00    0.00    0.00    0.00    0.00    0.00    0.00    0.00    0.00    0.00    0.00    0.00    0.00   
0.00    0.00    0.00    0.00    0.00    0.00    0.00    0.00    0.00    0.00    0.00    0.00    0.00    0.00    0.00    0.00    0.00    0.72    0.03    0.00    0.00    0.00    0.00    0.00    0.00    0.00    0.00    0.00    0.00    0.00    0.00    0.00    0.00    0.00    0.00    0.00    0.00    0.00    0.00    0.00    0.00    0.00    0.00    0.00    0.00    0.00    0.00    0.00    0.00    0.00   
0.00    0.00    0.00    0.00    0.00    0.00    0.00    0.00    0.00    0.00    0.00    0.00    0.00    0.00    0.00    0.00    0.00    0.00    0.00    0.00    0.00    0.00    0.00    0.00    0.00    0.00    0.00    0.00    0.00    0.00    0.00    0.00    0.00    0.00    0.00    0.00    0.00    0.00    0.00    0.00    0.00    0.00    0.00    0.00    0.00    0.00    0.00    0.00    0.00    0.00   
