#Value Function.
10.8806 11.0254 11.1838 11.1698 11.1984 11.1471 11.0614 10.9792 10.9149 10.8480 10.9415 11.1282 11.1464 11.1538 11.1467 11.1354 10.9923 10.9203 10.7638 10.4625 10.2606 10.1025 10.0309 9.8718  9.6767  9.5838  9.5007  9.4888  9.5016  9.3472  9.1454  9.0188  8.7741  8.5289  8.2566  8.0118  7.7783  7.6365  7.4379  7.2285  7.0118  6.8079  6.6049  6.4043  6.1748  5.9936  5.7637  5.6253  5.4979  5.3337 
10.9829 11.2070 11.3396 11.5314 11.4730 11.3800 11.2929 11.2308 11.1561 11.1269 11.1088 11.2512 11.4743 11.4649 11.4770 11.2975 11.2445 11.0985 10.7523 10.5545 10.3819 10.3347 10.1674 9.9446  9.8644  9.7672  9.6221  9.8030  9.6307  9.4011  9.3023  9.0334  8.7870  8.4989  8.2523  7.9974  7.8747  7.6643  7.4495  7.2239  7.0166  6.8071  6.6080  6.3586  6.1901  5.9321  5.8006  5.6778  5.5040  5.3454 
10.9920 11.3113 11.5369 11.6454 11.7035 11.6093 11.5524 11.4670 11.4382 11.4460 11.2558 11.3286 11.5731 11.8335 11.5975 11.5787 11.4057 11.3242 10.9576 10.8948 10.9933 10.6703 10.5415 10.4392 10.1591 10.0851 9.7690  9.7987  9.6505  9.5976  9.2933  9.0444  8.7876  8.5316  8.2772  8.1380  7.8896  7.6962  7.2859  7.0890  6.9972  6.8085  6.6072  6.4067  6.1189  5.9925  5.8626  5.6746  5.5125  5.3763 
11.0012 11.3069 11.6464 11.8791 11.7620 11.7621 11.7873 11.7292 11.8038 11.5468 11.5800 11.4346 11.6454 11.8998 11.9323 11.7159 11.6446 11.5691 11.4741 11.3336 11.2501 11.1102 10.9448 10.7503 10.5758 10.1828 9.8290  9.8478  9.9320  9.4830  9.3105  9.0344  8.8514  8.6691  8.4867  8.2851  7.9949  7.7070  7.4277  7.1558  6.9514  6.7889  6.6060  6.4056  6.1807  6.0534  5.8481  5.6831  5.5344  5.4980 
10.9931 11.3207 11.6227 11.9932 12.1035 11.9296 11.9075 11.8541 11.9145 11.9453 11.6814 11.6754 11.7399 11.9718 12.0570 11.9744 11.8984 11.8075 11.6459 11.5776 11.4294 11.2621 11.0513 10.9003 10.5557 10.1002 10.0937 10.0713 9.7615  9.5592  9.2610  9.1096  8.9232  8.7331  8.5674  8.3687  8.1503  7.7966  7.5494  7.2399  6.9140  6.7449  6.5837  6.3966  6.1427  5.8493  5.8453  5.6913  5.6682  5.6616 
11.0011 11.3060 11.6385 11.8069 12.2075 12.2605 12.1247 12.1209 11.9146 11.9541 12.0398 11.7762 11.8901 12.0642 12.3201 12.2526 12.1540 11.9602 11.9170 11.7553 11.5900 11.3560 11.2193 10.9994 10.6277 10.4642 10.3957 10.1816 9.9561  9.6102  9.3795  9.1846  8.9841  8.8240  8.6107  8.4390  8.1953  7.8931  7.5050  7.3237  7.0072  6.6503  6.4139  6.1992  5.9481  5.9250  5.8496  5.8415  5.8409  5.8263 
10.9903 11.3014 11.5022 11.8350 11.9330 12.2955 12.4977 12.2221 12.2311 12.0606 12.0236 12.0759 11.9296 12.1158 12.3996 12.6097 12.2732 12.2712 12.0867 11.9310 11.6622 11.5515 11.3058 11.1369 10.9055 10.7157 10.4753 10.2468 10.0212 9.8157  9.4587  9.2386  9.0905  8.8559  8.6940  8.4614  8.0203  7.8544  7.6246  7.1404  6.9981  6.7176  6.4079  6.0624  6.1454  5.8728  6.0210  6.0226  6.0138  5.9597 
10.9740 11.1958 11.4860 11.6311 11.9419 12.1724 12.5128 12.6134 12.3440 12.3360 12.1003 12.0666 12.2329 12.0608 12.3081 12.5588 12.6719 12.4206 12.2888 11.9662 11.9007 11.6143 11.4641 11.2093 11.0297 10.7737 10.5412 10.3057 10.1058 9.8697  9.3936  9.3821  9.1023  8.9584  8.7131  8.4503  8.1173  7.6085  7.5814  7.2441  6.8631  6.7469  6.5057  6.2583  5.8843  5.9869  6.2085  6.2058  6.1426  6.1124 
10.8876 11.1544 11.3269 11.6049 11.8467 12.1462 12.2936 12.6210 12.7139 12.4760 12.4636 12.1192 12.1825 12.2663 12.0715 12.3061 12.6389 12.6864 12.2613 12.2729 11.9210 11.8066 11.5154 11.3557 11.0778 10.8443 10.5958 10.3988 10.1748 9.8366  9.7640  9.5206  9.2353  9.0062  8.4760  8.3106  8.0811  7.6945  7.2363  7.1871  6.8945  6.5236  6.3928  6.1803  6.3108  5.8880  6.4060  6.3238  6.3179  6.1654 
10.8325 11.0242 11.2807 11.5245 11.7973 11.9723 12.2490 12.3623 12.5383 12.8687 12.4382 12.4501 12.1223 12.3209 12.4110 12.1528 12.3418 12.7018 12.6840 12.1776 12.1699 11.8202 11.6967 11.3865 11.1573 10.8907 10.7016 10.4620 10.2734 10.0690 9.8881  9.7217  9.5316  8.9671  8.2854  8.0460  7.6270  7.4975  7.0987  6.8076  6.5489  6.4810  5.8756  5.6563  5.1726  5.7836  6.3124  6.5339  6.3463  6.2764 
10.7215 10.9669 11.2078 11.4621 11.6516 11.8955 12.0311 12.2066 12.4771 12.4987 12.8666 12.4253 12.4442 12.1557 12.4609 12.5542 12.2738 12.2053 12.4472 12.5740 12.0895 12.0574 11.6970 11.4823 11.1888 11.0161 10.7537 10.5711 10.3555 10.1707 10.0042 9.8193  9.6040  8.9624  8.3172  8.0274  8.0211  7.6056  7.3546  6.9362  6.6577  6.4159  6.4174  5.6337  5.4294  5.9023  6.7858  6.5856  6.4625  6.4568 
10.9474 10.9870 11.1385 11.3344 11.5564 11.7051 11.8786 12.1112 12.1869 12.4560 12.3746 12.8649 12.4030 12.4307 12.2866 12.6059 12.5196 12.2030 12.0992 12.3141 12.4756 11.9698 11.8227 11.4872 11.3450 11.0484 10.8790 10.6483 10.4597 10.2946 10.1034 9.9066  9.4911  8.8629  8.5510  8.3535  8.4407  8.2851  7.7064  7.7106  7.0781  7.0728  7.0655  6.6944  6.6179  6.8377  6.7679  6.6918  6.6808  6.4769 
11.1956 11.2696 11.2840 11.2909 11.3854 11.5560 11.7639 11.8786 12.1666 12.1092 12.4019 12.3358 12.8235 12.5520 12.5038 12.3921 12.5141 12.2683 12.1166 12.0258 12.2668 12.4139 11.9732 11.6950 11.3431 11.1992 10.9472 10.7552 10.5938 10.3941 10.1964 9.9610  9.3781  9.0008  8.7647  8.9182  8.9266  8.5137  8.3483  7.9082  7.6171  7.6034  7.6604  7.5080  7.3048  7.0971  6.9007  6.7325  6.6680  6.5301 
11.2760 11.5446 11.5963 11.6068 11.6003 11.6045 11.5681 11.8149 11.9602 12.2793 12.2109 12.3529 12.3972 12.8868 12.7468 12.6113 12.5573 12.4858 12.2722 12.0304 11.8971 12.0481 12.2624 11.7161 11.5347 11.2513 11.0570 10.9025 10.6910 10.4946 10.2498 9.9947  9.6708  9.4233  9.3785  9.2168  9.0080  8.7882  8.3834  7.9621  7.8981  7.9178  7.7396  7.5247  7.3097  7.1060  6.9307  6.8040  6.7223  6.6516 
11.2861 11.6093 11.9045 11.9284 11.9397 11.9072 11.7569 11.6470 11.9188 12.0834 12.3578 12.2582 12.4358 12.4556 12.9440 12.9767 12.8625 12.5705 12.3811 12.2590 11.9519 11.7554 11.9567 12.0774 11.6388 11.3647 11.2223 10.9933 10.8022 10.5444 10.2915 9.9597  9.6642  9.6664  9.4913  9.2725  9.0426  8.8371  8.4283  8.2288  8.1813  7.9750  7.7494  7.5275  7.3164  7.1335  7.0034  6.9237  6.8560  6.7806 
11.2869 11.6131 11.9446 12.2827 12.2635 12.0893 11.9556 11.7940 11.7613 12.0056 12.2010 12.5294 12.3935 12.4727 12.5471 12.8923 13.0631 12.8660 12.6277 12.3552 12.0950 11.6927 11.5840 11.7582 11.8942 11.6407 11.3006 11.1209 10.8437 10.6006 10.2338 9.9273  9.9704  9.7723  9.5439  9.3026  9.0940  8.8931  8.6821  8.4496  8.2139  7.9794  7.7510  7.5324  7.3411  7.2070  7.1305  7.0631  6.9918  6.8848 
11.2866 11.6136 11.9438 12.2843 12.6839 12.3403 12.1465 11.8567 11.8048 11.8777 12.1673 12.3498 12.6509 12.4832 12.5412 12.5975 12.8000 13.1469 12.8126 12.4512 12.1053 12.0132 11.6447 11.4178 11.5020 11.6905 11.5483 11.1513 10.9340 10.4547 10.2377 10.2920 10.0584 9.8228  9.5681  9.3574  9.1537  8.9394  8.6984  8.4562  8.2149  7.9803  7.7541  7.5536  7.4147  7.3431  7.2752  7.2069  7.0964  6.9767 
11.2869 11.6131 11.9442 12.2786 12.2257 12.6344 12.3096 12.1858 11.8261 11.8102 12.0282 12.3494 12.5407 12.7778 12.6672 12.7171 12.6516 12.7197 13.0334 12.6052 12.4364 11.9945 11.8671 11.6417 11.4001 11.3977 11.5766 11.4437 10.9643 10.6514 10.6293 10.3476 10.1100 9.8386  9.6276  9.4209  9.2041  8.9532  8.7046  8.4562  8.2157  7.9818  7.7711  7.6262  7.5621  7.4920  7.4288  7.3114  7.1835  7.1080 
11.2861 11.6086 11.9018 11.9324 12.2397 12.3582 12.7058 12.2640 12.2036 11.8466 11.9559 12.1061 12.4796 12.6560 13.0284 12.7082 12.7117 12.5095 12.5417 12.9907 12.4936 12.3172 12.0238 11.8351 11.6716 11.4212 11.5581 11.4403 11.0942 10.9744 10.6372 10.4071 10.1137 9.9051  9.6947  9.4768  9.2140  8.9596  8.7037  8.4574  8.2158  7.9938  7.8408  7.7882  7.7130  7.6581  7.5327  7.3914  7.3193  7.2790 
11.3890 11.5462 11.6293 11.8816 12.0273 12.2288 12.3979 12.6409 12.3060 12.1892 11.8619 12.0211 12.2863 12.5887 12.8428 13.1849 12.8374 12.6449 12.5342 12.5331 12.9236 12.5052 12.2701 12.0062 11.8778 11.7149 11.3789 11.6232 11.3633 10.9045 10.7166 10.3921 10.1908 9.9749  9.7582  9.4806  9.2214  8.9571  8.7054  8.4564  8.2223  8.0577  8.0229  7.9374  7.8954  7.7609  7.6027  7.5328  7.5006  7.4495 
11.6713 11.7026 11.7688 11.7955 11.8869 12.0550 12.2185 12.2425 12.6417 12.3143 12.2063 12.0052 12.1792 12.4969 12.8004 12.9981 13.1190 12.7857 12.5759 12.5085 12.5180 12.7215 12.4886 12.2787 12.0509 11.8498 11.6605 11.3396 11.5650 11.0614 10.6000 10.4859 10.2608 10.0493 9.7525  9.4905  9.2166  8.9600  8.7037  8.4574  8.2751  8.2683  8.1637  8.1418  7.9965  7.8167  7.7514  7.7236  7.6933  7.4914 
11.9968 12.0055 12.0307 12.1105 12.1208 12.1311 12.1223 12.2386 12.3367 12.5810 12.4988 12.2277 12.0140 12.3532 12.6338 12.7550 12.8919 12.9680 12.7744 12.5939 12.5610 12.4580 12.7253 12.5612 12.1974 12.0310 11.7718 11.7436 11.3841 11.1637 10.8029 10.5515 10.3519 10.0289 9.7676  9.4820  9.2216  8.9571  8.7054  8.4565  8.5279  8.3894  8.3988  8.2403  8.0323  7.9761  7.9493  7.9464  7.7194  7.4999 
12.2050 12.3609 12.3409 12.3655 12.4658 12.4632 12.4784 12.2938 12.2434 12.3741 12.5888 12.4179 12.1079 12.1427 12.3850 12.5214 12.5098 12.7809 12.9120 12.8613 12.6205 12.5182 12.3479 12.5192 12.5273 12.1791 12.1080 11.8226 11.7157 11.4276 10.9998 10.6693 10.3024 10.0539 9.7530  9.4906  9.2166  8.9600  8.7037  8.4575  8.3911  8.6684  8.4936  8.2474  8.2104  8.1629  8.2146  7.9474  7.7273  7.4962 
12.3122 12.5685 12.7348 12.6097 12.5043 12.8647 12.6188 12.6193 12.4274 12.3135 12.3932 12.3969 12.4012 12.1784 12.2290 12.2894 12.4714 12.6609 12.7232 12.8882 12.6828 12.6166 12.3141 12.3060 12.4894 12.5711 12.2825 12.1768 11.9452 11.6703 11.1586 10.6377 10.1903 10.0021 9.7647  9.4817  9.2216  8.9571  8.7054  8.4564  8.3989  8.4924  8.4455  8.4769  8.2410  8.3341  8.0591  7.9585  7.7208  7.5000 
12.5257 12.6490 12.9399 12.8676 12.6874 12.8029 13.0094 12.7548 12.7555 12.5862 12.4955 12.4565 12.3367 12.3432 12.3603 12.3547 12.5541 12.4343 12.7631 12.4014 12.8436 12.5128 12.6794 12.4119 12.4584 12.2731 12.8753 12.3064 12.1298 11.6773 11.1802 10.6181 10.2158 9.8937  9.7147  9.4840  9.2157  8.9599  8.7037  8.4574  8.2394  8.2462  8.4754  8.3151  8.5218  8.0835  8.0414  7.8400  7.7155  7.4949 
12.6595 12.8996 12.9798 13.0541 12.9311 12.7415 13.0055 13.1429 12.9299 12.8653 12.7376 12.6983 12.5340 12.3861 12.2479 12.5791 12.4829 12.6523 12.5301 12.6892 12.3869 12.5742 12.5339 12.6416 12.4788 12.5536 12.4548 12.9009 12.1181 11.5967 11.0982 10.6587 10.2099 9.7233  9.4943  9.4222  9.2099  8.9551  8.7051  8.4563  8.2184  8.1972  8.2477  8.5701  8.0935  8.2153  7.9577  7.8043  7.6211  7.4800 
12.6661 13.0389 13.0734 13.1069 13.0914 12.9870 12.9628 13.3008 13.2413 13.0826 13.0723 12.9854 12.9078 12.6081 12.5107 12.5001 12.6714 12.6176 12.5213 12.5071 12.4934 12.5912 12.7516 12.8510 12.3843 12.1756 12.4842 12.2881 12.2332 11.6129 11.0242 10.6247 10.1634 9.7682  9.3237  9.1964  9.1376  8.9422  8.7001  8.4566  8.0467  8.1431  8.3654  8.0652  8.2439  7.9915  7.9527  7.7364  7.5763  7.4019 
12.7139 13.0205 13.2076 13.2932 13.1557 13.3481 13.1744 13.1961 13.4814 13.4524 13.3506 13.2721 13.2091 12.7747 12.8963 12.9839 12.7865 12.8605 12.8896 12.8795 12.9304 12.9684 13.1427 12.6149 12.4611 12.1021 12.0851 12.0113 11.9674 11.6255 11.0663 10.6226 10.1711 9.7099  9.2980  8.9650  8.9275  8.8628  8.5898  8.2796  7.6572  7.8280  7.7410  7.9366  7.9704  7.9758  7.7809  7.7063  7.5165  7.3528 
12.7690 13.0782 13.3959 13.4180 13.3501 13.2979 13.5963 13.4658 13.4782 13.7568 13.6365 13.6307 13.4288 13.4174 13.3799 13.5135 13.2822 13.0416 13.2229 13.2678 13.4309 13.4971 12.8745 12.6667 12.3406 12.1045 11.8047 11.7498 11.5752 11.4678 11.1469 10.5582 10.1141 9.7183  9.2520  8.8832  8.6553  8.6616  8.0147  6.9998  6.9136  6.9375  7.2300  7.4991  7.7452  7.7420  7.7243  7.5665  7.4718  7.2972 
12.7548 13.1446 13.4446 13.5912 13.5387 13.5521 13.5269 13.8681 13.7919 13.7790 14.0468 13.8279 13.9461 13.9197 14.2882 13.7929 13.4195 13.4969 13.4796 13.7238 13.8253 13.3877 13.0865 12.6872 12.3648 12.0161 11.7659 11.5051 11.4148 11.0000 10.8705 10.3724 9.9990  9.5501  9.2319  8.7160  8.4392  7.9355  6.6583  5.2611  4.8618  6.5092  6.9746  7.3196  7.5189  7.5208  7.5167  7.4854  7.3520  7.2440 
12.7729 13.1136 13.5297 13.5427 13.7157 13.8002 13.6481 13.7422 14.1713 14.1336 14.0877 14.3569 13.9631 14.6533 14.2336 13.8778 13.6480 13.6202 14.0258 13.9169 13.5035 13.4076 13.0323 12.7188 12.3463 12.0226 11.6953 11.4410 11.2055 10.9949 10.4768 10.3563 9.8073  9.4137  9.0927  8.6502  8.2284  7.3669  6.3551  4.6135  5.3747  5.8998  6.7258  7.2766  7.3024  7.3013  7.3021  7.2957  7.2566  7.1719 
12.7533 13.1312 13.3228 13.7087 13.7272 13.7701 13.9928 13.8453 13.9988 14.4395 14.5040 14.3730 14.6077 14.4725 14.2205 13.8299 13.8086 14.2578 13.7404 13.6018 13.5005 13.1656 13.0147 12.6793 12.3639 12.0113 11.6912 11.3800 11.1272 10.8977 10.6472 10.2108 9.6719  9.2853  8.7343  8.5858  7.9337  7.6139  7.1982  6.2125  5.3585  6.3190  6.6527  7.3403  7.3844  7.3918  7.3865  7.3917  7.3821  7.3454 
12.7471 12.9729 13.2907 13.4308 13.8125 13.8067 13.9761 14.2009 14.0778 14.2989 14.7422 14.7525 14.5912 14.2174 13.9257 13.8947 14.3826 13.8733 13.6761 13.3834 13.2374 13.1077 12.8231 12.6405 12.3316 12.0198 11.6831 11.3693 11.0712 10.8215 10.5926 10.2344 9.8172  9.0700  8.7958  8.3263  8.1078  8.0185  7.4626  6.5618  6.3442  6.4807  7.0285  7.2991  7.5938  7.6037  7.6128  7.6023  7.5828  7.4144 
12.6194 12.9085 13.0844 13.4011 13.6039 13.9275 13.9852 14.1239 14.4121 14.4223 14.4976 14.8769 14.3621 14.0352 13.9493 14.3730 13.9433 13.9276 13.4201 13.1977 13.0225 12.8783 12.7329 12.4811 12.2811 11.9907 11.6855 11.3622 11.0561 10.7690 10.5231 10.2815 9.7863  9.1184  8.8415  8.3932  8.3300  8.0394  7.1945  6.9210  7.0754  6.9846  7.4143  7.6488  7.6604  7.8410  7.8253  7.8282  7.6417  7.4363 
12.5383 12.7422 13.0578 13.2576 13.6362 13.6812 13.9594 14.1569 14.1492 14.5094 14.5098 14.5914 14.3585 13.9489 13.9606 13.8578 13.8386 13.4909 13.4595 12.9384 12.7124 12.6562 12.5247 12.3724 12.1428 11.9340 11.6574 11.3602 11.0489 10.7511 10.4713 10.1163 9.6335  9.0837  8.8033  8.7471  8.3883  7.7559  7.4935  7.3065  7.4639  7.4598  7.3862  7.6621  8.0647  8.0294  8.0866  7.8704  7.6602  7.4479 
12.5914 12.9098 13.0655 13.4491 13.5765 13.6712 13.8529 13.7864 14.2618 14.1078 14.3236 14.3346 14.0778 13.9263 13.6088 13.5700 13.3828 13.3586 12.9749 12.7937 12.3977 12.3621 12.3011 12.1780 12.0238 11.8099 11.5978 11.3321 11.0434 10.7429 10.4328 9.9995  9.5922  9.3159  9.0473  8.6941  8.2236  8.0820  7.7316  7.6740  7.7385  7.7002  7.6326  7.8340  7.8634  8.3855  8.1018  7.8883  7.6633  7.5144 
12.5827 12.9596 13.2972 13.4021 13.5054 13.5281 13.6488 14.0833 13.9561 14.0908 14.3496 14.0340 13.8154 13.6894 13.5251 13.2692 13.3096 12.8425 12.7852 12.3223 12.2641 12.0766 12.0223 11.9566 11.8391 11.6857 11.4835 11.2712 11.0148 10.6562 10.2980 9.9878  9.6946  9.3368  8.8723  8.6846  8.2846  8.0914  8.0586  8.0167  8.0029  8.0106  8.1719  8.0929  8.2388  7.9720  8.1247  7.8771  7.7503  7.5160 
12.5946 12.9391 13.3322 13.3532 13.1878 13.3821 13.7765 13.6944 13.9718 14.1379 14.0549 13.8749 13.6474 13.4469 13.2614 13.3065 12.8905 12.7974 12.4252 12.1655 11.8354 11.8928 11.7463 11.6802 11.6189 11.4778 11.3190 11.0836 10.7482 10.5442 10.1250 9.9802  9.6637  9.1185  8.9747  8.7480  8.5524  8.4002  8.4102  8.4379  8.2614  8.4477  8.4996  8.2736  7.9292  8.0597  7.9798  7.9953  7.7383  7.5266 
12.5788 12.9249 12.9829 12.9707 13.1763 13.5429 13.4249 13.6031 13.9781 13.8126 13.7496 13.6599 13.4887 13.2746 13.2375 13.0658 12.8186 12.3480 12.0571 11.7780 11.4612 11.4321 11.4264 11.1911 11.4485 11.0773 11.0259 10.5891 10.3799 10.2416 10.0877 9.7673  9.4388  9.3124  9.1193  8.8699  8.7494  8.8185  8.7343  8.6681  8.5702  8.7573  8.4463  8.1319  8.0673  7.8671  7.9451  7.9241  7.7555  7.5166 
12.5330 12.6216 12.6455 12.8875 13.2932 13.2151 13.2469 13.5495 13.5466 13.5726 13.4431 13.3712 13.2765 13.0740 13.0632 12.7794 12.4695 12.0821 11.7928 11.4607 11.2513 11.2247 11.1819 11.0440 11.1629 10.8342 10.6300 10.3937 10.1728 10.2349 9.8234  9.5733  9.5524  9.2949  9.1903  9.1306  9.1348  9.0538  9.1497  8.7045  8.6117  8.4724  8.3467  8.1056  8.1015  7.9842  7.8024  7.7247  7.6816  7.5204 
12.2651 12.3215 12.5443 12.8785 12.8813 12.9147 13.1450 13.1780 13.1957 13.1805 13.1843 13.0788 13.0024 13.0632 12.8476 12.5990 12.2884 12.0497 11.7512 11.4610 11.1458 10.9392 10.8595 10.8550 10.7924 10.6310 10.4392 10.3198 10.1352 9.8226  9.8138  9.6201  9.5244  9.4277  9.5764  9.4831  9.3740  9.4548  8.9557  8.7617  8.5686  8.2658  8.2590  8.2261  8.1613  8.0257  7.9423  7.8246  7.6657  7.4633 
11.9956 12.2056 12.4882 12.5322 12.5780 12.7619 12.8140 12.8302 12.8216 12.8305 12.8204 12.8091 13.0304 12.9905 12.6798 12.3640 12.1701 11.9491 11.7110 11.4267 11.1409 10.8479 10.6503 10.5677 10.5483 10.4809 10.3302 10.1535 9.9322  9.9089  9.6648  9.7496  9.8032  9.8123  9.8348  9.9660  9.7754  9.2851  9.0420  8.8918  8.6012  8.3743  8.1915  8.1668  8.2924  8.2263  8.0596  7.9011  7.6640  7.4515 
11.8677 12.1109 12.1878 12.2441 12.3953 12.4569 12.4748 12.4731 12.4995 12.6847 12.7157 13.1114 13.0388 12.6649 12.4692 12.1683 12.0115 11.8309 11.6173 11.3822 11.1095 10.8306 10.5562 10.3673 10.2817 10.2501 10.1727 9.9476  9.8608  9.7840  9.9277  9.9393  10.0304 10.2265 10.1286 10.1446 9.6355  9.4402  9.2438  9.0007  8.6618  8.4582  8.2053  8.0914  8.0676  8.1846  8.1456  7.8859  7.6764  7.4447 
11.7255 11.5988 11.6204 12.0423 12.1082 12.1312 12.1544 12.3578 12.7190 12.7515 13.0796 13.0843 12.7458 12.5692 12.1437 12.0692 11.8428 11.6791 11.5008 11.2935 11.0625 10.7998 10.5294 10.2709 10.0899 10.0017 9.9135  9.8577  9.8786  9.9044  10.0522 10.1229 10.3825 10.3370 10.5645 9.9513  9.7928  9.5240  9.2758  9.0115  8.6486  8.4200  8.3302  8.1766  8.0159  8.0219  8.1051  7.9061  7.6646  7.4516 
11.2667 11.0964 11.2810 11.7686 11.7992 11.8519 12.1450 12.5016 12.6650 13.1313 12.8941 12.7084 12.6876 12.2207 12.0992 11.8337 11.7231 11.5214 11.3556 11.1794 10.9776 10.7514 10.4977 10.2365 9.9921  9.8183  9.7227  9.8683  9.9441  10.1874 10.1703 10.4660 10.5455 10.7304 10.2212 10.1092 9.7922  9.5436  9.2667  9.0171  8.7495  8.5785  8.4124  8.2454  8.0991  7.9532  7.8559  7.8507  7.6725  7.4442 
10.8134 10.8923 11.2064 11.4770 11.5501 11.8165 12.1552 12.4841 12.8832 12.9053 12.7231 12.5402 12.3778 12.2929 11.9308 11.7554 11.5229 11.3914 11.2058 11.0404 10.8665 10.6696 10.4486 10.2033 9.9515  9.7196  9.7399  9.9510  10.1647 10.1712 10.4955 10.5810 10.8360 10.4534 10.3801 10.0621 9.8208  9.5272  9.2762  9.0116  8.8632  8.6542  8.4789  8.3309  8.1842  8.0104  7.8387  7.6550  7.6104  7.4427 
10.5980 10.7918 10.9892 11.2509 11.4972 11.8191 12.1435 12.4886 12.5480 12.5351 12.5304 12.3716 12.1978 12.0462 11.9255 11.6186 11.4265 11.2148 11.0714 10.8968 10.7332 10.5617 10.3693 10.1538 9.9165  9.6742  9.8632  10.0055 10.1755 10.4839 10.5427 10.8750 10.5603 10.4987 10.1950 10.0707 9.7896  9.5434  9.2667  9.0171  8.7732  8.7047  8.5698  8.4228  8.2392  8.0669  7.8630  7.6325  7.4543  7.3789 
10.4733 10.5647 10.9165 11.1863 11.4922 11.8072 12.1135 12.1963 12.1938 12.2014 12.1919 12.1699 12.0280 11.8641 11.7178 11.5766 11.3074 11.1090 10.9111 10.7615 10.5948 10.4336 10.2648 10.0767 9.8666  9.7422  9.8932  10.1559 10.3110 10.5319 10.8768 10.5308 10.5379 10.2936 10.1865 9.9310  9.7775  9.5206  9.2752  9.0115  8.7668  8.5487  8.5905  8.4802  8.3020  8.0930  7.8478  7.6413  7.4243  7.2520 
10.1496 10.4467 10.8290 11.1740 11.4769 11.7544 11.8517 11.8595 11.8646 11.8601 11.8644 11.8551 11.8218 11.6926 11.5382 11.3948 11.2424 10.9999 10.8013 10.6131 10.4607 10.2999 10.1415 9.9755  9.7916  9.7269  10.0362 10.1672 10.2527 10.5372 10.5378 10.5371 10.2758 10.2254 10.0230 9.8914  9.6665  9.4970  9.2566  9.0153  8.7623  8.5253  8.3429  8.3268  8.1906  7.9932  7.8549  7.6315  7.4270  7.2184 
10.1564 10.5180 10.8540 11.1495 11.4048 11.5110 11.5281 11.5325 11.5300 11.5326 11.5299 11.5319 11.5214 11.4808 11.3615 11.2156 11.0742 10.9166 10.6938 10.4982 10.3174 10.1645 10.0085 9.8531  9.6900  9.7378  9.8820  9.9860  10.2142 10.2459 10.2456 10.2458 10.2166 10.0099 9.9267  9.7498  9.6058  9.4010  9.2234  8.9953  8.7596  8.5163  8.2903  8.1258  8.0770  7.9511  7.7731  7.6245  7.4167  7.2146 
