#Value_Function_Estimate.
60.74   62.08   63.12   64.21   65.77   67.88   70.36   72.99   75.67   78.28   80.77   83.63   87.19   91.27   95.12   96.34   96.17   96.41   96.15   96.03   94.18   92.34   90.20   86.95   83.71   80.07   75.98   72.28   68.97   70.39   70.60   70.83   70.38   69.11   68.32   66.94   66.26   64.75   61.34   59.33   59.14   59.24   57.26   55.44   54.25   52.97   50.67   48.39   46.60   45.23  
64.35   65.95   67.41   68.66   70.07   72.00   74.38   77.00   79.70   82.43   85.06   87.50   90.36   93.97   98.21   102.42  103.42  103.02  103.22  101.09  99.26   97.24   93.79   90.57   86.93   82.66   78.90   75.01   69.82   69.77   74.58   74.39   72.94   72.32   70.70   70.28   68.57   67.31   62.33   61.41   62.84   60.58   58.70   57.61   56.48   54.03   51.67   49.86   48.54   47.47  
68.23   69.60   71.33   72.95   74.45   76.21   78.47   81.06   83.78   86.53   89.31   91.98   94.36   97.21   100.89  105.26  109.97  110.65  108.12  106.30  104.49  100.73  97.57   93.94   89.46   85.67   82.16   75.68   73.96   74.63   73.06   77.28   76.86   74.71   74.70   72.66   71.76   68.44   65.65   64.36   64.19   62.23   61.23   60.32   57.65   55.21   53.40   52.10   51.09   49.86  
72.78   73.52   74.97   76.85   78.66   80.42   82.52   85.06   87.81   90.61   93.41   96.25   98.98   101.29  104.13  107.89  112.58  115.96  113.41  111.92  107.72  104.66  101.07  96.31   92.40   89.73   84.50   82.52   81.78   80.02   77.54   74.92   78.12   79.26   76.65   76.35   72.29   71.27   68.26   67.32   65.82   64.89   64.29   61.30   58.76   56.98   55.70   54.76   53.53   51.84  
77.93   78.16   78.90   80.45   82.49   84.50   86.50   88.91   91.71   94.59   97.45   100.29  103.20  106.02  108.22  111.07  114.89  120.65  119.51  114.66  111.78  108.26  103.15  99.09   96.54   94.00   91.43   89.00   86.73   84.53   82.03   78.70   75.69   77.91   80.94   75.72   75.46   72.07   70.82   66.94   68.27   68.15   64.69   62.04   60.30   59.05   58.22   56.96   55.22   52.96  
83.35   83.42   83.62   84.37   86.05   88.27   90.45   92.69   95.39   98.39   101.37  104.29  107.15  110.15  113.07  115.12  118.01  122.11  122.50  118.90  115.52  109.96  105.74  103.36  100.79  98.15   95.68   93.39   91.21   88.72   85.33   80.39   75.20   77.92   78.72   80.67   75.29   74.69   70.84   67.89   68.80   68.19   64.81   63.17   61.94   61.26   59.95   58.17   55.78   53.52  
88.89   88.92   88.97   89.15   89.92   91.75   94.16   96.52   98.95   101.91  105.10  108.15  111.11  114.00  117.08  120.17  121.99  125.16  127.18  122.87  116.73  112.32  110.19  107.57  104.85  102.34  100.01  97.85   95.41   92.05   87.01   79.98   76.57   78.52   78.63   77.19   78.87   73.39   71.00   67.66   68.44   69.51   65.99   64.38   63.91   62.53   60.75   58.36   56.03   53.81  
94.34   94.55   94.55   94.60   94.74   95.53   97.53   100.15  102.64  105.22  108.41  111.76  114.86  117.89  121.30  124.60  127.87  129.54  130.90  124.02  119.23  117.55  114.88  111.48  108.59  106.51  104.37  101.97  98.65   93.67   86.22   79.90   76.63   79.10   74.96   75.13   78.36   74.49   69.99   66.20   66.92   67.37   66.64   64.01   64.84   63.09   60.72   58.46   56.03   53.90  
99.42   100.12  100.29  100.26  100.32  100.39  101.14  103.31  106.13  108.71  111.36  114.75  118.23  121.38  124.71  128.59  132.04  135.71  133.78  126.96  124.87  122.24  117.83  114.35  112.46  110.50  108.24  104.94  100.19  92.26   84.13   77.43   76.15   75.63   73.92   71.56   72.75   74.75   70.84   65.43   63.80   65.78   65.97   65.11   65.57   62.91   60.83   58.40   56.10   54.05  
103.26  105.43  105.99  106.14  106.07  106.14  106.12  106.65  109.00  112.01  114.63  117.26  120.80  124.40  127.62  131.11  135.31  139.05  134.45  131.47  128.62  124.19  120.20  118.45  116.42  113.92  110.82  106.30  98.86   91.18   84.07   82.76   79.79   74.42   71.25   69.64   68.38   68.34   68.64   66.53   61.63   64.01   64.10   65.24   64.67   63.06   60.72   58.46   56.13   54.76  
106.45  109.33  111.63  111.98  112.14  112.01  112.13  111.98  111.99  114.58  117.78  120.37  122.88  126.55  130.27  133.48  137.03  141.60  137.52  134.66  130.07  125.79  124.32  122.17  119.30  116.03  112.10  104.93  97.34   92.55   91.10   86.10   80.31   74.52   69.11   66.43   64.71   62.52   63.77   61.93   61.92   60.23   64.56   64.34   64.74   62.99   60.78   58.42   57.15   56.75  
109.78  112.56  115.54  118.03  118.09  118.30  118.09  117.98  115.91  117.41  120.11  123.52  126.02  128.28  132.14  135.97  139.11  142.66  138.32  134.77  131.84  129.54  127.22  124.06  120.53  116.73  112.82  105.10  100.41  97.40   92.10   86.26   80.34   74.53   68.99   64.46   63.13   61.12   59.23   59.61   58.17   58.93   61.72   62.78   65.21   62.81   60.62   59.66   59.44   58.96  
113.75  115.93  118.76  121.86  124.64  124.28  124.58  121.69  121.03  121.44  122.90  125.68  129.33  131.71  133.62  137.78  141.70  144.82  140.75  136.79  134.87  132.78  129.01  125.41  121.29  117.20  113.15  108.29  103.18  97.82   92.15   86.28   80.35   74.54   69.02   64.02   61.36   60.93   55.72   56.80   54.96   53.28   54.11   58.77   61.97   63.25   63.35   63.26   62.91   59.48  
118.98  119.95  122.14  125.06  128.26  131.47  127.67  126.93  126.37  126.52  127.15  128.54  131.38  135.35  135.95  140.00  144.09  148.10  144.14  140.76  137.45  134.73  130.34  126.00  121.51  117.65  113.23  108.35  103.21  97.82   92.16   86.28   80.35   74.55   69.05   64.03   59.71   58.11   55.71   53.09   53.03   49.95   50.26   53.49   56.71   65.03   67.22   67.28   63.36   59.52  
124.12  125.55  126.14  128.46  131.45  134.77  132.00  131.67  132.27  132.33  132.42  133.05  134.34  137.38  139.24  143.42  146.22  150.64  146.61  144.81  141.34  137.05  131.63  126.71  122.23  117.98  113.40  108.37  103.21  97.83   92.16   86.28   80.35   74.56   69.07   64.09   59.77   56.12   54.58   51.83   51.24   52.26   45.30   41.19   42.80   63.31   71.45   67.27   63.37   59.51  
131.65  130.30  131.81  133.36  134.74  138.74  135.55  135.95  137.84  138.37  138.35  138.40  139.10  140.43  139.84  144.78  149.96  154.18  151.00  149.62  145.43  139.39  132.10  127.56  123.08  118.52  113.50  108.37  103.21  97.83   92.16   86.28   80.35   74.56   69.08   64.12   59.81   56.12   52.98   51.21   52.12   50.69   49.03   40.04   41.40   59.04   64.17   66.99   63.34   59.51  
138.16  138.56  138.11  138.81  139.81  141.92  140.83  139.97  141.87  144.02  144.44  144.32  144.22  145.34  142.72  146.79  151.46  157.52  155.86  151.70  145.93  140.70  133.92  129.14  124.49  118.76  113.49  108.38  103.21  97.83   92.16   86.28   80.35   74.56   69.09   64.13   59.82   56.13   52.86   52.47   52.43   52.71   53.35   51.82   56.44   57.96   62.81   62.62   62.66   59.42  
139.59  145.72  142.24  142.22  145.62  147.38  146.24  143.89  145.82  147.67  150.18  150.44  149.62  148.69  147.16  148.51  152.76  159.57  158.15  152.12  147.91  143.82  136.63  131.33  124.64  118.79  113.51  108.37  103.21  97.83   92.16   86.28   80.35   74.56   69.09   64.13   59.82   56.13   52.84   53.24   53.29   53.14   55.43   56.00   56.75   58.02   58.95   59.01   58.94   58.69  
141.03  146.18  146.54  144.28  148.88  152.92  150.57  146.19  148.91  151.81  154.49  154.94  155.17  153.23  151.54  149.73  154.05  158.59  157.71  154.31  151.15  142.90  138.38  131.36  124.93  118.82  113.49  108.38  103.21  97.83   92.16   86.28   80.35   74.56   69.09   64.13   59.82   56.13   53.12   54.07   53.02   53.75   55.43   57.48   59.00   57.36   56.40   56.30   56.36   56.17  
142.31  147.59  148.63  149.58  150.65  155.67  153.37  148.98  151.31  155.03  159.18  160.15  161.01  157.58  155.62  153.41  154.48  160.36  159.67  155.46  149.90  145.22  138.09  131.76  124.71  118.79  113.51  108.37  103.21  97.83   92.16   86.28   80.35   74.56   69.09   64.13   59.82   56.13   52.96   52.59   54.49   55.08   55.70   56.62   57.23   56.83   55.29   54.10   53.61   53.57  
143.29  148.76  154.16  155.75  156.23  157.55  155.31  152.75  154.90  157.41  161.58  164.07  165.03  161.91  158.92  157.86  160.08  160.26  159.99  153.78  149.01  144.01  138.69  131.40  124.94  118.82  113.49  108.38  103.21  97.83   92.16   86.28   80.35   74.56   69.09   64.13   59.82   56.13   53.00   53.73   54.85   56.84   57.13   58.06   55.59   54.72   54.11   52.75   51.63   51.15  
143.53  149.86  156.53  163.35  160.69  161.76  159.81  156.64  156.78  161.46  163.64  167.47  170.52  165.26  161.44  162.65  164.71  167.80  158.69  153.20  148.17  143.33  137.95  131.74  124.22  115.82  112.70  108.28  103.20  97.82   92.16   86.28   80.35   74.56   69.09   64.13   59.82   56.14   53.19   54.29   56.23   56.90   59.23   56.62   55.65   53.63   52.56   51.84   50.60   49.52  
143.42  149.99  156.32  160.03  167.18  165.53  162.86  161.39  163.46  162.25  168.33  170.76  174.50  167.01  168.16  164.48  170.47  163.29  159.54  151.99  147.08  142.29  137.07  131.11  124.61  115.44  110.58  107.42  103.03  97.80   92.15   86.28   80.35   74.56   69.09   64.13   59.82   56.16   54.06   55.45   56.59   58.66   56.80   56.76   54.60   53.40   51.58   50.51   49.75   48.56  
143.50  149.53  153.76  160.13  163.01  170.80  167.20  166.06  165.68  165.61  170.19  175.12  176.08  167.72  170.36  169.07  168.04  161.16  155.45  152.10  146.11  141.60  136.41  130.49  124.18  116.16  110.90  106.24  102.20  97.57   92.11   86.27   80.35   74.56   69.09   64.13   59.82   56.28   56.09   56.14   57.95   56.49   56.20   54.74   54.28   52.31   51.06   49.31   48.33   47.45  
142.89  147.48  153.21  156.91  163.38  163.85  170.77  166.57  168.20  169.75  171.48  176.39  174.47  168.90  174.28  171.75  163.89  159.24  153.47  148.35  145.57  140.60  135.58  130.17  124.24  116.48  111.62  105.87  101.05  96.76   91.83   86.20   80.34   74.56   69.09   64.13   59.82   56.45   56.28   58.68   56.03   55.42   54.18   53.66   52.42   51.71   50.00   48.64   47.03   45.91  
141.18  146.50  150.27  153.38  155.68  163.66  163.44  167.82  166.35  174.78  177.92  177.35  171.59  171.83  170.11  165.71  163.99  155.78  150.89  146.37  142.32  139.67  134.70  129.54  124.17  117.46  109.47  105.99  100.71  95.67   91.04   85.90   80.26   74.54   69.09   64.13   59.82   56.47   59.03   56.14   56.05   53.92   53.07   51.94   51.28   50.18   49.34   47.81   46.41   44.89  
139.91  143.76  146.70  148.26  153.66  156.30  162.25  161.78  166.93  172.69  180.13  174.39  168.75  165.97  163.99  164.31  158.88  154.92  147.83  143.54  140.08  136.66  133.52  128.66  123.51  116.66  109.34  104.20  100.50  95.30   90.05   85.16   79.95   74.45   69.07   64.13   59.82   56.47   56.47   56.43   54.23   53.65   51.89   50.88   49.83   49.08   48.06   47.14   45.72   44.29  
137.31  140.21  142.20  146.89  148.67  153.49  155.91  159.47  162.05  167.99  181.13  176.19  161.74  161.32  160.91  158.84  157.03  150.88  146.72  141.15  137.61  134.37  130.84  127.35  122.62  116.04  107.51  103.52  99.07   94.89   89.66   84.31   79.30   74.16   68.98   64.11   59.82   56.28   54.44   54.33   54.05   52.27   51.43   49.87   48.80   47.79   46.99   46.02   45.06   43.70  
133.83  136.18  140.27  143.08  147.75  148.77  153.88  153.08  152.71  168.61  176.66  159.23  157.81  156.48  156.88  155.84  152.10  148.79  144.10  140.24  135.67  132.01  128.53  124.70  119.20  113.71  107.75  101.93  98.13   93.67   89.14   83.90   78.62   73.64   68.75   64.05   59.81   56.16   53.33   52.31   52.20   51.79   50.29   49.30   47.88   46.78   45.80   44.97   44.03   43.04  
130.15  133.96  137.56  143.26  143.35  145.83  146.91  146.41  149.33  150.27  146.13  139.44  159.82  158.24  152.54  151.76  149.44  144.93  142.07  138.74  134.60  130.17  126.28  122.48  116.64  110.52  104.93  101.80  96.81   92.62   88.05   83.34   78.22   73.15   68.41   63.92   59.79   56.14   53.01   50.86   50.21   50.10   49.60   48.29   47.23   45.90   44.80   43.83   42.99   42.06  
127.81  131.89  138.61  137.84  139.93  141.12  140.94  145.01  145.88  132.58  133.06  140.14  163.02  155.85  152.30  148.22  145.87  142.76  139.16  136.26  133.07  128.97  124.49  120.28  114.11  109.93  103.19  99.76   96.39   91.46   86.97   82.34   77.67   72.81   68.12   63.76   59.75   56.27   54.38   53.12   50.53   49.27   48.91   48.12   46.99   46.08   44.12   42.85   41.89   41.03  
126.03  131.71  132.03  133.91  135.41  135.92  139.15  139.21  139.53  137.46  142.34  145.85  153.95  155.33  149.81  147.34  143.38  140.02  136.83  133.49  130.68  127.41  123.21  118.58  112.38  108.24  101.61  95.32   93.58   90.77   85.91   81.28   76.74   72.29   67.85   63.62   59.75   58.46   57.53   53.73   52.06   51.71   51.08   49.77   49.16   47.15   46.20   45.35   43.18   41.75  
125.13  126.26  128.04  129.74  130.92  133.84  134.27  134.78  136.19  139.38  144.10  144.59  148.49  147.98  148.13  144.26  141.90  137.65  134.13  131.07  128.02  125.10  117.09  111.39  108.59  106.33  101.07  94.15   89.02   88.21   85.06   80.30   75.74   71.44   67.37   63.40   62.80   62.58   57.63   55.41   54.53   53.95   52.73   52.44   50.02   49.63   49.37   47.18   45.08   43.19  
120.48  122.36  124.34  126.07  128.69  129.43  130.06  132.17  137.76  138.79  142.76  141.55  142.11  142.41  142.08  141.74  138.54  135.87  131.78  128.43  125.55  122.55  115.61  104.78  99.98   101.78  100.16  93.66   88.99   84.56   82.76   79.35   74.80   70.49   66.56   65.17   68.56   61.65   59.49   57.73   56.87   55.58   55.90   52.67   52.74   52.93   50.89   49.16   45.96   44.84  
116.61  118.89  121.08  123.53  124.47  125.24  128.46  133.67  134.21  135.19  137.78  137.43  136.55  136.38  136.55  136.28  135.62  132.73  129.74  126.03  122.95  120.08  116.43  108.70  99.65   94.22   95.69   92.33   88.54   84.08   79.77   77.23   73.74   69.28   67.03   70.55   65.74   64.83   61.83   60.50   56.97   58.56   53.71   53.14   56.37   54.28   53.13   49.62   48.10   46.64  
113.22  115.64  118.16  119.37  120.90  125.29  129.73  131.27  129.45  132.74  131.73  131.94  131.53  130.87  130.68  130.76  130.47  129.56  126.79  123.79  120.47  117.53  114.44  110.14  101.27  93.87   88.40   88.11   87.07   83.62   79.03   74.67   71.67   66.57   70.85   65.51   69.94   62.36   65.33   59.50   60.79   58.67   55.70   55.22   57.72   56.82   53.05   52.11   49.68   47.31  
110.04  112.48  114.02  115.47  120.39  127.27  126.69  124.64  126.15  128.04  126.09  125.71  125.90  125.56  125.01  124.80  124.80  124.47  123.41  120.84  118.02  115.03  112.02  108.65  102.83  95.15   87.69   81.14   81.37   81.94   78.56   73.39   68.37   68.41   66.18   69.51   65.20   64.19   61.12   63.88   61.20   60.27   59.20   58.96   56.23   56.64   56.06   52.81   50.09   47.44  
106.81  108.44  110.23  114.59  120.37  120.68  121.05  120.39  121.09  123.36  125.23  121.37  119.93  119.88  119.55  119.02  118.77  118.72  118.33  117.24  114.99  112.52  109.61  106.41  102.70  92.36   87.49   81.23   75.67   72.28   75.21   67.71   65.91   62.85   64.44   64.39   68.59   63.07   61.59   60.36   61.57   60.72   62.63   58.84   58.26   56.99   55.70   52.95   50.17   47.44  
102.84  104.70  108.82  113.79  114.70  114.99  114.78  115.25  117.24  118.89  120.23  118.51  115.54  114.11  113.88  113.50  112.98  112.75  112.66  112.30  111.32  109.42  107.05  104.10  100.81  93.37   85.81   77.73   67.10   43.55   53.73   58.26   57.28   59.36   60.40   63.04   62.70   66.09   61.61   61.29   59.04   59.41   60.56   61.51   59.64   58.63   55.81   53.01   50.14   47.45  
99.26   102.92  107.37  108.68  109.01  108.92  109.39  111.14  112.74  113.76  116.75  116.58  112.55  109.73  108.30  107.92  107.55  107.13  106.95  106.84  106.49  105.58  103.88  101.57  98.67   95.23   85.94   75.22   42.57   13.69   25.17   48.22   54.72   56.38   58.59   58.93   61.63   62.75   65.14   61.59   61.26   58.57   58.59   60.78   61.58   58.52   55.88   52.97   50.17   47.44  
96.93   100.84  102.36  102.77  102.81  103.37  105.00  106.62  107.88  110.36  110.68  111.94  110.22  106.68  103.95  102.51  102.02  101.70  101.39  101.23  101.11  100.77  99.94   98.41   96.25   93.50   88.99   79.37   49.42   23.87   34.90   52.33   55.06   55.10   55.93   58.04   59.49   60.59   63.26   64.46   61.25   60.23   57.82   58.75   58.53   58.51   55.80   53.01   50.14   47.45  
94.40   95.97   96.47   96.64   97.35   98.97   100.67  102.13  104.29  104.98  105.80  107.30  105.72  104.22  101.02  98.40   96.94   96.38   96.06   95.81   95.67   95.53   95.21   94.48   93.16   91.22   88.46   82.10   69.76   52.11   52.42   55.73   57.08   57.24   57.24   57.26   57.94   60.11   60.28   63.72   63.37   60.45   60.16   56.78   56.04   55.83   55.47   52.92   50.16   47.44  
89.76   90.34   90.65   91.50   93.18   95.01   96.63   98.60   99.51   100.37  101.53  104.35  102.16  100.30  98.57   95.62   93.11   91.64   91.01   90.68   90.44   90.28   90.13   89.85   89.26   88.15   85.92   79.86   74.90   64.68   55.01   55.90   58.18   59.46   59.61   59.56   59.61   59.53   60.45   60.75   62.55   63.83   60.15   58.52   54.89   53.25   52.97   52.37   50.03   47.43  
84.63   85.05   85.99   87.69   89.62   91.36   93.21   94.26   95.18   96.44   98.82   101.18  100.07  97.05   95.09   93.21   90.45   88.04   86.58   85.89   85.51   85.24   85.05   84.90   84.68   84.21   80.23   77.85   72.29   66.84   63.31   58.35   58.96   61.06   61.75   61.91   61.80   61.82   60.76   59.35   60.49   60.88   62.45   58.49   57.27   53.46   51.27   50.13   49.37   47.27  
79.90   80.89   82.56   84.48   86.27   88.02   89.15   90.12   91.43   93.63   95.71   98.31   96.66   94.75   92.01   90.00   88.03   85.42   83.12   81.66   80.92   80.49   80.18   79.97   79.82   79.64   77.32   74.60   71.20   67.31   64.92   65.30   63.12   62.11   63.46   63.74   63.94   63.25   61.26   58.40   57.50   58.70   59.19   61.63   57.29   55.34   51.36   48.13   47.36   46.55  
76.06   77.63   79.49   81.26   82.93   84.09   85.09   86.42   88.47   90.56   92.85   93.69   94.44   91.10   89.45   86.96   84.93   82.92   80.45   78.25   76.81   76.03   75.56   75.23   75.01   74.87   73.07   69.60   68.24   66.10   62.93   64.74   67.61   65.30   64.49   65.86   65.42   63.69   61.27   58.45   55.41   55.50   57.43   57.89   59.75   55.14   51.46   47.96   45.50   44.80  
72.83   74.54   76.24   77.82   78.98   80.01   81.33   83.26   85.30   87.37   88.33   88.97   90.51   88.43   85.93   84.13   81.82   79.81   77.78   75.43   73.35   71.93   71.13   70.66   70.35   70.80   71.26   67.84   65.03   63.58   62.63   64.54   65.81   69.16   69.47   67.44   65.75   63.70   61.32   58.41   55.25   53.23   53.98   55.41   55.15   55.13   51.34   47.97   45.03   43.13  
69.54   71.12   72.60   73.76   74.80   76.12   77.94   79.91   81.83   82.85   83.60   85.08   87.63   84.61   82.89   80.60   78.73   76.55   74.56   72.55   70.32   68.34   66.99   66.22   66.24   67.13   70.33   66.37   63.47   61.13   62.72   64.42   66.59   66.59   69.86   67.62   65.78   63.75   61.28   58.45   55.21   51.99   51.38   51.38   51.52   51.35   50.93   47.86   44.92   42.41  
65.84   67.25   68.41   69.48   70.78   72.53   74.43   76.22   77.30   78.12   79.50   81.06   83.85   80.66   79.04   77.30   75.16   73.26   71.17   69.21   67.22   65.12   63.29   62.10   63.03   65.56   67.96   66.63   62.72   60.72   62.62   64.50   65.51   67.50   67.61   67.62   65.78   63.70   61.32   58.41   55.24   51.89   48.99   48.03   47.95   48.01   47.87   47.26   44.77   42.14  
61.77   62.96   64.06   65.37   67.05   68.88   70.58   71.70   72.60   73.92   75.52   77.80   77.47   77.76   75.17   73.44   71.69   69.65   67.75   65.73   63.80   61.88   59.95   59.28   61.74   63.96   63.85   64.11   62.86   60.59   62.49   63.59   65.42   65.73   65.76   65.74   65.54   63.71   61.27   58.45   55.21   51.91   48.75   46.23   45.12   44.93   44.92   44.77   44.06   41.87  
