#Value Function.
439.53  452.98  466.32  479.79  493.65  508.17  523.51  539.62  556.42  573.82  591.73  610.08  628.68  647.31  665.31  681.59  694.29  702.94  707.82  710.64  713.28  714.99  716.67  718.01  718.57  718.62  717.88  716.24  713.46  709.36  703.33  696.20  687.54  676.51  662.45  645.31  626.81  608.19  589.84  571.92  554.44  537.41  520.83  504.71  489.08  473.98  459.47  445.73  432.94  421.16 
440.62  454.43  468.12  481.80  495.58  509.76  524.64  540.40  556.94  574.19  592.05  610.44  629.29  648.41  667.61  686.23  703.17  716.16  724.92  729.56  731.86  734.77  736.36  738.03  739.05  738.97  737.77  735.14  731.30  724.96  717.82  709.05  697.84  683.46  665.66  646.50  627.35  608.50  590.11  572.18  554.70  537.67  521.14  505.09  489.59  474.69  460.55  447.41  435.43  424.45 
441.27  455.44  469.43  483.48  497.49  511.58  526.09  541.34  557.52  574.50  592.20  610.53  629.40  648.76  668.39  688.18  707.36  724.87  737.96  746.60  750.42  752.24  755.45  756.45  757.52  757.52  755.76  752.69  746.62  739.63  730.87  719.48  704.82  686.30  666.45  646.77  627.41  608.55  590.15  572.22  554.74  537.79  521.32  505.41  490.10  475.58  462.07  449.79  438.71  428.41 
441.64  456.10  470.48  484.82  499.25  513.60  528.00  542.84  558.46  575.08  592.49  610.67  629.49  648.84  668.74  688.82  709.06  728.65  746.07  758.62  766.40  769.31  771.10  773.33  773.55  773.35  771.72  767.52  761.08  752.93  741.55  726.78  707.46  686.89  666.68  646.81  627.47  608.58  590.18  572.25  554.84  537.94  521.61  505.89  490.96  477.08  464.47  453.17  442.83  432.74 
441.81  456.46  471.14  485.91  500.60  515.42  530.11  544.83  560.01  575.99  593.06  610.93  629.59  648.92  668.78  689.12  709.62  729.91  748.88  766.17  777.47  783.44  786.04  786.93  787.05  786.61  785.35  781.41  774.22  763.71  749.30  729.16  707.83  687.11  666.69  646.87  627.48  608.61  590.20  572.33  554.98  538.19  522.03  506.68  492.40  479.49  467.92  457.41  447.33  436.72 
441.88  456.63  471.51  486.58  501.74  516.77  532.01  547.05  562.06  577.56  593.90  611.46  629.78  648.98  668.84  689.11  709.69  729.87  749.14  766.59  783.90  793.83  798.62  799.88  799.68  799.36  797.95  793.73  785.27  772.06  751.27  729.26  708.07  687.07  666.78  646.86  627.50  608.61  590.27  572.43  555.19  538.54  522.72  508.04  494.78  482.98  472.32  462.11  451.48  439.83 
441.90  456.69  471.66  486.94  502.40  517.98  533.32  549.00  564.35  579.62  595.38  612.10  630.19  649.06  668.84  689.14  709.65  729.97  749.00  766.86  783.08  801.05  808.52  811.81  812.15  812.02  810.50  805.10  794.44  773.42  751.05  729.56  707.97  687.20  666.74  646.89  627.50  608.66  590.33  572.59  555.45  539.14  523.96  510.34  498.27  487.48  477.18  466.37  454.63  441.85 
441.91  456.71  471.72  487.08  502.76  518.63  534.61  550.16  566.24  581.79  597.14  613.28  630.63  649.24  668.85  688.93  709.18  728.94  747.38  764.92  782.65  798.95  817.51  822.77  824.78  824.59  822.01  815.25  794.79  772.82  751.47  729.33  708.13  687.12  666.79  646.87  627.54  608.69  590.43  572.79  555.91  540.20  526.10  513.75  502.76  492.44  481.50  469.58  456.69  442.64 
441.91  456.72  471.74  487.13  502.89  518.96  535.19  551.49  567.14  583.25  598.75  614.41  631.37  649.44  668.70  688.30  707.78  726.19  744.10  762.29  779.15  798.55  816.74  835.15  838.02  837.93  834.71  815.40  794.54  772.78  750.96  729.60  707.99  687.20  666.75  646.92  627.55  608.77  590.59  573.18  556.86  542.26  529.50  518.10  507.67  496.69  484.72  471.60  457.35  442.85 
441.91  456.72  471.75  487.15  502.93  519.05  535.46  551.86  568.12  583.64  599.31  615.22  631.66  649.55  668.14  686.87  704.92  722.76  740.72  757.85  777.00  796.32  816.06  835.40  852.06  852.00  835.23  815.23  794.14  772.40  750.64  729.12  708.13  687.12  666.80  646.89  627.60  608.86  590.88  573.99  558.84  545.48  533.60  522.80  511.85  499.83  486.57  472.08  457.46  442.91 
441.91  456.72  471.74  487.15  502.92  519.07  535.43  551.92  568.02  583.81  599.29  615.19  631.72  648.97  666.68  684.12  701.55  719.06  736.22  754.95  774.34  794.68  815.30  834.91  851.59  851.63  834.80  814.98  793.60  771.88  750.21  728.78  707.74  687.18  666.75  646.94  627.64  609.09  591.59  575.90  562.03  549.48  538.08  526.87  514.63  501.52  486.93  472.15  457.52  442.92 
441.91  456.72  471.75  487.15  502.93  519.02  535.23  551.48  567.70  583.61  599.09  614.79  630.72  647.52  664.09  680.87  697.86  714.81  733.12  752.36  772.68  793.79  814.61  833.17  839.36  839.33  833.18  814.49  793.37  771.50  749.81  728.39  707.40  686.85  666.77  646.93  627.79  609.61  593.42  579.12  566.10  554.17  542.37  529.70  516.32  501.47  486.76  472.10  457.47  442.91 
441.91  456.72  471.74  487.13  502.84  518.74  534.81  550.85  567.00  582.56  597.83  612.98  628.87  644.78  660.80  677.22  693.88  711.72  730.62  750.77  771.84  793.46  812.60  821.80  825.11  825.12  821.79  812.60  793.32  771.37  749.55  728.03  707.03  686.54  666.52  646.97  628.04  611.19  596.54  583.04  570.87  558.58  545.37  531.60  516.39  501.25  486.49  471.82  457.32  442.85 
441.91  456.71  471.71  487.02  502.54  518.24  533.97  549.88  565.31  580.48  595.33  610.72  625.94  641.27  657.18  673.45  690.82  709.32  729.09  749.96  771.58  791.48  802.90  810.62  813.48  813.47  810.63  802.89  791.46  771.43  749.47  727.84  706.73  686.25  666.27  646.93  629.53  614.07  600.10  587.66  575.27  561.77  547.60  531.98  515.94  500.87  485.97  471.43  457.00  442.65 
441.90  456.67  471.59  486.72  502.03  517.41  532.88  548.01  562.91  577.60  592.53  607.39  622.25  637.65  653.51  670.43  688.47  707.77  728.21  749.31  769.00  782.65  793.65  800.87  803.82  803.82  800.87  793.65  782.64  768.98  749.16  727.75  706.60  686.07  666.43  648.34  632.06  617.33  604.39  591.68  578.40  564.08  548.17  531.75  515.94  500.29  485.41  470.82  456.56  442.27 
441.86  456.55  471.30  486.21  501.21  516.26  531.04  545.62  559.99  574.57  589.08  603.61  618.57  634.08  650.56  668.14  686.93  706.83  727.28  746.34  760.94  773.52  783.93  791.24  793.95  793.95  791.25  783.93  773.53  760.96  746.42  727.29  706.66  686.42  667.66  650.65  634.95  621.26  608.18  594.71  580.27  564.43  547.87  531.81  515.64  500.07  484.79  470.18  455.91  441.81 
441.73  456.26  470.79  485.40  500.04  514.47  528.70  542.77  556.95  571.13  585.35  599.95  615.10  631.16  648.30  666.60  685.92  705.65  724.08  738.91  752.03  763.95  774.11  779.38  783.19  783.19  779.38  774.11  763.97  752.15  739.11  724.69  706.57  687.22  669.72  653.11  638.92  625.12  611.38  596.58  580.62  564.08  547.77  531.38  515.48  499.71  484.45  469.57  455.27  441.17 
441.43  455.75  469.99  484.24  498.31  512.19  525.94  539.76  553.60  567.51  581.77  596.57  612.24  628.96  646.77  665.51  684.54  702.33  717.11  730.12  742.16  753.06  760.92  766.28  768.61  768.61  766.28  760.93  753.12  742.36  730.56  718.24  704.39  688.56  671.01  656.95  643.02  628.64  613.30  597.24  580.57  563.85  547.24  531.14  515.05  499.45  484.06  469.15  454.66  440.52 
440.93  454.96  468.84  482.56  496.10  509.53  523.00  536.51  550.10  564.02  578.49  593.79  610.09  627.42  645.60  663.98  681.15  695.72  708.55  720.44  731.08  739.54  745.45  748.90  750.39  750.39  748.90  745.46  739.62  731.33  721.21  710.48  700.01  687.67  673.49  660.06  645.95  630.99  614.38  597.48  580.04  563.32  546.80  530.49  514.69  499.01  483.74  468.75  454.22  439.93 
440.16  453.82  467.20  480.41  493.52  506.66  519.84  533.12  546.72  560.86  575.79  591.68  608.55  626.19  643.94  660.55  674.86  687.46  699.03  709.35  717.74  723.67  727.41  729.43  730.20  730.20  729.43  727.43  723.80  718.17  710.56  702.15  693.85  685.65  674.31  660.85  647.96  632.03  615.24  597.39  579.82  562.60  546.12  529.96  514.05  498.59  483.32  468.42  453.82  439.48 
439.03  452.23  465.12  477.92  490.73  503.59  516.56  529.85  543.66  558.24  573.73  590.14  607.25  624.41  640.49  654.53  666.88  678.14  688.13  696.29  702.15  706.03  708.17  709.02  709.35  709.35  709.02  708.26  706.37  702.85  698.00  692.02  686.07  680.39  672.76  661.86  647.76  632.60  615.07  597.57  579.61  562.24  545.40  529.26  513.48  497.98  482.88  468.01  453.47  439.09 
437.48  450.21  462.70  475.20  487.74  500.42  513.40  526.90  541.14  556.23  572.20  588.79  605.38  620.96  634.70  646.81  657.77  667.45  675.36  681.13  684.97  687.15  688.14  688.50  688.62  688.62  688.67  688.53  688.20  686.56  683.59  680.26  676.26  673.20  668.50  660.17  648.37  632.11  615.48  597.42  579.72  562.04  545.01  528.58  512.80  497.40  482.30  467.56  453.07  438.74 
435.52  447.87  460.06  472.30  484.68  497.36  510.55  524.46  539.26  554.95  571.05  587.08  602.03  615.38  627.24  637.90  647.29  654.97  660.63  664.42  666.61  667.64  668.06  668.20  668.25  668.37  668.59  669.12  670.98  671.02  670.00  668.37  666.16  664.19  661.90  656.06  646.58  632.31  614.96  597.61  579.60  562.05  544.79  528.18  512.17  496.75  481.73  467.01  452.63  438.35 
433.25  445.29  457.24  469.33  481.74  494.73  509.33  525.63  541.17  555.45  570.39  584.80  596.79  608.16  618.54  627.64  635.11  640.65  644.39  646.58  647.65  648.10  648.26  648.33  648.48  649.00  650.45  654.02  656.02  657.57  658.22  657.32  655.64  654.75  654.43  651.17  643.86  631.13  614.83  597.39  579.73  562.01  544.80  527.97  511.77  496.16  481.11  466.45  452.10  437.91 
430.75  442.56  454.37  466.51  479.29  493.54  509.50  525.69  542.49  557.77  571.38  580.95  590.20  599.74  608.50  615.75  621.18  624.86  627.06  628.16  628.64  628.82  628.92  629.11  629.79  631.75  636.37  641.29  644.66  647.65  648.01  648.15  647.10  646.63  646.21  645.05  639.84  629.16  614.25  597.09  579.51  562.07  544.76  527.95  511.56  495.77  480.54  465.85  451.55  437.40 
428.10  439.79  451.67  464.21  478.11  493.52  509.37  525.90  542.13  558.38  567.87  574.63  582.02  589.93  596.89  602.20  605.83  608.02  609.16  609.67  609.87  609.99  610.23  611.01  613.14  617.82  623.96  630.20  634.79  637.75  638.67  638.32  637.99  637.92  637.64  636.85  633.50  625.01  612.13  596.34  579.16  561.87  544.78  527.92  511.52  495.57  480.16  465.32  450.98  436.87 
425.42  437.20  449.50  463.05  477.96  493.43  509.45  525.38  541.16  551.55  558.49  565.55  572.09  578.57  583.74  587.32  589.50  590.66  591.17  591.39  591.53  591.83  592.68  594.87  599.32  605.41  612.17  618.71  623.34  626.06  626.39  626.28  625.55  625.91  626.77  626.34  623.83  617.38  607.19  594.09  578.30  561.49  544.59  527.91  511.50  495.51  479.96  464.95  450.47  436.32 
422.94  435.14  448.36  462.80  477.87  493.42  508.89  523.76  534.24  541.56  548.41  554.80  560.85  565.80  569.38  571.56  572.73  573.20  573.41  573.57  573.88  574.81  577.05  581.31  587.16  593.73  600.27  605.47  610.03  610.75  610.98  611.73  611.43  612.64  612.16  612.34  610.54  606.79  599.21  588.91  575.84  560.47  544.15  527.72  511.46  495.48  479.90  464.75  450.11  435.84 
420.98  434.01  448.03  462.70  477.78  492.77  506.88  517.28  524.73  531.45  537.73  543.61  548.46  551.97  554.24  555.42  555.92  556.05  556.17  556.46  557.44  559.69  563.85  569.45  575.85  582.11  587.33  591.69  593.22  593.64  594.35  594.80  595.71  595.89  596.12  595.80  595.70  593.23  588.52  580.93  570.70  557.92  543.05  527.24  511.26  495.43  479.86  464.67  449.91  435.49 
419.87  433.62  447.89  462.53  477.03  490.50  500.76  508.28  514.90  521.06  526.80  531.58  535.13  537.51  538.87  539.38  539.39  539.51  539.73  540.66  542.82  546.95  552.41  558.57  564.82  569.89  573.71  575.46  576.03  576.53  577.14  577.98  578.34  578.76  578.63  578.75  578.51  577.84  575.18  570.33  562.88  552.86  540.44  526.07  510.75  495.21  479.79  464.63  449.83  435.29 
419.44  433.46  447.66  461.68  474.59  484.68  492.22  498.76  504.78  510.43  515.24  518.86  521.39  523.00  523.79  523.84  523.71  523.97  524.71  526.62  530.64  535.89  542.09  548.50  554.04  557.62  558.77  559.01  559.25  559.74  560.34  560.85  561.19  561.23  561.31  561.23  561.29  560.95  560.04  557.35  552.52  545.24  535.51  523.54  509.65  494.80  479.61  464.56  449.78  435.45 
419.23  433.15  446.70  459.12  469.01  476.55  482.98  488.90  494.41  499.22  503.01  505.72  507.81  508.89  509.30  509.27  509.15  509.67  511.40  515.14  520.11  526.63  533.39  539.71  544.43  545.58  544.53  543.79  543.55  543.44  543.81  543.98  544.07  544.13  544.08  544.13  544.08  544.03  543.65  542.61  539.92  535.20  528.36  518.92  507.60  494.20  479.48  464.51  450.10  435.66 
418.86  432.11  444.07  453.76  461.26  467.60  473.38  478.76  483.54  487.44  490.47  492.99  494.41  495.44  495.72  495.74  495.93  497.37  500.46  505.17  511.48  519.04  527.32  533.57  536.82  536.15  534.87  532.20  529.13  527.56  527.36  527.35  527.32  527.28  527.30  527.28  527.30  527.25  527.16  526.75  525.65  523.24  518.97  512.85  504.58  493.63  479.27  465.00  450.26  436.22 
417.73  429.43  438.90  446.34  452.59  458.25  463.51  468.19  472.16  475.42  478.27  480.28  481.60  482.51  482.88  483.17  484.46  486.98  491.05  496.90  504.65  514.17  523.17  528.57  532.03  532.42  528.22  524.53  518.84  514.17  511.77  511.15  510.98  510.91  510.87  510.89  510.87  510.88  510.83  510.72  510.39  509.77  508.77  505.68  500.60  491.76  479.99  464.99  450.99  436.05 
415.03  424.44  431.79  437.96  443.51  448.62  453.21  457.12  460.49  463.50  465.92  467.83  469.33  470.21  470.73  471.93  474.45  478.12  483.34  490.55  499.91  509.99  518.65  526.09  529.15  528.92  526.29  518.43  511.22  504.05  498.80  496.13  495.26  495.00  494.92  494.88  494.88  494.87  494.88  494.82  494.82  495.01  495.83  496.56  494.15  489.13  479.30  465.90  450.62  436.29 
410.20  417.61  423.70  429.14  434.14  438.60  442.48  445.80  448.86  451.50  453.81  455.84  457.37  458.45  459.78  462.25  465.80  470.62  477.16  485.80  495.76  505.81  515.96  523.27  525.86  525.99  523.10  515.95  505.49  496.54  488.88  483.55  480.76  479.74  479.42  479.32  479.28  479.28  479.27  479.27  479.70  481.09  483.24  484.38  485.26  482.51  475.58  464.51  450.95  436.06 
403.64  409.80  415.16  420.08  424.50  428.29  431.59  434.53  437.19  439.57  441.86  443.92  445.66  447.62  450.21  453.67  458.18  464.30  472.11  481.42  491.63  502.69  511.22  517.82  520.19  520.11  517.87  511.03  502.43  491.03  481.49  473.84  468.57  465.73  464.62  464.24  464.12  464.07  464.13  464.62  466.09  468.30  470.50  472.14  472.45  472.85  468.32  460.76  449.54  436.12 
396.09  401.51  406.39  410.87  414.70  417.93  420.79  423.21  425.59  427.93  430.24  432.28  434.78  437.65  441.33  445.75  451.39  458.66  467.43  477.04  487.66  497.06  504.24  508.19  510.02  510.06  508.11  504.18  496.69  487.07  475.95  466.49  459.04  453.91  451.07  449.87  449.44  449.37  449.92  451.32  453.46  455.70  457.84  458.86  459.18  458.94  458.16  453.25  445.65  434.65 
388.05  393.00  397.48  401.45  404.75  407.61  409.92  412.14  414.24  416.50  418.66  421.40  424.50  428.36  432.99  438.52  445.55  453.71  462.61  472.64  481.70  488.84  493.23  495.77  496.92  496.89  495.79  493.13  488.62  481.14  471.60  460.99  451.82  444.59  439.60  436.77  435.51  435.56  436.91  438.95  441.17  443.22  444.38  444.95  444.82  444.96  444.53  443.20  438.45  430.78 
379.78  384.36  388.41  391.90  394.81  397.09  399.20  401.06  403.05  405.22  407.91  411.09  415.15  419.71  425.38  432.18  440.07  448.51  457.88  466.52  473.34  477.90  480.70  482.24  482.35  482.37  482.24  480.68  477.75  472.99  465.67  456.43  446.36  437.50  430.50  425.63  422.82  422.86  424.82  426.99  428.95  430.17  430.79  430.85  430.93  430.85  430.87  430.34  428.70  423.87 
371.34  375.46  379.00  382.07  384.55  386.64  388.43  390.16  392.11  394.63  397.84  401.82  406.43  411.97  418.71  426.34  434.58  443.38  451.58  458.13  462.63  465.46  467.04  467.41  467.44  467.43  467.44  467.06  465.45  462.46  457.67  450.58  441.67  432.07  423.53  416.75  412.02  411.05  413.16  415.05  416.37  417.06  417.30  417.51  417.46  417.51  417.31  417.15  416.48  414.45 
362.65  366.28  369.40  371.96  374.13  376.01  377.60  379.41  381.70  384.80  388.66  393.21  398.71  405.31  412.71  420.72  429.16  436.97  443.25  447.66  450.47  452.02  452.52  452.65  452.65  452.67  452.67  452.61  452.15  450.53  447.55  442.78  435.88  427.30  418.12  409.90  403.36  399.64  401.52  402.87  403.71  404.26  404.69  404.98  405.01  404.98  404.69  404.27  403.79  402.82 
353.71  356.88  359.44  361.69  363.63  365.23  366.92  369.11  372.07  375.80  380.26  385.66  392.06  399.28  407.05  415.15  422.67  428.73  433.07  435.85  437.37  437.93  438.09  438.13  438.15  438.18  438.19  438.23  438.18  437.70  436.09  433.08  428.33  421.58  413.31  404.54  396.65  390.46  389.66  390.63  391.39  392.21  392.92  394.07  394.05  394.07  393.40  392.26  391.55  390.64 
344.53  347.18  349.40  351.32  352.97  354.67  356.83  359.66  363.27  367.62  372.88  379.10  386.11  393.68  401.47  408.70  414.59  418.81  421.57  423.09  423.70  423.89  423.95  423.97  424.00  424.04  424.12  424.18  424.31  424.27  423.73  422.08  418.98  414.22  407.64  399.68  391.31  383.78  378.25  378.74  379.83  381.22  383.37  384.26  384.87  384.86  383.49  381.60  379.94  378.75 
335.10  337.38  339.27  340.93  342.64  344.77  347.54  351.04  355.30  360.42  366.46  373.26  380.60  388.10  395.06  400.77  404.92  407.64  409.17  409.83  410.05  410.11  410.14  410.18  410.23  410.34  410.48  410.69  410.78  410.82  410.74  410.07  408.29  405.15  400.44  394.06  386.42  378.46  371.35  367.51  369.20  371.75  373.97  375.87  376.22  376.27  375.18  372.49  369.79  367.63 
325.56  327.52  329.18  330.89  332.99  335.70  339.12  343.27  348.27  354.13  360.73  367.83  375.06  381.77  387.32  391.38  394.07  395.60  396.30  396.54  396.62  396.66  396.70  396.76  396.87  397.03  397.26  397.45  397.60  397.64  397.64  397.46  396.63  394.77  391.64  387.02  380.85  373.56  366.02  359.49  359.85  362.66  365.65  367.47  367.85  367.51  366.09  363.71  360.59  357.61 
315.96  317.72  319.42  321.50  324.15  327.48  331.54  336.41  342.11  348.51  355.38  362.36  368.83  374.20  378.19  380.84  382.38  383.10  383.38  383.47  383.51  383.55  383.61  383.72  383.89  384.13  384.36  384.54  384.69  384.75  384.70  384.62  384.34  383.42  381.54  378.46  373.96  368.04  361.11  354.03  350.85  354.06  356.68  357.85  358.29  357.85  356.77  354.52  351.92  348.59 
306.43  308.24  310.29  312.88  316.14  320.10  324.85  330.38  336.59  343.25  349.97  356.22  361.43  365.33  367.95  369.49  370.24  370.54  370.64  370.68  370.73  370.79  370.90  371.06  371.29  371.53  371.72  371.91  372.01  372.02  372.05  371.96  371.83  371.46  370.50  368.64  365.61  361.25  355.59  349.04  342.67  344.98  346.46  347.25  347.42  347.25  346.47  345.10  342.82  339.96 
297.23  299.35  301.89  305.07  308.94  313.57  318.95  324.97  331.41  337.90  343.93  348.98  352.80  355.38  356.92  357.69  358.02  358.13  358.18  358.23  358.29  358.40  358.56  358.78  359.00  359.20  359.39  359.49  359.54  359.59  359.57  359.55  359.45  359.29  358.88  357.91  356.07  353.12  348.92  343.52  337.31  334.83  335.86  336.09  336.18  336.09  335.86  334.95  333.40  331.03 
288.51  291.07  294.18  297.95  302.46  307.68  313.52  319.75  326.01  331.83  336.74  340.46  343.01  344.55  345.34  345.68  345.81  345.87  345.91  345.98  346.09  346.24  346.45  346.67  346.86  347.04  347.15  347.20  347.25  347.25  347.26  347.24  347.21  347.11  346.92  346.49  345.51  343.70  340.84  336.79  331.64  326.16  324.64  324.74  324.78  324.74  324.64  324.30  323.35  321.67 
