#Value Function.
620839.71 638364.88 655570.12 674517.07 691061.43 704145.08 716666.18 721814.63 721951.49 722494.10 721983.26 722473.23 721516.22 718658.33 708508.23 702738.49 696169.93 680162.60 664350.28 646434.66 630653.83 613464.22 598596.49 583612.83 569094.24 554779.09 540406.54 525281.60 510353.46 495911.94 481817.55 467569.84 453320.98 440642.92 428858.94 417797.82 405127.04 395024.26 386455.20 377771.73 367566.07 357650.11 350899.19 346473.74 344095.14 335294.83 325718.12 315527.86 306064.81 296377.76
623112.83 640128.47 658120.88 675470.95 695561.87 712585.31 725566.66 739462.04 744219.57 743628.69 744504.10 743441.87 741580.17 729377.44 723995.88 718760.33 700875.06 685096.78 666004.79 650421.07 632181.27 617294.68 601830.79 586969.33 572302.81 557680.02 542030.33 526669.24 511861.20 497472.07 482868.17 468000.24 455093.26 442962.23 432050.19 418417.18 408166.07 399579.57 390909.91 380240.02 369616.60 362826.28 358119.92 357052.63 347206.75 337391.44 326720.43 317140.79 307269.42 297210.06
624531.54 642486.16 659460.41 678221.12 695477.30 717015.36 734469.93 747049.61 762871.56 766938.15 765438.26 765253.21 750671.70 742028.01 734682.91 716443.21 699558.36 682945.48 670591.41 650985.70 636317.39 620275.77 605093.04 590046.11 575235.47 558998.86 543203.12 528020.93 513353.62 498395.73 483066.79 468104.34 454376.42 444611.63 431779.64 421478.90 412880.69 404313.09 393111.09 381947.52 372934.62 369079.84 366512.33 357317.84 349271.90 338025.35 328406.67 318253.61 308038.68 297681.02
625403.65 643889.97 662173.67 679195.69 698977.04 715736.28 738212.29 754443.55 766844.85 787592.79 790164.45 772276.71 763108.54 751970.32 734250.38 714285.09 696265.68 681060.78 667416.45 655818.33 639154.61 623695.83 608207.13 593303.29 576381.97 560154.80 544579.93 529651.24 514339.65 498507.52 483177.02 468090.53 454504.19 444494.03 435131.18 426491.86 418152.45 406319.03 394565.10 385244.60 378469.98 375604.33 365271.70 357142.18 348994.30 339997.91 329513.80 319057.76 308377.62 298854.59
625891.58 644766.33 663505.25 682441.77 699093.47 717314.65 735456.48 755396.81 776091.11 777414.80 781649.27 786399.26 767214.64 749257.16 732071.41 712835.93 693609.06 676567.61 667931.16 655898.42 642809.71 626769.20 611927.20 594175.10 577539.04 561543.09 546376.96 530718.13 514323.98 498644.22 483124.67 468214.89 455424.83 448257.97 440393.19 432472.58 419871.09 407438.48 398058.31 389695.31 385556.35 375627.73 366172.48 353761.67 346671.61 340136.78 330392.88 319203.64 309645.91 300420.31
625689.86 645312.27 664389.07 682779.14 700366.51 715954.88 733947.71 752929.38 752410.32 750631.16 762674.62 762051.68 766555.79 748518.74 729705.89 711309.40 692050.52 673488.99 660203.51 653902.74 643216.85 628971.69 612362.91 595375.54 578912.93 563542.60 547553.80 530513.65 514521.51 498540.93 483222.79 468717.92 458990.54 453258.18 447304.73 433774.89 420536.43 411304.97 402057.95 395582.19 385301.77 376156.55 364032.99 353769.87 342456.91 335120.62 330042.57 320648.17 311064.04 303439.06
625910.22 644934.62 665035.97 682133.49 695288.07 712500.67 729152.80 731491.04 734782.62 754039.13 747522.30 752666.41 746426.04 744479.34 729461.23 710809.51 691071.08 671892.03 654225.62 641520.98 634171.11 623819.50 613678.03 596688.34 581159.11 564876.15 547066.82 530830.17 514340.42 498651.41 483454.08 471290.77 463992.77 460595.42 448041.50 433820.48 424958.48 415328.27 406435.90 396275.78 385337.49 373205.82 363474.12 352087.65 341813.88 331305.29 325785.17 318621.12 313693.50 310533.37
625656.63 645013.32 661679.64 675304.59 691440.80 706413.29 710611.11 715986.02 732449.57 735706.19 734398.95 734575.39 732312.84 726731.54 724431.39 711534.71 692147.46 673100.81 653951.49 636951.19 623293.13 615080.90 605948.92 596744.39 582725.69 563962.03 547600.30 530518.84 514522.14 498582.66 485611.34 476455.33 471122.27 460779.06 447236.32 439032.12 429216.21 418155.50 407599.87 395935.45 383575.25 372581.20 361108.15 351219.08 340373.47 330437.09 324499.32 321439.73 319646.21 315168.01
625336.08 641815.52 655650.14 670885.48 684610.37 690109.58 696190.29 710226.50 718954.20 715496.99 721879.88 719878.79 718898.33 712133.00 707382.78 705161.65 693489.25 673478.33 656590.71 637511.06 620935.94 605619.25 596705.47 587790.64 578291.52 564559.68 547031.62 530826.23 514340.36 499023.10 488627.62 481397.97 473924.95 461235.19 451512.22 443133.42 430225.18 419123.32 407575.27 394669.31 382973.17 371111.04 360213.58 349234.14 341366.29 335532.97 331261.45 328299.62 325984.97 323584.16
622278.62 636365.75 650837.89 663618.36 670024.37 676635.53 689332.53 701694.97 706632.19 704089.76 706370.27 704638.24 705775.02 701326.12 693934.43 688666.51 688447.59 676910.86 656569.21 640132.84 621743.75 606414.74 590053.06 579071.74 570061.51 560359.99 546959.07 530420.87 514509.52 501734.40 493090.96 486514.67 475865.42 464546.24 454206.85 443051.37 430506.37 418208.88 406817.70 394350.57 381913.05 370600.36 360588.20 352859.30 346881.41 342487.73 339518.43 337219.43 334944.14 332050.17
617255.88 631294.75 643344.93 650378.12 657388.11 669148.92 681988.16 688958.08 685753.09 689758.47 692216.13 692526.36 687898.03 688592.20 683773.40 676953.78 673386.19 672544.03 660006.38 640314.03 625233.49 608151.07 592398.05 576799.66 562302.26 552811.25 542939.93 529879.93 515561.75 505537.98 499815.02 487300.55 475904.44 469025.10 455341.01 443700.36 430789.31 418259.87 406571.55 394536.08 383045.13 372597.51 364692.45 358525.88 353987.30 351020.95 348742.53 346474.64 343705.42 339721.16
612029.10 623726.62 631233.88 638963.51 652983.91 665367.69 677350.24 671943.16 676526.91 680584.40 678072.47 674950.37 676463.06 669079.77 669272.45 665447.23 662520.39 659512.41 657206.70 644687.50 626653.23 610676.61 594606.83 579248.92 564852.94 552771.89 539966.15 529552.98 519156.77 511271.14 502417.57 486842.71 479125.07 464302.57 456489.71 444690.64 431947.72 420152.37 407683.24 395855.05 384882.59 376837.82 370470.98 365763.12 362815.71 360562.37 358299.92 355539.81 351647.98 345999.30
604495.54 612584.73 620929.02 636014.41 651085.54 662540.27 658829.17 662188.44 665495.18 666969.70 666653.22 665537.30 662004.69 658064.67 650359.86 650579.71 648481.88 646624.02 643564.29 643642.96 629462.56 612861.97 597110.57 582069.95 570164.90 556742.95 544865.20 532114.71 523547.43 511793.37 501605.13 489506.82 474364.67 464859.08 453942.10 445333.81 434133.07 421149.33 409031.67 397430.11 389307.17 382724.08 377814.53 374911.69 372687.92 370426.72 367681.04 363767.06 358112.39 350611.97
594192.36 603173.44 617490.91 635394.88 644554.53 645748.96 646232.72 648115.97 650874.31 651794.44 647838.24 648672.13 647507.21 646010.97 638716.82 631989.79 631184.51 629301.35 628560.30 626900.93 629623.50 615487.67 599594.14 588102.40 574087.63 560522.54 546288.68 536873.90 523174.24 513808.26 501506.45 487773.73 474108.79 460086.03 450161.58 441703.97 434904.70 422609.94 410221.24 402118.14 395294.25 390137.41 387318.50 385128.37 382861.49 380136.46 376210.23 370423.93 362794.11 353837.62
585526.56 599494.44 617155.06 625034.96 628279.07 630975.70 635611.29 633819.34 637113.15 634856.56 635014.63 630550.83 634159.45 632353.29 628441.31 619990.73 613875.59 612384.83 610712.20 611981.30 611451.53 615885.53 600751.78 590804.72 577130.78 560404.86 548279.34 537146.54 526664.31 514516.64 499872.65 486007.98 472573.27 459198.50 446010.54 436242.98 430097.99 423105.94 415296.14 408193.35 402724.02 400048.06 397893.38 395610.26 392913.32 388987.27 383068.04 375169.32 366005.90 356359.40
581777.27 599411.64 606775.85 610452.53 614137.36 621168.88 621600.60 618892.32 619384.44 622091.88 621206.98 617731.92 620215.20 619158.32 614666.63 609367.75 601709.63 596069.82 594136.00 593808.00 598253.46 598564.63 604179.22 587265.19 575174.34 564107.79 551375.20 541736.99 529128.18 513720.76 499066.36 485503.72 472844.18 459884.17 448109.56 439453.28 430601.46 425334.35 421436.08 415560.95 413116.22 410993.26 408678.49 406018.82 402108.48 396055.00 387872.46 378352.06 368529.94 358689.81
580275.35 590082.15 593240.54 596103.22 602149.07 604792.18 608011.57 604632.03 604470.72 606606.12 608222.51 603952.38 606597.96 608183.95 601068.65 596265.56 590879.20 583864.01 578607.10 579923.17 581122.10 585441.01 584808.96 587526.09 574190.61 563966.50 556107.97 541924.28 529200.95 514821.45 500906.69 488123.55 474664.57 462221.07 453857.66 444534.39 436017.01 431598.04 428625.53 426544.61 424438.85 422070.96 419460.07 415584.85 409395.39 400913.68 391008.01 380877.65 370891.79 361086.47
571819.59 578970.93 579654.37 583763.39 586906.98 591231.80 593815.06 592879.69 588674.36 591857.55 591494.86 591234.62 592435.72 595399.92 589971.96 583299.78 578333.20 572933.39 566446.55 563896.56 567321.68 567524.90 569406.80 568427.99 569057.73 557088.56 548126.82 543854.64 531005.27 516664.87 503844.10 489873.29 476540.11 468724.16 458974.22 449652.35 445411.82 442380.76 440363.73 438240.85 435791.36 433244.02 429428.32 423099.94 414304.09 403978.41 393537.79 383271.98 373342.02 363639.92
560892.55 564602.61 568060.62 569390.49 573581.38 578746.22 580469.29 579294.04 575086.39 575912.62 577225.09 577955.00 581857.32 581084.41 578454.64 572197.21 565906.88 560857.06 555496.40 549827.76 550509.55 551905.65 551433.91 552005.19 551394.24 550486.68 540333.22 533698.84 532057.76 520030.69 505521.29 491284.02 482117.79 471595.86 463392.18 459612.45 456465.20 454545.86 452408.63 449842.08 447377.40 443652.10 437179.24 428056.33 417266.48 406518.93 395966.92 385773.43 375989.92 366169.31
547787.96 555343.41 554916.66 556368.71 561371.22 567088.12 566196.51 566871.31 562817.68 561858.20 563696.86 565802.81 565310.17 568311.25 564790.44 560744.97 554866.48 548897.93 543824.89 538581.89 534941.16 534773.74 535117.75 534784.34 535113.18 534585.41 532722.33 524095.51 518815.78 519262.99 506438.80 494189.67 481722.99 474811.87 470466.26 470857.48 469103.56 466958.42 464223.95 461866.58 458271.18 451643.19 442185.40 430873.25 419830.58 408985.56 398515.81 388525.45 378602.31 368526.59
537839.43 541765.93 541586.18 544387.90 549596.20 552569.11 554180.83 552823.66 550675.49 549652.78 553230.10 551251.69 552710.76 552559.16 552652.59 547795.66 543549.06 537970.96 532276.69 527229.44 522301.22 518982.07 518527.41 518701.02 518503.55 518672.68 518085.47 515660.02 508277.13 504356.68 505937.98 495481.58 484261.81 481163.16 477269.11 480862.31 481895.48 478934.89 476717.24 473303.27 466499.94 456710.00 444796.29 433483.71 422337.47 411574.40 401386.24 391221.35 381028.06 370639.62
524929.44 527845.75 529724.99 532627.94 535789.43 538544.92 538611.84 541803.68 538170.28 536639.85 538620.70 536815.59 538754.45 539943.19 538747.37 535643.43 531154.64 526829.26 521500.27 516044.05 511077.57 506433.09 503358.56 502695.64 502732.67 502605.69 502654.98 501947.99 499220.66 492908.55 490550.28 493901.42 491148.73 489923.49 488867.02 490575.80 491523.86 491934.04 488770.22 481754.14 471654.78 459027.77 447491.69 436033.14 424953.09 414583.23 404165.47 393713.79 383214.47 372366.50
511954.59 518662.97 518880.19 519355.19 522002.79 523927.64 528615.96 526674.10 525347.78 523749.71 524495.22 523768.34 523236.32 522542.41 523234.67 522062.87 519088.33 514884.73 510559.89 505448.15 500207.84 498504.51 500144.36 500535.17 500701.19 500602.43 500704.11 500601.17 500679.92 500346.29 499334.10 500489.48 501663.38 501103.11 501713.88 501582.26 502313.02 501728.31 497389.09 487053.97 473551.26 461871.55 450084.23 438653.67 428129.01 417442.92 406722.79 395976.20 385013.49 373489.41
501846.96 502983.19 503623.79 505939.52 508266.50 513502.53 517194.70 517157.70 511995.31 511445.16 511642.14 510760.48 507979.11 507194.99 506660.12 506997.43 505820.10 502979.43 505080.10 507494.87 510192.76 512482.72 514153.66 516020.52 516241.62 516442.83 516268.46 516435.71 516113.25 515236.45 512407.47 511847.31 514395.84 515349.43 515159.60 515063.49 512915.18 507646.25 500550.70 488175.61 476646.29 464503.85 452674.57 442038.84 431061.55 420062.93 409062.57 397868.29 386071.28 374613.69
487251.65 488360.19 491347.28 501763.00 508310.53 512841.24 514718.55 516377.50 512000.86 506594.00 503495.74 501871.97 502461.98 505350.76 508443.60 511080.05 513587.85 516172.87 518652.19 520870.47 523346.63 526217.92 528582.10 530173.42 532374.13 532317.04 532615.86 532253.09 531656.90 528114.19 527669.20 527073.35 527582.72 528434.48 529582.06 524933.70 517233.89 509383.55 497767.22 489495.37 478417.48 466979.71 456332.06 445028.23 433742.88 422477.14 411082.85 398811.82 387294.44 375352.61
473523.79 478567.00 492928.16 507228.17 518037.17 524450.69 526866.14 527124.21 522151.15 519089.29 517410.18 517309.37 517130.23 517946.68 521193.73 524422.89 527070.47 529621.77 532304.14 534865.31 537061.25 539593.33 542671.96 545113.98 546539.96 549245.70 548733.96 548666.98 544070.06 544120.59 543269.03 544163.11 543226.98 543386.95 539767.44 531592.33 520430.49 507813.85 495468.92 485329.19 479432.40 470628.49 459347.74 447773.12 436219.47 424683.29 411836.85 400173.22 388092.55 375350.10
464764.69 479077.38 493743.97 508495.99 523659.10 534791.33 537902.70 535968.98 535108.21 533315.26 533466.63 533188.73 533450.44 533114.10 533768.76 537490.61 540827.88 543466.75 546060.99 548852.47 551508.30 553652.85 556236.07 559569.69 562101.37 562182.50 563779.37 560558.67 558571.95 559370.54 561293.31 559761.09 560915.14 555361.20 546225.84 536639.87 523705.55 510980.90 499017.89 488873.73 478696.14 469804.94 459718.96 448377.40 438706.29 425131.27 413396.95 401049.22 387952.57 375492.16
464188.08 478955.59 494321.56 509305.60 524397.23 540601.84 550349.65 551882.46 549565.45 550091.99 549637.29 550093.65 549606.92 549637.24 547584.54 550181.62 554233.05 557666.09 560273.28 562912.92 565828.09 568598.37 570650.98 573278.02 576928.88 577310.32 577143.70 572743.15 574160.17 575878.58 576405.53 579089.28 572980.99 563416.21 551803.60 538045.94 524614.64 514395.06 504614.62 491629.49 481338.48 469672.44 457430.61 448062.84 438550.01 426983.01 414376.69 400704.19 388179.06 375362.80
464052.67 479126.55 494053.36 509989.17 525258.65 540605.79 553382.31 562278.66 566685.14 566426.43 567225.08 566443.01 566951.56 564209.47 564396.34 563010.24 567171.44 571416.72 574952.40 577496.21 580186.99 583241.41 586155.89 588059.78 590720.14 592313.17 590047.28 587603.87 589609.33 591811.69 593669.07 591039.33 581021.62 569182.41 554732.04 540814.39 528337.05 518575.38 506531.41 496775.28 484727.18 471959.42 458871.80 445937.74 436351.54 428102.13 413723.48 401085.39 387956.60 375492.62
464148.92 478957.85 494342.44 509493.86 526107.64 541618.16 552915.00 567049.30 579718.49 584757.79 583567.32 584906.98 581083.51 581982.32 580230.24 579498.42 579615.07 584687.49 589041.11 592705.59 595139.58 597893.56 601101.71 604205.78 605822.32 607343.32 603840.97 603987.53 605470.42 607554.55 607764.69 599034.94 587080.00 571822.31 557396.57 544696.46 532672.23 519763.58 510170.09 500124.03 487023.58 473550.25 460151.28 447548.48 434072.39 422990.18 413937.04 400655.40 388173.61 375362.18
464050.18 479125.94 494047.96 509940.79 524822.09 536641.62 550745.55 567914.50 582853.47 596762.08 601330.68 598100.90 600194.17 597770.45 597643.88 593606.51 592154.69 597360.73 602668.79 607111.69 610949.10 613203.83 616044.88 619415.84 621689.32 621996.44 619819.45 619904.49 622347.11 622358.46 617683.48 605544.50 589313.90 574365.81 561451.62 549390.26 535870.52 523068.00 510818.11 499349.49 488486.44 474727.66 462084.30 448010.28 435049.26 420896.64 409857.54 400321.02 387834.64 375475.00
464146.14 478939.16 494211.16 508640.57 521404.02 535348.40 552078.88 567515.63 582629.36 596798.37 612566.76 617038.08 615541.29 616466.01 611369.81 609893.50 605782.98 610089.07 615566.59 621131.69 625629.97 629713.59 631683.27 634656.92 637054.72 636716.83 634178.28 636465.86 635143.01 635268.38 624608.66 607195.36 591730.70 578598.39 566616.86 552426.81 539334.13 526659.76 512480.99 499068.49 486486.51 477043.73 462223.02 449322.87 434436.43 421279.42 407865.45 396975.63 387177.22 376199.22
464122.76 478933.71 493222.47 508443.76 523072.06 537733.21 551578.35 569231.19 582509.10 598387.62 613035.30 630808.11 634139.95 629328.46 628843.03 623861.11 622268.49 622645.47 628667.51 634214.98 640100.86 644589.95 649041.21 650561.98 652598.38 652834.62 650157.32 649987.44 652356.83 643669.40 624550.86 609506.15 596123.29 584403.12 569357.56 555983.53 543283.19 528650.40 513226.67 498498.39 484181.55 473320.54 464093.56 448231.11 435073.66 420988.70 409216.53 399115.75 388841.20 378008.47
464752.63 478993.98 493250.59 507841.39 524625.18 539365.04 554547.89 566541.87 582105.67 598452.68 615186.27 629625.48 643220.98 647043.37 642191.74 641406.37 637309.34 636920.65 641262.41 647775.62 653296.75 659611.09 663972.52 668992.67 668641.08 667646.08 667986.87 665862.57 662067.67 641286.80 625558.09 612618.59 602821.16 586646.00 573013.28 560392.53 545258.54 529189.64 514300.69 498395.61 483682.47 469667.42 458879.40 448954.85 434396.51 422371.66 412275.32 401779.61 390782.78 379425.19
465788.42 479666.50 494180.91 508769.26 523469.90 541345.62 553639.22 566164.13 583479.46 598737.01 611473.71 625183.20 640802.52 656997.48 660291.65 656209.59 654524.86 652559.45 656001.39 660287.69 667459.75 672788.27 679714.49 683706.81 685305.07 682353.65 679231.05 674440.11 656004.73 643198.32 627953.46 615229.38 602244.97 590271.10 578021.10 562326.84 545480.75 530582.63 513930.15 498942.79 484333.84 470486.39 457569.60 445991.23 435821.49 425803.83 415061.17 403750.44 392194.12 380643.99
466863.91 480780.22 494771.83 509776.92 524715.85 538891.03 552485.47 569170.59 582799.95 595085.20 606993.15 622591.31 640969.87 653009.44 671365.30 673786.29 671408.89 670426.32 671906.12 675612.47 679689.93 687789.82 692640.63 696599.83 695815.73 693679.15 689836.29 671137.60 659028.49 645688.77 631576.40 616759.01 602817.64 591791.15 579885.20 562059.90 547401.59 529791.81 514614.12 499575.65 485353.76 472046.85 460132.74 449866.06 439725.39 428693.07 417054.17 405151.15 393402.80 381988.95
468679.95 481774.80 496011.31 510230.38 525799.22 541195.09 555692.18 568182.06 578926.00 589532.78 605558.52 623312.88 635147.04 654118.57 668214.29 686687.64 690782.64 685391.74 685201.99 692446.36 695694.63 699339.42 705396.92 705655.06 708698.24 704955.95 686542.15 677556.22 663467.35 650769.75 635605.17 618972.27 605377.64 590125.17 575783.76 564845.36 545943.41 530723.95 515200.43 500605.96 486894.04 474603.12 464271.94 454028.09 442680.23 430702.44 418439.91 406344.02 394771.16 383584.61
470029.82 483831.83 496845.26 511679.08 526029.86 542154.81 554818.33 563043.35 572594.48 587911.99 606263.33 618421.20 634804.98 652425.65 668791.90 681963.33 698269.14 701706.46 699839.50 703546.59 712920.68 710979.58 715746.57 718147.27 716596.77 699512.20 689359.50 678160.91 667307.03 655077.35 637276.54 624058.01 608165.07 592579.83 576539.62 561262.31 547314.54 531209.44 516254.25 502125.14 489398.51 479048.01 468728.38 457029.52 444704.37 432069.14 419611.32 407731.20 396461.47 385082.83
471374.45 485120.02 499252.00 512219.90 527829.56 539874.86 546521.23 556271.07 572185.18 589584.68 602301.88 616204.19 633102.41 648961.08 662761.73 681112.50 693573.42 709707.75 713007.16 710645.66 717691.09 723653.23 726445.86 726445.19 711784.80 700555.30 682982.86 675256.14 670642.20 655507.99 643374.27 626620.03 610778.05 594118.82 578642.51 562410.29 547596.42 532310.97 517759.20 504511.76 494204.78 483846.32 471746.19 459069.74 446047.71 433213.48 421008.78 409543.38 397957.40 386711.93
470643.54 486813.77 500357.10 515157.31 525965.42 530679.19 541113.05 556828.71 573435.14 585912.60 598267.14 614297.52 629722.27 643799.82 660840.38 675537.33 690820.28 705839.58 722216.51 709880.58 700832.96 716336.08 725568.88 715574.16 705899.02 691579.64 679785.27 668165.02 664741.55 661023.20 645451.24 629507.28 612077.83 596542.54 579529.85 564637.87 548789.62 533821.64 519929.04 509753.63 499406.45 486832.74 473809.39 460384.47 447160.60 434604.62 422984.99 411007.14 399660.76 388296.34
471415.53 485490.83 502623.93 512915.61 515695.27 526419.86 542012.21 557872.55 569935.04 580861.24 596018.47 611029.93 625206.71 641572.95 657976.99 673783.49 687407.24 701998.20 716694.93 734860.51 727475.46 739829.75 720372.91 707036.48 695275.84 684963.70 671681.60 661515.85 653103.83 651860.27 648789.38 630375.52 615024.76 596975.04 582192.21 565663.12 550347.44 535626.56 525707.03 515439.86 502287.01 488936.05 475087.67 461465.34 448514.72 436810.01 424367.85 412811.23 401253.64 390028.32
470597.40 486398.82 496597.91 501276.26 514338.14 527861.52 542658.47 554456.41 563960.54 578256.68 592879.93 607248.50 624991.71 642317.95 658856.81 669791.33 681732.38 696329.47 713803.44 727777.81 744297.73 727024.91 718833.97 700224.20 686778.06 675251.73 664708.07 652365.86 643723.91 639370.59 640594.96 634100.28 614681.63 600321.97 582907.78 567391.38 551572.23 542034.98 531886.74 518084.65 504465.91 490163.85 476144.89 462727.17 451051.40 438031.45 426319.07 414387.11 403074.22 391643.83
470587.60 480881.11 487032.25 500502.23 515033.19 530618.00 539635.20 547728.82 562391.55 577944.68 592160.15 608906.34 625459.01 641453.92 652681.57 662273.92 676353.90 692768.18 707022.58 722876.85 724304.41 723572.00 707104.93 697017.36 680327.48 667035.00 655677.91 645081.06 633613.00 625436.01 622571.13 626973.27 619111.97 600472.78 585027.38 567778.95 558303.40 546751.86 533630.25 518180.74 505117.45 491224.68 477216.78 465757.19 451978.83 440209.04 427834.48 416322.57 404716.01 393204.21
465521.95 472836.73 485298.84 499644.49 516500.14 525644.45 534585.32 549764.66 563803.78 579725.48 595876.48 609860.15 626926.07 635059.46 643399.27 656833.13 672374.30 686510.53 700420.68 703414.67 704831.67 706177.33 701260.77 687133.41 676099.63 660777.28 647770.17 636567.06 626043.10 615296.69 608203.24 610136.04 615032.57 603356.85 584271.51 574383.67 562013.41 546447.91 533325.74 518390.55 503840.42 491703.78 480985.22 466172.54 454517.52 441588.88 429927.67 417982.82 406268.38 395058.00
458619.99 470549.08 484489.16 499939.08 509936.06 520954.66 536308.11 551068.28 566965.45 580873.65 596583.76 609572.42 617501.84 625062.81 637784.38 652555.67 666354.70 678886.00 682853.55 684377.79 685467.14 684681.74 685072.40 679835.49 667341.44 655920.89 641623.57 628962.32 617922.11 607550.83 597488.28 596510.97 597653.01 600657.65 591396.91 576113.01 562591.27 548701.15 534508.77 519213.96 505116.38 492626.03 479345.14 469300.45 455633.09 443909.06 431593.89 419504.04 408240.25 396779.73
456028.04 469634.68 484052.40 494752.21 507695.63 522037.24 537150.05 553077.00 567877.67 580630.21 592903.73 599301.50 607193.13 619211.22 633271.03 646618.24 658134.30 662706.68 664403.42 665350.14 664925.51 665383.85 664881.53 664544.78 659164.79 647849.88 636378.77 622890.61 610598.33 599739.06 589579.35 580730.95 582877.61 585735.11 587314.99 575759.75 559756.67 548319.92 534941.47 520822.12 507646.92 492499.16 478708.69 467421.17 458029.80 445559.23 433052.98 421614.42 410108.53 397594.03
454953.04 468751.35 479948.05 493600.79 507132.26 523889.29 538190.21 553746.04 566484.48 574796.26 581713.79 589658.05 601105.39 614493.12 627334.10 638071.70 643011.48 644898.39 645782.18 645594.63 645865.87 645598.39 645860.94 645471.55 644580.54 639160.86 628729.38 617406.17 604587.96 592668.84 582011.19 572168.35 568222.75 570478.10 569995.41 569755.39 559002.82 546678.77 532365.67 521608.82 508087.61 492241.79 477503.65 464246.44 453700.75 445717.08 435301.36 423651.66 410950.81 397326.27
453796.08 465390.83 478549.86 492923.59 509515.98 522532.34 540138.78 551295.09 557681.63 564506.41 572492.60 583444.07 596201.98 608517.07 618632.58 623785.19 625855.52 626730.33 626704.12 626871.99 626716.31 626872.41 626715.76 626854.50 626476.09 625162.12 619763.03 610019.40 598957.62 586716.85 575166.19 564737.31 555698.64 553044.17 553324.59 552961.67 551555.81 541897.99 529923.55 516577.41 505469.92 492258.76 477177.31 462892.33 450115.28 440384.03 435058.40 424542.82 410430.76 397629.75
450959.08 463898.00 477969.27 493712.92 508162.86 524182.14 535111.52 541019.45 547736.80 555696.33 566211.84 578380.32 590170.82 599769.34 605032.89 607268.37 608169.27 608258.48 608373.04 608283.58 608374.73 608283.63 608374.66 608281.20 608334.26 607908.24 606270.94 600927.57 591739.95 581000.94 569273.73 558084.00 547956.80 539702.21 536812.97 536666.62 536219.40 534041.45 525166.62 513649.40 501047.64 489790.64 476882.11 462462.92 448647.03 436375.25 427064.69 420846.39 410641.29 397291.84
449336.99 463169.47 478219.49 492555.08 507632.96 519940.04 524591.44 531196.58 539077.08 549194.86 560808.89 572085.24 581237.13 586542.46 588920.01 589868.35 590045.29 590136.58 590087.29 590140.67 590087.51 590140.67 590087.51 590140.35 590081.14 590067.78 589562.91 587678.48 582412.18 573691.52 563307.51 552051.39 541223.66 531454.45 523810.38 520765.69 520270.84 519637.12 516940.38 508653.32 497631.27 485634.83 474368.22 461764.70 447936.47 434600.83 422814.99 413782.13 406955.40 396921.64
