#Value Function.
52.6148 52.8160 53.9312 54.9847 56.0316 57.0769 58.1223 59.1652 60.2091 61.2377 62.2606 63.2000 64.0373 64.7440 65.4878 66.2979 67.1170 67.9206 68.6895 69.4337 70.1744 70.9252 71.6702 72.3911 73.0394 73.5547 73.9840 74.2632 74.4203 74.5189 74.5237 74.4582 74.2949 74.0638 73.7433 73.3172 72.8196 72.3228 71.8887 71.5533 71.3198 71.1702 71.0804 71.0259 70.9858 70.9372 70.8486 70.6814 70.4037 70.2373
51.0622 54.1280 55.1740 56.2198 57.2659 58.3110 59.3565 60.3983 61.4420 62.4663 63.4867 64.4033 65.2155 65.8895 66.6460 67.4673 68.2916 69.0909 69.8542 70.5971 71.3382 72.0925 72.8363 73.5518 74.1801 74.6600 75.0659 75.3031 75.4187 75.4821 75.4672 75.4110 75.2378 74.9976 74.6614 74.2161 73.7039 73.2089 72.7901 72.4779 72.2674 72.1364 72.0595 72.0124 71.9752 71.9242 71.8259 71.6399 71.3366 70.4299
50.9631 54.1494 55.1953 56.2414 57.2871 58.3334 59.3781 60.4242 61.4643 62.5099 63.5281 64.5584 65.4560 66.2600 66.8879 67.6661 68.4863 69.3248 70.1268 70.8882 71.6299 72.3740 73.1330 73.8778 74.5956 75.2149 75.6582 76.0581 76.2453 76.3098 76.3214 76.1726 75.9586 75.6473 75.2003 74.6795 74.1761 73.7527 73.4420 73.2360 73.1099 73.0375 72.9939 72.9601 72.9139 72.8215 72.6397 72.3366 71.9056 70.9815
50.9745 54.1707 55.2168 56.2626 57.3088 58.3543 59.4010 60.4445 61.4913 62.5280 63.5753 64.5833 65.6262 66.4941 67.2779 67.8539 68.6499 69.4965 70.3524 71.1572 71.9230 72.6642 73.4108 74.1747 74.9166 75.6291 76.2231 76.6113 76.9364 77.0232 76.9485 76.8022 76.5931 76.1583 75.6436 75.1400 74.7142 74.4055 74.2046 74.0835 74.0157 73.9754 73.9449 73.9035 73.8174 73.6401 73.3371 72.9031 72.3509 71.4106
50.9943 54.1921 55.2381 56.2841 57.3299 58.3762 59.4214 60.4682 61.5101 62.5579 63.5875 64.6380 65.6205 66.6712 67.4845 68.2551 68.7250 69.6262 70.5123 71.3824 72.1948 72.9601 73.6991 74.4449 75.2104 75.9345 76.6142 77.1136 77.4007 77.5251 77.4809 77.3876 77.0549 76.5882 76.0880 75.6679 75.3672 75.1733 75.0571 74.9943 74.9569 74.9295 74.8929 74.8136 74.6413 74.3381 73.9005 73.3456 72.6814 71.7261
51.0148 54.2134 55.2595 56.3054 57.3515 58.3971 59.4437 60.4879 61.5346 62.5730 63.6204 64.6363 65.6844 66.6064 67.6454 68.3122 68.8022 69.6573 70.6079 71.5342 72.4238 73.2342 73.9946 74.7263 75.4682 76.2262 76.9046 77.5082 77.8166 77.8602 77.8649 77.7364 77.4237 76.9953 76.6092 76.3234 76.1411 76.0308 75.9733 75.9385 75.9139 75.8818 75.8101 75.6434 75.3398 74.8977 74.3402 73.6735 72.9051 71.9396
51.0351 54.2347 55.2808 56.3269 57.3726 58.4189 59.4642 60.5107 61.5529 62.5996 63.6302 64.6757 65.6564 66.6607 67.4572 68.0143 68.7567 69.6542 70.6394 71.6379 72.5759 73.4726 74.2706 75.0115 75.7304 76.4352 77.1469 77.6995 78.1108 78.2054 78.2034 78.1045 77.8182 77.5137 77.2681 77.1044 77.0032 76.9529 76.9202 76.8980 76.8705 76.8056 76.6410 76.3370 75.8886 75.3324 74.6664 73.8905 73.0544 72.0837
51.0547 54.2554 55.3022 56.3481 57.3942 58.4398 59.4861 60.5298 61.5751 62.6117 63.6510 64.6497 65.6363 66.4487 67.0912 67.8360 68.7213 69.6590 70.6606 71.6780 72.6857 73.6161 74.5111 75.2791 75.9859 76.6586 77.3268 78.0026 78.3773 78.5887 78.5746 78.4822 78.3346 78.1765 78.0575 77.9702 77.9320 77.9019 77.8818 77.8593 77.7984 77.6361 77.3155 76.8591 76.2989 75.6492 74.8692 74.0330 73.1682 72.1892
51.0714 54.2736 55.3233 56.3696 57.4153 58.4612 59.5057 60.5499 61.5879 62.6209 63.6219 64.5859 65.4046 66.0981 66.8650 67.7423 68.6817 69.6655 70.6719 71.6984 72.7260 73.7303 74.6359 75.4800 76.1811 76.8127 77.4515 78.1521 78.7644 79.0586 79.1648 79.0942 79.0556 79.0013 78.9325 78.9074 78.8825 78.8652 78.8477 78.7952 78.6344 78.2953 77.8117 77.2063 76.5594 75.7981 74.9989 74.1455 73.2222 72.2410
51.0767 54.2764 55.3447 56.3907 57.4363 58.4807 59.5238 60.5612 61.5891 62.5848 63.5310 64.3540 65.0843 65.8667 66.7412 67.6803 68.6617 69.6635 70.6876 71.7173 72.7444 73.7527 74.7076 75.5584 76.2674 76.8823 77.4927 78.1862 78.9444 79.5283 79.8416 79.9482 79.9290 79.8896 79.8787 79.8622 79.8484 79.8355 79.7917 79.6416 79.2817 78.7351 78.0667 77.3712 76.6409 75.8930 75.0761 74.1871 73.2469 72.2646
51.0942 54.2954 55.3657 56.4114 57.4555 58.4974 59.5328 60.5554 61.5439 62.4761 63.3030 64.0587 64.8530 65.7295 66.6677 67.6476 68.6502 69.6712 70.7018 71.7343 72.7644 73.7726 74.7256 75.5741 76.2775 76.8934 77.5025 78.1711 79.0071 79.8458 80.4658 80.7604 80.8472 80.8510 80.8432 80.8301 80.8225 80.7889 80.6557 80.2856 79.6973 78.9317 78.1381 77.3776 76.6462 75.9183 75.1141 74.2100 73.2634 72.2826
51.1138 54.3161 55.3861 56.4301 57.4706 58.5036 59.5204 60.5013 61.4231 62.2541 63.0279 63.8326 64.7108 65.6503 66.6291 67.6319 68.6520 69.6811 70.7160 71.7525 72.7836 73.7903 74.7407 75.5829 76.2634 76.8759 77.4892 78.1831 79.0193 79.9581 80.8628 81.4825 81.7356 81.8148 81.8111 81.8091 81.7840 81.6754 81.2986 80.6994 79.8760 78.9920 78.1362 77.3597 76.6348 75.8695 75.0846 74.2034 73.2668 72.2788
51.1327 54.3360 55.4041 56.4435 57.4735 58.4846 59.4582 60.3720 61.2072 61.9957 62.8100 63.6902 64.6293 65.6075 66.6103 67.6299 68.6589 69.6941 70.7333 71.7680 72.7827 73.7687 74.6820 75.4439 76.1377 76.7538 77.3795 78.1434 79.0056 79.9882 80.9849 81.9290 82.5253 82.7304 82.7926 82.7752 82.7010 82.3119 81.7143 80.8560 79.9250 78.9872 78.0920 77.3066 76.5340 75.7943 74.9919 74.1427 73.2451 72.2501
51.1483 54.3530 55.4155 56.4426 57.4482 58.4148 59.3228 60.1610 60.9632 61.7866 62.6693 63.6075 64.5843 65.5883 66.6071 67.6357 68.6711 69.7091 70.7443 71.7617 72.7466 73.6784 74.4835 75.2371 75.9189 76.5574 77.2601 78.0700 79.0103 79.9947 81.0367 82.0410 83.0191 83.5751 83.7019 83.7163 83.3179 82.7365 81.8434 80.8969 79.9375 78.9822 78.0626 77.1947 76.3930 75.6178 74.8433 74.0292 73.1744 72.1707
51.1554 54.3620 55.4106 56.4101 57.3658 58.2488 58.9612 59.8269 60.6882 61.5711 62.4898 63.4643 64.5677 65.5846 66.6121 67.6484 68.6869 69.7211 70.7373 71.7191 72.6442 73.4745 74.2661 74.9835 75.6727 76.3803 77.1574 78.0548 78.9992 80.0192 81.0456 82.1023 83.1017 84.0646 84.4789 84.1667 83.7483 82.8262 81.8725 80.9086 79.9482 78.9893 78.0403 77.1249 76.2542 75.4407 74.6528 73.8678 73.0538 72.0444
51.1398 54.3487 55.3514 56.2064 57.2153 58.1941 59.1238 60.0146 60.8732 61.7304 62.6150 63.5352 64.5074 65.5178 66.6100 67.6645 68.7016 69.7198 70.7042 71.6230 72.4641 73.2631 74.0064 74.7358 75.4669 76.2481 77.1169 78.0272 79.0135 80.0307 81.0743 82.1046 83.1572 84.0091 84.6075 84.5089 83.7436 82.8439 81.8806 80.9212 79.9587 78.9980 78.0398 77.0942 76.1773 75.3031 74.4780 73.6824 72.8919 71.8803
51.0770 54.2806 55.2093 56.2479 57.2733 58.2810 59.2573 60.1791 61.0589 61.9044 62.7611 63.6479 64.5698 65.5575 66.5692 67.6848 68.7059 69.7091 70.6438 71.4882 72.2880 73.0455 73.7797 74.5168 75.3235 76.1801 77.0681 78.0286 79.0216 80.0501 81.0788 82.1046 83.0103 83.7743 84.0120 84.0591 83.5965 82.7812 81.8800 80.9279 79.9698 79.0084 78.0478 77.0905 76.1456 75.2275 74.3495 73.5163 72.7132 71.7047
50.9989 54.1883 55.2334 56.2768 57.3154 58.3379 59.3440 60.3121 61.2196 62.0841 62.9049 63.7664 64.6549 65.5960 66.6038 67.6157 68.7165 69.6702 70.5531 71.3895 72.1498 72.8843 73.5801 74.3763 75.2215 76.1060 77.0445 78.0213 79.0290 80.0485 81.0490 81.9364 82.6547 82.9709 83.1047 83.0927 83.0001 82.5348 81.7824 80.9074 79.9711 79.0173 78.0576 77.0976 76.1412 75.1968 74.2776 73.3957 72.5555 71.5532
51.0114 54.2096 55.2558 56.3008 57.3434 58.3796 59.3985 60.3921 61.3294 62.2088 63.0407 63.8544 64.7237 65.6448 66.6269 67.6480 68.6506 69.6088 70.5483 71.3583 72.0850 72.7503 73.4899 74.2710 75.1299 76.0505 77.0128 78.0090 79.0159 79.9926 80.8553 81.5270 81.8621 82.0019 82.0261 82.0423 82.0148 81.8918 81.4677 80.7719 79.9284 79.0101 78.0632 77.1063 76.1473 75.1917 74.2477 73.3273 72.4419 71.4465
51.0274 54.2277 55.2777 56.3231 57.3674 58.4069 59.4368 60.4346 61.3883 62.2535 63.0998 63.9306 64.7759 65.6846 66.6593 67.6646 68.6800 69.6461 70.5701 71.3535 72.0288 72.7036 73.4331 74.2038 75.0727 76.0092 76.9888 77.9796 78.9341 79.7706 80.4081 80.7517 80.8978 80.9347 80.9496 80.9523 80.9607 80.9302 80.7933 80.4002 79.7527 78.9428 78.0446 77.1070 76.1539 75.1966 74.2419 73.2983 72.3769 71.3866
51.0328 54.2307 55.2987 56.3447 57.3882 58.4290 59.4555 60.4578 61.3991 62.2833 63.1136 63.9475 64.7937 65.7054 66.6781 67.6890 68.6933 69.6782 70.5609 71.3053 71.9845 72.6808 73.3672 74.1449 75.0262 75.9751 76.9447 77.8745 78.6842 79.2950 79.6416 79.7948 79.8416 79.8576 79.8630 79.8721 79.8769 79.8802 79.8449 79.7010 79.3328 78.7270 77.9509 77.0744 76.1482 75.2004 74.2454 73.2919 72.3487 71.3613
51.0500 54.2494 55.3195 56.3640 57.4062 58.4387 59.4567 60.4402 61.3855 62.2584 63.1142 63.9345 64.7793 65.7050 66.7001 67.7048 68.7136 69.6579 70.4621 71.2015 71.9170 72.5318 73.2590 74.0658 74.9697 75.9100 76.8142 77.5976 78.1860 78.5326 78.6925 78.7476 78.7658 78.7730 78.7812 78.7873 78.7953 78.8006 78.8000 78.7599 78.6131 78.2657 77.6961 76.9531 76.0996 75.1866 74.2454 73.2936 72.3416 71.3550
51.0690 54.2696 55.3385 56.3804 57.4146 58.4353 59.4265 60.3931 61.2967 62.1801 63.0352 63.8558 64.7506 65.7042 66.7001 67.6966 68.6508 69.4934 70.3075 71.0565 71.6950 72.3714 73.1374 73.9797 74.8809 75.7574 76.5131 77.0813 77.4257 77.5922 77.6537 77.6749 77.6834 77.6905 77.6971 77.7047 77.7113 77.7187 77.7238 77.7200 77.6757 77.5284 77.1989 76.6613 75.9499 75.1202 74.2219 73.2887 72.3408 71.3527
51.0863 54.2880 55.3534 56.3864 57.4055 58.3991 59.3656 60.2916 61.1874 62.0459 62.8997 63.7732 64.7096 65.6886 66.6710 67.6123 68.4700 69.3017 70.0687 70.7572 71.4395 72.1750 72.9918 73.8606 74.6997 75.4320 75.9807 76.3236 76.4954 76.5660 76.5898 76.5970 76.6039 76.6092 76.6152 76.6212 76.6284 76.6352 76.6422 76.6467 76.6401 76.5924 76.4459 76.1323 75.6232 74.9419 74.1363 73.2540 72.3300 71.3365
51.0982 54.3012 55.3571 56.3734 57.3658 58.3301 59.2596 60.1585 61.0285 61.8893 62.7791 63.7042 64.6756 65.6415 66.5696 67.4342 68.2595 69.0300 69.7407 70.4479 71.1878 71.9853 72.8287 73.6426 74.3509 74.8832 75.2272 75.4064 75.4834 75.5179 75.5261 75.5266 75.5292 75.5324 75.5354 75.5402 75.5455 75.5522 75.5590 75.5657 75.5694 75.5604 75.5099 75.3652 75.0659 74.5825 73.9296 73.1481 72.2827 71.2777
51.0984 54.3024 55.3410 56.3312 57.2928 58.2220 59.1216 59.9965 60.8660 61.7594 62.6901 63.6495 64.6079 65.5276 66.3911 67.2105 67.9805 68.7020 69.4200 70.1713 70.9661 71.7895 72.5844 73.2703 73.7882 74.1323 74.3197 74.4126 74.4637 74.4932 74.4989 74.4885 74.4755 74.4677 74.4654 74.4629 74.4650 74.4698 74.4761 74.4828 74.4891 74.4920 74.4809 74.4282 74.2860 73.9996 73.5394 72.9134 72.1558 71.1315
51.0789 54.2832 55.2962 56.2557 57.1837 58.0832 58.9616 59.8372 60.7353 61.6657 62.6211 63.5704 64.4845 65.3455 66.1612 66.9302 67.6591 68.3856 69.1403 69.9347 70.7457 71.5197 72.1876 72.6955 73.0398 73.2380 73.3593 73.4362 73.4989 73.5451 73.5510 73.5198 73.4791 73.4321 73.4095 73.3971 73.3905 73.3904 73.3943 73.4001 73.4066 73.4126 73.4145 73.4016 73.3474 73.2078 72.9334 72.4944 71.8937 70.8433
51.0322 54.2354 55.2183 56.1456 57.0455 57.9269 58.8073 59.7085 60.6384 61.5886 62.5317 63.4401 64.2992 65.1119 65.8806 66.6152 67.3475 68.1055 68.8958 69.6952 70.4525 71.1034 71.6027 71.9463 72.1582 72.2970 72.4201 72.5557 72.6570 72.7256 72.7306 72.6778 72.5600 72.4765 72.3958 72.3516 72.3286 72.3180 72.3161 72.3190 72.3243 72.3304 72.3360 72.3371 72.3225 72.2672 72.1305 71.8672 71.4477 70.3691
50.9549 54.1552 55.1075 56.0083 56.8926 57.7772 58.6808 59.6098 60.5551 61.4921 62.3957 63.2524 64.0632 64.8322 65.5715 66.3090 67.0687 67.8545 68.6424 69.3834 70.0192 70.5096 70.8516 71.0730 71.2301 71.3866 71.5770 71.7749 71.9136 72.0253 71.9923 71.9269 71.8097 71.6150 71.4652 71.3554 71.2938 71.2614 71.2465 71.2424 71.2440 71.2486 71.2543 71.2594 71.2596 71.2436 71.1876 71.0540 70.8010 69.6978
50.8481 54.0435 54.9713 55.8586 56.7469 57.6525 58.5804 59.5215 60.4545 61.3535 62.2076 63.0166 63.7846 64.5281 65.2699 66.0305 66.8114 67.5881 68.3138 68.9355 69.4176 69.7582 69.9875 70.1615 70.3421 70.5730 70.8455 71.1087 71.3112 71.3186 71.3539 71.2643 71.0778 70.8562 70.6180 70.4353 70.3096 70.2350 70.1949 70.1758 70.1691 70.1693 70.1731 70.1783 70.1829 70.1822 70.1650 70.1086 69.9781 68.8575
50.7196 53.9085 54.8247 55.7165 56.6239 57.5524 58.4895 59.4170 60.3136 61.1650 61.9726 62.7417 63.4868 64.2321 64.9928 65.7668 66.5324 67.2438 67.8523 68.3266 68.6663 68.9017 69.0874 69.2846 69.5337 69.8422 70.1767 70.4756 70.5824 70.6781 70.6690 70.6133 70.4099 70.1350 69.8573 69.5984 69.4001 69.2620 69.1771 69.1297 69.1060 69.0964 69.0949 69.0977 69.1024 69.1064 69.1048 69.0866 69.0300 67.8993
50.5830 53.7648 54.6856 55.5951 56.5236 57.4573 58.3816 59.2742 60.1267 60.9332 61.7034 62.4514 63.1960 63.9560 64.7246 65.4775 66.1749 66.7696 67.2367 67.5758 67.8172 68.0129 68.2198 68.4767 68.7913 69.1420 69.4771 69.7006 69.8502 69.9174 69.9302 69.8649 69.6904 69.4501 69.1395 68.8384 68.5716 68.3628 68.2149 68.1207 68.0659 68.0371 68.0243 68.0209 68.0226 68.0265 68.0299 68.0275 68.0084 66.8726
50.4534 53.6288 54.5657 55.4944 56.4267 57.3466 58.2394 59.0913 59.9024 60.6736 61.4243 62.1708 62.9243 63.6868 64.4271 65.1076 65.6896 66.1496 66.4867 66.7338 66.9386 67.1539 67.4155 67.7311 68.0772 68.4118 68.6728 68.8593 69.0134 69.0317 69.0351 68.9914 68.8833 68.6901 68.4234 68.1131 67.8093 67.5399 67.3250 67.1687 67.0657 67.0035 66.9693 66.9530 66.9473 66.9477 66.9508 66.9535 66.9503 65.8125
50.3398 53.5104 54.4647 55.3958 56.3128 57.2073 58.0626 58.8756 59.6499 60.4094 61.1574 61.9091 62.6573 63.3832 64.0464 64.6155 65.0653 65.4010 65.6530 65.8646 66.0873 66.3523 66.6655 67.0054 67.3313 67.5968 67.7974 67.9690 68.0290 68.0353 68.0437 68.0429 67.9757 67.8381 67.6416 67.3793 67.0774 66.7774 66.5075 66.2874 66.1234 66.0119 65.9422 65.9025 65.8823 65.8743 65.8731 65.8753 65.8772 64.7389
50.2408 53.4090 54.3643 55.2796 56.1757 57.0343 57.8521 58.6424 59.4036 60.1618 60.9113 61.6525 62.3583 63.0026 63.5538 63.9935 64.3220 64.5749 64.7927 65.0203 65.2880 65.5986 65.9311 66.2483 66.5115 66.7180 66.8795 66.9547 66.9800 66.9879 66.9942 67.0011 66.9831 66.9115 66.7758 66.5829 66.3299 66.0387 65.7439 65.4743 65.2499 65.0788 64.9592 64.8822 64.8367 64.8125 64.8017 64.7989 64.7999 63.6620
50.1402 53.3053 54.2465 55.1431 56.0080 56.8375 57.6354 58.4104 59.1812 59.9429 60.6771 61.3718 61.9894 62.5170 62.9342 63.2556 63.5041 63.7266 63.9567 64.2245 64.5306 64.8562 65.1652 65.4247 65.6295 65.7829 65.8633 65.8954 65.9085 65.9153 65.9227 65.9293 65.9302 65.9077 65.8374 65.7082 65.5222 65.2792 64.9980 64.7089 64.4402 64.2123 64.0348 63.9076 63.8234 63.7719 63.7434 63.7297 63.7250 62.5883
50.0273 53.1870 54.1071 54.9768 55.8165 56.6305 57.4211 58.2192 58.9996 59.7522 60.4363 61.0407 61.5295 61.9080 62.2148 62.4513 62.6681 62.8981 63.1620 63.4636 63.7808 64.0823 64.3378 64.5392 64.6863 64.7679 64.8037 64.8192 64.8289 64.8362 64.8431 64.8503 64.8545 64.8529 64.8289 64.7619 64.6396 64.4609 64.2274 63.9555 63.6724 63.4052 63.1745 62.9913 62.8569 62.7656 62.7082 62.6751 62.6583 61.5240
49.8917 53.0460 53.9443 54.7926 55.6200 56.4344 57.2572 58.0610 58.8678 59.5857 60.1715 60.6094 60.9499 61.2237 61.4295 61.6291 61.8484 62.1047 62.3977 62.7069 62.9997 63.2507 63.4484 63.5908 63.6729 63.7111 63.7282 63.7383 63.7465 63.7535 63.7606 63.7676 63.7739 63.7778 63.7749 63.7506 63.6866 63.5704 63.3990 63.1745 62.9115 62.6345 62.3693 62.1365 61.9482 61.8070 61.7089 61.6454 61.6077 60.4772
49.7350 52.8826 53.7633 54.6019 55.4285 56.2268 56.8046 57.6864 58.7438 59.3994 59.8301 60.1189 60.2999 60.4718 60.6284 60.8236 61.0639 61.3426 61.6383 61.9211 62.1651 62.3573 62.4960 62.5782 62.6184 62.6370 62.6477 62.6559 62.6631 62.6702 62.6772 62.6844 62.6913 62.6974 62.7011 62.6972 62.6728 62.6114 62.5008 62.3364 62.1205 61.8660 61.5952 61.3324 61.0982 60.9053 60.7579 60.6531 60.5836 59.4587
49.5616 52.7019 53.5721 54.4018 55.1881 55.8213 56.7383 57.8251 58.5845 59.0724 59.3526 59.5135 59.5901 59.6754 59.8274 60.0399 60.2984 60.5771 60.8462 61.0815 61.2681 61.4017 61.4838 61.5257 61.5457 61.5570 61.5653 61.5726 61.5797 61.5868 61.5939 61.6010 61.6081 61.6150 61.6210 61.6243 61.6196 61.5953 61.5364 61.4308 61.2732 61.0655 60.8192 60.5545 60.2945 60.0594 59.8626 59.7094 59.5981 58.4802
49.3755 52.5090 53.3645 54.1528 54.8701 55.7952 56.8471 57.6709 58.2461 58.5659 58.7185 58.6343 58.6576 58.8769 59.0438 59.2709 59.5270 59.7790 60.0018 60.1808 60.3099 60.3898 60.4331 60.4543 60.4662 60.4748 60.4822 60.4893 60.4964 60.5035 60.5106 60.5177 60.5247 60.5318 60.5386 60.5445 60.5475 60.5422 60.5181 60.4614 60.3605 60.2094 60.0095 59.7711 59.5126 59.2557 59.0202 58.8200 58.6614 57.5509
49.1703 52.2958 53.1158 53.8856 54.8106 55.8243 56.6640 57.2759 57.6439 57.8699 57.8486 57.8465 57.7549 58.0667 58.2560 58.4844 58.7165 58.9297 59.0974 59.2202 59.2980 59.3404 59.3629 59.3754 59.3842 59.3917 59.3989 59.4060 59.4130 59.4201 59.4272 59.4343 59.4414 59.4485 59.4555 59.4623 59.4680 59.4707 59.4650 59.4412 59.3866 59.2899 59.1451 58.9526 58.7218 58.4694 58.2159 57.9805 57.7774 56.6734
48.9438 52.0550 52.8839 53.8053 54.7800 55.6161 56.2373 56.6295 56.8843 56.9340 56.9537 56.9122 56.8695 57.2531 57.4527 57.6687 57.8605 58.0162 58.1311 58.2064 58.2482 58.2714 58.2846 58.2936 58.3012 58.3084 58.3155 58.3226 58.3297 58.3368 58.3439 58.3510 58.3581 58.3652 58.3722 58.3793 58.3860 58.3916 58.3939 58.3879 58.3645 58.3118 58.2192 58.0802 57.8949 57.6714 57.4251 57.1751 56.9402 55.8405
48.7445 51.8439 52.7819 53.7279 54.5483 55.1692 55.5806 55.8342 55.9213 55.9604 55.9610 55.9518 55.9171 56.4167 56.6194 56.7930 56.9408 57.0462 57.1170 57.1578 57.1800 57.1937 57.2030 57.2107 57.2180 57.2251 57.2322 57.2393 57.2464 57.2535 57.2605 57.2676 57.2747 57.2818 57.2889 57.2960 57.3030 57.3096 57.3151 57.3172 57.3109 57.2879 57.2371 57.1482 57.0148 56.8363 56.6199 56.3796 56.1334 55.0344
48.6215 51.7263 52.6699 53.4726 54.0843 54.5024 54.7567 54.8647 54.9146 54.9329 54.9428 54.9443 54.9238 55.5692 55.7330 55.8651 55.9635 56.0280 56.0677 56.0904 56.1028 56.1124 56.1203 56.1275 56.1347 56.1417 56.1488 56.1559 56.1630 56.1701 56.1772 56.1843 56.1914 56.1985 56.2056 56.2127 56.2197 56.2267 56.2333 56.2386 56.2404 56.2341 56.2115 56.1624 56.0771 55.9489 55.7770 55.5674 55.3330 54.2313
48.4697 51.5812 52.3913 52.9942 53.4107 53.6638 53.7860 53.8428 53.8716 53.8885 53.8940 53.9021 54.4545 54.6647 54.7901 54.8807 54.9399 54.9794 55.0006 55.0121 55.0218 55.0298 55.0371 55.0442 55.0513 55.0584 55.0655 55.0726 55.0797 55.0868 55.0939 55.1009 55.1080 55.1151 55.1222 55.1293 55.1364 55.1435 55.1504 55.1569 55.1621 55.1637 55.1573 55.1352 55.0878 55.0058 54.8826 54.7169 54.5139 53.4068
48.1756 51.2804 51.9020 52.3132 52.5668 52.6983 52.7612 52.7969 52.8166 52.8404 52.9223 53.3508 53.5849 53.7092 53.7963 53.8525 53.8910 53.9109 53.9216 53.9312 53.9393 53.9466 53.9538 53.9609 53.9680 53.9751 53.9822 53.9892 53.9963 54.0034 54.0105 54.0176 54.0247 54.0318 54.0389 54.0460 54.0531 54.0601 54.0672 54.0741 54.0806 54.0856 54.0871 54.0806 54.0590 54.0133 53.9344 53.8159 53.6561 52.5420
47.7074 50.7797 51.2144 51.4686 51.6042 51.6729 51.7109 51.7397 51.7808 51.9047 52.2568 52.4964 52.6254 52.7085 52.7652 52.8023 52.8211 52.8311 52.8406 52.8487 52.8562 52.8633 52.8704 52.8775 52.8846 52.8917 52.8988 52.9059 52.9130 52.9201 52.9272 52.9343 52.9414 52.9484 52.9555 52.9626 52.9697 52.9768 52.9839 52.9909 52.9978 53.0042 53.0092 53.0105 53.0039 52.9829 52.9387 52.8629 52.7489 51.6282
47.2097 50.1032 50.3644 50.5056 50.5790 50.6224 50.6578 50.7169 50.8610 51.1628 51.3986 51.5345 51.6192 51.6757 51.7107 51.7303 51.7397 51.7490 51.7573 51.7647 51.7720 51.7792 51.7869 51.7941 51.8013 51.8084 51.8155 51.8226 51.8296 51.8367 51.8438 51.8509 51.8580 51.8651 51.8722 51.8793 51.8864 51.8935 51.9006 51.9076 51.9147 51.9215 51.9279 51.9327 51.9339 51.9274 51.9068 51.8642 51.7911 50.6778
48.1530 48.8548 49.1787 49.3339 49.4139 49.4609 49.5003 49.5668 49.7144 49.9927 50.2251 50.3676 50.4563 50.5143 50.5489 50.5693 50.5799 50.5893 50.5976 50.6051 50.6124 50.6196 50.6273 50.6346 50.6417 50.6488 50.6559 50.6630 50.6701 50.6772 50.6843 50.6913 50.6984 50.7055 50.7126 50.7197 50.7268 50.7339 50.7410 50.7481 50.7551 50.7619 50.7681 50.7728 50.7736 50.7666 50.7456 50.7021 50.6222 50.5683
