#Value Function.
13.6085 14.1295 14.4464 14.7310 15.1729 15.5756 16.0156 16.4024 16.6190 16.8462 16.7856 16.8357 16.6816 16.3301 15.9701 15.7195 15.3786 15.1196 14.9057 14.4699 14.1320 13.8932 13.5729 13.2479 12.9143 12.6102 12.2929 12.0031 11.6540 11.3111 10.9793 10.6912 10.5188 10.5483 10.5188 10.5386 10.5048 10.5158 10.4017 10.3178 10.1652 10.0917 10.0521 10.0158 9.9673  9.8858  9.7981  9.7227  9.6660  9.5113 
14.0423 14.5031 14.9111 15.2376 15.4934 16.0030 16.4055 16.8903 17.3244 17.5118 17.8255 17.6713 17.2590 16.8389 16.6353 16.2303 15.9539 15.8140 15.2728 14.9076 14.7073 14.3502 14.0111 13.6478 13.3415 12.9926 12.7136 12.3294 11.9682 11.6134 11.2961 11.1015 11.1406 11.1175 11.1780 11.1204 11.1661 11.0879 10.9613 10.7599 10.6927 10.6584 10.6232 10.5790 10.4871 10.3903 10.3089 10.2493 10.2166 10.0749
14.2225 14.6816 15.0051 15.3952 15.6729 16.0510 16.4694 16.9454 17.0935 17.5002 17.5037 17.4037 17.1046 16.6984 16.5329 16.3157 16.0913 15.6386 15.2986 15.2142 14.6976 14.4567 14.0612 13.7478 13.4776 13.1497 12.7149 12.3471 11.9783 11.6334 11.4403 11.4072 11.4058 11.5465 11.4764 11.5878 11.4577 11.3114 11.1068 11.0574 11.0344 10.9999 10.9667 10.8607 10.7547 10.6696 10.6070 10.5779 10.5691 10.4239
14.1203 14.8357 15.0064 15.3083 15.8406 16.0399 16.5294 16.6357 16.9483 17.0780 17.2601 17.2375 17.0577 16.5699 16.2027 16.1200 16.0305 15.6968 15.2636 14.9736 14.8858 14.3885 14.2104 13.8227 13.5633 13.0928 12.7162 12.3280 11.9626 11.7737 11.7889 11.7710 11.7743 11.7545 11.9795 11.8121 11.6057 11.4615 11.4257 11.4185 11.3771 11.3660 11.2375 11.1212 11.0340 10.9670 10.9404 10.9420 10.9251 10.7875
14.2043 14.6872 14.9342 15.4744 15.6393 16.1099 16.1895 16.4345 16.5990 16.8140 16.8748 17.0779 16.8673 16.4739 16.0470 15.7298 15.7393 15.6902 15.2665 14.9088 14.7548 14.5176 14.0324 13.7332 13.3732 13.0524 12.6512 12.2812 11.9306 12.1568 12.1650 12.1882 12.1318 12.1617 12.0822 11.9422 11.8148 11.8025 11.8214 11.7551 11.7891 11.6219 11.4947 11.4088 11.3353 11.3102 11.3274 11.3018 11.3125 11.1365
14.1010 14.5730 15.1637 15.2506 15.6688 15.8102 15.9492 16.1265 16.3239 16.4683 16.8689 16.8083 16.8462 16.3832 15.9689 15.5564 15.3289 15.4188 15.0997 14.7428 14.4958 14.3285 14.1956 13.6438 13.2722 12.9205 12.5827 12.2161 12.0220 12.2022 12.6220 12.5584 12.4083 12.3315 12.3321 12.1759 12.2179 12.1216 12.1212 12.2475 12.0103 11.8741 11.7952 11.7156 11.6695 11.7292 11.6802 11.7184 11.6634 11.5081
14.0216 14.6556 14.8565 15.2030 15.5362 15.5039 15.6716 15.8773 16.1175 16.5591 16.6016 16.5378 16.5531 16.4266 15.9398 15.5635 15.1168 14.9070 14.7979 14.5362 14.3446 14.0629 13.8404 13.6025 13.1862 12.8206 12.4751 12.1437 12.0954 12.4189 12.5385 12.7994 12.7779 12.5884 12.5329 12.6704 12.5071 12.5396 12.4453 12.3948 12.2572 12.1954 12.1058 12.0607 12.0446 12.0342 12.1475 12.0470 12.0998 11.6957
14.0281 14.4429 14.7503 15.0295 15.0862 15.2420 15.4763 15.8638 16.1967 16.2534 16.2682 16.2321 16.0926 16.2391 16.0635 15.4961 15.0779 14.6714 14.4251 14.2464 14.0422 13.9921 13.6155 13.3539 13.0800 12.7238 12.3778 12.0686 12.2357 12.4579 12.7245 12.8154 13.0014 12.8357 12.7803 12.8650 13.0083 12.8001 12.8487 12.6468 12.6143 12.5022 12.4719 12.4090 12.3886 12.4537 12.4030 12.5996 12.2294 11.8729
13.8638 14.3092 14.5623 14.6796 14.8856 15.1662 15.6116 15.7647 15.9032 15.9211 15.8807 15.7876 15.7608 15.7201 15.7662 15.4948 14.9987 14.5823 14.2126 13.9474 13.7464 13.6009 13.4577 13.1538 12.8836 12.6044 12.3881 12.3227 12.3473 12.5566 12.8538 13.0911 13.0158 13.2375 13.0174 12.9449 13.0331 13.3536 13.0160 13.0820 12.9091 12.8964 12.8186 12.7974 12.7737 12.7843 12.8874 12.6037 12.4162 12.0636
13.7195 14.1214 14.2955 14.6184 14.9860 15.3176 15.3245 15.5524 15.5914 15.5651 15.4582 15.3997 15.3565 15.4678 15.3057 15.2344 14.9442 14.4973 14.0991 13.7516 13.4816 13.2799 13.2526 13.0622 12.7980 12.7453 12.7168 12.7043 12.6950 12.7010 12.8216 13.2676 13.4013 13.3290 13.3847 13.2606 13.1007 13.3418 13.5828 13.3149 13.2612 13.1874 13.2463 13.1215 13.1225 13.1028 12.9874 12.8284 12.6203 12.2501
13.5401 13.9048 14.2097 14.5731 15.0504 14.9416 15.2049 15.2660 15.2978 15.1338 15.0713 15.0079 15.0064 15.0325 14.9316 14.7926 14.6775 14.3700 13.9900 13.6239 13.3066 13.2091 13.1817 13.1500 13.1526 13.1323 13.1298 13.1209 13.1159 13.1015 13.0755 13.1453 13.6300 13.6698 13.7232 13.5109 13.4838 13.3293 13.6604 13.6999 13.6458 13.5021 13.4957 13.5067 13.4492 13.4110 13.2607 13.0407 12.8286 12.3604
13.3568 13.8070 14.1530 14.5303 14.5778 14.8628 14.9480 14.9574 14.8292 14.7671 14.6813 14.6426 14.7949 14.6102 14.5168 14.3953 14.2607 14.0969 13.8352 13.6336 13.6099 13.6048 13.5940 13.5903 13.5625 13.5709 13.5592 13.5577 13.5434 13.5177 13.4697 13.4185 13.4664 13.7613 13.8846 13.9749 13.7493 13.6995 13.5362 13.9772 13.9103 13.9766 13.8342 13.8453 13.8779 13.7183 13.4634 13.2809 12.9301 12.4078
13.2545 13.7354 14.0618 14.2047 14.4873 14.6590 14.6314 14.5311 14.4602 14.3762 14.3141 14.3226 14.3150 14.2506 14.1417 14.0128 13.8870 13.9049 14.0159 14.0436 14.0551 14.0433 14.0441 14.0317 14.0315 13.9948 14.0125 13.9970 13.9739 13.9189 13.8648 13.8104 13.7675 13.8253 13.9521 14.0533 14.1954 13.9430 13.9748 13.8374 14.1249 14.1770 14.3263 14.2645 14.1346 13.8781 13.7592 13.3623 12.9667 12.4282
13.1736 13.6267 13.8286 14.1089 14.4525 14.3303 14.2302 14.1588 14.0784 14.0068 13.9614 13.9452 13.9242 13.8680 13.9332 13.9572 14.0635 14.1942 14.3456 14.4825 14.4970 14.5125 14.4925 14.4997 14.4808 14.4851 14.4613 14.4451 14.3789 14.3235 14.2638 14.2225 14.1853 14.0705 14.2565 14.1686 14.1835 14.4612 14.1605 14.3021 14.1693 14.3736 14.4848 14.5792 14.2797 14.2809 13.7975 13.3875 12.9790 12.4592
13.0677 13.4859 13.7960 14.2370 14.0494 13.9596 13.8651 13.7848 13.7113 13.6473 13.6089 13.7359 13.8754 14.0265 14.1701 14.2975 14.3960 14.4994 14.6347 14.8011 14.9699 14.9581 14.9850 14.9501 14.9698 14.9340 14.9343 14.8484 14.7955 14.7279 14.6863 14.6683 14.5492 14.5030 14.4262 14.5576 14.5145 14.3210 14.6823 14.3699 14.5585 14.5599 14.6337 14.6245 14.8382 14.2268 13.8176 13.3862 12.9955 12.5821
12.9481 13.4277 13.7673 13.7534 13.7032 13.5912 13.5037 13.4239 13.3730 13.6220 13.8361 14.0148 14.1597 14.3051 14.4662 14.6190 14.7576 14.8452 14.9448 15.0833 15.2641 15.4836 15.4222 15.4765 15.4093 15.4474 15.3243 15.2829 15.2032 15.1565 15.1694 15.0475 14.9840 14.9020 14.8289 14.7465 14.7710 14.7025 14.6044 14.7991 14.5541 14.6206 14.5157 14.8198 14.5801 14.2317 13.7679 13.3820 13.1367 12.7882
12.8555 13.2415 13.3000 13.3745 13.3229 13.2385 13.1810 13.3363 13.5330 13.7788 14.0536 14.2752 14.4600 14.6014 14.7476 14.9192 15.0874 15.2291 15.3051 15.3998 15.5396 15.7304 16.0078 15.8755 15.9966 15.7990 15.7892 15.6913 15.6264 15.7024 15.5214 15.4757 15.3852 15.3134 15.2287 15.1722 15.1267 15.0842 15.0210 14.9420 14.8254 14.7212 14.5675 14.3714 14.3144 14.0888 13.7637 13.5488 13.3647 13.0439
12.5721 12.8200 13.0754 13.0744 13.0101 13.2499 13.4382 13.5867 13.7442 13.9409 14.1975 14.5001 14.7256 14.9191 15.0533 15.1989 15.3822 15.5620 15.7179 15.7755 15.8649 16.0039 16.1887 16.6076 16.2564 16.3218 16.1896 16.1302 16.0662 15.9914 15.9874 15.8774 15.8139 15.7142 15.6653 15.6211 15.5831 15.5105 15.4393 15.3221 15.2133 15.0491 14.8565 14.6421 14.4013 14.1699 13.9758 13.7961 13.6398 13.3176
12.2848 12.5527 12.6880 12.8044 13.1026 13.4221 13.6767 13.8685 14.0094 14.1619 14.3561 14.6222 14.9631 15.1861 15.3938 15.5150 15.6586 15.8567 16.0482 16.2273 16.2551 16.3412 16.4796 16.6332 16.8980 16.6911 16.6481 16.5857 16.5030 16.4607 16.3749 16.3337 16.2109 16.1744 16.1232 16.0972 16.0120 15.9424 15.8561 15.7187 15.5427 15.3413 15.1177 14.8810 14.6337 14.4218 14.2377 14.0877 13.9301 13.5819
12.0253 12.3156 12.5254 12.8705 13.2029 13.5051 13.8516 14.1163 14.3128 14.4426 14.5899 14.7783 15.0504 15.4470 15.6541 15.8876 15.9858 16.1257 16.3436 16.5442 16.7629 16.7410 16.8299 16.9711 17.1077 17.1774 17.1240 17.0182 17.0012 16.8898 16.8537 16.7676 16.7031 16.6326 16.6324 16.5237 16.4556 16.3884 16.2336 16.0483 15.8388 15.6050 15.3624 15.1157 14.8950 14.6894 14.5464 14.3923 14.2075 13.8140
11.8032 12.1279 12.5529 12.9149 13.2664 13.6129 13.9203 14.2943 14.5683 14.7725 14.8860 15.0291 15.2074 15.4769 15.9728 16.1434 16.4028 16.4639 16.5993 16.8445 17.0457 17.3341 17.2270 17.3332 17.4855 17.6456 17.5317 17.5717 17.4063 17.4059 17.2943 17.2528 17.1513 17.1962 17.0433 16.9780 16.9359 16.7604 16.5660 16.3499 16.1048 15.8516 15.6033 15.3829 15.1546 15.0186 14.8657 14.6817 14.4442 14.0161
11.7564 12.2621 12.5212 12.9418 13.3100 13.6710 14.0344 14.3928 14.7435 15.0328 15.2502 15.3384 15.4860 15.6700 15.9118 16.1793 16.4469 16.8814 16.9554 17.0769 17.3633 17.5440 17.9575 17.7011 17.7429 17.9640 18.1915 17.9101 17.9909 17.8228 17.8185 17.6884 17.6235 17.5707 17.5055 17.5111 17.2989 17.0961 16.8754 16.6177 16.3519 16.1013 15.8705 15.6520 15.5045 15.3523 15.1694 14.9181 14.6502 14.1943
11.7993 12.2462 12.6426 12.9119 13.3449 13.7131 14.0838 14.4577 14.8284 15.2049 15.5097 15.7498 15.8928 15.9398 16.1248 16.3644 16.4922 16.7269 17.2130 17.1906 17.4901 17.9178 18.0202 18.3382 18.2052 18.2300 18.3375 18.6318 18.3382 18.4178 18.2312 18.1819 18.1084 18.0574 18.1264 17.8450 17.6382 17.4169 17.1443 16.8641 16.6051 16.3699 16.1455 15.9978 15.8609 15.6752 15.4007 15.1266 14.8304 14.3625
11.8419 12.3023 12.7119 13.0453 13.3303 13.7532 14.1244 14.5050 14.8905 15.2709 15.6795 15.9972 16.2550 16.4025 16.3932 16.6005 16.8773 16.8615 17.0756 17.6265 17.5407 17.8198 18.3472 18.5167 18.7908 18.7464 18.7497 18.7854 19.0732 18.7679 18.7680 18.6452 18.5795 18.6930 18.3897 18.1919 17.9765 17.6848 17.3879 17.1211 16.8809 16.6602 16.5015 16.3777 16.1978 15.9061 15.6144 15.3045 15.0095 14.4998
11.9121 12.3409 12.7542 13.1050 13.4528 13.7443 14.1721 14.5442 14.9360 15.3338 15.7181 16.1695 16.4934 16.7775 16.9406 16.8403 17.0903 17.3238 17.2556 17.5107 17.8754 17.8802 18.2190 18.7945 19.0653 19.2546 19.2298 19.3198 19.2771 19.3892 19.2177 19.1251 19.2474 18.9361 18.7578 18.5579 18.2395 17.9229 17.6493 17.4075 17.1699 17.0119 16.9091 16.7442 16.4114 16.1105 15.8031 15.4987 15.1507 14.5950
11.9824 12.4222 12.7804 13.1439 13.5056 13.8725 14.1777 14.6053 14.9711 15.3773 15.7890 16.1663 16.6797 17.0008 17.3607 17.1949 17.3137 17.6103 17.6415 17.7057 17.9826 18.2183 18.3160 18.6945 19.2575 19.6479 19.8211 19.7680 19.9344 19.8104 19.6864 19.7222 19.4905 19.3375 19.1668 18.8076 18.4683 18.1889 17.9528 17.6890 17.5305 17.4536 17.3225 16.9213 16.6196 16.2992 15.9984 15.6427 15.2377 14.6828
11.9972 12.5030 12.8222 13.1810 13.5401 13.9141 14.3081 14.6465 15.0429 15.4046 15.8298 16.2592 16.6083 17.0456 17.4977 17.7569 17.6747 17.7956 18.1074 18.0784 18.1980 18.5222 18.5885 18.7995 19.1897 19.6174 20.1646 20.3389 20.3314 20.3242 20.2342 20.0646 19.9285 19.8128 19.3871 19.0233 18.7375 18.5221 18.2160 18.0561 18.0060 17.9480 17.4263 17.1448 16.8031 16.5142 16.1501 15.7112 15.3435 14.7029
12.1024 12.4862 12.8586 13.2183 13.5785 13.9445 14.3285 14.7485 15.0688 15.4968 15.8429 16.2940 16.6603 17.0991 17.5228 18.0350 18.1630 18.1873 18.2850 18.5878 18.5944 18.6948 19.0272 19.0437 19.3129 19.7311 20.1241 20.6973 20.7554 20.7625 20.6912 20.5225 20.5122 19.9719 19.5881 19.2898 19.1253 18.7475 18.5829 18.6146 18.2453 17.9053 17.6919 17.3277 16.9707 16.7036 16.1842 15.8550 15.3394 14.7271
12.1116 12.6413 12.8895 13.2502 13.6222 13.9851 14.3575 14.7481 15.2103 15.4895 15.9735 16.2814 16.6728 17.1467 17.5968 18.0035 18.5649 18.5591 18.6431 18.7995 19.0686 19.1441 19.1955 19.4939 19.5567 19.8404 20.3003 20.6512 21.3738 21.0984 21.1239 21.0712 20.5486 20.1654 19.8187 19.7807 19.2782 19.1033 19.2415 18.6781 18.3966 18.2736 17.8706 17.4773 17.0810 16.6958 16.2110 15.7992 15.3543 14.7530
12.1323 12.6154 13.0650 13.2942 13.6699 14.0305 14.4016 14.7799 15.1697 15.7029 15.9020 16.3213 16.7632 17.1371 17.6037 18.0139 18.5042 18.8196 18.9672 19.1527 19.3311 19.5167 19.6346 19.7098 19.9016 20.0628 20.3710 20.8960 21.1598 21.7325 21.4824 21.0423 20.7687 20.3670 20.0880 19.8157 19.6229 19.7148 19.1429 18.9115 18.7625 18.3382 17.9591 17.5366 17.1579 16.6307 16.2881 15.7996 15.3799 14.8680
12.1431 12.6457 12.9795 13.3470 13.7041 14.0825 14.4483 14.8291 15.2133 15.5854 15.9829 16.3626 16.7925 17.1760 17.6242 18.0890 18.4535 18.7484 18.9992 19.2463 19.4870 19.5249 19.4910 19.7090 19.9354 20.0567 20.4396 20.6853 21.3087 21.3996 21.2267 21.0177 20.7399 20.3885 20.0880 19.7075 19.7398 19.3769 19.2873 18.8584 18.6977 18.4023 17.9228 17.5858 17.0796 16.7503 16.2163 15.8524 15.5556 14.8559
12.1732 12.6503 13.0164 13.3694 13.7526 14.1111 14.5072 14.8754 15.2682 15.6572 16.0406 16.4560 16.8257 17.3106 17.6630 18.1543 18.5044 18.6118 19.0361 19.1987 19.1446 19.0061 19.1550 19.4478 19.5327 19.8503 20.1431 20.6821 20.7955 20.9507 21.0978 20.6126 20.4644 20.0962 19.7105 19.3908 19.2703 19.2453 19.0468 18.7074 18.3904 18.3021 18.0440 17.4742 17.1958 16.6436 16.3345 15.8144 15.4627 14.8470
12.2049 12.6875 13.0320 13.4138 13.7657 14.1714 14.5241 14.9461 15.3105 15.7209 16.1195 16.5085 16.9372 17.2946 17.7489 18.1299 18.3003 18.7090 18.8893 18.6461 18.6217 18.6107 18.8503 18.9984 19.2818 19.5998 20.0875 20.1909 20.3532 20.5777 20.4607 20.4195 19.9703 19.7740 19.5241 19.1464 18.8179 18.8288 18.7900 18.6651 18.2990 18.0327 17.9267 17.5817 17.0504 16.7820 16.2326 15.9946 15.4153 14.7957
12.2567 12.7170 13.0764 13.4180 13.8252 14.1660 14.6072 14.9395 15.4028 15.7511 16.2042 16.5955 16.9860 17.3760 17.7890 17.8994 18.2662 18.6158 18.2781 18.2171 18.1468 18.2860 18.4651 18.7361 19.0654 19.5329 19.6088 19.7732 19.9913 20.1776 20.1192 19.8837 19.6501 19.3088 19.1085 19.0110 18.7193 18.3354 18.2724 18.3440 18.2024 17.7337 17.5996 17.4999 17.3884 16.6583 16.2269 15.7779 15.3807 14.7488
12.2904 12.7796 13.0982 13.4767 13.8072 14.2551 14.5650 15.0667 15.3502 15.8615 16.2169 16.7118 16.9900 17.5264 17.4731 17.9459 18.2024 17.9487 17.8700 17.7411 17.7556 17.9403 18.2064 18.5403 19.0345 19.0509 19.2138 19.4418 19.7934 19.8062 19.8101 19.7878 19.3194 18.9884 18.6727 18.4577 18.2794 18.0145 17.8374 17.7909 17.8284 17.5087 17.1803 17.1902 16.8991 16.7004 16.2606 15.7241 15.3163 14.6874
12.3704 12.8007 13.1794 13.4813 13.8940 14.1936 14.7123 14.9519 15.4953 15.7584 16.1985 16.5450 17.0944 17.1373 17.3793 17.6239 17.6330 17.5214 17.3864 17.3197 17.4286 17.6902 18.0219 18.4876 18.5140 18.6763 18.9288 19.4007 19.2369 19.2905 19.2718 19.6516 19.4720 18.8433 18.4041 18.0668 17.8202 17.6044 17.4067 17.3319 17.2659 17.2229 16.8879 16.6547 16.6387 16.3193 16.0534 15.8313 15.2294 14.6123
12.3478 12.9153 13.1724 13.5974 13.8623 14.3367 14.5744 15.1096 15.3384 15.7984 16.1084 16.6334 16.9565 16.8746 17.0989 17.3716 17.1361 17.0497 16.9478 16.9405 17.1868 17.5137 17.9581 17.9933 18.1538 18.4236 18.9358 18.7444 18.7952 18.7778 19.0637 19.1303 19.2854 18.9765 18.3774 17.9201 17.5002 17.2142 16.9828 16.8773 16.9194 16.7196 16.6065 16.3063 16.2870 16.0299 15.7368 15.4674 15.1618 14.4748
12.3764 12.8499 13.3506 13.5318 14.0461 14.2337 14.6904 14.9582 15.3200 15.6902 16.3098 16.4588 16.4114 16.5821 16.7876 16.7715 16.7182 16.5942 16.5322 16.6969 17.0141 17.4218 17.5158 17.6486 17.9286 18.3408 18.3278 18.3194 18.3217 18.5733 18.6454 18.7834 18.8385 18.8521 18.4993 17.8509 17.4098 16.9545 16.6396 16.4744 16.4009 16.2970 16.2274 15.9851 15.7884 15.7645 15.4481 15.1671 14.8792 14.2602
12.3456 12.9089 13.2033 13.8291 13.8655 14.2452 14.6442 14.8725 15.2461 15.7374 15.9291 15.9708 16.0792 16.2437 16.2841 16.3131 16.2521 16.1729 16.2281 16.5202 16.8722 17.1030 17.1638 17.4533 17.9101 17.9031 17.8567 17.9431 18.0565 18.1073 18.2544 18.4956 18.3758 18.4129 18.1729 17.9750 17.3451 16.8858 16.4216 16.1015 15.9557 15.8691 15.7448 15.7049 15.4254 15.2600 15.2359 14.8965 14.6013 14.0005
12.3616 12.8490 13.3284 13.5195 13.8374 14.2927 14.4504 14.7969 15.2063 15.4147 15.4910 15.5925 15.7261 15.7861 15.8472 15.8522 15.8129 15.7887 16.0387 16.3597 16.6652 16.7073 17.0092 17.3477 17.4246 17.5087 17.5197 17.5147 17.5891 17.7496 18.0953 17.9226 18.0986 17.8628 17.8372 17.6710 17.4140 16.7974 16.3245 15.8913 15.5796 15.4331 15.3434 15.2170 15.2351 14.9262 14.7521 14.6788 14.3463 13.7480
12.3268 12.8906 13.2097 13.4624 13.9513 14.0416 14.3524 14.7047 14.9167 15.0164 15.1151 15.2294 15.2993 15.3657 15.4081 15.4150 15.3997 15.5726 15.8727 16.1954 16.2881 16.5148 16.8568 16.9427 17.0846 17.0321 17.0550 17.0822 17.2426 17.5030 17.5196 17.7979 17.6868 17.4528 17.3286 17.3477 17.0772 16.7558 16.2293 15.7702 15.3666 15.0674 14.9197 14.8451 14.7342 14.8855 14.4777 14.2836 14.0942 13.4767
12.3336 12.8021 13.1068 13.6575 13.6512 13.9169 14.2259 14.4350 14.5495 14.6476 14.7498 14.8235 14.8892 14.9475 14.9847 14.9987 15.1257 15.3994 15.6951 15.9340 16.0468 16.3493 16.5434 16.6783 16.5846 16.6028 16.6111 16.7472 16.9819 17.1992 17.5006 17.4275 17.1819 17.0203 16.9107 16.8006 16.7318 16.4504 16.1046 15.6559 15.2271 14.8496 14.5646 14.4342 14.4079 14.3252 14.4207 14.0041 13.7526 13.1902
12.2634 12.7249 13.1534 13.2663 13.4934 13.7663 13.9687 14.0921 14.1904 14.2848 14.3594 14.4245 14.4868 14.5393 14.5774 14.6931 14.9433 15.2294 15.5485 15.6078 15.8969 16.3046 16.3527 16.1757 16.1747 16.1642 16.2704 16.5018 16.8336 17.0482 17.2625 16.9241 16.7600 16.5827 16.4608 16.3656 16.2977 16.1915 15.8554 15.4985 15.0931 14.6951 14.3422 14.0759 14.0007 13.9830 13.8801 13.7734 13.4740 12.9012
12.1940 12.6945 12.8682 13.0795 13.3234 13.5170 13.6450 13.7437 13.8331 13.9071 13.9718 14.0340 14.0927 14.1449 14.2704 14.5063 14.7965 15.1715 15.1877 15.4697 15.9476 15.8743 15.8517 15.7918 15.7451 15.8141 16.0500 16.4538 16.5916 16.9762 16.6578 16.5512 16.3152 16.1547 16.0288 15.9366 15.8726 15.8312 15.5786 15.2709 14.9228 14.5464 14.1755 13.8473 13.6377 13.5746 13.4936 13.3462 13.1849 12.5967
12.1243 12.4673 12.6732 12.8951 13.0792 13.2088 13.3076 13.3936 13.4666 13.5309 13.5925 13.6536 13.7221 13.8545 14.0819 14.3807 14.8433 14.7848 15.0502 15.5645 15.4686 15.4617 15.4165 15.3733 15.3808 15.6272 16.0823 16.1823 16.7645 16.3404 16.2707 16.0715 15.9093 15.7312 15.6082 15.5174 15.4529 15.3779 15.4389 15.0362 14.7134 14.3722 14.0170 13.6707 13.3712 13.1968 13.0990 12.9683 12.8069 12.2597
11.9307 12.2727 12.4797 12.6545 12.7836 12.8823 12.9659 13.0376 13.1017 13.1635 13.2282 13.3083 13.4458 13.6657 13.9539 14.3145 14.3836 14.6170 14.9929 15.0108 15.0736 15.0355 15.0023 14.9825 15.2185 15.7520 15.7766 16.2573 16.0475 16.0188 15.7993 15.6468 15.4750 15.3217 15.1967 15.1067 15.0333 15.0665 14.8944 14.8873 14.5019 14.1767 13.8434 13.5057 13.1816 12.9072 12.7253 12.5946 12.4413 11.9104
11.7408 12.0743 12.2422 12.3694 12.4675 12.5493 12.6200 12.6839 12.7465 12.8150 12.9036 13.0444 13.2569 13.5286 13.8311 13.9663 14.1814 14.4729 14.5488 14.6183 14.6386 14.6299 14.6078 14.8033 15.2426 15.3705 15.7943 15.6417 15.6616 15.5336 15.3903 15.2176 15.0600 14.9142 14.7950 14.7069 14.7771 14.6009 14.5325 14.3771 14.3548 13.9865 13.6678 13.3363 13.0118 12.7066 12.4479 12.2557 12.0914 11.5822
11.5424 11.8398 11.9660 12.0632 12.1436 12.2134 12.2772 12.3410 12.4130 12.5078 12.6505 12.8554 13.1099 13.3773 13.5455 13.7483 13.9871 14.0895 14.1574 14.2091 14.2334 14.2343 14.3874 14.7388 14.9389 15.3223 15.2201 15.2653 15.1983 15.1066 14.9631 14.8070 14.6529 14.5154 14.4023 14.3530 14.3058 14.2299 14.1111 14.0186 13.8640 13.7990 13.4904 13.1639 12.8436 12.5325 12.2429 11.9938 11.7827 11.2840
11.3114 11.5709 11.6688 11.7481 11.8170 11.8806 11.9452 12.0194 12.1176 12.2601 12.4574 12.6967 12.9413 13.1246 13.3192 13.5251 13.6387 13.7098 13.7686 13.8151 13.8431 13.9722 14.2649 14.4938 14.7637 14.7901 14.8483 14.8225 14.7780 14.6802 14.5502 14.4021 14.2563 14.1253 14.0273 13.9621 13.9058 13.8266 13.7295 13.6145 13.5050 13.3618 13.2873 12.9737 12.6608 12.3522 12.0543 11.7777 11.5224 10.9303
10.8170 11.1923 11.3305 11.4113 11.4801 11.5442 11.6102 11.6878 11.7911 11.9352 12.1257 12.3489 12.5679 12.7669 12.9571 13.1271 13.2499 13.3278 13.3851 13.4294 13.4937 13.6415 13.8642 14.1178 14.4283 14.3977 14.4186 14.4095 14.3553 14.2644 14.1409 14.0021 13.8639 13.7421 13.6473 13.5769 13.5122 13.4353 13.3400 13.2339 13.1161 13.0071 12.9596 12.6015 12.2953 11.9958 11.7083 11.4349 11.0621 10.0333
