#Value_Function_Estimate.
54.56   57.24   59.55   61.43   62.66   63.19   63.36   63.38   63.39   63.40   63.45   63.62   64.21   65.69   67.56   69.33   70.89   72.29   73.68   75.17   76.89   79.07   81.85   85.06   88.34   90.92   92.85   95.01   97.23   99.49   101.41  103.18  104.87  105.43  105.82  106.40  107.42  107.69  108.45  109.25  108.85  109.27  108.21  104.49  101.86  99.17   96.10   93.31   90.33   87.81  
55.61   58.53   61.25   63.60   65.54   66.80   67.29   67.42   67.43   67.45   67.44   67.47   67.56   68.01   69.50   71.40   73.14   74.64   75.97   77.33   78.81   80.51   82.68   85.47   88.72   92.03   94.46   96.51   99.16   101.70  104.20  106.18  107.99  109.87  110.27  110.64  111.18  112.37  112.45  113.29  114.27  113.46  109.02  106.12  103.20  100.01  97.41   94.40   92.17   88.79  
56.56   59.49   62.43   65.19   67.58   69.59   70.87   71.31   71.43   71.42   71.44   71.42   71.45   71.46   71.73   73.29   75.23   76.96   78.42   79.71   81.07   82.62   84.34   86.49   89.26   92.51   95.90   98.39   100.56  103.52  106.17  108.84  110.82  112.66  114.83  115.01  115.36  115.82  117.27  117.09  118.04  117.75  111.75  107.49  104.00  101.47  98.30   96.54   92.97   90.23  
57.39   60.33   63.21   66.18   68.98   71.41   73.52   74.83   75.20   75.30   75.27   75.30   75.27   75.30   75.27   75.36   77.08   79.09   80.82   82.31   83.66   85.15   86.86   88.61   90.72   93.48   96.75   100.32  102.81  104.86  107.62  110.38  113.33  115.30  117.14  119.69  119.52  119.92  120.23  122.09  121.56  115.88  114.13  108.47  105.62  102.03  100.92  97.00   94.70   90.50  
57.97   61.07   63.92   66.77   69.79   72.64   75.09   77.31   78.65   78.93   79.02   78.97   79.02   78.97   79.01   78.92   78.95   80.95   83.06   84.85   86.50   88.07   89.77   91.67   93.44   95.53   98.30   101.58  105.37  107.64  108.77  111.54  114.36  117.77  119.70  121.48  124.61  123.56  124.04  124.68  119.45  116.57  111.50  108.98  106.04  105.41  100.80  99.19   94.81   90.60  
58.22   61.55   64.55   67.36   70.20   73.29   76.20   78.66   81.01   82.37   82.53   82.63   82.55   82.63   82.52   82.32   81.00   82.86   84.97   87.26   89.21   91.14   92.97   94.82   96.54   99.00   100.61  103.52  106.83  110.88  113.07  113.11  115.84  118.77  122.50  124.18  127.14  126.45  126.43  121.62  119.75  115.09  111.61  107.01  104.46  104.18  103.73  99.01   94.92   90.53  
58.15   61.73   64.97   67.93   70.73   73.57   76.76   79.73   82.17   84.68   86.08   86.07   86.21   86.07   86.03   84.50   82.40   85.10   86.97   89.26   91.82   93.97   96.16   98.16   99.79   101.53  105.03  105.80  109.07  112.38  116.89  119.01  117.93  120.29  123.06  127.25  127.91  129.28  124.45  121.66  117.44  114.91  110.46  106.73  102.71  100.56  100.17  99.13   94.80   90.60  
58.23   61.63   65.12   68.32   71.29   74.09   76.94   80.24   83.29   85.67   88.40   89.82   89.58   89.79   88.17   85.58   83.85   86.39   89.43   91.28   93.87   96.72   99.02   101.37  102.79  104.43  108.48  108.84  111.60  114.66  118.07  122.41  121.66  122.98  124.81  128.34  133.03  127.89  124.62  120.17  117.06  113.09  110.01  105.76  102.17  98.77   96.84   96.11   94.55   90.48  
57.96   59.96   64.83   68.48   71.66   74.67   77.49   80.32   83.79   86.92   89.17   92.20   93.65   91.93   89.04   87.24   86.69   87.53   90.56   93.90   95.73   98.69   101.79  104.10  105.98  107.85  110.52  112.25  114.83  116.90  120.30  123.87  125.02  125.00  128.25  134.44  128.97  127.89  123.57  120.01  115.86  112.47  108.50  105.13  101.28  98.03   95.02   93.04   91.90   90.00  
57.05   59.29   61.73   68.53   71.80   75.05   78.12   80.95   83.73   87.42   90.65   93.42   95.95   92.54   90.63   90.55   87.98   89.11   91.51   94.66   98.42   100.17  103.49  106.76  108.76  110.71  113.88  114.55  118.60  119.88  122.13  126.87  126.92  127.91  132.98  126.90  128.43  124.72  123.11  119.14  115.51  111.46  107.76  103.82  100.54  97.17   94.15   91.22   89.08   87.63  
58.23   59.99   62.29   68.53   71.85   75.17   78.53   81.64   84.49   87.16   91.11   94.37   96.29   92.70   94.55   91.64   88.63   90.71   92.96   95.35   98.65   102.92  104.45  108.14  110.95  114.39  117.34  118.19  119.84  123.81  124.67  129.25  125.00  128.74  125.10  125.22  123.38  123.40  120.49  118.39  114.73  111.01  106.86  103.01  99.35   96.37   93.32   90.27   87.28   85.01  
59.38   61.29   63.35   68.53   71.85   75.22   78.62   82.08   85.22   88.09   90.52   95.17   96.07   93.95   95.83   92.14   89.46   91.80   94.46   96.70   99.05   103.75  104.12  110.33  112.17  114.59  118.56  120.12  123.29  124.12  129.95  125.57  129.87  123.78  122.44  118.34  116.46  118.70  118.63  116.07  113.81  110.27  106.35  102.17  98.49   95.28   92.50   89.45   86.27   83.24  
59.90   62.63   63.56   68.53   71.86   75.21   78.67   82.14   85.66   88.78   91.70   95.48   97.23   95.83   95.74   92.78   90.89   92.48   95.58   98.32   100.51  104.21  105.57  110.59  115.13  117.59  119.72  122.00  125.27  128.64  124.17  130.89  123.57  122.94  119.04  116.10  112.37  114.16  114.25  113.91  111.70  109.27  105.63  101.61  97.68   94.40   91.47   88.62   85.45   82.20  
59.58   63.05   63.47   68.54   71.85   75.22   78.65   82.20   85.67   89.23   92.25   96.29   99.85   96.79   95.80   94.13   93.75   94.17   96.41   99.76   102.54  105.01  107.65  111.24  115.06  119.48  122.02  124.84  127.55  123.93  129.95  121.64  122.39  116.98  114.70  112.00  111.44  111.24  110.82  109.99  109.39  107.30  104.59  100.89  97.08   93.61   90.59   87.65   84.63   81.37  
59.83   62.43   62.53   68.54   71.86   75.21   78.67   82.16   85.75   89.13   92.73   95.85   100.49  98.74   97.79   97.72   96.48   95.86   98.74   100.83  104.47  107.95  109.01  113.06  116.98  119.13  125.71  128.74  124.31  129.71  121.92  122.39  115.56  114.96  112.43  107.99  107.47  109.84  109.22  107.22  105.81  104.91  102.73  99.84   96.36   92.98   89.81   86.79   83.70   80.55  
58.87   61.19   61.13   68.39   71.85   75.22   78.65   82.20   85.67   89.26   92.48   96.28   99.45   102.80  101.45  100.82  100.33  99.30   100.37  103.76  105.46  109.47  111.24  116.13  119.43  126.51  129.48  124.84  130.53  122.17  120.94  114.66  114.44  111.82  108.39  107.61  105.34  105.37  107.86  108.75  104.36  102.05  100.49  98.17   95.38   92.27   89.16   86.02   82.96   79.68  
58.65   59.98   64.23   68.45   71.86   75.21   78.67   82.16   85.75   89.13   92.72   95.53   98.35   101.86  106.50  105.45  104.20  103.96  103.11  105.35  109.18  111.24  114.91  117.10  122.76  127.51  126.28  130.16  122.53  121.49  115.00  112.20  109.95  105.68  107.08  104.52  103.36  103.60  104.69  106.29  106.15  102.42  98.84   96.34   93.99   91.39   88.20   83.69   79.10   78.59  
58.55   61.56   64.83   68.54   71.85   75.22   78.65   82.20   85.67   89.22   92.05   94.53   97.46   101.32  104.75  110.66  109.60  107.11  107.28  108.22  110.44  114.82  117.18  120.76  127.51  126.25  127.47  122.04  122.05  115.05  112.16  106.66  104.04  102.98  102.54  102.68  100.56  100.83  102.23  102.58  106.23  102.46  99.79   96.00   92.77   90.31   86.84   83.48   78.91   77.14  
59.40   61.11   65.01   68.54   71.86   75.21   78.67   82.14   85.65   88.62   91.11   93.63   96.78   100.01  105.60  109.39  113.34  111.31  110.29  112.77  113.32  115.61  119.68  127.29  127.92  124.64  119.40  120.23  114.42  113.11  107.63  103.70  101.82  100.22  99.13   98.59   98.39   98.41   99.13   101.93  101.43  103.69  99.51   96.15   92.65   89.58   86.74   82.89   80.97   77.39  
59.80   62.35   64.84   68.54   71.85   75.22   78.62   82.06   85.10   87.73   90.22   92.88   95.61   100.24  105.21  111.09  113.93  115.06  111.93  113.33  118.72  118.96  126.21  124.64  119.57  117.77  115.35  112.93  112.19  106.81  105.15  102.18  99.54   97.97   96.39   95.25   94.84   95.67   97.91   98.02   99.68   100.14  99.55   94.79   93.07   88.75   86.44   83.40   80.84   78.61  
59.59   63.15   64.94   68.54   71.85   75.17   78.50   81.58   84.82   88.81   90.87   91.82   95.38   99.96   105.53  108.66  112.73  116.04  115.58  115.28  120.78  120.71  121.91  118.06  115.34  113.90  115.22  108.14  106.17  105.17  101.50  99.86   97.90   95.78   94.11   92.53   92.29   94.15   94.64   95.97   96.48   96.21   96.47   94.35   92.74   88.99   85.20   82.67   82.43   79.08  
59.74   61.93   64.64   68.53   71.79   75.24   78.96   81.83   85.33   88.66   93.19   94.86   94.96   99.92   103.58  108.10  111.15  112.73  118.72  116.20  120.96  118.98  111.78  113.16  112.65  114.77  109.03  105.08  101.15  101.10  99.25   96.58   95.57   94.03   91.99   90.25   90.67   91.39   92.51   93.06   92.92   93.09   92.92   91.38   90.22   88.32   86.10   85.16   82.74   80.00  
59.19   61.07   64.81   68.47   71.66   75.28   79.22   82.94   85.62   89.35   92.46   95.05   97.39   98.99   104.68  108.08  109.27  113.71  115.68  113.21  113.62  110.24  110.48  110.66  112.75  109.21  106.05  102.49  98.86   96.12   95.83   94.40   92.75   91.74   90.16   88.17   88.30   89.29   89.85   89.83   89.93   89.84   88.10   87.75   89.29   88.32   86.14   87.32   83.95   80.33  
61.03   62.07   63.82   68.61   72.08   75.49   79.37   83.28   87.10   89.45   93.59   93.94   97.23   100.02  104.40  106.25  109.77  106.97  109.78  123.30  111.80  107.57  111.74  111.36  110.57  106.60  103.46  99.20   100.31  94.85   91.62   91.40   90.45   89.07   87.90   86.28   86.16   86.70   86.76   86.83   86.77   86.83   85.58   88.74   90.10   90.01   88.67   88.26   84.04   81.83  
61.03   63.85   65.55   69.66   72.99   76.64   79.84   83.82   87.74   91.41   93.27   98.06   97.32   102.18  103.17  106.88  107.05  102.81  102.65  99.67   97.88   105.60  109.75  112.90  107.32  106.00  102.17  104.69  99.89   96.23   91.95   88.97   88.25   88.38   88.00   87.22   86.16   84.42   83.53   83.50   83.54   83.50   84.84   87.26   88.43   92.50   89.69   88.60   85.96   82.29  
61.95   63.31   65.66   70.90   74.23   77.60   81.43   84.52   88.60   92.20   95.83   96.77   101.54  102.25  107.86  106.94  105.90  105.29  91.86   93.41   98.87   106.66  113.91  110.85  112.58  106.50  108.53  104.09  102.45  96.78   93.11   91.96   91.82   91.33   90.52   89.67   88.15   86.36   83.76   82.25   81.66   83.49   86.64   89.49   92.66   89.47   91.85   90.16   86.15   84.92  
63.60   65.22   67.56   72.40   75.47   78.89   82.34   86.50   89.23   93.24   96.49   100.50  101.59  107.25  105.89  104.58  108.86  111.55  114.70  119.93  132.51  121.29  118.78  114.88  111.01  113.46  108.52  108.06  103.79  98.90   96.29   95.76   94.98   93.82   93.09   91.64   90.21   87.67   86.47   85.59   83.96   85.91   87.33   89.13   95.69   91.26   92.34   89.89   89.07   88.54  
64.03   67.63   70.38   73.58   77.06   80.09   83.69   87.20   91.64   93.61   97.72   100.54  105.48  102.91  103.48  106.80  112.28  117.09  118.64  127.37  131.16  129.69  121.25  117.69  114.07  112.33  112.82  109.33  105.05  103.95  100.17  99.12   97.33   96.62   95.01   93.90   91.29   90.49   90.01   88.53   86.18   85.69   90.71   89.67   95.50   93.16   94.32   92.68   92.75   89.83  
65.01   68.14   71.22   74.95   78.17   81.79   84.82   88.69   92.00   96.65   97.61   102.18  100.55  100.36  104.50  108.80  114.62  118.44  123.34  127.61  129.94  125.96  123.58  118.52  117.76  114.88  115.26  110.21  109.64  106.19  106.03  102.29  100.57  98.44   97.57   94.61   94.24   94.25   93.01   90.73   88.12   85.62   86.34   92.24   93.81   93.67   96.62   97.08   94.16   89.97  
66.23   69.27   72.40   75.67   79.66   82.78   86.69   89.67   93.75   96.43   101.64  97.73   97.57   101.91  105.58  110.95  114.00  120.51  124.17  127.30  127.28  129.78  122.85  122.77  118.70  116.26  116.21  115.96  110.47  111.57  107.24  107.05  103.65  101.47  97.71   97.92   98.25   97.28   95.16   92.66   89.96   87.58   85.92   83.82   79.94   94.41   101.08  97.93   94.03   90.00  
67.12   70.65   73.21   76.77   80.15   84.44   87.48   91.83   94.45   98.94   96.66   96.65   98.89   102.06  107.88  110.40  117.17  119.63  120.74  126.17  127.64  128.62  129.22  123.07  121.02  117.04  115.33  115.64  118.08  111.63  112.11  109.21  106.49  102.79  101.07  102.06  101.29  99.37   97.11   94.46   92.28   89.39   84.73   78.54   77.20   84.57   100.99  97.71   94.26   89.97  
67.38   71.52   74.81   77.31   81.32   84.62   89.44   92.27   97.14   93.94   94.23   95.62   97.44   103.94  107.38  113.50  114.89  117.23  122.87  123.38  122.03  124.39  124.90  126.05  121.42  120.89  115.99  113.55  118.64  117.88  113.95  110.84  107.87  107.78  105.83  105.11  103.30  101.35  98.81   96.96   94.02   91.39   88.40   81.80   92.45   90.40   96.77   97.43   93.97   89.99  
67.74   71.63   75.48   79.12   81.57   86.04   89.14   94.80   91.99   91.75   93.64   94.03   99.88   103.62  109.79  111.41  114.83  119.21  119.72  118.50  118.57  120.89  121.72  123.44  126.13  120.86  120.41  114.43  112.65  119.48  115.82  111.49  112.06  109.27  108.85  107.00  105.37  102.89  101.59  98.57   96.09   93.18   90.66   86.12   88.46   89.59   91.90   94.59   93.42   89.81  
68.88   71.89   75.62   79.38   83.69   85.85   91.04   89.95   89.54   91.40   91.09   94.97   99.28   106.54  107.89  111.05  115.46  117.68  115.22  115.67  115.79  116.21  119.47  122.11  124.06  126.49  119.81  117.62  112.14  111.99  117.33  117.08  112.93  112.77  110.54  109.23  106.62  106.09  102.98  100.79  97.79   95.49   92.48   87.85   87.60   86.12   88.09   90.67   90.14   88.78  
71.66   72.96   75.63   79.68   83.52   88.59   88.94   86.75   86.93   87.05   91.44   94.92   101.66  103.47  105.78  110.19  113.59  113.74  113.03  111.29  111.60  113.92  114.90  116.74  120.76  123.40  124.26  117.00  113.90  111.50  111.24  116.41  116.82  115.73  113.10  109.99  110.47  107.10  105.44  102.32  100.32  97.18   94.43   88.75   86.18   84.20   83.52   83.64   85.94   85.64  
71.52   76.49   76.48   79.32   84.04   87.31   84.79   84.31   83.71   88.64   91.32   97.71   98.70   100.29  104.45  108.24  108.53  108.17  108.54  107.20  108.22  109.35  111.86  112.79  115.16  119.12  122.49  120.91  116.43  112.33  111.66  112.66  112.36  112.94  115.28  114.87  110.84  109.98  106.68  105.18  101.84  99.27   95.76   92.47   88.76   84.99   81.70   80.76   81.36   81.54  
71.91   74.73   74.84   78.74   82.35   84.51   82.97   81.09   86.08   88.21   94.73   93.90   94.43   98.42   101.86  102.49  102.33  102.76  103.77  102.45  103.61  105.25  109.43  108.47  112.99  115.54  115.78  121.13  118.28  114.68  109.60  108.74  109.39  111.30  111.46  114.37  114.41  110.72  110.04  106.42  104.18  100.49  97.24   93.31   89.26   85.84   82.65   79.81   77.23   77.12  
70.63   73.78   73.10   76.20   80.15   81.33   80.70   82.34   85.54   91.84   89.83   89.08   92.31   95.62   96.62   96.74   97.28   98.49   101.16  98.33   99.92   103.14  105.27  106.56  109.52  110.30  113.29  114.55  118.26  115.25  112.70  109.27  107.19  107.82  110.21  111.01  114.71  114.86  110.79  109.14  105.19  102.12  98.06   93.71   90.15   86.77   83.86   80.98   78.05   75.54  
69.41   69.98   72.68   75.47   76.32   77.40   77.98   82.76   87.69   86.61   86.37   86.66   89.84   91.21   91.69   92.39   93.63   95.31   97.87   96.21   97.72   99.44   104.43  102.96  105.03  107.61  109.06  110.90  113.66  115.75  112.27  111.84  107.23  105.98  107.15  110.13  110.87  115.17  114.13  109.80  107.06  102.92  98.32   94.66   91.01   88.03   85.05   81.89   79.12   77.03  
66.31   69.14   71.93   73.03   73.97   74.43   76.52   83.01   83.37   82.51   82.11   84.70   86.27   87.06   87.97   89.28   91.00   93.28   95.85   93.43   94.86   97.76   101.99  100.65  102.55  104.13  106.02  108.43  109.81  111.56  110.63  110.16  108.92  103.78  105.54  106.74  109.41  109.28  115.39  112.02  107.82  102.98  99.38   95.40   92.36   89.26   85.90   82.91   80.73   78.18  
65.19   68.18   69.57   70.52   71.09   72.87   76.13   77.13   80.06   78.55   80.34   81.94   82.95   83.96   85.29   87.01   89.17   91.06   94.37   91.58   93.34   96.31   100.41  97.87   99.57   101.43  103.64  105.12  106.59  106.26  106.67  107.37  107.28  105.01  102.34  104.57  105.17  108.74  109.42  112.75  107.60  104.27  99.94   96.88   93.62   90.05   86.85   84.69   81.84   79.32  
64.10   65.86   66.96   67.63   69.03   71.27   72.88   73.89   76.84   76.65   78.03   79.12   80.14   81.45   83.14   85.21   87.21   90.07   91.62   90.12   91.78   94.41   97.26   95.47   96.66   98.73   100.21  101.54  101.48  101.80  102.23  102.18  103.49  103.67  101.37  100.81  103.71  104.87  106.85  110.67  109.28  104.56  101.60  98.16   94.31   90.87   88.90   85.70   83.09   79.71  
61.86   63.18   64.04   65.22   66.73   68.58   69.45   71.62   72.84   74.36   75.30   76.34   77.63   79.28   81.28   83.32   85.90   87.56   90.32   87.56   89.69   92.13   91.89   92.24   93.54   95.00   96.23   96.36   96.62   96.89   96.87   97.96   98.26   99.52   100.66  98.75   100.22  102.20  105.37  105.38  109.16  106.45  103.22  99.02   94.97   93.31   89.70   87.13   83.38   79.85  
59.22   60.18   61.27   62.55   64.26   65.27   67.18   68.42   69.29   71.19   72.03   73.78   75.41   77.35   79.40   81.81   83.65   86.24   89.87   86.24   87.00   87.12   87.44   88.33   89.66   90.83   91.09   91.30   91.48   91.62   92.44   92.85   94.08   95.85   98.26   96.25   97.52   100.25  100.93  103.76  103.09  107.62  102.05  98.71   98.81   93.76   91.42   87.27   83.53   79.80  
56.19   57.20   58.42   59.96   61.12   62.80   64.12   65.08   66.68   69.97   71.67   71.60   73.50   75.55   77.84   79.82   82.36   85.42   88.45   85.42   82.64   82.67   83.32   84.50   85.62   85.99   86.16   86.29   86.50   87.18   87.72   88.97   91.35   92.92   94.57   93.16   95.32   96.40   98.67   98.86   102.29  102.77  100.44  98.14   96.94   95.95   91.34   87.46   83.43   79.86  
53.31   54.43   55.87   57.13   58.72   60.32   62.72   64.27   67.91   68.80   69.82   69.79   71.83   74.06   76.12   78.63   81.60   84.45   87.95   84.45   81.62   79.03   79.81   80.88   81.34   81.50   81.59   81.80   82.39   83.04   84.29   86.57   89.18   90.84   89.98   90.59   91.94   93.87   94.58   97.31   98.03   97.75   97.83   95.86   95.61   95.47   91.61   87.29   83.53   79.80  
50.95   52.37   53.74   55.29   56.95   59.74   62.55   65.96   66.30   67.95   68.24   68.32   70.52   72.64   75.14   78.03   80.90   83.92   83.89   83.92   80.91   78.07   76.70   77.22   77.40   77.45   77.62   78.10   78.79   80.12   82.82   87.39   86.41   86.08   86.87   87.61   89.35   90.36   92.63   93.47   93.35   93.52   93.33   93.16   91.64   91.35   90.83   87.40   83.43   79.86  
49.40   50.99   52.57   54.09   56.53   59.54   62.62   63.42   65.23   69.12   68.58   67.23   69.40   71.88   74.71   77.55   80.23   80.55   80.57   80.55   80.23   77.55   74.86   73.75   73.79   73.88   74.22   74.87   76.25   78.97   82.83   84.02   85.61   82.93   83.49   85.04   86.23   88.18   89.08   89.09   89.20   89.10   89.20   89.04   88.73   87.52   87.16   86.41   83.39   79.78  
48.36   50.06   51.55   53.27   56.14   59.26   60.41   61.87   64.32   68.70   69.39   66.02   68.81   71.57   74.34   76.78   77.33   77.38   77.37   77.38   77.33   76.78   74.35   71.85   70.60   70.69   71.23   72.56   75.15   78.60   80.47   82.54   81.99   81.24   80.88   82.15   83.89   84.80   84.92   85.00   84.94   85.00   84.94   84.99   84.85   84.46   83.49   83.10   82.27   79.62  
47.36   48.92   50.30   52.53   55.44   56.88   58.27   60.77   64.63   65.76   65.51   65.80   68.52   71.20   73.46   74.16   74.26   74.26   74.26   74.26   74.26   74.16   73.46   71.24   68.91   67.83   69.00   71.36   74.47   76.46   78.18   78.00   78.34   77.86   78.15   79.72   80.64   80.85   80.91   80.88   80.91   80.88   80.91   80.88   80.90   80.75   80.37   79.66   79.30   78.43  
