#Value Function.
17.3299 17.7334 18.2280 18.5249 18.6000 18.6161 18.6062 18.6071 18.5928 18.5912 18.5860 18.5837 18.6534 18.6962 18.6953 18.6942 18.6874 18.6746 18.6973 18.5129 18.3533 18.2510 18.2040 18.1387 17.9926 17.8913 17.8403 17.8465 17.8422 18.0724 18.5390 19.0654 19.5927 20.1218 20.5668 20.8998 21.1399 21.1551 21.2106 21.6500 22.2664 22.3052 22.3465 22.2084 22.1890 22.1157 22.0594 21.8874 21.6365 21.2402
17.5441 17.8619 18.2814 18.8297 19.1035 19.1426 19.1569 19.1217 19.1332 19.1289 19.1282 19.1198 19.0968 19.2081 19.2416 19.2329 19.2297 19.1551 19.0503 18.8814 18.7753 18.7386 18.6875 18.5140 18.4087 18.3620 18.3332 18.2932 18.3822 18.1793 18.6291 19.1061 19.6589 20.2271 20.7408 21.1960 21.5216 21.7747 21.7321 21.7681 22.2914 23.0120 22.8019 22.8229 22.7294 22.6983 22.5120 22.2674 21.8582 21.3453
17.7953 18.0788 18.3947 18.8352 19.4547 19.7216 19.6471 19.6636 19.6636 19.6798 19.6703 19.6585 19.5543 19.6018 19.7834 19.7893 19.7416 19.4287 19.4149 19.3037 19.2776 19.2517 19.0374 18.9308 18.8900 18.8656 18.8279 18.7573 18.6411 18.5165 18.6140 19.1911 19.7113 20.2265 20.5734 21.0255 21.6109 22.3604 22.1579 22.1415 22.3566 22.7846 23.4777 23.3401 23.3533 23.1394 22.9099 22.4808 21.9409 21.4334
17.9574 18.3613 18.6148 18.9398 19.3989 20.0547 20.2067 20.1943 20.2248 20.2162 20.2414 20.0981 20.0259 20.1204 20.1436 20.3860 19.8160 19.7127 19.8011 19.7993 19.8431 19.5658 19.4638 19.4310 19.4110 19.3757 19.3045 19.1907 19.0510 18.9246 18.8383 19.1476 19.6497 20.1847 20.7715 21.1858 21.6757 22.0812 22.8288 22.3316 22.6974 22.9802 23.3366 24.0392 23.7725 23.5738 23.1215 22.5382 22.0352 21.5069
17.8651 18.5719 18.9288 19.1529 19.5000 19.9440 20.2676 20.6501 20.6377 20.7093 20.6837 20.4213 20.2778 20.2863 20.7745 20.2794 20.1615 20.2814 20.2541 20.3893 20.0938 20.0088 19.9855 19.9697 19.9370 19.8655 19.7466 19.5971 19.4616 19.3801 19.2964 19.1734 19.7203 20.2210 20.7968 21.4224 21.7924 22.2768 22.2598 22.9637 22.7975 23.3440 23.6247 23.9310 24.2730 23.7827 23.1410 22.6481 22.0974 21.6318
17.9447 18.4039 18.9502 19.3647 19.7322 20.0318 20.4404 20.5432 20.9396 20.9928 20.8301 20.5967 20.6872 20.9302 20.7522 20.6774 20.7329 20.6956 20.8491 20.6222 20.5682 20.5542 20.5420 20.5122 20.4406 20.3165 20.1565 20.0091 19.9335 19.8647 19.6831 19.3092 19.7397 20.3325 20.8183 21.4254 22.1021 21.7677 22.3986 22.5036 22.9671 23.2071 23.7223 23.9239 24.2690 23.6990 23.2847 22.6858 22.2538 21.6695
18.0896 18.4990 18.9126 19.3459 19.7955 20.2413 20.6247 20.8914 21.0108 21.1841 21.0272 21.1287 21.1597 21.1649 21.1618 21.1576 21.1547 21.2991 21.1702 21.1449 21.1376 21.1281 21.1014 21.0302 20.9008 20.7299 20.5664 20.4983 20.4471 20.2781 19.8769 19.3856 19.8834 20.3139 20.9726 21.3583 21.4205 21.8571 22.0149 22.3431 22.5708 22.9988 23.2668 23.5683 23.8020 23.9789 23.2718 22.8943 22.2740 21.6823
18.2388 18.6529 19.0651 19.4886 19.9348 20.3986 20.8602 21.2502 21.5133 21.6185 21.6660 21.6756 21.7406 21.7573 21.7557 21.7523 21.7477 21.7442 21.7395 21.7357 21.7279 21.7050 21.6347 21.4996 21.3186 21.1328 21.0749 21.0431 20.8946 20.4597 19.9324 19.4579 19.8731 20.5149 20.7022 20.8865 21.4366 21.4924 21.8551 21.9447 22.3111 22.6002 22.9103 23.3446 23.5700 23.3359 23.5733 22.8605 22.2872 21.6862
18.3884 18.8058 19.2238 19.6452 20.0789 20.5387 21.0170 21.4963 21.8918 22.1504 22.2304 22.2815 22.2966 22.3541 22.3641 22.3600 22.3569 22.3517 22.3484 22.3415 22.3234 22.2548 22.1130 21.9245 21.7067 21.6638 21.6515 21.5362 21.0550 20.5001 19.9432 19.5652 20.0520 20.1109 20.3408 20.8753 21.0148 21.3423 21.3431 21.6519 21.9489 22.2649 22.6616 22.9952 23.2090 22.9196 22.8269 22.7926 22.2521 21.6879
18.5398 18.9591 19.3803 19.8092 20.2398 20.6836 21.1582 21.6510 22.1506 22.5494 22.8040 22.8502 22.9079 22.9352 22.9803 22.9842 22.9782 22.9758 22.9690 22.9567 22.8914 22.7398 22.5509 22.2852 22.2670 22.2691 22.2088 21.6611 21.0784 20.5115 19.9209 19.4293 19.5526 19.8207 20.3494 20.6127 20.8414 20.7671 21.0180 21.3145 21.6370 22.0425 22.5271 22.9907 22.5157 22.4935 22.2876 22.1794 22.0745 21.6276
18.6917 19.1145 19.5372 19.9694 20.4097 20.8489 21.3031 21.7940 22.3006 22.8244 23.2228 23.4758 23.5015 23.5453 23.5938 23.6180 23.6185 23.6104 23.6052 23.5461 23.3788 23.1976 22.8964 22.7028 22.7146 22.9216 22.2744 21.6676 21.0889 20.5168 19.9606 19.4160 19.3905 20.0151 20.1274 20.3533 20.2066 20.4077 20.6984 21.0298 21.4617 22.1292 22.4179 22.2360 22.2499 21.9333 21.8294 21.6599 21.5413 21.3917
18.8375 19.2718 19.6965 20.1298 20.5733 21.0257 21.4729 21.9375 22.4467 22.9654 23.5196 23.9108 24.1655 24.1644 24.2190 24.2704 24.2655 24.2683 24.2215 24.0278 23.8642 23.5421 23.1801 23.0458 23.3924 22.7161 22.2683 21.6804 21.0928 20.5245 19.9664 19.4224 19.3683 19.5854 19.9046 19.7248 19.8190 20.1001 20.4373 20.8715 21.4412 21.7916 21.6961 21.7277 21.7689 21.5988 21.3391 21.1974 21.0427 20.9094
18.9758 19.4222 19.8597 20.2927 20.7375 21.1924 21.6578 22.1118 22.5872 23.1175 23.6446 24.2393 24.6113 24.8757 24.8712 24.9358 24.9449 24.9220 24.6825 24.5534 24.2067 23.7996 23.5872 23.6938 23.0171 22.6908 22.1356 21.6499 21.0952 20.5285 19.9730 19.4283 19.0845 19.5587 19.2841 19.2827 19.5190 19.8572 20.2816 20.7817 21.1149 21.2540 21.2821 21.1109 21.0980 21.2567 20.9962 20.7509 20.5888 20.4321
19.1086 19.5645 20.0148 20.4624 20.9033 21.3606 21.8269 22.3068 22.7656 23.2522 23.8081 24.3361 24.9882 25.3513 25.6368 25.5728 25.6553 25.3357 25.2692 24.8922 24.4249 24.2221 24.0771 23.4177 23.0071 22.7569 22.1618 21.5645 21.0574 20.5226 19.9751 19.4336 19.2038 18.9421 18.9341 18.9581 19.2885 19.6975 20.1462 20.4641 20.6323 20.7977 20.8154 20.8298 20.5954 20.5902 20.7712 20.4392 20.1788 19.9941
19.2342 19.7017 20.1609 20.6225 21.0806 21.5284 22.0000 22.4770 22.9737 23.4340 23.9327 24.5206 25.0626 25.7648 26.0706 26.4096 25.9257 26.0034 25.6008 25.0571 24.8133 24.4121 23.9983 23.4516 23.4556 22.7809 22.1621 21.5789 21.0000 20.4849 19.9635 19.4004 18.9331 18.6590 18.4406 18.7319 19.1224 19.5315 19.8347 20.0143 20.1634 20.2520 20.3554 20.2339 20.3451 20.1199 20.1221 20.3714 19.9137 19.6198
19.3394 19.8343 20.3020 20.7723 21.2456 21.7146 22.1679 22.6565 23.1424 23.6600 24.1162 24.6550 25.2498 25.7774 26.6104 26.3157 26.2573 25.7804 25.5486 25.2217 24.7603 24.4036 23.9309 23.7899 23.1049 22.7727 22.1837 21.5799 21.0033 20.4436 19.9287 19.4145 18.8836 18.4346 18.1977 18.5583 18.9356 19.2248 19.4099 19.5555 19.6810 19.9071 19.9017 19.8643 19.7140 19.8638 19.7173 19.7080 19.7003 19.3589
19.4014 19.9491 20.4416 20.9168 21.3991 21.8846 22.3651 22.8213 23.3315 23.8225 24.3993 24.8006 25.3797 26.0028 26.3679 26.3918 26.1339 25.5806 25.2736 24.8670 24.6026 24.3600 23.8796 23.3819 23.1709 22.8056 22.1788 21.5921 21.0070 20.4420 19.8973 19.3865 18.8815 18.3759 18.0171 18.3613 18.6379 18.8250 18.9711 19.1121 19.3280 19.6002 19.4103 19.4210 19.5496 19.2688 19.4376 19.2004 19.1326 19.0702
19.4404 20.0121 20.5686 21.0627 21.5466 22.0420 22.5398 23.0329 23.4879 24.0746 24.5012 25.1483 25.4856 26.1414 26.1811 25.8803 26.1615 25.6797 25.1599 24.7758 24.2447 23.9465 24.0570 23.3371 22.8012 22.5091 22.1377 21.5815 21.0132 20.4455 19.8935 19.3619 18.8576 18.3629 18.1365 18.4497 18.6413 18.7360 18.8979 19.0038 19.0634 19.1892 19.2178 19.2151 19.2117 19.1874 19.0552 19.1271 18.8681 18.7599
19.4826 20.0489 20.6321 21.2056 21.6971 22.1919 22.7015 23.2115 23.7192 24.1605 24.8150 25.1776 25.9739 25.6396 25.6412 26.0355 25.4407 25.8598 25.2594 24.7473 24.2922 23.7993 23.3721 23.4216 22.7596 22.2254 21.8780 21.4987 20.9895 20.4450 19.8953 19.3571 18.8378 18.3961 18.4253 18.6664 19.0188 19.1904 19.2629 19.4560 19.5505 19.5964 19.7548 19.7585 19.7543 19.5924 19.4878 19.3758 19.2970 19.2156
19.5428 20.0889 20.6661 21.2685 21.8613 22.3437 22.8538 23.3780 23.8997 24.4265 24.8370 25.6246 25.1665 25.1494 25.4053 25.4573 25.6337 25.1022 25.4269 24.9041 24.4695 23.8805 23.5082 22.9544 22.8584 22.2230 21.7804 21.2978 20.8900 20.4084 19.8875 19.3561 18.8950 18.6353 18.7735 18.9583 19.2066 19.6131 19.7479 19.7947 20.0375 20.1067 20.1360 20.3456 20.1360 20.0429 19.9198 19.8436 19.7746 19.6521
19.6349 20.1460 20.7041 21.2993 21.9219 22.5375 23.0006 23.5344 24.0717 24.6043 25.1843 24.8142 24.7928 24.9393 24.8763 24.9755 25.0556 25.4692 24.7261 25.1761 24.5171 24.1988 23.5617 23.1865 22.6893 22.4013 21.8752 21.4588 20.8910 20.3491 19.8801 19.4378 18.9534 19.0474 19.1715 19.3118 19.5048 19.7548 20.2392 20.3088 20.3296 20.6491 20.6684 20.6803 20.6159 20.4744 20.4019 20.3437 20.2127 20.1045
19.7498 20.2395 20.7567 21.3360 21.9489 22.5923 23.2367 23.6641 24.2368 24.7979 24.4036 24.3918 24.7794 24.2262 24.3374 24.5204 24.7638 24.8337 25.2253 24.5134 24.9307 24.1896 23.8548 23.3105 22.8650 22.4610 22.0899 21.4760 20.9116 20.4380 19.9996 19.4962 18.9946 19.3868 19.6136 19.7163 19.8632 20.0657 20.3072 20.9072 20.8647 20.8665 21.3009 21.0608 21.0383 20.9713 20.9319 20.7756 20.6861 20.5272
19.8276 20.3685 20.8496 21.3829 21.9854 22.6148 23.2799 23.9625 24.3335 24.0302 24.0023 24.3227 24.0151 23.9600 23.9148 24.0683 24.3506 24.6060 24.5507 24.7774 24.3903 24.5537 23.9858 23.4882 23.1126 22.5338 22.0149 21.4843 21.0070 20.5786 20.0547 19.5162 19.1362 19.5219 19.9974 20.1887 20.2693 20.4290 20.6425 20.8568 21.2618 21.4683 21.3909 21.6522 21.4742 21.5439 21.3439 21.2798 21.1077 20.9680
19.9403 20.4350 21.0005 21.4705 22.0255 22.6531 23.2970 23.9841 23.5935 23.5740 24.0647 23.5914 23.5501 23.3471 23.5175 23.8240 24.0048 23.8637 24.0199 24.0895 24.3413 23.8626 24.1133 23.7948 23.1479 22.6372 22.0559 21.5858 21.1773 20.6257 20.0706 19.5238 19.4840 19.6733 20.1046 20.6359 20.7685 20.8306 21.0108 21.2379 21.4183 21.6461 22.0272 21.9049 22.0798 21.9107 21.8969 21.6911 21.5627 21.4205
19.9531 20.5787 21.0419 21.6576 22.0986 22.6872 23.3397 23.2214 23.2136 23.7309 23.3185 23.2758 22.9683 23.1607 23.2915 23.4174 23.2637 23.3392 23.5876 24.1468 23.7966 23.6069 23.3976 23.7404 23.2833 22.6533 22.1744 21.7996 21.2080 20.6377 20.0768 19.5305 20.0577 20.0025 20.2251 20.7047 21.3081 21.3461 21.4021 21.6103 21.8534 22.0089 22.1638 22.5433 22.3976 22.5460 22.2811 22.1638 22.0377 21.8174
19.9741 20.5752 21.2346 21.6496 22.3481 22.7269 22.6176 22.8233 23.3351 23.0248 22.9712 22.6940 22.5739 22.7828 22.7901 22.6839 22.7250 23.1271 23.4873 23.4985 23.7330 23.2206 22.9854 22.9782 23.0074 22.7665 22.4516 21.7993 21.2180 20.6427 20.0838 19.5364 19.7951 20.4319 20.5492 20.7884 21.3222 22.0227 21.8411 22.0041 22.2245 22.4898 22.6249 22.7476 23.0458 22.8716 22.7790 22.6653 22.4425 22.1488
19.9465 20.6106 21.2001 21.9217 22.0232 22.0294 22.3648 22.9338 22.9569 22.6706 22.4035 22.2815 22.2769 22.2661 22.1390 22.1964 22.5936 22.7689 22.9396 23.5857 23.2801 23.0446 22.6129 22.3663 22.3128 22.2942 22.0967 21.7756 21.2139 20.6490 20.0892 19.5429 19.8089 20.2331 20.8983 21.1382 21.3561 21.7890 22.4613 22.3991 22.6319 22.8510 23.1489 23.2527 23.3581 23.4107 23.3124 23.0725 22.7926 22.3499
19.8611 20.5880 21.1862 21.3628 21.4732 22.0144 22.7437 22.4852 22.3030 22.2484 22.0186 21.7924 21.7686 21.6430 21.7712 21.9927 22.1127 22.3637 23.0393 23.0311 23.4555 22.7865 22.4016 22.0087 21.7575 21.6674 21.6144 21.4376 21.1267 20.6286 20.0897 19.5472 19.6811 20.2657 20.7404 21.4284 21.7599 21.9224 22.2140 22.8759 22.9976 23.2847 23.4858 23.8361 23.8870 23.9822 23.7114 23.4527 22.9691 22.5581
19.7627 20.4958 20.7243 20.9112 21.4299 22.1427 22.0667 22.0303 21.8394 21.6730 21.5622 21.3588 21.1751 21.2977 21.3296 21.4837 21.7675 22.3309 22.7359 22.9558 23.1166 23.0235 22.3503 21.8191 21.4207 21.1613 21.0415 20.9618 20.7941 20.4990 20.0490 19.5394 19.6710 20.1696 20.7820 21.2709 21.9161 22.3103 22.5361 22.7928 23.3807 23.6441 23.9597 24.1239 24.5602 24.3528 24.1442 23.5803 23.2240 22.5747
19.6218 20.1039 20.3484 20.8483 21.5344 21.4503 21.5562 21.4336 21.3592 21.1956 21.0284 20.8941 20.8150 20.7142 20.8725 21.1864 21.7427 22.1528 22.5272 22.9180 22.9318 22.5575 22.4380 21.7901 21.2524 20.8480 20.5787 20.4342 20.3328 20.1683 19.8895 19.4782 19.6795 20.1867 20.7836 21.2940 21.9031 22.5250 22.7776 23.1994 23.3730 23.9300 24.1182 24.5883 24.7519 24.8791 24.1943 23.6298 23.0848 22.5764
19.2847 19.7857 20.2691 20.9048 20.9380 21.0777 20.8812 20.8820 20.7858 20.7021 20.5510 20.3904 20.2813 20.3021 20.7365 21.2876 21.6585 22.0493 22.6986 22.7127 22.4615 22.2783 22.0780 21.8019 21.2171 20.6950 20.2889 20.0099 19.8448 19.7251 19.5607 19.2972 19.6900 20.2947 20.7602 21.4380 21.8398 22.2086 22.7955 23.0971 23.8534 23.6829 24.3111 24.5257 24.9916 24.6315 24.2692 23.6026 23.0155 22.4702
19.0496 19.6902 20.2524 20.5715 20.6964 20.4246 20.4394 20.2831 20.2475 20.1491 20.0530 19.9372 19.8026 20.2400 20.8613 21.3579 21.6749 22.3647 22.4042 22.3977 22.4522 21.9316 21.6611 21.6202 21.1937 20.6500 20.1466 19.7421 19.4549 19.2724 19.1370 19.2576 19.7955 20.2731 20.9398 21.2196 21.6068 22.1624 22.7056 23.4364 23.2146 23.6189 24.1527 24.9475 24.4345 24.4048 23.9826 23.5741 22.9839 22.4061
18.9798 19.6640 20.2388 20.2569 20.0436 20.0349 19.8445 19.8080 19.6824 19.7016 19.5611 19.4556 19.8909 20.4179 20.8272 21.3412 22.0556 21.9070 22.4289 22.1658 21.8484 21.8187 21.3591 21.0904 21.2114 20.6332 20.0976 19.6084 19.2072 18.9134 18.7564 19.2514 19.8610 20.4052 20.7773 21.3170 21.7120 22.1996 22.8391 22.8109 23.0125 23.6851 24.2745 24.1614 24.3712 24.1083 23.7866 23.3408 22.9126 22.3633
18.8764 19.5948 19.9118 19.6869 19.6281 19.5670 19.4345 19.2771 19.4495 19.1579 19.0977 19.5117 20.0023 20.4937 20.9244 21.4617 21.6196 22.1741 22.2584 21.8132 21.5368 21.3534 21.1681 20.7818 20.5411 20.5021 20.0536 19.5521 19.0799 18.6837 18.7108 19.2806 19.8387 20.4848 20.7318 21.3054 21.9971 22.3314 22.3674 22.5075 23.1868 23.6679 23.6204 24.1106 23.7714 24.0282 23.5015 23.1259 22.7057 22.2681
18.7583 19.2491 19.2544 19.2703 19.1187 19.0414 18.9702 19.1914 18.8362 18.8194 19.1519 19.5601 20.1219 20.6041 21.1250 21.4372 22.0782 22.0180 21.7651 21.6494 21.3228 21.0589 21.0224 20.5911 20.2192 19.9779 19.8521 19.4745 19.0124 18.5603 18.7223 19.2688 19.8387 20.1843 20.7508 21.3588 21.9371 21.9401 22.0819 22.7057 23.1423 23.1734 23.7458 23.4128 23.9197 23.3487 23.2709 22.8657 22.4865 22.0750
18.4087 18.6564 18.6697 18.6678 18.6612 18.5513 18.5621 18.5286 18.5490 18.7766 19.1980 19.7616 20.1449 20.7669 21.2324 21.8044 21.7236 21.4788 21.3598 21.2316 21.1033 20.8392 20.5217 20.3688 20.0112 19.6642 19.4182 19.2419 18.9048 18.4795 18.7084 19.2336 19.6362 20.1936 20.7594 21.3861 21.5159 21.6403 22.2963 22.7071 22.6257 23.2474 23.0668 23.1495 23.1716 23.4077 22.8096 22.5879 22.2323 21.8558
17.8669 18.0835 18.0870 18.0932 18.0926 18.0760 18.1381 18.0542 18.4478 18.7724 19.3853 19.7596 20.4341 20.7095 21.3850 21.4401 21.4684 21.2666 20.9330 20.7484 20.6109 20.4792 20.4937 20.0081 19.7659 19.4408 19.1165 18.8666 18.6607 18.3484 18.7674 19.2294 19.8089 20.1928 20.8197 21.1205 21.3089 21.9859 22.0129 22.0940 22.7046 22.7631 22.5849 22.5642 22.9551 23.0282 22.7289 22.2361 21.9471 21.6041
17.3169 17.5182 17.5257 17.5301 17.5533 17.7301 17.5827 17.9191 18.4247 19.0623 19.2306 19.8084 20.2863 20.8694 21.1092 20.8906 20.8295 21.0791 21.0418 20.4365 20.1724 20.0117 19.8925 19.8236 19.4621 19.1905 18.8833 18.5773 18.3255 18.3302 18.7859 19.3598 19.7967 20.4471 20.7491 20.8448 21.4641 21.4874 21.7025 22.3388 22.3840 22.1136 22.0759 22.4110 22.7259 22.5803 22.6233 22.1219 21.6596 21.3279
16.7744 16.9729 16.9902 17.0556 17.3165 17.1735 17.4084 17.8923 18.4553 18.8338 19.3284 19.7949 20.3118 20.6116 20.6427 20.6084 20.4176 20.4319 20.5900 20.3862 19.9078 19.6153 19.4347 19.3105 19.1991 18.9072 18.6330 18.3390 18.0477 18.3497 18.9103 19.3423 19.9803 20.2225 20.6605 21.0758 21.0829 21.4939 22.1884 21.9034 21.7295 21.6931 21.7809 22.2178 22.5785 22.3051 21.9996 21.9085 21.5077 21.0760
16.2533 16.4686 16.5755 16.8901 16.7645 16.9618 17.4107 17.9021 18.4042 18.8972 19.4208 19.9263 20.0303 20.0338 20.0330 20.2799 20.1679 19.9404 19.9408 20.0300 19.7815 19.3705 19.0713 18.8756 18.7402 18.6061 18.3552 18.0892 17.9277 18.4787 18.8939 19.5181 19.7156 20.1918 20.6593 20.6898 21.0750 21.7534 21.4985 21.4923 21.2839 21.2016 21.6193 22.2080 21.9427 21.9638 21.6777 21.4060 21.2447 20.8928
15.7848 16.0938 16.4041 16.3588 16.5419 17.0373 17.4971 17.9518 18.4590 18.9809 19.4782 19.5598 19.5152 19.4582 19.6575 19.8160 19.7424 19.5697 19.4023 19.3915 19.6462 19.2317 18.8406 18.5395 18.3322 18.1845 18.0374 17.8118 18.0487 18.4625 19.0760 19.3036 19.6969 20.3420 20.3298 20.6837 21.3516 21.0782 21.0725 20.9024 20.8398 21.1190 21.7987 21.6434 21.6713 21.5918 21.3389 21.0671 20.8130 20.6084
15.4353 15.8657 16.0059 16.1682 16.6450 17.0537 17.5871 18.0442 18.5055 19.0360 18.9957 18.9285 18.9507 19.0504 19.1936 19.2548 19.4793 19.1965 19.0011 19.0028 18.9941 18.9901 18.6728 18.3150 18.0183 17.8030 17.6441 17.6378 18.0335 18.6334 18.7958 19.2882 19.9268 19.9180 20.3462 20.9849 20.6895 20.6794 20.4963 20.4355 20.7041 21.3384 21.2064 21.1453 21.1278 21.1487 20.9630 20.7273 20.4704 20.2204
15.1583 15.5270 15.8171 16.2740 16.6708 17.1872 17.5693 18.1608 18.6002 18.5924 18.4772 18.4190 18.4702 18.5963 18.6903 18.8905 18.8717 19.0072 18.6746 18.4724 18.4300 18.4148 18.3740 18.1167 17.7940 17.5068 17.2870 17.6261 18.2117 18.4099 19.0218 19.3386 19.7984 19.9225 20.2699 20.2966 20.3121 20.1194 20.1415 20.4428 21.0883 20.7914 20.7063 20.5910 20.8046 20.6183 20.5179 20.3483 20.1289 19.8800
15.0324 15.5550 15.9576 16.3145 16.8088 17.1763 17.7563 18.0006 18.1949 18.0618 18.0160 17.9240 18.0208 18.1330 18.3216 18.5307 18.4732 18.3961 18.5274 18.1784 17.9562 17.8798 17.8492 17.7875 17.5693 17.2790 17.2577 17.8204 17.9205 18.4218 18.7846 19.1982 19.4574 19.6419 19.6770 19.6907 19.6891 19.6780 20.1289 20.7984 20.4359 20.4208 20.2124 20.2251 20.2582 20.2502 20.0416 19.9128 19.7497 19.5376
15.0246 15.5291 15.9724 16.4884 16.8042 17.3672 17.4682 17.7513 17.6046 17.6120 17.5206 17.4679 17.5896 17.7884 18.0898 17.9353 18.0102 17.9283 17.9163 17.9934 17.7294 17.4607 17.3504 17.3002 17.2250 17.0333 17.5037 17.4481 17.8574 18.2381 18.6522 19.1567 19.1232 19.0734 19.0888 19.1008 19.1679 19.6010 20.2497 20.1582 20.1102 19.8811 19.8001 19.6974 19.9582 19.7606 19.6434 19.4670 19.3270 19.1611
15.0435 15.5170 16.0438 16.4729 17.0459 16.9771 17.2475 17.1562 17.1747 17.0826 17.0581 17.0654 17.2943 17.6801 17.5042 17.5113 17.4700 17.4471 17.4143 17.3956 17.4312 17.3006 16.9853 16.8408 16.7691 16.9037 16.9819 17.3207 17.6998 18.0990 18.5018 18.5441 18.5652 18.5421 18.5369 18.6579 19.0835 19.7169 19.6190 19.8498 19.6053 19.5007 19.3187 19.3297 19.4126 19.7730 19.2792 19.0787 18.9047 18.7521
15.0308 15.5472 16.0124 16.5793 16.4949 16.6936 16.8204 16.7224 16.6436 16.6291 16.5756 16.8233 17.3490 17.1107 17.1071 16.9875 17.0718 16.9504 16.9098 16.8776 16.8624 16.8902 16.7532 16.5006 16.3808 16.5007 16.8053 17.1711 17.5487 17.8869 17.9682 17.9871 17.9826 17.9971 18.1527 18.5772 19.1979 19.0912 19.2077 19.2020 19.2138 19.0435 18.9187 18.8653 19.1681 19.0910 19.1003 18.7580 18.5347 18.3509
14.9592 15.5424 16.0481 16.0397 16.2061 16.4658 16.2741 16.2781 16.2056 16.1368 16.3343 16.7286 16.7557 16.7707 16.6163 16.5684 16.7204 16.5628 16.4452 16.3902 16.6333 16.3997 16.3539 16.2261 16.0242 16.3045 16.6529 17.0067 17.3015 17.4025 17.4265 17.4328 17.4735 17.6537 18.0707 18.6721 18.5767 18.6036 18.6142 18.6223 18.6215 18.6104 18.4820 18.5367 18.5443 18.7735 18.5676 18.4927 18.2266 17.9979
14.8928 15.4599 15.6336 15.7617 16.1804 15.9317 15.9228 15.7949 15.7627 15.8458 16.1502 16.2199 16.2338 16.2322 16.2248 16.1646 16.1547 16.1694 16.0555 16.0682 16.0662 16.0753 15.9182 15.8408 15.8167 16.1433 16.4733 16.7373 16.8484 16.8810 16.8992 16.9611 17.1567 17.5512 18.0573 18.3117 18.1329 18.0419 18.0472 18.0477 18.0531 18.0525 18.0309 18.0095 18.1992 18.4167 18.2209 18.0392 17.9223 17.6919
14.7407 14.9573 15.1204 15.4461 15.5999 15.6227 15.4624 15.4088 15.3096 15.4327 15.5818 15.6571 15.6940 15.7107 15.7124 15.7012 15.6580 15.6441 15.6383 15.5634 15.5558 15.5539 15.5422 15.4276 15.4604 15.7651 16.0098 16.1625 16.2706 16.3131 16.3456 16.4673 16.8332 17.2727 17.5586 17.8679 17.7515 17.5992 17.5077 17.4921 17.4898 17.4927 17.4906 17.4736 17.6644 17.9705 17.8520 17.6780 17.5087 17.3674
