#Value Function.
73.5413 73.5952 74.0132 74.6211 75.1386 75.4374 75.5204 75.6221 75.6270 75.6067 75.8531 76.0249 76.0750 76.0558 76.0286 75.9525 75.9477 75.8559 75.9124 75.8036 75.5951 75.1643 75.0408 74.6681 73.9777 73.1042 72.2686 71.1188 69.0667 67.5149 67.2261 67.2700 67.2031 67.2097 67.1761 67.1736 66.9924 66.4616 65.6242 64.8274 63.4257 59.9884 51.7539 50.8355 50.6759 50.6941 50.5798 50.5057 50.5658 50.5807
73.6410 74.9248 75.3365 75.9368 76.4538 76.7270 76.8093 76.9572 76.9984 76.9612 77.2749 77.4564 77.4998 77.4677 77.4463 77.3458 77.3709 77.2450 77.3513 77.2367 77.0471 76.5403 76.4975 76.1346 75.4247 74.5191 73.7307 72.6661 70.4105 68.7481 68.5941 68.7024 68.6087 68.6357 68.5917 68.6197 68.4632 67.9261 67.0384 66.3351 65.1407 62.1036 52.1129 52.1449 52.0695 52.1327 51.9934 51.9057 51.9918 50.6628
74.4492 75.8092 76.1098 76.4472 77.0296 77.5472 77.7508 77.8824 78.0648 78.1963 78.1173 78.5217 78.6986 78.7308 78.6774 78.6722 78.5238 78.6118 78.4721 78.3398 77.7045 77.7751 77.4188 76.6906 75.7333 74.9886 74.0162 72.0125 71.7342 69.9391 69.9657 69.8202 69.8825 69.8125 69.8775 69.7483 69.2198 68.2431 67.6179 66.5604 63.9320 56.2328 53.4207 53.3357 53.4006 53.2848 53.4033 53.2978 52.8468 51.3685
75.2653 76.6131 76.9634 77.2093 77.4437 77.9875 78.4387 78.7302 78.9340 79.2064 79.4282 79.2563 79.7807 79.9251 79.9175 79.8487 79.8451 79.6698 79.6573 78.8287 79.0672 78.7052 77.9635 76.9329 76.2513 75.2578 74.2032 73.1643 71.2615 71.1959 71.1511 71.1444 71.0211 71.1295 71.0302 70.5272 69.4232 68.9036 67.9018 66.0276 56.6256 55.6019 54.6497 54.6721 54.5500 54.6682 54.5741 54.1659 53.0737 51.6689
75.9031 77.2056 77.7317 78.0159 78.0697 78.1472 78.6417 79.2486 79.6517 80.0221 80.3982 80.6783 80.7574 80.9636 81.0958 81.0371 80.9229 80.9947 79.8841 80.3800 79.9895 79.2483 78.1071 77.5274 76.4916 75.4249 74.3656 73.4031 72.6244 72.4599 72.3980 72.3502 72.3740 72.2977 71.8585 70.5649 70.1943 69.2312 67.5079 63.7206 56.8282 55.8954 55.9350 55.8775 55.9325 55.8426 55.5071 54.2838 53.4116 52.0707
76.5798 77.8696 78.2720 78.7187 78.7839 78.6019 78.6045 79.2145 80.1003 80.6856 81.1712 81.6041 81.8825 81.8678 82.0514 82.1672 82.1340 81.9868 81.7109 81.2572 80.5511 79.2465 78.8248 77.7223 76.6373 75.5599 74.5798 73.7289 73.6318 73.6834 73.6395 73.5729 73.5329 73.2125 71.6439 71.4995 70.5447 68.9580 65.5338 57.2035 57.1247 57.1897 57.1193 57.1890 57.0968 56.8789 55.4861 54.5440 54.5051 53.0149
77.2080 78.5045 78.8966 79.1165 79.4011 79.3180 79.1155 79.1057 80.0102 81.1830 81.8425 82.3621 82.7957 83.0458 83.1724 83.1724 83.0770 82.8845 82.4808 81.8839 80.3358 80.1550 78.9460 77.8493 76.7563 75.7412 74.8868 75.3619 74.8350 74.7786 74.7249 74.7260 74.5618 72.9897 72.8163 71.8361 70.3532 67.4717 58.4922 58.4069 58.4574 58.3393 58.4506 58.3336 58.2500 56.9801 55.6350 55.8534 54.9434 53.4709
77.9624 79.2314 79.5931 79.8773 79.8541 80.0059 79.9122 79.7753 79.7885 81.3980 82.3474 83.0364 83.5121 83.8925 84.0588 84.0587 83.9343 83.6459 83.1833 81.7253 81.5316 80.1538 79.0716 77.9655 76.8335 76.4902 76.6571 75.8900 75.9131 75.9583 75.8433 75.7905 74.9092 74.1156 73.0850 71.7523 69.5780 59.7847 59.6865 59.7407 59.6197 59.7234 59.5593 59.5396 59.0482 58.0982 57.2493 56.2198 55.0066 53.5616
79.1849 80.5458 80.2517 80.6688 80.7974 80.6028 80.8428 80.7088 80.7958 80.9413 82.6528 83.5588 84.1883 84.4932 84.7837 84.7838 84.6391 84.3614 83.1358 82.8940 81.5331 80.2925 79.1965 77.9274 77.5567 77.9515 76.6615 76.9244 76.9646 76.9286 76.9334 75.9556 75.2802 74.2756 73.0076 71.8811 61.0811 61.0200 61.0214 60.8947 61.0045 60.7678 60.8359 60.3552 59.3182 58.5100 57.4816 56.2635 54.8999 53.4774
80.5123 81.9187 81.7448 81.2676 81.7991 81.8362 81.5463 81.9180 82.1122 82.3450 82.6518 83.8654 84.6758 85.1381 85.2704 85.2699 85.1585 84.8923 84.1802 82.9164 81.6878 80.4411 79.1385 78.6224 79.1102 79.3175 77.7241 77.6938 77.9803 77.8313 77.0124 76.3383 75.4083 74.2295 65.4431 62.4172 62.2633 62.2970 62.2326 62.2739 62.1351 62.1410 61.6792 60.5189 59.7764 58.7440 57.5223 56.1396 54.7620 53.3727
81.7747 83.1922 83.1454 82.9834 82.2888 83.0288 83.0122 82.5862 83.1383 83.2925 83.5245 83.6652 84.9659 85.5031 85.6586 85.6749 85.5879 85.1764 84.0961 83.0376 81.6625 80.3479 79.6721 80.3111 80.5475 79.9625 78.4599 78.8403 78.5791 77.9131 77.1437 76.3759 75.3864 65.6494 64.2193 63.7260 63.5974 63.4437 63.5382 63.3446 63.4306 63.0281 61.6907 61.0528 60.0064 58.7807 57.3980 56.2542 54.8988 53.4766
83.0159 84.4355 84.4187 84.3781 84.2583 83.2735 84.3732 84.2534 83.6550 84.4291 84.4693 84.6907 85.5075 85.7573 86.0540 86.0051 85.9291 85.0000 84.1028 82.8410 81.5201 80.6715 81.5240 81.7866 81.2006 79.4050 79.8123 79.3528 78.6093 77.8759 77.1859 76.2815 65.5300 65.1992 65.0154 64.8642 64.9276 64.8058 64.6128 64.7175 64.4174 62.8192 62.3466 61.2675 60.0385 58.6558 57.5124 56.1835 54.9951 53.5616
84.2467 85.6704 85.6722 85.6513 85.6136 85.6075 85.5909 85.6165 85.5481 84.6640 85.7702 85.7264 85.9110 86.3653 86.4125 86.4939 86.2264 85.0079 84.0073 82.7127 81.6165 82.7910 83.0544 82.4861 80.5198 80.9720 80.3453 79.4117 78.4651 77.7456 75.8492 66.9521 66.7768 66.4935 66.2638 66.1581 66.0144 65.9913 65.9793 65.8689 63.8816 63.6697 62.5244 61.2959 59.9133 58.7702 57.5514 56.2687 54.9607 53.5502
85.4567 86.8799 86.9120 86.9113 86.8885 86.8440 86.8449 86.8189 86.8651 86.8944 86.9379 86.9717 87.0656 87.0949 87.2082 87.1061 86.4925 85.1330 84.0721 82.8153 84.0942 84.3043 83.8094 81.5147 82.1133 81.4070 80.3566 79.5138 78.4316 77.5009 68.3132 68.0852 67.9052 67.8243 67.6010 67.4119 67.3595 67.2082 67.2148 66.2259 65.0415 63.7716 62.5528 61.1738 60.0280 58.8008 57.4919 56.2893 55.0289 53.6017
86.6517 88.0626 88.1212 88.1542 88.1518 88.1291 88.0748 88.0874 88.0448 88.1039 88.1183 88.1500 88.1193 88.1887 88.1233 87.5546 86.1203 85.2640 83.9699 85.4328 85.5682 84.9771 84.1450 83.2482 82.3406 81.4644 80.5511 79.4467 78.4723 69.5584 69.5111 69.3263 69.1449 68.9992 68.9837 68.7716 68.5990 68.5861 67.4863 66.2931 65.0015 63.7955 62.5394 61.3161 60.0529 58.7132 57.5361 56.2631 55.0323 53.6002
87.9165 89.3417 89.2861 89.3649 89.3965 89.3920 89.3711 89.3023 89.3345 89.2642 89.3464 89.3348 89.3723 89.2959 88.8096 87.1697 86.2889 84.9657 86.8266 86.8736 86.1825 85.2566 84.2366 83.2298 82.3404 81.4584 80.5366 79.5253 71.5005 70.5693 70.6407 70.6162 70.4453 70.2643 70.1551 70.1992 69.9718 68.7312 67.5423 66.2597 65.0454 63.7721 62.5577 61.3057 59.9254 58.7892 57.4921 56.2893 54.9080 53.5126
89.1525 90.5861 90.5868 90.5035 90.6127 90.6382 90.6317 90.6157 90.5244 90.5894 90.4755 90.5979 90.5459 90.1883 88.2562 87.4778 86.0200 88.2942 88.1981 87.4302 86.4477 85.3390 84.2038 83.2046 82.3023 81.4220 80.4660 73.5224 73.3481 72.5870 71.5320 71.8006 71.7609 71.6029 71.4297 71.3395 69.9507 68.7875 67.5068 66.2962 65.0285 63.8016 62.5401 61.3162 60.0530 58.7132 57.5493 56.2646 55.0325 53.5913
90.3028 91.7386 91.8363 91.8352 91.7120 91.8670 91.8784 91.8706 91.8644 91.7381 91.8566 91.7888 91.6316 89.5318 88.8015 87.1341 89.8529 89.5235 88.6887 87.6809 86.5259 85.2866 84.2027 83.1308 82.1859 81.2888 74.9451 74.8619 74.5242 74.5116 73.7307 72.4637 73.0057 72.9358 72.7960 70.7970 70.0358 68.7341 67.5405 66.2766 65.0528 63.7945 62.5602 61.3060 60.0743 58.8060 57.4940 56.2999 54.9173 53.5210
91.3515 92.7840 92.9904 93.0866 93.0890 93.1138 93.1020 93.1196 93.1078 93.1182 93.0386 92.8657 92.7157 92.4929 92.0826 91.5193 90.8296 89.9461 88.9339 87.7656 86.4712 85.3084 84.1121 83.0461 82.0281 75.8239 75.9702 76.0010 75.9648 75.5233 75.7150 74.8744 73.3276 74.3021 71.8169 71.3808 69.6868 68.7558 67.5053 66.2966 65.0425 63.8114 62.5589 61.3203 60.0704 58.8325 57.5627 56.2687 55.0422 53.6112
92.3220 93.8347 94.0192 94.2447 94.3358 94.3221 94.3577 94.3332 94.3594 94.2830 94.0916 93.9524 93.7520 93.3390 92.7719 92.0933 91.2001 90.1901 89.0243 87.6504 86.5551 85.2663 84.0990 82.9438 76.5371 76.7642 76.9213 77.0898 77.0747 77.0511 76.4173 76.8831 76.0216 72.6941 72.7724 70.7918 70.0340 68.6509 67.5064 66.2716 65.0540 63.8066 62.5713 61.3223 60.0812 58.8337 57.5911 56.3217 55.0380 53.6224
92.6611 94.0556 95.1934 95.2337 95.4948 95.5765 95.5385 95.5879 95.5170 95.2996 95.1735 94.9951 94.5828 94.0132 93.3587 92.4522 91.4469 90.2885 88.9105 87.8164 86.4664 85.4934 84.3831 83.3385 78.3202 77.5673 77.9226 78.0225 78.1524 78.0664 78.0676 77.1887 75.9457 74.5904 71.8433 71.3620 69.6804 68.7442 67.3645 66.2537 65.0340 63.8128 62.5697 61.3319 60.0851 58.8426 57.5962 56.3502 55.0818 53.6606
93.1847 94.5025 95.2433 96.5764 96.5675 96.6989 96.7851 96.7004 96.4566 96.3481 96.1930 95.8010 95.2357 94.6167 93.6933 92.7013 91.5548 90.1723 89.0574 87.9146 86.7267 85.5642 84.5009 83.4084 80.2242 79.4595 78.5274 79.0684 79.0333 79.1229 78.2475 77.0372 76.0360 74.7547 73.2274 70.8613 70.0265 68.5195 67.4668 66.0901 64.9994 63.7940 62.5722 61.3320 60.0930 58.8475 57.6043 56.3583 55.1097 53.6880
94.4219 95.9562 95.5804 97.4995 97.7636 97.8279 97.8222 97.4627 97.3945 97.2905 96.8832 96.3603 95.8242 94.9158 93.9428 92.8117 91.4929 90.2961 89.1543 87.9434 86.7584 85.6414 84.5130 83.1581 82.8055 81.1759 80.5470 79.3294 80.2048 79.3035 78.1017 77.1015 75.8842 74.8117 73.5103 71.9064 69.7929 68.7355 67.3284 66.1986 64.8809 63.7518 62.5532 61.3318 60.0940 58.8543 57.6098 56.3661 55.1200 53.6999
94.8062 96.2554 97.3421 98.0982 98.4471 98.5018 98.5489 98.2991 98.1572 97.7587 97.2080 96.8356 96.0450 95.1296 94.0306 92.8785 91.5846 90.4012 89.1685 87.9601 86.7777 85.6746 83.8903 83.8292 82.4037 81.8595 82.1788 81.4780 80.3861 79.1490 77.0658 76.8302 75.8720 73.6994 73.4570 72.2337 70.6111 69.1676 67.5288 66.1260 64.9436 63.6879 62.5111 61.3124 60.0917 58.8556 57.6158 56.3719 55.1279 53.7080
94.8510 96.2220 97.4241 98.2966 98.6328 98.7681 98.7834 98.6156 98.2880 97.7534 97.4546 96.8994 96.2063 95.2034 94.0892 92.8436 91.6428 90.3974 89.1810 87.9534 86.7817 85.6929 84.6736 84.0961 83.5383 83.0631 82.3793 81.4008 80.4106 79.2397 77.8790 75.7345 75.5213 74.5050 72.3356 72.1015 70.9411 69.3889 68.3647 66.3663 64.9213 63.7011 62.4600 61.2718 60.0718 58.8518 57.6170 56.3773 55.1339 53.7138
94.9485 96.3491 97.5141 98.1455 98.6328 98.7681 98.7834 98.6156 98.0515 97.8942 97.3707 96.9494 96.1765 95.2211 94.0786 92.8839 91.6268 90.4158 89.1696 87.9602 86.7769 85.6975 84.7763 84.0341 83.5729 83.0379 82.2616 81.4671 80.3502 79.2463 78.0256 76.5772 74.7195 74.2267 73.1379 70.9712 70.7469 69.6477 68.2600 67.0874 65.1861 63.7152 62.3379 61.2214 59.8563 58.8117 57.6097 56.3781 55.1388 53.7162
94.8942 96.3273 97.2331 98.0812 98.4471 98.5018 98.5489 98.2991 98.1307 97.5883 97.2886 96.7852 96.0748 95.1119 94.0412 92.8760 91.6553 90.3988 89.1666 87.9517 86.7807 85.6939 83.2163 83.1630 83.2983 82.8967 82.2433 81.3745 80.3776 79.1956 78.0337 76.7795 75.3020 73.6376 72.9436 71.7755 68.6338 69.2880 68.3525 66.9655 65.7976 63.9907 62.4925 61.1136 60.0013 58.6321 57.5576 56.3666 55.1387 53.6974
94.6121 96.0361 96.9704 97.4976 97.7636 97.8279 97.8222 97.7580 97.4247 97.2542 96.7560 96.4029 95.7933 94.9334 93.9322 92.8185 91.6404 90.4161 89.0383 87.9064 86.7473 85.6429 84.4476 82.3421 82.0736 82.3129 81.9567 81.1556 80.2302 79.1672 76.9251 76.6759 75.5084 74.0428 72.5081 71.6663 70.3122 68.1547 67.9567 67.0533 65.7453 64.4899 62.7796 61.2710 59.9075 58.7843 57.4546 56.1100 54.9335 53.5285
94.2383 95.7046 96.2715 96.5977 96.7587 96.7697 96.7931 96.7345 96.6928 96.3939 96.1557 95.7030 95.2542 94.5968 93.7035 92.6949 91.5759 90.3967 89.1625 87.7880 86.6812 85.5479 84.4860 81.0404 81.1712 80.9458 81.1588 80.7668 79.9418 79.0001 75.3698 74.5107 75.2043 74.2124 72.7914 71.3473 70.3794 68.9785 67.1262 66.6630 65.7636 64.5075 63.2008 61.5586 60.0513 58.6986 57.3209 56.1904 54.8640 53.4601
93.5542 95.0065 95.3601 95.5416 95.5731 95.5939 95.5673 95.6012 95.5715 95.4939 95.2267 94.9611 94.5051 94.0166 93.3447 92.4578 91.4450 90.3299 89.1529 87.9104 86.5897 85.4620 84.3511 83.0380 79.8128 79.9415 79.8358 79.8992 79.4959 78.6990 77.4626 74.4117 73.0703 72.8272 72.7982 71.5310 70.1604 69.0985 67.6850 66.0382 65.3929 64.4820 63.2589 61.9240 60.3315 58.8320 57.4600 56.0795 54.9300 53.5001
92.6563 94.1010 94.2877 94.3428 94.3610 94.3482 94.3745 94.3627 94.3791 94.3492 92.1691 93.7737 93.6969 93.2730 92.7655 90.9343 91.0740 90.1791 89.0819 87.9076 86.6652 85.3787 84.2401 83.1094 78.6992 78.6387 78.7016 78.3514 78.5872 78.2076 77.4071 76.0147 71.6118 71.5457 71.4015 71.4000 70.2634 68.9538 67.8246 66.4168 64.2599 64.0644 63.1988 62.0033 60.6551 59.1005 57.6092 56.2228 54.8676 53.4686
91.5974 93.0344 93.1004 93.1200 93.1143 93.1328 93.1291 93.1401 93.1250 93.1428 92.8766 90.8464 92.3441 92.4010 92.0204 91.3772 90.0967 89.7648 88.9104 87.8318 86.6618 85.4237 84.1593 83.0112 81.5101 77.4322 77.1907 77.3959 77.2113 77.2922 76.9160 76.0966 74.4302 70.1778 70.1446 70.0046 70.0166 68.9897 67.7321 65.3010 64.9502 63.2167 62.7730 61.9178 60.7434 59.3915 57.8668 56.3835 54.9897 53.5784
90.4291 91.8569 91.8795 91.8788 91.8925 91.8925 91.8996 91.8905 91.9027 91.8921 91.8748 91.4384 89.9837 90.9864 91.1004 90.7458 90.0635 88.7836 87.5193 87.5340 86.5680 85.4133 84.1827 82.9352 81.7363 79.9796 76.1198 76.0119 76.1208 75.9162 75.9965 75.6217 74.7571 72.8903 68.7837 68.7763 68.7691 68.6622 67.7127 66.3579 64.2816 63.5815 62.1090 61.5035 60.6404 59.4811 58.1314 56.6310 55.1559 53.7450
89.2154 90.6391 90.6423 90.6531 90.6552 90.6601 90.6547 90.6625 90.6563 90.6626 90.4933 90.5717 90.0787 89.0083 87.5785 89.5659 89.4377 88.7505 87.5390 86.2249 85.0149 83.5714 83.9691 82.9197 81.6999 80.4359 78.4983 74.8524 74.7196 74.8415 74.6223 74.7011 74.3222 73.3996 71.3872 67.5226 67.4459 67.5096 67.3271 66.4183 65.0325 63.1885 62.2730 60.9606 60.2467 59.3670 58.2177 56.8737 55.3937 53.9713
87.9842 89.4051 89.4142 89.4175 89.4212 89.4181 89.4229 89.4179 89.4078 89.2803 89.3081 89.1836 89.2614 88.7677 87.7218 86.2756 88.0829 88.1094 87.4435 86.2817 84.8433 83.1311 82.1403 80.5102 81.4130 80.4268 78.7655 77.0197 73.5735 73.4565 73.5624 73.3288 73.4055 73.0167 72.0315 69.9265 66.2483 66.1261 66.2348 66.0034 65.1171 63.7360 62.0483 61.0015 59.7861 58.9973 58.0975 56.9544 55.6176 54.1778
86.7540 88.1756 88.1795 88.1826 88.1809 88.1840 88.1811 88.1719 88.1779 88.1564 88.0583 88.0078 87.9614 87.9610 87.4607 86.4311 84.9331 86.6331 86.7698 86.1383 84.2489 83.4852 81.6487 80.8031 79.5457 79.9935 78.4115 75.8441 74.4041 72.2962 72.1775 72.2817 72.1209 72.1186 71.7062 70.6595 68.4967 65.3884 64.8122 64.9501 64.6866 63.8147 62.4563 61.0536 59.7719 58.5971 57.7524 56.8314 55.6915 54.2446
85.5201 86.9414 86.9441 86.9435 86.9454 86.9436 86.9354 86.9374 86.9228 86.9356 86.9094 86.8247 86.7708 86.7287 86.6675 86.1570 84.7692 83.5493 85.2031 85.4239 84.0315 82.7350 82.0957 80.5051 79.4453 78.4859 76.9219 75.6192 74.3601 73.1265 71.8848 71.0575 70.8643 70.7327 70.8177 70.3899 69.2873 67.1374 63.6802 63.5643 63.6659 63.3750 62.5138 61.2063 59.8279 58.5474 57.3977 56.5102 55.5684 54.1231
84.2841 85.7058 85.7058 85.7071 85.7059 85.6984 85.6978 85.6873 85.6918 85.6583 85.5280 85.6458 85.5874 85.3907 85.0222 85.3264 84.8088 83.4170 82.2008 83.8013 83.9862 82.5852 81.2966 80.7283 79.3122 78.1227 76.8513 75.5941 74.3664 73.1175 71.9168 70.7068 69.5725 69.5534 69.4303 69.5147 69.0686 67.9221 65.7381 62.7996 62.3910 62.3911 62.0688 61.2180 59.5193 58.1059 56.8061 56.1327 55.2631 53.8245
83.0423 84.4661 84.4530 84.3265 84.4530 84.4589 84.4507 84.4504 84.4271 84.4471 84.4087 84.2664 84.3854 84.3313 84.0079 83.6755 83.9838 83.4609 82.0691 80.8533 82.3738 82.5487 81.1478 79.8602 79.3728 78.0872 76.8265 75.6071 74.3466 73.1562 71.9321 70.8106 69.6694 68.5553 66.7435 62.8855 62.7453 62.8487 62.5868 63.9549 61.7847 60.8504 60.6814 60.7184 59.3262 58.0525 56.6860 55.4079 54.8547 53.3942
81.7798 83.2051 83.1141 83.1895 83.2195 83.2134 83.2103 83.1934 83.2035 83.1785 83.2014 83.1582 83.0071 83.1256 83.0607 82.6644 82.3286 82.6402 82.1134 80.7216 79.5062 80.9465 81.1123 79.7120 78.6906 78.0562 76.8493 75.5664 74.3944 73.1477 72.0459 70.8907 69.8506 68.2719 64.1595 64.2362 64.1270 63.9093 62.9782 61.6700 62.3554 60.6450 59.4583 59.3193 59.3059 57.9096 56.6564 55.2945 54.0233 52.6818
80.4861 81.8942 81.9460 81.9775 81.9757 81.9711 81.9583 81.9635 81.9575 81.9550 81.9112 81.7962 81.8581 81.7426 81.8641 81.7828 81.3200 80.9819 81.2958 80.7663 79.3745 78.1593 79.5531 79.6815 78.4984 77.5049 76.7768 75.6273 74.3439 73.2755 72.0880 71.1024 69.8696 65.3951 65.4999 65.3670 65.2422 64.2745 62.8818 61.7798 60.4710 59.3007 58.0958 58.0707 58.0786 57.9122 56.5172 55.2752 53.8931 52.5073
79.2798 80.7053 80.7358 80.7373 80.7325 80.7222 80.7244 80.7200 80.7176 80.7191 80.7124 80.6028 80.5279 80.5962 80.4808 80.6007 79.8080 79.9751 79.6353 79.9509 79.4194 78.0281 76.7555 78.1555 78.2843 77.2808 75.6196 75.4937 74.4818 73.2393 72.3122 71.1243 69.4996 66.7672 66.5859 66.5917 65.5809 64.0727 63.0508 61.6871 60.5501 59.2885 58.0483 56.8249 56.7079 56.8071 56.5324 55.1384 54.0057 52.5656
78.0404 79.4944 79.4986 79.4941 79.4856 79.4857 79.4824 79.4801 79.4816 79.4800 79.4803 79.3041 79.3403 79.2666 79.3385 79.2671 79.2629 78.4651 78.6602 78.5593 78.6359 78.0761 76.1491 74.7163 73.4248 76.5557 74.3160 74.2412 74.3019 73.4428 72.3622 70.5076 70.2756 68.2097 67.9640 66.8545 65.5505 64.3435 62.8895 61.8068 60.5216 59.2987 57.9601 56.7676 55.5334 55.3500 55.5136 55.1624 53.9150 52.4819
76.5705 77.9279 78.2558 78.2486 78.2474 78.2446 78.2426 78.2434 78.2424 78.2433 78.2423 78.0916 78.0433 78.0851 78.0348 78.0082 77.8720 77.9181 77.3384 77.3724 77.2470 77.3181 75.9300 74.6580 73.3182 72.1884 74.7893 73.2398 73.2521 73.3147 72.5343 71.4814 70.5026 69.3018 68.1160 66.7670 65.6027 64.2216 63.0758 61.7475 60.5569 59.1743 58.0227 56.6939 55.5236 54.4129 54.1643 54.2237 53.8179 52.3046
75.5367 76.9802 77.0113 77.0093 77.0068 77.0049 77.0053 77.0047 77.0052 77.0045 77.0052 76.9875 76.8370 76.7984 76.7602 76.6535 76.6709 76.6434 76.6109 76.0283 76.0540 75.9187 75.9072 74.5158 73.4096 72.1504 71.4901 72.2789 72.4271 72.3554 72.3719 71.5781 70.4449 69.3259 68.1016 66.8734 65.5527 64.3437 62.9613 61.8242 60.4435 59.2900 57.9071 56.7735 55.5084 54.1940 53.2616 52.9707 52.9384 51.4805
74.3437 75.7696 75.7713 75.7690 75.7672 75.7672 75.7669 75.7672 75.7668 75.7511 75.6243 75.7492 75.7326 75.5161 75.4289 75.4279 75.4056 75.3795 75.3988 74.7993 74.6928 74.6527 74.5098 74.4984 73.3002 72.1862 71.0564 71.3632 71.4492 71.5122 71.3880 71.3526 70.4881 69.3002 68.1158 66.8758 65.6298 64.3273 63.0877 61.7489 60.5831 59.2308 58.0291 56.7560 55.4144 54.2382 52.9954 52.1002 51.7704 50.3909
73.1134 74.5329 74.5311 74.5295 74.5293 74.5290 74.5288 74.5261 74.5035 74.4113 74.4810 74.3667 74.4932 74.2004 74.1875 74.1670 74.1396 74.0977 73.6175 73.4614 73.4064 73.3008 73.3865 73.2868 73.1382 72.0871 71.0243 70.1010 70.5085 70.4672 70.3627 70.3315 70.1544 69.2659 68.0814 66.8832 65.6412 64.3865 63.0958 61.8393 60.5292 59.3263 58.0076 56.6261 55.4918 54.1921 52.9946 51.7959 50.9301 49.5764
71.8890 73.2932 73.2917 73.2913 73.2910 73.2902 73.2844 73.2520 73.1220 73.2391 73.1003 73.2142 73.1526 73.2108 72.9275 72.8949 72.8147 72.4172 72.2344 72.1650 72.0823 72.1300 72.0691 72.1297 72.0473 71.8156 70.8676 69.8791 69.1356 69.4123 69.2762 69.2508 69.1663 68.8738 68.0069 66.8457 65.6419 64.4014 63.1443 61.8613 60.5957 59.3027 57.9181 56.7435 55.4130 54.2381 52.9639 51.7576 50.5955 49.2148
70.7763 72.0539 72.0534 72.0529 72.0512 72.0421 72.0015 71.8701 71.9832 71.8283 71.7191 71.8590 71.9561 71.7168 71.6480 71.5440 71.2049 71.0092 70.9269 70.8566 70.8706 70.7487 70.8750 70.8035 70.6694 70.7770 70.5105 69.6467 68.7183 68.0960 68.2252 68.1041 68.0428 67.9253 67.5771 66.7326 65.5994 64.3988 63.1610 61.9031 60.6249 59.3548 58.0541 56.7025 55.4905 54.1908 52.9907 51.7325 50.5253 49.1200
70.6482 70.6352 70.6332 70.6323 70.6295 70.6172 70.5731 70.4733 70.5361 70.4133 70.3267 70.4329 70.4990 70.3109 70.2225 70.0984 69.7996 69.6039 69.5107 69.4450 69.4388 69.3527 69.4345 69.3765 69.2719 69.3133 69.0246 68.2287 67.3636 66.7988 66.8229 66.7100 66.6258 66.4790 66.0971 65.2726 64.1667 62.9729 61.7379 60.4807 59.2053 57.9312 56.6299 55.2972 54.0638 52.7814 51.5682 50.3342 49.2458 49.1221
