#Value Function.
74.7396 75.0175 75.6065 76.0332 76.4679 76.8391 77.0251 77.2190 77.3219 77.3079 77.5259 77.7486 77.8550 77.8920 77.8778 77.8344 77.8032 77.7743 77.7604 77.6845 77.4775 77.1024 76.9153 76.6087 76.0624 75.3452 74.6067 73.7117 72.1583 70.5946 70.0382 69.9242 69.8681 69.8388 69.8220 69.7862 69.6380 69.2308 68.5729 67.8761 66.8267 64.4231 56.6935 55.0314 54.8226 54.7879 54.7638 54.6651 54.5876 54.4467
72.5920 76.5613 76.8154 77.1935 77.6180 77.9515 78.1255 78.3492 78.4688 78.4467 78.7399 78.9585 79.0369 79.0558 79.0307 78.9748 78.9544 78.9249 78.9188 78.8298 78.5925 78.1791 78.0431 77.7013 77.0987 76.3446 75.6013 74.6676 72.9536 71.4041 71.0980 71.0683 71.0178 70.9981 70.9834 70.9426 70.7669 70.2978 69.5837 68.8831 67.7459 65.0131 55.9860 55.9774 55.9579 55.9468 55.9228 55.8054 55.7352 54.6910
73.2037 77.4239 77.6842 77.8608 78.2122 78.6387 78.9084 79.1303 79.3826 79.5858 79.5103 79.9094 80.1106 80.1654 80.1709 80.1424 80.0607 80.0707 79.9923 79.7792 79.2665 79.2204 78.8893 78.2661 77.4765 76.7556 75.8997 74.3102 73.8407 72.2013 72.2156 72.1539 72.1426 72.1303 72.1075 71.9590 71.4879 70.7138 70.0680 69.0790 66.6515 60.5099 57.1312 57.1180 57.1120 57.0885 57.0817 56.9391 56.5047 55.4002
73.9231 78.1594 78.5173 78.7234 78.7943 79.1039 79.4682 79.8334 80.1204 80.4546 80.7383 80.5488 81.1062 81.2407 81.2477 81.2550 81.1966 81.1271 80.9883 80.3131 80.4116 80.0819 79.4379 78.5971 77.9118 77.0471 76.0949 75.1632 73.4414 73.3588 73.3093 73.2952 73.2723 73.2637 73.1512 72.6886 71.8227 71.2509 70.3334 68.5796 60.8723 59.4009 58.2524 58.2693 58.2486 58.2480 58.1273 57.7174 56.8330 55.7284
74.5188 78.7520 79.2160 79.5121 79.5284 79.4492 79.7122 80.2356 80.7159 81.1557 81.5803 81.9087 82.0490 82.1974 82.3183 82.2607 82.2560 82.2208 81.2849 81.6259 81.2755 80.6184 79.6959 79.0774 78.1899 77.2168 76.2659 75.4014 74.6755 74.5316 74.4516 74.4051 74.4067 74.3339 73.9101 72.8966 72.4347 71.5711 70.0029 66.3213 60.4679 59.4185 59.4343 59.3736 59.4122 59.3117 58.9499 57.9619 57.1405 56.1160
75.1382 79.3817 79.7722 80.1415 80.2282 80.0128 79.8746 80.2580 81.0631 81.7176 82.2553 82.7228 83.0326 83.0882 83.1963 83.3043 83.2673 83.1311 82.8689 82.4554 81.8139 80.7631 80.2598 79.3340 78.3286 77.3600 76.4899 75.6678 75.6237 75.6269 75.6151 75.5160 75.4910 75.1549 73.9085 73.6308 72.7840 71.4152 67.9849 60.6561 60.6331 60.6159 60.5363 60.5822 60.4862 60.2111 59.0881 58.1727 58.0515 56.9626
75.6986 79.9674 80.3595 80.5777 80.7672 80.7152 80.4745 80.3457 81.0373 82.1265 82.8384 83.3954 83.8516 84.1097 84.2429 84.2307 84.1437 83.9557 83.5904 83.0388 81.7802 81.4710 80.4769 79.4376 78.4520 77.5774 76.6736 76.9656 76.6827 76.6870 76.5699 76.6139 76.3899 75.1790 74.8444 73.9594 72.7933 69.7813 61.8340 61.8070 61.7884 61.7640 61.7555 61.6458 61.4733 60.4368 59.1470 59.3030 58.5021 57.3681
76.4634 80.7640 80.9697 81.2887 81.2671 81.3048 81.2599 81.0698 80.9969 82.3199 83.2682 83.9946 84.4936 84.8900 85.0498 85.0567 84.9266 84.6717 84.2332 83.0528 82.7279 81.6109 80.5521 79.5558 78.5850 78.1991 78.1528 77.6096 77.6983 77.6995 77.6755 77.5193 76.7983 76.0377 75.1009 73.9926 71.7674 63.0104 62.9764 62.9611 62.9346 62.9222 62.7969 62.6645 62.2025 61.4352 60.6215 59.6807 58.6252 57.4761
77.5916 82.0097 81.6985 81.9577 82.1510 81.9526 82.0551 81.9952 82.0040 82.1573 83.5497 84.4518 85.1062 85.4224 85.7342 85.7077 85.5962 85.3110 84.3533 83.9707 82.8661 81.6587 80.6819 79.5910 79.1901 79.3328 78.3018 78.5051 78.6013 78.6457 78.5660 77.7771 77.1076 76.1975 75.0601 74.0293 64.1935 64.1631 64.1284 64.1003 64.0931 63.9366 63.8623 63.4009 62.5801 61.7808 60.8373 59.7739 58.6385 57.4868
78.7281 83.2200 83.1008 82.6203 82.9977 83.1151 82.8129 83.0255 83.2474 83.4568 83.6746 84.7371 85.5415 86.0157 86.1476 86.1885 86.0432 85.7907 85.1393 84.1061 82.9280 81.8215 80.7121 80.1821 80.3907 80.5145 79.2432 79.2669 79.4723 79.3882 78.7384 78.0772 77.2405 76.1793 68.6037 65.4009 65.3284 65.2924 65.2829 65.2532 65.1723 65.0689 64.6115 63.7114 62.9431 61.9948 60.9233 59.7755 58.6313 57.4855
79.8055 84.3525 84.3370 84.2216 83.5371 84.1430 84.1985 83.7570 84.1544 84.3552 84.5643 84.6441 85.8326 86.3397 86.5076 86.5122 86.4359 86.0497 85.1554 84.1371 82.9345 81.8254 81.1543 81.4838 81.6546 81.1880 79.9895 80.2664 80.0894 79.5500 78.8077 78.1311 77.2307 68.6425 67.1333 66.5591 66.4690 66.4269 66.4083 66.3156 66.2658 65.8413 64.8203 64.1123 63.1529 62.0713 60.9233 59.8080 58.6676 57.5206
80.8820 85.4759 85.4736 85.4602 85.3688 84.4063 85.4277 85.3207 84.7229 85.3644 85.4522 85.6525 86.3438 86.5887 86.8618 86.8240 86.7375 85.9900 85.0997 84.0046 82.9052 82.0723 82.5856 82.8071 82.3418 80.8776 81.1695 80.8135 80.2090 79.4880 78.8825 78.0474 68.2669 67.9736 67.7576 67.6352 67.6480 67.5597 67.4830 67.4608 67.1060 65.8925 65.2951 64.3111 63.2178 62.0695 60.9557 59.8186 58.6958 57.5475
81.9659 86.6073 86.6068 86.6004 86.5885 86.5777 86.5675 86.5577 86.4872 85.6210 86.6503 86.6872 86.7671 87.1539 87.2005 87.2637 87.0043 85.9479 85.0670 83.9926 82.9256 83.7382 83.9906 83.5453 81.9145 82.2507 81.7373 80.9702 80.0518 79.4080 78.3115 69.5536 69.3858 69.1222 68.9403 68.7808 68.6958 68.5822 68.6342 68.4302 66.9025 66.5043 65.4670 64.3622 63.2140 62.1016 60.9924 59.8495 58.7128 57.5680
83.0502 87.7368 87.7422 87.7394 87.7315 87.7186 87.7080 87.6973 87.6939 87.6941 87.7194 87.7427 87.8157 87.8337 87.9316 87.8221 87.2650 86.1177 85.0831 84.0039 84.9338 85.1587 84.7945 82.8506 83.3208 82.7198 81.8580 81.0283 80.0851 79.1973 70.7867 70.6118 70.4039 70.3326 70.1117 69.9945 69.8522 69.8062 69.6710 68.8309 67.7633 66.6149 65.5046 64.3581 63.2460 62.1317 61.0000 59.8820 58.7572 57.6079
84.1322 88.8627 88.8721 88.8774 88.8732 88.8650 88.8507 88.8408 88.8284 88.8244 88.8144 88.8308 88.7949 88.8477 88.7735 88.2470 87.0385 86.1596 85.0603 86.1679 86.3446 85.8866 85.1790 84.3978 83.5895 82.7875 81.9629 81.0503 80.1084 71.8829 71.8446 71.6985 71.5796 71.3840 71.3922 71.1534 71.0988 70.9334 70.0050 68.9159 67.7428 66.6436 65.5129 64.4019 63.2713 62.1329 61.0191 59.8928 58.7688 57.6171
85.2173 89.9962 89.9959 90.0076 90.0126 90.0068 89.9986 89.9824 89.9740 89.9578 89.9551 89.9269 89.9498 89.8700 89.4125 88.0170 87.1094 85.9878 87.4602 87.5738 87.0136 86.2093 85.3114 84.4089 83.5883 82.7961 81.9569 81.0515 73.9324 72.9900 72.8353 72.8551 72.7055 72.6092 72.4174 72.5159 72.2073 71.1658 70.0618 68.9085 67.7962 66.6445 65.5409 64.4093 63.2635 62.1574 61.0275 59.9080 58.7615 57.6152
86.2711 91.0978 91.1376 91.1267 91.1443 91.1476 91.1400 91.1325 91.1134 91.1084 91.0861 91.0889 91.0345 90.7038 89.0230 88.1980 86.9797 88.8367 88.8250 88.1776 87.3108 86.3296 85.3053 84.3874 83.5721 82.7646 81.9012 75.6593 75.4720 74.8868 73.8204 73.8711 73.9089 73.7411 73.6927 73.4673 72.3043 71.1984 70.0640 68.9472 67.8055 66.6825 65.5423 64.4277 63.2982 62.1603 61.0488 59.9200 58.7955 57.6440
87.2565 92.1268 92.2510 92.2774 92.2548 92.2831 92.2820 92.2728 92.2671 92.2433 92.2444 92.1852 92.0642 90.2342 89.4307 88.0340 90.3204 90.0780 89.3485 88.4486 87.4265 86.2989 85.3078 84.3406 83.4700 82.6506 76.9192 76.8563 76.5580 76.4925 75.8896 74.6121 74.9697 74.9948 74.7983 73.2252 72.3311 71.2026 70.0871 68.9579 67.8349 66.6993 65.5717 64.4370 63.3165 62.1879 61.0550 59.9370 58.7904 57.6442
88.1541 93.0617 93.2918 93.4029 93.4157 93.4261 93.4151 93.4171 93.4050 93.4011 93.3424 93.2155 93.0515 92.8207 92.4474 91.9400 91.3063 90.5141 89.6014 88.5747 87.3829 86.3282 85.2467 84.2652 83.3408 77.6602 77.8098 77.8941 77.8509 77.4561 77.5555 76.8810 75.3266 76.1930 74.1998 73.5235 72.2100 71.1959 70.0910 68.9755 67.8492 66.7241 65.5916 64.4621 63.3302 62.2063 61.0783 59.9481 58.8242 57.6756
88.9711 93.9615 94.2227 94.4589 94.5530 94.5476 94.5640 94.5438 94.5508 94.4950 94.3612 94.1988 93.9863 93.6116 93.1016 92.4735 91.6726 90.7570 89.7244 88.5812 87.5188 86.3208 85.2445 84.1962 78.4929 78.5147 78.6807 78.8410 78.8874 78.8213 78.2575 78.5984 77.8591 75.0278 74.7593 73.2711 72.3432 71.1890 70.0855 68.9790 67.8634 66.7395 65.6138 64.4831 63.3531 62.2225 61.0967 59.9689 58.8400 57.6919
89.2685 94.1992 95.2682 95.3499 95.6265 95.6906 95.6639 95.6887 95.6366 95.4928 95.3304 95.1372 94.7640 94.2528 93.6418 92.8298 91.9135 90.8780 89.7324 88.6562 87.5335 86.5403 85.5258 84.5801 80.1996 79.4013 79.5681 79.7081 79.8121 79.8081 79.7126 78.9475 77.8234 76.5922 74.3700 73.5362 72.2450 71.2100 70.0609 68.9704 67.8655 66.7513 65.6292 64.5038 63.3743 62.2443 61.1144 59.9875 58.8598 57.7115
89.7684 94.6815 95.3597 96.6069 96.6743 96.7275 96.7988 96.7285 96.5809 96.4163 96.2460 95.8926 95.3865 94.8036 93.9768 93.0687 92.0325 90.8810 89.7860 88.7333 87.6601 86.6074 85.6453 84.6791 81.8926 81.1884 80.2400 80.6240 80.6477 80.6880 79.9356 78.8202 77.9001 76.7601 75.4158 73.5280 72.4108 71.1818 70.0901 68.9448 67.8544 66.7516 65.6390 64.5186 63.3937 62.2652 61.1355 60.0060 58.8785 57.7302
90.7936 95.8749 95.7047 97.4327 97.7068 97.7686 97.7600 97.5346 97.3782 97.2631 96.8944 96.4283 95.9184 95.1063 94.2113 93.1904 91.9982 90.9116 89.8694 88.7773 87.7021 86.6926 85.6788 84.6021 84.1457 82.6550 82.1419 80.9177 81.7009 80.9238 79.8077 78.8910 77.7916 76.7943 75.6478 74.2779 72.5830 71.3264 70.1053 68.9791 67.8434 66.7418 65.6382 64.5266 63.4076 62.2836 61.1559 60.0267 58.8974 57.7494
91.0355 96.0728 97.1973 97.9751 98.3307 98.3884 98.4307 98.2035 98.0693 97.7045 97.2105 96.8501 96.1492 95.3019 94.3118 93.2605 92.0963 91.0144 89.9029 88.8039 87.7357 86.7340 85.2866 85.0863 83.8293 83.3164 83.5542 82.9325 81.9363 80.7891 78.7909 78.5509 77.7412 75.6947 75.4573 74.4744 73.1472 72.0162 70.3523 69.0462 67.8796 66.8325 65.6510 64.5297 63.4152 62.2966 61.1734 60.0465 58.9177 57.7695
90.9898 95.9525 97.2682 98.1480 98.4969 98.6340 98.6474 98.4961 98.1927 97.7088 97.4163 96.9369 96.2883 95.3913 94.3713 93.2513 92.1526 91.0319 89.9234 88.8151 87.7494 86.7634 85.8577 85.3218 84.8337 84.3900 83.7727 82.8629 81.9657 80.9072 79.6511 77.4787 77.2624 76.4363 74.3471 74.1287 73.2679 72.0612 70.9045 69.3376 67.9913 66.7996 65.7772 64.5657 63.4259 62.3055 61.1860 60.0631 58.9369 57.7883
91.1602 96.1750 97.3693 97.9895 98.4987 98.6311 98.6485 98.4981 97.9730 97.8166 97.3724 96.9649 96.2865 95.4073 94.3813 93.2925 92.1615 91.0551 89.9320 88.8299 87.7600 86.7782 85.9447 85.2907 84.8540 84.3842 83.6412 82.9345 81.9278 80.9178 79.8152 78.4753 76.6933 76.0689 75.1427 73.0162 72.8087 72.0492 70.8257 69.6357 68.2639 66.9295 65.8062 64.7219 63.5769 62.3461 61.2021 60.0770 58.9533 57.8056
91.1164 96.1539 97.1044 97.9405 98.2975 98.3574 98.4041 98.1859 98.0267 97.5597 97.2524 96.8268 96.1689 95.3137 94.3391 93.2948 92.1907 91.0605 89.9425 88.8396 87.7733 86.7891 84.4896 84.4507 84.5361 84.2084 83.6429 82.8482 81.9471 80.8907 79.8280 78.6942 77.3445 75.7825 74.9209 73.8716 71.0141 71.3532 70.7762 69.5503 68.3790 67.1524 65.8648 64.7368 63.6452 62.4978 61.2638 60.1026 58.9699 57.8458
90.8466 95.8755 96.8203 97.3329 97.5964 97.6598 97.6669 97.6106 97.3316 97.1648 96.7578 96.4084 95.8833 95.1127 94.2283 93.2291 92.1765 91.0766 89.9281 88.8264 87.7585 86.7514 85.6594 83.5835 83.3618 83.5275 83.2803 82.6163 81.7929 80.8430 78.7314 78.4851 77.5163 76.2226 74.7952 73.7913 72.5480 70.2542 70.0664 69.5000 68.4216 67.2640 66.0454 64.7904 63.6394 62.5582 61.4115 60.2756 59.1657 58.0159
90.4497 95.4942 96.0867 96.4034 96.5602 96.5829 96.6084 96.5677 96.5366 96.3084 96.0867 95.7258 95.3042 94.7398 93.9644 93.0843 92.0958 91.0493 89.9574 88.8119 87.7325 86.6813 85.7055 82.3450 82.3927 82.2306 82.3597 82.1017 81.4565 80.6462 77.1757 76.5349 76.9735 76.2698 75.0868 73.7594 72.6585 71.3278 69.4768 68.8900 68.2618 67.2710 66.1423 64.9388 63.7066 62.5460 61.4059 60.3048 59.1738 58.0254
89.7410 94.7490 95.1370 95.3097 95.3517 95.3750 95.3668 95.3973 95.3879 95.3318 95.1413 94.9106 94.5485 94.1097 93.5424 92.7948 91.9260 90.9555 89.9212 88.8367 87.7196 86.6408 85.6045 84.3681 81.1039 81.1204 81.0770 81.0980 80.8440 80.2586 79.1900 76.5509 75.1138 74.9293 74.8633 73.9035 72.6802 71.5273 70.1764 68.5744 67.7654 67.0577 66.1121 65.0143 63.8303 62.6164 61.4467 60.3070 59.1919 58.0429
88.8273 93.7945 94.0226 94.0858 94.1081 94.1121 94.1374 94.1426 94.1582 94.1489 92.0807 93.4903 93.5964 93.3199 92.8964 91.1177 91.3514 90.7075 89.7998 88.7881 87.7165 86.6169 85.5429 84.4815 79.9271 79.8834 79.8794 79.6498 79.7782 79.5654 79.0046 77.8676 73.7277 73.6255 73.5108 73.4792 72.6888 71.5662 70.3976 69.0575 66.6869 66.4684 65.8388 64.9439 63.8799 62.7182 61.5205 60.3481 59.2042 58.0597
87.7627 92.6818 92.8073 92.8329 92.8421 92.8621 92.8724 92.8856 92.8879 92.9046 92.6698 90.7393 91.9322 92.2245 92.0522 91.5294 90.2961 90.0665 89.4817 88.6316 87.6488 86.5942 85.5071 84.4351 82.9795 78.6525 78.4894 78.5713 78.4443 78.4830 78.2840 77.7361 76.3883 72.3071 72.2372 72.1293 72.1147 71.4533 70.4244 67.9588 67.5695 65.8651 65.2820 64.6326 63.7713 62.7398 61.6020 60.4199 59.2487 58.1070
86.6063 91.4732 91.5575 91.5707 91.5879 91.5996 91.6111 91.6168 91.6307 91.6350 91.6208 91.2430 89.9958 90.5635 90.8627 90.7521 90.2379 88.9944 87.8088 88.0413 87.4083 86.4924 85.4649 84.3923 83.2771 81.5723 77.3427 77.2517 77.2878 77.1492 77.1883 77.0012 76.4408 74.9551 70.9314 70.8894 70.8754 70.7884 70.2088 69.1150 67.1765 66.3076 64.9080 64.1425 63.4444 62.5990 61.5954 60.4814 59.3152 58.1697
85.4118 90.2272 90.2978 90.3141 90.3264 90.3372 90.3447 90.3563 90.3628 90.3730 90.2785 90.3042 89.9153 89.0558 87.5991 89.1643 89.3676 88.9253 87.8601 86.5360 85.4554 83.8920 84.8332 84.2226 83.2443 82.0922 80.2226 76.0513 75.9557 76.0002 75.8555 75.8951 75.7147 75.1319 73.5549 69.6559 69.5807 69.6017 69.4825 68.9439 67.8743 66.2421 65.1500 63.8875 63.0231 62.2728 61.4300 60.4485 59.3570 58.1974
84.2052 88.9700 89.0401 89.0531 89.0637 89.0720 89.0820 89.0874 89.0840 89.0191 89.0152 88.9570 88.9853 88.6331 87.8153 86.3272 87.5926 87.9510 87.6105 86.6715 85.0688 83.2023 82.3494 80.6741 82.3658 81.9402 79.8011 78.6776 74.7404 74.6608 74.7105 74.5628 74.6029 74.4245 73.8168 72.1870 68.3732 68.2824 68.3191 68.1862 67.6750 66.6619 65.2230 64.0375 62.8362 61.9124 61.1145 60.2657 59.3004 58.1217
82.9971 87.7123 87.7791 87.7902 87.7990 87.8083 87.8158 87.8137 87.8275 87.8209 87.7754 87.7084 87.7061 87.6852 87.3516 86.5624 84.9894 86.0884 86.5271 86.2864 84.1116 83.6677 81.6415 81.0232 79.9523 80.8142 79.3988 76.4566 75.0159 73.4469 73.3706 73.4202 73.3359 73.3248 73.1342 72.5011 70.8398 67.9052 66.9901 67.0329 66.8952 66.4077 65.4595 64.2769 62.9675 61.7742 60.8068 59.9668 59.1069 57.9164
81.7865 86.4519 86.5162 86.5259 86.5349 86.5426 86.5423 86.5517 86.5515 86.5668 86.5606 86.5211 86.4672 86.4518 86.3969 86.0719 84.8118 83.5854 84.6147 85.1037 83.7872 82.5024 82.2040 80.7062 79.6460 78.9969 77.3021 76.1173 74.8766 73.7494 72.5601 72.2160 72.0471 71.9833 72.0294 71.8398 71.1864 69.5983 65.7982 65.6963 65.7445 65.6073 65.1432 64.2725 63.1425 61.8846 60.7028 59.7037 58.8274 57.6335
80.5738 85.1895 85.2520 85.2613 85.2694 85.2700 85.2771 85.2796 85.2882 85.2762 85.2214 85.2826 85.2631 85.0904 84.8865 85.0502 84.7250 83.4649 82.2386 83.5701 83.6407 82.3261 81.0431 80.8007 79.6210 78.3353 77.2667 75.9877 74.8988 73.6824 72.5754 71.4072 70.3379 70.7471 70.6867 70.7338 70.5428 69.8836 68.2464 65.3250 64.6357 64.5050 64.3325 63.8853 61.9755 60.5955 59.3140 59.3066 58.5338 57.2950
79.3568 83.9236 83.9745 83.9227 83.9888 84.0031 84.0067 84.0123 84.0081 84.0260 84.0156 83.9449 84.0073 83.9881 83.7178 83.5402 83.7036 83.3782 82.1181 80.8918 82.1239 82.1816 80.8682 79.5856 79.4214 78.4480 77.0813 76.0610 74.7931 73.7246 72.5218 71.4795 70.3714 69.2998 67.5405 64.1082 64.0785 64.0385 63.6926 65.9560 64.3964 63.0923 62.9914 63.0084 61.7104 60.4467 59.1724 57.9191 57.9360 56.5972
78.1265 82.6422 82.6641 82.7013 82.7283 82.7334 82.7377 82.7375 82.7492 82.7472 82.7643 82.7530 82.6708 82.7322 82.7021 82.3720 82.1941 82.3571 82.0314 80.7712 79.5449 80.6765 80.7251 79.4056 78.5427 78.1404 77.2477 75.8788 74.8850 73.6181 72.6250 71.4835 70.5075 68.9606 65.2888 65.3143 65.2288 64.9142 64.0652 62.9223 64.1443 63.2095 61.7202 61.6428 61.5835 60.3021 59.0549 57.7909 56.5593 55.4034
76.8887 81.3491 81.4268 81.4521 81.4597 81.4638 81.4658 81.4751 81.4818 81.4848 81.4698 81.4155 81.4391 81.3915 81.4550 81.4113 81.0254 80.8426 81.0094 80.6845 79.4242 78.1983 79.1643 79.2566 78.2934 77.4632 76.9239 76.0645 74.6782 73.7784 72.5631 71.6709 70.4611 66.4553 66.4783 66.4028 66.1468 65.2613 64.0384 63.0223 61.8708 60.8105 60.3905 60.3344 60.3692 60.1930 58.9210 57.6831 56.5212 55.3723
75.6839 80.1026 80.1759 80.1857 80.1901 80.1935 80.2014 80.2081 80.2130 80.2237 80.2264 80.1573 80.1314 80.1615 80.1140 80.1762 79.6160 79.6775 79.4955 79.6620 79.3374 78.0810 76.7632 77.6747 77.8284 77.1293 75.7627 75.6595 74.9368 73.5798 72.8093 71.5913 70.2112 67.6356 67.5640 67.3945 66.4693 65.1301 64.1872 62.9883 61.9537 60.8486 59.7207 59.0899 58.9758 59.0643 58.8218 57.5552 56.5388 55.3723
74.4370 78.8446 78.9050 78.9166 78.9208 78.9279 78.9347 78.9406 78.9505 78.9571 78.9661 78.8656 78.8783 78.8548 78.8894 78.8720 78.8473 78.2735 78.3589 78.3131 78.3500 77.9983 76.0154 74.6282 73.3571 75.8313 74.4435 74.4417 74.4760 73.8968 72.6987 71.1456 70.7360 69.1013 68.6657 67.6420 66.4817 65.3777 64.0909 63.1027 61.9884 60.8581 59.7186 58.6025 57.7722 57.6239 57.7419 57.4617 56.4347 55.2394
72.7810 76.9852 77.6411 77.6479 77.6546 77.6613 77.6679 77.6769 77.6843 77.6934 77.7008 77.6015 77.5898 77.6076 77.5942 77.5632 77.4975 77.5071 77.0539 77.0632 77.0037 77.0355 75.7380 74.4765 73.2347 72.2094 73.9802 73.3891 73.4561 73.4991 72.9838 71.8232 71.0155 69.8924 68.7991 67.6015 66.5197 65.3721 64.2626 63.1268 61.9963 60.8494 59.7411 58.6061 57.4961 56.7099 56.4548 56.4481 56.1427 54.8555
71.9571 76.2456 76.3739 76.3813 76.3881 76.3950 76.4035 76.4113 76.4200 76.4278 76.4365 76.4322 76.3298 76.3169 76.2835 76.2337 76.2336 76.2412 76.1985 75.7445 75.7414 75.6692 75.6117 74.3202 73.3325 72.1970 71.5202 72.4536 72.5905 72.5683 72.5714 72.0297 70.9355 69.9046 68.8121 67.6895 66.5155 65.4041 64.2579 63.1514 62.0042 60.8828 59.7369 58.6333 57.5146 56.3822 55.6246 55.2897 55.1791 53.8818
70.8230 75.0433 75.1074 75.1148 75.1220 75.1302 75.1382 75.1467 75.1548 75.1502 75.0977 75.1626 75.1622 75.0079 74.9662 74.9601 74.9613 74.9380 74.9706 74.4555 74.3928 74.3294 74.2486 74.1911 73.2037 72.2172 71.2064 71.5168 71.6302 71.6883 71.6182 71.5709 70.9673 69.9076 68.8224 67.7103 66.5788 65.4185 64.2921 63.1546 62.0437 60.9003 59.7715 58.6533 57.5152 56.3997 55.3145 54.5341 54.1288 52.8826
69.6219 73.7854 73.8411 73.8489 73.8570 73.8650 73.8728 73.8781 73.8702 73.8380 73.8692 73.8225 73.8889 73.6985 73.6883 73.6821 73.6577 73.6111 73.2341 73.1154 73.0534 72.9980 73.0491 73.0016 72.8474 72.0564 71.1503 70.3439 70.6644 70.6550 70.5568 70.5441 70.3978 69.7827 68.7878 67.7122 66.6003 65.4673 64.3161 63.1831 62.0496 60.9302 59.7936 58.6463 57.5376 56.4084 55.2933 54.2359 53.4382 52.2478
68.4316 72.5232 72.5755 72.5837 72.5915 72.5983 72.6004 72.5859 72.5312 72.5932 72.5303 72.5905 72.5794 72.6004 72.4024 72.3688 72.2813 71.9870 71.8456 71.7800 71.7380 71.7630 71.7421 71.7783 71.7411 71.5503 70.8860 70.0841 69.4389 69.5594 69.4560 69.4342 69.3707 69.1484 68.5639 67.6381 66.5862 65.4837 64.3552 63.2108 62.0754 60.9430 59.7979 58.6793 57.5425 56.4255 55.3004 54.1897 53.1500 51.9861
67.4625 71.2841 71.3074 71.3165 71.3223 71.3213 71.3018 71.2465 71.3062 71.2431 71.1935 71.2641 71.3185 71.1449 71.0772 70.9696 70.7277 70.5791 70.5082 70.4708 70.4739 70.4237 70.4910 70.4608 70.4037 70.4551 70.2698 69.7037 68.9865 68.4364 68.3880 68.2810 68.2197 68.1279 67.8831 67.3306 66.4682 65.4507 64.3635 63.2420 62.1036 60.9678 59.8333 58.6935 57.5683 56.4361 55.3150 54.1924 53.0871 51.8008
68.8132 69.7772 69.9361 69.9600 69.9670 69.9652 69.9455 69.9029 69.9410 69.8914 69.8512 69.9064 69.9431 69.8019 69.7214 69.6068 69.3875 69.2372 69.1603 69.1215 69.1162 69.0802 69.1275 69.1048 69.0602 69.0810 68.8906 68.3603 67.6894 67.1780 67.0712 66.9553 66.8762 66.7678 66.5084 65.9601 65.1195 64.1159 63.0352 61.9169 60.7810 59.6453 58.5104 57.3723 56.2451 55.1146 53.9929 52.8776 51.8437 51.6873
