#Value Function.
14.9401 15.0306 14.9925 15.0303 14.9441 14.9018 14.8854 14.8704 14.8901 14.8691 14.8582 14.6796 14.7077 14.7853 14.7700 14.7918 14.7699 14.7838 14.6936 14.5980 14.5557 14.5205 14.4647 14.4862 14.5115 14.5151 14.5926 14.5553 14.5920 14.5072 14.4801 14.4704 14.4697 14.4558 14.4043 14.2228 13.8577 13.4577 13.0843 12.8449 12.7913 12.6357 12.4590 12.0843 11.7350 11.4711 11.3652 11.2996 11.1618 10.8935
15.3570 15.4156 15.5277 15.4129 15.3827 15.2920 15.2954 15.3713 15.3376 15.3594 15.1310 15.0911 15.1137 15.1754 15.2712 15.2338 15.2707 15.1653 15.0575 15.0201 14.9887 14.9270 14.8794 14.9128 14.9519 14.9791 14.9687 15.0778 14.9638 14.9417 14.9325 14.9346 14.9224 14.8819 14.7071 14.3121 13.8947 13.4977 13.2372 13.2268 13.0511 12.9007 12.4848 12.1194 11.8353 11.7414 11.6893 11.5578 11.2755 10.9392
15.5759 15.8741 15.8853 15.8756 15.7565 15.7824 15.7255 15.6996 15.8797 15.5920 15.4752 15.5026 15.5710 15.5820 15.6480 15.7702 15.6435 15.5208 15.4912 15.4637 15.4050 15.2803 15.3115 15.3485 15.3816 15.4245 15.4556 15.4254 15.4104 15.4007 15.4066 15.3942 15.3661 15.2043 14.7711 14.3387 13.9179 13.6238 13.6791 13.4640 13.3597 12.8873 12.5105 12.1998 12.1226 12.0852 11.9633 11.6602 11.3139 10.9553
15.8883 16.0511 16.4128 16.1944 16.2978 16.1387 16.1160 16.2342 16.0566 15.9451 15.9007 15.9636 15.9808 16.0670 16.0594 16.1336 15.9926 15.9749 15.9506 15.8978 15.7553 15.6621 15.7091 15.7978 15.8290 15.8619 15.8757 15.8924 15.8801 15.8915 15.8765 15.8615 15.7223 15.2384 14.7952 14.3498 14.0245 13.9345 13.8913 13.6398 13.1779 12.9148 12.5672 12.5138 12.4914 12.3839 12.0537 11.6938 11.3285 10.9629
16.1382 16.4015 16.5189 16.7267 16.6144 16.6070 16.6325 16.5360 16.4336 16.3809 16.3660 16.3907 16.4677 16.4666 16.5817 16.4719 16.4724 16.4490 16.4071 16.2400 16.1479 16.0772 16.1492 16.1935 16.2996 16.2758 16.3768 16.3703 16.3903 16.3692 16.3664 16.2652 15.7116 15.2657 14.7919 14.4492 14.2980 14.2992 13.9624 13.4913 13.1935 12.9350 12.9163 12.9070 12.8216 12.4555 12.0830 11.7070 11.3359 10.9656
16.3024 16.6566 16.9288 17.0027 17.0893 17.0318 17.0456 16.9347 16.8909 16.8155 16.8198 16.8769 16.8900 16.9899 16.9611 16.9855 16.9578 16.9355 16.7317 16.6586 16.4918 16.5348 16.5721 16.6553 16.6863 16.7760 16.7473 16.9046 16.8703 16.8949 16.6427 16.1329 15.7522 15.2436 14.8863 14.7055 14.7367 14.2932 13.8676 13.5139 13.3194 13.3326 13.3306 13.2796 12.8643 12.4820 12.0951 11.7148 11.3375 10.9721
16.3779 16.8254 17.1816 17.4783 17.4254 17.5860 17.4456 17.4169 17.3273 17.3026 17.3013 17.3352 17.4037 17.3967 17.5165 17.4747 17.4874 17.2247 17.2040 16.8848 16.9728 16.9997 17.0471 17.0775 17.1784 17.1500 17.2615 17.2413 17.4569 17.1281 16.5531 16.1309 15.7041 15.3340 15.1437 15.1162 14.5967 14.2689 13.8501 13.5770 13.6591 13.7591 13.7624 13.2779 12.8914 12.4929 12.1035 11.7150 11.3429 10.9923
16.3992 16.8975 17.3571 17.7174 18.0644 17.9131 17.9612 17.8489 17.8371 17.7524 17.8453 17.8252 17.8629 17.9441 17.9104 18.0795 17.6457 17.7949 17.2799 17.3417 17.4011 17.5048 17.5185 17.5746 17.5919 17.7267 17.6609 17.8130 17.5069 16.9594 16.5896 16.1905 15.7898 15.6129 15.3937 14.8879 14.6219 14.1630 13.8499 13.8714 14.0208 14.0931 13.6296 13.3126 12.9004 12.5026 12.1019 11.7196 11.3597 11.0551
16.4054 16.9141 17.4243 17.9046 18.2447 18.5350 18.3764 18.3997 18.2446 18.3475 18.2531 18.2361 18.4199 18.3945 18.5103 18.1121 18.1769 17.7467 17.7307 17.7797 17.8783 17.9275 18.0552 18.0465 18.1194 18.0855 18.2475 17.9314 17.4094 17.0195 16.6983 16.2558 16.0603 15.6781 15.2166 14.9004 14.4532 14.1859 14.2007 14.3022 14.2944 13.9958 13.7486 13.3176 12.9126 12.4984 12.1064 11.7320 11.4218 11.1814
16.4197 16.9178 17.4360 17.9643 18.4720 18.7748 18.9892 18.7702 18.8194 18.7627 18.6875 18.7682 18.7673 19.0137 18.5972 18.6180 18.2354 18.1480 18.1766 18.2791 18.3147 18.4326 18.4617 18.6274 18.5378 18.6953 18.3728 17.9231 17.5308 17.2368 16.7321 16.4817 16.0895 15.6159 15.1960 14.7654 14.5207 14.6532 14.6322 14.6152 14.3251 14.2170 13.7437 13.3341 12.9045 12.5039 12.1134 11.7922 11.5596 11.3192
16.4668 16.9294 17.4374 17.9708 18.5169 19.0751 19.2943 19.2627 19.3424 19.1423 19.1980 19.2500 19.3491 19.1078 19.0854 18.7496 18.6588 18.6734 18.7001 18.7192 18.8464 18.8578 19.0075 19.0002 19.1609 18.8871 18.4675 18.0085 17.7410 17.1478 16.8349 16.3577 15.9653 15.5895 15.1438 14.8522 14.8786 14.9794 15.0060 14.6888 14.6453 14.1749 13.7683 13.3198 12.9129 12.5042 12.1700 11.9419 11.7206 11.3248
16.5641 16.9757 17.4458 17.9706 18.5189 19.0791 19.6874 19.8967 19.6804 19.7129 19.7130 19.7791 19.6511 19.5711 19.2726 19.2116 19.2203 19.1897 19.2425 19.2673 19.2704 19.4363 19.4055 19.6086 19.3132 19.0112 18.4642 18.0613 17.6120 17.2028 16.7753 16.3468 16.0185 15.4990 15.1871 15.2518 15.3261 15.3397 15.1002 15.0399 14.6207 14.1893 13.7406 13.3338 12.9045 12.5554 12.3313 12.1359 11.6990 11.3643
16.5235 17.1033 17.4872 17.9755 18.5176 19.0813 19.5329 20.1224 20.3368 20.0948 20.2691 20.1651 20.0432 19.8135 19.7804 19.8047 19.7775 19.5994 19.6666 19.6897 19.8710 19.8247 20.0548 19.6947 19.3650 18.7948 18.4172 17.9283 17.6720 17.2353 16.8412 16.4277 15.8854 15.5408 15.5589 15.6693 15.7280 15.4519 15.3192 15.0898 14.5890 14.1687 13.7462 13.3150 12.9458 12.7450 12.3621 11.9602 11.7228 11.5814
16.5650 16.9841 17.5223 17.9903 18.5071 18.9712 19.5153 19.9564 20.5104 20.7254 20.5463 20.6082 20.3777 20.3643 20.4114 20.3426 20.0223 19.9586 19.9949 20.2965 20.2531 20.5053 20.1762 19.6442 19.1570 18.7730 18.2571 17.8605 17.4297 17.3811 16.7440 16.3319 15.9165 15.9032 16.0414 16.0295 15.9087 15.5806 15.3458 14.8804 14.6002 14.1436 13.7285 13.3467 13.0438 12.6043 12.3253 12.0335 12.0012 11.6134
16.4801 16.9916 17.4679 17.9855 18.4152 18.9305 19.3769 19.8788 20.3530 20.9501 21.2527 20.9547 20.9801 20.8359 20.8876 20.5645 20.3631 20.3376 20.5839 20.5523 20.9612 20.4942 19.9189 19.5305 19.0655 18.6029 18.2042 17.7259 17.3254 16.9495 16.8012 16.2929 16.2825 16.4210 16.3747 16.2908 15.9920 15.6835 15.1670 14.8578 14.4403 14.1318 13.6976 13.3355 12.9366 12.6178 12.2984 12.4490 12.0005 11.6311
16.4718 16.9498 17.4548 18.0035 18.5256 18.8121 19.2939 19.7705 20.3346 20.6859 21.3260 21.6529 21.3002 21.3763 21.1526 20.9832 20.6945 20.9133 20.9151 21.2444 20.7446 20.3413 19.8453 19.3494 18.9494 18.5021 18.0585 17.6550 17.2042 16.9264 16.7481 16.6303 16.8105 16.7636 16.5795 16.4787 16.0542 15.5334 15.1855 14.7219 14.3907 14.0010 13.6365 13.2677 12.9117 12.5957 12.6911 12.2602 12.0261 11.6162
16.4378 16.9364 17.4648 17.9837 18.5551 19.0363 19.1954 19.7297 20.1989 20.8673 21.0424 21.7349 21.9540 21.6993 21.6314 21.2786 21.2531 21.2266 21.5811 21.0793 20.6030 20.1161 19.7339 19.3360 18.7980 18.3864 17.9787 17.6512 17.4342 17.2603 17.1157 17.1749 17.1066 16.8138 16.8648 16.3031 15.9704 15.5548 15.0762 14.6889 14.2556 13.9018 13.5628 13.2087 12.9565 13.0038 12.5574 12.2709 11.8870 11.6187
16.4244 16.9411 17.4520 17.9941 18.4664 18.8737 19.5173 19.6257 20.2291 20.6405 21.0226 21.3665 22.0624 22.3482 21.8697 21.8693 21.6913 21.9168 21.5434 21.0771 20.4787 20.0867 19.9471 19.3259 18.8594 18.5183 18.1763 17.9628 17.7884 17.6268 17.5729 17.5050 17.1100 17.1330 16.5837 16.3212 15.8301 15.4782 15.0662 14.6041 14.2150 13.8194 13.5952 13.3398 13.3464 12.8883 12.5769 12.1729 11.8691 11.5116
16.4254 16.9316 17.4496 17.9138 18.3376 18.9114 19.2866 19.9199 20.0384 20.4381 21.0548 21.3741 21.8047 22.3360 22.5955 22.1839 22.2007 22.0692 21.6266 21.0176 20.6567 20.4120 19.8903 19.4124 19.0840 18.7122 18.5057 18.3298 18.1693 17.9022 17.8482 17.5526 17.4219 16.8651 16.5863 16.1105 15.8052 15.3292 14.9591 14.5927 14.1596 14.0408 13.7395 13.6911 13.2450 12.9122 12.5133 12.1699 11.7925 11.4778
16.4172 16.9208 17.3768 17.8069 18.3334 18.7428 19.3062 19.6900 20.2342 20.5163 20.9639 21.5916 21.8268 22.2405 22.5599 22.7529 22.5200 22.0770 21.6018 21.2686 20.9187 20.4746 19.9751 19.6713 19.2562 19.0644 18.8799 18.7588 18.2841 18.1637 18.0126 17.6211 17.0768 16.8594 16.3829 16.0669 15.5949 15.2909 14.8676 14.5363 14.5192 14.1545 14.0213 13.6520 13.3374 12.9215 12.5223 12.1223 11.7766 11.4143
16.4008 16.8543 17.2846 17.7776 18.2026 18.7195 19.1273 19.6276 20.0175 20.5774 20.9982 21.3820 21.8668 22.2179 22.7478 22.7594 22.4076 22.1667 21.9244 21.4308 21.0971 20.5438 20.2843 19.8104 19.6046 19.1717 19.1817 18.5876 18.5638 18.3696 17.8539 17.4757 17.0776 16.5974 16.3275 15.8876 15.5515 15.1342 14.8737 15.0172 14.5659 14.4544 13.9854 13.7831 13.3389 12.9327 12.5175 12.1235 11.7389 11.3912
16.5802 16.8723 17.2405 17.6700 18.1543 18.5717 19.0402 19.4444 19.9592 20.3913 20.7829 21.2252 21.6268 22.2967 22.5062 22.3133 22.2506 21.8157 21.9376 21.7619 21.1103 20.9291 20.3720 20.1348 19.5633 19.5350 19.0013 18.9256 18.7140 18.1960 17.7923 17.3327 16.9518 16.5554 16.1176 15.9689 15.5468 15.2936 15.2856 14.8975 14.7867 14.3608 14.2612 13.7638 13.3547 12.9240 12.5226 12.1216 11.7533 11.4489
16.7941 17.1004 17.3808 17.7110 18.0436 18.4723 18.8832 19.3654 19.7993 20.2523 20.6940 21.1505 21.7529 22.1219 22.2682 22.1066 21.8640 21.7534 21.3161 21.6538 21.6153 20.9401 20.6827 20.0474 19.8820 19.5101 19.2834 19.0202 18.6205 18.1548 17.7022 17.2910 17.0097 16.5794 16.3928 16.0082 15.7521 15.5585 15.2979 15.1652 14.7817 14.5241 14.0446 13.7896 13.3396 12.9328 12.5175 12.1338 11.8299 11.5580
17.0086 17.3185 17.6299 17.9068 18.2539 18.5803 18.9525 19.3692 19.8637 20.3208 20.8724 21.3090 21.7606 21.9913 21.7459 21.7340 21.6180 21.3978 21.1757 21.0122 21.3605 21.2465 20.5492 20.3241 20.0213 19.6752 19.3259 19.0716 18.5739 18.2418 17.7997 17.5598 17.0664 16.8087 16.4833 16.2507 15.9087 15.6909 15.4065 15.2470 14.8447 14.3528 14.0537 13.6294 13.3399 12.9223 12.5225 12.2159 11.9487 11.6546
17.1866 17.5442 17.8488 18.1754 18.4429 18.8148 19.1374 19.5213 19.9437 20.4686 20.9156 21.5152 21.8321 21.6030 21.5004 21.1612 21.1710 21.1949 20.9488 20.6953 20.6668 20.9850 20.9345 20.4818 20.1335 19.8200 19.4889 19.1035 18.8192 18.3084 18.1401 17.5613 17.3030 16.9195 16.7833 16.3499 16.1725 15.7823 15.5798 15.1840 14.7780 14.3773 13.9276 13.6047 13.2159 12.9078 12.6112 12.3464 12.0484 11.7276
17.3664 17.7202 18.0894 18.3903 18.7387 18.9872 19.3951 19.7059 20.1059 20.5292 21.0955 21.5881 21.5352 21.2447 21.0938 20.9621 20.5942 20.5666 20.7038 20.5878 20.3387 20.3829 20.8158 20.5743 20.0976 19.8099 19.4612 19.2128 18.7761 18.4966 18.0459 17.8568 17.4163 17.1963 16.8400 16.5617 16.2551 15.7807 15.4309 15.0975 14.7163 14.3226 13.9262 13.5767 13.3000 13.0174 12.7556 12.4487 12.1192 11.8044
17.5051 17.9119 18.2589 18.6520 18.9415 19.3231 19.5364 19.9986 20.2836 20.7125 21.1193 21.5928 21.2280 20.9781 20.7971 20.5909 20.3620 20.0822 20.0629 20.3715 20.2701 20.1547 20.1344 20.2043 19.9564 19.5364 19.2424 18.9156 18.8874 18.3877 18.0743 17.8326 17.6400 17.1720 16.8807 16.4009 16.0748 15.7458 15.3117 14.9622 14.6292 14.3132 14.0021 13.7306 13.4354 13.1770 12.8600 12.5153 12.2011 11.8681
17.6517 18.0460 18.4677 18.8074 19.2347 19.4994 19.9337 20.0849 20.6316 20.7413 21.3986 21.0482 21.2067 20.7451 20.5483 20.4902 20.0727 19.7738 19.7397 19.7430 20.1213 20.0131 19.6217 19.5622 19.5813 19.3494 18.9733 18.6732 18.4211 18.3399 17.9724 17.7339 17.5464 17.3197 16.7792 16.4913 16.0019 15.6432 15.3305 15.0441 14.7687 14.4428 14.1753 13.8615 13.6110 13.2830 12.9198 12.6047 12.2635 11.9350
17.7243 18.2094 18.5906 19.0426 19.3631 19.8421 20.0588 20.5785 20.6421 21.3309 20.8695 20.8049 20.6416 20.5493 20.2224 20.1112 19.9544 19.6339 19.2422 19.4854 19.4755 19.6414 19.5490 19.1152 19.0044 18.9810 18.7614 18.4192 18.1294 18.1185 17.8145 17.5596 17.3360 17.1902 17.0348 16.4824 16.1263 15.8082 15.5151 15.2444 14.8915 14.6353 14.2942 14.0586 13.7182 13.3318 13.0204 12.6642 12.3314 12.0134
17.7926 18.2716 18.7795 19.1432 19.6403 19.9216 20.4814 20.6145 21.3171 20.6832 20.6187 20.5591 20.2388 20.1643 19.9929 19.7456 19.7346 19.3812 19.1742 18.9200 19.0405 19.0036 19.1547 19.0450 18.5974 18.4587 18.4015 18.1911 17.8769 17.6302 17.7966 17.3642 17.2396 17.0003 16.9095 16.6176 16.2827 16.0021 15.6931 15.3409 15.1172 14.7081 14.4987 14.1670 13.7500 13.4497 13.0742 12.7338 12.4091 12.1232
17.8341 18.3468 18.8233 19.3714 19.6997 20.2672 20.4748 21.2134 20.9592 20.8505 20.2151 20.0795 20.1563 19.7676 19.6581 19.5377 19.2125 19.2988 18.8628 18.7276 18.4644 18.5683 18.6136 18.6647 18.5809 18.0939 17.9261 17.8411 17.6377 17.3502 17.2224 17.3090 17.0576 16.9265 16.7752 16.4538 16.2552 16.0750 15.6496 15.3482 15.1470 14.9390 14.5380 14.1813 13.8839 13.4627 13.1472 12.8103 12.5458 12.1026
17.8568 18.3872 18.9101 19.3835 19.9905 20.2532 20.9376 20.9246 20.5919 20.4655 20.2333 19.6856 19.6372 19.6703 19.5338 19.1270 19.0700 18.7292 18.9645 18.3722 18.2449 18.0917 18.3308 18.2276 18.1711 18.0679 17.5945 17.4059 17.2982 17.1007 16.8471 16.7513 16.8885 16.6728 16.5130 16.4401 16.1065 15.9253 15.7162 15.2105 14.9226 14.7901 14.6455 14.1566 13.8509 13.5699 13.1632 12.8044 12.4944 12.1326
17.9632 18.3959 18.9497 19.4906 19.9486 20.6679 20.5688 20.6385 20.4734 20.0601 19.9190 19.6960 19.1824 19.1962 19.2306 19.1121 18.6841 18.6224 18.3577 18.3379 17.8701 17.7540 17.7461 18.0387 17.8056 17.7660 17.5079 17.0972 16.8972 16.7719 16.5805 16.3611 16.3341 16.4787 16.3222 16.0496 15.9851 15.7167 15.5842 15.3528 14.8491 14.6071 14.4469 14.3147 13.8399 13.5799 13.2376 12.7921 12.5116 12.1508
17.9511 18.5369 18.9349 19.5294 20.0905 20.0924 20.1503 20.2729 20.2664 20.0177 19.5210 19.3349 19.1291 18.7303 18.7667 18.8583 18.9037 18.4256 18.2197 17.9310 17.7582 17.3719 17.4657 17.4575 17.7420 17.4517 17.3211 16.9770 16.6060 16.3998 16.2611 16.0767 15.9610 15.9376 16.0974 15.9923 15.6035 15.4823 15.2539 15.2320 14.9960 14.5054 14.3155 14.0409 14.0448 13.5521 13.1613 12.9305 12.5648 12.1197
17.9744 18.4971 19.1289 19.4764 19.7412 19.7996 19.6649 19.7330 20.0365 19.7821 19.5139 18.9928 18.8177 18.6073 18.2986 18.3615 18.4427 18.5913 18.3060 17.8458 17.5875 17.2263 16.9633 17.1734 17.1328 17.2043 17.2763 16.8173 16.4653 16.1228 15.9136 15.7652 15.5964 15.5881 15.5700 15.7548 15.6641 15.1787 15.0037 14.8118 14.8744 14.6456 14.1673 14.0556 13.6548 13.5595 13.1355 12.7645 12.4941 12.1625
17.9506 18.5323 18.8937 19.1533 19.3416 19.2896 19.2156 19.4019 19.3882 19.8292 19.2536 19.0188 18.5444 18.3364 18.0540 17.9033 18.0369 18.0377 18.2969 18.1648 17.5963 17.4491 16.9626 16.6368 16.6913 16.7789 16.7156 16.7041 16.3163 15.9693 15.6485 15.4384 15.2842 15.1385 15.2586 15.3034 15.4096 15.2877 14.7992 14.5506 14.3928 14.5158 14.3034 13.8479 13.6003 13.2588 13.1023 12.7230 12.3704 12.0864
17.9518 18.3243 18.5880 18.8347 18.9202 19.1110 18.8115 18.8571 19.1543 19.1714 19.4294 18.8104 18.5483 18.2089 17.8078 17.5332 17.5365 17.8697 17.7320 17.9759 18.0381 17.4612 17.1586 16.6809 16.4059 16.2554 16.4721 16.2400 16.1630 15.8225 15.4869 15.1838 14.9743 14.8184 14.8442 14.9568 15.3087 14.9752 14.9101 14.4218 14.1198 14.0354 14.1672 13.9907 13.5297 13.2789 12.8731 12.6681 12.3193 11.9787
17.7624 18.0340 18.2629 18.3802 18.5844 18.5973 18.6471 18.5442 18.6226 18.8429 18.7910 18.8549 18.3326 18.0564 17.6673 17.2904 17.2956 17.2852 17.5095 17.5274 17.8453 17.7176 17.1633 16.9669 16.5047 16.2096 15.9434 15.9463 15.7622 15.6462 15.3385 15.0170 14.7289 14.5214 14.5186 14.7988 14.8101 15.0965 14.6318 14.5332 14.0448 13.7125 13.6900 13.8364 13.7341 13.2664 12.9642 12.5525 12.2594 11.9216
17.4860 17.7098 17.8447 18.0339 18.2300 18.3366 18.0876 18.1527 18.2104 18.2551 18.3811 18.3023 18.2990 17.9069 17.5227 17.1413 16.8144 16.9650 17.0385 17.2254 17.2417 17.4300 17.5341 16.9822 16.7789 16.2715 15.8830 15.5154 15.4482 15.2885 15.1491 14.8711 14.5595 14.2841 14.3170 14.3803 14.5982 14.5946 14.8254 14.3386 14.1337 13.7437 13.3854 13.3681 13.5163 13.4036 12.9464 12.6547 12.2531 11.9524
17.1671 17.3196 17.5024 17.7258 18.0079 17.8681 17.7655 17.6695 17.7211 17.8243 17.7836 17.9485 17.8865 17.7622 17.4350 17.0057 16.6335 16.5377 16.6927 16.7411 16.8816 17.0278 17.0659 17.3437 16.7664 16.3338 15.8184 15.5901 15.1106 14.9742 14.8228 14.7789 14.4660 14.1251 13.9499 14.1262 14.1665 14.3393 14.3235 14.4546 14.1924 13.7306 13.5542 13.1496 13.0650 13.2012 13.0862 12.6388 12.3620 11.9708
16.7998 16.9866 17.2230 17.5729 17.5175 17.5111 17.3473 17.2381 17.2810 17.2805 17.5061 17.3838 17.5597 17.4723 17.3067 16.9560 16.5053 16.1798 16.2472 16.3735 16.5058 16.5609 16.7566 16.7937 16.8557 16.2979 15.9132 15.4093 15.2127 14.7321 14.5221 14.3823 14.3652 14.1432 13.7265 13.7393 13.8765 13.8943 13.9914 14.0132 14.0229 14.0272 13.5499 13.3348 12.9681 12.7710 12.8808 12.7852 12.3592 12.0490
16.4797 16.7372 17.1622 17.0217 17.0540 17.1383 17.0156 16.8373 16.7844 16.9523 16.9256 17.0105 16.9822 17.1236 17.0604 16.8320 16.4485 16.0205 15.8788 16.0010 16.0747 16.2334 16.2724 16.4370 16.3292 16.4292 15.8802 15.4658 14.9783 14.8462 14.3649 14.0907 13.9526 13.9029 13.7925 13.4288 13.4637 13.5482 13.5780 13.6017 13.7280 13.8415 13.7903 13.3936 12.9811 12.7146 12.4586 12.5275 12.4538 12.1114
16.2397 16.5929 16.5712 16.6473 16.8352 16.7156 16.6242 16.4987 16.4234 16.4284 16.4897 16.4886 16.5889 16.5556 16.6607 16.6710 16.4741 15.9627 15.5666 15.5954 15.7305 15.7914 15.9185 15.8999 16.1630 15.9048 15.9646 15.4309 15.0392 14.5644 14.4854 14.0188 13.8191 13.5579 13.4706 13.3976 13.1323 13.1905 13.1873 13.2976 13.4067 13.4906 13.8154 13.3784 13.1462 12.7344 12.4124 12.1153 12.1167 12.0223
16.0487 16.0903 16.1909 16.6023 16.4151 16.3285 16.2154 16.1199 16.0061 15.9866 16.0008 16.0762 16.0708 16.1512 16.1915 16.4079 16.2973 15.9562 15.4876 15.2446 15.3171 15.4224 15.4436 15.6365 15.5968 15.6945 15.5362 15.5283 15.0080 14.6352 14.1725 14.1222 13.7698 13.4420 13.2070 13.1529 13.0538 12.7844 12.9026 12.9829 13.0895 13.3455 13.3512 13.6001 13.1348 12.8287 12.4210 12.1156 11.7702 11.7190
15.6073 15.7293 16.0575 16.0813 16.0793 15.9277 15.8330 15.7264 15.6298 15.5308 15.5814 15.5929 15.6597 15.7174 15.8842 15.8697 16.0709 15.7965 15.4564 15.0373 14.9443 14.9882 15.1366 15.1360 15.2111 15.2602 15.4226 15.1303 15.1152 14.6037 14.2262 13.7819 13.6561 13.3851 13.0609 12.8413 12.8828 12.8487 12.5750 12.6689 12.8917 12.9428 13.1381 13.1144 13.2635 12.8112 12.5270 12.1154 11.7854 11.4684
15.2629 15.5263 15.7015 15.6014 15.5948 15.5759 15.4486 15.3511 15.2489 15.1536 15.1240 15.1831 15.2490 15.3844 15.4080 15.5553 15.5234 15.5472 15.3045 14.9740 14.6099 14.6577 14.6805 14.7439 14.8034 14.9312 14.9247 15.2987 14.8296 14.6902 14.2178 13.7890 13.3865 13.2170 12.9573 12.6590 12.4644 12.4706 12.4154 12.4652 12.5337 12.6858 12.7245 12.8355 12.9192 12.9571 12.5031 12.1727 11.8606 11.4906
15.0352 15.1983 15.1667 15.2066 15.1345 15.1194 15.0894 14.9789 14.8817 14.7831 14.7198 14.7888 14.9036 14.9489 15.0624 15.0565 15.0751 15.0556 15.0448 14.8233 14.5085 14.2329 14.2903 14.3542 14.4620 14.5023 14.7851 14.7865 14.9383 14.6645 14.2328 13.7803 13.3613 12.9915 12.7938 12.5425 12.2674 12.0903 12.0712 12.1427 12.2717 12.3286 12.4266 12.5403 12.5632 12.8023 12.5691 12.2621 11.8717 11.5421
14.7079 14.7094 14.7336 14.7103 14.7300 14.6759 14.6552 14.6181 14.5195 14.4242 14.3380 14.4388 14.4959 14.5879 14.5973 14.6096 14.5987 14.6095 14.5946 14.5604 14.3542 14.0628 13.9143 14.0104 14.0774 14.3010 14.3456 14.4594 14.4461 14.6525 14.2136 13.7885 13.3527 12.9467 12.6001 12.3844 12.1400 11.8852 11.7592 11.8722 11.9395 12.0313 12.1337 12.1830 12.3593 12.3708 12.6786 12.2551 11.9304 11.5949
14.2539 14.2755 14.2621 14.2756 14.2617 14.2691 14.2266 14.2022 14.1605 14.0708 13.9882 14.0510 14.1290 14.1473 14.1570 14.1508 14.1571 14.1508 14.1566 14.1422 14.0920 13.8982 13.6398 13.6549 13.8392 13.9079 14.0011 14.0203 14.1720 14.1423 14.1463 13.7674 13.3557 12.9356 12.5435 12.2140 11.9875 11.7493 11.5162 11.5584 11.6457 11.7405 11.8051 11.9501 12.0040 12.2391 12.2448 12.3239 11.9972 11.5559
13.8221 13.8182 13.8261 13.8182 13.8261 13.8171 13.8171 13.7823 13.7553 13.7109 13.6290 13.6791 13.7025 13.7115 13.7083 13.7120 13.7083 13.7120 13.7082 13.7107 13.6945 13.6333 13.4514 13.3906 13.4719 13.5543 13.5919 13.7085 13.7046 13.7219 13.7017 13.6608 13.3240 12.9289 12.5240 12.1463 11.8303 11.5977 11.3661 11.2657 11.3551 11.4282 11.5537 11.6311 11.8192 11.8556 11.9122 11.8766 11.8849 11.5242
