#Value Function.
48.3582 48.5268 48.7452 48.7732 48.7806 48.7812 48.7850 48.7794 48.7667 48.7671 48.6555 47.9240 47.7491 47.7329 47.7160 47.6992 47.6998 47.7028 47.6652 47.6338 47.6190 47.6196 47.7664 47.7532 47.7652 47.7246 47.6852 47.6642 47.6624 47.6599 47.6506 47.6384 47.5952 47.4507 47.1059 46.5686 45.9710 45.3815 44.7679 44.1176 43.4410 42.7497 42.0472 41.3179 40.5482 40.0839 39.8471 39.5768 39.1666 39.0021
46.9697 49.5018 49.4866 49.4918 49.4965 49.4957 49.5005 49.4924 49.4782 49.4821 49.3421 48.4585 48.4389 48.4460 48.4264 48.4099 48.4148 48.4179 48.3702 48.3414 48.3305 48.3346 48.5175 48.4605 48.4835 48.4285 48.3909 48.3743 48.3769 48.3738 48.3628 48.3501 48.2992 48.1302 47.7378 47.1574 46.5492 45.9628 45.3429 44.6840 44.0017 43.3073 42.6024 41.8666 41.0874 40.7004 40.5124 40.2286 39.7848 39.1107
47.4875 50.2088 50.1962 50.2022 50.1989 50.2065 50.2016 50.1864 50.1895 50.1747 49.1866 49.1410 49.1588 49.1277 49.1464 49.1179 49.1323 49.0712 49.0426 49.0326 49.0367 49.0563 49.2160 49.2184 49.1390 49.1938 49.1122 49.0821 49.0797 49.0668 49.0586 49.0184 48.8675 48.4710 47.8610 47.2417 46.6654 46.0465 45.3847 44.7001 44.0052 43.3007 42.5820 41.7180 41.3618 41.2270 40.9580 40.4898 40.0083 39.3406
48.1237 50.8857 50.9097 50.8966 50.9123 50.9085 50.9027 50.8966 50.8823 50.8458 49.8705 49.8895 49.8222 49.8647 49.8115 49.8517 49.7695 49.7438 49.7347 49.7393 49.7556 49.8101 49.9481 49.9027 49.9251 49.8073 49.7808 49.7864 49.7696 49.7664 49.7358 49.6081 49.2092 48.5616 47.9298 47.3696 46.7509 46.0852 45.3982 44.7029 43.9986 43.3199 42.3274 42.0183 41.9480 41.6949 41.1930 40.6970 40.2813 39.6009
48.7301 51.5217 51.5910 51.6083 51.6105 51.6037 51.6009 51.5887 51.5571 51.4734 50.6372 50.5474 50.6007 50.4939 50.5808 50.4632 50.4453 50.4368 50.4423 50.4574 50.4922 50.6954 50.6772 50.6403 50.5852 50.5415 50.4950 50.4705 50.4739 50.4502 50.3524 49.9544 49.2582 48.6121 48.0767 47.4560 46.7856 46.0958 45.4003 44.6979 44.0179 42.9040 42.6710 42.6768 42.4415 41.8937 41.3778 40.9989 40.4654 39.7693
49.2615 52.0830 52.2381 52.2916 52.2995 52.2979 52.2895 52.2657 52.1860 52.0353 51.2925 51.3509 51.2123 51.3269 51.1482 51.1483 51.1390 51.1450 51.1619 51.1783 51.3328 51.3742 51.3947 51.3685 51.3312 51.2692 51.2299 51.1810 51.1588 51.1030 50.6963 50.0232 49.2862 48.7889 48.1616 47.4854 46.7936 46.0945 45.4126 44.7193 43.4434 43.3230 43.4151 43.2004 42.5912 42.0466 41.7240 41.1806 40.5358 39.8332
49.6291 52.4663 52.8247 52.9418 52.9781 52.9677 52.9632 52.8852 52.7797 52.3219 52.1758 51.9374 52.0856 51.8544 51.8549 51.8409 51.8474 51.8675 51.8781 51.9229 51.9850 52.0314 52.0726 52.0883 52.0539 52.0124 51.9433 51.9179 51.8607 51.4432 50.7242 50.0221 49.5097 48.8672 48.1844 47.4919 46.7876 46.1090 45.4162 44.1853 44.0878 44.1636 43.9750 43.2853 42.6973 42.4619 41.8963 41.2379 40.5587 39.8558
49.8221 52.6666 53.2228 53.5428 53.6037 53.6107 53.5490 53.4578 53.3492 53.0701 53.0116 52.8598 52.5634 52.5612 52.5470 52.5524 52.5560 52.5858 52.5741 52.5433 52.6262 52.6824 52.7233 52.7613 52.7683 52.7116 52.6767 52.6087 52.2165 51.2914 50.7274 50.2307 49.5712 48.8823 48.1898 47.4867 46.8069 46.1107 44.9465 44.8219 44.9047 44.7470 44.1024 43.3201 43.2210 42.6103 41.9386 41.2546 40.5792 39.8765
49.8367 52.6611 53.4262 53.9423 54.1786 54.1541 54.0925 54.0207 53.8460 53.7192 53.5818 53.2844 53.2713 53.2554 53.2583 53.2551 53.2941 53.3015 53.1354 53.1825 53.2387 53.3252 53.3700 53.3874 53.4146 53.3994 53.3310 52.9366 52.3321 51.6533 50.9575 50.2731 49.5795 48.8857 48.1960 47.5074 46.8100 45.6793 45.6719 45.6489 45.4781 45.1342 44.6373 44.0158 43.3183 42.6376 41.9495 41.2754 40.6017 39.8983
49.8139 52.6354 53.3822 54.1106 54.5586 54.7148 54.5907 54.4675 54.3922 54.2939 53.9986 53.9826 53.9740 53.9653 53.9516 53.9997 54.0344 53.8545 53.8195 53.8261 53.8783 53.9220 53.9998 54.0213 54.0310 53.9883 53.6233 53.0080 52.3397 51.6470 50.9696 50.2756 49.5813 48.8920 48.2048 47.5158 46.4011 46.3752 46.3752 46.2078 45.8590 45.3560 44.7275 44.0112 43.3359 42.6434 41.9717 41.2992 40.6191 39.9145
49.7768 52.5736 53.3666 54.0363 54.6961 55.0164 55.1403 54.9870 54.9781 54.7317 54.6984 54.6766 54.6727 54.6444 54.7064 54.7436 54.7503 54.6767 54.5248 54.5100 54.5133 54.5674 54.5819 54.6365 54.5924 54.2432 53.6406 53.0069 52.3264 51.6647 50.9706 50.2755 49.5931 48.8730 48.2060 47.1246 47.0700 47.1051 46.9390 46.5839 46.0744 45.4421 44.6991 44.0362 43.3360 42.6682 41.9969 41.3169 40.6279 39.9217
49.8248 52.6551 53.2384 54.0009 54.5259 55.1778 55.4521 55.5936 55.5205 55.4719 55.3701 55.3834 55.3313 55.4152 55.4533 55.4587 55.4404 55.4300 55.3757 55.1849 55.2047 55.1885 55.2398 55.1979 54.8384 54.2176 53.6397 52.9849 52.3478 51.6624 50.9724 50.2642 49.5597 48.9002 47.8646 47.7518 47.8413 47.6717 47.3089 46.7923 46.1555 45.4160 44.7483 44.0304 43.3652 42.6949 42.0146 41.3264 40.6235 39.9244
49.7708 52.5561 53.4130 53.8457 54.5958 54.9927 55.6950 55.9375 56.1436 56.0328 56.0986 56.0077 56.1281 56.1634 56.1679 56.1425 56.1387 56.0976 55.9160 55.8980 55.8690 55.8939 55.8378 55.4526 54.7662 54.2272 53.6078 52.9949 52.3278 51.6679 50.9581 50.2551 49.5535 48.6128 48.4886 48.5886 48.4050 48.0337 47.5099 46.8676 46.1322 45.4627 44.7462 44.0624 43.3930 42.7126 42.0228 41.3343 40.6444 40.0519
50.0111 52.8085 54.2507 53.9479 54.4190 55.0838 55.8631 56.2490 56.5767 56.8297 56.6655 56.8468 56.8728 56.8788 56.8420 56.8468 56.8195 56.6593 56.6394 56.6053 56.5890 56.5473 56.1471 55.3570 54.7612 54.1401 53.5610 52.9413 52.3142 51.6494 50.9454 50.2721 49.5752 49.2252 49.3406 49.1372 48.7582 48.2275 47.5780 46.8476 46.1760 45.4616 44.7772 44.0913 43.4108 42.7188 42.0317 41.6155 41.4722 40.7792
50.5637 53.4572 54.4833 55.0338 54.4225 55.1425 55.6622 56.5963 56.9038 57.2888 57.5720 57.5768 57.5906 57.5357 57.5597 57.5096 57.5744 57.3825 57.3504 57.3342 57.2916 56.9067 55.9851 55.4293 54.7179 54.0944 53.4710 52.8778 52.2559 51.6244 50.9614 50.8982 49.9608 50.0997 49.8670 49.4824 48.9459 48.2833 47.5786 46.8913 46.1768 45.4911 44.7863 44.1096 43.4140 42.7290 42.4122 42.2593 41.5652 40.8637
50.7781 53.6736 54.3703 55.2806 55.8681 55.0212 55.8331 56.3479 57.4266 57.5578 58.0195 58.3002 58.2159 58.2796 58.1907 58.2822 58.3304 58.0953 58.0773 58.0400 57.6905 56.7313 56.1642 55.3624 54.7364 54.0531 53.4169 52.7914 52.1869 52.0878 51.6972 51.0090 50.8695 50.5922 50.2061 49.6657 48.9875 48.2756 47.5977 46.9008 46.2083 45.5017 44.8095 44.1105 43.4269 43.4454 43.0454 42.3469 41.5953 40.8989
50.7777 53.6453 54.5112 55.1923 56.0763 56.7481 55.7547 56.7201 57.4684 58.1901 58.1538 58.7504 59.0025 58.8497 58.9864 59.0735 58.8660 58.8322 58.7832 58.4884 57.4923 56.9360 56.1079 55.8330 54.7903 54.0686 53.8489 53.3370 52.8419 52.4010 51.9834 51.5947 51.3089 50.9298 50.3885 49.6869 48.9893 48.3031 47.6006 46.9153 46.2213 45.5372 44.8268 44.1299 44.2182 43.7908 43.0928 42.3724 41.6632 40.9621
50.8502 53.7346 54.4874 55.3208 56.0488 56.8456 57.6716 56.9131 57.7715 58.9437 58.7273 58.6609 59.4458 59.6774 59.7898 59.7193 59.7295 59.5207 59.2520 58.5480 57.9704 57.2630 56.5962 55.8994 55.2274 54.6017 54.0324 53.5309 53.0959 52.6815 52.2735 52.0226 51.6550 51.1112 50.4087 49.7092 49.0086 48.3120 47.6218 46.9238 46.2348 45.5430 45.3891 45.0108 44.5300 43.8427 43.1188 42.4127 41.6966 40.9989
50.8663 53.7447 54.5758 55.3321 56.1344 56.9694 57.7751 58.5267 58.4429 58.6813 59.5597 59.0796 59.6584 59.9971 60.3266 60.3997 60.2133 60.0378 59.2166 58.6934 57.9506 57.2987 56.5919 55.9165 55.2898 54.7193 54.2178 53.7907 53.3857 52.9415 52.7404 52.3827 51.8350 51.1227 50.4300 49.7303 49.0311 48.3325 47.6362 46.9438 46.2481 46.1297 45.7273 45.2413 44.6790 43.8800 43.5387 42.5247 41.7515 41.0671
50.8934 53.8101 54.6104 55.4182 56.2596 57.1000 57.9167 58.6141 59.1457 59.2977 59.5782 59.9090 59.7172 60.1157 60.4547 60.7136 60.7982 59.8452 59.4352 58.6278 58.0063 57.2837 56.6057 55.9785 55.4067 54.9040 54.4832 54.1013 53.5921 53.4662 53.1103 52.5742 51.7575 51.1336 50.4429 49.7515 49.0554 48.3590 47.6612 47.0480 46.8797 46.4382 45.9566 45.3597 44.9089 44.2882 43.6259 42.8387 41.9004 41.2300
50.5903 53.8135 54.6518 55.5389 56.3887 57.2299 58.0034 58.6632 59.0756 59.4438 59.6972 59.6705 60.1871 60.3354 61.1384 60.9824 60.6748 60.1910 59.2853 58.7230 57.9736 57.2903 56.6575 56.0842 55.5803 55.1583 54.8326 54.2137 54.2067 53.8355 53.3169 52.4896 51.8596 51.1049 50.4473 49.7653 49.3856 48.4539 48.1356 47.6248 47.1327 46.6774 46.0224 45.6368 44.9924 44.3263 43.6396 42.9548 42.1535 41.4768
47.0892 49.5580 54.7447 55.6010 56.4455 57.2454 57.9874 58.5465 59.0721 59.4039 59.5300 59.8519 59.9677 60.5660 60.6979 60.9359 60.6044 60.0530 59.4577 58.6543 57.9704 57.3293 56.7318 56.2272 55.8017 55.4871 55.2040 54.9637 54.5477 54.0650 53.2216 52.5988 51.8375 51.1661 50.7559 50.1191 49.4749 48.8504 48.2997 47.8035 47.3535 46.9087 46.3757 45.6898 45.0256 44.3357 43.6509 42.9681 42.3578 41.6898
46.3605 49.0028 49.9504 51.0174 52.5323 57.1955 57.7986 58.3386 58.5185 57.4655 58.6511 58.9945 59.9320 60.0787 60.2231 60.1606 60.1830 59.8651 59.3411 58.7420 58.0085 57.3538 56.7961 56.3625 56.0671 55.7653 55.6192 55.2278 54.8097 53.9619 53.5118 52.8599 52.1768 51.4922 50.8130 50.1507 49.5043 48.9341 48.4390 47.9955 47.5598 47.0699 46.4227 45.7223 45.0281 44.3477 43.6574 43.0215 42.6305 41.9449
46.1991 48.8815 49.7752 50.7213 51.7626 53.0199 53.8640 55.1451 56.2387 56.8474 58.0035 59.1757 59.3804 59.4687 59.4311 59.4669 59.4141 59.3777 59.0970 57.4494 57.8118 57.3900 56.7360 56.5028 56.1622 56.0683 55.8006 55.4635 54.8916 54.2410 53.5623 52.8735 52.1861 51.5021 50.8262 50.1619 49.5432 49.0096 48.5738 48.1396 47.7078 47.0723 46.4647 45.7787 45.0624 44.3581 43.6685 43.3596 42.7777 42.0768
46.1057 48.7868 49.6536 50.5474 51.4935 52.5267 53.8689 54.5365 55.9165 56.9463 57.3984 58.6370 58.7202 58.6891 58.7011 58.6785 58.6881 58.6496 58.5853 57.0108 57.0240 57.0927 56.8818 56.3640 56.3391 56.1285 55.9070 55.4706 54.8980 54.2490 53.5697 52.8815 52.1940 51.5101 50.8351 50.1810 49.5843 49.0661 48.6272 48.2068 47.7284 47.2183 46.5364 45.8477 45.1275 44.3985 44.1077 43.4898 42.8137 42.1091
46.0417 48.7195 49.5553 50.4260 51.3193 52.2653 53.2793 54.7598 55.1488 56.7677 57.7298 57.9417 57.9337 57.9519 57.9323 57.9299 57.9143 57.9131 57.8797 57.6610 56.3566 56.3231 56.5330 56.5308 56.2638 56.1662 55.8936 55.4841 54.9064 54.2561 53.5780 52.8894 52.2020 51.5185 50.8449 50.1949 49.5954 49.0814 48.6326 48.2294 47.7939 47.2757 46.6623 46.1517 45.5262 44.8638 44.1967 43.5122 42.8228 42.1175
45.9995 48.6761 49.4852 50.3230 51.1991 52.0910 53.0392 54.0116 55.7244 55.6698 57.1353 57.1623 57.1736 57.1698 57.1781 57.1656 57.1595 57.0962 57.0560 57.0822 56.8197 55.8920 56.0173 56.1319 56.1972 56.0205 55.8140 55.4595 54.9111 54.2636 53.5853 52.8974 52.2100 51.5263 50.8526 50.1984 49.5901 49.0650 48.6483 48.2364 47.8028 47.3777 46.8012 46.2032 45.5520 44.8936 44.2089 43.5196 42.8271 42.1211
45.9589 48.6373 49.4425 50.2491 51.0908 51.9734 52.8617 53.8197 54.7110 55.5326 56.3807 56.3924 56.3946 56.4014 56.4012 56.4053 56.3971 56.3841 56.2923 56.2619 56.2891 56.0565 55.4385 55.5350 55.6402 55.6869 55.5547 55.2158 54.8004 54.2269 53.5790 52.9019 52.2172 51.5343 50.8455 50.2132 49.5968 49.0849 48.6504 48.2921 47.8695 47.3697 46.8574 46.2274 45.5869 44.9045 44.2163 43.5244 42.8258 42.1209
45.8773 48.5451 49.4146 50.2058 51.0126 51.8587 52.7498 53.6302 54.6122 55.4911 55.5964 55.6091 55.6199 55.6245 55.6300 55.6315 55.6337 55.6272 55.6067 55.5002 55.4743 55.5005 55.3227 54.9216 54.9125 54.9866 55.0191 54.8565 54.5043 54.0762 53.5170 52.8849 52.2174 51.5406 50.8686 50.2208 49.6139 49.0995 48.7068 48.3276 47.8888 47.4520 46.8783 46.2629 45.5915 44.9108 44.2222 43.5204 42.8328 42.1275
45.8189 48.4818 49.3075 50.1961 50.9646 51.7767 52.6266 53.5289 54.3935 53.5339 54.4788 54.7536 54.8222 54.8446 54.8531 54.8588 54.8613 54.8626 54.8562 54.7024 54.7165 54.6873 54.7184 54.5773 54.2760 54.2135 54.2537 54.2490 54.0905 53.7670 53.3424 52.8038 52.1886 51.5349 50.8729 50.2293 49.6337 49.1351 48.7231 48.3038 47.9294 47.4614 46.9145 46.2703 45.6001 44.9198 44.2139 43.5299 42.8375 42.1309
45.8034 48.4659 49.2380 50.0690 50.9853 51.7166 52.5436 53.3934 52.9728 53.3882 52.5669 53.4952 53.8868 54.0194 54.0639 54.0798 54.0873 54.0907 54.0916 54.0702 53.9636 53.9165 53.8408 53.9181 53.8059 53.5719 53.4842 53.4877 53.4632 53.3149 52.5938 52.5166 52.0692 51.4892 50.8596 50.2302 49.6460 49.1438 48.6957 48.3316 47.9123 47.4761 46.8979 46.2688 45.6120 44.9029 44.2270 43.5355 42.8318 42.1286
45.8199 48.4878 49.2191 49.9941 50.8289 51.7847 52.4557 52.3033 52.5091 52.3162 52.4619 52.0440 52.6234 53.0261 53.2067 53.2771 53.3037 53.2701 53.3101 52.5142 53.1199 53.1727 53.1437 53.0952 53.1243 53.0287 52.8408 52.7419 52.7202 52.6824 52.4935 51.7664 51.7016 51.3252 50.7933 50.1995 49.6205 49.1160 48.6736 48.2607 47.9166 47.4503 46.9037 46.2448 45.5827 44.9273 44.2095 43.5358 42.8518 42.1456
45.8185 48.4872 49.2506 49.9693 50.7495 51.5825 51.5704 51.6483 51.5841 51.6857 51.5932 51.6243 51.4144 51.8047 52.1798 52.3896 52.4850 52.5196 52.4724 52.4364 51.9607 52.3598 52.3228 52.3575 52.3355 52.3397 52.2551 52.0993 51.9969 51.9561 51.9007 50.9318 50.8770 50.8820 50.5774 50.1118 49.5857 49.0915 48.6569 48.2531 47.8196 47.4068 46.8678 46.2641 45.5741 44.8951 44.2366 43.5349 42.8496 42.1430
45.8002 48.4755 49.2494 50.0138 50.7148 50.8198 50.8251 50.8234 50.8637 50.8382 50.8898 50.8416 50.8284 50.7278 51.0112 51.3480 51.5722 51.6884 51.7314 51.7047 51.6213 51.3279 51.5624 51.5352 51.5739 51.5679 51.5599 51.4838 51.3511 51.2490 51.1935 51.0356 50.1057 50.0623 50.0811 49.8477 49.4756 49.0267 48.6350 48.2400 47.8077 47.2877 46.8003 46.2195 45.5861 44.8851 44.2166 43.5491 42.8439 42.1404
45.7105 48.3605 49.2600 49.8859 50.0809 50.0517 50.0693 50.0669 50.0651 50.0869 50.0791 50.1063 50.0779 50.0515 50.4799 50.3303 50.5502 50.7614 50.8897 50.9431 49.5014 50.5292 50.7431 50.7573 50.7497 50.7918 50.7958 50.7828 50.7138 50.5982 50.4985 50.4220 50.1956 49.3085 49.2717 49.3082 49.1568 48.5511 48.4837 48.1721 47.7945 47.3223 46.7263 46.1618 45.5503 44.9013 44.2107 43.5359 42.8623 42.1552
45.7548 48.4513 49.0637 49.2870 49.3093 49.3440 49.3178 49.2879 49.2510 49.2902 49.3113 49.3132 49.3285 49.3095 49.3358 49.7114 49.6175 49.7692 49.9583 50.0912 49.2879 48.5058 47.7198 49.7088 49.9768 49.9839 50.0142 50.0220 50.0071 49.9445 49.8421 49.7444 49.6472 49.3772 48.5479 48.5442 48.5898 48.4933 47.9492 47.9386 47.3002 47.1983 46.7213 46.0424 45.4804 44.8631 44.2127 43.5309 42.8544 42.1468
45.5262 48.2206 48.4886 48.5399 48.5713 48.5622 48.5171 48.4874 48.5009 48.4717 48.5133 47.7181 48.3684 48.5158 48.5376 48.6020 48.9473 48.8861 49.1089 49.1863 49.2023 48.4122 47.6433 46.8658 48.5247 49.0946 49.1919 49.2340 49.2466 49.2323 49.1755 49.0834 48.9877 48.8742 47.7930 47.8261 47.8347 47.9064 47.8307 47.1607 47.2589 46.5707 46.4713 46.0146 45.2855 44.5663 44.1224 43.5120 42.8461 42.1222
44.9983 47.6591 47.7601 47.7914 47.7931 47.8048 47.7962 47.7207 47.7031 47.7231 47.6764 47.6401 47.1697 47.5232 47.7007 47.7606 48.1023 48.0710 48.1315 48.4154 48.4180 48.3407 47.5585 46.7975 46.0264 45.2671 48.0481 48.3466 48.4404 48.4674 48.4571 48.4064 48.3231 48.2296 47.0631 47.0629 47.0520 47.1139 46.4296 46.9441 46.2327 46.4223 45.7692 45.6816 45.2620 44.5180 43.7899 43.0399 42.7312 41.9584
44.3227 46.9467 47.0087 47.0163 47.0252 47.0227 47.0343 47.0215 46.9355 46.9097 46.9392 46.9097 46.8260 46.5309 46.7256 46.8936 47.0083 47.3321 47.3146 47.6290 47.5956 47.6282 47.4953 46.7193 45.9640 45.1949 44.9589 46.8147 47.4239 47.6207 47.6799 47.6800 47.6365 47.5613 46.3011 46.2904 46.3399 46.3149 46.3043 45.8989 46.0787 44.6898 44.9271 44.8682 44.8588 44.4892 43.7334 42.9976 42.2422 41.5291
43.6034 46.1961 46.2364 46.2444 46.2457 46.2544 46.2558 46.1645 46.1389 46.1575 46.1380 46.1595 46.1347 46.0399 45.8427 45.9504 46.0995 46.5770 46.8045 46.8232 46.8406 46.8326 46.8379 46.6625 45.8879 45.1342 44.3673 44.4355 43.6314 46.0283 46.6811 46.8610 46.8947 46.8646 45.5353 45.5659 45.5442 45.5414 45.5599 45.5113 45.2480 44.4981 43.7587 43.0068 43.9234 44.0124 43.6973 42.9360 42.1927 41.4727
42.8652 45.4263 45.4632 45.4666 45.4737 45.4770 45.4838 45.4757 45.3736 45.3639 45.3806 45.3614 45.3809 45.3577 45.2667 45.1265 45.1857 45.9889 46.0345 46.0555 46.0493 46.0335 45.9275 46.0183 45.8326 45.0607 44.3067 43.5217 43.5446 42.7703 44.7984 45.6929 46.0096 46.0968 45.9463 44.7802 44.7657 44.7756 44.7512 44.7817 44.7260 44.4507 43.6941 42.9686 42.2755 43.0866 43.1737 42.8948 42.1097 41.3225
42.1216 44.6530 44.6862 44.6923 44.6969 44.7030 44.7074 44.7118 44.5870 44.5905 44.5585 44.5903 44.5592 44.5973 44.5797 44.4989 44.3938 44.5013 45.2605 45.2572 45.2402 45.1719 45.2159 45.1803 45.2130 45.0083 44.2148 43.4431 42.9026 42.7153 41.9563 43.6848 44.6932 45.1324 45.2683 44.0005 44.0025 43.9807 43.9931 43.9632 43.9971 43.9348 43.6511 42.9990 42.1250 41.0421 42.2080 42.3306 41.5180 40.7935
41.3675 43.8683 43.8623 43.9056 43.9223 43.9270 43.9325 43.9370 43.8067 43.7873 43.8016 43.7874 43.8083 43.7977 43.8191 43.8027 43.7331 43.6594 43.8012 44.4442 44.4050 44.4227 44.3970 44.3612 44.4036 44.1926 44.1396 43.3606 42.6032 42.2125 41.9175 41.5372 42.7329 43.7175 44.2395 44.3007 43.4603 43.2790 43.1906 43.2051 43.1716 43.2087 43.1425 42.8640 41.6966 40.8563 40.0764 41.3410 41.4224 40.5532
40.6008 43.0645 43.1215 43.1388 43.1383 43.1500 43.1563 43.1619 43.1515 43.0190 43.0126 43.0237 43.0210 43.0336 43.0275 43.0428 43.0272 42.9687 42.9225 43.6231 43.6286 43.6147 43.5905 43.6135 43.6008 43.6030 43.4554 43.3007 42.5304 41.7817 41.0653 41.0874 40.9702 41.8607 42.7733 43.3272 43.3929 42.4415 42.4847 42.3986 42.4116 42.3620 42.3176 42.3296 41.5399 40.7713 39.9937 39.2276 40.2923 39.3145
39.8731 42.3117 42.3556 42.3591 42.3668 42.3694 42.3786 42.3854 42.3894 42.3684 42.2428 42.2422 42.2503 42.2484 42.2528 42.2214 42.2601 42.2514 42.2049 42.2425 42.8252 42.8106 42.8277 42.8220 42.8231 42.8295 42.8158 42.6961 42.4798 41.7147 40.9267 40.4332 40.3292 40.3279 41.0298 41.8569 42.4146 42.4716 41.6368 41.6277 41.5807 41.5440 41.5472 41.5490 41.4688 40.6865 39.9251 39.1451 38.3083 37.5601
39.1365 41.5456 41.5785 41.5849 41.5892 41.5956 41.5998 41.6076 41.6143 41.6161 41.4642 41.4680 41.4676 41.4672 41.4490 41.4671 41.4383 41.4782 41.4756 41.4480 41.5328 42.0380 42.0419 42.0423 42.0443 42.0292 41.9930 42.0212 41.9224 41.6696 40.5694 40.0731 39.7395 39.5978 39.6454 40.2211 40.9640 41.5052 41.5659 40.8009 40.7683 40.7670 40.7730 40.7097 40.7552 40.6232 39.8451 39.0342 37.9930 37.3006
38.3849 40.7620 40.7547 40.7978 40.8119 40.8185 40.8247 40.8297 40.8368 40.8430 40.6881 40.6862 40.6839 40.6725 40.6804 40.6662 40.6874 40.6770 40.7013 40.7017 40.6927 41.2539 41.2560 41.2598 41.2450 41.2195 41.2292 41.1977 41.2288 41.1405 40.8279 39.9643 39.4075 39.0477 38.8804 38.9412 39.4253 40.0901 40.1024 39.9911 39.9856 39.9832 39.9463 39.9839 39.8772 39.9474 39.7862 38.6020 38.1047 37.3437
37.6304 39.9587 40.0075 39.9946 40.0224 40.0386 40.0472 40.0538 40.0593 40.0660 39.9065 39.9016 39.8939 39.8968 39.8901 39.9027 39.9001 39.9126 39.9111 39.9272 39.9299 39.9874 40.4693 40.4578 40.4424 40.4428 40.4241 40.4365 40.4054 40.4376 40.3499 40.0237 39.3097 38.7414 38.3584 38.1705 38.2255 38.6379 39.2122 39.1982 39.1973 39.1731 39.1834 39.1190 39.1498 39.1216 39.1475 38.9115 37.7066 36.9716
37.0361 39.2121 39.2170 39.2318 39.2294 39.2495 39.2656 39.2756 39.2828 39.2888 39.1211 39.1138 39.1142 39.1113 39.1194 39.1208 39.1300 39.1316 39.1402 39.1428 39.1545 39.1653 39.2604 39.6584 39.6581 39.6461 39.6492 39.6315 39.6446 39.6142 39.6464 39.5577 39.2388 38.6259 38.0688 37.6704 37.4647 37.5039 37.8545 38.4064 38.3940 38.3914 38.3498 38.3605 38.3462 38.3548 38.3211 38.3390 37.5125 36.7244
37.7651 38.2964 38.3790 38.3992 38.4011 38.4187 38.4345 38.4448 38.4512 38.4441 38.3080 38.2863 38.2841 38.2822 38.2887 38.2913 38.2991 38.3020 38.3095 38.3135 38.3249 38.3444 38.4530 38.7854 38.8227 38.8169 38.8175 38.8041 38.8109 38.7890 38.8035 38.7060 38.3888 37.8150 37.2700 36.8724 36.6670 36.7049 37.0329 37.5136 37.5585 37.5577 37.5249 37.5286 37.5180 37.5209 37.4905 37.4385 36.7573 36.6556
