#Value Function.
24.3831 24.4774 25.0111 25.5181 26.0244 26.5308 27.0371 27.5322 28.0507 28.4207 28.5149 28.5557 28.5230 29.1238 29.4546 29.6395 29.8325 30.0277 30.2489 30.3712 30.3710 30.2715 30.1440 29.9496 29.7620 29.5777 29.1861 28.2931 27.9393 27.8276 27.7598 27.5321 23.9652 23.1525 23.0441 23.0139 23.0053 23.0006 22.9936 22.9839 22.9777 22.9139 22.7028 22.2999 21.8531 21.6144 21.3395 20.9542 20.5131 20.3689
23.6652 25.1066 25.6101 26.1139 26.6205 27.1219 27.6287 28.1159 28.6361 28.9589 28.9789 28.9989 28.9387 29.6776 29.9101 30.0275 30.1788 30.3020 30.4301 30.4701 30.4528 30.3556 30.3199 30.1925 30.0646 29.9095 29.4977 28.4963 28.3107 28.2573 28.2049 27.9457 23.5517 23.5197 23.5051 23.4896 23.4848 23.4807 23.4731 23.4628 23.4575 23.3793 23.1327 22.6855 22.2323 22.0463 21.7568 21.3453 20.8928 20.4205
23.6274 25.1224 25.6206 26.1254 26.6286 27.1365 27.6305 28.1423 28.6149 29.1574 29.4540 29.3106 29.5007 29.4784 30.1682 30.2767 30.3583 30.4626 30.5064 30.5529 30.5469 30.5361 30.4634 30.3833 30.2878 30.0153 28.7388 28.7029 28.6913 28.6666 28.5223 27.4628 24.0367 24.0092 23.9797 23.9686 23.9562 23.9531 23.9491 23.9410 23.8775 23.6393 23.1653 22.6500 22.5338 22.2488 21.8225 21.3614 20.9116 20.4391
23.6679 25.1591 25.6324 26.1355 26.6451 27.1437 27.6539 28.1461 28.6790 29.1685 29.6635 29.9539 29.8238 30.0046 30.3961 30.5301 30.5982 30.6429 30.6917 30.6875 30.6917 30.6840 30.6485 30.5982 30.5048 29.2918 29.1683 29.1017 29.1004 29.0497 28.3475 24.3818 24.4943 24.4946 24.4654 24.4391 24.4317 24.4235 24.4216 24.3746 24.1602 23.6019 23.3409 23.0335 22.7446 22.2988 21.8283 21.3808 20.9302 20.4524
23.8276 25.2904 25.6505 26.1502 26.6560 27.1647 27.6745 28.2311 28.6988 29.1935 29.6438 30.1554 30.4214 30.3075 30.4780 30.7772 30.8616 30.8893 30.9055 30.9025 30.8971 30.8928 30.8824 30.8335 30.6226 29.6637 29.6365 29.5173 29.4843 29.4011 24.6581 24.5667 24.8735 24.9646 24.9498 24.9224 24.8943 24.9005 24.8662 24.7055 24.0139 23.8225 23.4961 23.2435 22.7733 22.2933 21.8492 21.4067 20.9071 20.4421
24.4088 25.9830 25.6682 26.1728 26.6796 27.1952 27.7379 28.2263 28.7376 29.1926 29.7002 30.1636 30.6222 30.8658 30.7731 30.9207 31.1232 31.1551 31.1561 31.1568 31.1445 31.1562 31.1315 31.0534 30.1062 30.0783 29.9912 30.0185 29.8841 29.4442 24.9038 25.1472 24.9429 25.3956 25.4225 25.3994 25.3711 25.3502 25.2235 24.7622 24.3232 23.9475 23.7484 23.2792 22.7909 22.3158 21.8897 21.3571 20.9779 20.5120
24.5614 26.1088 26.5645 26.2121 26.7453 27.2726 27.7696 28.2605 28.7325 29.2349 29.7168 30.1854 30.6056 31.0753 31.2783 31.2131 31.4035 31.4226 31.4411 31.4259 31.4369 31.4200 31.3796 31.1137 30.4746 30.4065 30.4181 30.3250 29.9357 28.9940 25.4279 25.2890 25.6699 25.7400 25.8501 25.8491 25.8217 25.7360 25.2988 24.7874 24.3782 24.2618 23.7940 23.2980 22.8209 22.3839 21.7965 21.4523 21.0439 20.5717
24.6408 26.1959 26.6122 27.1651 27.3017 27.5517 27.8245 28.2816 28.7718 29.2549 29.7340 30.1849 30.6540 31.0609 31.5056 31.6566 31.6246 31.7232 31.7061 31.7279 31.7012 31.7080 31.4275 31.0876 30.8086 30.8016 30.7385 30.5142 29.9715 25.3508 25.6562 25.9128 26.0249 26.0611 26.1396 26.2295 26.2108 25.8570 25.3396 24.9149 24.7882 24.3198 23.8142 23.3860 22.8892 22.2178 21.9332 21.5208 21.0643 20.5908
24.6149 26.1464 26.7317 27.3098 27.6333 27.6569 27.9554 28.3730 28.8019 29.2674 29.7322 30.2097 30.6485 31.1005 31.4968 31.9242 32.0061 31.9901 32.0325 31.9855 32.0199 31.9097 31.4544 31.2460 31.1544 31.1268 30.9535 30.4136 30.0737 25.5839 25.7739 26.1090 26.3242 26.3871 26.4814 26.5585 26.3600 25.9279 25.5090 25.3074 24.8258 24.3376 23.8600 23.4034 22.6098 22.4263 21.9984 21.5338 21.0746 20.6001
24.7016 26.2448 26.8492 27.3170 27.7353 27.9963 27.8442 28.4693 28.8325 29.2757 29.7442 30.2041 30.6667 31.0967 31.5525 32.0939 32.2997 32.3377 32.3454 32.3411 32.2699 31.7877 31.5513 31.4717 31.4971 31.3930 30.8255 30.5127 30.0418 25.7742 26.0241 26.1678 26.4945 26.5691 26.6689 26.6013 26.4666 26.2597 25.8273 25.1633 24.8260 24.3128 23.8748 23.4044 22.9421 22.4749 22.0016 21.5448 21.0780 20.6040
24.8117 26.3655 26.9313 27.4506 27.7266 27.9359 28.2054 27.9150 28.8197 29.2815 29.7429 30.2086 30.6670 31.1438 31.6449 31.9745 32.5316 32.6664 32.6587 32.6605 32.1126 31.8931 31.4833 31.8736 31.7854 31.5430 31.0750 30.6922 25.3645 25.6539 26.2760 26.4140 26.4930 26.6856 26.6079 26.6723 26.5226 26.2378 25.5203 25.3137 24.7612 24.3508 23.8649 23.4123 22.9431 22.4819 22.0159 21.5460 21.0853 20.6109
24.8633 26.4255 26.9369 27.1171 27.6519 27.7773 28.1251 28.4783 28.8366 29.2633 29.7431 30.2116 30.7000 31.1874 31.5823 32.0716 32.3583 32.9898 33.0176 32.8859 32.3390 31.8282 32.3195 32.1732 31.9783 31.4529 31.1169 30.6728 25.2697 25.8633 26.5734 26.6616 26.7207 26.8498 26.6922 26.5846 26.3801 25.7803 25.7398 25.1709 24.8246 24.3250 23.8839 23.4107 22.9518 22.4857 22.0230 21.5573 21.0894 20.6154
24.8299 26.3880 26.6956 27.1954 27.4279 27.5541 28.0104 28.4074 28.8360 29.2928 29.7431 30.2356 30.7169 31.1473 31.6127 31.9913 32.6089 33.3539 33.3551 33.3907 33.2680 32.8129 32.5511 32.4162 31.9240 31.5458 31.0655 25.6286 25.4395 26.1654 27.0261 26.9658 27.0256 26.5868 26.6267 26.4158 26.0133 25.5002 25.3641 25.2078 24.7394 24.3441 23.8241 23.4104 22.9516 22.4920 22.0277 21.5644 21.0990 20.6144
24.7465 26.2160 26.6679 26.9381 27.1485 27.5452 27.8922 28.3744 28.8183 29.3214 29.7881 30.2442 30.6901 31.1548 31.6174 32.3496 33.7435 33.5393 33.7895 33.7144 33.1577 32.9073 32.8778 32.2959 31.9733 31.5225 31.1095 25.1446 25.9069 27.5438 27.3355 27.4729 26.6796 26.6308 26.3255 26.2633 25.8519 25.4325 25.0971 24.8929 24.6841 24.2763 23.8636 23.3471 22.9378 22.4896 22.0319 21.5350 21.0341 20.5365
25.3916 26.5758 26.4963 26.7501 27.1086 27.4279 27.8895 28.3461 28.8397 29.3242 29.8256 30.2803 30.7549 31.2695 32.0413 33.2128 33.8598 34.2382 34.2133 33.5100 33.2463 33.3994 32.6550 32.3783 31.9001 31.5259 25.5586 25.5839 26.9462 27.6824 28.0841 27.0497 26.9236 25.9501 26.0991 25.9184 25.7699 25.3996 24.9913 24.6511 24.4114 24.1730 23.8003 23.3845 22.8659 22.4199 21.8849 21.3405 20.8682 20.3949
29.5072 31.5402 32.5296 32.0801 27.0330 27.4661 27.8921 28.5074 29.6907 34.0911 34.3936 34.5992 34.6635 34.7470 34.7263 34.7520 34.7263 34.7497 33.9687 33.7053 34.0019 32.9832 32.8495 32.2846 31.9196 25.9124 25.3466 26.6035 28.3254 28.7992 27.5491 26.2814 25.5799 25.5563 25.4643 25.5551 25.4273 25.2583 24.9230 24.5323 24.1918 23.9300 23.6715 23.3184 22.9046 22.3579 21.7920 21.3561 20.8805 20.4070
30.4314 32.2648 32.9209 33.0627 32.9981 27.5514 28.3008 29.8418 33.7547 34.1939 34.5844 34.8779 35.0742 35.1007 35.1960 35.1409 35.2030 35.1313 34.9397 34.6555 33.5744 33.4112 32.6751 32.3601 31.8672 25.3034 26.6655 29.9392 29.5550 28.1656 25.7905 25.1377 25.0267 24.9707 25.0161 24.9780 25.0165 24.9166 24.7413 24.4333 24.0652 23.7277 23.4500 23.1768 22.8341 22.2346 21.8342 21.3410 20.8921 20.4166
30.6657 32.4400 33.0656 33.4378 33.5521 33.5066 29.8132 32.8815 33.7618 34.2529 34.6701 35.0655 35.3417 35.5336 35.5061 35.6064 35.5733 35.3832 35.1167 34.7228 34.1910 33.2958 32.9114 32.2941 31.8905 31.4424 31.0640 30.2829 28.1864 23.5300 24.6664 24.5072 24.4607 24.4929 24.4636 24.4834 24.4701 24.4813 24.3959 24.2250 23.9397 23.5928 22.7336 22.8582 22.6625 22.3226 21.8011 21.3644 20.8883 20.4147
30.8011 32.5658 33.0065 33.5908 33.9522 34.0284 34.0170 34.0587 33.8544 34.2929 34.6980 35.1098 35.5045 35.7289 35.8900 35.8330 35.7852 35.5587 35.1946 34.6429 34.1046 33.6719 32.9332 32.4467 31.8814 31.5765 30.8657 29.2912 22.8862 23.4253 23.9940 23.9477 23.9745 23.9525 23.9535 23.9482 23.9595 23.9542 23.9511 23.8737 23.7101 23.4439 23.0569 22.1691 22.1088 22.0982 21.8085 21.3463 20.8997 20.4213
30.8224 32.5626 33.1013 33.5212 34.1172 34.4647 34.4890 34.5532 33.9355 34.3643 34.7801 35.1457 35.4919 35.8368 35.8437 35.9453 35.8145 35.6195 35.0881 34.5394 34.1605 33.6641 33.1834 32.5283 32.0906 31.4774 29.7896 22.4982 22.8584 23.4002 23.4780 24.1068 27.0045 23.4736 23.4248 23.4314 23.4310 23.4380 23.4356 23.4243 23.3514 23.1957 22.9397 22.5245 21.8311 21.6406 21.5602 21.2960 20.8780 20.3894
30.8728 32.6245 33.0806 33.6134 34.0351 34.6523 34.9727 35.0080 35.0880 34.4549 34.8308 35.1846 35.4340 35.6973 35.8742 35.7219 35.8000 35.4263 34.9427 34.6145 34.1132 33.6907 33.2119 32.5793 31.9888 31.0617 24.0031 22.7456 22.9756 23.7654 27.3073 28.0389 27.5024 22.9586 22.9051 22.9060 22.9111 22.9084 22.9020 22.9124 22.8988 22.8293 22.6808 22.4300 22.0189 21.4425 21.1817 21.0420 20.7873 20.2771
30.8724 32.6219 33.1368 33.5843 34.1363 34.5505 35.1922 35.4571 35.4964 35.5290 34.8509 35.1502 35.5652 35.6060 35.7100 35.7880 35.5637 35.2796 34.8565 34.4917 34.1246 33.6604 33.0291 32.4830 31.6921 29.6784 28.7783 23.6423 29.0227 28.0325 28.7580 27.9501 27.5518 22.4457 22.3909 22.3875 22.3879 22.3894 22.3846 22.3847 22.3902 22.3744 22.3076 22.1651 21.9196 21.5255 21.0237 20.7249 20.5382 20.0256
30.8742 32.6434 33.1201 33.6397 34.0958 34.6663 35.0550 35.7413 35.9124 35.8077 34.7864 35.1783 35.5861 35.9160 35.6871 35.7436 35.5623 35.1883 34.8279 34.4132 34.0259 33.4819 32.9462 32.4354 29.8291 29.7803 29.7956 29.7023 29.7729 29.5398 28.3150 28.1646 27.5436 22.8123 26.8728 26.9557 22.9590 21.8614 21.8601 21.8646 21.8663 21.8225 21.8410 21.7840 21.6484 21.4097 21.0369 20.5856 20.2668 19.7735
30.8489 32.6286 33.1483 33.6223 34.1581 34.6074 35.1989 35.5457 36.3047 36.3598 36.2996 35.1520 35.5711 36.0030 36.2308 35.8734 35.4163 35.1061 34.7348 34.3543 33.9494 33.4127 32.8907 32.4691 30.3037 30.3019 30.2353 30.2814 30.1382 29.0804 28.8961 28.4401 28.3604 28.0934 27.5919 26.6284 21.5425 21.3854 21.3392 21.3414 21.3452 21.3422 21.3142 21.3142 21.2606 21.1310 20.9007 20.5497 20.1349 19.6491
30.8467 32.6394 33.1404 33.6578 34.1355 34.6817 35.1131 35.7490 36.0878 36.8862 36.7867 36.8432 35.6844 36.7383 36.2930 35.4493 35.3391 34.9642 34.6287 34.2629 33.8816 33.3425 32.9312 30.8215 30.7958 30.7673 30.7788 30.6819 30.0781 28.8575 28.8650 28.8606 28.6101 28.0501 27.6201 27.0820 25.7471 20.8918 20.8654 20.8305 20.7940 20.8194 23.4747 20.7386 20.6393 20.7054 20.6065 20.3909 20.0618 19.5604
30.8411 32.6365 33.1602 33.6514 34.1767 34.6493 35.2244 35.6550 36.2948 36.5069 37.5384 37.1595 37.4570 36.8198 35.8515 35.7141 34.8837 34.7970 34.4858 34.1508 33.7892 33.3937 31.3378 31.2743 31.2966 31.2604 31.2292 30.6520 29.3542 29.1312 29.3693 29.1438 28.4897 28.1179 27.6086 27.1495 26.5389 24.9642 21.3543 20.7227 24.6043 24.8934 21.5830 20.1795 20.1645 20.1376 20.1652 20.0804 19.8801 19.3586
30.8504 32.6491 33.1621 33.6777 34.1696 34.7150 35.1891 35.7615 36.1550 37.0706 37.9220 38.0539 37.4844 35.4549 35.2284 35.1872 35.1206 34.5298 34.3046 33.6996 33.6073 32.0976 31.7237 31.8322 31.7203 31.7796 31.2206 29.9550 29.5012 29.9145 29.6788 29.0110 28.6384 28.1512 27.7118 27.1757 26.6830 25.9853 24.3704 25.7400 25.6001 24.3966 24.0076 19.6952 19.6623 19.6465 19.6281 19.6333 19.5548 19.0165
30.8604 32.6555 33.1810 33.6835 34.2157 34.7210 35.3211 36.1100 38.6036 38.4767 38.5801 38.3212 35.2153 34.8115 34.7162 34.6850 34.7067 34.5875 34.1215 33.7973 32.8600 33.6376 32.3665 32.1409 32.3436 31.7929 30.5218 30.3224 30.4916 30.2044 29.5551 29.1823 28.6066 28.1776 27.7313 27.2523 26.7333 26.2120 26.4811 26.2164 25.1419 24.9591 24.0657 23.1284 20.0201 19.3300 19.1694 19.1232 19.1079 18.5613
30.9147 32.6761 33.1954 33.7257 34.2669 34.9532 36.1067 39.0882 39.0316 39.0912 38.8932 37.8565 37.4999 34.3034 34.3585 34.2989 34.2695 35.0341 35.2282 35.0749 34.4608 32.9824 32.5098 32.9278 32.3675 31.0589 30.8667 31.0290 30.7065 30.1231 29.7318 29.1688 28.7240 28.1928 27.7357 27.2792 26.8005 27.0463 26.7459 26.1046 25.6641 24.8256 24.4225 23.6292 22.4793 18.7142 18.6395 18.5878 18.5996 18.0507
31.3368 32.7493 33.3038 33.8781 34.6456 35.9323 38.3640 39.4498 39.5797 39.4668 38.4743 38.3224 34.6949 36.2135 35.3441 35.7377 35.5598 35.7318 35.6052 35.0211 33.7509 33.1987 33.5541 32.9503 31.5769 31.4033 31.5593 31.2428 30.3014 30.1846 29.7227 29.3576 28.7812 28.2985 27.7818 27.5197 27.6108 27.2581 26.6587 26.2517 25.6832 25.1663 24.4456 23.9307 23.1570 21.7944 18.1234 18.0732 18.0718 17.5293
35.4230 37.7277 37.7981 37.8880 35.8768 38.8173 39.5371 40.0970 39.8511 40.1234 37.9169 37.7841 37.4740 35.9655 36.2363 35.8584 36.1751 36.1328 35.4292 35.1108 34.6081 34.1821 33.4971 32.2805 31.9138 32.0710 31.7738 30.8411 30.7025 30.2419 29.7965 29.3490 28.9298 28.3976 27.8921 28.1512 27.7244 27.3371 26.8085 26.2458 25.7831 25.2431 24.6941 24.0333 23.7183 22.7167 17.6373 17.6365 17.5726 17.0990
36.1116 38.1501 38.1992 38.2720 38.6027 39.8436 38.9463 40.1634 40.6512 40.0844 39.6178 37.2135 37.3625 36.6792 36.7624 36.5943 36.6479 35.9059 35.6212 35.0429 34.6660 34.0725 32.5472 32.4052 32.5721 32.2803 31.3995 31.2530 30.5949 30.4446 29.9164 29.4530 28.9884 28.7733 28.7215 28.1519 27.8087 27.3166 26.8783 26.3610 25.8151 25.3258 24.7915 24.2331 23.6331 23.6588 25.3773 18.8893 17.4912 17.3616
36.5149 38.5863 38.6206 38.6703 38.7148 38.9852 40.6743 41.2348 40.2634 40.3983 39.9960 38.8521 38.6819 37.5836 36.9038 37.1890 36.3665 36.1211 35.5289 35.1416 34.6480 33.2161 32.7066 33.0655 32.7702 31.9067 31.7824 31.1596 30.8712 30.3493 30.0769 29.6108 29.1291 29.2255 28.5286 28.2677 27.7770 27.3685 26.8962 26.4290 25.9150 25.3780 24.9853 24.3626 23.7858 26.0879 26.3996 25.9801 19.8452 20.0630
36.5192 38.6306 39.1468 39.0674 39.0125 41.2144 41.7832 41.0176 40.0411 38.9157 39.5074 38.8931 39.1151 38.6132 37.8170 36.7054 35.6065 35.1767 35.4605 35.0781 34.6918 34.1597 33.5981 33.2535 32.4300 32.4602 31.7234 31.4310 30.9363 30.5775 30.1185 30.0181 29.7271 28.9802 28.7892 28.2363 27.8574 27.3872 26.9414 26.4626 25.9834 25.4701 24.9502 24.5002 26.9442 26.9303 26.9020 26.0524 24.8995 24.5210
35.8114 37.7413 39.3472 39.6635 41.4594 41.9752 42.2376 41.7176 41.0461 39.7120 38.7051 39.4383 38.9316 38.1502 37.5756 37.1277 34.7979 34.8877 34.6652 34.8579 34.6097 33.9714 33.6766 33.1934 32.9207 32.2697 32.0876 31.5400 31.1909 30.7426 30.3534 29.9496 30.2287 30.8868 31.0724 30.8395 28.4328 29.7149 26.0832 25.9184 25.4932 25.4215 24.9979 27.4554 27.4004 27.4174 27.1229 26.4462 25.5997 25.1765
35.8706 37.9626 38.0814 40.1094 41.3403 41.5363 42.2029 41.2044 40.3011 39.6755 39.7312 38.3000 38.3761 37.9345 37.5209 37.3382 36.7864 34.2423 34.3213 34.1827 34.3158 34.1266 33.5216 33.2836 32.9444 32.6036 32.1128 31.8491 31.4124 31.0334 31.6945 30.4131 31.2493 31.4851 31.1802 31.0298 30.3047 30.4839 30.7369 26.6840 28.2299 27.8932 27.9729 27.8529 27.9405 27.6440 27.0251 26.6182 25.9803 25.5264
35.1435 37.0854 38.7213 38.2615 40.7999 41.0858 41.2820 40.2855 39.5054 39.6564 39.6514 38.5730 38.1755 38.0397 37.8495 37.2195 36.7849 36.2748 33.7523 33.8300 33.8100 33.8376 33.6778 33.2404 32.9872 32.7073 32.3883 31.9876 31.7123 31.9340 32.2586 31.5541 31.8518 31.4500 31.2544 31.8171 30.8292 31.3228 30.5170 28.8816 28.9889 28.6474 28.2708 28.4818 28.1423 27.6698 27.1723 26.6032 26.1357 25.6794
34.8249 36.7720 37.5461 39.5921 38.1866 38.8881 40.3120 40.6713 39.6737 39.7106 39.4803 39.3065 38.6038 38.3573 37.6274 37.2502 36.7433 36.1570 35.4611 33.3653 33.3931 33.3800 33.4160 33.3037 32.9969 32.7754 32.5314 32.2960 31.9962 32.4226 32.2946 32.1606 31.6395 31.3578 32.2123 32.2821 31.9522 30.7975 30.7507 29.7000 29.2057 29.5172 29.0503 28.6338 28.1602 27.6854 27.2096 26.7423 26.2788 25.8036
34.6957 36.6513 37.2862 37.9484 38.3205 38.5792 39.2926 39.7659 40.0226 39.4473 39.3229 39.1217 38.8454 37.9970 37.7210 37.2099 36.6498 35.8303 35.6433 35.2308 34.7918 33.3556 33.0733 33.0611 32.9887 32.7878 32.6331 32.5002 32.3947 32.7735 33.0198 33.1856 33.1356 32.5912 32.6178 32.3948 31.3391 31.2688 31.1269 30.3468 30.1188 29.4974 29.1124 28.6076 28.1377 27.6784 27.2111 26.7485 26.2835 25.8084
34.6004 36.5607 37.2075 37.8036 38.1252 38.7153 39.0274 38.3742 39.1119 39.3950 39.0542 38.4406 38.5602 38.2942 37.2561 37.0813 36.7168 36.1385 35.6758 35.2022 34.7972 34.3899 34.0419 33.7246 32.9872 32.8112 32.6974 32.6664 32.6534 32.8618 33.1751 33.1603 33.1479 32.8604 32.6931 32.2439 31.9751 31.5823 31.0098 30.6346 29.8963 29.5950 29.0659 28.5991 28.1495 27.6795 27.2184 26.7530 26.2882 25.8120
34.4553 36.4078 37.0447 36.3854 36.9123 37.4753 38.0557 38.5420 38.8094 38.6840 38.8095 38.5380 37.8546 37.4971 37.6008 37.0759 36.5764 36.1316 35.6294 35.2058 34.7519 34.3756 34.0124 33.6858 33.3821 33.0886 32.8501 32.6981 32.7604 32.7355 32.8280 32.3050 32.9490 32.9555 32.4496 32.3618 31.9701 31.3386 31.1300 30.2380 30.0886 29.5129 29.0614 28.6090 28.1472 27.6885 27.2220 26.7592 26.2848 25.8093
34.2842 36.2976 35.8428 36.3539 36.9074 37.4243 37.9944 38.2354 38.1926 38.2582 38.2037 38.2460 37.9927 37.4372 37.0890 37.0287 36.6062 36.0650 35.6522 35.1577 34.7662 34.3646 33.9981 33.6521 33.3011 32.9856 32.7382 32.5153 32.5228 32.7953 32.1236 32.0711 31.8946 32.5690 32.6333 31.7188 31.6041 31.5152 30.6675 29.6500 29.5700 29.5220 29.0648 28.6078 28.1534 27.6893 27.2286 26.7637 26.2882 25.8080
33.4752 35.3106 35.8467 36.3586 36.8648 37.4331 37.6738 37.6804 37.7173 37.6908 37.7110 37.6959 37.6919 37.4581 36.9948 36.6585 36.4984 36.1231 35.5758 35.1896 34.7505 34.3521 33.9700 33.5664 33.1951 32.8749 32.6100 32.3446 32.1103 32.4383 32.0533 32.0204 31.6015 31.7249 32.1873 31.4516 31.2471 31.0789 30.9780 29.3304 29.0262 28.9787 28.9549 27.7592 27.9671 27.6536 27.2222 26.7673 26.2625 25.7597
33.4305 35.3350 35.8190 36.3697 36.8733 37.1191 37.1581 37.1826 37.1704 37.1802 37.1743 37.1865 37.1365 37.1389 36.9299 36.5354 36.2106 35.9953 35.6392 35.1636 34.7407 34.3286 33.8995 33.4802 33.1131 32.7947 32.4801 32.2037 31.9344 31.9919 32.1819 31.6852 31.5812 31.2439 31.4246 31.6724 30.8648 30.6424 29.9525 28.5982 28.5002 28.4487 28.3900 28.2961 27.1626 27.0992 27.0786 26.5502 26.0676 25.5802
33.4068 35.3171 35.8588 36.3223 36.5662 36.6301 36.6512 36.6462 36.6505 36.6523 36.6586 36.6237 36.6525 36.6253 36.5976 36.4067 36.0678 35.7565 35.5091 35.1671 34.7388 34.2672 33.8297 33.4207 33.0612 32.7164 32.4167 32.1168 31.8118 31.7320 31.7750 31.8309 31.4761 31.1782 30.8471 31.0407 31.1274 30.2742 30.0821 29.5234 28.9587 27.8503 27.6252 26.7897 26.6012 26.6274 26.5880 26.5064 25.9839 25.5011
33.3391 35.3127 35.7286 35.7839 36.0975 36.1161 36.0913 35.9568 35.1816 36.1254 36.1056 36.1198 36.1112 36.1257 36.1073 36.0633 35.8915 34.9862 34.7399 34.9108 34.6817 34.2145 33.7846 33.3939 33.0249 32.6836 32.3564 32.0507 31.7437 31.5596 31.4713 31.4671 31.4640 31.1712 30.7429 30.6969 30.6409 30.5661 29.9455 29.4639 28.5294 28.1928 27.7255 27.1494 26.4379 26.1614 26.1153 26.0698 25.9464 25.4147
32.6291 34.4494 35.0125 35.5322 35.5748 35.5197 35.2928 34.5552 35.4745 35.5834 35.5908 35.5891 35.5973 35.5949 35.6021 35.5863 35.5340 34.2847 34.3442 34.2265 34.3476 34.1795 33.7891 33.3932 33.0165 32.6659 32.3375 32.0301 31.7239 31.4499 31.2573 31.1370 31.1080 31.0493 30.7781 30.4094 30.1039 30.0537 30.0042 28.8643 28.6768 28.1900 27.7228 27.2525 26.6839 26.0518 25.7250 25.6188 25.5515 25.0172
32.4848 34.3311 34.9440 35.0250 34.9472 34.6947 34.1996 34.4756 35.0438 35.0635 35.0650 35.0702 35.0710 35.0765 35.0769 35.0800 35.0641 33.8021 33.7360 33.7960 33.7135 33.8020 33.6766 33.3508 32.9806 32.6209 32.2835 31.9725 31.6644 31.3748 31.1066 30.8926 30.7624 30.6915 30.3097 29.9272 29.5575 29.3872 28.7752 29.2178 28.5197 28.1850 27.7330 27.2645 26.7835 26.2265 25.6448 25.2881 25.1326 24.6162
32.5446 34.3444 34.4655 34.3807 34.1360 33.7948 34.0000 34.4448 34.5314 34.5284 34.5412 34.5456 34.5501 34.5522 34.5564 34.5579 33.4338 33.2288 33.2569 33.2160 33.2683 33.2504 33.1506 33.1491 32.8964 32.5609 32.2090 31.8841 31.5704 31.2759 30.9876 30.7086 30.4900 30.3348 30.2025 29.8656 28.8403 28.4146 28.6326 28.6022 28.0118 27.6680 27.6157 27.2475 26.7991 26.3166 25.7728 25.2245 24.8492 24.3166
33.2457 33.7193 33.8767 33.8053 33.5759 33.2932 33.4596 33.8435 33.9572 33.9684 33.9802 33.9854 33.9897 33.9917 33.9887 33.9039 32.9751 32.7046 32.6948 32.6698 32.7074 32.6950 32.6166 32.5907 32.3671 32.0484 31.7119 31.3867 31.0741 30.7876 30.4999 30.2156 29.9940 29.8220 29.6641 29.2901 28.3817 27.9411 28.0605 27.9994 27.4908 27.1443 27.0324 26.6871 26.2469 25.7642 25.2283 24.6973 24.3275 24.2687
