#Value Function.
41.81   45.49   46.53   49.32   53.85   54.00   53.97   50.30   47.80   44.77   42.04   39.38   36.94   36.01   38.35   41.02   43.56   47.36   51.65   51.81   52.22   54.27   55.79   58.40   58.30   58.33   53.47   52.58   52.50   52.53   52.66   50.46   48.44   47.78   46.98   46.52   46.50   47.91   49.72   50.64   50.39   50.65   50.76   50.78   54.09   54.69   54.70   54.69   54.65   54.25  
42.43   44.40   46.71   49.67   52.38   58.16   53.50   51.11   47.74   44.87   42.01   39.42   36.94   35.97   38.44   40.89   43.82   46.31   50.52   55.74   53.93   55.67   57.99   59.36   62.74   58.72   56.28   53.97   54.23   56.54   53.85   51.49   50.97   50.33   47.95   48.13   49.87   49.00   51.18   53.19   54.19   53.29   53.90   54.20   52.69   58.36   58.36   58.34   58.03   56.52  
45.07   43.89   50.50   51.55   53.96   55.60   54.68   50.87   47.88   44.79   42.05   39.40   36.96   36.02   38.35   40.98   42.99   45.62   49.41   52.17   51.97   57.55   62.20   62.03   69.39   60.07   61.99   55.80   53.30   54.36   53.08   53.19   51.36   49.88   49.47   51.98   52.98   53.26   55.59   58.70   58.88   62.91   60.78   59.23   59.44   62.24   62.25   62.06   60.47   57.66  
49.35   48.07   52.03   50.54   52.05   52.96   52.90   50.99   47.73   44.86   42.01   39.42   36.94   35.97   38.39   40.75   43.47   46.34   49.45   52.54   54.89   58.41   64.03   63.89   66.85   62.39   59.35   57.60   53.84   52.71   55.59   54.58   53.05   53.13   53.25   53.97   55.60   57.48   59.27   61.49   64.01   65.59   66.53   66.40   66.60   66.39   66.39   64.69   61.60   58.16  
50.03   53.22   54.68   52.67   50.15   52.29   51.89   49.90   47.69   44.76   42.05   39.40   36.96   36.14   38.25   40.76   43.46   46.37   49.42   52.77   56.16   58.57   61.60   62.43   66.82   65.36   61.04   57.37   53.97   55.24   55.94   56.66   56.58   56.64   56.65   56.71   57.46   59.30   61.34   63.16   65.57   68.43   70.04   71.11   70.75   71.03   69.21   65.79   61.99   59.04  
49.92   53.41   58.60   53.21   50.70   50.11   50.24   50.19   46.92   44.64   41.96   39.41   36.94   36.97   38.47   40.77   43.47   46.35   49.47   52.69   56.31   60.06   61.28   61.15   65.35   62.76   61.20   57.38   55.01   56.19   59.22   60.27   60.40   60.41   60.41   60.41   60.38   61.15   63.26   65.47   67.29   69.90   73.19   74.76   76.04   74.06   70.27   66.03   62.87   60.87  
49.96   52.54   55.39   54.37   50.57   48.08   49.39   48.39   46.85   44.05   41.80   39.33   36.94   38.17   39.40   40.94   43.46   46.37   49.41   52.66   55.08   60.26   61.37   61.04   64.60   61.53   60.27   58.74   55.77   57.11   59.89   63.48   64.37   64.42   64.43   64.41   64.21   62.49   65.31   67.47   69.90   71.66   74.49   78.35   80.04   75.13   70.32   66.91   64.90   63.26  
49.17   51.05   52.82   51.93   50.68   47.12   49.15   46.66   45.32   43.78   41.33   39.16   36.87   38.81   40.81   41.98   43.54   46.33   49.37   52.54   55.29   60.48   60.78   59.82   64.65   61.64   62.81   60.44   57.13   59.62   60.69   63.82   68.13   68.72   68.70   68.65   67.11   61.70   66.34   69.82   71.91   74.68   76.27   79.35   84.21   78.71   72.86   69.15   67.70   64.38  
47.84   49.58   51.10   49.60   48.66   46.97   48.77   45.82   43.83   42.47   40.94   38.75   36.69   38.83   41.47   43.65   44.71   46.28   49.25   52.26   56.19   56.96   56.93   60.19   61.31   63.58   63.86   62.62   58.73   59.54   64.01   64.38   67.97   73.26   73.29   72.59   66.70   61.33   62.03   71.54   74.58   76.60   79.85   81.10   84.58   80.60   75.96   72.54   68.69   65.29  
46.35   47.05   48.60   47.83   46.55   45.66   47.04   45.16   42.98   41.15   39.80   38.30   36.45   38.91   41.39   44.33   46.72   47.60   49.04   52.34   53.35   53.69   56.21   57.57   59.41   59.92   61.21   60.09   60.92   59.94   63.78   68.87   67.68   73.69   80.14   72.79   69.60   61.69   59.70   72.22   77.18   79.59   83.00   82.99   86.72   82.68   76.89   73.66   69.56   66.93  
44.05   44.36   45.18   45.45   44.78   45.46   46.91   43.59   42.24   40.31   38.62   37.29   36.47   38.84   41.53   44.10   47.39   50.05   50.65   48.13   50.54   52.58   54.01   55.57   56.24   57.24   57.14   58.90   58.55   60.19   63.55   68.11   69.71   73.07   81.25   74.99   68.75   63.86   62.64   73.42   77.42   82.67   85.15   83.98   89.06   82.59   79.04   73.87   71.57   67.60  
41.69   42.96   42.52   42.41   43.15   45.88   45.59   43.60   41.02   39.55   37.80   36.24   36.43   38.91   41.39   44.34   46.80   50.70   49.44   47.36   49.23   50.64   52.01   52.76   53.57   53.74   55.04   55.14   56.79   59.31   63.46   65.49   67.85   72.59   78.71   77.06   70.55   65.93   65.09   71.75   78.68   82.39   89.49   86.81   90.07   84.69   80.75   75.80   72.26   67.22  
40.46   43.35   41.30   41.61   44.37   45.86   45.77   42.50   40.78   38.55   37.05   35.45   36.47   38.83   41.50   43.80   45.63   49.77   48.62   46.36   47.46   48.69   49.46   50.17   50.49   51.51   51.95   54.10   57.44   59.93   63.74   65.55   67.90   71.79   75.70   73.75   71.54   70.44   70.38   71.52   79.39   84.05   89.70   90.09   91.81   86.30   80.85   75.83   71.21   67.57  
40.58   43.04   40.79   41.68   44.37   47.53   44.19   42.69   39.97   38.18   36.20   34.72   36.42   38.85   41.01   42.83   45.16   47.12   46.50   45.44   45.60   46.36   47.01   47.41   48.25   48.89   50.84   53.98   57.75   61.41   64.10   65.03   67.10   69.46   73.54   71.02   69.48   71.20   75.24   67.74   75.99   78.77   86.54   89.40   85.17   86.21   80.88   75.82   71.11   66.82  
40.04   40.00   40.08   41.62   44.47   47.32   44.14   41.56   39.90   37.54   35.77   34.74   36.38   38.41   40.20   42.38   44.98   48.62   48.06   47.31   46.54   45.29   44.49   45.23   45.98   47.78   50.66   54.15   57.52   61.66   66.03   66.01   67.36   69.24   71.60   68.93   68.93   69.95   70.97   68.30   74.30   78.64   88.69   86.50   81.04   83.71   80.56   75.80   71.09   66.67  
37.52   37.73   39.14   41.65   44.13   46.74   43.42   41.33   39.04   37.33   36.65   36.56   36.89   38.15   40.05   42.19   44.81   48.00   50.45   49.70   48.38   46.44   44.41   43.22   44.89   47.53   50.74   54.00   57.81   61.27   66.30   67.02   67.24   68.74   71.05   67.22   67.59   66.28   67.09   68.08   73.64   80.82   89.46   87.61   84.97   83.33   78.67   75.36   71.03   66.63  
35.49   36.79   39.03   41.34   43.50   43.44   43.43   40.78   39.16   39.01   38.97   38.99   38.95   39.22   40.62   42.71   44.95   47.44   53.09   51.70   49.55   47.42   44.94   43.50   44.73   47.56   50.66   54.15   57.54   61.75   65.37   67.56   64.82   66.31   66.07   66.15   65.71   63.49   64.19   68.27   72.85   80.17   85.10   89.11   83.70   79.70   77.81   73.85   70.54   66.53  
35.34   37.08   38.71   40.59   41.06   41.46   41.59   41.55   41.60   41.55   41.60   41.54   41.51   41.25   41.71   43.25   45.56   47.92   51.99   52.85   50.66   47.82   46.23   46.01   46.23   47.51   50.74   54.00   57.79   61.08   62.96   66.10   62.91   62.00   62.15   63.20   63.10   61.52   64.03   68.21   72.69   78.14   81.71   84.32   81.66   78.54   76.11   72.88   69.28   66.03  
35.69   37.75   39.58   41.03   42.48   43.92   44.25   44.38   44.30   44.38   44.29   44.31   43.97   43.88   43.72   44.37   46.05   48.62   51.59   54.17   51.04   47.84   48.55   49.44   48.57   47.56   50.65   54.09   57.12   59.12   61.73   64.73   61.74   59.19   59.44   61.98   62.82   61.24   64.01   68.20   73.03   76.48   78.87   79.84   79.03   81.50   76.49   73.68   70.33   67.10  
35.84   38.11   40.31   42.28   43.77   45.32   47.02   47.19   47.36   47.21   47.32   46.85   46.81   46.66   46.20   45.60   47.32   49.00   51.08   54.53   50.79   49.41   49.95   52.05   49.29   50.04   49.41   53.43   55.47   57.80   59.77   62.14   60.10   57.85   58.11   60.57   61.04   60.65   63.96   68.29   71.56   73.78   74.71   74.46   76.27   78.98   78.70   74.99   71.78   67.03  
35.88   38.25   40.67   43.04   45.17   46.67   48.32   50.39   50.30   50.56   49.90   49.93   49.78   49.48   47.33   47.39   48.56   50.50   52.21   53.82   52.09   51.54   52.78   52.51   50.53   49.32   49.88   52.02   54.14   56.03   57.96   57.79   58.00   56.28   56.57   57.18   57.24   60.03   63.88   66.95   69.02   69.95   70.03   71.56   73.78   74.13   76.86   76.83   71.44   67.22  
35.89   38.28   40.81   43.40   45.96   48.28   49.76   51.49   54.07   53.11   53.28   53.07   53.09   50.30   49.49   50.03   50.45   51.70   53.92   56.00   53.90   54.47   54.86   54.60   53.09   50.51   49.39   50.72   52.51   54.13   54.22   54.34   54.22   54.18   53.59   53.95   56.36   59.77   62.64   64.58   65.51   65.81   67.14   69.00   69.71   71.78   72.05   72.07   71.47   66.99  
35.89   38.29   40.83   43.54   46.32   49.06   51.62   53.02   54.79   54.72   55.25   57.07   53.44   52.26   52.14   52.79   53.38   53.68   55.02   57.66   55.94   56.78   58.24   57.43   53.66   52.74   51.12   49.88   50.59   50.84   50.93   50.86   50.93   50.84   50.79   52.91   55.95   58.61   60.43   61.37   61.81   62.98   64.58   65.47   67.11   67.53   67.57   67.56   67.51   66.57  
35.89   38.29   40.84   43.55   46.45   49.43   52.37   55.24   55.56   55.17   55.66   56.91   55.61   55.37   55.65   55.50   56.32   56.96   57.09   58.54   58.57   59.46   59.57   56.42   56.36   54.48   53.19   51.91   49.67   47.75   47.70   47.73   47.70   47.84   49.68   52.38   54.83   56.55   57.49   58.02   59.08   60.47   61.44   62.78   63.27   63.35   63.34   63.35   63.34   63.18  
35.89   38.29   40.83   43.56   46.44   49.55   52.74   55.89   59.39   56.84   55.15   57.12   58.41   59.50   58.53   59.05   59.08   60.11   60.82   60.68   61.49   62.84   58.61   60.39   58.02   56.72   55.52   52.94   50.90   49.11   47.13   44.98   45.03   46.64   49.05   51.31   52.92   53.85   54.45   55.41   56.65   57.62   58.76   59.28   59.38   59.39   59.39   59.39   59.39   59.35  
35.91   38.29   40.84   43.55   46.46   49.52   52.86   56.28   60.73   59.94   56.54   59.29   60.97   62.24   62.51   62.32   63.06   62.84   64.18   63.58   61.70   61.03   62.35   62.08   60.44   59.44   56.40   54.26   52.40   50.38   47.42   44.54   43.79   45.94   48.01   49.53   50.45   51.08   51.96   53.07   54.03   55.02   55.53   55.66   55.68   55.68   55.68   55.68   55.68   55.66  
35.99   38.30   40.83   43.56   46.44   49.55   52.80   56.39   56.21   59.03   60.11   59.19   63.57   65.26   66.50   65.92   66.13   67.44   63.52   61.22   58.96   57.14   58.53   60.94   63.76   60.04   57.84   55.90   53.89   50.59   47.50   44.55   43.04   44.93   46.36   47.26   47.91   48.73   49.73   50.64   51.52   52.02   52.17   52.20   52.20   52.20   52.20   52.20   52.20   52.18  
36.26   38.37   40.84   43.55   46.46   49.50   52.69   54.71   56.80   57.53   58.40   60.12   61.65   66.69   69.75   70.43   70.24   61.55   60.57   55.85   55.62   55.12   57.15   59.55   60.36   61.67   59.60   57.69   53.95   50.68   47.48   44.77   43.15   43.39   44.27   44.92   45.69   46.60   47.46   48.25   48.72   48.89   48.93   48.94   48.94   48.94   48.94   48.94   48.94   48.92  
36.68   38.67   40.89   43.56   46.41   49.42   52.69   54.57   58.58   58.23   58.04   56.50   58.47   65.96   73.54   75.97   59.41   57.62   52.93   53.86   52.50   53.59   55.67   56.66   57.91   59.85   61.83   57.49   54.06   50.61   47.63   45.83   45.69   45.53   45.23   44.04   43.76   45.31   46.16   46.73   45.82   45.87   45.87   45.88   45.88   45.88   45.88   45.88   45.88   45.86  
36.99   39.17   41.22   43.57   46.35   49.47   52.52   56.45   56.78   55.31   56.27   51.98   47.27   53.58   53.49   54.43   54.67   50.01   49.12   49.98   50.33   52.09   53.16   54.36   56.09   57.72   57.49   57.47   53.92   50.67   48.63   48.73   48.56   48.39   46.87   46.48   46.05   43.58   44.41   44.38   43.77   43.04   43.00   43.00   43.00   43.00   43.00   43.00   43.00   42.99  
37.03   39.50   41.80   43.93   46.44   49.30   52.81   55.68   56.24   54.30   52.41   52.11   51.15   40.17   43.25   47.87   45.12   48.47   46.87   47.33   48.76   49.85   50.93   51.75   52.90   53.96   54.08   53.93   53.52   51.12   52.02   51.76   51.84   49.82   49.55   49.30   47.34   46.26   45.00   43.33   41.78   41.03   40.42   40.32   40.31   40.31   40.31   40.31   40.31   40.29  
37.07   39.51   42.18   44.62   46.82   49.50   52.10   54.05   53.76   51.36   50.76   49.29   50.84   48.54   49.27   54.10   47.97   48.31   45.58   45.68   46.73   47.72   48.55   49.57   50.42   51.47   50.83   52.30   53.36   53.24   54.56   55.65   52.89   52.80   52.86   50.38   49.28   48.61   46.22   44.56   42.99   40.91   38.84   37.98   37.81   37.78   37.78   37.78   37.78   37.77  
37.04   39.57   42.12   45.04   47.64   49.87   52.83   53.94   50.45   50.15   48.31   47.80   50.44   51.97   52.18   53.52   50.36   47.00   45.19   43.80   44.73   45.53   46.46   47.29   48.21   50.78   49.75   52.52   56.09   57.04   56.26   57.30   53.86   56.79   53.56   52.46   52.13   49.20   47.51   45.93   43.67   41.32   40.13   39.10   37.17   35.78   35.45   35.41   35.41   35.40  
37.08   39.51   42.22   44.89   48.11   50.87   53.09   49.99   50.15   47.58   46.89   47.33   50.29   54.07   51.82   53.53   49.95   47.16   44.21   42.42   42.70   43.55   44.36   45.33   47.29   47.26   49.17   52.18   56.04   60.22   58.17   56.09   55.16   58.80   56.01   56.02   52.39   50.08   51.11   48.22   43.91   42.76   41.86   39.58   38.20   36.51   35.42   33.82   33.26   33.18  
37.04   39.57   42.12   45.06   47.82   51.42   48.99   49.35   47.15   46.76   44.77   47.18   50.39   51.49   51.49   52.57   49.66   46.84   44.18   41.55   40.83   41.61   42.58   44.15   44.50   45.99   48.14   53.24   55.30   56.02   50.73   57.79   58.42   55.03   54.98   56.13   53.53   51.19   49.50   47.71   45.55   44.89   42.09   40.81   38.85   37.88   36.04   34.68   32.76   31.32  
37.08   39.51   42.22   44.86   47.79   47.80   47.91   46.19   46.03   44.37   44.98   47.12   49.31   48.95   52.70   53.04   49.84   46.65   43.93   41.41   39.14   39.96   41.29   41.95   44.15   46.86   49.59   52.57   59.91   57.10   52.76   60.51   56.40   54.59   52.56   53.15   52.65   51.50   48.16   48.69   48.25   44.66   43.67   41.29   40.55   38.38   37.09   34.97   32.83   30.77  
37.04   39.56   42.04   44.50   44.82   44.90   44.84   44.73   43.44   44.31   45.38   48.03   48.23   51.46   54.68   53.24   49.73   46.71   43.77   41.20   38.84   38.66   39.48   41.44   44.05   47.13   49.99   53.83   56.62   58.79   51.72   56.60   56.25   53.05   51.17   49.62   49.78   50.11   47.80   45.75   47.44   46.84   43.76   43.50   40.80   39.69   37.33   35.03   32.83   30.77  
37.05   39.37   41.49   42.00   42.09   42.06   42.09   42.47   44.61   45.09   47.42   48.15   51.80   52.12   55.49   52.48   49.81   46.65   43.79   41.06   38.64   37.13   38.91   41.33   44.16   46.94   50.33   52.97   54.70   54.64   54.19   51.85   54.06   52.54   49.84   48.02   46.93   46.74   46.71   44.81   44.33   45.69   46.82   43.26   42.54   39.83   37.37   35.02   32.84   30.77  
36.85   38.72   39.34   39.47   39.59   40.90   41.84   43.58   45.24   47.84   47.78   50.92   52.00   55.82   52.46   51.57   49.18   46.63   43.75   41.06   38.51   36.54   38.77   41.38   44.04   47.08   49.54   51.10   51.25   51.28   51.19   51.84   50.89   51.69   49.24   46.81   45.10   44.10   43.85   43.60   42.80   43.86   44.71   45.69   42.46   39.87   37.35   35.03   32.83   30.77  
36.15   36.83   37.05   37.54   39.91   41.55   43.79   44.50   46.52   48.12   52.40   51.84   54.95   51.99   52.62   49.46   48.22   46.07   43.67   41.01   38.49   36.37   38.79   41.30   44.06   46.33   47.77   48.04   48.08   48.07   48.52   48.40   50.01   50.40   49.23   46.24   44.15   42.38   41.43   41.12   41.10   41.91   42.69   42.48   42.45   39.82   37.37   35.02   32.84   30.77  
34.48   34.78   35.40   37.55   40.06   42.70   44.23   46.96   47.23   50.69   49.95   52.94   56.67   52.62   51.73   49.26   46.56   45.13   43.15   40.90   38.45   36.36   38.72   41.23   43.33   44.66   45.02   45.08   45.11   45.45   45.54   46.77   47.39   49.03   48.99   47.07   45.12   42.19   39.89   38.92   39.28   39.93   39.87   39.99   39.84   39.53   37.30   35.03   32.83   30.77  
32.64   33.34   35.22   37.56   40.04   42.73   45.72   46.99   50.64   49.29   50.72   56.47   56.38   55.74   52.16   48.99   46.20   43.77   42.26   40.41   38.30   36.30   38.59   40.52   41.76   42.18   42.27   42.33   42.60   42.81   43.80   44.52   45.81   46.09   49.06   48.29   44.94   42.39   39.73   37.56   37.36   37.39   37.47   37.40   37.47   37.33   36.85   34.93   32.83   30.77  
31.37   33.15   35.21   37.54   40.00   42.07   45.68   49.04   47.93   49.53   53.41   56.50   56.40   55.84   52.26   48.93   46.37   43.39   41.13   39.59   37.84   36.12   37.90   39.06   39.51   39.63   39.71   39.94   40.21   41.04   41.78   42.87   43.44   45.64   45.59   47.62   45.26   42.33   39.98   38.52   37.75   36.08   35.18   35.13   35.08   35.11   34.96   34.39   32.70   30.75  
30.76   29.90   32.63   35.57   39.33   40.59   47.22   46.11   46.62   49.67   52.16   57.53   57.16   55.76   51.65   49.56   46.12   43.44   40.73   38.63   37.09   35.47   36.54   37.01   37.15   37.24   37.45   37.75   38.46   39.20   40.15   40.86   42.57   42.91   44.22   46.34   45.10   42.54   40.96   40.42   38.41   37.29   35.90   34.41   33.08   32.91   32.90   32.73   32.11   30.59  
28.11   27.96   31.93   34.14   36.64   42.51   43.15   48.38   46.45   49.14   51.97   56.65   55.70   54.30   53.18   48.52   46.33   43.29   40.72   38.24   36.27   34.76   34.66   34.82   34.93   35.13   35.43   36.06   36.77   37.62   38.39   39.78   40.33   41.51   43.19   43.16   45.26   43.51   43.35   40.84   39.83   38.31   36.79   34.61   32.50   31.15   30.88   30.82   30.63   29.99  
28.10   29.07   32.54   33.57   37.86   39.68   44.56   45.95   48.93   48.61   52.56   52.67   52.93   54.05   53.37   47.96   45.52   43.34   40.68   38.18   35.89   34.04   32.73   32.75   32.94   33.25   33.81   34.48   35.26   36.04   37.21   37.88   38.94   40.34   40.67   42.32   43.44   46.64   43.34   42.57   40.86   39.36   36.93   34.67   32.49   30.54   29.32   28.98   28.88   28.65  
28.63   30.04   32.63   34.83   36.12   40.74   42.93   45.50   45.49   47.66   49.33   50.92   50.56   50.62   53.06   48.06   45.52   43.40   40.65   38.16   35.80   33.68   31.97   30.90   31.19   31.70   32.33   33.05   33.82   34.83   35.55   36.52   37.72   38.25   39.63   40.89   43.34   43.28   45.56   43.54   42.13   39.39   36.99   34.65   32.50   30.46   28.69   27.57   27.20   27.05  
28.72   30.62   32.72   34.80   37.43   38.38   41.60   42.76   44.59   45.99   46.42   47.50   48.95   49.78   52.84   48.67   46.42   43.28   40.72   38.12   35.78   33.58   31.61   30.03   29.73   30.31   30.99   31.72   32.62   33.35   34.25   35.29   35.94   37.15   38.42   40.39   40.79   42.54   43.50   45.16   41.98   39.48   36.95   34.67   32.49   30.47   28.57   26.95   25.92   25.52  
28.70   30.66   32.65   34.92   36.13   38.39   38.81   42.20   43.42   44.42   47.60   48.26   50.55   49.28   50.96   49.68   46.09   43.46   40.61   38.16   35.75   33.54   31.49   29.66   28.42   29.05   29.74   30.56   31.27   32.11   33.05   33.75   34.83   36.06   37.71   38.37   39.80   40.83   42.13   41.98   41.97   39.37   36.99   34.65   32.50   30.46   28.56   26.80   25.32   24.36  
28.71   30.60   32.62   33.94   35.81   36.65   39.31   40.69   41.82   44.35   45.33   46.77   47.00   47.55   47.38   47.59   46.30   43.25   40.70   38.09   35.76   33.51   31.44   29.52   27.84   27.88   28.62   29.31   30.09   30.94   31.66   32.65   33.82   35.24   36.03   37.25   38.27   39.34   39.38   39.46   39.36   39.06   36.88   34.65   32.47   30.45   28.54   26.76   25.13   23.76  
