#Value Function.
5.0874  5.1153  5.1889  5.2955  5.4154  5.5147  5.6235  5.7155  5.7081  5.7178  5.6530  5.6295  5.5711  5.5430  5.5563  5.6233  5.7316  5.8290  5.9647  6.0351  6.0240  6.0377  5.9853  5.8306  5.5294  4.9236  4.9561  4.9779  5.0705  5.0656  5.0737  5.0089  4.9790  4.8932  4.8540  4.9302  4.9521  5.0321  5.0270  5.0348  5.0935  5.1551  5.2294  5.2644  5.3647  5.3710  5.3776  5.3566  5.2826  5.3381 
5.2267  5.2391  5.2619  5.3404  5.4522  5.5799  5.6767  5.7928  5.8986  5.8133  5.8018  5.7316  5.7079  5.6735  5.6287  5.7244  5.7833  5.9036  5.9950  6.1506  6.2226  6.1743  6.0174  5.7436  5.0463  4.6405  5.1282  5.0582  5.1240  5.2374  5.1529  5.1378  5.0344  4.9966  4.9759  4.9872  5.0828  5.0863  5.1921  5.1115  5.1811  5.2409  5.3027  5.3867  5.4061  5.5348  5.5235  5.4034  5.4383  5.2736 
5.3275  5.3890  5.3908  5.4093  5.4939  5.6106  5.7482  5.8391  5.9638  5.9803  5.8917  5.8754  5.8430  5.7773  5.7520  5.7850  5.8980  5.9419  6.0810  6.1588  6.3424  6.3054  6.3226  6.1491  5.6597  5.3025  5.4493  5.3199  5.3204  5.3630  5.2644  5.1997  5.1424  5.1227  5.0872  5.1219  5.1174  5.2438  5.1948  5.1912  5.2571  5.3308  5.3900  5.4508  5.5512  5.6415  5.4588  5.4470  5.3523  5.2750 
5.4810  5.4780  5.5570  5.5452  5.5590  5.6517  5.7724  5.9232  6.0031  6.0611  6.0477  6.0185  5.9411  5.9098  5.8578  5.9236  5.9412  6.0814  6.0988  6.2685  6.3247  6.4723  6.5107  6.1234  6.0226  5.8299  5.6982  5.6582  5.4749  5.4136  5.2935  5.2641  5.1727  5.1236  5.1184  5.1559  5.2852  5.2370  5.2455  5.2699  5.3398  5.4060  5.4850  5.5434  5.6746  5.5049  5.5183  5.4356  5.3011  5.2044 
5.5679  5.6550  5.6785  5.7272  5.6632  5.7165  5.8136  5.9369  6.1064  6.1788  6.2089  6.1063  6.0851  6.0235  6.0069  5.9860  6.1088  6.0938  6.2785  6.2178  6.3793  6.6488  6.3423  6.2884  6.0794  6.0095  5.8804  5.7046  5.6749  5.4722  5.4112  5.2902  5.1924  5.1234  5.1607  5.2846  5.2936  5.2558  5.2949  5.4060  5.4120  5.4937  5.5577  5.6786  5.5620  5.4564  5.3739  5.3019  5.2721  5.1546 
5.5747  5.7431  5.9132  5.8235  5.7984  5.7782  5.8842  5.9790  6.1034  6.2986  6.2520  6.2731  6.1910  6.1838  6.1441  6.0201  6.0704  6.2237  6.0838  6.1875  6.1990  6.3461  6.4935  6.2969  6.2117  6.0171  5.9376  5.9393  5.7018  5.6149  5.4835  5.3517  5.2052  5.2158  5.2722  5.2976  5.2924  5.2843  5.4175  5.4337  5.5771  5.5322  5.7265  5.6346  5.4849  5.4033  5.3535  5.3408  5.1834  5.1174 
5.5772  5.7389  5.8779  5.9722  5.9069  5.8956  5.9383  6.0582  6.1479  6.2373  6.4240  6.3065  6.3789  6.2744  6.2893  6.3508  6.1902  6.1749  6.4615  6.0860  6.1130  6.3294  6.2896  6.4066  6.1982  6.1067  5.9901  5.9245  5.7858  5.6443  5.5115  5.3592  5.2084  5.3072  5.3653  5.3799  5.3636  5.3617  5.4260  5.5903  5.5675  5.7774  5.6541  5.5402  5.4693  5.3377  5.3499  5.2131  5.1775  5.0455 
5.5708  5.7071  5.8108  5.9901  6.0757  5.9931  5.9927  6.1103  6.2384  6.3252  6.3796  6.4949  6.3281  6.5539  6.3167  6.4540  6.2535  6.3325  6.2568  6.1410  6.2512  6.2744  6.3791  6.2371  6.2931  6.1482  6.0784  5.9552  5.8077  5.6762  5.5169  5.3624  5.2079  5.3055  5.4769  5.5314  5.3949  5.4159  5.5192  5.5639  5.8203  5.6912  5.5886  5.4955  5.3907  5.3514  5.2103  5.1874  5.0773  5.0221 
5.5399  5.6526  5.8098  5.8998  6.0933  6.1818  6.0583  6.1023  6.2951  6.2847  6.4019  6.3238  6.6066  6.3890  6.5004  6.3470  6.3575  6.2952  6.2005  6.2212  6.1598  6.1931  6.2276  6.2623  6.3155  6.2617  6.1324  5.9741  5.8464  5.6781  5.5206  5.3610  5.2088  5.3146  5.3990  5.5634  5.5476  5.4689  5.5646  5.7317  5.6176  5.5579  5.5229  5.4328  5.3586  5.2660  5.1943  5.0770  5.0347  4.9389 
5.4938  5.6384  5.7424  5.9097  6.0075  6.1968  6.1988  6.1576  6.2298  6.4266  6.4274  6.5691  6.4515  6.3958  6.3500  6.3488  6.3814  6.2390  6.2184  6.0078  6.0700  6.1652  6.0855  6.1137  6.1977  6.3151  6.1423  6.0230  5.8426  5.6831  5.5180  5.3626  5.2079  5.2565  5.3985  5.4723  5.5287  5.5951  5.6494  5.6352  5.5681  5.4658  5.4721  5.4295  5.3358  5.2136  5.1222  5.0449  4.9428  4.8874 
5.4721  5.5850  5.7353  5.8455  6.0056  6.0598  6.2426  6.2343  6.3397  6.4325  6.6112  6.3806  6.3479  6.3767  6.4718  6.3678  6.1645  6.1424  6.0341  5.9833  5.8711  6.0995  5.9948  6.0225  6.1000  6.1727  6.2073  6.0097  5.8503  5.6785  5.5206  5.3610  5.2088  5.2428  5.3359  5.4489  5.5564  5.6338  5.6222  5.6021  5.5169  5.5678  5.5061  5.4129  5.2835  5.1848  5.0714  4.9810  4.9013  4.8075 
5.4274  5.5682  5.6838  5.8256  5.9019  6.0613  6.1972  6.3129  6.3034  6.4950  6.4084  6.3992  6.4380  6.4509  6.3854  6.2412  6.1711  5.9727  5.9398  5.9229  5.9837  5.9075  5.9139  5.9268  5.9939  6.0263  6.0101  6.0084  5.8410  5.6829  5.5180  5.3626  5.2079  5.1977  5.3574  5.4903  5.6965  5.6974  5.6279  5.6202  5.6764  5.5811  5.5018  5.3614  5.2595  5.1394  5.0389  4.9319  4.8430  4.7609 
5.4608  5.5411  5.6646  5.7791  5.9417  6.0637  6.2076  6.1811  6.3722  6.2958  6.2982  6.3552  6.5246  6.4011  6.2174  6.1898  6.0716  5.9379  6.1123  5.9098  5.8866  6.0506  5.8759  5.8197  5.8513  5.8435  5.8530  5.8415  5.8206  5.6740  5.5200  5.3609  5.2087  5.2060  5.3431  5.5147  5.5211  5.7074  5.5929  5.6395  5.6300  5.5104  5.3688  5.3039  5.2115  5.1109  4.9978  4.8975  4.7956  4.7064 
5.4981  5.6294  5.6959  5.8326  5.9404  6.1215  6.0753  6.1698  6.1701  6.1836  6.3342  6.4008  6.3162  6.2641  6.1546  5.9955  5.9870  6.0817  6.0643  5.9837  5.9476  5.9554  5.9514  5.8439  5.7178  5.6882  5.6801  5.6852  5.6747  5.6415  5.5099  5.3607  5.1925  5.1911  5.3115  5.3508  5.4994  5.5125  5.5829  5.6325  5.3369  5.3059  5.3116  5.2228  5.1537  5.0650  4.9666  4.8591  4.7920  4.6641 
5.5673  5.6557  5.8041  5.8505  6.0085  6.0084  5.9996  6.1053  6.1624  6.3190  6.3645  6.3220  6.2026  6.1383  5.9822  6.0554  6.1790  6.1075  6.0921  5.9532  5.9594  5.9050  5.9732  5.8920  5.7054  5.5687  5.5303  5.5205  5.5221  5.5107  5.4698  5.3748  5.2227  5.2162  5.2529  5.3506  5.3316  5.3462  5.3666  5.4600  5.4398  5.1192  5.0451  5.1157  5.0021  4.9792  4.8730  4.8209  4.7722  4.6969 
5.5739  5.7423  5.8106  5.9897  6.0352  5.8683  5.9399  6.0994  6.3000  6.3012  6.3312  6.2003  6.1366  6.0125  6.0532  6.1396  6.1918  6.0869  5.9155  5.9681  5.8956  5.9888  5.8869  5.8555  5.7191  5.6165  5.5012  5.4221  5.4536  5.4609  5.5498  5.4422  5.5202  5.3023  5.3078  5.2910  5.2710  5.3634  5.3467  5.2000  5.2001  5.0788  4.9317  4.7556  4.8268  4.7618  4.6903  4.7257  4.7307  4.6386 
5.5837  5.7369  5.9247  5.9450  5.8481  5.8447  5.9292  6.1028  6.1399  6.2677  6.1990  6.1390  5.9899  6.0921  6.1767  6.2069  6.0600  5.9286  5.9328  6.0366  5.8665  5.9537  5.9047  5.8105  5.7836  5.6568  5.5848  5.4720  5.4765  5.6265  5.5800  5.7413  5.4510  5.3191  5.1953  5.1624  5.1953  5.2269  5.3770  5.1530  5.0460  4.8838  4.7872  4.6813  4.5546  4.6496  4.5911  4.5025  4.5362  4.5793 
5.5749  5.7520  5.8989  5.8130  5.7702  5.7692  5.9166  5.9758  6.0851  6.1617  6.0889  5.9600  6.0310  6.1495  6.1618  6.0556  5.9266  5.9380  6.0198  5.8496  6.0170  5.8952  5.9871  5.9689  5.8124  5.7601  5.5926  5.5809  5.6334  5.6058  5.8344  5.6263  5.5400  5.3606  5.2256  5.0732  5.1115  5.2617  5.1391  5.2272  4.9504  4.8831  4.6874  4.3747  4.2686  4.4517  4.4324  4.3675  4.4255  4.4133 
5.5811  5.7133  5.7102  5.7200  5.6514  5.7398  5.8116  5.9088  5.9801  5.9914  5.9262  5.9973  6.2082  6.1240  5.9751  5.9330  5.9442  6.0750  5.9494  5.9057  5.8386  5.9840  5.8787  5.9698  5.9465  5.7467  5.6517  5.7061  5.7362  5.8123  5.7897  5.6578  5.4881  5.3782  5.2154  5.0784  5.1449  5.1935  5.2527  5.0338  5.0699  4.6983  4.6262  3.7804  3.7044  4.1766  4.2287  4.2731  4.2864  4.2959 
5.5344  5.5491  5.5556  5.5499  5.5751  5.6490  5.7383  5.8082  5.8558  5.9364  6.0050  6.1709  6.0771  5.9576  5.8643  5.9656  6.1278  6.0673  5.8790  5.7652  5.7955  5.7838  5.8310  5.8274  5.8697  5.8274  5.6431  5.7061  5.8877  5.7642  5.6608  5.6191  5.4959  5.3417  5.2235  5.0664  5.1472  5.2035  5.0267  5.0542  4.7959  4.5601  4.1768  3.3513  2.5004  3.1763  4.0512  4.3041  4.3106  4.3020 
5.3886  5.4013  5.4406  5.5281  5.5931  5.7205  5.7521  5.8761  5.8949  6.0281  6.1271  5.9939  5.9423  5.8492  5.9090  6.0295  6.1345  5.9066  5.8337  5.7133  5.6648  5.7818  5.8738  5.8009  5.7531  5.6385  5.6813  5.7648  5.7106  5.7105  5.6056  5.5111  5.4555  5.3382  5.1736  5.1680  5.1978  5.0834  4.9849  4.8605  4.7932  4.5062  4.2075  3.3178  2.7628  3.1960  4.0556  4.4395  4.4284  4.4326 
5.3651  5.4496  5.5435  5.5956  5.6941  5.7471  5.9030  5.9040  6.0870  6.0401  5.9331  5.9051  5.7882  5.8788  5.9105  6.0888  5.9971  5.8944  5.7484  5.6640  5.6674  5.8366  5.7343  5.7149  5.6461  5.6075  5.6550  5.5931  5.5986  5.5582  5.5421  5.4504  5.3553  5.2243  5.1503  5.2457  5.0438  5.0026  4.9315  4.7800  4.6838  4.6293  4.3643  3.9232  3.4084  3.7324  4.4430  4.5541  4.5733  4.5038 
5.4063  5.5296  5.6073  5.7124  5.7515  5.8682  5.8986  6.1003  6.0363  5.9139  5.8230  5.7801  5.8236  5.9349  6.0615  6.0329  5.8869  5.8229  5.7220  5.6820  5.8252  5.7572  5.6647  5.6456  5.5733  5.5433  5.4858  5.4907  5.4449  5.4396  5.4066  5.3351  5.2283  5.1820  5.3066  5.1320  5.0633  4.9493  4.8053  4.7485  4.6465  4.5563  4.4641  4.0564  4.0051  4.4526  4.6756  4.7196  4.6362  4.5733 
5.4482  5.5663  5.6983  5.7664  5.8896  5.9064  6.0540  5.9513  5.9233  5.8205  5.7173  5.7515  5.8927  5.9913  6.1055  5.9088  5.8516  5.7277  5.6526  5.8480  5.7097  5.6740  5.5631  5.4897  5.4791  5.4222  5.3872  5.3404  5.3339  5.2979  5.2705  5.2276  5.2517  5.3419  5.1638  5.1194  4.9247  4.8701  4.8002  4.6784  4.6108  4.5161  4.5083  4.3818  4.6398  4.7666  4.8760  4.7679  4.7105  4.6305 
5.4904  5.6102  5.7272  5.8745  5.9251  6.0790  5.8894  5.8725  5.7674  5.7112  5.6838  5.8360  5.9057  6.0725  5.9250  5.9108  5.7539  5.6797  5.7566  5.7815  5.7117  5.5830  5.4539  5.4042  5.3412  5.3213  5.2731  5.2365  5.1963  5.1831  5.2396  5.2644  5.3502  5.1990  5.1478  5.0003  4.9538  4.8049  4.7337  4.6596  4.5517  4.5851  4.5718  4.5571  4.6662  5.0503  4.8987  4.8500  4.7715  4.6568 
5.5135  5.6561  5.7742  5.8901  6.0694  5.8968  5.8855  5.6955  5.6433  5.6215  5.7261  5.8322  6.0208  5.8591  5.8803  5.7693  5.7291  5.6686  5.6960  5.6486  5.5886  5.4893  5.4190  5.3073  5.2511  5.1947  5.1692  5.1267  5.0903  5.0909  5.1233  5.1901  5.1821  5.1829  4.9913  4.9812  4.8687  4.8047  4.6770  4.6010  4.6238  4.6298  4.7335  4.6952  4.8953  4.8711  4.9942  4.9158  4.7907  4.7025 
5.5572  5.6736  5.8255  5.9436  5.8364  5.8719  5.7037  5.6441  5.5554  5.6264  5.7409  5.8996  5.8253  5.8279  5.7103  5.7012  5.6107  5.6609  5.5426  5.5302  5.4365  5.4188  5.3358  5.2615  5.1623  5.1030  5.0508  5.0220  4.9835  4.9832  5.0376  5.0394  5.0441  5.0386  5.0175  4.8719  4.8329  4.7363  4.6632  4.6329  4.6738  4.7699  4.7402  4.9370  4.7941  4.9396  5.0660  4.9236  4.8457  4.7195 
5.5456  5.7304  5.8328  5.7649  5.7625  5.6731  5.6106  5.5298  5.5296  5.6569  5.7934  5.7356  5.7248  5.6676  5.6503  5.5500  5.5704  5.4875  5.4860  5.3954  5.3664  5.2900  5.2594  5.1847  5.1096  5.0194  4.9592  4.9099  4.8793  4.8912  4.8989  4.9024  4.8996  4.9023  4.8961  4.8634  4.7452  4.6921  4.6555  4.7280  4.7676  4.8018  4.9436  4.7613  4.9433  4.8814  4.9581  4.9934  4.8615  4.7103 
5.5561  5.6638  5.6870  5.6594  5.5875  5.6308  5.5250  5.5215  5.5739  5.6900  5.6527  5.6253  5.5773  5.5575  5.5127  5.5408  5.4023  5.4019  5.3389  5.3210  5.2478  5.2099  5.1444  5.1059  5.0366  4.9624  4.8793  4.8194  4.7724  4.7612  4.7645  4.7630  4.7646  4.7630  4.7641  4.7560  4.7627  4.7642  4.7749  4.7826  4.8716  4.9359  4.8125  4.8677  4.9265  4.9186  4.9061  4.8298  4.8058  4.7293 
5.4831  5.4490  5.4622  5.5304  5.5429  5.4963  5.4604  5.5166  5.6996  5.5706  5.5283  5.4929  5.4629  5.5034  5.4843  5.3701  5.3664  5.2608  5.2422  5.1906  5.1635  5.1014  5.0591  5.0006  4.9575  4.8921  4.8196  4.7422  4.6835  4.6407  4.6295  4.6305  4.6297  4.6322  4.6490  4.7693  4.7877  4.9171  4.8988  4.8975  4.9329  4.8014  4.9025  4.9878  4.8637  4.8447  4.7953  4.7342  4.7061  4.6640 
5.2961  5.3008  5.3760  5.4713  5.4307  5.3820  5.4361  5.6155  5.5100  5.5203  5.4191  5.3720  5.3590  5.5014  5.3696  5.3200  5.2276  5.2030  5.1182  5.0892  5.0440  5.0119  4.9572  4.9131  4.8593  4.8136  4.7510  4.6809  4.6082  4.5515  4.5123  4.5005  4.5044  4.5303  4.6526  4.7859  4.9227  4.9083  5.0862  4.8998  4.7848  4.7850  4.9417  4.8787  4.8345  4.9472  4.7962  4.7080  4.6090  4.5706 
5.1546  5.2226  5.3024  5.2957  5.3084  5.2915  5.4335  5.4340  5.4416  5.3636  5.3517  5.2686  5.3266  5.3235  5.3278  5.2229  5.1637  5.0845  5.0477  4.9761  4.9415  4.9000  4.8653  4.8157  4.7714  4.7208  4.6738  4.6135  4.5459  4.4774  4.4231  4.3869  4.4118  4.5215  4.6515  4.7884  4.9246  5.0875  4.9029  4.9184  4.7662  4.7833  4.7853  4.8042  4.9172  4.8871  4.8532  4.6983  4.5773  4.4833 
5.0709  5.1409  5.1457  5.1546  5.1551  5.2626  5.2792  5.2845  5.2801  5.2768  5.2160  5.1912  5.1719  5.1745  5.1720  5.1634  5.0766  5.0134  4.9424  4.8988  4.8360  4.7983  4.7317  4.6500  4.6695  4.6326  4.5852  4.5378  4.4795  4.4145  4.3497  4.2981  4.3947  4.5199  4.6526  4.7865  4.9280  4.9565  4.9165  4.7830  4.7634  4.6530  4.6791  4.7843  4.7902  4.8299  4.7086  4.6983  4.5665  4.4486 
4.9841  4.9979  5.0064  5.0170  5.1012  5.1263  5.1319  5.1294  5.1320  5.1285  5.1189  5.0691  5.0427  4.9706  5.0141  5.0215  5.0062  4.9318  4.8680  4.8024  4.8692  4.7949  4.7639  4.7420  4.6137  4.5423  4.4989  4.4528  4.4055  4.3490  4.2865  4.2720  4.3916  4.5203  4.6501  4.7760  4.8119  4.8004  4.8107  4.7668  4.6587  4.6198  4.6537  4.7972  4.7796  4.8369  4.7219  4.6563  4.5607  4.4593 
4.8513  4.8627  4.8791  4.9473  4.9763  4.9832  4.9821  4.9836  4.9821  4.9835  4.9800  4.9669  4.9248  4.8868  4.9115  4.8739  4.8748  4.8551  4.7895  4.7276  4.7621  4.9177  4.8443  4.8051  4.6762  4.6216  4.5706  4.4867  4.4197  4.3544  4.2339  4.2667  4.3911  4.5162  4.6303  4.6710  4.6669  4.6737  4.6668  4.6690  4.6241  4.5330  4.6571  4.7646  4.7585  4.8770  4.8018  4.6568  4.5900  4.4996 
4.7210  4.7426  4.7994  4.8298  4.8382  4.8382  4.8391  4.8383  4.8391  4.8383  4.8388  4.8348  4.8198  4.7821  4.7932  4.9252  4.8191  4.8162  4.7591  4.7484  4.7624  4.7811  4.9148  4.8776  4.8500  4.7092  4.6156  4.5478  4.4906  4.3575  4.2438  4.2651  4.3851  4.4901  4.5337  4.5356  4.5398  4.5359  4.5398  4.5352  4.5315  4.5217  4.6191  4.6401  4.7653  4.7454  4.7573  4.7272  4.6337  4.5358 
4.6063  4.6565  4.6869  4.6967  4.6977  4.6984  4.6979  4.6984  4.6979  4.6984  4.6979  4.6978  4.6931  4.6771  4.7819  4.8784  4.9650  4.8897  4.8920  4.8358  4.8204  4.7686  4.8384  4.9934  4.8820  4.8408  4.6774  4.6335  4.4839  4.3617  4.3032  4.2570  4.3548  4.4001  4.4066  4.4098  4.4075  4.4098  4.4075  4.4098  4.4062  4.4805  4.5178  4.6150  4.6151  4.6278  4.6813  4.7693  4.6702  4.5694 
4.5165  4.5478  4.5588  4.5607  4.5614  4.5614  4.5637  4.5786  4.5906  4.5944  4.6024  4.6275  4.6749  4.7418  4.7813  4.8311  4.9659  5.0432  4.9689  4.9673  4.8951  4.8842  4.8398  4.8801  5.0142  4.8795  4.8534  4.5694  4.5012  4.4043  4.2670  4.2224  4.2690  4.2798  4.2832  4.2815  4.2834  4.2821  4.2840  4.2883  4.3492  4.3943  4.4734  4.4859  4.5010  4.5510  4.6247  4.6345  4.7109  4.5582 
4.5541  4.6373  4.6615  4.6654  4.6649  4.6657  4.6659  4.6828  4.7139  4.7247  4.7271  4.7338  4.7593  4.8088  4.8841  4.9180  4.9381  5.0628  5.1226  5.0269  5.0310  4.9756  4.9639  4.9688  4.8815  5.0544  4.7557  4.7475  4.4286  4.2967  4.2749  4.2464  4.1184  4.0343  3.9640  3.7793  3.9390  4.0672  4.1708  4.2199  4.2500  4.3008  4.3587  4.3767  4.4232  4.4870  4.5089  4.5671  4.5594  4.5572 
4.5875  4.6913  4.7804  4.7988  4.8014  4.8001  4.8014  4.7989  4.8169  4.8539  4.8624  4.8634  4.8686  4.8945  4.9452  5.0323  5.0614  5.0655  5.1311  5.1884  5.0941  5.0866  5.1254  5.0243  4.9751  4.8371  4.8554  4.6244  4.5491  4.3663  4.2567  4.0137  3.9163  3.6424  3.2655  3.1717  3.6462  3.9444  4.0445  4.0489  4.0970  4.2852  4.2424  4.2982  4.3547  4.3835  4.4301  4.4312  4.4357  4.4287 
4.6561  4.7176  4.8305  4.9289  4.9385  4.9406  4.9384  4.9298  4.8723  4.9631  4.9976  5.0037  5.0034  5.0065  5.0331  5.0835  5.1869  5.2096  5.2022  5.2295  5.2391  5.1820  5.1974  5.1601  5.0644  4.9872  4.7936  4.8148  4.6506  4.4556  4.2496  4.2770  3.6994  3.6625  3.1069  3.3411  3.9805  3.9495  3.9217  3.9972  4.1369  4.1605  4.2905  4.2225  4.2586  4.2986  4.3049  4.3082  4.3056  4.3065 
4.7372  4.7926  4.8470  4.9736  5.0836  5.0799  5.0833  4.9836  4.9604  5.0075  5.1156  5.1448  5.1486  5.1471  5.1476  5.1755  5.2228  5.3490  5.3617  5.3292  5.3276  5.3103  5.2713  5.2498  5.2268  5.0941  5.0304  4.8976  4.7708  4.6461  4.5179  4.5145  4.2665  3.8986  3.8145  4.0054  3.9736  3.9834  3.9773  4.0059  4.0502  4.1506  4.1442  4.2654  4.2025  4.1803  4.1842  4.1827  4.1842  4.1811 
4.7457  4.8874  4.9298  4.9768  5.1210  5.2457  5.1184  5.0853  5.0947  5.0975  5.1441  5.2759  5.2948  5.2972  5.2858  5.2584  5.3270  5.3611  5.5208  5.4059  5.3793  5.4262  5.3771  5.3191  5.3909  5.4235  5.1108  5.0712  4.9414  4.8078  4.6704  4.5393  4.4467  4.1521  4.0840  4.0835  4.1036  4.0953  4.0866  3.9824  4.0207  4.0368  4.1272  4.1287  4.2471  4.1850  4.0936  4.0669  4.0631  4.0621 
4.7525  4.8839  5.0435  5.0692  5.1063  5.2731  5.2234  5.1281  5.2449  5.2401  5.2365  5.2816  5.4501  5.4459  5.3680  5.4174  5.3801  5.4830  5.4264  5.6220  5.3628  5.4504  5.4317  5.3931  5.6094  5.3173  5.2415  5.0849  4.9481  4.8056  4.6719  4.5385  4.4142  4.3411  4.2336  4.2301  4.2140  4.2223  4.0937  4.0410  3.9523  3.9997  4.0207  4.1108  4.1214  4.2204  4.0834  3.9844  3.9530  3.9451 
4.7464  4.8943  4.9920  5.0731  5.1095  5.1619  5.2351  5.2160  5.2645  5.4149  5.3381  5.4458  5.4382  5.4795  5.5256  5.4097  5.5966  5.4180  5.5884  5.3289  5.5619  5.3223  5.3378  5.5090  5.3242  5.3986  5.2287  5.0924  4.9438  4.8081  4.6705  4.5393  4.4101  4.3022  4.2883  4.2765  4.3685  4.2023  4.1667  4.0642  4.0160  3.9110  3.9844  4.0107  4.0864  4.0826  4.0822  3.9675  3.8764  3.8404 
4.7482  4.8446  4.8845  4.9324  5.0187  5.0865  5.1011  5.1696  5.3201  5.3893  5.4724  5.5660  5.4713  5.5268  5.5233  5.6333  5.5123  5.4093  5.3512  5.5583  5.4417  5.3817  5.2548  5.3214  5.3226  5.2376  5.2283  5.0835  4.9480  4.8056  4.6719  4.5385  4.4102  4.3140  4.3333  4.3561  4.2670  4.3020  4.1751  4.1441  4.0224  3.9081  3.8989  3.9598  3.9655  3.9678  3.9650  3.9518  3.8534  3.7685 
4.7001  4.7480  4.7970  4.8705  4.9323  4.9615  5.0246  5.1544  5.2387  5.3422  5.4223  5.4532  5.4767  5.4442  5.5732  5.6104  5.5117  5.3740  5.4573  5.4051  5.3725  5.2927  5.2244  5.1738  5.1732  5.1646  5.0982  5.0679  4.9400  4.8076  4.6704  4.5393  4.3560  4.4038  4.4430  4.2782  4.2130  4.2289  4.2799  4.1406  4.0244  3.9069  3.8390  3.8502  3.8523  3.8510  3.8523  3.8489  3.8277  3.7403 
4.6124  4.6639  4.7317  4.7907  4.8266  4.8903  5.0053  5.0942  5.1927  5.2921  5.3719  5.3208  5.3178  5.4232  5.5933  5.4500  5.4353  5.3315  5.3902  5.2973  5.2551  5.2174  5.1453  5.0801  5.0346  5.0281  5.0136  4.9584  4.9153  4.7990  4.6708  4.4633  4.4335  4.4743  4.3369  4.2705  4.1612  4.1501  4.1413  4.1403  4.0220  3.9080  3.7990  3.7399  3.7392  3.7400  3.7392  3.7397  3.7349  3.7075 
4.5316  4.5966  4.6534  4.6943  4.7580  4.8620  4.9521  5.0449  5.1221  5.2470  5.2239  5.2148  5.2761  5.4166  5.4162  5.4196  5.3925  5.3075  5.3082  5.2353  5.1541  5.1090  5.0676  5.0012  4.9396  4.8976  4.8865  4.8682  4.8196  4.7688  4.6184  4.5330  4.4295  4.3760  4.3319  4.2187  4.1440  4.0517  4.0322  4.0234  4.0086  3.9048  3.7951  3.6939  3.6376  3.6309  3.6307  3.6301  3.6299  3.6220 
4.4622  4.5185  4.5628  4.6262  4.7219  4.8113  4.9003  4.9802  5.0829  5.0806  5.0941  5.1332  5.2480  5.2634  5.2657  5.2638  5.2631  5.2252  5.1648  5.1507  5.0850  5.0113  4.9645  4.9207  4.8588  4.8007  4.7614  4.7467  4.7259  4.6812  4.6212  4.4912  4.4009  4.3067  4.2510  4.1990  4.0993  4.0217  3.9410  3.9166  3.9056  3.8818  3.7885  3.6840  3.5895  3.5355  3.5244  3.5230  3.5223  3.5204 
