#Value Function.
49.1659 49.2671 50.1622 50.9613 51.6371 52.3370 52.9992 53.5514 53.8204 53.7679 53.8430 53.7694 53.9097 54.3331 58.4364 59.3718 59.7576 60.0788 60.5233 60.9763 61.3210 62.0012 62.8578 63.5686 63.8300 61.8527 61.0551 60.0532 57.7097 57.5173 56.7908 55.2442 54.5850 50.9339 27.4037 22.6352 22.0933 22.0362 22.0075 21.8845 21.8824 21.8686 21.8777 21.8657 21.8700 21.8603 21.8378 21.6844 21.4200 21.3899
49.1993 50.0564 51.0772 51.8761 52.5306 53.2337 53.9122 54.4895 54.7681 54.6539 54.7732 54.6487 54.7798 54.7117 59.8060 60.3549 60.6633 60.9486 61.3903 61.8187 62.0691 62.6631 63.2444 63.5458 63.8125 61.3450 61.0125 60.6375 58.1291 58.4665 57.8115 56.0267 55.9249 54.6781 25.1691 22.4283 22.4197 22.4277 22.4167 22.2624 22.2795 22.2606 22.2762 22.2588 22.2674 22.2575 22.2522 22.0957 21.7811 21.3902
49.5596 50.4752 50.7467 51.8984 52.6604 53.2922 54.0026 54.6978 55.3013 55.6022 55.3981 55.6067 55.4765 55.6306 59.6916 60.6442 61.1623 61.4154 61.6513 62.0770 62.4511 62.6036 63.1932 63.4321 62.8458 62.6035 60.9422 59.6777 59.3611 58.6304 57.7139 56.8948 55.4077 54.6742 47.5383 22.7641 22.7753 22.7619 22.7484 22.6383 22.6001 22.6306 22.5995 22.6266 22.5989 22.6156 22.4636 22.1244 21.8199 21.4193
49.8190 50.5988 51.3071 51.3809 52.7388 53.4246 54.0296 54.7650 55.4762 56.1147 56.4522 56.2234 56.4582 56.3217 56.5348 60.9051 61.3970 61.9258 62.0234 62.1548 62.4927 62.8740 63.0076 62.8945 62.9082 61.2279 61.2687 60.1285 59.4022 58.5729 57.8158 56.9281 56.0259 50.8529 23.1054 23.1242 23.1049 23.1075 22.9833 22.9765 22.9898 22.9342 22.9861 22.9345 22.9809 22.8366 22.4626 22.1746 21.7900 21.4101
50.8861 51.9154 52.1117 52.0531 52.1483 53.5728 54.1583 54.7522 55.5221 56.2516 56.9348 57.3103 57.0562 57.3279 57.3826 60.8357 61.7098 62.0600 62.5081 62.7360 62.8414 62.8133 62.4678 61.9991 61.4450 61.9388 60.6840 60.1722 59.3622 58.4352 57.7671 57.0053 54.9282 23.4446 23.4719 23.4437 23.4757 23.2968 23.2538 23.3403 23.3170 23.3457 23.2622 23.3487 23.2166 22.7965 22.5088 22.3037 21.8401 21.5053
51.0327 51.9190 52.7665 52.8873 52.8637 53.7034 54.2972 54.8810 55.4646 56.2866 57.0274 57.7606 58.1840 57.9031 59.9528 61.0078 61.5153 62.3947 62.6155 62.8914 62.8891 62.8248 62.5519 61.9738 61.2686 60.8277 60.9955 59.9666 59.3528 57.4531 56.4406 55.5663 54.7312 23.8223 23.7796 23.8265 23.8163 23.4843 23.6712 23.5762 23.7050 23.5793 23.7194 23.6065 23.1226 22.8525 22.5745 22.9536 22.4750 22.0169
51.1689 52.0390 53.1059 53.5429 53.6131 53.6268 54.4221 54.9865 55.6034 56.2197 57.0599 57.8088 58.5933 59.0701 58.7691 60.8536 61.7822 62.4614 62.8215 62.9992 63.0006 62.8434 62.1905 61.9252 61.2613 60.4552 60.1075 60.0762 58.1218 57.2159 56.3544 55.5180 54.7403 24.1093 24.1796 24.1555 24.1844 24.0959 23.7622 24.0657 23.8822 24.0932 24.0109 23.4328 23.2261 22.7976 23.4822 22.4130 22.5329 22.0960
51.4119 52.3236 52.9222 53.8829 54.2485 54.2254 54.2305 55.0770 55.6489 56.3210 57.0526 57.8357 58.5910 59.4292 59.9602 61.0464 61.8327 62.4519 62.8281 63.0486 62.9157 62.8167 62.4372 61.6741 61.2097 60.4908 59.6442 58.7653 58.0027 57.1451 56.3005 55.5342 54.7457 24.1109 24.4900 24.5304 24.5313 24.5169 24.4752 24.1657 24.4716 24.4230 23.8146 23.6174 23.1241 23.9324 23.7900 23.0902 22.1966 21.8904
51.4313 52.2695 53.2705 54.0284 54.4591 54.7734 54.9299 55.1527 55.7111 56.3290 57.0709 57.8177 58.6273 59.3678 60.2581 61.1158 61.8263 62.4102 62.9066 63.0320 63.1111 62.8864 62.4521 61.8564 61.0297 60.4346 59.5379 58.8096 57.9362 57.0804 56.3260 55.5312 54.7722 24.1569 24.5016 24.8693 24.8681 24.8627 24.8612 24.8559 24.8414 24.2030 24.0253 23.5102 24.4085 24.1872 23.6383 23.3877 22.7169 22.3006
51.6657 52.5464 53.4150 54.0487 54.5366 54.8596 55.0840 55.3326 55.7480 56.3583 57.0573 57.8201 58.4283 57.9910 60.3351 61.1115 61.8226 62.5358 62.9808 63.1517 63.1661 62.7217 61.5900 61.7673 61.1190 60.2934 59.6222 58.7272 57.8565 57.1210 56.3128 55.5576 54.7805 24.1915 24.5834 25.1964 25.1995 25.1983 25.1951 25.1838 25.1628 24.5037 25.0241 24.9118 24.5643 24.0946 23.8085 23.3226 22.9985 22.5688
51.8444 52.7398 53.5322 54.2038 54.6317 54.7904 55.0619 55.3234 55.7518 56.3431 57.0271 57.5592 57.4940 59.3736 60.3380 61.1001 61.8005 61.5374 63.0076 63.0358 63.1605 62.7108 62.3469 60.5730 59.7732 60.2051 59.5164 58.6271 57.9199 57.0869 56.3407 55.5510 54.7957 24.3491 25.2265 25.4689 25.5195 25.5230 25.5138 25.5045 25.4433 25.4528 25.2907 24.9090 24.5666 24.2054 23.7685 23.4429 22.9933 22.6036
51.7370 52.8158 53.5881 54.1855 54.4789 54.7978 54.9989 55.3178 55.7248 56.2209 56.1744 56.2954 58.4759 59.5131 60.1776 59.7601 60.4757 60.3927 62.7817 63.0549 62.7008 62.5270 62.2741 59.2636 59.3543 58.8105 58.6407 58.6197 57.8527 57.1275 56.3276 55.5776 54.8216 25.1180 25.3481 25.5139 25.7936 25.8306 25.8296 25.8124 25.8077 25.6645 25.2340 24.9885 24.5759 24.2213 23.8519 23.4349 23.0850 22.6813
50.2474 50.9344 52.1177 53.3055 53.8322 54.5747 54.8436 54.8352 55.4761 55.3862 55.4311 57.5520 58.6667 59.2753 59.0662 59.3347 59.1831 62.0120 62.5799 62.4763 62.6873 62.3005 61.9945 58.5974 58.1229 57.9022 57.9937 57.8687 57.7579 57.0749 56.3586 55.5998 54.8714 25.1356 25.3703 25.6088 25.6275 26.1265 26.1181 26.1360 26.0382 25.5399 25.3516 24.9230 24.6340 24.2398 23.8779 23.5017 23.0968 22.7064
50.0837 50.9651 51.6127 52.7865 53.9087 54.2090 54.2831 54.7313 54.7917 56.0239 56.6385 57.7410 57.7759 57.9324 58.4025 58.6145 60.0790 61.8286 61.8891 62.0874 61.8295 61.9923 61.6217 60.9241 60.0680 57.6251 57.1815 57.1902 57.0887 56.9259 56.3153 55.6448 31.3815 26.0999 25.5990 25.6648 25.9964 25.9812 26.4237 26.3774 25.9198 25.7069 25.2664 25.0088 24.6092 24.2928 23.9097 23.5369 23.1550 22.7701
50.0087 50.9137 51.7566 52.2414 53.4715 53.6073 54.0049 54.3759 55.1909 55.8995 56.8307 56.9762 56.9537 56.9972 57.1775 59.3105 60.8719 61.1719 61.3229 61.2380 61.3532 61.1845 61.2131 60.8262 59.9545 59.0850 57.0409 56.4722 56.4117 56.3202 56.1411 28.8447 26.5827 25.8099 26.3016 26.0468 26.0479 26.3274 26.8991 26.6331 26.6930 26.3945 25.4810 24.9998 24.6929 24.4985 24.4213 23.6386 23.2862 22.9101
49.9374 50.8759 51.6891 52.5741 52.8700 53.2387 53.6409 54.2629 55.1292 55.9509 56.1651 56.1638 56.1772 56.1662 58.4373 59.9376 60.3724 60.5246 60.4778 60.5738 60.5052 60.5678 60.4321 60.3888 59.9819 57.5215 56.1526 51.9824 24.6608 24.7845 25.5278 26.5552 25.8829 26.3108 26.2019 26.2051 26.3877 26.9152 27.0197 27.0932 26.6083 26.9886 25.7041 25.2527 24.7862 24.7576 24.4732 24.0873 23.6160 23.1698
49.6657 50.5145 51.7139 52.0380 51.9955 52.1168 53.5037 54.3268 55.0873 55.3473 55.3695 55.3704 55.3710 57.5423 59.0196 59.5454 59.7128 59.7057 59.7760 59.7377 59.7744 59.7371 59.7607 59.6491 58.1671 56.8466 56.2243 24.3257 24.4104 25.0500 25.1537 25.7570 26.1078 26.1582 25.6173 26.2187 26.7940 26.8356 27.0421 27.1764 27.0588 26.5390 27.5118 25.7890 25.0279 24.7424 24.5695 23.4144 23.2456 22.9847
49.8204 50.8166 51.2042 51.2106 51.2369 52.6463 53.5205 54.2345 54.5265 54.5705 54.5573 56.3069 56.6572 58.1134 58.7085 58.8995 58.9186 58.9702 58.9402 58.8558 58.9400 58.9737 58.9500 58.9518 57.5234 57.1081 55.7328 24.2762 24.7019 24.8890 25.4239 25.7629 25.6051 25.4939 25.2439 25.2679 26.6464 26.8031 26.9574 27.2536 27.3814 27.4359 27.5363 27.9287 25.6638 25.0594 24.8086 24.3978 23.9514 23.5548
49.3937 50.3552 50.3131 50.3996 50.4172 52.7022 53.3896 53.7058 53.7914 53.9566 55.4743 55.9752 57.2140 57.8423 57.8715 56.2187 56.4525 58.1414 58.0780 58.1257 58.0533 58.1389 58.1720 58.1575 57.9967 56.8257 53.0376 24.3485 24.5912 25.0705 25.3852 25.1923 24.9543 25.2939 25.2534 25.0599 26.5525 26.6973 26.9142 26.7090 27.5823 27.5484 27.6754 28.1765 25.7542 25.4677 25.2818 23.9986 23.4779 23.8543
48.6244 49.5310 49.5875 49.5361 51.7231 52.5507 52.8881 53.0215 53.3022 54.5738 55.2550 56.3432 56.9797 57.0710 57.0536 55.8263 57.1512 57.2948 57.3215 57.2931 57.3377 57.3707 57.3511 57.2346 57.3301 57.0853 27.2242 24.3182 24.7070 24.9919 24.8089 25.0240 24.8821 24.7198 24.9762 26.1200 26.4067 26.5862 26.5868 26.6278 26.5761 27.8956 27.9936 28.9111 26.8605 30.4235 25.2257 30.2000 30.0019 29.0271
47.8913 48.7939 48.8583 49.6682 50.4528 51.3028 52.1243 52.9196 53.7172 54.4988 55.4834 56.0565 55.6772 56.1108 54.9229 56.2224 56.4865 56.5215 56.5057 56.5213 54.8658 56.5438 56.4237 56.1746 53.3853 29.8717 24.3346 24.3166 24.3278 24.3974 24.6129 24.5247 24.6709 24.5584 24.4555 26.0813 26.2489 26.2700 26.2795 26.3174 26.4404 26.6619 27.9859 29.5159 28.7763 31.2777 30.1461 30.0956 30.0152 29.6030
47.2218 48.0496 48.8526 49.6515 50.4666 51.2374 52.1029 52.9218 53.7134 54.5673 54.5919 54.7423 55.1098 53.9130 54.7767 55.6654 55.7199 55.6990 55.7220 55.7140 54.6626 55.5599 54.8804 50.5971 31.5129 24.5970 23.9697 23.9363 23.9757 23.9999 24.0818 24.2527 24.2204 24.3213 25.5909 25.9063 25.9350 25.9265 25.9565 26.1495 26.1595 26.4850 26.3869 27.4941 29.9272 30.8646 30.4966 30.1484 29.8708 29.4843
47.1314 48.0319 48.8456 49.6475 50.4437 51.2680 52.0173 52.9064 53.6001 53.0913 53.6989 54.1176 52.9240 53.3727 54.7758 54.9143 54.8818 54.9181 54.9085 52.9955 54.5302 53.5423 48.4194 32.4941 24.9449 23.6900 23.5949 23.6233 23.6122 23.6462 23.6775 23.7667 24.1088 25.1491 25.5400 25.5964 25.5913 25.6144 25.6033 25.6635 25.8834 26.0953 26.4789 30.5081 31.1077 30.6951 30.3033 30.1087 29.5738 29.1929
47.1186 48.0327 48.8237 49.6424 50.4427 51.2342 52.0741 52.6654 52.2520 52.6862 53.1618 52.3076 52.5210 53.8271 54.0131 53.3097 54.0250 54.0843 54.1180 53.3991 52.2245 46.8926 35.1736 44.5568 32.5696 25.3256 23.5576 23.2992 23.2957 23.2968 23.4845 23.8547 24.7390 25.1674 25.2510 25.2517 25.2519 25.2524 25.2712 25.2853 25.3937 25.6380 25.9345 26.8018 30.7237 30.2498 30.2440 29.8342 29.3839 28.9801
47.0895 47.9959 48.8333 49.6134 50.4403 51.2381 51.7513 51.3989 51.7713 52.2298 51.6199 51.6097 52.9030 53.1860 53.1154 53.1279 52.6643 53.1735 52.5078 50.9557 45.7688 36.9731 43.8772 36.7144 41.7729 32.3583 25.5823 23.4601 23.0311 22.9868 23.5929 24.3628 24.7965 24.8972 24.8440 24.9087 24.9065 24.5959 24.8761 24.9317 24.9739 29.0371 28.8019 26.1495 30.1609 30.3810 30.1007 29.7095 29.1626 28.7826
47.0972 48.0178 48.7812 49.6375 50.3998 50.8530 50.5472 49.9120 51.3206 50.8747 50.6555 51.4626 52.3533 52.3351 52.3772 52.3285 52.2806 51.5806 49.7786 44.8909 38.1588 43.3399 37.9490 41.8411 37.3532 39.6857 31.9945 25.7322 23.3738 23.2952 24.0065 24.4233 24.4256 24.4678 24.5543 24.5137 24.5565 24.5243 24.3123 24.5179 28.7962 28.8852 29.4416 29.5229 30.0964 29.9188 30.0382 29.4533 29.2636 28.8253
47.0443 47.9467 48.8273 49.5602 49.9668 49.6968 49.7207 50.3196 50.0977 49.7907 50.6648 51.4469 51.4553 51.5450 51.5457 51.5729 51.5328 48.6831 44.1481 38.7740 41.6535 38.6021 41.6307 38.2738 40.3836 37.4441 38.0557 31.5533 25.7881 23.6567 24.0638 24.1051 24.0948 24.0945 24.1325 23.8267 24.1341 24.1989 24.1582 28.5962 28.7843 29.1896 29.2921 29.7864 29.7832 29.8309 29.7119 29.6505 29.1483 28.7369
47.0561 48.0109 48.7196 49.0900 48.8477 48.8058 48.8940 49.2866 48.9346 49.8500 50.5651 50.6590 50.6540 50.6700 50.7414 50.7530 48.2372 47.8257 47.4184 43.3088 39.0613 40.4552 38.6115 40.3529 38.2132 39.2658 37.2062 36.7318 31.0769 23.7100 23.7866 23.7786 23.7733 23.7605 23.7583 23.7509 23.5465 23.7693 28.1679 28.5251 28.9974 29.0892 29.5577 29.6965 29.8098 29.7015 29.6400 29.4757 29.1083 28.7029
46.7711 47.8785 48.2205 47.9998 48.0285 48.1233 48.4001 48.0670 49.0248 49.6986 49.8454 49.7895 49.8554 49.8607 49.7380 47.9803 49.4605 47.6559 47.0956 46.2672 42.5620 39.0574 39.5313 38.3675 39.3347 37.9244 38.3497 36.7762 35.6187 23.4666 23.4638 23.4538 23.4514 23.4375 23.4220 23.4153 27.2864 27.4251 27.3657 28.6557 28.8494 29.3792 29.9071 29.8874 29.8686 29.7132 29.4848 29.4389 29.1103 28.7212
45.1363 45.8794 46.5509 47.2429 47.3429 47.5506 47.3941 47.9704 48.8520 49.0317 48.9442 49.0419 49.0169 48.8003 47.4165 47.1716 47.3763 48.3303 46.9947 46.3264 45.2090 41.8644 38.8671 38.7697 37.9776 38.4761 37.5046 37.5559 36.2392 33.8676 23.1426 23.1353 23.1512 23.4788 26.5945 26.9534 27.1844 27.7095 27.8194 28.5414 29.0413 29.2345 29.9003 30.0299 29.9197 29.7753 30.1376 29.4608 29.1772 28.8041
44.6644 45.5247 46.3837 46.5662 46.7246 46.6009 47.1236 47.9849 48.2113 48.1042 48.2217 48.1780 47.9099 46.7929 46.4676 46.6123 46.4631 46.7095 47.3084 46.2801 45.5316 44.2246 41.1916 38.5550 38.1025 37.5046 37.7164 37.0105 36.8307 35.5477 32.4108 23.8813 23.4191 25.9240 26.6158 26.9635 27.3449 27.5132 28.1487 28.6517 28.8134 29.7363 30.0199 30.1191 30.2189 30.0905 30.0822 29.9105 29.2580 28.9009
44.5477 45.5202 45.7515 45.6915 45.7898 46.3667 47.1037 47.1141 47.2259 47.4020 47.3519 47.4324 46.1608 45.9695 46.0010 45.7623 45.8303 45.7507 45.9969 46.3584 45.5301 44.7215 43.2977 40.5309 38.1609 37.4888 36.9844 37.0182 36.4668 36.1311 34.7671 31.2770 25.3565 26.2116 26.6034 26.9913 27.3307 27.7508 28.1868 27.9015 28.3233 29.7537 29.9068 30.1018 30.2104 30.2870 30.0193 29.8114 29.5636 29.1228
44.0114 44.9374 44.9315 45.0618 45.6022 46.2507 46.3601 46.4415 46.3833 46.4832 46.6253 46.6115 45.2665 45.2585 45.2394 45.2261 45.0495 45.0639 45.0317 45.2563 45.4654 44.7565 20.9689 22.5975 37.6812 37.4679 36.8778 36.4331 36.3548 35.8879 35.4291 33.9479 25.7953 26.2369 26.6184 26.9689 27.3717 27.7267 27.4688 27.7548 27.6424 29.6279 29.9139 30.0985 30.1462 29.9338 29.8140 29.7512 29.4867 29.0558
43.2930 44.1692 44.3351 44.8353 45.4280 45.6042 45.6855 45.6544 45.6975 45.6685 45.7587 45.8774 45.7315 44.6801 44.5561 44.5165 44.4737 44.3260 44.3169 44.3061 20.5936 21.0091 21.0584 21.1374 21.0716 21.1409 35.0319 36.0712 35.8400 35.7032 35.2824 26.3782 25.8710 26.2607 26.6179 27.0041 27.3225 27.3113 27.3228 27.1616 27.3559 27.5433 29.7898 29.8720 29.7269 29.8535 29.6488 29.1598 29.3467 28.8692
42.7353 43.6010 44.0787 44.6288 44.8518 44.9437 44.9412 44.9693 44.9520 44.9803 44.9711 45.0533 45.1384 44.9109 21.4345 41.3641 43.5260 43.6975 43.5928 22.9101 20.5496 20.9417 21.4148 21.4101 21.5217 21.4210 21.5244 21.4265 21.5041 21.3155 21.9835 25.6171 25.9142 26.2947 26.6656 26.9564 26.9647 26.9711 26.9568 26.9379 26.8352 26.9989 29.5046 29.4293 29.5158 29.4273 29.4743 29.0840 28.6650 28.2863
42.4103 43.3211 43.8404 44.1061 44.2143 44.2366 44.2760 44.2688 44.2960 44.2888 44.3089 44.3132 44.3871 44.4169 19.1259 19.2639 19.2634 19.2600 19.2429 19.2157 20.5820 20.8343 21.2925 21.8374 21.7472 21.9185 21.7528 21.9096 21.6081 21.9135 25.8953 25.6023 26.0062 26.4123 26.6829 26.7164 26.6724 26.6412 26.6222 26.5993 26.5595 28.8521 29.0803 29.1375 29.0812 29.1046 29.0766 29.0610 28.4048 28.0263
41.9198 43.0599 43.3575 43.4857 43.5306 43.5849 43.6066 43.6455 43.6460 43.6663 43.6653 43.6812 43.6947 43.7375 19.0618 19.4273 19.5664 19.5581 19.5536 19.5288 19.5110 20.9222 21.1588 21.6369 22.2964 22.0583 22.3377 21.9698 21.6397 26.8840 25.8521 25.7275 26.2412 26.5956 26.6468 26.6017 26.4742 26.4315 26.3542 26.2791 26.2343 28.6876 28.7552 28.7191 28.7289 28.7117 28.7284 28.7036 28.6140 28.1285
39.5600 42.6070 42.7584 42.8408 42.8846 42.6833 40.4811 20.0750 20.0645 19.9999 19.8915 19.7207 19.6009 19.5736 19.5078 19.3786 19.7049 19.8636 19.8427 19.8535 19.8128 19.8865 20.5137 21.5085 21.9641 22.7964 22.3267 22.0014 22.2199 26.2154 27.5389 26.0000 26.5178 26.7304 26.8312 26.7018 26.4765 26.1822 26.0579 26.1524 28.0574 28.3710 28.3487 28.3510 28.3398 28.3490 28.3332 28.3472 28.3195 27.8624
21.7682 19.8488 19.9779 20.0815 20.1318 20.2335 20.3275 20.2664 20.2324 20.1972 20.1348 20.0296 19.8440 19.7586 19.7472 19.7082 19.6891 19.9760 20.1674 20.1381 20.1347 20.9394 20.9877 21.0264 21.3228 22.3532 23.3469 22.6421 22.3174 22.8686 26.9024 28.1900 28.1216 28.2183 27.9232 27.3462 26.9616 26.1480 26.1314 27.3723 26.1929 27.5573 27.9748 27.9654 27.9701 27.9595 27.9651 27.9347 27.8415 27.4249
19.8830 19.9565 20.1247 20.2400 20.3013 20.3183 20.3851 20.4702 20.3654 20.3068 20.2790 20.2181 20.1187 19.9454 19.8642 19.8924 19.9022 19.8591 20.2580 20.4765 20.3021 20.4638 21.3812 21.4055 21.9856 21.4817 22.7528 23.9542 22.9120 25.6228 22.0920 27.7445 28.4545 28.5264 28.7448 27.6903 28.2173 26.2926 26.9457 26.1309 26.7895 26.0874 27.5917 27.5919 27.5843 27.5840 27.5532 27.4838 27.5393 27.0959
19.7553 20.0426 20.2195 20.3471 20.4445 20.4584 20.5220 20.6062 20.4696 20.3871 20.3280 20.3095 20.2482 20.1910 20.0154 19.9704 20.0375 20.1080 20.0086 20.5563 20.8211 20.6941 21.5464 21.7462 21.6767 22.5084 23.3762 22.9060 24.6735 22.6619 26.1358 20.9495 28.6911 28.1484 28.4851 28.8447 29.8303 27.7580 26.3868 25.5233 25.7903 25.5082 25.8585 27.0626 27.2035 27.1736 27.1199 27.1514 27.1183 26.6912
19.7900 20.0907 20.2859 20.4207 20.5284 20.5759 20.6326 20.6767 20.6330 20.4619 20.3655 20.3065 20.3000 20.2546 20.2374 20.0609 20.0812 20.2163 20.3269 20.6228 20.8270 21.1821 20.8673 22.0087 22.1110 22.8911 22.7328 23.7782 21.3610 20.4948 20.2685 19.9921 20.0191 21.1695 28.6079 29.8304 27.3154 27.8389 26.8639 25.4029 25.2099 25.4142 25.2040 25.5858 26.5780 26.7519 26.7681 26.7482 26.7679 26.3245
19.8088 20.1066 20.3118 20.4678 20.5806 20.6365 20.6718 20.5955 20.6109 20.6158 20.3979 20.3148 20.2524 20.2714 20.1971 20.0999 20.1494 20.2107 20.3973 20.5191 20.9028 21.0958 21.5963 21.7215 22.4287 22.3570 22.0266 21.5060 20.7425 20.5767 20.1328 19.9417 19.8554 20.0905 29.5634 27.7832 28.0633 27.0010 26.5685 26.0970 25.0127 24.8880 25.1317 24.9041 25.2861 26.1178 24.7164 26.2006 26.3542 25.8841
19.8309 20.1050 20.3289 20.4920 20.5938 20.6570 20.6549 20.6086 20.5464 20.5383 20.3965 20.3313 20.2438 20.1985 20.1707 20.1503 20.1807 20.2707 20.4035 20.6243 20.7426 21.2294 21.3597 21.9931 21.9723 21.6550 21.9177 21.0036 20.9714 20.4198 20.1959 19.8007 19.7140 19.6646 20.9768 28.2825 27.0220 26.8203 26.4393 25.7377 25.4318 24.7099 24.5868 24.8318 24.6042 24.9682 24.5568 24.5303 25.6954 25.1865
19.8510 20.1277 20.3323 20.4858 20.5999 20.6417 20.6620 20.6151 20.5596 20.4650 20.3892 20.3245 20.2553 20.1723 20.1555 20.1425 20.1838 20.2656 20.4121 20.4831 20.8979 20.9684 21.5922 21.6022 21.3660 21.5549 21.2276 21.4146 20.7238 20.5626 20.0972 19.8425 19.5173 19.4087 19.5372 21.3939 27.1058 26.6951 25.9925 25.8313 24.9767 24.2457 24.4083 24.2881 24.5440 24.5374 24.5386 24.2168 24.2910 23.9652
19.8525 20.1324 20.3288 20.4916 20.5902 20.6553 20.6392 20.6267 20.5402 20.4834 20.3936 20.3313 20.2431 20.1928 20.1211 20.1494 20.1722 20.1948 20.2397 20.6165 20.6736 20.6147 21.2726 21.2181 21.2192 21.1585 21.1509 20.9174 20.9586 20.4115 20.1746 19.7644 19.4916 23.5478 21.3716 25.6328 22.2155 26.2216 26.2689 25.2618 24.8284 24.5442 23.9497 24.1373 24.1613 24.1653 24.1607 24.1250 23.8798 23.4855
19.8133 20.1095 20.3111 20.4644 20.5770 20.6205 20.6410 20.5953 20.5504 20.4670 20.4068 20.3144 20.2539 20.1603 20.1322 20.1024 20.0771 20.0968 20.3621 20.4221 20.3544 20.3656 20.3762 20.8757 20.8667 20.8596 20.8016 20.7630 20.5824 20.5327 20.0768 19.7978 22.5757 21.6664 24.5120 22.5665 24.6018 22.6277 25.5211 25.1451 24.8979 24.5028 23.7411 23.7815 23.7870 23.7846 23.7869 23.7796 23.7235 23.2751
19.7885 20.0904 20.2858 20.4443 20.5164 20.5847 20.5950 20.5679 20.5187 20.4542 20.3848 20.3050 20.2786 20.1390 20.0662 19.9945 19.9846 20.1610 20.1902 20.1087 20.1236 20.0553 20.0386 20.0916 20.4738 20.5089 20.4915 20.4403 20.3843 20.2326 20.1259 19.7271 21.6848 23.6746 22.6147 23.7759 22.6232 24.8449 25.0981 25.1286 24.8134 24.5425 24.1168 23.4085 23.4074 23.4088 23.4074 23.4082 23.3963 22.9613
19.7396 20.0445 20.2390 20.3600 20.4554 20.5174 20.5166 20.5228 20.5303 20.4756 20.4300 20.3957 20.1371 20.0402 19.9956 19.9486 19.8538 19.9299 19.9211 19.9053 19.8231 19.8084 19.7332 19.7082 19.7798 20.0875 20.1377 20.1241 20.0766 20.0109 19.7313 19.5856 21.2927 23.0456 23.1793 22.5019 23.1978 22.6310 24.3214 24.7120 24.7443 24.4737 24.1856 23.7375 23.1132 23.0396 23.0319 23.0300 23.0290 22.6370
19.7289 19.7703 19.9805 20.1478 20.2709 20.3838 20.4270 20.4587 20.4914 20.4489 20.4188 20.3442 20.1176 19.9759 19.8693 19.7895 19.6785 19.6799 19.6286 19.5726 19.4877 19.4382 19.3522 19.3226 19.4019 19.6466 19.7118 19.7032 19.6565 19.5757 19.3549 19.3902 20.9003 22.4583 22.6870 22.2388 22.7021 22.4647 23.8027 24.2625 24.3128 24.0752 23.7736 23.3209 22.7509 22.6226 22.6010 22.5968 22.5960 22.5996
