#Value Function.
388.76  401.60  412.39  425.14  438.79  453.01  467.53  482.00  495.66  507.78  516.84  524.35  529.14  533.04  536.68  543.51  553.52  567.15  582.93  600.18  618.55  637.54  657.11  677.04  697.20  717.27  737.03  755.91  772.46  786.39  797.08  805.27  809.74  810.90  811.67  810.90  809.97  807.32  801.98  792.75  780.89  765.63  747.66  728.19  707.94  687.64  667.58  647.75  628.33  609.22 
390.93  401.68  412.46  425.22  438.97  453.29  468.04  483.04  498.02  512.15  524.75  533.65  541.42  545.87  549.43  552.74  559.16  570.12  584.24  600.92  618.93  637.92  657.47  677.56  698.04  718.75  739.38  759.64  778.93  795.78  809.24  819.66  826.27  829.66  830.59  829.66  828.30  824.05  815.15  804.28  788.78  770.55  750.56  729.78  708.90  688.33  667.96  648.02  628.57  609.38 
389.71  400.34  412.23  425.14  438.89  453.31  468.14  483.35  498.80  514.26  528.69  541.80  549.92  557.69  560.92  564.68  566.08  574.23  586.47  601.56  619.17  637.96  657.57  677.67  698.29  719.31  740.51  761.62  782.13  801.24  818.19  829.95  839.64  844.55  845.94  844.57  842.55  834.55  826.24  810.84  793.17  772.96  751.83  730.44  709.37  688.43  667.98  648.02  628.57  609.38 
387.94  399.44  411.74  424.96  438.85  453.27  468.16  483.43  499.09  514.91  530.67  545.34  558.27  564.99  570.30  573.24  574.93  577.99  588.56  602.44  619.45  638.08  657.58  677.74  698.38  719.55  741.05  762.57  783.86  804.41  822.71  838.21  845.93  854.36  856.48  854.59  850.59  844.95  831.64  814.51  794.91  774.03  752.36  730.86  709.43  688.45  667.98  648.03  628.57  609.38 
386.72  398.67  411.35  424.78  438.78  453.26  468.14  483.48  499.15  515.19  531.20  546.96  560.50  571.12  575.04  577.91  577.90  582.91  590.47  603.32  619.79  638.20  657.61  677.75  698.47  719.63  741.28  763.10  784.78  805.55  824.97  840.74  853.03  857.26  860.41  859.32  857.26  847.98  834.07  816.12  796.00  774.53  752.65  730.88  709.44  688.44  667.98  648.02  628.57  609.38 
385.83  398.15  411.12  424.68  438.74  453.21  468.15  483.45  499.19  515.12  531.33  546.75  560.87  570.49  576.17  577.58  579.79  582.63  590.95  603.62  619.86  638.21  657.61  677.75  698.46  719.64  741.25  763.15  784.70  805.69  824.73  841.15  852.34  859.26  859.90  860.42  856.80  848.26  833.91  816.21  795.94  774.56  752.63  730.89  709.43  688.45  667.98  648.03  628.57  609.38 
385.25  397.85  410.95  424.58  438.66  453.20  468.12  483.48  499.15  515.19  531.20  546.93  560.23  568.67  574.92  576.85  577.74  581.40  590.45  604.28  620.14  638.26  657.62  677.75  698.47  719.63  741.28  763.10  784.78  805.52  824.69  838.22  850.29  857.16  859.47  859.17  854.61  847.69  834.04  816.12  796.00  774.53  752.65  730.88  709.44  688.44  667.98  648.02  628.57  609.38 
384.90  397.64  410.82  424.49  438.63  453.17  468.12  483.41  499.08  514.90  530.60  544.92  556.33  564.51  569.18  570.46  574.02  580.27  592.43  605.28  620.83  638.53  657.65  677.76  698.40  719.57  741.06  762.56  783.79  803.96  820.50  835.80  845.43  853.29  853.34  853.51  850.07  842.85  831.18  814.43  794.90  774.03  752.36  730.72  709.41  688.44  667.98  648.03  628.57  609.38 
384.68  397.49  410.71  424.44  438.59  453.15  468.06  483.31  498.75  514.04  528.19  540.18  549.05  554.98  558.39  561.94  568.38  580.33  593.29  607.62  622.70  639.53  658.00  677.78  698.39  719.40  740.55  761.32  781.57  799.26  815.85  827.48  838.44  841.59  841.71  841.61  839.13  833.54  824.48  810.29  792.35  772.86  751.82  730.42  709.25  688.41  667.97  648.02  628.57  609.38 
384.52  397.38  410.66  424.40  438.57  453.09  467.94  482.95  497.76  511.49  523.32  532.23  539.00  543.40  547.19  553.71  565.08  579.67  595.36  610.58  625.75  641.59  659.07  678.07  698.37  719.01  739.31  759.08  776.70  793.47  806.11  818.17  823.44  825.58  825.52  825.58  825.23  821.00  812.81  802.63  787.67  769.80  750.40  729.75  708.87  688.24  667.93  648.02  628.57  609.38 
384.41  397.32  410.61  424.37  438.50  452.94  467.53  481.87  495.16  506.63  515.46  522.28  526.99  531.37  537.93  548.81  562.93  579.44  596.69  613.35  629.39  644.91  661.10  679.00  698.43  718.20  737.38  754.60  770.66  783.92  795.52  801.86  805.04  806.28  806.32  806.28  806.29  804.51  799.36  790.35  779.51  764.67  747.21  728.25  708.16  687.86  667.76  647.96  628.55  609.38 
384.34  397.27  410.57  424.29  438.33  452.49  466.38  479.25  490.36  499.05  505.75  510.61  515.27  521.99  532.46  546.11  562.07  579.40  597.27  615.21  632.37  648.85  664.45  680.73  698.79  717.29  733.54  748.60  761.54  772.47  779.03  782.76  784.55  785.42  785.40  785.42  785.39  784.50  782.06  776.42  767.56  756.46  742.00  725.03  706.59  687.10  667.36  647.78  628.49  609.36 
384.30  397.23  410.49  424.10  437.84  451.28  463.74  474.52  483.05  489.63  494.57  499.39  506.13  516.28  529.48  544.92  561.74  579.33  597.47  615.91  634.37  651.79  668.51  683.94  699.99  715.81  729.16  740.89  750.63  756.70  760.35  762.31  763.20  763.77  763.78  763.77  763.78  763.18  761.95  759.21  753.52  744.89  733.87  719.84  703.40  685.48  666.56  647.37  628.30  609.29 
384.25  397.14  410.28  423.57  436.57  448.64  459.09  467.46  473.93  478.95  483.88  490.60  500.44  513.20  528.15  544.48  561.60  579.33  597.50  616.09  634.93  653.69  670.59  687.12  701.60  714.52  724.24  730.98  736.13  738.67  740.28  741.22  741.71  741.90  741.89  741.90  741.89  741.70  741.08  739.64  736.71  731.06  722.69  711.87  698.24  682.32  664.90  646.54  627.88  609.09 
384.15  396.90  409.71  422.26  433.93  444.07  452.26  458.64  463.71  468.73  475.42  484.97  497.32  511.80  527.65  544.32  561.59  579.32  597.51  616.07  634.98  653.77  671.94  688.05  702.14  711.44  716.16  718.12  718.66  719.15  719.69  720.04  720.25  720.25  720.25  720.25  720.25  720.16  719.93  719.28  717.73  714.72  709.18  701.03  690.44  677.20  661.76  644.84  627.02  608.66 
383.89  396.30  408.36  419.62  429.45  437.46  443.76  448.86  453.95  460.60  469.88  481.83  495.85  511.24  527.47  544.29  561.58  579.33  597.50  616.09  634.94  653.83  671.84  688.22  699.00  703.61  703.68  701.39  699.74  699.12  699.00  699.05  699.08  699.07  699.07  699.07  699.07  698.99  698.89  698.63  697.94  696.35  693.29  687.86  679.92  669.57  656.69  641.72  625.29  607.76 
383.25  394.92  405.73  415.23  423.04  429.26  434.38  439.53  446.12  455.16  466.73  480.31  495.25  511.04  527.43  544.28  561.59  579.32  597.51  616.07  634.97  653.72  671.45  683.56  690.75  691.07  688.79  686.99  682.87  680.03  678.78  678.43  678.36  678.35  678.34  678.34  678.34  678.33  678.26  678.14  677.86  677.13  675.51  672.41  667.08  659.35  649.23  636.72  622.18  606.02 
381.85  392.30  401.43  409.02  415.13  420.26  425.45  431.97  440.78  451.99  465.15  479.66  495.03  510.99  527.42  544.29  561.58  579.33  597.48  615.95  634.43  652.13  665.67  673.85  676.21  676.03  674.64  671.43  667.75  663.20  660.16  658.77  658.29  658.17  658.15  658.14  658.14  658.13  658.11  658.04  657.91  657.61  656.84  655.19  652.07  646.84  639.29  629.42  617.25  602.93 
379.25  388.09  395.41  401.40  406.51  411.71  418.17  426.75  437.62  450.38  464.46  479.41  494.96  510.97  527.42  544.28  561.58  579.27  597.27  615.29  632.31  645.91  654.40  657.84  658.85  658.95  657.80  655.64  652.13  648.00  643.69  640.66  639.22  638.68  638.53  638.50  638.49  638.45  638.43  638.40  638.33  638.19  637.86  637.06  635.38  632.25  627.11  619.74  610.11  598.06 
375.13  382.26  388.06  393.12  398.30  404.69  413.06  423.60  435.97  449.64  464.19  479.33  494.94  510.97  527.41  544.27  561.51  579.01  596.46  612.81  626.02  634.46  638.34  639.83  640.45  640.39  639.90  638.46  636.10  632.66  628.57  624.58  621.67  620.25  619.67  619.49  619.44  619.37  619.30  619.24  619.18  619.10  618.96  618.60  617.77  616.06  612.94  607.89  600.69  591.08 
369.47  375.17  380.11  385.24  391.53  399.70  409.93  421.92  435.20  449.34  464.09  479.31  494.94  510.97  527.40  544.18  561.20  578.07  593.78  606.52  614.85  619.02  620.72  621.38  621.58  621.61  621.34  620.79  619.30  616.87  613.60  609.74  606.08  603.50  602.08  601.46  601.25  601.01  600.81  600.63  600.52  600.44  600.36  600.20  599.82  598.96  597.23  594.12  589.16  581.91 
362.63  367.52  372.55  378.71  386.67  396.59  408.22  421.11  434.87  449.24  464.06  479.30  494.93  510.94  527.29  543.82  560.14  575.25  587.54  595.72  600.01  601.86  602.62  602.86  602.97  602.95  602.88  602.60  601.96  600.55  598.23  595.37  592.00  588.98  586.53  585.12  584.48  583.81  583.07  582.71  582.43  582.27  582.18  582.09  581.91  581.51  580.62  578.87  575.77  570.69 
355.27  360.24  366.23  373.96  383.58  394.86  407.38  420.76  434.75  449.20  464.05  479.29  494.89  510.81  526.87  542.66  557.21  569.06  577.09  581.46  583.43  584.24  584.53  584.64  584.65  584.66  584.63  584.55  584.29  583.71  582.43  580.67  578.91  576.56  573.74  571.42  569.30  567.94  566.53  565.59  565.02  564.66  564.47  564.36  564.27  564.08  563.66  562.75  560.98  557.69 
348.54  354.15  361.59  370.90  381.83  393.99  407.01  420.63  434.71  449.19  464.04  479.24  494.74  510.34  525.61  539.63  551.08  558.96  563.38  565.45  566.31  566.63  566.75  566.78  566.79  566.78  566.78  566.76  566.71  566.53  566.22  565.71  565.41  564.65  563.36  560.83  557.67  553.98  551.42  549.69  548.44  547.73  547.32  547.11  547.00  546.89  546.69  546.25  545.31  543.33 
354.79  359.83  364.99  371.36  381.04  393.60  406.86  420.58  434.69  449.17  463.98  479.06  494.22  508.99  522.52  533.58  541.30  545.76  547.91  548.83  549.19  549.31  549.35  549.36  549.35  549.36  549.35  549.37  549.42  549.53  549.83  550.54  551.79  553.20  553.01  551.85  548.38  543.46  538.54  535.20  533.09  531.74  530.97  530.54  530.20  530.07  529.95  529.73  529.27  528.12 
361.16  366.25  371.29  376.56  383.12  393.70  406.81  420.56  434.67  449.10  463.78  478.49  492.79  505.84  516.55  524.11  528.58  530.81  531.78  532.17  532.31  532.35  532.36  532.36  532.36  532.36  532.38  532.47  532.69  533.23  534.51  536.83  539.82  541.58  542.03  541.81  539.45  534.27  528.14  522.70  519.04  516.80  515.40  514.61  514.16  513.84  513.69  513.44  513.20  512.53 
367.61  372.78  377.86  383.04  388.39  395.06  406.81  420.53  434.59  448.87  463.16  477.00  489.60  499.96  507.36  511.83  514.13  515.16  515.58  515.73  515.78  515.79  515.79  515.79  515.79  515.82  515.91  516.17  516.80  518.21  520.80  524.46  527.58  529.06  529.86  530.09  528.81  524.72  518.71  512.53  507.03  503.31  501.01  499.60  498.68  498.20  497.89  497.71  497.36  496.90 
374.05  379.41  384.57  389.77  395.08  400.50  407.32  420.44  434.34  448.21  461.61  473.78  483.82  491.06  495.53  497.88  498.97  499.42  499.58  499.65  499.66  499.65  499.65  499.64  499.67  499.78  500.06  500.73  502.20  504.81  508.49  511.99  514.61  516.25  516.50  516.36  515.77  513.72  509.18  503.26  497.16  491.84  488.05  485.73  484.19  483.27  482.66  482.33  482.12  481.62 
380.42  386.02  391.38  396.65  401.99  407.44  412.92  420.17  433.63  446.60  458.38  468.12  475.23  479.68  482.12  483.28  483.78  483.97  484.01  484.09  484.07  484.01  483.99  483.96  484.06  484.35  485.05  486.52  489.08  492.72  496.15  499.03  501.05  501.95  502.00  502.08  502.04  500.96  498.45  493.97  488.23  482.35  477.13  473.49  472.48  471.58  470.34  468.69  467.40  466.80 
386.88  392.54  398.17  403.66  409.03  414.51  420.13  425.63  431.99  443.38  452.84  459.82  464.29  466.83  468.16  468.70  468.93  469.07  469.10  469.24  469.21  468.99  468.92  468.89  469.12  469.77  471.22  473.71  477.24  480.58  483.56  485.59  486.78  487.25  487.46  487.58  487.71  487.42  486.98  486.91  486.85  486.80  486.64  486.33  485.56  484.44  482.82  480.28  476.44  470.73 
393.65  399.14  404.83  410.63  416.26  421.74  427.35  433.16  438.76  443.75  448.33  452.77  456.15  458.76  460.73  462.18  464.15  466.05  466.93  467.31  467.26  466.62  465.19  462.11  457.39  456.39  458.76  462.26  466.18  474.52  482.30  488.78  493.52  496.58  498.40  499.42  500.06  500.29  500.51  500.49  500.46  500.45  500.17  499.51  498.51  497.04  494.61  490.88  485.35  477.87 
400.75  406.08  411.56  417.43  423.42  429.18  434.76  440.51  446.53  452.33  457.37  461.94  466.59  469.84  472.28  473.93  475.16  477.55  479.34  480.02  480.05  478.64  476.07  471.63  463.13  452.06  448.39  456.71  468.40  479.36  488.90  496.83  503.14  507.87  510.75  512.42  513.27  513.66  513.93  513.92  513.93  513.91  513.55  512.51  511.19  509.04  505.43  499.90  492.52  483.37 
407.90  413.41  418.68  424.29  430.35  436.55  442.43  448.11  454.01  460.23  466.19  471.21  475.69  480.10  482.83  484.61  486.15  487.30  489.95  491.29  491.01  489.26  485.59  477.31  465.91  453.07  445.79  458.20  470.65  482.70  493.86  503.36  511.36  517.64  522.24  524.82  526.21  526.76  527.19  527.19  527.19  527.14  526.29  525.28  523.45  519.96  514.40  507.10  497.99  487.43 
414.60  420.81  426.24  431.60  437.35  443.61  450.02  456.03  461.79  467.81  474.19  480.20  484.70  488.77  491.88  493.49  495.02  496.79  497.73  499.35  499.39  497.42  490.74  479.81  466.66  453.54  446.48  459.32  472.12  484.81  497.09  508.35  517.92  525.86  532.01  536.19  538.46  539.55  540.08  540.07  540.08  539.56  538.89  537.42  534.15  529.00  521.68  512.38  502.00  490.21 
420.20  427.77  433.90  439.40  444.83  450.72  457.20  463.85  469.97  475.75  481.81  488.09  493.55  497.31  499.48  500.77  501.84  502.87  504.43  505.03  504.50  501.18  492.37  479.97  467.01  453.59  447.12  459.97  473.13  486.13  499.06  511.43  522.79  532.31  539.89  545.99  549.95  551.72  552.43  552.45  552.43  551.78  550.75  547.81  543.19  535.92  526.86  516.36  504.68  491.93 
424.20  433.57  441.13  447.32  452.90  458.40  464.43  471.14  478.04  484.22  489.95  495.81  501.47  505.55  507.23  507.91  508.85  508.84  509.36  509.56  507.21  501.07  491.14  479.86  466.78  453.56  447.71  460.55  473.74  487.04  500.22  513.27  525.58  536.78  546.30  553.20  559.27  562.80  564.08  564.07  564.10  563.14  561.04  556.81  549.64  540.92  530.36  518.94  506.24  492.99 
426.67  437.65  447.14  454.85  461.09  466.74  472.31  478.48  485.43  492.56  498.73  504.05  509.25  513.53  515.44  515.83  515.39  514.61  514.17  512.28  508.22  500.86  490.89  478.88  466.56  453.35  448.02  461.13  474.35  487.62  501.01  514.26  527.14  539.26  550.56  559.60  565.94  571.33  574.24  574.50  574.44  573.08  569.61  562.36  554.34  544.16  532.75  520.17  507.19  493.50 
428.01  440.13  451.30  461.09  468.93  475.20  480.94  486.56  492.87  500.02  507.39  513.36  517.80  521.76  523.87  523.96  522.85  521.85  519.12  515.44  509.79  500.72  489.19  477.72  465.37  452.94  448.12  461.44  474.83  488.11  501.43  514.79  527.83  540.52  552.54  563.43  571.67  577.28  580.80  582.52  582.62  580.48  574.27  566.91  557.22  546.34  533.94  520.88  507.53  493.77 
428.63  441.45  453.77  465.30  475.41  483.37  489.67  495.51  501.15  507.58  514.83  522.21  527.56  530.63  532.66  532.94  532.30  530.01  525.68  520.48  512.67  501.87  489.70  476.25  464.01  451.78  448.14  461.59  475.14  488.63  501.95  515.19  528.37  541.18  553.44  564.92  574.90  581.15  585.56  587.15  586.97  583.74  577.50  569.02  559.00  547.03  534.33  521.18  507.79  494.03 
428.79  442.04  455.07  467.76  479.67  490.12  498.21  504.49  510.46  516.04  522.49  529.59  536.42  540.05  541.67  541.43  541.43  538.51  533.53  525.98  514.78  503.20  490.16  476.91  463.32  450.50  448.10  461.60  475.16  488.81  502.37  515.43  528.47  541.28  553.58  565.11  575.35  583.18  587.48  587.81  588.11  585.61  579.63  570.26  559.22  547.06  534.34  521.18  507.80  494.03 
428.85  442.17  455.64  469.04  482.12  494.42  505.25  513.43  519.65  525.76  531.14  537.40  543.71  549.26  550.40  550.76  549.71  546.85  540.27  529.04  517.56  504.46  491.17  477.21  463.38  449.83  448.11  461.60  475.17  488.81  502.55  515.94  528.71  541.35  553.64  565.21  575.44  583.37  587.55  588.30  587.80  585.91  579.53  570.35  559.21  547.07  534.34  521.18  507.79  494.03 
428.83  442.22  455.72  469.60  483.36  496.84  509.55  520.80  529.05  535.00  541.01  545.69  551.28  555.58  559.03  559.03  558.07  553.91  543.43  532.57  519.24  505.91  491.60  477.31  463.35  449.78  448.10  461.60  475.16  488.82  502.52  516.10  529.27  541.51  553.49  564.86  574.53  582.12  585.32  586.88  587.11  582.65  578.09  569.33  558.62  546.69  534.01  520.89  507.53  493.77 
428.85  442.19  455.78  469.61  483.92  498.04  511.94  524.97  536.45  544.20  548.88  554.95  557.84  562.99  565.82  565.81  564.74  556.82  547.42  534.23  521.06  506.42  491.76  477.31  463.37  449.76  448.09  461.46  475.04  488.68  502.38  516.02  529.37  541.92  553.83  564.17  573.01  577.82  581.57  583.43  583.27  580.66  573.33  567.04  557.03  545.62  533.58  520.56  507.24  493.50 
428.84  442.22  455.73  469.69  483.84  498.62  513.10  527.08  540.04  549.42  554.86  558.77  563.87  566.02  569.72  569.64  566.90  559.78  548.44  536.33  521.42  506.57  491.75  477.33  463.36  449.77  447.97  461.34  474.91  488.55  502.13  515.88  529.25  542.23  553.12  562.71  568.62  574.41  576.52  577.93  577.98  575.37  570.36  562.57  554.43  543.75  532.16  519.81  506.64  493.07 
428.85  442.19  455.78  469.61  483.97  498.41  513.63  527.69  541.21  550.73  555.40  560.29  563.84  567.67  570.01  569.74  568.21  561.02  550.31  536.19  521.51  506.50  491.79  477.31  463.25  449.75  447.72  461.08  474.64  488.21  501.98  515.72  529.48  541.42  551.26  558.58  564.66  568.22  570.78  570.97  570.96  569.32  564.75  558.30  549.86  540.70  530.00  518.18  505.59  492.33 
428.84  442.22  455.73  469.69  483.84  498.64  513.24  528.37  540.04  549.48  555.85  558.55  563.73  567.78  568.78  569.63  566.30  561.52  549.94  536.38  521.39  506.54  491.75  477.33  463.23  449.66  447.46  460.79  474.20  487.91  501.70  515.52  528.36  538.69  547.04  553.53  558.01  561.35  562.31  562.88  562.59  560.85  557.84  552.09  544.77  536.08  526.47  515.74  503.85  491.14 
428.85  442.19  455.78  469.61  483.96  498.27  513.03  525.87  536.57  545.07  550.75  554.55  559.12  560.58  563.35  565.00  563.00  555.31  548.05  535.18  521.09  506.33  491.73  477.30  463.24  449.63  447.16  460.26  473.76  487.46  501.03  513.89  524.51  533.90  540.90  545.51  549.20  551.44  552.60  552.94  552.49  551.10  548.76  544.50  538.27  530.49  521.70  512.02  501.28  489.30 
428.83  442.22  455.73  469.66  483.64  497.78  510.39  521.16  530.63  536.63  541.94  545.51  547.59  552.18  553.57  554.40  553.53  549.55  541.41  532.42  519.73  505.85  491.51  477.26  463.21  449.52  446.67  459.82  473.26  486.56  499.14  509.97  519.32  526.62  532.10  535.74  538.33  539.75  540.76  541.00  540.69  539.90  537.79  534.88  530.19  523.80  515.97  507.13  497.52  486.61 
428.85  442.18  455.72  469.35  482.95  495.22  505.77  514.91  521.30  526.53  530.59  533.02  537.25  539.53  540.36  540.86  540.36  538.51  533.93  525.98  516.67  504.43  490.95  477.03  463.15  449.48  446.10  459.27  472.18  484.48  495.22  504.44  511.89  517.49  521.42  524.16  525.96  527.01  527.73  527.83  527.69  527.11  526.02  523.52  520.25  515.46  509.10  501.38  492.54  482.81 
428.73  441.98  455.23  468.34  480.27  490.58  499.36  505.77  510.87  514.87  517.74  521.50  523.96  525.18  525.66  525.79  525.66  525.06  522.80  517.99  510.34  501.05  489.28  476.23  462.73  449.23  445.34  457.99  469.88  480.37  489.47  496.88  502.52  506.56  509.43  511.34  512.61  513.38  513.76  513.83  513.76  513.35  512.66  511.33  508.78  505.34  500.51  494.20  486.56  477.73 
