#Value Function.
284.96  364.10  421.65  462.24  494.90  523.84  553.97  593.62  656.07  757.06  915.99  1143.51 1432.11 1727.53 1915.22 1935.71 1838.58 1601.09 1344.34 1162.19 1071.09 1061.09 1108.30 1195.90 1311.87 1446.44 1591.56 1739.64 1883.12 2003.02 2075.83 2118.52 2197.77 2408.53 2887.51 2612.90 1962.31 1627.01 1398.14 1207.63 1038.10 857.43  675.22  518.31  395.56  302.15  230.38  171.51  118.85  64.67  
571.49  729.38  817.64  888.24  945.95  996.06  1045.92 1108.31 1205.01 1370.34 1626.05 1960.11 2336.83 2674.92 2859.19 2888.03 2739.11 2446.46 2192.51 1992.28 1911.83 1946.29 2066.42 2248.82 2474.50 2729.84 3001.72 3277.97 3537.59 3739.27 3827.42 3816.78 3783.80 3817.81 3810.40 3552.96 3074.34 2625.94 2262.36 1961.45 1681.65 1390.95 1116.80 887.25  692.35  538.46  416.11  313.47  220.38  127.38 
874.85  1115.51 1229.88 1324.13 1400.94 1464.91 1522.98 1588.14 1683.82 1854.28 2107.83 2423.62 2764.22 3018.66 3167.08 3180.65 3096.35 2865.46 2690.43 2583.93 2598.30 2727.70 2958.81 3251.37 3588.71 3958.08 4335.81 4726.76 5075.92 5325.58 5371.75 5229.33 5002.84 4757.58 4448.70 4068.34 3620.57 3169.31 2769.13 2397.63 2058.04 1728.28 1424.03 1147.93 916.84  727.34  571.32  437.99  314.51  183.33 
1210.11 1542.99 1692.20 1805.68 1899.24 1971.93 2027.94 2078.55 2144.84 2249.46 2431.14 2661.26 2888.45 3098.46 3179.11 3194.84 3167.67 3092.08 3032.94 3076.95 3233.05 3490.14 3823.36 4213.46 4650.62 5128.48 5630.41 6090.09 6512.39 6769.32 6703.48 6414.57 5997.34 5495.16 4987.64 4502.03 4021.06 3533.43 3092.52 2684.12 2310.11 1959.29 1637.48 1350.19 1098.56 887.15  707.45  549.40  398.58  233.95 
1590.36 2032.33 2225.42 2364.08 2477.41 2557.10 2602.40 2623.77 2640.31 2672.81 2733.45 2824.73 2952.26 3064.66 3136.70 3191.87 3238.05 3284.25 3389.87 3579.17 3853.53 4205.75 4623.26 5096.06 5617.53 6181.99 6762.52 7310.10 7738.75 7965.30 7860.27 7472.53 6840.86 6157.97 5504.47 4899.83 4343.06 3817.23 3334.03 2896.77 2498.11 2137.38 1805.06 1506.38 1247.15 1021.30 825.07  647.59  473.70  279.45 
2022.20 2597.77 2852.67 3028.97 3175.74 3263.16 3289.07 3264.63 3219.18 3174.45 3132.75 3102.57 3087.69 3102.78 3160.16 3261.29 3389.70 3550.05 3771.66 4062.35 4422.37 4847.28 5332.28 5872.03 6461.56 7094.82 7741.38 8330.69 8734.91 8871.23 8735.98 8249.78 7529.69 6733.06 5962.73 5263.73 4634.31 4059.15 3541.99 3075.85 2657.75 2282.04 1942.37 1639.15 1371.09 1136.08 927.02  734.28  542.21  320.54 
2499.78 3236.17 3586.80 3828.60 4022.07 4116.46 4114.04 4021.05 3908.50 3787.88 3650.69 3496.85 3371.93 3288.20 3290.51 3415.90 3609.15 3851.92 4146.92 4502.01 4918.44 5394.97 5928.63 6516.29 7151.09 7819.39 8486.89 9075.67 9481.93 9608.33 9423.25 8899.87 8103.18 7218.03 6363.52 5590.92 4900.77 4285.20 3733.87 3243.57 2806.23 2415.75 2066.49 1756.01 1481.18 1237.17 1017.71 812.14  604.32  358.04 
2994.91 3926.33 4388.17 4744.78 5000.61 5108.87 5034.13 4864.69 4687.24 4495.41 4270.19 4003.83 3756.24 3579.55 3520.56 3635.28 3866.72 4155.43 4493.64 4884.09 5331.33 5836.32 6399.88 7022.19 7695.94 8408.07 9107.19 9753.07 10168.08 10328.57 10093.41 9456.20 8583.72 7617.53 6702.95 5881.62 5152.15 4500.53 3922.25 3408.29 2952.56 2546.51 2186.11 1866.48 1583.03 1330.24 1100.96 884.39  661.54  392.58 
3459.49 4582.46 5208.71 5644.57 5943.09 6119.61 6005.90 5767.77 5451.30 5198.36 4897.34 4547.03 4204.60 3919.59 3802.97 3900.19 4151.33 4461.55 4815.28 5212.40 5661.69 6169.15 6738.69 7376.41 8079.24 8837.34 9626.76 10414.84 11092.85 11309.62 11018.44 10133.83 9039.89 7987.31 7016.27 6157.04 5389.98 4710.38 4109.67 3575.63 3100.72 2680.03 2306.50 1975.41 1681.70 1419.27 1180.33 953.15  715.42  425.00 
3828.13 5109.04 5838.71 6395.06 6758.68 6878.36 6780.91 6467.80 6099.36 5733.84 5385.31 5006.89 4594.32 4251.23 4103.01 4204.42 4468.16 4784.95 5132.03 5508.43 5928.03 6404.06 6947.39 7571.09 8278.07 9068.59 9953.27 10927.32 11904.44 12639.47 11923.29 10831.49 9505.88 8316.71 7302.46 6408.91 5622.26 4926.94 4305.07 3750.05 3256.05 2817.86 2429.53 2085.70 1780.45 1507.53 1258.41 1019.56 767.09  455.99 
4053.59 5433.12 6236.57 6833.64 7159.77 7202.42 7105.83 6792.78 6423.87 6054.59 5679.17 5290.10 4861.45 4509.14 4390.33 4542.39 4829.22 5152.86 5478.81 5819.93 6174.45 6577.02 7042.61 7606.04 8271.60 9045.99 9950.83 11031.64 12219.57 13023.74 12570.41 11113.37 9735.99 8555.56 7536.12 6648.91 5866.30 5164.69 4519.62 3940.06 3422.04 2963.04 2557.58 2198.84 1880.68 1596.14 1335.69 1084.65 817.31  486.00 
4109.56 5477.41 6233.22 6789.57 7082.61 7188.51 7074.52 6854.37 6501.40 6172.26 5810.75 5407.89 4979.39 4703.40 4674.04 4912.54 5241.38 5585.93 5910.62 6205.20 6458.18 6738.48 7071.82 7507.00 8075.26 8755.99 9548.97 10451.93 11390.14 11892.11 11747.41 10744.37 9663.04 8625.73 7706.31 6903.21 6145.61 5429.62 4761.84 4147.38 3601.84 3117.77 2691.20 2315.32 1982.73 1685.31 1412.66 1148.88 866.54  515.30 
4047.48 5341.50 5990.98 6454.05 6732.52 6832.87 6823.87 6564.93 6337.13 6048.32 5723.47 5344.98 5006.58 4832.71 4966.75 5292.83 5685.55 6098.73 6439.69 6696.58 6838.78 6927.40 7082.28 7352.00 7747.29 8272.16 8881.11 9533.37 10098.76 10514.54 10445.68 9978.02 9267.17 8531.17 7848.64 7176.72 6460.45 5735.07 5018.64 4372.36 3791.24 3278.82 2829.29 2434.52 2086.00 1774.72 1489.19 1212.27 914.85  543.96 
3934.50 5139.36 5677.51 6006.60 6218.93 6345.15 6327.14 6211.80 5999.93 5784.06 5512.60 5234.49 4989.25 4955.10 5227.99 5641.66 6107.59 6587.99 6997.70 7224.50 7300.06 7252.06 7201.89 7229.07 7397.42 7726.39 8144.07 8576.47 8992.66 9259.08 9309.49 9119.95 8808.48 8400.94 7958.50 7428.88 6776.39 6022.71 5279.06 4591.20 3979.14 3440.63 2967.38 2553.06 2188.38 1863.00 1564.43 1274.34 961.98  571.82 
3847.72 4983.64 5437.50 5686.59 5837.22 5915.61 5932.48 5856.12 5732.03 5563.18 5371.70 5168.98 5018.83 5086.80 5417.71 5885.16 6419.42 6955.82 7389.47 7606.24 7633.32 7500.12 7301.92 7167.27 7153.27 7272.48 7499.92 7788.52 8065.56 8277.59 8383.14 8401.96 8350.67 8232.80 7968.20 7548.92 6983.69 6265.24 5506.58 4791.17 4150.48 3588.30 3096.18 2665.33 2286.13 1947.71 1636.80 1334.06 1007.28 598.53 
3837.45 4949.39 5379.21 5598.05 5733.22 5798.27 5822.26 5799.89 5736.14 5632.00 5484.22 5311.44 5174.15 5207.40 5520.16 5984.87 6524.89 7061.44 7497.48 7716.41 7721.87 7616.45 7380.87 7116.61 6946.02 6905.61 6982.90 7133.44 7313.24 7480.05 7624.07 7751.89 7872.64 7925.99 7817.86 7544.23 7045.73 6368.44 5630.93 4924.06 4279.31 3708.25 3205.73 2764.31 2374.54 2025.67 1704.15 1390.02 1049.83 623.59 
3917.45 5065.64 5522.27 5776.27 5938.69 6027.58 6090.03 6110.32 6106.89 6056.46 5926.71 5723.66 5505.39 5405.34 5554.07 5936.25 6416.59 6913.05 7287.68 7544.14 7595.89 7490.73 7213.03 6913.87 6677.38 6549.50 6527.08 6582.65 6686.44 6812.17 6959.43 7136.69 7336.99 7511.75 7535.33 7354.64 6909.33 6295.60 5641.40 4972.47 4349.00 3787.58 3287.39 2843.79 2449.24 2093.78 1764.31 1440.69 1088.64 646.46 
4067.51 5295.16 5836.00 6164.86 6393.35 6527.39 6643.82 6735.71 6798.44 6836.76 6691.09 6408.34 6015.45 5700.62 5623.49 5794.69 6138.29 6501.16 6859.77 7085.24 7185.44 7079.28 6865.80 6582.10 6343.41 6185.05 6105.92 6098.24 6147.75 6245.01 6394.58 6579.54 6811.10 6990.20 7079.44 6963.27 6622.82 6103.28 5530.92 4932.27 4355.38 3822.19 3337.27 2900.92 2507.67 2149.97 1815.67 1484.89 1122.90 666.71 
4238.39 5565.72 6197.30 6605.05 6938.32 7127.18 7299.44 7437.45 7648.18 7760.42 7596.82 7150.88 6598.41 6069.84 5781.29 5722.97 5840.20 6062.78 6304.74 6523.00 6602.79 6538.43 6369.93 6166.26 5956.48 5799.44 5698.16 5658.71 5680.79 5770.24 5938.39 6135.94 6324.97 6493.00 6577.76 6506.98 6245.85 5850.05 5354.10 4837.99 4321.85 3822.57 3361.31 2937.41 2550.28 2194.04 1857.79 1522.14 1152.21 684.15 
4360.50 5772.63 6487.75 6960.97 7333.28 7582.27 7801.88 8044.62 8313.35 8397.57 8273.81 7828.07 7118.34 6441.88 5957.29 5706.13 5642.41 5703.69 5833.61 5957.61 6012.93 5967.56 5864.55 5700.12 5542.04 5402.67 5305.24 5264.52 5306.48 5464.18 5653.48 5848.79 6002.13 6116.57 6181.60 6125.60 5932.93 5608.64 5203.12 4749.41 4271.32 3811.58 3369.59 2959.77 2580.68 2227.90 1891.61 1552.89 1176.80 698.88 
4363.46 5802.17 6551.96 7090.11 7466.04 7714.54 7954.69 8222.81 8515.03 8634.37 8495.32 8095.88 7400.83 6645.50 6061.20 5685.19 5491.19 5426.41 5434.47 5472.03 5482.04 5444.67 5361.20 5249.08 5123.20 5013.35 4944.20 4975.18 5128.70 5329.47 5548.14 5737.36 5880.65 5969.13 5988.88 5935.33 5771.41 5491.64 5125.39 4691.82 4251.13 3803.05 3376.90 2977.55 2604.66 2255.13 1919.32 1578.46 1197.46 711.35 
4225.36 5618.37 6337.68 6861.74 7234.14 7513.54 7716.19 7924.33 8217.70 8360.65 8358.79 7984.25 7301.42 6609.88 6039.34 5613.97 5339.60 5182.67 5104.29 5066.24 5033.38 4982.15 4910.81 4819.72 4729.15 4662.45 4702.92 4865.76 5092.19 5344.06 5586.41 5813.22 5966.16 6046.48 6047.72 5982.58 5819.21 5529.98 5135.36 4715.67 4265.10 3821.42 3398.63 2999.30 2628.41 2279.96 1943.71 1600.67 1215.35 722.17 
3977.17 5273.08 5921.88 6363.68 6715.56 7000.22 7194.51 7407.48 7593.77 7752.17 7771.49 7447.06 6951.91 6380.23 5875.31 5467.23 5163.48 4954.00 4815.81 4723.53 4651.73 4583.75 4511.27 4439.99 4388.74 4451.97 4625.50 4865.40 5151.52 5452.78 5730.48 5989.58 6176.50 6259.51 6263.25 6177.11 5974.18 5662.36 5242.36 4795.16 4330.71 3872.40 3435.85 3031.01 2656.81 2305.77 1967.27 1621.29 1231.66 732.00 
3661.72 4834.32 5385.43 5777.76 6072.34 6344.83 6555.66 6739.40 6914.51 7012.04 6999.49 6787.95 6433.86 6023.71 5613.03 5251.31 4954.76 4725.25 4554.13 4426.14 4326.00 4240.90 4169.82 4124.99 4198.99 4378.89 4629.71 4926.03 5256.54 5597.41 5923.72 6202.78 6400.24 6481.06 6495.85 6402.05 6189.68 5840.59 5397.36 4927.39 4429.67 3945.60 3491.05 3074.89 2690.49 2333.98 1991.33 1641.44 1247.20 741.28 
3319.95 4364.68 4839.08 5160.40 5425.62 5678.01 5883.35 6067.98 6205.80 6283.68 6271.43 6138.46 5908.61 5610.68 5294.60 4990.48 4720.89 4494.76 4311.59 4165.03 4042.99 3949.68 3891.62 3944.94 4122.04 4370.10 4671.50 5012.18 5375.23 5748.17 6099.22 6385.64 6578.83 6656.38 6650.95 6554.71 6350.80 6004.39 5553.26 5044.08 4523.11 4018.89 3548.46 3119.78 2726.62 2363.27 2015.56 1661.21 1262.18 750.12 
2987.50 3913.32 4319.77 4591.83 4829.46 5053.85 5251.36 5420.37 5553.71 5627.59 5627.63 5549.99 5396.54 5187.51 4946.60 4700.19 4466.59 4257.42 4077.06 3924.36 3800.23 3712.41 3703.33 3859.56 4094.54 4384.85 4715.48 5076.92 5455.27 5834.95 6183.29 6461.24 6646.63 6720.78 6707.96 6620.30 6425.48 6092.64 5639.96 5123.40 4592.00 4076.72 3596.10 3159.01 2758.95 2390.21 2038.04 1679.57 1276.03 758.22 
2690.85 3513.42 3865.45 4099.60 4305.37 4504.19 4688.35 4845.70 4966.11 5041.79 5062.75 5026.62 4929.76 4783.29 4604.64 4409.67 4213.94 4028.54 3859.21 3708.07 3589.59 3527.09 3609.38 3815.48 4080.68 4392.59 4741.89 5104.17 5474.62 5831.79 6150.12 6406.77 6586.27 6653.02 6670.08 6596.27 6405.20 6066.51 5626.00 5139.15 4613.94 4101.01 3620.54 3182.36 2780.52 2410.13 2055.75 1694.58 1287.54 764.91 
2447.61 3186.19 3495.75 3697.93 3872.56 4046.13 4205.64 4345.42 4458.80 4540.57 4577.83 4571.80 4516.25 4422.41 4293.32 4143.12 3983.31 3819.53 3666.04 3526.99 3424.81 3399.68 3539.97 3772.48 4057.92 4374.33 4725.44 5085.21 5433.28 5755.72 6020.79 6249.88 6407.07 6496.73 6506.04 6436.40 6239.91 5937.73 5521.77 5057.18 4562.82 4072.42 3607.59 3178.76 2785.34 2418.39 2065.34 1703.87 1295.11 769.29 
2267.75 2944.31 3223.09 3400.95 3554.26 3692.27 3822.54 3948.63 4052.46 4133.45 4185.07 4200.75 4176.93 4120.34 4031.89 3920.07 3792.24 3654.01 3519.39 3396.66 3311.30 3320.02 3479.98 3715.08 4000.87 4319.19 4653.24 4990.33 5298.15 5577.00 5795.79 5989.91 6125.73 6214.53 6221.23 6146.26 5988.88 5710.16 5325.92 4903.86 4446.52 3991.72 3557.92 3148.98 2769.15 2411.40 2063.78 1705.09 1297.05 770.39 
2157.00 2795.48 3056.66 3222.96 3355.34 3473.22 3585.91 3687.00 3774.85 3849.15 3905.58 3936.12 3934.58 3909.07 3855.62 3777.13 3678.37 3563.09 3445.24 3335.86 3263.88 3272.91 3419.62 3638.96 3910.19 4209.74 4524.79 4824.34 5088.66 5309.54 5503.52 5651.34 5775.23 5845.49 5842.25 5773.97 5627.25 5378.96 5060.49 4676.66 4278.55 3867.51 3469.13 3090.21 2730.57 2386.90 2048.89 1696.35 1291.90 767.37 
2115.91 2741.57 3003.67 3163.91 3290.14 3399.18 3498.93 3587.17 3670.48 3740.30 3796.81 3832.09 3857.16 3868.42 3847.31 3796.92 3718.59 3611.19 3497.82 3381.13 3293.21 3274.69 3366.12 3542.29 3773.41 4042.69 4320.46 4585.69 4804.86 4996.86 5157.36 5303.79 5389.67 5433.07 5418.85 5348.72 5215.01 5006.35 4732.45 4416.43 4064.15 3709.44 3351.08 3004.23 2669.50 2344.21 2019.52 1676.41 1278.61 759.60 
2140.04 2776.16 3052.63 3224.54 3360.96 3465.66 3551.24 3641.46 3716.42 3791.95 3863.20 3924.40 3973.71 4007.48 4007.51 3971.89 3899.54 3789.39 3667.72 3534.06 3414.85 3338.42 3341.48 3449.22 3616.72 3827.99 4058.54 4287.43 4481.49 4647.35 4797.98 4914.75 4982.34 5007.90 4982.36 4912.21 4793.58 4617.39 4390.66 4123.66 3833.45 3521.27 3207.69 2895.18 2587.80 2283.89 1975.54 1644.80 1256.66 746.74 
2216.44 2887.20 3186.78 3384.14 3540.73 3653.14 3738.36 3815.87 3902.98 3988.79 4077.14 4158.81 4230.56 4288.05 4302.38 4274.85 4202.70 4079.54 3930.05 3774.11 3608.88 3478.05 3402.08 3404.03 3483.79 3618.79 3789.84 3963.19 4138.44 4282.29 4413.06 4501.42 4559.40 4574.79 4546.25 4483.66 4381.75 4235.61 4051.13 3833.10 3583.68 3319.97 3045.34 2767.35 2488.42 2207.62 1917.75 1601.77 1226.07 728.77 
2326.06 3043.64 3379.05 3613.75 3788.04 3917.08 4011.42 4099.27 4180.79 4278.01 4389.84 4492.40 4580.45 4650.55 4674.25 4651.92 4576.94 4441.86 4270.57 4071.62 3870.87 3686.05 3531.82 3444.98 3428.17 3471.34 3554.34 3680.83 3807.47 3928.20 4024.84 4104.46 4148.37 4152.83 4132.36 4078.89 3994.24 3873.57 3722.24 3540.38 3334.50 3108.92 2871.25 2625.60 2374.80 2117.73 1847.62 1548.20 1187.32 705.95 
2453.29 3216.85 3593.02 3858.84 4055.93 4200.58 4316.89 4415.26 4511.28 4632.29 4756.03 4878.64 4976.54 5043.79 5083.47 5063.16 4984.37 4838.78 4647.23 4418.57 4167.27 3934.13 3717.12 3548.58 3444.30 3400.19 3408.97 3455.73 3527.65 3603.25 3671.64 3726.42 3756.47 3763.71 3744.06 3702.55 3632.40 3535.57 3410.61 3260.30 3087.11 2895.76 2690.27 2474.60 2250.56 2016.92 1767.07 1485.41 1141.28 678.77 
2568.99 3373.54 3774.52 4066.61 4301.17 4478.47 4624.34 4747.53 4874.60 5012.16 5157.22 5277.80 5383.86 5461.82 5498.98 5476.65 5393.00 5240.98 5033.28 4772.88 4497.26 4209.47 3938.13 3704.43 3515.94 3394.74 3325.05 3299.65 3307.48 3335.75 3365.57 3394.40 3411.01 3411.41 3395.97 3359.19 3302.06 3221.71 3118.49 2992.93 2847.31 2684.28 2507.09 2318.30 2119.14 1907.97 1678.24 1414.98 1089.07 647.85 
2672.57 3512.40 3935.47 4246.18 4512.40 4720.69 4901.23 5067.83 5221.57 5394.65 5552.68 5689.62 5794.32 5872.19 5903.32 5875.45 5785.15 5626.60 5398.20 5130.18 4824.06 4500.65 4178.65 3888.20 3632.92 3436.30 3297.50 3205.58 3153.54 3127.27 3120.93 3116.57 3113.98 3104.75 3084.93 3051.66 3001.59 2933.57 2846.52 2740.78 2617.38 2478.18 2325.20 2160.19 1983.65 1793.55 1583.34 1338.65 1031.94 613.95 
2760.00 3628.20 4061.26 4394.38 4678.06 4923.88 5156.15 5365.91 5568.87 5767.34 5941.62 6082.03 6186.03 6265.65 6288.93 6255.01 6156.73 5983.71 5745.86 5464.89 5138.42 4785.69 4424.46 4078.82 3765.70 3509.76 3308.93 3157.21 3049.39 2974.92 2926.67 2891.12 2865.09 2841.32 2813.85 2778.25 2731.47 2671.06 2595.79 2505.16 2399.56 2279.92 2147.47 2003.14 1846.82 1676.13 1484.49 1258.15 971.20  577.84 
2831.13 3726.83 4174.42 4518.16 4826.26 5113.96 5389.08 5645.36 5891.98 6115.93 6309.38 6459.38 6568.08 6638.65 6661.86 6622.06 6514.55 6331.67 6078.42 5774.99 5436.90 5056.87 4661.84 4272.92 3915.95 3606.42 3353.22 3149.05 2987.39 2866.67 2779.29 2711.27 2660.49 2618.79 2579.78 2538.43 2490.84 2434.22 2366.65 2287.12 2195.30 2091.46 1976.10 1849.50 1711.00 1557.89 1383.65 1175.14 908.14  540.27 
2883.24 3799.61 4261.02 4621.33 4954.41 5277.29 5591.52 5889.67 6173.45 6429.72 6646.78 6817.38 6938.82 7017.24 7034.90 6987.14 6874.34 6671.15 6399.36 6072.63 5699.72 5291.91 4867.39 4447.33 4057.61 3708.66 3411.47 3161.76 2955.98 2793.64 2669.56 2570.41 2494.22 2433.02 2380.12 2330.08 2278.61 2222.41 2159.10 2087.11 2005.58 1914.17 1812.78 1701.13 1578.11 1440.74 1282.59 1091.17 843.95  501.98 
2911.00 3843.56 4319.55 4696.83 5053.00 5406.61 5755.60 6090.26 6409.54 6701.22 6955.45 7157.00 7308.81 7404.00 7437.05 7388.81 7254.96 7015.21 6707.18 6339.87 5930.83 5491.94 5041.90 4601.36 4186.54 3806.07 3474.10 3187.18 2943.88 2746.43 2589.56 2461.38 2360.56 2279.41 2211.31 2150.69 2092.97 2034.53 1972.59 1905.16 1830.90 1748.96 1658.74 1559.49 1449.72 1326.26 1182.81 1007.59 779.73  463.60 
2908.13 3848.04 4335.34 4727.72 5102.90 5481.19 5860.13 6228.46 6577.40 6908.54 7209.14 7466.15 7656.30 7781.29 7851.52 7807.85 7644.27 7361.64 6988.25 6573.43 6120.04 5651.45 5183.59 4727.47 4290.94 3889.57 3529.88 3213.20 2943.66 2716.74 2531.67 2377.41 2253.61 2153.05 2069.42 1997.16 1931.62 1868.96 1806.14 1740.81 1671.27 1596.25 1514.73 1425.58 1327.01 1215.71 1085.57 925.54  716.40  425.71 
2867.62 3799.98 4292.78 4694.83 5081.70 5472.46 5874.33 6271.76 6663.08 7038.23 7381.36 7704.59 7971.75 8134.27 8218.63 8175.32 7989.82 7644.81 7238.78 6765.55 6280.50 5795.45 5309.52 4834.92 4381.31 3959.92 3579.67 3240.90 2947.35 2697.41 2488.55 2311.77 2167.23 2048.72 1950.06 1865.95 1791.75 1723.57 1658.20 1593.07 1526.19 1455.96 1381.04 1299.98 1210.76 1110.01 991.83  845.92  654.69  388.75 
2782.05 3696.45 4186.24 4590.24 4981.50 5374.96 5785.69 6204.30 6619.37 7033.08 7431.56 7817.04 8139.17 8340.95 8439.83 8398.93 8196.87 7852.35 7395.40 6916.97 6398.93 5897.00 5391.70 4903.99 4436.43 4005.68 3611.47 3256.19 2949.06 2680.08 2452.82 2256.67 2095.04 1960.72 1848.33 1752.86 1669.89 1595.55 1526.61 1460.35 1394.58 1327.47 1257.43 1182.76 1101.30 1009.65 902.17  769.34  595.10  352.99 
2643.99 3523.95 4001.01 4394.95 4782.62 5176.83 5580.73 6006.34 6434.70 6859.27 7297.65 7715.46 8078.90 8341.56 8451.17 8413.80 8264.15 7941.30 7493.24 6966.70 6449.15 5921.94 5419.06 4924.61 4455.40 4023.25 3622.02 3257.42 2934.70 2656.65 2411.47 2204.78 2029.56 1882.34 1758.21 1652.64 1561.51 1481.10 1408.22 1340.11 1274.46 1209.31 1142.86 1073.28 998.28  914.51  816.65  695.89  537.73  318.47 
2444.17 3272.14 3723.34 4101.67 4476.69 4858.83 5250.72 5663.82 6088.99 6515.49 6949.45 7390.37 7782.44 8069.88 8215.36 8257.19 8118.70 7848.24 7403.94 6905.92 6383.89 5869.44 5369.48 4879.64 4420.34 3991.16 3590.34 3225.96 2899.62 2613.80 2361.63 2145.06 1960.88 1804.30 1671.29 1557.79 1460.01 1374.47 1298.09 1228.16 1162.35 1098.59 1035.01 969.67  900.25  823.48  734.38  624.90  482.01  284.76 
2169.22 2929.82 3350.88 3706.13 4055.05 4415.21 4783.77 5169.38 5566.78 5980.60 6395.27 6809.04 7201.20 7490.91 7719.92 7824.16 7749.02 7467.06 7096.50 6642.66 6167.56 5684.92 5200.32 4742.09 4298.48 3882.85 3490.93 3134.49 2816.30 2532.79 2278.57 2060.19 1872.32 1711.47 1573.89 1456.01 1354.42 1265.93 1187.65 1117.00 1051.67 989.63  928.96  867.70  803.56  733.43  652.69  554.07  426.04  250.51 
1812.32 2480.92 2866.98 3192.79 3512.61 3837.00 4175.34 4521.12 4881.61 5252.53 5630.25 6016.93 6375.66 6716.35 6948.75 7088.52 7035.74 6839.40 6526.23 6152.64 5727.73 5292.19 4863.35 4435.62 4028.56 3635.72 3275.76 2940.47 2639.84 2365.13 2125.43 1915.13 1733.01 1575.94 1440.86 1324.69 1224.43 1137.27 1060.58 991.98  929.32  870.67  814.17  757.95  699.81  636.88  564.97  477.67  365.10  212.50 
1347.74 1899.59 2241.74 2551.32 2844.67 3128.93 3419.66 3723.11 4031.66 4348.83 4674.57 5003.69 5326.76 5601.90 5821.07 5942.34 5924.55 5780.13 5553.90 5253.02 4910.79 4553.45 4184.81 3825.00 3473.13 3139.25 2823.71 2537.85 2271.78 2035.84 1825.91 1641.97 1481.52 1342.49 1222.44 1118.90 1029.41 951.64  883.38  822.61  767.49  716.32  667.48  619.30  569.86  516.62  456.00  382.66  288.75  164.02 
726.62  1155.38 1454.69 1685.51 1889.50 2090.79 2289.74 2496.34 2713.74 2932.78 3154.82 3374.37 3583.80 3768.20 3911.15 3987.01 3973.80 3884.12 3734.18 3536.91 3312.61 3071.17 2825.41 2579.52 2341.07 2112.40 1902.92 1708.01 1527.53 1367.18 1225.56 1100.87 992.00  897.43  815.61  744.91  683.72  630.50  583.79  542.22  504.57  469.67  436.41  403.60  369.89  333.45  291.74  241.09  176.61  93.85  
