#Value Function.
18341.25 18742.43 19175.59 19636.47 20154.67 20765.75 21422.74 22101.53 22796.75 23508.48 24234.10 24955.53 25652.78 26275.57 26803.73 27289.49 27767.34 28342.96 28960.13 29606.32 30205.61 30697.44 31099.55 31434.41 31707.76 31952.67 32134.91 32275.50 32388.43 32449.92 32509.47 32558.00 32605.91 32710.11 33159.04 33041.89 32501.58 32168.80 31826.43 31289.07 30699.96 29912.75 29192.31 28409.39 27683.54 26931.18 26225.14 25512.86 24832.59 24166.55
18585.05 18944.75 19353.72 19798.70 20266.93 20793.87 21427.50 22103.36 22798.87 23508.44 24231.92 24956.76 25649.89 26280.09 26799.60 27268.21 27778.33 28273.53 28991.03 29728.87 30460.48 31107.95 31616.99 32030.48 32373.89 32647.79 32901.16 33080.49 33218.12 33324.75 33361.17 33367.79 33334.78 33329.94 33362.95 33196.48 32901.39 32567.55 32025.90 31434.33 30642.37 29941.76 29160.14 28433.16 27666.31 26947.76 26218.78 25523.82 24846.79 24218.33
18868.78 19190.73 19551.46 19973.56 20430.92 20905.63 21439.72 22098.89 22792.53 23502.78 24220.07 24926.44 25602.35 26160.56 26676.35 27171.70 27660.43 28249.73 28947.38 29746.47 30570.69 31356.26 32034.24 32552.90 32973.83 33322.56 33588.80 33848.04 34011.35 34127.44 34150.01 34109.89 34051.29 34002.18 33823.18 33600.38 33303.88 32766.95 32174.59 31345.54 30657.61 29884.76 29171.82 28403.76 27676.51 26931.34 26222.23 25528.98 24896.52 24242.74
19160.07 19486.66 19804.08 20172.42 20608.88 21079.43 21559.78 22098.87 22786.60 23487.71 24182.40 24857.50 25425.79 25990.87 26475.01 26956.61 27530.01 28172.94 28907.21 29735.12 30600.89 31470.09 32287.84 32990.57 33511.14 33934.46 34281.24 34529.85 34756.11 34875.78 34859.86 34818.55 34762.70 34584.05 34364.26 34088.58 33550.33 32949.36 32103.33 31361.66 30562.82 29857.64 29106.40 28396.10 27650.28 26933.68 26226.16 25582.24 24920.75 24264.11
19403.30 19792.18 20112.85 20431.62 20807.72 21259.72 21744.64 22229.69 22771.00 23449.94 24109.48 24672.46 25238.27 25731.74 26205.83 26764.13 27391.46 28089.87 28883.31 29722.57 30597.42 31498.05 32399.81 33244.72 33970.16 34483.44 34893.72 35201.11 35406.25 35530.84 35554.17 35526.80 35381.27 35181.73 34915.12 34358.06 33773.33 32899.01 32110.57 31290.11 30544.91 29772.77 29064.00 28331.60 27631.38 26938.57 26283.32 25606.10 24943.23 24264.12
19588.55 20041.61 20434.13 20753.86 21073.17 21456.70 21926.25 22426.83 22916.01 23405.61 23935.89 24487.20 24972.81 25468.31 26034.60 26659.22 27344.04 28079.39 28874.02 29714.09 30591.24 31493.60 32422.15 33353.31 34223.28 34971.11 35457.65 35829.01 36048.69 36130.49 36173.55 36122.41 35988.63 35762.37 35202.18 34620.11 33726.94 32912.36 32063.98 31276.90 30478.18 29737.60 28994.16 28334.88 27667.53 26999.98 26306.61 25629.85 24942.36 24267.54
19733.73 20228.44 20688.63 21092.37 21405.64 21718.39 22110.56 22599.63 23123.09 23623.36 24115.76 24617.33 25150.44 25677.49 26219.91 26799.13 27439.23 28142.46 28903.23 29722.33 30586.78 31489.15 32414.60 33367.75 34324.78 35211.18 35961.11 36365.40 36638.02 36750.49 36785.92 36751.07 36600.54 36058.43 35491.54 34573.59 33742.19 32873.83 32061.06 31235.43 30484.78 29763.89 29094.91 28413.83 27732.70 27022.61 26331.79 25627.96 24946.35 24260.77
19797.20 20382.85 20875.39 21340.38 21748.21 22030.29 22345.06 22742.02 23276.23 23818.55 24323.75 24826.63 25353.44 25900.97 26447.02 27000.83 27593.13 28249.04 28970.56 29753.07 30596.28 31484.07 32410.53 33357.23 34334.25 35317.84 36211.45 36956.74 37242.70 37404.93 37433.21 37392.35 36899.87 36372.38 35437.38 34591.90 33702.98 32873.06 32027.61 31288.28 30552.06 29872.29 29176.58 28481.67 27754.42 27049.41 26328.71 25632.62 24938.87 24259.53
19818.53 20440.95 21031.52 21516.94 21930.00 22303.78 22574.88 22949.90 23376.35 23925.94 24471.21 24989.27 25536.01 26096.88 26673.25 27241.62 27805.39 28411.19 29083.34 29823.45 30626.08 31492.35 32402.63 33354.44 34319.62 35317.65 36316.15 37219.22 37947.70 38123.18 38195.90 37734.24 37266.05 36322.64 35452.90 34548.12 33703.68 32856.58 32111.68 31358.31 30667.25 29956.16 29247.45 28502.25 27783.06 27044.96 26334.18 25624.34 24938.00 24252.73
19823.71 20456.11 21072.44 21620.47 22058.78 22401.66 22716.84 23046.80 23474.79 23966.01 24497.26 25070.91 25636.58 26235.04 26864.08 27474.97 28059.29 28631.28 29248.86 29935.66 30695.22 31517.50 32408.02 33343.13 34316.48 35300.05 36318.04 37337.23 38203.16 38827.57 38500.82 38173.14 37220.82 36341.85 35415.28 34572.60 33708.92 32952.78 32182.07 31480.10 30752.66 30030.14 29266.45 28533.00 27777.02 27051.38 26324.97 25623.91 24930.68 24250.53
19819.23 20461.39 21085.84 21657.69 22087.19 22393.02 22713.59 23045.79 23468.91 23965.96 24503.07 25047.26 25660.50 26303.47 26983.90 27666.30 28298.99 28895.88 29471.16 30098.58 30802.76 31582.58 32424.34 33344.08 34299.76 35293.05 36307.74 37338.98 38333.32 38958.27 38863.56 38090.77 37259.48 36311.72 35460.30 34575.92 33808.76 33022.00 32309.74 31566.77 30830.24 30047.47 29299.72 28525.24 27784.58 27041.11 26325.09 25616.01 24928.73 24244.40
19815.35 20447.88 21065.70 21610.37 21989.15 22364.66 22636.85 23009.85 23434.77 23958.12 24474.76 25039.10 25616.85 26331.20 27052.77 27785.25 28496.65 29137.91 29739.97 30320.49 30947.86 31671.90 32472.71 33346.45 34297.30 35282.07 36289.45 37303.94 38132.12 38363.75 38350.48 37928.41 37180.83 36354.33 35447.22 34677.50 33870.27 33154.44 32396.41 31647.36 30845.69 30083.51 29289.82 28534.14 27773.09 27041.88 26316.52 25614.38 24922.21 24241.61
19801.76 20416.16 20979.72 21447.38 21879.28 22157.23 22524.18 22833.35 23352.59 23860.24 24398.38 24931.89 25594.17 26313.94 27081.10 27852.40 28608.48 29338.41 29977.31 30573.63 31131.49 31772.66 32517.82 33368.95 34293.66 35265.10 36242.31 37051.75 37334.97 37416.45 37401.90 37293.05 36920.67 36267.62 35524.68 34714.90 34001.85 33234.28 32479.34 31658.72 30884.42 30071.25 29300.44 28521.25 27774.64 27032.55 26315.27 25607.40 24919.58 24235.98
19831.40 20324.72 20800.73 21242.89 21560.67 21913.97 22227.49 22697.50 23175.08 23712.30 24234.56 24876.06 25557.00 26290.58 27081.78 27885.71 28669.38 29434.67 30141.92 30753.49 31315.39 31876.83 32586.87 33384.84 34287.29 35213.64 35982.37 36272.42 36362.94 36380.85 36379.43 36327.63 36287.35 36022.22 35495.65 34807.75 34048.16 33313.42 32479.74 31699.32 30868.96 30083.88 29285.94 28523.72 27764.43 27031.75 26307.78 25604.97 24913.63 24232.77
19992.43 20469.59 20899.28 21298.97 21660.51 21975.58 22266.25 22558.15 23004.13 23520.09 24141.05 24804.93 25513.87 26283.60 27074.39 27882.82 28693.04 29477.05 30197.21 30816.85 31385.09 31961.88 32582.62 33377.24 34229.11 34946.95 35237.70 35330.74 35354.26 35362.91 35379.97 35383.55 35415.50 35438.60 35247.06 34773.45 34105.72 33296.05 32524.65 31680.75 30882.37 30067.04 29289.51 28512.51 27764.18 27023.69 26305.60 25598.68 24910.51 24227.50
20116.36 20642.84 21122.02 21554.79 21956.05 22317.37 22638.24 22930.92 23222.04 23630.78 24150.16 24779.07 25501.74 26273.79 27068.31 27877.93 28686.69 29472.63 30191.14 30814.85 31378.19 31961.82 32627.85 33348.21 33974.91 34241.02 34327.76 34349.97 34362.38 34387.59 34418.62 34501.13 34607.32 34671.53 34641.69 34485.23 34026.53 33326.36 32493.40 31694.26 30863.38 30071.92 29277.15 28512.92 27755.46 27021.81 26298.91 25595.67 24904.99 24223.99
20204.00 20766.47 21298.70 21780.79 22222.79 22620.97 22992.89 23319.59 23628.42 23912.22 24335.78 24870.43 25519.48 26270.99 27063.13 27871.40 28682.09 29464.34 30132.79 30784.13 31354.02 31953.83 32537.12 33055.37 33280.85 33352.59 33371.20 33382.93 33410.52 33446.12 33541.89 33680.51 33814.57 33895.48 33904.69 33857.16 33645.15 33160.06 32486.36 31668.57 30869.07 30058.11 29278.31 28503.44 27753.95 27014.67 26296.06 25589.87 24901.51 24218.98
20264.22 20853.20 21414.63 21954.08 22431.72 22863.80 23272.07 23655.62 24005.84 24325.90 24588.18 25033.38 25583.63 26272.74 27056.27 27854.00 28643.13 29328.59 30043.53 30657.97 31238.34 31749.01 32196.86 32362.65 32408.95 32422.09 32428.87 32453.57 32492.36 32590.31 32742.06 32887.13 33019.48 33070.13 33106.43 33060.45 32964.22 32710.76 32257.13 31615.04 30836.77 30055.01 29266.48 28502.08 27746.25 27012.00 26289.94 25586.45 24896.30 24215.25
20282.11 20914.53 21493.17 22032.27 22563.65 23012.17 23457.35 23871.72 24274.70 24645.99 24921.86 25181.08 25654.98 26284.07 27035.79 27805.11 28498.75 29208.75 29837.98 30437.15 30933.66 31325.35 31468.98 31500.44 31496.25 31500.67 31520.18 31558.92 31655.34 31807.85 31961.06 32103.58 32177.24 32233.46 32256.78 32215.94 32127.49 32007.94 31754.76 31337.37 30744.53 30012.30 29256.09 28490.88 27743.05 27005.35 26286.56 25580.99 24892.56 24210.40
20295.78 20921.16 21545.75 22084.99 22598.94 23059.64 23519.48 23964.65 24424.95 24739.93 25051.75 25358.49 25711.85 26297.39 26992.37 27665.54 28357.39 28981.03 29574.34 30075.43 30450.75 30580.46 30614.15 30597.10 30595.05 30611.71 30648.68 30742.10 30892.08 31046.49 31192.34 31290.61 31354.64 31390.58 31400.48 31363.05 31287.50 31182.88 31053.20 30818.19 30429.26 29884.21 29199.01 28472.16 27730.80 27000.52 26280.42 25577.16 24887.53 24206.37
20282.20 20929.65 21522.99 22108.09 22610.53 23057.95 23508.37 23972.81 24405.47 24779.97 25051.68 25345.57 25724.16 26252.87 26859.59 27519.32 28134.00 28713.12 29200.66 29568.85 29702.25 29731.07 29729.89 29712.86 29725.42 29760.57 29851.10 29998.20 30151.57 30299.59 30414.21 30492.21 30546.32 30578.26 30580.36 30545.65 30480.17 30385.35 30268.25 30120.95 29899.20 29538.54 29034.66 28397.09 27702.23 26985.62 26273.84 25571.09 24883.36 24201.62
20278.72 20890.03 21506.59 22075.21 22557.65 23029.29 23458.49 23853.67 24325.54 24648.10 24993.97 25267.68 25595.75 26093.15 26713.52 27301.99 27865.11 28341.32 28695.88 28834.85 28866.43 28864.11 28861.65 28858.89 28894.03 28981.66 29122.98 29275.55 29428.61 29556.36 29647.59 29738.97 29797.20 29826.97 29823.80 29791.35 29733.75 29647.86 29512.01 29378.92 29216.07 28996.90 28665.52 28199.81 27606.92 26945.60 26254.74 25562.37 24876.96 24197.13
20236.76 20857.87 21444.48 21946.59 22441.41 22899.76 23251.92 23695.92 24026.88 24389.05 24726.39 24962.17 25382.63 25928.13 26493.16 27036.68 27499.65 27842.29 27983.21 28018.14 28017.72 28015.11 28013.56 28047.88 28133.29 28269.31 28420.84 28572.65 28710.20 28823.87 28928.30 29033.79 29116.58 29143.06 29139.94 29109.48 29033.04 28947.12 28816.24 28664.23 28504.44 28330.72 28114.79 27807.37 27379.34 26828.75 26201.75 25537.59 24865.51 24189.96
20200.70 20785.77 21289.16 21802.60 22248.25 22625.54 23023.08 23345.77 23701.42 24020.29 24287.34 24656.70 25164.73 25704.26 26228.74 26678.55 27009.53 27151.73 27189.22 27190.40 27188.68 27188.15 27222.27 27305.44 27436.47 27583.76 27735.24 27872.73 27997.74 28124.91 28265.75 28395.12 28478.58 28502.18 28515.19 28487.30 28424.96 28303.94 28164.26 28011.43 27828.11 27647.26 27464.08 27254.95 26967.97 26573.70 26062.84 25470.33 24833.63 24175.07
20126.29 20632.70 21135.81 21579.38 21951.94 22348.05 22654.73 22998.25 23303.23 23563.55 23932.12 24415.81 24939.32 25445.19 25881.99 26202.07 26344.98 26384.85 26387.57 26385.98 26382.78 26416.68 26497.64 26623.97 26767.11 26915.11 27054.56 27188.80 27330.18 27499.37 27672.34 27804.57 27881.55 27920.17 27920.88 27893.86 27838.90 27738.50 27572.09 27384.56 27193.98 26993.28 26801.24 26617.26 26413.53 26146.83 25783.17 25309.46 24751.08 24134.80
19978.77 20475.30 20909.83 21279.80 21661.65 21971.53 22297.97 22595.70 22858.42 23216.03 23682.35 24189.88 24681.00 25104.96 25414.81 25557.95 25600.03 25604.23 25602.90 25601.56 25635.02 25713.62 25831.29 25970.39 26115.07 26253.15 26390.00 26542.21 26727.88 26931.55 27108.11 27231.20 27317.43 27344.18 27343.00 27316.09 27261.30 27166.94 27017.52 26811.74 26590.54 26378.33 26168.52 25974.63 25789.74 25593.17 25344.02 25007.99 24568.84 24036.27
19821.63 20252.76 20617.59 20988.01 21294.42 21612.87 21905.67 22167.85 22515.65 22966.85 23458.98 23939.98 24351.45 24651.67 24794.62 24838.73 24844.36 24843.38 24843.48 24872.31 24948.63 25062.55 25197.52 25338.81 25471.30 25607.74 25768.57 25960.19 26179.36 26384.08 26543.59 26667.61 26742.24 26755.51 26766.68 26739.50 26679.10 26575.32 26431.97 26263.34 26034.29 25796.51 25572.80 25362.32 25166.84 24983.89 24793.49 24559.53 24248.34 23833.65
19604.58 19970.26 20328.82 20631.64 20940.97 21231.34 21491.99 21831.78 22268.54 22750.37 23217.12 23620.89 23912.17 24058.83 24104.79 24111.79 24111.06 24108.20 24136.93 24206.64 24316.95 24447.72 24580.72 24711.56 24848.79 25005.68 25208.46 25443.71 25667.83 25857.33 25994.72 26103.35 26149.60 26178.28 26165.28 26133.66 26061.67 25973.44 25828.46 25667.60 25477.60 25246.25 25006.38 24781.86 24573.55 24380.10 24199.12 24014.09 23793.30 23496.87
19331.67 19686.16 19984.45 20285.70 20573.51 20832.81 21165.09 21592.32 22059.33 22516.73 22912.73 23199.92 23345.49 23397.55 23405.86 23405.49 23404.25 23428.22 23495.92 23598.14 23720.62 23849.99 23973.70 24104.98 24262.77 24468.43 24708.87 24952.84 25158.75 25323.90 25436.49 25512.26 25553.17 25554.29 25526.92 25486.96 25435.59 25345.08 25214.75 25061.09 24884.66 24689.36 24466.68 24232.48 24011.24 23805.26 23613.86 23434.85 23254.55 23037.84
19052.76 19353.31 19647.21 19932.48 20191.55 20516.74 20935.21 21391.40 21838.97 22227.08 22510.04 22658.50 22711.93 22725.93 22726.00 22726.00 22749.98 22811.29 22910.10 23024.52 23145.77 23262.74 23388.17 23540.64 23745.77 23987.48 24243.82 24467.42 24645.91 24764.97 24854.57 24899.23 24897.32 24893.70 24853.55 24806.31 24751.53 24678.99 24578.97 24436.69 24282.48 24105.16 23914.22 23702.06 23477.13 23260.20 23056.85 22867.56 22690.54 22507.20
18730.86 19025.19 19308.70 19568.18 19890.18 20300.15 20747.23 21182.53 21565.37 21842.65 21993.25 22047.98 22071.56 22080.77 22081.89 22105.84 22165.18 22252.07 22362.87 22472.05 22582.36 22701.20 22846.55 23039.85 23275.69 23536.31 23769.92 23967.04 24092.71 24190.00 24240.12 24247.82 24227.98 24211.29 24158.90 24104.26 24046.91 23980.45 23901.69 23801.53 23661.34 23512.80 23341.57 23158.15 22955.72 22739.89 22528.03 22327.70 22140.63 21958.57
18411.85 18696.16 18963.58 19284.38 19693.36 20131.31 20551.56 20930.93 21196.37 21347.22 21410.44 21442.20 21460.26 21471.11 21495.01 21552.47 21636.60 21735.06 21841.32 21940.47 22048.42 22182.33 22361.96 22587.43 22834.25 23066.06 23269.72 23417.19 23522.85 23579.85 23591.82 23587.28 23553.49 23523.69 23459.51 23397.50 23339.17 23276.31 23206.08 23127.51 23033.03 22901.28 22758.79 22596.41 22420.61 22227.31 22020.34 21814.11 21617.20 21425.65
18092.60 18369.78 18693.37 19101.77 19547.43 19964.57 20328.70 20583.07 20737.28 20801.69 20838.62 20864.28 20884.33 20921.07 20976.76 21058.21 21153.32 21243.30 21332.32 21437.65 21551.88 21718.18 21928.13 22159.47 22382.20 22576.42 22729.01 22837.42 22915.47 22924.55 22926.19 22909.51 22871.39 22831.35 22768.29 22701.26 22638.23 22576.65 22515.31 22448.14 22370.31 22280.52 22159.19 22023.45 21869.32 21701.12 21516.47 21318.09 21117.88 20918.07
17777.39 18111.27 18520.75 18977.84 19403.91 19769.71 20018.11 20170.15 20224.05 20257.60 20294.55 20326.10 20370.14 20437.16 20516.01 20607.92 20695.33 20769.87 20863.33 20963.63 21116.53 21310.99 21518.02 21726.38 21906.61 22049.98 22151.66 22238.41 22254.68 22256.28 22250.37 22233.90 22193.15 22141.52 22085.61 22022.22 21956.61 21891.62 21830.76 21770.78 21706.26 21632.42 21547.15 21434.90 21306.20 21159.92 20999.21 20822.80 20632.73 20432.25
17533.21 17946.72 18410.80 18852.35 19224.98 19475.88 19629.08 19681.61 19703.92 19744.60 19783.98 19846.76 19919.16 19996.43 20097.95 20182.90 20256.45 20334.08 20424.91 20559.80 20726.62 20918.77 21103.40 21269.86 21397.43 21490.62 21566.00 21583.50 21586.17 21584.59 21574.71 21557.90 21515.29 21462.45 21406.98 21352.28 21291.09 21227.73 21164.49 21104.53 21045.80 20983.64 20913.41 20832.45 20728.18 20606.56 20467.81 20314.44 20145.92 19957.49
17368.82 17830.52 18276.78 18663.85 18939.02 19102.21 19164.58 19185.18 19220.74 19261.39 19337.62 19415.01 19503.33 19609.11 19700.71 19773.18 19848.99 19930.08 20051.63 20192.25 20364.50 20522.22 20666.41 20781.92 20856.31 20920.11 20930.46 20926.62 20922.99 20920.75 20907.51 20890.02 20848.76 20796.69 20745.11 20690.82 20637.31 20578.84 20517.74 20456.31 20397.40 20339.87 20279.82 20212.86 20135.96 20038.77 19924.07 19792.58 19646.38 19479.21
17252.38 17698.01 18090.68 18378.41 18569.47 18641.93 18670.52 18710.40 18744.26 18833.74 18925.90 19031.68 19141.33 19238.94 19314.92 19389.03 19469.46 19582.02 19702.37 19858.83 19990.62 20108.50 20199.21 20263.87 20306.82 20305.87 20297.17 20285.74 20277.50 20270.17 20257.51 20235.66 20196.64 20146.54 20095.97 20045.67 19993.30 19941.11 19885.02 19826.17 19766.57 19708.83 19652.48 19594.34 19530.33 19457.24 19366.38 19258.35 19133.84 18988.53
17119.75 17510.39 17800.29 18007.49 18099.93 18139.58 18195.07 18238.87 18333.46 18442.29 18563.11 18685.46 18788.82 18876.43 18949.17 19028.72 19137.04 19246.55 19383.35 19502.94 19595.25 19661.73 19703.10 19726.50 19711.68 19697.04 19679.80 19660.27 19647.16 19635.17 19622.31 19596.96 19559.54 19511.77 19462.78 19413.60 19364.58 19313.95 19263.14 19209.21 19152.53 19094.78 19038.31 18983.14 18926.74 18865.42 18795.87 18710.69 18609.00 18485.28
16934.15 17230.11 17438.15 17544.00 17600.02 17666.49 17729.44 17832.61 17957.09 18092.79 18232.45 18350.01 18448.11 18521.97 18604.73 18709.17 18816.78 18941.70 19044.48 19117.33 19172.81 19191.41 19191.98 19171.84 19140.84 19108.88 19082.47 19055.04 19032.91 19016.17 19002.50 18974.26 18938.01 18892.36 18844.77 18796.96 18749.10 18701.34 18652.34 18602.93 18550.96 18496.36 18440.46 18385.34 18331.36 18276.58 18217.69 18151.43 18071.38 17969.91
16660.79 16873.90 16985.15 17052.94 17128.61 17205.43 17322.76 17459.25 17611.91 17768.42 17904.32 18019.01 18107.15 18195.76 18292.42 18394.12 18522.24 18614.17 18675.01 18713.19 18714.42 18694.94 18672.42 18631.97 18584.68 18536.33 18500.29 18464.91 18434.30 18412.76 18397.79 18367.09 18331.69 18287.94 18241.77 18195.17 18148.59 18102.01 18055.49 18008.00 17959.99 17909.84 17857.24 17803.16 17749.44 17696.67 17643.40 17586.74 17523.52 17442.50
16312.41 16434.29 16507.95 16590.44 16676.80 16803.74 16954.39 17119.94 17293.11 17447.46 17582.75 17689.51 17799.56 17907.93 18007.79 18125.90 18219.38 18264.23 18285.02 18269.66 18250.54 18211.36 18166.75 18107.57 18048.71 17984.55 17933.49 17889.60 17850.90 17824.53 17807.88 17775.04 17740.22 17698.18 17653.40 17608.01 17562.58 17517.22 17471.87 17426.57 17380.50 17333.87 17285.43 17234.71 17182.43 17130.15 17078.61 17026.78 16972.15 16906.30
15886.13 15970.57 16055.64 16150.39 16282.87 16442.87 16621.66 16806.51 16970.78 17124.59 17255.80 17390.88 17520.18 17645.03 17785.67 17875.63 17915.20 17910.74 17874.26 17834.65 17788.24 17730.44 17668.92 17606.23 17531.91 17459.61 17387.60 17326.00 17282.03 17251.06 17232.46 17197.68 17163.24 17122.73 17079.33 17035.13 16990.82 16946.56 16902.39 16858.24 16814.13 16769.41 16724.12 16677.29 16628.36 16577.83 16527.02 16476.73 16426.27 16368.26
15435.89 15524.81 15623.13 15760.72 15925.35 16108.38 16305.22 16483.73 16655.49 16808.18 16954.82 17121.44 17302.29 17470.76 17598.55 17637.37 17629.94 17563.44 17503.72 17423.12 17347.76 17281.98 17204.20 17125.23 17045.01 16959.41 16878.36 16798.49 16731.14 16692.32 16671.24 16634.64 16600.42 16561.27 16519.19 16476.17 16432.97 16389.79 16346.69 16303.67 16260.69 16217.74 16174.31 16130.33 16085.01 16037.79 15988.96 15939.62 15890.59 15836.37
15001.60 15104.14 15242.40 15411.42 15598.36 15793.79 15981.93 16166.71 16334.41 16504.21 16691.39 16917.03 17141.86 17307.23 17407.34 17407.81 17368.36 17292.47 17161.89 17062.90 16945.51 16851.63 16760.72 16666.43 16570.59 16481.30 16389.04 16299.82 16220.11 16150.44 16124.18 16085.58 16051.42 16013.46 15972.66 15930.80 15888.68 15846.56 15804.51 15762.54 15720.65 15678.80 15636.97 15594.78 15552.06 15508.18 15462.58 15415.40 15367.53 15314.85
14592.47 14732.22 14900.93 15087.45 15286.24 15478.63 15663.39 15845.59 16029.48 16226.23 16477.42 16736.24 16960.60 17131.26 17177.62 17170.73 17141.72 17056.52 16912.29 16725.44 16588.92 16446.44 16336.30 16228.01 16121.36 16021.75 15924.59 15825.57 15732.65 15652.37 15589.92 15550.06 15515.89 15478.98 15439.41 15398.68 15357.62 15316.54 15275.51 15234.56 15193.69 15152.90 15112.15 15071.43 15030.41 14988.92 14946.42 14902.36 14856.76 14805.58
14229.36 14398.22 14580.10 14777.83 14974.34 15163.50 15346.33 15539.78 15750.96 16006.48 16277.77 16546.40 16776.84 16886.81 16916.70 16921.40 16866.20 16806.02 16658.90 16471.69 16262.06 16094.62 15941.57 15810.22 15692.19 15581.89 15474.62 15373.76 15272.67 15180.41 15095.95 15031.08 14993.83 14957.56 14919.12 14879.49 14839.48 14799.41 14759.39 14719.43 14679.55 14639.75 14600.02 14560.35 14520.70 14480.82 14440.52 14399.32 14356.73 14308.06
13898.65 14085.08 14277.39 14473.28 14662.54 14850.36 15044.11 15260.13 15517.35 15800.31 16075.31 16324.06 16487.27 16549.15 16595.68 16618.03 16573.89 16458.10 16354.54 16185.43 15988.16 15774.81 15587.01 15427.21 15285.76 15162.15 15043.95 14933.13 14832.63 14733.94 14638.67 14554.28 14487.75 14449.19 14411.52 14372.93 14333.94 14294.86 14255.81 14216.83 14177.92 14139.08 14100.33 14061.64 14023.01 13984.41 13945.62 13906.46 13866.52 13820.87
13592.87 13789.15 13979.82 14164.94 14353.00 14547.41 14767.62 15022.39 15305.78 15583.74 15834.75 16012.86 16097.47 16182.74 16214.17 16237.51 16187.52 16112.87 15983.85 15861.66 15684.05 15485.06 15275.31 15079.99 14913.42 14762.75 14636.94 14516.03 14405.89 14301.89 14204.42 14110.93 14026.91 13958.94 13916.85 13878.75 13840.69 13802.57 13764.48 13726.45 13688.49 13650.60 13612.78 13575.04 13537.37 13499.75 13462.17 13424.44 13386.38 13343.34
13303.51 13494.23 13679.45 13863.32 14058.13 14273.54 14526.33 14809.84 15084.39 15331.71 15511.38 15612.30 15708.68 15751.81 15782.92 15795.48 15750.93 15685.55 15607.42 15479.60 15347.43 15177.80 14980.50 14773.81 14577.02 14404.79 14249.76 14121.39 13997.92 13887.80 13785.02 13688.73 13596.87 13513.42 13444.38 13398.32 13359.61 13322.28 13285.10 13247.99 13210.96 13173.99 13137.09 13100.27 13063.51 13026.83 12990.20 12953.61 12916.90 12875.77
13012.76 13196.58 13376.68 13571.34 13782.33 14032.68 14307.53 14579.01 14827.07 15006.48 15112.55 15206.40 15256.43 15290.23 15311.36 15314.62 15275.46 15224.76 15160.25 15078.73 14958.20 14826.70 14663.53 14472.76 14269.71 14072.43 13899.61 13745.05 13610.84 13488.28 13378.40 13276.65 13181.54 13091.21 13008.50 12938.74 12889.45 12849.68 12812.97 12776.73 12740.60 12704.55 12668.56 12632.64 12596.79 12561.02 12525.29 12489.59 12453.75 12415.28
