#Value Function.
57.6335 57.6149 57.5052 57.0163 56.0110 55.9458 56.5578 57.3009 57.9826 58.5846 59.4026 60.6969 62.0655 63.1960 64.0871 64.7110 65.0405 65.1380 65.1582 65.1464 65.1548 65.1466 65.1596 65.1886 65.5278 65.5793 65.5881 65.5548 65.5739 65.5522 65.5741 65.5567 65.6241 65.9335 67.0749 68.9595 69.4640 69.5257 69.5841 69.5589 69.6459 69.7110 69.9855 70.0519 70.0765 70.0466 70.0668 70.0453 70.0710 70.0848
57.7510 58.7834 58.7109 58.2531 57.0485 57.0332 57.7213 58.4955 59.1628 59.7190 60.5078 61.8707 63.3075 64.4614 65.3735 66.0133 66.3354 66.4112 66.4324 66.4132 66.4269 66.4132 66.4269 66.4132 66.8391 66.8552 66.8639 66.8169 66.8495 66.8155 66.8494 66.8140 66.8587 67.0826 68.2369 70.4294 70.7981 70.7960 70.8623 70.8088 70.9153 70.9468 71.2855 71.3278 71.3543 71.3092 71.3428 71.3084 71.3426 70.1964
58.6613 59.7788 59.7796 59.7396 59.3393 57.8621 57.9680 58.7240 59.5261 60.1744 60.6831 61.4443 62.8980 64.3897 65.5602 66.4913 67.1469 67.4653 67.5146 67.5378 67.5151 67.5381 67.5152 67.5381 67.5228 68.0047 67.9543 67.9797 67.9105 67.9676 67.9097 67.9607 68.0411 69.4346 69.8431 71.9570 71.8864 71.9867 71.8873 72.0302 72.0452 72.1162 72.1764 72.4135 72.4298 72.4682 72.4033 72.4610 72.4020 71.1612
59.5675 60.6626 60.7501 60.7294 60.7400 60.4291 58.5899 58.8914 59.7137 60.5282 61.1792 61.6458 62.3792 63.9550 65.4940 66.6675 67.6138 68.2845 68.5988 68.6135 68.6521 68.6139 68.6524 68.6141 68.7191 69.1027 69.1198 69.0486 69.1017 68.9966 69.0939 68.9344 70.6736 70.9960 71.0129 72.7118 73.1212 72.9494 73.1500 73.1373 73.2154 73.2941 73.2152 73.2351 73.5517 73.5250 73.5877 73.4865 73.6021 72.3273
60.4171 61.4866 61.5999 61.6768 61.6373 61.6870 61.6382 59.1846 59.8313 60.6994 61.5395 62.2048 62.6189 63.2970 65.0347 66.6099 67.7747 68.7447 69.4317 69.7354 69.7048 69.7720 69.7075 69.7737 70.2889 70.2794 70.1966 70.2410 70.1350 70.2341 70.0653 69.6882 72.1422 72.1007 72.2140 72.1875 73.9881 74.2764 74.2183 74.3056 74.4107 74.3083 74.2593 74.3041 74.2901 74.7081 74.6040 74.7183 74.7327 73.4605
61.2832 62.3833 62.3871 62.5064 62.5714 62.4888 62.5722 60.0882 60.0239 60.7645 61.6704 62.5488 63.2497 63.6017 64.2053 66.1396 67.7382 68.8837 69.8769 70.5825 70.8765 70.7921 70.9005 70.8067 71.4538 71.3820 71.3922 71.2838 71.3722 71.1972 70.8030 70.3345 72.6508 73.3342 73.2635 73.3758 73.3603 75.2821 75.3839 75.5162 75.4514 75.3304 75.4084 75.3181 75.8232 75.7239 75.8319 75.8400 75.8235 74.5526
61.6954 62.5724 63.3646 63.4084 63.3904 63.4212 63.3930 62.7158 60.7340 60.8657 61.6876 62.6473 63.5622 64.3138 64.6014 65.0738 67.2840 68.8749 69.9929 71.0172 71.7364 72.0311 71.8607 72.0935 72.1862 72.5993 72.4453 72.5093 72.3308 71.9162 71.4436 70.9039 70.4458 74.1274 74.4818 74.4206 74.5405 74.5591 76.6059 76.5913 76.7057 76.5134 76.3740 76.5057 76.7896 76.9386 76.9432 76.9277 76.8796 75.6132
63.0377 64.1553 64.2166 64.1914 64.2392 64.2002 64.1879 64.0733 63.7580 61.2827 61.7410 62.6114 63.6282 64.5896 65.4085 65.6075 65.8904 68.4848 70.0139 71.0934 72.1614 72.8851 73.1862 73.1288 73.7173 73.6349 73.6227 73.4554 73.0204 72.5553 71.9916 71.5244 71.1327 74.9592 75.1967 75.6207 75.5924 75.8327 76.8502 77.7769 77.7378 77.8102 77.5499 77.8941 78.0429 78.0318 78.0248 77.9820 77.9162 76.6483
63.5466 64.6014 65.0385 65.0428 64.9801 65.0178 64.9648 65.0111 64.9103 64.8975 61.7191 62.6743 63.5489 64.6319 65.6264 66.5399 66.6457 66.6342 69.7758 71.1439 72.1907 73.2989 74.0227 74.2244 74.4384 74.5570 74.4848 74.1023 73.6589 73.0771 72.6028 72.2050 71.9040 75.1137 76.1290 76.2154 76.7429 77.9988 78.0731 78.1980 78.9000 78.4944 78.9796 79.1248 79.0991 79.1059 79.0711 79.0139 78.9168 77.6482
63.4996 64.4430 65.5027 65.8896 65.8332 65.7550 65.8151 65.7390 65.8242 65.0922 61.7606 62.6312 63.6497 64.6266 65.6352 66.6695 67.7127 67.7146 67.8481 71.1089 72.2502 73.2552 74.3514 75.0069 75.1206 75.1770 75.0220 74.6691 74.1364 73.6745 73.2784 72.9640 72.7501 75.9118 76.0662 77.3298 77.9496 77.5644 79.2147 79.2344 79.3719 80.0374 80.1697 80.1223 80.1512 80.1409 80.0905 80.0146 79.8214 78.5579
63.6659 64.6317 65.2037 66.4091 66.7266 66.6116 66.5262 66.6196 66.7628 66.7343 61.7403 62.7054 63.6577 64.6334 65.6401 66.6614 67.7263 68.9323 69.1376 71.0529 72.2047 73.3449 74.2344 75.2057 75.5979 75.5655 75.4819 75.1158 74.7369 74.3447 74.0445 73.7068 74.3200 75.9798 77.0839 77.2025 78.4221 79.0858 79.1896 80.3349 80.5629 80.4266 81.0860 81.1599 81.1581 81.1257 81.0822 80.9095 80.6154 79.3490
63.7872 64.7867 65.6435 66.3770 67.2643 67.5694 67.3968 67.5884 67.5515 67.5653 66.7564 62.7209 63.6644 64.6376 65.6369 66.6849 67.8495 68.9176 70.1395 71.1968 72.1117 73.2802 74.3701 75.0852 75.8026 76.0418 75.8991 75.7270 75.3919 75.1378 74.6685 75.1948 77.2059 77.3109 77.4521 78.1769 78.7559 79.3970 80.1340 80.8264 81.3241 81.5515 81.4766 82.0878 82.0735 82.0885 81.9559 81.7094 81.1612 79.9201
63.7345 64.7006 65.6166 66.4601 67.2323 68.1213 68.4110 68.3416 68.4048 68.2844 68.1376 68.1205 63.6512 64.6389 65.6662 66.7859 67.8603 68.9627 69.2181 71.3591 72.2641 73.3346 74.1921 74.9685 75.4421 76.3406 76.5359 76.3553 76.2503 75.5929 76.2886 76.5591 76.5906 78.4694 78.3996 78.5042 79.1650 79.7009 80.3360 81.0831 81.7815 82.2794 82.4604 82.5764 82.9056 82.8631 82.7220 82.1897 81.6307 80.3899
63.7382 64.7493 65.5175 66.4354 67.3048 68.0847 68.9886 69.2414 69.0885 69.2170 69.1132 68.3806 63.6529 64.6581 65.7377 66.7998 67.8309 68.3867 70.2661 71.3601 72.3835 73.1556 73.3384 74.5099 75.3575 75.7662 77.1762 77.3979 76.4613 77.4114 77.6488 77.6132 77.6960 79.3985 79.4937 79.4275 79.6045 80.1135 80.6296 81.2576 82.0111 82.6723 83.1376 83.0950 83.4242 83.4783 83.0949 82.6459 81.8570 80.6417
63.6439 64.6676 65.5819 66.4620 67.2747 68.1528 68.9507 69.8766 70.0981 69.9697 70.0628 69.9985 63.6617 64.7041 65.7374 66.7337 67.4839 69.1854 70.4422 71.4921 72.2370 72.5155 73.4636 74.2621 74.8162 76.0121 76.5306 78.3804 78.5874 78.6820 78.6320 78.7219 78.7157 80.1233 80.4129 80.4895 80.4049 80.4972 81.0618 81.5404 82.1470 82.8444 83.4406 83.7048 83.7651 83.6792 83.4136 82.8094 81.9093 80.6970
63.6238 64.6781 65.5718 66.3827 67.2967 68.1158 69.0218 69.8990 70.7979 70.9870 70.8982 70.9499 70.8757 64.6885 65.6569 66.5247 68.0843 69.4169 70.5409 71.3356 71.7224 72.5510 73.2650 73.8327 74.8696 75.5921 77.2489 78.6689 79.5301 79.6620 79.7675 79.7119 79.8042 79.8159 81.2553 81.3862 81.4617 81.3777 81.4711 82.0123 82.4420 82.9594 83.4983 83.8268 83.7962 83.8534 83.5579 82.8743 81.6872 80.5250
63.5698 64.6509 65.4923 66.3881 67.2437 68.1371 69.0174 69.8932 70.7638 71.7847 71.9160 71.8181 71.8866 71.8178 65.5324 66.9891 68.3344 69.4966 70.3382 70.8926 71.6478 72.3174 72.8564 73.7811 74.7433 77.4249 77.5374 78.5415 79.7877 80.6768 80.6917 80.8151 80.7827 80.8885 81.4169 82.3164 82.3286 82.4307 82.3895 82.4905 82.9535 83.2602 83.5946 83.8695 83.9429 83.8428 83.5241 82.5422 81.3793 80.2235
63.4530 64.5524 65.4503 66.3160 67.2213 68.1026 68.9788 69.8534 70.9090 72.3896 72.7474 72.8941 72.7975 72.8873 72.8237 72.8485 68.3786 69.2431 69.9043 70.6688 71.3285 71.8765 72.7453 73.8289 76.1883 77.7681 78.6087 78.7555 79.7983 80.7950 81.7841 81.7206 81.8373 82.1055 81.7378 82.3348 83.3971 83.3076 83.4092 83.4756 83.6086 83.7629 83.8884 83.9449 84.1117 84.0124 83.2810 82.2961 81.2260 80.0848
63.3551 64.4780 65.3841 66.4735 69.0569 70.0928 70.9179 71.8852 72.6015 72.9878 73.3354 73.7403 73.9149 73.8220 73.9114 73.6692 73.5401 73.6075 69.5875 70.2652 70.8576 71.7022 72.8668 74.9972 76.6113 77.7012 78.8950 79.7411 79.9855 81.0598 82.1357 82.7378 83.1312 82.7534 83.2032 82.5340 84.3134 84.3580 84.3481 84.3763 84.3779 84.4684 84.5007 84.5410 84.4804 84.0261 83.1409 82.1595 81.5045 80.2603
63.3201 64.4234 65.6366 67.9075 69.1003 69.9850 71.0734 71.8396 72.8875 73.6036 73.9626 74.3153 74.7741 74.9518 74.8515 74.9288 74.6842 74.3452 74.1380 75.2923 75.3062 75.0054 73.8329 75.4565 76.6293 77.8252 78.8138 79.9402 80.7055 81.4451 82.1868 82.8682 83.5522 84.1536 84.6331 84.2719 85.2148 85.2639 85.3020 85.2713 85.3148 85.2479 85.3336 85.2123 84.7965 83.8861 83.4935 82.5877 81.4137 80.1941
63.6395 64.7326 66.7877 68.0706 69.0083 70.0566 70.9755 72.0909 72.7807 73.9287 74.6489 74.9599 75.3041 75.8192 75.9851 75.7180 75.3585 75.1263 75.2454 76.0713 76.3666 76.3913 76.1933 75.5326 76.7234 77.7890 78.9540 79.8950 80.7814 81.4440 82.2131 82.8155 83.5928 84.4178 85.1170 85.7201 85.9729 86.1774 86.1851 86.2366 86.1679 86.2355 86.0830 85.7436 84.7662 84.5199 83.6299 82.4526 81.4918 80.2306
64.4348 65.6818 67.0188 68.0109 69.0363 69.9907 71.0615 72.0112 73.1520 73.7100 75.0091 75.7079 75.9460 76.2642 76.8270 76.9981 76.6883 76.3032 76.0812 76.1789 77.1961 77.4418 77.4739 77.3233 76.7063 77.8660 78.8897 79.8658 80.6427 81.4989 82.0743 82.6551 83.5532 84.4634 85.3896 86.1136 86.7379 86.9246 87.1196 87.0358 87.1207 87.0036 86.7489 85.7913 85.5823 84.6932 83.5197 82.5316 81.3942 80.1512
64.7318 65.9566 66.9913 68.0166 69.0061 70.2015 71.0109 72.0781 72.8059 74.2814 74.7950 76.0808 76.7446 76.8214 77.0519 77.7272 77.8949 77.5269 77.2103 77.0147 77.0848 78.3618 78.5048 78.5521 78.4469 77.8059 78.8093 79.6949 80.5746 81.2526 81.8613 82.6442 83.3573 84.4451 85.4239 86.4035 87.1089 87.7012 87.7445 87.8808 87.7407 87.6703 87.2039 86.6747 85.7536 84.5809 83.6119 82.4582 81.4248 80.1585
64.7704 65.9626 66.9935 68.0076 69.1473 70.0526 71.2606 71.8696 73.2243 74.3462 75.3628 75.9043 77.1040 77.6366 77.9478 77.8212 78.3704 78.5681 78.2669 78.1378 77.9920 78.0821 79.5755 79.5422 79.6221 79.5630 79.6464 79.5219 80.2466 80.9222 81.6774 82.3964 83.4045 84.3177 85.4657 86.4276 87.3776 87.9834 88.3892 88.1604 88.3553 87.9529 87.6554 86.7696 85.6449 84.7105 83.5283 82.5021 81.3734 80.1174
64.7938 65.9699 67.0047 68.1173 69.0746 70.2075 70.9648 72.3801 73.3288 74.3609 75.3438 76.3811 77.0725 77.8664 78.0510 78.2635 78.5306 78.8214 79.2637 79.1062 79.1299 79.1471 80.5270 80.6328 80.5631 80.6679 80.6205 80.6219 79.8770 80.6384 81.3920 82.3420 83.2896 84.4102 85.4421 86.4656 87.3746 88.1934 88.4618 88.5018 88.1748 88.3735 87.6606 86.8283 85.7765 84.7685 83.6236 82.4519 81.3931 80.1240
64.8441 66.0063 67.1072 68.1090 69.1930 70.0662 71.3409 72.3007 73.4049 74.3629 75.4101 76.2754 77.2439 77.8041 78.1584 78.0862 78.1119 78.7118 79.2759 80.1298 80.1591 80.2730 81.4640 81.5542 81.6785 81.6223 81.6414 81.5790 81.3428 80.3552 81.2744 82.2369 83.3412 84.4179 85.4907 86.4317 87.3678 88.0254 88.5321 88.3742 88.5667 88.1297 87.7957 86.8456 85.8359 84.7279 83.6471 82.4520 81.3860 80.1133
65.0355 66.0965 67.1327 68.2280 69.1642 70.3870 71.3665 72.4227 73.2449 74.4189 75.3480 76.3165 77.0834 77.6957 77.8305 77.8762 78.1943 78.1757 79.2105 79.4292 81.2749 81.4125 82.2954 82.4690 82.5016 82.5970 82.5834 82.3767 81.9458 81.2434 81.1894 82.3395 83.8470 84.5163 85.5454 86.4165 87.3064 88.0317 88.3009 88.3862 88.2872 88.1852 87.4704 86.8239 85.8079 84.7503 83.5283 82.5045 81.3188 80.0607
65.9989 67.3329 68.4056 69.3027 70.1390 70.8421 71.6211 72.3588 73.4221 74.1697 75.3288 76.1253 76.8218 77.1045 77.3005 77.5335 77.3658 78.3818 78.6845 80.1954 81.2965 82.3918 82.8303 83.2212 83.2861 83.4077 83.2926 82.9273 82.2713 81.3922 81.3323 82.7725 83.8709 84.9208 85.6661 86.5249 87.2883 87.6875 87.8909 87.8046 87.8358 87.5930 87.2902 86.4900 85.7476 84.7215 83.6342 82.4017 81.3773 80.0926
65.7827 67.0249 68.3535 69.3667 70.2217 71.0263 71.6463 72.5116 73.2904 74.3186 75.0920 75.4392 72.9132 74.8512 76.6635 76.6494 77.4645 77.8928 79.1859 80.3048 81.4361 82.4232 83.3435 83.6282 83.7677 83.8223 83.7661 83.1838 82.3849 81.4256 81.7061 82.8901 84.0372 84.9802 85.7857 86.5758 86.9668 87.0778 86.9903 87.0695 86.9895 86.9667 86.5990 86.1951 85.4126 84.6255 83.6082 82.5106 81.2748 80.0254
64.9352 66.1604 68.0690 69.2973 70.1967 70.9881 71.7689 72.4732 73.3093 73.6057 70.2785 71.3712 72.5146 73.7225 75.7073 75.8847 77.0291 78.3027 79.2911 80.4210 81.4728 82.5000 83.1653 83.9430 83.9648 84.1684 83.7116 83.1949 82.3814 81.3385 81.8864 83.0985 84.1963 85.1528 85.9422 86.3457 86.3753 86.1934 86.1748 86.0220 85.8888 85.9772 85.8874 85.5230 85.0596 84.3061 83.4931 82.4897 81.3872 80.1027
63.4597 64.3805 67.2253 69.0145 70.0874 70.8967 71.6930 71.9401 68.4733 69.1967 70.1640 71.2737 72.3594 73.4925 74.5695 75.7385 76.8488 77.9803 79.3541 80.1485 81.1849 82.3287 83.3450 83.6415 84.1684 83.8268 83.7349 83.1811 82.3882 81.4357 82.0868 83.2637 84.3606 85.2651 85.7071 85.7585 85.5339 85.5150 85.2582 85.1388 84.8917 84.7817 84.8699 84.7602 84.4068 83.9194 83.1891 82.3639 81.3695 80.0822
63.4551 64.8197 64.9880 68.2914 69.9076 70.8232 70.8168 68.2586 68.7788 69.3733 70.1421 71.1501 72.2936 73.3701 74.5186 75.5770 76.7729 77.8702 78.9800 79.9424 81.1943 82.1137 83.1434 83.7483 83.7344 83.9380 83.5169 83.1722 82.3736 81.4404 80.6346 83.3598 84.3481 84.8819 85.0277 84.8442 84.6930 84.3690 84.4468 84.2036 83.1879 83.7202 83.6947 83.7452 83.6242 83.2819 82.7835 82.0685 81.2368 79.9444
61.9747 63.0166 66.1680 65.3875 69.4793 66.6879 67.6371 68.4648 69.1544 69.7216 70.3227 71.1178 72.1572 73.3382 74.3923 75.5725 76.5956 77.8334 78.9063 80.0394 80.9149 82.1995 82.8829 83.0627 83.1955 83.2225 83.1975 82.7235 82.2389 81.3816 80.4496 83.2654 83.8514 84.1195 83.9807 83.8648 83.8800 83.4130 83.1889 83.3197 83.0176 82.2499 82.5699 82.5918 82.6198 82.4906 82.1547 81.6502 80.9458 79.6547
61.3285 62.4307 63.7762 67.7114 65.5068 66.5434 67.5722 68.5276 69.4051 70.1472 70.7042 71.3125 72.1188 73.1838 74.4054 75.4195 76.6490 77.6111 78.9127 79.9411 81.1092 81.8431 82.1724 82.3694 82.2902 82.3881 82.4180 82.2684 81.7434 81.1961 80.9410 82.7592 83.0453 82.9873 82.8692 82.9571 82.4037 82.1578 82.1947 81.9849 82.1579 81.8534 81.2591 81.4429 81.4836 81.4954 81.3588 81.0264 80.5187 79.2214
61.1683 62.3438 63.3962 64.3923 65.4658 66.4459 67.4919 68.5288 69.5116 70.4135 71.1881 71.7161 72.3220 73.1298 74.2142 75.4883 76.4359 77.7450 78.6076 80.0102 80.7651 81.1502 81.3702 81.3885 81.4591 81.4848 81.3808 81.4289 81.2410 80.7295 80.7429 81.9358 81.9120 81.8067 81.8982 81.8261 81.1207 81.0880 80.9288 81.0091 80.8100 80.9900 80.7073 80.2356 80.3296 80.3730 80.3717 80.2283 79.8974 78.6015
61.0566 62.2277 63.3782 64.4023 65.3831 66.4671 67.4227 68.4831 69.5410 70.5369 71.4535 72.2531 72.7427 73.3436 74.1412 75.2423 76.5912 77.4282 78.8705 79.5708 79.1275 79.7189 80.2289 80.5024 80.5626 80.4926 80.5329 80.4671 80.4504 80.2335 80.7644 80.8555 80.8717 80.8243 80.7437 80.7918 79.9838 79.8545 79.8800 79.7437 79.8482 79.7499 79.8366 79.5743 79.1896 79.2241 79.2615 79.2486 79.0988 77.8043
61.1088 62.3144 63.3801 64.3996 65.4208 66.3808 67.4057 68.4317 69.5073 70.5716 71.5839 72.5110 73.3395 73.7687 74.3685 75.1533 76.2642 77.7219 78.3811 77.9726 78.4264 78.2415 78.7753 79.6888 79.7253 79.7528 79.6741 79.6502 79.5881 79.5468 79.4223 79.7389 79.7719 79.6380 79.7152 79.6596 79.5974 78.7598 78.6627 78.7209 78.6621 78.7125 78.6608 78.6928 78.4498 78.1281 78.1230 78.1499 78.1260 76.8399
61.1038 62.3071 63.3533 64.4211 65.4285 66.4248 67.4059 68.4369 69.4550 70.5455 71.6210 72.6389 73.5720 74.4458 74.7852 75.3806 76.1456 77.2564 77.2048 77.2881 77.0468 77.4122 78.8073 79.0579 79.2074 79.2120 79.1303 79.0342 78.9258 78.8680 78.7998 78.6419 78.7792 78.6457 78.5083 78.5991 78.5535 77.5730 77.6025 77.5667 77.5955 77.5630 77.5798 77.5607 77.5561 77.3310 77.0558 77.0239 77.0385 75.7648
61.0915 62.2947 63.3569 64.3927 65.4715 66.4701 67.4683 68.4397 69.4812 70.4879 71.5977 72.6765 73.7004 74.6283 75.5198 75.6564 76.2937 76.1396 76.2004 76.1863 76.2617 76.2158 78.3891 78.7859 78.9092 78.9274 78.8840 78.6713 78.5265 78.3833 78.2751 78.0533 77.8371 77.5170 77.5040 77.3791 77.4786 76.4901 76.4667 76.4826 76.4615 76.4694 76.4559 76.4504 76.4532 76.4246 76.2160 75.9756 75.9255 74.6655
61.0893 62.3009 63.3419 64.4086 65.4337 66.5319 67.5161 68.5202 69.4767 70.5356 71.5223 72.6543 73.7329 74.7108 75.5511 76.1667 75.6565 75.3812 75.1483 75.1656 75.2046 75.3540 78.0984 78.4876 78.5557 78.6971 78.6541 78.2656 78.2098 78.0061 77.8280 77.6017 77.2334 76.8729 76.3339 76.3874 76.3006 76.2536 75.3722 75.3579 75.3605 75.3503 75.3445 75.3438 75.3238 75.3409 75.2972 75.1035 74.8897 73.6358
61.0561 62.2676 63.3569 64.3873 65.4652 66.4721 67.6000 68.5606 69.5778 70.5107 71.6008 72.5515 73.7145 74.7434 75.5425 75.8589 75.3625 74.7689 74.3733 74.1482 74.1802 76.9719 77.7948 78.1411 78.2369 78.3396 78.3653 78.1575 77.6882 77.6671 77.4173 77.1583 76.7677 76.2913 75.8301 75.3157 75.2794 74.3641 74.2531 74.2526 74.2443 74.2383 74.2353 74.2196 74.2180 74.1060 74.2150 74.1716 73.9925 72.7172
60.9924 62.1857 63.3262 64.4166 65.4314 66.5287 67.5050 68.6792 69.6006 70.6424 71.5320 72.6714 73.6813 74.3985 74.0821 74.7016 74.8482 74.3480 73.7524 73.3632 73.1882 73.5987 77.3445 77.6990 77.9114 77.8711 77.8837 77.7117 77.5296 77.1216 76.9918 76.6721 76.2598 75.7786 75.2775 74.7685 74.2779 73.1597 73.1452 73.1380 73.1319 73.1274 73.1135 73.1016 73.0221 73.0888 73.0217 73.0938 73.0481 71.7621
61.0241 62.2468 63.2161 64.3888 65.4782 66.4731 67.6088 68.5959 69.7562 70.6161 71.6893 72.6674 73.2650 73.0941 73.0506 73.8112 73.6983 73.7312 73.2804 72.7340 72.3731 75.6118 73.4627 77.1003 77.2006 77.2362 76.9803 76.8372 76.8501 76.6978 76.3280 76.0826 75.7140 75.2447 74.7473 74.2280 73.7000 72.0395 72.0316 72.0254 72.0197 72.0065 71.9891 71.9304 71.9687 71.9290 71.9687 71.9293 71.9755 70.6964
60.9481 62.1409 63.3263 64.4171 65.4355 66.5448 67.5761 68.7114 69.7055 70.7816 71.6625 71.6797 72.1477 72.0976 72.6130 72.1554 72.6786 72.6535 72.6269 72.2184 73.9283 72.0120 74.0903 73.1043 75.8826 76.1562 76.2676 75.8885 75.7902 75.8873 75.7263 75.3564 75.0601 74.1862 74.1429 73.6895 73.1678 72.4978 70.9189 70.9122 70.8991 70.8790 70.8339 70.8543 70.8305 70.8541 70.8304 70.8542 70.8314 69.5665
60.9711 62.1672 63.3579 64.3928 65.4854 66.5373 67.6631 68.7215 69.8264 70.6225 70.0955 71.2028 71.1841 71.5140 71.4348 71.4953 71.2062 71.5764 71.5956 72.5157 71.3553 72.5021 71.4008 72.7775 75.1164 74.9557 75.1451 75.2190 74.8482 74.7607 74.8456 74.6720 74.3234 73.9524 73.2250 73.0560 72.6237 72.0892 71.3172 69.7916 69.7704 69.7342 69.7433 69.7287 69.7428 69.7287 69.7428 69.7287 69.7429 68.4705
61.0704 62.2890 63.3467 64.4296 65.4930 66.6066 67.6877 68.7841 69.5402 69.3833 70.2080 70.2639 70.2416 70.2066 70.4291 70.3947 70.4053 70.2239 70.4927 70.5379 71.2317 70.5431 71.2366 70.6154 73.9600 74.0772 73.9606 74.0402 74.1249 73.7852 73.6828 73.7688 73.6046 73.2710 72.8616 72.2311 71.9803 71.5548 70.9992 68.6628 68.6325 68.6344 68.6250 68.6334 68.6250 68.6334 68.6250 68.6334 68.6249 67.3570
61.0908 62.2973 63.3759 64.4461 65.5506 66.6328 67.6918 68.4285 68.4902 69.1629 69.3286 69.2619 69.2628 69.2058 69.1864 69.3517 69.3448 69.4135 69.4680 69.3729 69.5511 70.0328 69.6324 70.0552 70.0012 72.9358 72.9757 72.9290 72.9937 73.0297 72.6972 72.5943 72.6859 72.5307 71.5044 71.7044 71.2097 70.9112 70.4830 69.7317 67.5269 67.5203 67.5251 67.5201 67.5251 67.5201 67.5251 67.5201 67.5251 66.2561
61.1158 62.3232 63.3975 64.4951 65.5732 66.5960 67.3096 67.5080 68.0789 68.2752 68.2072 68.2863 68.2305 68.2113 68.1580 68.3008 68.3576 68.3959 68.2927 68.3914 68.3488 68.5362 68.8857 68.6621 68.9601 71.9141 71.8687 71.7570 71.8707 71.9384 71.5620 71.6095 71.5093 71.6024 71.3772 70.5787 70.5883 70.1722 69.8452 69.3890 68.4956 66.6565 66.4420 66.4207 66.4149 66.4175 66.4145 66.4175 66.4145 65.1599
61.1391 62.3476 63.4395 64.5102 65.5030 66.2033 66.4892 66.9506 66.9100 67.0731 67.2106 67.1750 67.2225 67.1812 67.1557 67.3025 67.3361 67.3132 67.3288 67.2616 67.3258 67.3210 67.5051 67.7716 67.6617 70.8116 70.7277 70.7956 70.7279 70.8160 70.5429 70.4757 70.5218 70.3898 70.2025 70.2215 69.6058 69.4972 69.1254 68.7779 68.2809 67.3129 65.7302 65.3784 65.3208 65.3101 65.3105 65.3085 65.3103 64.1679
61.1530 61.2657 62.2427 63.2909 64.2559 64.9459 65.2899 65.6896 65.7192 65.8627 65.9853 65.9739 66.0062 65.9767 65.9667 66.0837 66.1214 66.1085 66.1139 66.0677 66.1147 66.1357 66.3090 66.5601 66.7832 69.2752 69.4984 69.5717 69.5319 69.5715 69.3558 69.2811 69.2950 69.1756 69.0102 68.9497 68.4453 68.2649 67.9144 67.5435 67.0016 66.0191 64.6105 64.1618 64.0631 64.0431 64.0410 64.0395 64.0420 64.0537
