#Value Function.
484.72  484.89  484.85  484.89  484.85  484.86  484.63  485.90  486.58  493.15  494.05  483.19  474.42  462.00  452.77  450.33  449.82  449.72  449.71  449.74  449.87  450.37  452.08  456.92  466.98  477.42  489.64  498.03  504.84  505.76  505.45  503.37  502.85  501.79  500.70  499.41  496.00  494.95  492.37  488.45  484.25  478.20  471.58  461.22  448.26  434.24  420.41  407.17  394.78  382.76 
499.66  499.77  499.85  499.77  499.83  499.62  498.90  496.42  496.88  495.11  489.99  483.84  476.73  466.87  465.12  464.83  464.78  464.77  464.77  464.78  464.80  464.89  465.29  466.79  471.51  482.59  492.98  503.59  509.00  513.94  514.47  513.82  514.04  514.28  516.15  511.90  511.39  508.75  504.55  500.50  494.04  487.75  476.99  463.49  448.95  434.70  421.07  408.40  396.21  383.98 
514.70  515.01  514.89  515.01  514.81  514.26  511.71  507.39  503.00  497.66  490.53  486.68  480.98  480.20  480.08  480.07  480.06  480.06  480.06  480.06  480.07  480.08  480.14  480.44  481.69  486.12  498.60  506.17  515.15  520.27  522.82  523.25  525.43  525.37  525.43  525.37  525.42  520.79  517.10  509.99  504.25  493.02  478.96  463.85  449.20  435.15  422.22  409.77  397.38  384.81 
530.40  530.38  530.59  530.35  530.04  527.39  523.03  516.30  508.00  500.19  496.74  495.93  495.78  495.75  495.75  495.75  495.75  495.75  495.75  495.75  495.75  495.75  495.75  495.79  496.00  496.98  500.87  512.88  519.82  526.78  532.16  534.68  534.57  534.68  534.57  534.68  534.52  534.29  526.15  521.34  509.46  494.83  479.10  464.07  449.58  436.39  423.69  411.00  398.23  385.33 
546.06  546.59  546.24  546.28  543.45  539.11  532.13  523.44  515.08  512.27  511.89  511.84  511.83  511.83  511.83  511.83  511.83  511.83  511.83  511.83  511.83  511.83  511.83  511.83  511.86  511.98  512.69  515.98  527.55  534.02  541.49  543.99  544.18  544.00  544.18  543.97  543.91  542.40  539.09  526.32  511.11  494.72  479.34  464.34  450.93  437.97  424.96  411.87  398.76  385.61 
563.08  562.45  563.01  559.90  555.63  548.37  539.32  530.14  528.29  528.32  528.33  528.33  528.33  528.33  528.33  528.33  528.33  528.33  528.33  528.33  528.33  528.33  528.33  528.33  528.33  528.34  528.40  528.84  531.45  542.61  548.45  553.95  553.63  553.95  553.62  553.79  552.30  548.92  543.57  527.83  510.68  495.03  479.44  465.84  452.62  439.29  425.85  412.39  399.04  385.75 
578.95  580.31  576.70  572.63  565.02  555.69  545.23  544.82  545.11  545.21  545.24  545.24  545.25  545.25  545.25  545.25  545.25  545.25  545.25  545.25  545.25  545.25  545.25  545.25  545.25  545.25  545.25  545.27  545.46  547.25  558.09  563.42  564.02  563.47  563.95  562.46  559.00  553.68  545.03  526.98  511.18  494.88  481.14  467.66  453.99  440.19  426.37  412.67  399.17  385.81 
593.06  591.03  590.14  582.07  572.64  560.46  560.20  561.53  562.20  562.48  562.57  562.59  562.60  562.60  562.60  562.60  562.60  562.60  562.60  562.60  562.60  562.60  562.60  562.60  562.60  562.60  562.60  562.60  562.60  562.59  563.38  574.00  573.48  574.42  572.90  569.33  563.98  555.98  537.74  527.19  510.62  496.85  483.09  469.07  454.90  440.71  426.64  412.79  399.22  385.84 
603.36  603.47  596.68  590.22  576.34  571.70  575.68  578.06  579.39  580.04  580.30  580.37  580.39  580.39  580.39  580.39  580.39  580.39  580.39  580.39  580.39  580.39  580.39  580.39  580.39  580.39  580.39  580.39  580.39  580.36  580.24  579.79  585.22  583.61  579.92  574.46  567.01  550.94  539.04  526.47  513.00  498.93  484.54  469.99  455.42  440.98  426.76  412.84  399.25  385.89 
606.04  606.15  603.58  590.98  578.11  583.92  589.99  594.02  596.39  597.69  598.33  598.57  598.63  598.64  598.64  598.64  598.64  598.64  598.64  598.64  598.64  598.64  598.64  598.64  598.64  598.64  598.64  598.64  598.62  598.52  598.11  596.97  594.61  590.77  585.21  577.60  567.85  556.36  543.51  529.66  515.19  500.41  485.47  470.51  455.68  441.09  426.80  412.86  399.28  386.02 
606.04  606.15  603.58  590.98  586.06  594.14  602.56  608.76  612.84  615.18  616.47  617.09  617.30  617.35  617.36  617.36  617.36  617.36  617.36  617.36  617.36  617.36  617.36  617.36  617.36  617.36  617.36  617.35  617.27  616.90  615.80  613.42  609.52  603.87  596.08  586.05  574.21  560.99  546.74  531.87  516.69  501.34  485.98  470.75  455.78  441.13  426.82  412.88  399.38  386.41 
605.77  603.74  603.32  590.95  591.83  602.31  613.04  621.69  628.02  632.14  634.45  635.73  636.32  636.51  636.55  636.56  636.56  636.56  636.56  636.56  636.56  636.56  636.56  636.56  636.56  636.56  636.55  636.49  636.18  635.12  632.72  628.75  623.01  615.06  604.72  592.53  578.93  564.26  548.96  533.38  517.63  501.85  486.22  470.85  455.81  441.14  426.83  412.95  399.67  387.41 
601.43  602.80  592.37  589.55  593.83  608.46  621.41  632.42  641.32  647.79  651.95  654.21  655.49  656.06  656.22  656.25  656.25  656.25  656.25  656.25  656.25  656.25  656.25  656.25  656.25  656.24  656.20  655.94  654.95  652.53  648.47  642.66  634.54  623.88  611.32  597.33  582.24  566.50  550.50  534.33  518.13  502.07  486.30  470.88  455.82  441.15  426.88  413.16  400.50  389.81 
589.75  589.13  588.95  581.48  596.30  612.64  627.70  641.00  652.32  661.48  668.08  672.29  674.47  675.75  676.29  676.42  676.44  676.44  676.44  676.44  676.44  676.44  676.44  676.44  676.44  676.41  676.21  675.30  672.84  668.70  662.81  654.55  643.53  630.59  616.22  600.67  584.48  568.06  551.46  534.82  518.34  502.15  486.33  470.89  455.83  441.17  427.03  413.85  402.67  394.76 
574.44  574.97  572.43  580.03  597.67  615.10  631.95  647.44  661.10  672.72  682.16  688.90  693.15  695.23  696.54  697.05  697.14  697.15  697.15  697.15  697.15  697.15  697.15  697.15  697.14  697.00  696.18  693.69  689.44  683.49  675.10  663.69  650.36  635.59  619.59  602.92  586.08  569.03  551.94  535.02  518.41  502.17  486.34  470.89  455.85  441.28  427.58  415.77  407.45  403.07 
558.04  557.90  563.50  580.29  598.32  616.45  634.38  651.76  667.70  681.73  693.65  703.41  710.26  714.58  716.50  717.88  718.33  718.39  718.39  718.39  718.39  718.39  718.39  718.39  718.30  717.61  715.08  710.71  704.71  696.22  684.37  670.64  655.48  638.99  621.83  604.56  587.06  569.50  552.12  535.08  518.42  502.18  486.34  470.90  455.92  441.70  429.25  420.32  415.83  414.08 
542.09  547.51  562.63  580.37  598.56  617.08  635.71  654.14  672.09  688.48  702.89  715.12  725.22  732.16  736.58  738.28  739.78  740.15  740.18  740.18  740.18  740.18  740.18  740.14  739.61  737.03  732.51  726.46  717.92  705.58  691.43  675.88  658.89  641.21  623.51  605.55  587.51  569.66  552.17  535.09  518.43  502.18  486.34  470.94  456.22  443.09  433.50  428.74  427.13  426.58 
531.66  545.55  562.60  580.39  598.63  617.30  636.32  655.47  674.41  692.96  709.81  724.60  737.12  747.63  754.63  759.19  760.56  762.28  762.52  762.52  762.52  762.52  762.52  762.21  759.56  754.85  748.77  740.25  727.32  712.74  696.83  679.31  661.08  642.96  624.52  605.98  587.65  569.71  552.18  535.09  518.43  502.18  486.36  471.14  457.32  446.98  441.93  440.33  439.99  439.74 
528.81  545.28  562.60  580.39  598.64  617.35  636.51  656.05  675.74  695.18  714.40  731.69  746.89  759.68  770.67  777.65  782.46  783.31  785.43  785.43  785.43  785.43  785.42  782.69  777.75  771.62  763.25  749.59  734.60  718.34  700.26  681.43  662.92  643.98  624.92  606.10  587.69  569.71  552.19  535.09  518.43  502.19  486.47  471.95  460.77  455.40  453.86  453.59  453.50  453.35 
528.25  545.25  562.60  580.39  598.64  617.36  636.55  656.22  676.29  696.53  716.46  736.42  754.14  769.76  782.77  794.39  801.21  806.44  806.49  806.49  806.49  806.49  806.44  801.22  795.01  786.97  772.39  757.00  740.43  721.75  702.27  683.41  663.94  644.34  625.02  606.13  587.69  569.72  552.19  535.09  518.43  502.24  487.01  474.87  469.12  467.71  467.54  467.44  467.49  467.23 
528.16  545.25  562.60  580.39  598.64  617.36  636.56  656.25  676.42  697.04  717.87  738.25  759.06  777.16  793.25  806.40  818.83  822.47  822.91  822.92  822.92  822.91  822.48  818.91  811.50  795.71  779.95  763.13  743.82  723.60  704.44  684.42  664.26  644.42  625.04  606.13  587.69  569.72  552.19  535.09  518.45  502.53  489.31  483.09  481.89  481.85  481.72  481.83  481.70  481.51 
528.14  545.24  562.60  580.39  598.64  617.36  636.56  656.25  676.44  697.14  718.33  739.78  760.54  782.35  800.74  817.40  827.74  836.18  839.70  839.76  839.76  839.70  836.21  828.22  819.51  803.47  786.46  766.48  745.40  726.06  705.43  684.69  664.32  644.43  625.04  606.13  587.69  569.72  552.19  535.10  518.56  504.12  497.27  496.43  496.56  496.36  496.55  496.35  496.45  495.62 
528.14  545.24  562.60  580.39  598.64  617.36  636.56  656.25  676.44  697.15  718.39  740.15  762.28  783.30  806.37  822.07  834.35  844.98  854.06  854.59  854.59  854.06  845.28  836.67  824.78  810.45  789.76  767.66  748.29  726.97  705.63  684.72  664.33  644.44  625.04  606.13  587.69  569.72  552.19  535.11  519.35  511.60  511.34  511.67  511.35  511.67  511.34  511.61  510.86  509.82 
528.14  545.24  562.60  580.39  598.64  617.36  636.56  656.25  676.44  697.15  718.39  740.17  762.52  785.43  806.49  822.88  839.43  851.68  859.84  864.63  864.63  859.84  854.33  842.04  827.23  810.93  790.33  771.19  749.06  727.10  705.65  684.73  664.33  644.44  625.04  606.13  587.69  569.72  552.19  535.18  525.08  526.23  527.20  526.67  527.23  526.67  527.20  526.29  525.54  523.44 
528.14  545.24  562.60  580.39  598.64  617.36  636.56  656.25  676.44  697.15  718.39  740.17  762.52  785.43  806.49  822.91  839.76  854.59  864.63  867.30  867.30  864.63  856.97  844.45  827.49  810.96  794.83  771.68  749.11  727.11  705.65  684.73  664.33  644.44  625.04  606.13  587.69  569.72  552.19  535.76  538.41  541.06  542.04  543.26  542.31  543.26  542.07  541.44  539.93  533.51 
528.14  545.24  562.60  580.39  598.64  617.36  636.56  656.25  676.44  697.15  718.39  740.17  762.52  785.43  806.49  822.91  839.76  854.59  864.63  867.30  867.30  864.63  856.97  844.45  827.49  810.96  794.83  771.68  749.11  727.11  705.65  684.73  664.33  644.44  625.04  606.13  587.69  569.72  552.19  540.15  548.67  555.01  557.44  558.21  559.84  558.21  557.68  556.79  549.82  542.57 
528.14  545.24  562.60  580.39  598.64  617.36  636.56  656.25  676.44  697.15  718.39  740.17  762.52  785.43  806.49  822.88  839.43  851.68  859.84  864.63  864.63  859.84  854.33  842.04  827.23  810.93  790.33  771.19  749.06  727.10  705.65  684.73  664.33  644.44  625.04  606.13  587.69  569.72  552.19  542.68  557.06  565.31  572.12  574.22  574.70  574.23  574.31  566.19  559.64  547.40 
528.14  545.24  562.60  580.39  598.64  617.36  636.56  656.25  676.44  697.15  718.39  740.15  762.28  783.30  806.37  822.07  834.35  844.98  854.06  854.59  854.59  854.06  845.28  836.67  824.78  810.45  789.76  767.66  748.29  726.97  705.63  684.72  664.33  644.44  625.04  606.13  587.69  569.72  552.19  544.60  558.91  574.61  582.23  587.02  586.24  587.05  582.71  577.15  564.04  551.17 
528.15  545.25  562.60  580.39  598.64  617.36  636.56  656.25  676.44  697.14  718.33  739.78  760.54  782.35  800.74  817.40  827.74  836.18  839.70  839.76  839.76  839.70  836.21  828.22  819.51  803.47  786.46  766.48  745.40  726.06  705.43  684.69  664.32  644.43  625.04  606.13  587.69  569.72  552.19  544.85  561.13  575.38  587.35  594.97  597.15  595.23  589.84  580.78  568.00  553.81 
528.24  545.25  562.60  580.39  598.64  617.36  636.56  656.25  676.42  697.04  717.87  738.25  759.06  777.16  793.25  806.40  818.83  822.47  822.91  822.92  822.92  822.91  822.48  818.91  811.50  795.71  779.95  763.13  743.82  723.60  704.44  684.42  664.26  644.42  625.04  606.13  587.69  569.72  552.19  544.85  561.13  575.41  587.60  597.39  599.77  599.80  593.38  582.27  570.92  553.76 
528.66  545.30  562.60  580.39  598.64  617.36  636.55  656.22  676.29  696.53  716.46  736.42  754.14  769.76  782.77  794.39  801.21  806.44  806.49  806.49  806.49  806.49  806.44  801.22  795.01  786.97  772.39  757.00  740.43  721.75  702.27  683.41  663.94  644.34  625.02  606.13  587.69  569.72  552.19  544.85  561.14  575.41  587.61  597.37  599.80  597.64  590.10  583.19  570.38  554.07 
530.42  545.60  562.61  580.39  598.64  617.35  636.51  656.05  675.74  695.18  714.40  731.69  746.89  759.68  770.67  777.65  782.46  783.31  785.43  785.43  785.43  785.43  785.42  782.69  777.75  771.62  763.25  749.59  734.60  718.34  700.26  681.43  662.92  643.98  624.92  606.10  587.69  569.71  552.19  544.85  561.13  575.41  587.57  597.09  597.06  597.12  588.05  578.20  568.35  553.48 
534.73  547.25  562.76  580.39  598.63  617.30  636.32  655.47  674.41  692.96  709.81  724.60  737.12  747.63  754.63  759.19  760.56  762.28  762.52  762.52  762.52  762.52  762.52  762.21  759.56  754.85  748.77  740.25  727.32  712.74  696.83  679.31  661.08  642.96  624.52  605.98  587.65  569.71  552.19  544.58  558.74  572.85  583.89  587.31  587.34  587.31  583.97  575.65  561.96  551.18 
539.78  551.97  564.25  580.37  598.56  617.08  635.71  654.14  672.09  688.48  702.89  715.12  725.22  732.16  736.58  738.28  739.78  740.15  740.18  740.18  740.18  740.18  740.18  740.14  739.61  737.03  732.51  726.46  717.92  705.58  691.43  675.88  658.89  641.21  623.51  605.55  587.51  569.66  552.18  542.42  555.86  566.67  574.77  575.41  577.53  575.41  574.78  567.03  558.37  545.68 
544.22  557.30  569.48  581.57  598.32  616.45  634.38  651.76  667.70  681.73  693.65  703.41  710.26  714.58  716.50  717.88  718.33  718.39  718.39  718.39  718.39  718.39  718.39  718.39  718.30  717.61  715.08  710.71  704.71  696.22  684.37  670.64  655.48  638.99  621.83  604.56  587.06  569.50  552.12  539.34  549.83  557.35  559.13  562.79  561.55  562.79  559.13  557.40  550.39  541.48 
547.93  561.85  575.09  587.49  599.21  615.10  631.95  647.44  661.10  672.72  682.16  688.90  693.15  695.23  696.54  697.05  697.14  697.15  697.15  697.15  697.15  697.15  697.15  697.15  697.14  697.00  696.18  693.69  689.44  683.49  675.10  663.69  650.36  635.59  619.59  602.92  586.08  569.03  551.94  535.60  540.53  543.03  545.94  545.49  546.21  545.49  545.94  543.03  540.63  533.90 
550.22  565.76  579.72  593.37  606.04  617.37  632.16  643.12  652.32  661.48  668.08  672.29  674.47  675.75  676.29  676.42  676.44  676.44  676.44  676.44  676.44  676.44  676.44  676.44  676.44  676.41  676.21  675.30  672.84  668.70  662.81  654.55  643.53  630.59  616.22  600.67  584.48  568.06  551.46  534.90  527.19  529.67  529.70  530.15  529.73  530.15  529.70  529.67  527.20  524.19 
552.23  567.92  583.89  598.02  609.34  619.99  630.63  637.12  643.44  647.79  651.95  654.21  655.49  656.06  656.22  656.25  656.25  656.25  656.25  656.25  656.25  656.25  656.25  656.25  656.25  656.24  656.20  655.94  654.95  652.53  648.47  642.66  634.54  623.88  611.32  597.33  582.24  566.50  550.50  534.34  519.28  514.23  514.54  514.30  514.55  514.30  514.54  514.22  513.90  511.49 
552.73  570.19  585.80  599.77  608.81  620.90  625.24  630.91  632.49  632.14  634.45  635.73  636.32  636.51  636.55  636.56  636.56  636.56  636.56  636.56  636.56  636.56  636.56  636.56  636.56  636.56  636.55  636.49  636.18  635.12  632.72  628.75  623.01  615.06  604.72  592.53  578.93  564.26  548.96  533.38  517.78  504.30  499.64  499.40  499.23  499.37  499.22  499.36  499.09  498.39 
552.52  570.55  588.48  598.87  611.34  616.47  621.15  620.29  617.56  615.18  616.47  617.09  617.30  617.35  617.36  617.36  617.36  617.36  617.36  617.36  617.36  617.36  617.36  617.36  617.36  617.36  617.36  617.35  617.27  616.90  615.80  613.42  609.52  603.87  596.08  586.05  574.21  560.99  546.74  531.87  516.71  501.79  489.66  485.25  484.68  484.51  484.59  484.50  484.56  484.14 
552.73  570.19  585.79  599.65  607.74  611.82  611.50  609.86  606.35  601.52  598.33  598.57  598.63  598.64  598.64  598.64  598.64  598.64  598.64  598.64  598.64  598.64  598.64  598.64  598.64  598.64  598.64  598.64  598.62  598.52  598.11  596.97  594.61  590.77  585.21  577.59  567.85  556.36  543.51  529.66  515.20  502.94  491.47  480.21  471.62  470.38  470.16  470.19  470.14  469.98 
552.25  568.11  585.71  596.18  600.19  600.42  600.60  600.20  596.15  590.40  585.75  580.74  580.39  580.39  580.39  580.39  580.39  580.39  580.39  580.39  580.39  580.39  580.39  580.39  580.39  580.39  580.39  580.39  580.39  580.36  580.23  579.79  578.61  576.28  572.50  569.14  561.93  552.49  543.44  529.07  519.15  507.41  496.16  482.79  469.81  458.51  456.51  456.17  456.16  455.95 
550.49  566.94  577.78  586.52  589.51  589.43  587.18  587.03  586.26  582.47  577.18  572.53  563.95  562.75  562.61  562.60  562.60  562.60  562.60  562.60  562.60  562.60  562.60  562.60  562.60  562.60  562.60  562.60  562.60  562.59  562.56  562.41  561.92  567.33  565.74  562.33  556.24  549.07  542.51  533.35  523.72  512.61  498.52  485.36  471.39  456.75  445.57  443.02  442.54  442.32 
548.62  559.72  567.92  571.41  573.80  573.85  575.66  574.14  573.77  575.11  571.80  566.92  557.43  547.63  545.62  545.30  545.25  545.25  545.25  545.25  545.25  545.25  545.25  545.25  545.25  545.25  545.25  545.25  545.25  545.24  545.24  545.47  552.06  556.05  556.98  555.50  552.08  546.31  539.51  532.79  524.05  514.56  501.33  486.99  471.90  456.73  442.50  432.70  429.87  429.10 
541.86  549.89  553.68  555.93  556.40  557.91  559.17  560.06  564.61  563.83  564.39  561.41  551.85  540.41  531.51  528.97  528.44  528.35  528.33  528.33  528.33  528.33  528.33  528.33  528.33  528.33  528.33  528.33  528.34  528.43  529.28  535.46  545.93  547.01  546.47  546.95  545.51  542.13  536.63  530.14  523.37  514.95  503.00  487.45  471.79  456.81  442.09  428.73  419.97  416.88 
532.19  536.36  538.56  539.31  540.65  541.90  543.16  547.19  551.63  554.31  553.98  554.05  546.25  534.77  523.86  515.64  512.75  512.02  511.87  511.84  511.83  511.83  511.83  511.83  511.83  511.83  511.84  511.87  512.08  513.38  519.20  528.75  537.31  537.06  537.37  537.05  537.22  535.77  532.44  527.20  520.96  514.21  503.40  487.22  471.93  456.73  442.09  427.88  415.37  407.27 
519.25  521.65  522.60  523.83  525.10  526.59  530.24  534.35  537.16  539.79  544.03  539.76  536.36  528.82  518.09  507.74  500.05  496.94  496.03  495.80  495.76  495.75  495.75  495.75  495.75  495.76  495.82  496.16  497.78  503.29  512.02  519.71  521.21  528.01  527.83  528.01  525.43  527.49  526.26  523.02  518.01  509.60  498.15  486.91  471.73  456.81  442.04  427.76  414.08  402.23 
505.00  506.27  507.45  508.73  510.37  513.72  517.55  520.43  523.10  526.45  525.13  526.45  522.98  519.20  511.89  501.81  492.02  484.78  481.52  480.44  480.15  480.08  480.07  480.07  480.09  480.19  480.65  482.49  487.73  495.72  502.80  505.38  510.79  511.64  513.87  513.76  515.72  512.67  515.29  514.29  509.06  503.76  493.43  482.38  470.98  456.58  442.06  427.71  413.81  400.52 
490.15  491.49  492.78  494.50  497.61  501.21  504.10  506.74  509.52  508.98  509.74  508.97  509.50  506.52  502.52  495.43  485.94  476.68  469.81  466.47  465.26  464.89  464.80  464.81  464.95  465.54  467.53  472.51  479.87  486.46  489.70  494.24  495.68  497.49  497.80  499.15  498.01  499.03  498.34  498.92  497.65  492.97  487.30  477.64  466.94  455.55  441.78  427.69  413.73  400.09 
475.64  477.06  478.83  481.75  485.12  487.99  490.58  492.97  492.91  493.39  492.94  493.39  492.91  492.93  490.23  486.12  479.26  470.30  461.54  455.01  451.63  450.29  449.86  449.94  450.63  452.73  457.47  464.27  470.47  474.09  478.08  479.85  481.44  481.98  482.96  482.32  482.99  482.55  482.96  482.54  482.80  481.35  477.02  471.18  462.04  451.69  440.40  427.18  413.52  399.86 
