#Value Function.
487.65  490.63  490.80  490.63  490.45  490.24  490.05  489.83  489.62  489.35  489.00  488.36  487.32  485.77  483.61  480.83  477.67  474.54  472.01  471.45  471.34  471.19  471.03  470.83  470.64  470.44  470.25  470.04  469.83  469.57  469.22  468.58  467.28  464.72  461.21  456.33  448.94  439.17  427.67  415.29  402.63  390.05  377.78  366.05  355.14  345.25  336.42  328.46  321.05  313.62 
509.80  509.92  509.78  509.57  509.39  509.16  508.97  508.74  508.54  508.26  507.95  507.33  506.30  504.76  502.57  499.69  496.38  493.03  490.13  489.74  489.69  489.54  489.37  489.16  488.97  488.76  488.57  488.35  488.14  487.88  487.56  486.99  485.81  483.16  478.09  470.22  459.80  447.63  434.61  421.38  408.28  395.51  383.32  372.00  361.79  352.69  344.51  336.88  329.41  320.01 
526.67  527.04  526.92  526.78  526.55  526.37  526.12  525.93  525.64  525.35  524.70  523.64  522.03  519.75  516.71  513.24  509.76  506.62  505.72  506.11  506.21  506.16  505.99  505.82  505.60  505.41  505.18  504.97  504.71  504.40  503.83  502.67  499.96  494.62  486.29  475.31  462.56  449.06  435.41  421.94  408.82  396.31  384.72  374.31  365.08  356.78  349.02  341.40  333.53  324.32 
543.54  544.30  544.50  544.32  544.21  543.93  543.77  543.45  543.19  542.51  541.39  539.71  537.33  534.12  530.48  526.87  523.62  521.13  521.92  522.57  523.00  523.08  523.04  522.84  522.68  522.44  522.24  521.96  521.66  521.08  519.95  517.16  511.51  502.70  491.11  477.78  463.79  449.72  435.87  422.40  409.56  397.71  387.10  377.73  369.31  361.44  353.65  345.59  337.03  327.80 
559.86  561.69  562.19  562.40  562.16  562.04  561.71  561.51  560.79  559.63  557.87  555.39  552.00  548.16  544.42  541.08  538.52  537.04  538.12  539.22  539.87  540.35  540.39  540.36  540.13  539.96  539.66  539.38  538.80  537.70  534.84  528.85  519.53  507.31  493.36  478.87  464.38  450.16  436.33  423.14  411.01  400.21  390.71  382.18  374.18  366.23  357.95  349.13  339.73  330.51 
575.01  578.46  580.11  580.48  580.69  580.29  580.23  579.51  578.33  576.51  573.94  570.34  566.31  562.44  559.00  556.43  554.63  553.61  554.67  555.79  556.99  557.61  558.14  558.10  558.10  557.79  557.54  556.96  555.93  553.03  546.66  536.79  523.89  509.30  494.32  479.40  464.80  450.60  437.06  424.65  413.66  404.03  395.39  387.26  379.14  370.64  361.54  351.83  341.65  332.48 
588.25  593.98  597.24  598.88  598.94  599.01  598.44  597.38  595.53  592.98  589.15  584.93  580.94  577.38  574.83  573.05  571.88  571.15  571.62  572.77  573.90  575.22  575.76  576.28  576.17  576.10  575.46  574.63  571.71  564.94  554.49  540.87  525.61  510.14  494.80  479.81  465.22  451.33  438.63  427.46  417.70  408.96  400.70  392.40  383.66  374.27  364.24  353.71  342.94  334.22 
597.70  607.67  613.11  616.02  617.40  616.69  616.17  614.56  612.40  608.33  604.00  599.94  596.25  593.73  591.97  590.84  590.11  589.63  589.31  590.12  591.33  592.38  593.84  594.14  594.62  594.13  593.64  590.80  583.61  572.61  558.25  542.29  526.34  510.57  495.20  480.22  465.94  452.95  441.60  431.73  422.88  414.49  406.01  397.02  387.33  376.95  366.08  354.95  343.86  335.49 
604.77  616.91  626.97  631.99  633.53  634.19  633.16  631.62  627.78  623.40  619.38  615.58  613.14  611.41  610.32  609.62  609.15  608.76  608.44  608.20  609.05  610.26  611.12  612.42  612.16  612.40  609.88  602.57  591.06  575.99  559.33  542.95  526.73  510.98  495.59  480.92  467.63  456.11  446.13  437.18  428.66  419.98  410.73  400.72  389.99  378.76  367.28  355.84  344.66  336.41 
610.61  622.95  635.68  645.12  649.21  649.32  649.02  646.55  642.91  639.08  635.29  633.07  631.38  630.34  629.66  629.22  628.81  628.46  628.05  627.65  627.53  628.26  629.14  629.55  630.12  628.09  621.26  609.42  593.91  576.67  559.94  543.29  527.16  511.36  496.26  482.68  471.00  460.92  451.87  443.21  434.32  424.80  414.46  403.36  391.75  379.92  368.14  356.63  345.59  337.23 
614.73  626.92  641.71  653.67  661.59  663.59  662.95  661.26  658.69  655.28  653.47  651.86  650.90  650.25  649.84  649.42  649.07  648.61  648.13  647.64  647.23  647.21  647.55  647.68  645.57  638.89  627.37  611.84  594.20  577.31  560.22  543.76  527.51  511.98  498.09  486.28  476.10  466.95  458.15  449.05  439.24  428.55  417.07  405.07  392.87  380.75  368.93  357.58  346.90  338.18 
617.10  629.38  645.02  658.69  668.84  676.10  678.06  677.65  675.18  674.26  672.81  672.01  671.41  671.03  670.58  670.26  669.75  669.24  668.67  668.04  667.64  667.25  666.40  663.56  656.32  644.70  629.43  611.69  594.98  577.51  560.76  544.07  528.08  513.88  501.95  491.69  482.44  473.49  464.17  454.06  443.00  431.12  418.72  406.14  393.68  381.53  369.90  358.94  348.82  339.71 
619.39  631.77  648.01  662.93  675.04  684.39  691.48  694.29  695.11  694.10  693.62  693.11  692.80  692.32  692.02  691.48  690.95  690.34  689.60  689.05  688.28  686.70  682.70  674.43  662.05  646.38  628.75  612.41  594.76  578.03  561.01  544.56  530.06  518.04  507.69  498.34  489.25  479.69  469.27  457.82  445.52  432.70  419.74  406.93  394.46  382.52  371.30  360.96  351.53  342.30 
621.13  633.66  650.86  666.65  680.43  691.86  701.62  709.32  714.32  715.77  715.34  715.15  714.63  714.40  713.78  713.26  712.62  711.80  711.22  710.41  708.62  703.88  694.57  680.85  664.31  646.41  628.76  611.40  595.08  577.86  561.40  546.63  534.56  524.13  514.68  505.44  495.62  484.87  473.02  460.28  447.03  433.68  420.51  407.70  395.47  383.98  373.41  363.81  355.02  345.67 
622.71  635.21  652.96  670.15  685.96  699.44  711.24  721.35  730.28  736.48  737.96  737.47  737.35  736.66  736.17  735.52  734.61  734.08  733.24  731.50  726.40  716.31  701.44  683.68  665.09  646.30  628.42  611.15  594.11  577.98  563.59  551.52  541.01  531.46  522.07  511.98  500.88  488.60  475.40  461.72  447.97  434.42  421.28  408.73  396.97  386.19  376.41  367.48  359.01  349.53 
624.13  636.28  654.69  672.81  690.35  706.39  720.19  732.28  742.97  752.55  759.49  760.77  760.02  759.67  759.03  758.02  757.58  756.73  755.11  749.76  738.99  722.95  704.26  684.83  665.45  646.56  628.26  610.93  595.08  581.06  568.96  558.34  548.69  539.15  528.77  517.30  504.58  490.91  476.77  462.60  448.69  435.20  422.34  410.30  399.28  389.33  380.27  371.66  363.05  353.46 
625.16  637.06  655.85  674.75  693.34  711.31  727.88  741.91  754.08  764.65  774.92  782.66  783.51  782.97  781.98  781.71  780.84  779.44  773.84  762.34  745.15  725.51  705.33  685.38  665.93  647.19  629.48  613.32  599.07  586.87  576.14  566.38  556.70  546.00  534.16  520.97  506.79  492.18  477.60  463.31  449.47  436.28  423.95  412.72  402.59  393.39  384.63  375.83  366.78  357.11 
625.93  637.72  656.65  675.92  695.37  714.33  732.85  749.65  763.61  775.46  785.12  796.24  804.96  806.19  806.24  805.44  804.50  798.61  786.36  767.91  747.32  726.44  705.92  685.94  666.73  648.56  632.05  617.58  605.26  594.41  584.55  574.73  563.67  551.45  537.76  523.07  507.98  492.98  478.30  464.09  450.58  437.95  426.49  416.19  406.87  397.95  388.93  379.65  369.83  360.14 
626.59  638.36  657.34  676.76  696.51  716.37  735.72  754.16  769.85  782.80  793.19  802.81  814.89  826.69  829.07  828.73  823.97  811.03  791.15  769.64  748.10  727.01  706.51  686.80  668.15  651.29  636.56  624.16  613.16  603.22  593.27  581.81  569.21  554.98  539.74  524.16  508.72  493.65  479.07  465.23  452.29  440.62  430.15  420.70  411.63  402.37  392.85  382.72  372.11  362.44 
627.22  638.97  658.00  677.46  697.35  717.45  737.51  756.22  772.93  784.97  796.36  807.06  818.89  833.38  847.10  846.49  834.87  814.79  792.46  770.28  748.64  727.61  707.39  688.25  671.02  656.02  643.57  632.41  622.38  612.34  600.40  587.43  572.63  556.82  540.73  524.84  509.35  494.38  480.20  466.95  455.05  444.44  434.89  425.69  416.15  406.40  395.94  384.98  373.60  364.31 
627.81  639.54  658.61  678.11  697.97  718.16  738.03  757.03  772.99  786.15  796.54  807.47  819.27  834.03  847.25  846.76  835.37  815.32  793.01  770.81  749.24  728.41  708.60  691.03  675.74  663.28  652.04  642.05  631.97  619.44  606.14  590.71  574.32  557.71  541.34  525.39  509.97  495.45  481.86  469.75  458.96  449.37  440.06  430.26  420.31  409.48  398.19  386.42  374.49  365.75 
628.38  640.10  659.20  678.63  698.42  718.14  737.54  755.44  771.66  784.11  795.95  805.80  816.08  827.30  831.03  835.46  829.44  813.43  792.98  771.28  749.85  729.25  710.86  695.26  682.86  671.35  661.78  651.96  638.80  625.37  609.23  592.24  575.10  558.24  541.83  525.94  510.98  496.80  484.49  473.52  463.83  454.61  444.58  434.54  423.34  411.73  399.58  387.24  375.14  366.65 
628.94  640.66  659.69  678.98  698.32  717.38  735.23  752.18  765.94  778.90  790.11  797.96  806.01  809.27  811.99  811.33  812.64  806.04  790.64  771.15  750.45  730.54  713.40  701.18  689.30  679.72  671.14  658.23  644.93  628.19  610.60  592.94  575.59  558.69  542.32  526.71  511.79  498.84  487.67  477.90  468.54  458.91  448.94  437.46  425.56  413.06  400.33  387.87  375.76  367.31 
629.48  641.10  659.94  678.72  697.20  714.72  731.18  745.74  758.89  769.57  778.30  784.00  786.53  788.15  787.81  789.19  788.50  789.05  782.77  768.55  750.49  732.05  716.52  704.11  694.57  686.11  675.83  663.65  647.13  629.27  611.21  593.39  576.02  559.14  542.84  527.17  512.91  500.69  490.87  481.28  472.22  462.72  451.54  439.51  426.77  413.73  400.96  388.50  376.46  367.93 
629.88  641.26  659.54  677.38  694.35  710.21  724.49  737.24  747.83  755.99  761.72  763.69  764.98  764.69  765.59  765.44  766.40  766.02  766.11  760.30  747.54  731.87  717.19  705.67  697.19  688.44  678.14  664.22  647.59  629.70  611.65  593.81  576.43  559.54  543.25  527.91  514.00  502.15  492.24  483.03  474.31  464.54  453.28  440.66  427.36  414.36  401.59  389.25  377.07  368.61 
629.96  640.74  658.04  674.40  689.64  703.41  715.60  725.72  733.48  738.68  740.97  741.84  742.07  743.00  742.84  743.46  743.45  744.20  744.04  743.97  739.00  728.61  716.76  706.27  697.19  688.84  678.38  664.67  647.99  630.14  612.07  594.24  576.84  559.96  543.70  528.36  514.45  502.63  492.61  483.90  474.99  465.42  453.88  440.91  427.97  414.95  402.39  389.86  377.56  369.21 
629.33  639.08  654.94  669.56  682.76  694.35  703.94  711.23  716.07  718.32  719.27  719.64  720.40  720.66  721.41  721.39  721.87  721.98  722.58  722.75  723.01  719.83  713.20  704.00  695.56  686.82  676.91  664.75  648.40  630.54  612.50  594.65  577.26  560.36  544.12  528.63  514.61  502.46  493.05  484.17  475.58  465.82  453.90  441.57  428.52  415.83  403.00  390.34  377.93  369.69 
627.54  635.87  649.99  662.63  673.63  682.68  689.50  693.98  696.16  697.10  697.59  698.31  698.74  699.38  699.72  700.36  700.43  700.84  701.01  701.62  702.16  703.19  701.24  697.97  689.62  681.36  672.81  660.23  647.10  630.38  612.74  595.05  577.66  560.76  544.46  529.21  514.89  503.13  493.27  485.28  476.22  465.69  455.07  442.17  429.54  416.44  403.50  390.71  378.27  370.06 
624.20  630.83  642.99  653.44  661.97  668.33  672.48  674.58  675.51  676.04  676.68  677.19  677.85  678.31  678.90  679.28  679.84  679.98  680.33  680.56  681.61  682.11  683.83  683.20  679.93  672.28  664.29  654.78  641.84  628.60  612.36  595.24  578.03  561.16  544.89  529.57  515.42  503.63  494.67  486.32  476.99  467.63  455.64  443.21  430.05  416.95  403.85  391.05  378.58  370.39 
619.03  623.75  633.75  641.78  647.73  651.58  653.58  654.50  655.05  655.64  656.17  656.77  657.29  657.90  658.38  658.93  659.34  659.84  660.03  660.44  661.24  662.62  662.82  664.44  663.91  660.70  653.65  645.50  635.92  623.52  610.37  594.74  578.16  561.49  545.25  529.92  516.10  504.56  495.24  486.27  477.93  467.98  456.68  443.83  430.63  417.29  404.20  391.36  378.88  370.70 
611.84  614.48  622.13  627.69  631.28  633.18  634.09  634.63  635.17  635.70  636.26  636.79  637.36  637.88  638.46  638.94  639.46  639.88  640.34  640.71  641.85  642.35  643.61  643.72  644.94  644.46  641.35  634.70  626.71  617.33  605.48  592.60  577.55  561.55  545.55  530.26  516.48  504.87  495.29  486.78  477.74  468.50  456.83  444.24  430.90  417.63  404.50  391.68  379.17  371.00 
602.49  602.90  608.20  611.57  613.39  614.27  614.78  615.31  615.80  616.32  616.83  617.36  617.88  618.43  618.94  619.49  619.97  620.47  620.89  621.67  622.32  623.31  623.68  624.57  624.73  625.74  625.28  622.29  616.07  608.37  599.21  587.85  575.29  560.84  545.57  530.35  516.33  504.49  494.44  486.47  478.16  468.05  456.82  444.05  431.11  417.87  404.80  391.96  379.44  371.28 
590.86  589.12  592.38  594.14  595.10  595.60  596.07  596.52  597.00  597.44  597.93  598.41  598.93  599.43  599.96  600.47  601.00  601.48  602.08  602.76  603.61  604.09  604.81  605.15  605.92  606.19  607.03  606.58  603.70  597.87  590.46  581.54  570.64  558.48  544.69  530.44  516.57  504.44  494.28  485.34  477.44  467.78  456.21  444.08  430.96  418.08  405.05  392.25  379.69  371.55 
577.13  573.60  575.42  576.44  577.06  577.71  578.02  578.39  578.72  579.12  579.53  579.98  580.45  580.95  581.44  581.95  582.45  583.01  583.69  584.45  584.98  585.60  586.03  586.67  587.06  587.73  588.08  588.79  588.34  585.59  580.11  572.97  564.33  553.90  542.30  529.44  516.77  504.32  494.46  485.23  475.94  466.81  455.66  443.35  430.85  417.92  405.24  392.49  379.95  371.80 
562.26  559.77  558.26  559.15  560.59  561.23  560.85  560.82  561.03  561.30  561.66  562.05  562.48  562.93  563.41  563.89  564.45  565.11  565.80  566.35  566.92  567.38  567.95  568.39  568.98  569.40  570.00  570.40  571.02  570.56  567.93  562.76  555.92  547.61  537.71  526.91  515.44  504.64  494.34  484.94  475.97  466.02  455.21  443.00  430.33  417.78  405.09  392.65  380.18  372.05 
548.34  545.39  543.00  542.84  543.85  544.76  544.70  544.11  543.94  544.06  544.29  544.62  544.99  545.40  545.84  546.37  547.00  547.65  548.20  548.74  549.21  549.74  550.20  550.73  551.18  551.73  552.16  552.72  553.15  553.69  553.22  550.72  545.85  539.33  531.44  522.31  512.73  503.15  494.15  484.59  475.10  465.62  454.34  442.48  429.92  417.29  404.91  392.52  380.30  372.26 
534.27  531.71  528.95  526.76  527.38  527.59  528.28  528.19  527.62  527.41  527.48  527.69  527.99  528.35  528.76  529.36  529.98  530.52  531.04  531.51  532.01  532.47  532.97  533.43  533.94  534.39  534.90  535.35  535.87  536.32  536.79  536.32  533.95  529.40  523.19  515.83  507.64  499.52  491.11  483.10  473.91  463.17  453.00  441.21  429.18  416.80  404.43  392.31  380.19  372.37 
520.66  517.99  515.49  512.89  510.96  511.31  511.56  512.11  512.00  511.49  511.26  511.30  511.49  511.77  512.18  512.77  513.30  513.80  514.26  514.74  515.20  515.68  516.14  516.62  517.07  517.56  518.01  518.50  518.95  519.44  519.89  520.31  519.84  517.62  513.39  507.55  500.83  493.34  486.55  478.53  470.63  461.04  450.21  439.51  427.83  416.03  403.92  391.85  379.96  372.27 
507.16  504.66  502.10  499.66  497.20  495.43  495.57  495.82  496.27  496.18  495.73  495.50  495.51  495.68  496.01  496.53  497.01  497.47  497.93  498.38  498.84  499.29  499.76  500.21  500.67  501.12  501.58  502.03  502.50  502.95  503.42  503.87  504.24  503.79  501.74  497.76  492.44  486.19  479.40  472.67  464.99  456.84  447.28  436.68  426.03  414.67  403.12  391.33  379.52  372.03 
493.96  491.47  489.04  486.58  484.21  481.85  480.21  480.19  480.43  480.81  480.74  480.35  480.12  480.11  480.27  480.66  481.11  481.56  482.00  482.45  482.89  483.34  483.78  484.22  484.67  485.12  485.56  486.01  486.45  486.90  487.34  487.79  488.24  488.58  488.14  486.25  482.53  477.52  471.66  465.12  458.51  450.93  442.83  433.52  423.26  412.80  401.76  390.50  378.98  371.60 
480.95  478.56  476.16  473.80  471.43  469.13  466.87  465.32  465.18  465.40  465.73  465.67  465.33  465.11  465.09  465.25  465.61  466.04  466.48  466.91  467.34  467.77  468.21  468.64  469.08  469.51  469.94  470.38  470.81  471.25  471.68  472.12  472.55  472.99  473.31  472.88  471.10  467.61  462.86  457.19  450.90  444.36  437.03  429.09  420.02  410.09  399.88  389.16  378.14  371.04 
468.19  465.84  463.52  461.21  458.92  456.64  454.40  452.25  450.78  450.55  450.74  451.03  450.98  450.69  450.47  450.44  450.59  450.93  451.35  451.77  452.19  452.61  453.03  453.46  453.88  454.30  454.72  455.15  455.57  456.00  456.42  456.84  457.27  457.69  458.12  458.41  458.00  456.30  453.02  448.47  443.00  436.89  430.49  423.38  415.62  406.84  397.23  387.27  376.80  370.19 
455.63  453.36  451.10  448.86  446.62  444.41  442.20  440.03  437.97  436.57  436.28  436.43  436.69  436.66  436.40  436.19  436.16  436.29  436.61  437.01  437.42  437.83  438.25  438.66  439.07  439.48  439.89  440.30  440.72  441.13  441.54  441.96  442.37  442.78  443.20  443.61  443.88  443.47  441.86  438.74  434.38  429.10  423.19  416.94  410.04  402.49  393.97  384.66  374.92  368.85 
443.31  441.10  438.90  436.72  434.55  432.39  430.25  428.11  426.01  424.04  422.71  422.37  422.48  422.70  422.68  422.46  422.26  422.22  422.35  422.65  423.03  423.43  423.83  424.23  424.63  425.04  425.44  425.84  426.24  426.64  427.05  427.45  427.85  428.25  428.66  429.06  429.46  429.70  429.31  427.76  424.80  420.62  415.53  409.82  403.73  397.03  389.67  381.41  372.34  366.96 
431.19  429.05  426.92  424.79  422.68  420.58  418.50  416.43  414.37  412.33  410.45  409.17  408.79  408.88  409.07  409.06  408.86  408.67  408.63  408.75  409.03  409.39  409.78  410.17  410.57  410.96  411.35  411.74  412.13  412.52  412.92  413.31  413.70  414.09  414.49  414.88  415.27  415.66  415.88  415.50  414.02  411.20  407.20  402.29  396.76  390.83  384.32  377.16  369.10  364.40 
419.29  417.21  415.14  413.08  411.03  408.99  406.96  404.94  402.94  400.95  398.99  397.19  395.97  395.56  395.61  395.77  395.77  395.59  395.42  395.37  395.48  395.74  396.09  396.47  396.85  397.24  397.62  398.00  398.38  398.76  399.14  399.53  399.91  400.29  400.67  401.06  401.44  401.83  402.20  402.41  402.03  400.62  397.93  394.09  389.36  384.02  378.25  371.92  364.91  361.15 
407.60  405.58  403.57  401.57  399.58  397.60  395.63  393.67  391.72  389.79  387.87  385.97  384.26  383.08  382.65  382.67  382.81  382.81  382.65  382.49  382.44  382.54  382.79  383.12  383.49  383.86  384.23  384.61  384.98  385.35  385.72  386.09  386.47  386.84  387.21  387.59  387.96  388.33  388.71  389.07  389.26  388.89  387.55  384.99  381.31  376.75  371.58  365.97  359.78  356.99 
396.11  394.15  392.20  390.26  388.33  386.41  384.49  382.59  380.70  378.82  376.95  375.10  373.28  371.64  370.51  370.06  370.05  370.17  370.17  370.03  369.88  369.83  369.92  370.15  370.47  370.83  371.19  371.55  371.92  372.28  372.64  373.00  373.37  373.73  374.09  374.46  374.82  375.19  375.55  375.92  376.27  376.44  376.08  374.80  372.36  368.83  364.44  359.44  353.94  351.92 
384.82  382.92  381.03  379.15  377.27  375.41  373.55  371.71  369.87  368.05  366.23  364.43  362.64  360.89  359.32  358.24  357.78  357.74  357.84  357.84  357.72  357.58  357.53  357.62  357.83  358.13  358.48  358.83  359.18  359.54  359.89  360.25  360.60  360.95  361.31  361.66  362.02  362.37  362.73  363.08  363.44  363.78  363.94  363.59  362.36  360.03  356.65  352.43  347.55  346.15 
373.63  371.76  369.92  368.10  366.28  364.48  362.68  360.89  359.11  357.34  355.58  353.83  352.09  350.36  348.68  347.19  346.14  345.68  345.62  345.70  345.70  345.59  345.46  345.41  345.49  345.69  345.98  346.31  346.66  347.00  347.34  347.69  348.03  348.38  348.73  349.07  349.42  349.76  350.11  350.46  350.80  351.15  351.48  351.63  351.29  350.11  347.89  344.65  340.54  339.75 
