#Value Function.
16330.28 16828.28 17344.93 17856.52 18339.12 18776.14 19165.57 19512.29 19847.42 20214.80 20649.98 21164.64 21745.39 22375.03 23040.20 23736.76 24459.83 25206.68 25971.72 26752.78 27540.55 28353.93 29161.70 29964.01 30740.44 31502.75 32207.41 32854.12 33358.25 33807.49 34187.45 34510.55 34701.10 34798.21 34866.55 34815.66 34794.91 34716.05 34588.85 34398.88 34136.55 33853.71 33491.37 33112.70 32714.24 32268.75 31813.27 31362.96 30926.48 30480.64
16677.46 17128.38 17646.92 18187.14 18722.40 19226.88 19682.11 20087.08 20443.46 20785.59 21161.80 21611.40 22146.97 22749.67 23405.22 24096.26 24820.33 25571.69 26348.31 27143.35 27958.34 28773.54 29608.43 30434.21 31257.94 32049.63 32805.21 33482.50 34084.70 34545.82 34917.38 35144.32 35294.66 35387.47 35430.98 35403.43 35397.85 35365.33 35302.48 35175.57 35023.60 34791.23 34469.83 34083.53 33655.53 33208.42 32754.83 32299.44 31883.85 31166.36
16822.88 17246.94 17735.11 18269.56 18827.76 19381.56 19903.39 20372.38 20789.57 21151.12 21495.01 21871.96 22329.69 22877.88 23496.74 24170.70 24879.09 25622.32 26393.03 27190.65 28007.96 28831.78 29668.92 30514.80 31347.70 32154.39 32927.74 33639.92 34237.70 34774.81 35192.77 35469.41 35661.31 35773.19 35843.36 35864.91 35857.67 35832.42 35796.39 35696.22 35567.20 35327.39 35009.83 34621.77 34204.51 33752.12 33293.26 32884.35 32511.62 31813.33
16990.00 17410.22 17853.50 18354.15 18904.99 19481.73 20054.77 20594.77 21077.58 21506.26 21872.82 22216.11 22594.64 23056.63 23620.25 24253.30 24946.82 25672.35 26437.44 27231.40 28050.01 28877.03 29722.81 30568.99 31411.51 32226.10 32999.86 33714.01 34358.34 34915.93 35363.67 35705.90 35919.68 36097.02 36210.57 36285.30 36305.84 36297.59 36272.51 36198.74 36054.28 35820.14 35512.13 35155.27 34726.98 34293.39 33892.48 33530.52 33211.72 32576.98
17172.23 17605.45 18025.26 18474.90 18988.55 19556.34 20152.26 20745.32 21302.51 21799.49 22240.79 22608.38 22950.47 23324.27 23793.98 24370.60 25019.55 25734.11 26480.07 27271.81 28087.62 28918.24 29766.32 30623.65 31465.32 32291.46 33073.96 33786.94 34426.11 34981.98 35451.33 35834.70 36141.72 36355.74 36544.68 36689.30 36735.79 36758.52 36748.92 36694.76 36559.47 36337.57 36024.13 35658.46 35265.91 34899.26 34559.12 34253.27 34000.17 33398.21
17341.64 17780.55 18233.13 18655.97 19111.45 19638.73 20224.02 20839.79 21451.92 22027.09 22534.37 22990.92 23351.90 23687.86 24061.06 24530.61 25125.95 25798.24 26534.33 27304.24 28122.49 28950.56 29794.11 30651.16 31492.60 32317.68 33098.85 33808.48 34447.32 34995.93 35475.54 35894.77 36266.84 36590.65 36831.93 37104.48 37207.33 37221.30 37220.73 37158.20 37037.26 36817.46 36535.23 36210.97 35893.86 35589.38 35304.55 35070.81 34857.62 34283.88
17481.35 17923.36 18412.11 18878.59 19302.63 19761.34 20303.35 20904.59 21541.41 22171.09 22766.11 23275.73 23747.26 24100.48 24427.40 24785.19 25261.62 25892.76 26579.56 27348.54 28149.73 28981.70 29824.06 30679.25 31519.38 32341.45 33119.88 33828.12 34462.39 35014.07 35486.94 35914.71 36322.54 36709.61 37110.92 37441.63 37682.23 37708.41 37692.61 37651.90 37518.46 37336.04 37093.91 36855.19 36600.60 36349.23 36144.71 35954.76 35783.53 35214.32
17589.67 18036.20 18556.81 19057.94 19535.15 19946.77 20410.90 20967.02 21596.05 22254.12 22896.84 23510.01 24009.61 24496.24 24824.40 25120.44 25476.30 25990.89 26646.50 27382.08 28183.26 28999.93 29836.71 30677.26 31512.34 32318.71 33084.26 33789.79 34427.58 34989.47 35481.52 35927.09 36337.74 36761.12 37184.31 37638.94 37978.51 38188.13 38197.93 38131.48 38046.20 37899.46 37756.67 37579.37 37373.68 37214.54 37048.07 36904.02 36746.80 36151.49
17654.66 18096.62 18672.26 19198.76 19681.70 20145.50 20551.34 21056.98 21641.77 22294.31 22971.24 23625.72 24245.43 24689.34 25173.41 25418.94 25719.83 26143.37 26710.70 27418.81 28207.01 29010.07 29834.76 30667.82 31489.27 32283.41 33040.30 33714.75 34352.44 34933.42 35451.20 35897.41 36353.51 36770.30 37207.63 37636.82 38128.46 38480.42 38712.19 38727.72 38661.01 38618.45 38526.34 38377.05 38264.86 38143.55 38013.33 37888.18 37729.77 37065.12
17709.57 18127.29 18722.83 19287.61 19793.98 20237.25 20663.32 21121.71 21683.03 22330.72 23004.98 23690.01 24327.86 24908.83 25263.83 25605.38 25835.99 26248.41 26761.89 27456.20 28213.26 29013.87 29826.07 30633.42 31439.14 32209.42 32935.50 33635.12 34245.10 34843.19 35344.01 35865.55 36315.88 36761.97 37189.52 37655.49 38096.33 38633.72 39015.12 39293.83 39381.77 39385.54 39299.92 39266.08 39181.34 39107.64 38994.58 38879.44 38662.13 37892.75
17742.13 18147.85 18752.10 19335.39 19832.29 20249.15 20677.31 21140.87 21704.97 22350.31 23030.83 23704.62 24362.14 24898.78 25326.72 25586.78 25913.58 26259.07 26790.05 27464.12 28213.96 29001.38 29788.66 30565.22 31337.26 32083.34 32808.61 33483.70 34111.44 34696.96 35244.61 35742.62 36225.39 36682.88 37132.76 37586.16 38098.92 38580.18 39195.93 39651.03 40001.86 40170.08 40211.15 40170.46 40141.92 40084.12 39972.21 39794.42 39497.72 38726.84
17777.19 18162.53 18756.96 19312.55 19779.27 20235.50 20655.13 21157.73 21723.88 22373.38 23047.78 23727.83 24349.87 24850.60 25279.63 25580.89 25849.25 26200.94 26759.07 27445.88 28197.58 28959.11 29707.22 30462.31 31201.32 31938.55 32629.88 33272.97 33915.29 34495.58 35024.72 35545.58 36045.00 36530.53 36982.04 37481.51 37977.24 38540.93 39190.53 39884.20 40437.22 40813.56 41054.47 41087.54 41051.58 41017.59 40890.25 40631.48 40069.64 39343.17
18255.15 18335.90 18708.65 19219.31 19699.75 20126.72 20610.29 21104.66 21723.55 22376.51 23043.69 23668.67 24195.94 24703.29 25076.16 25343.77 25629.89 26109.67 26714.18 27422.64 28141.24 28860.71 29597.37 30324.05 31036.45 31732.03 32389.54 33043.14 33641.43 34234.72 34789.09 35309.30 35787.27 36282.65 36767.28 37271.09 37831.00 38441.85 39136.21 39940.57 40674.88 41262.58 41651.41 41890.55 41871.85 41843.27 41669.79 41114.95 40520.48 39820.85
18903.68 18910.34 18941.44 19079.48 19525.89 19997.57 20498.01 21079.93 21704.41 22352.32 22964.23 23501.64 23994.65 24386.74 24700.76 25009.78 25473.96 26025.75 26664.93 27351.37 28039.57 28745.28 29456.14 30146.48 30830.74 31484.77 32128.51 32743.32 33352.32 33918.61 34461.43 34967.96 35455.74 35979.80 36487.22 37046.75 37664.37 38338.83 39152.78 39946.76 40780.15 41492.26 42090.29 42329.53 42462.97 42471.62 42045.23 41534.18 40747.78 40102.73
19590.03 19589.23 19583.78 19589.83 19640.16 19869.79 20437.26 21042.35 21667.54 22259.77 22789.70 23262.93 23652.08 23982.53 24326.78 24780.25 25322.83 25926.81 26578.57 27237.19 27915.65 28596.15 29266.07 29938.82 30576.66 31211.34 31824.32 32425.67 33001.39 33541.73 34063.54 34573.97 35114.64 35628.15 36187.39 36805.37 37490.90 38263.65 39091.72 39938.79 40773.85 41598.51 42268.42 42656.25 42741.09 42648.04 42307.44 41671.20 40831.47 40240.87
20297.88 20296.49 20287.91 20280.27 20277.02 20294.58 20409.12 20992.70 21561.72 22077.19 22534.21 22922.18 23260.57 23615.34 24070.32 24602.35 25192.01 25815.84 26452.93 27104.57 27757.84 28409.50 29060.38 29690.90 30314.93 30912.94 31504.55 32056.49 32594.51 33126.27 33695.83 34276.47 34731.74 35296.31 35914.38 36600.26 37367.18 38171.32 39035.13 39902.13 40781.63 41601.22 42271.40 42676.13 42721.65 42741.19 42429.76 41746.96 40889.19 40369.50
21026.15 21024.72 21015.67 21006.67 20998.05 20991.18 20993.46 21041.05 21375.55 21814.22 22196.39 22540.89 22906.67 23360.46 23882.54 24457.83 25064.08 25679.35 26309.13 26940.32 27573.66 28208.32 28843.33 29474.84 30057.94 30639.45 31181.54 31724.04 32439.85 33281.77 34040.15 34651.62 35243.17 35623.04 35967.85 36524.37 37272.01 38089.70 38971.33 39872.78 40759.95 41587.20 42243.02 42500.34 42626.94 42494.37 42307.94 41710.26 40869.97 40380.11
21775.24 21773.83 21764.49 21755.17 21745.85 21736.67 21728.02 21722.64 21721.70 21735.67 21830.36 22203.50 22652.07 23168.81 23729.99 24319.77 24920.08 25528.61 26147.49 26793.78 27576.43 28357.60 28993.91 29527.11 29998.08 30449.34 30976.23 31674.30 32513.96 33411.92 34278.83 35063.80 35635.27 36212.43 36509.38 36823.97 37286.30 38062.44 38895.03 39797.59 40647.48 41378.31 41751.63 41992.21 42088.48 42173.72 41783.74 41465.24 40760.47 40354.46
22545.72 22544.31 22534.72 22525.10 22515.52 22505.91 22496.38 22486.87 22477.58 22470.72 22465.52 22462.42 22473.73 23012.20 23586.23 24171.89 24766.51 25374.09 26025.60 26792.48 27614.36 28447.91 29248.70 29860.45 30347.28 30740.45 31171.06 31801.93 32571.53 33476.15 34406.46 35302.30 36077.28 36551.27 36937.71 37219.34 37511.50 38059.17 38807.28 39620.05 40343.50 40771.75 41106.83 41223.65 41377.39 41363.85 41313.71 40900.48 40452.95 40200.03
23338.14 23336.79 23326.88 23317.03 23307.12 23297.29 23287.39 23277.55 23267.64 23257.51 23247.35 23230.79 23205.88 23154.63 23438.66 24020.73 24621.50 25270.41 26016.35 26816.90 27640.71 28473.04 29284.76 29989.01 30503.17 30891.29 31289.87 31828.69 32591.85 33500.64 34472.39 35421.96 36247.53 36805.59 37113.09 37357.34 37641.12 38072.83 38638.38 39245.51 39687.68 40047.54 40240.12 40411.80 40425.95 40474.56 40415.24 40291.30 39878.65 39828.59
24153.18 24151.76 24141.65 24131.44 24121.34 24111.13 24101.04 24090.80 24080.42 24068.52 24051.36 24019.63 23956.90 23842.83 23647.30 23886.57 24530.80 25256.61 26036.52 26841.14 27665.77 28500.02 29309.70 30009.58 30517.58 30905.20 31303.07 31853.69 32617.10 33534.88 34496.57 35446.29 36262.62 36817.11 37109.05 37373.25 37606.45 37855.56 38222.84 38596.69 38926.72 39154.04 39336.56 39412.80 39449.70 39466.02 39470.91 39379.64 39200.30 39253.01
24991.28 24990.03 24979.49 24969.13 24958.59 24948.25 24937.69 24927.12 24915.08 24897.94 24865.74 24801.45 24676.54 24460.73 24139.56 23802.24 24514.67 25274.56 26060.24 26865.60 27690.72 28519.90 29308.33 29908.11 30388.91 30785.34 31235.13 31874.41 32645.38 33544.83 34470.47 35353.09 36118.65 36697.81 37030.42 37131.72 37218.42 37302.30 37570.95 37812.13 38039.45 38237.46 38370.38 38484.19 38504.57 38536.75 38473.92 38423.21 38317.67 38543.76
25853.39 25851.91 25841.32 25830.42 25819.83 25808.93 25798.19 25786.00 25768.97 25736.38 25670.77 25540.83 25313.95 24969.24 24501.68 23944.75 24530.62 25297.45 26083.26 26885.03 27688.11 28452.74 29083.81 29677.35 30171.49 30618.03 31136.64 31781.21 32619.47 33501.08 34363.53 35138.59 35829.22 36271.35 36494.74 36444.44 36519.22 36561.73 36742.26 36936.72 37148.45 37336.66 37598.68 37762.42 37788.61 37802.58 37685.40 37535.54 37445.15 37678.33
26739.63 26738.58 26727.27 26716.48 26705.17 26694.29 26681.92 26665.10 26632.10 26565.35 26430.31 26191.73 25828.75 25334.66 24733.95 24081.82 24550.79 25318.22 26096.18 26868.58 27596.53 28227.66 28808.11 29329.17 29826.98 30341.30 30939.00 31714.35 32552.65 33368.47 34119.60 34776.82 35228.23 35488.07 35551.70 35550.19 35585.04 35699.14 35861.56 36088.78 36345.67 36737.26 37045.43 37359.77 37371.01 37382.44 37235.60 36856.06 36614.80 36818.67
27651.54 27649.82 27638.89 27627.09 27616.12 27603.52 27587.05 27553.56 27485.93 27345.64 27094.53 26712.40 26191.45 25560.63 24865.22 24158.00 24567.18 25324.02 26066.77 26762.75 27376.31 27936.35 28451.20 28952.20 29479.84 30081.80 30818.20 31616.91 32396.58 33112.29 33722.92 34152.84 34402.29 34511.18 34667.05 35026.10 35251.17 35333.10 35395.82 35493.41 35773.04 36259.73 36801.64 37084.59 37124.63 37086.59 36969.74 36534.83 35957.51 36017.96
28588.36 28587.80 28575.38 28564.42 28551.46 28535.57 28501.43 28433.29 28287.63 28022.97 27620.80 27071.15 26408.82 25683.98 24936.80 24207.98 24564.82 25282.83 25950.05 26544.99 27087.20 27591.33 28087.19 28614.81 29220.52 29934.12 30698.50 31446.04 32126.19 32696.46 33102.83 33361.90 33604.81 34362.11 35081.25 35671.03 36066.40 36291.07 36362.40 36426.90 36465.69 36554.54 36818.69 36986.85 37003.91 36852.84 36682.67 36266.14 35621.50 35390.70
29553.41 29550.72 29539.95 29526.42 29511.47 29476.37 29408.23 29257.10 28977.66 28554.66 27974.22 27278.72 26523.83 25750.27 24984.74 24257.63 24512.60 25157.54 25733.71 26259.90 26753.93 27245.00 27771.37 28372.57 29065.32 29800.80 30516.21 31162.12 31697.85 32088.64 32374.09 32735.67 33650.35 34567.41 35401.13 36137.16 36757.25 37123.04 37323.86 37381.54 37365.88 37415.69 37280.72 37276.02 36835.72 36625.04 36316.28 35859.28 35289.57 35024.76
30544.84 30543.52 30529.06 30515.60 30478.99 30411.60 30254.94 29959.16 29514.77 28901.10 28170.68 27385.08 26584.93 25795.93 25035.00 24327.23 24379.81 24942.34 25453.81 25938.38 26424.73 26948.59 27542.92 28215.49 28922.87 29607.04 30220.65 30727.51 31110.29 31427.69 31869.51 32748.81 33703.43 34669.81 35618.40 36460.66 37183.54 37806.02 38106.96 38221.19 38125.26 37895.33 37712.11 37214.29 36645.68 36187.28 35815.97 35402.68 34862.52 34678.72
31568.71 31558.25 31546.96 31509.87 31444.31 31282.13 30967.95 30502.03 29852.17 29085.06 28268.21 27441.17 26628.55 25846.25 25108.12 24436.92 24164.51 24668.40 25144.04 25625.54 26145.69 26731.42 27384.20 28064.36 28718.46 29302.21 29785.55 30166.29 30516.29 31009.53 31844.88 32779.69 33737.96 34716.64 35703.25 36670.35 37466.57 38148.29 38589.00 38725.08 38603.83 38416.27 37875.85 37196.77 36378.92 35773.27 35248.53 34833.21 34397.13 34253.78
32601.26 32600.24 32566.14 32505.39 32339.73 32004.39 31517.51 30827.76 30022.21 29173.76 28319.53 27483.00 26679.12 25921.33 25226.21 24600.02 24046.66 24370.38 24846.67 25362.02 25937.86 26571.12 27224.99 27850.41 28406.98 28871.57 29254.47 29634.11 30162.36 30964.15 31874.09 32810.07 33769.47 34748.00 35736.16 36713.76 37620.32 38340.88 38746.91 38806.34 38819.14 38563.61 38026.15 37206.50 36300.00 35448.23 34818.34 34282.33 33843.79 33791.64
33645.30 33628.86 33581.96 33419.40 33064.66 32562.53 31828.05 30982.44 30102.33 29220.62 28359.87 27534.06 26756.13 26045.32 25401.89 24825.68 24303.94 24086.24 24596.99 25161.94 25775.95 26404.50 27002.83 27534.98 27984.82 28372.41 28777.53 29328.69 30105.23 30989.68 31903.80 32840.67 33800.26 34779.81 35767.77 36745.35 37646.48 38364.34 38748.70 38818.12 38750.89 38606.74 38021.15 37225.56 36289.17 35344.54 34498.74 33852.79 33318.11 33260.97
34612.17 34623.68 34492.97 34128.63 33629.59 32849.08 31966.10 31054.56 30145.04 29259.75 28411.67 27612.84 26886.65 26229.47 25643.57 25103.57 24574.53 24034.88 24403.47 24998.39 25602.68 26175.64 26686.05 27124.45 27517.96 27944.25 28510.09 29266.46 30125.92 31018.68 31933.61 32870.72 33830.63 34807.95 35783.70 36693.37 37522.34 38146.60 38412.88 38542.98 38593.37 38369.03 37886.72 37126.33 36255.00 35312.95 34380.11 33552.90 32904.88 32754.39
35461.32 35430.85 35163.02 34692.04 33880.81 32964.14 32029.22 31093.39 30183.25 29312.62 28491.91 27750.80 27079.33 26484.29 25935.86 25391.38 24821.78 24233.39 24236.53 24819.33 25368.68 25859.91 26289.50 26689.35 27132.78 27707.70 28446.89 29282.56 30154.19 31047.70 31962.57 32898.45 33850.08 34799.30 35700.31 36541.54 37194.56 37664.94 37922.03 37968.88 37966.92 37856.40 37526.69 36923.58 36132.61 35274.24 34345.54 33435.23 32623.96 32352.99
36158.13 36000.62 35621.03 34870.19 33969.54 33013.70 32063.14 31127.07 30233.70 29389.81 28634.23 27951.91 27348.29 26791.88 26234.91 25647.23 25025.85 24402.75 24048.44 24581.79 25056.15 25479.01 25885.08 26342.09 26922.11 27645.91 28459.22 29309.89 30182.38 31075.24 31987.00 32910.42 33825.90 34698.40 35503.70 36141.77 36641.31 36940.18 37073.34 37082.32 37123.08 37044.02 36876.19 36521.28 35913.20 35146.49 34301.26 33399.84 32509.89 32083.33
36397.58 36162.57 35650.22 34894.02 33991.79 33041.88 32091.43 31180.27 30302.75 29534.07 28835.84 28232.41 27667.97 27102.28 26495.70 25850.47 25202.62 24533.76 23851.79 24274.40 24692.01 25103.83 25571.37 26153.57 26863.08 27655.30 28485.32 29337.11 30208.14 31095.79 31991.18 32873.93 33711.72 34472.83 35085.13 35561.74 35854.85 36007.03 36065.10 36104.99 36121.76 36154.57 36052.75 35858.23 35504.26 34919.24 34175.54 33352.21 32472.08 31967.74
36416.89 36165.93 35673.27 34912.65 34017.61 33069.51 32134.10 31230.51 30435.55 29719.34 29109.93 28552.47 27982.37 27363.78 26692.03 26031.79 25338.36 24618.27 23897.51 23927.40 24344.47 24819.94 25402.08 26098.01 26870.23 27679.99 28511.37 29360.76 30224.36 31091.93 31942.66 32745.39 33464.92 34047.26 34491.35 34770.54 34922.16 34993.04 35041.56 35065.74 35106.09 35131.23 35150.48 35056.87 34862.64 34515.16 33950.89 33231.45 32425.15 31925.00
36224.14 36053.97 35531.65 34918.43 34034.94 33100.31 32163.74 31339.83 30566.42 29953.34 29386.94 28839.58 28223.98 27545.72 26880.56 26168.17 25423.80 24665.01 23927.01 23602.28 24087.17 24667.55 25350.34 26103.50 26893.43 27704.66 28532.57 29372.23 30212.28 31031.56 31799.68 32481.10 33032.90 33446.82 33710.48 33857.09 33931.05 33978.58 34015.72 34054.68 34089.35 34124.20 34156.93 34175.83 34088.64 33901.56 33558.10 33012.76 32306.01 31877.17
35774.88 35572.90 35268.64 34630.40 33975.71 33105.93 32232.55 31388.71 30726.65 30149.84 29593.30 29002.56 28374.58 27721.58 27008.45 26246.65 25466.06 24698.04 23953.30 23365.89 23950.89 24620.73 25355.16 26125.61 26916.49 27723.09 28538.95 29351.79 30140.22 30874.57 31520.45 32042.30 32429.46 32678.11 32818.00 32891.35 32939.05 32979.35 33020.58 33061.94 33106.53 33150.10 33179.37 33223.58 33238.62 33158.59 32971.95 32626.13 32086.74 31758.78
35075.19 34903.96 34644.08 34290.47 33664.09 33038.15 32230.25 31459.87 30819.66 30248.90 29693.50 29103.29 28481.52 27824.44 27075.37 26284.31 25498.14 24727.50 23982.23 23289.76 23912.08 24628.55 25377.72 26147.43 26932.30 27724.11 28510.07 29268.28 29969.89 30582.34 31075.37 31438.39 31673.01 31807.57 31879.85 31927.07 31968.05 32010.46 32056.50 32108.33 32162.84 32209.43 32260.56 32286.27 32321.55 32330.77 32251.45 32058.00 31706.84 31533.86
34285.01 34106.41 33906.14 33641.39 33292.47 32736.54 32178.35 31504.32 30850.27 30284.03 29694.00 29154.11 28537.90 27852.77 27092.26 26307.33 25521.23 24754.55 24028.23 23361.17 23972.15 24665.62 25402.67 26163.65 26929.83 27687.19 28415.42 29085.40 29666.26 30131.89 30473.04 30695.58 30825.34 30898.19 30944.97 30985.74 31028.58 31075.16 31129.64 31189.54 31249.63 31310.28 31352.67 31389.68 31407.93 31442.27 31446.04 31360.11 31155.40 31158.66
33448.29 33282.33 33101.43 32902.02 32655.35 32342.48 31888.29 31436.44 30881.56 30281.56 29729.92 29155.47 28562.71 27866.53 27114.66 26326.46 25542.45 24794.84 24091.81 23469.34 24060.34 24719.33 25430.56 26163.57 26886.82 27583.86 28221.27 28771.76 29211.53 29532.77 29744.41 29872.07 29947.84 29999.94 30040.42 30082.74 30129.30 30179.08 30236.57 30302.78 30371.63 30428.50 30476.24 30504.61 30534.39 30552.91 30576.93 30564.80 30464.95 30607.96
32617.34 32451.34 32284.42 32112.43 31923.72 31704.27 31447.66 31103.00 30714.99 30267.24 29700.12 29123.38 28517.12 27841.36 27099.36 26333.89 25568.14 24832.47 24171.70 23653.49 24173.98 24782.27 25458.57 26122.78 26781.04 27380.92 27899.38 28313.90 28616.94 28818.80 28944.90 29025.42 29093.25 29146.89 29188.19 29231.49 29267.57 29316.93 29379.26 29446.11 29506.61 29565.34 29609.32 29643.22 29668.04 29691.28 29704.43 29718.42 29710.03 29929.71
31791.97 31633.01 31470.90 31312.21 31145.55 30975.48 30797.56 30579.10 30330.96 30012.24 29580.44 28991.57 28384.65 27755.44 27049.75 26322.46 25588.36 24890.40 24296.12 23818.89 24315.96 24839.58 25440.91 26020.54 26577.60 27054.23 27441.12 27725.21 27916.88 28041.52 28129.77 28212.21 28282.73 28357.48 28398.00 28432.68 28461.33 28502.82 28546.56 28601.80 28659.47 28713.37 28753.09 28785.73 28815.49 28839.78 28854.95 28855.26 29022.75 29191.04
30982.90 30826.60 30672.16 30515.69 30364.45 30210.32 30065.83 29913.17 29734.89 29532.30 29227.38 28772.98 28211.04 27576.03 26947.97 26267.11 25594.83 24946.65 24396.90 23945.10 24380.56 24903.39 25367.00 25826.72 26244.80 26594.79 26858.71 27039.50 27161.53 27253.86 27344.49 27429.47 27531.40 27608.67 27654.05 27678.72 27685.76 27708.10 27732.43 27776.09 27825.37 27872.48 27911.22 27945.49 27969.59 27992.95 28010.03 28144.13 28305.40 28501.03
30188.40 30037.10 29885.88 29735.97 29584.97 29441.01 29299.45 29165.61 29030.60 28880.42 28683.34 28388.15 27935.37 27381.95 26769.27 26162.33 25536.09 24949.29 24415.63 23949.59 24437.42 24862.78 25208.95 25519.90 25799.37 26025.15 26189.43 26304.82 26397.48 26490.42 26590.05 26712.01 26822.81 26895.69 26923.51 26943.91 26947.04 26920.70 26925.38 26958.73 27001.90 27041.36 27078.14 27108.01 27132.86 27167.79 27284.86 27440.04 27620.81 27794.02
29409.95 29262.19 29115.57 28969.23 28823.81 28678.12 28541.44 28404.98 28281.36 28157.38 28012.03 27820.63 27527.93 27091.64 26563.67 25986.06 25428.90 24890.90 24413.31 23958.93 24380.90 24648.45 24849.59 25045.05 25222.68 25364.41 25472.47 25562.91 25656.16 25760.92 25889.12 26019.90 26123.84 26172.56 26210.39 26225.31 26230.42 26196.80 26143.02 26153.64 26187.80 26222.87 26255.20 26286.67 26333.03 26444.05 26591.70 26761.60 26931.04 27111.20
28646.24 28502.74 28359.73 28217.70 28076.06 27935.09 27794.64 27664.68 27533.69 27413.22 27292.36 27151.66 26965.81 26681.49 26269.95 25768.38 25236.09 24743.72 24263.12 23833.71 24098.50 24239.41 24342.36 24476.75 24576.44 24666.74 24752.25 24843.11 24947.84 25073.44 25203.79 25316.74 25386.17 25455.97 25487.46 25496.84 25492.42 25477.78 25421.70 25364.07 25386.66 25419.09 25455.64 25511.41 25618.62 25761.75 25923.28 26088.91 26260.11 26430.13
27897.57 27757.79 27618.84 27480.44 27342.90 27205.81 27069.22 26933.93 26807.08 26681.05 26563.82 26446.10 26309.81 26129.75 25859.20 25474.30 25003.02 24526.21 24075.47 23641.55 23593.04 23657.96 23746.43 23810.65 23888.28 23964.69 24051.78 24154.97 24275.83 24400.31 24509.75 24591.61 24664.60 24711.52 24739.86 24752.68 24761.38 24735.08 24711.12 24652.73 24605.34 24644.02 24705.09 24810.55 24948.98 25104.67 25265.00 25430.31 25595.95 25765.23
27163.30 27027.43 26892.17 26757.67 26623.74 26490.59 26357.91 26225.68 26095.18 25971.69 25850.22 25736.26 25621.70 25490.06 25317.05 25058.51 24698.18 24257.75 23811.41 23389.08 22992.71 23013.46 23065.53 23129.94 23200.52 23282.61 23382.42 23498.19 23616.11 23719.80 23802.05 23871.68 23921.46 23955.67 23980.74 23997.56 24010.60 24011.43 23985.05 23956.11 23900.79 23917.76 24021.16 24155.82 24306.08 24461.73 24620.81 24781.78 24945.35 25109.13
26436.40 26302.20 26170.57 26039.72 25909.60 25780.06 25651.25 25522.89 25395.00 25269.07 25149.10 25031.94 24921.30 24809.93 24682.84 24516.71 24270.20 23927.49 23512.61 23090.69 22675.81 22320.19 22377.28 22445.08 22524.98 22621.40 22731.70 22843.53 22941.98 23021.33 23086.85 23136.50 23171.37 23196.10 23218.42 23238.27 23254.89 23265.59 23264.61 23240.51 23210.19 23242.48 23373.06 23518.19 23669.07 23823.14 23979.22 24137.49 24296.81 24459.85
