#Value Function.
329.77  338.94  349.15  360.23  371.69  382.78  392.99  401.93  409.43  415.91  422.45  430.33  440.11  451.69  464.62  478.55  493.26  508.62  524.45  540.70  557.08  574.01  590.90  607.70  623.96  639.97  654.92  669.10  680.97  692.28  701.65  711.29  718.33  721.67  722.76  721.33  720.84  719.20  717.49  714.60  710.06  705.66  699.04  690.83  682.67  673.43  664.76  655.99  647.96  640.37 
332.54  341.10  350.57  361.23  372.71  384.47  395.70  405.92  414.79  422.14  428.56  435.30  443.65  454.00  466.19  479.64  494.05  509.23  525.03  541.28  557.99  574.71  591.87  608.88  625.80  642.04  657.63  671.73  684.73  695.54  705.41  713.83  721.91  728.10  730.83  730.74  729.72  729.11  727.17  724.55  720.94  716.08  708.92  701.19  692.38  684.05  675.26  666.95  659.53  652.58 
335.51  343.81  352.53  362.43  373.55  385.42  397.46  408.78  419.01  427.77  434.96  441.31  448.29  457.15  468.14  480.95  494.90  509.79  525.43  541.68  558.38  575.25  592.40  609.74  626.84  643.36  659.15  673.76  686.22  697.84  707.66  715.66  723.60  731.15  736.66  738.22  738.26  736.91  736.16  733.41  730.70  725.11  718.86  710.74  703.10  694.27  685.91  678.50  671.79  665.77 
338.21  346.94  355.21  364.26  374.62  386.22  398.46  410.78  422.14  432.33  440.96  447.94  454.28  461.52  471.00  482.61  496.05  510.48  525.90  542.07  558.77  575.66  592.96  610.28  627.54  644.24  660.07  674.66  687.80  699.34  709.15  717.37  724.17  732.08  739.76  744.90  745.59  745.48  744.09  742.57  738.80  734.37  727.68  721.33  712.94  705.07  697.68  690.95  685.19  680.28 
340.31  349.85  358.49  366.86  376.30  387.15  399.25  411.84  424.39  435.75  445.88  454.30  461.05  467.34  474.98  485.09  497.36  511.44  526.40  542.44  559.09  576.03  593.35  610.87  628.08  645.00  661.01  675.61  688.70  700.07  709.82  718.29  725.60  732.44  740.83  749.10  753.08  752.95  752.85  750.66  748.40  743.23  737.94  730.75  723.66  716.79  710.32  704.58  699.77  695.32 
341.99  352.11  361.64  370.26  378.78  388.68  400.05  412.64  425.53  438.29  449.53  459.62  467.67  474.12  480.51  488.50  499.40  512.46  527.16  542.71  559.36  576.27  593.50  611.01  628.22  645.12  661.14  675.70  688.82  700.12  709.92  718.58  726.71  734.00  741.42  751.62  758.86  761.61  760.18  759.68  756.24  753.07  747.39  741.63  735.56  729.63  724.17  719.48  715.12  711.19 
343.16  353.96  364.05  373.69  382.28  390.94  401.41  413.25  426.36  439.45  452.45  463.36  473.38  481.01  487.14  493.46  502.05  514.08  527.73  543.25  559.49  576.48  593.68  611.16  628.37  645.24  661.23  675.81  688.87  700.22  709.94  718.71  727.04  735.33  743.63  752.86  762.55  768.05  769.67  767.40  766.30  762.41  758.29  753.58  748.47  743.55  739.23  735.13  731.39  727.41 
343.62  355.33  366.06  376.22  385.88  394.20  403.15  414.23  426.74  440.34  453.51  466.68  476.98  486.94  493.78  499.27  505.95  515.82  528.71  543.56  559.82  576.47  593.60  610.80  627.98  644.56  660.32  674.84  687.95  699.48  709.56  718.70  727.21  735.70  744.70  753.55  763.12  772.07  776.86  777.75  775.51  773.34  770.30  766.57  762.46  758.79  755.04  751.65  747.91  743.53 
343.95  355.82  367.65  378.27  387.99  397.24  405.49  415.46  427.41  440.44  454.48  467.61  480.72  489.56  499.24  504.18  509.94  518.34  529.69  543.89  559.95  576.39  593.25  610.42  627.32  643.67  659.37  673.18  686.21  698.08  708.78  717.84  727.15  735.93  744.56  753.89  762.84  772.82  781.80  786.07  787.33  786.00  783.83  780.85  777.82  774.88  771.68  768.41  764.72  758.42 
344.45  356.09  368.10  379.61  389.62  398.57  407.02  416.47  427.64  441.05  454.40  468.70  481.21  493.38  500.22  507.19  511.72  519.92  530.31  544.39  559.79  576.18  592.98  609.59  626.23  642.27  656.99  671.48  683.82  696.30  706.16  717.02  726.35  735.28  744.38  753.11  762.99  772.41  783.20  792.39  797.14  799.25  797.63  795.81  793.52  791.36  788.22  785.42  779.95  771.10 
346.15  356.23  368.40  380.09  390.25  398.46  407.25  416.33  428.04  440.77  455.01  468.16  482.14  492.37  501.68  506.36  513.18  519.83  530.62  544.24  559.59  575.92  592.17  608.27  624.36  639.44  654.56  668.13  681.32  692.73  704.34  714.46  724.19  733.83  742.35  752.13  761.47  771.22  783.34  795.39  805.06  810.39  812.54  811.16  809.77  807.64  805.00  800.45  793.29  779.67 
352.25  356.57  368.23  379.68  388.71  398.22  406.22  416.70  427.76  441.36  454.48  469.07  481.15  491.90  499.95  506.61  511.50  518.46  529.64  543.66  559.34  575.13  590.63  606.44  621.34  636.82  650.79  664.16  676.82  689.16  699.80  710.31  720.73  730.06  739.60  748.86  758.52  769.62  781.58  796.92  810.16  819.35  825.13  826.47  824.66  823.67  820.21  814.19  801.30  787.31 
361.82  361.42  367.47  377.28  387.44  395.29  405.54  414.87  427.90  440.61  455.11  467.53  478.59  488.55  496.71  501.48  506.61  516.23  528.50  543.41  558.39  573.24  588.75  603.43  618.49  632.60  646.15  659.26  671.81  683.71  694.99  705.92  715.02  725.35  734.37  743.95  754.91  766.00  780.94  796.47  812.35  825.48  834.01  838.83  838.67  837.18  833.32  821.14  809.04  790.83 
371.81  371.18  370.59  375.04  383.06  393.10  402.23  414.64  426.77  441.05  453.44  464.65  474.74  483.28  488.76  493.77  503.15  514.29  527.89  542.23  556.41  571.33  585.77  600.40  614.37  627.82  640.86  653.61  665.99  677.49  688.92  698.56  708.63  718.46  727.94  738.79  749.89  764.03  780.05  796.09  813.09  828.12  840.71  845.66  847.88  847.93  838.92  828.67  812.11  792.85 
382.03  381.38  380.59  379.85  380.38  389.27  401.41  413.17  427.17  439.35  450.49  460.47  468.97  474.58  479.84  488.99  499.86  512.74  526.47  540.00  554.41  568.33  582.49  596.38  609.46  622.40  635.09  647.42  659.15  670.55  680.47  690.80  701.15  710.53  721.26  732.24  746.32  761.64  778.16  795.54  812.51  829.29  843.09  850.90  852.47  850.53  843.74  830.63  813.51  793.77 
392.47  391.81  391.00  390.20  389.41  389.67  399.84  413.52  425.41  436.38  446.21  454.70  460.31  465.44  474.54  485.14  497.71  510.93  523.98  537.91  551.31  565.09  578.65  591.54  604.38  616.76  629.04  640.33  651.62  661.55  675.11  687.62  696.49  703.14  714.00  727.87  743.10  759.03  776.73  794.21  812.25  829.13  842.75  851.22  851.84  852.22  845.74  832.11  814.46  794.57 
403.14  402.47  401.64  400.82  400.00  399.19  400.19  411.77  422.51  432.10  440.48  446.06  451.13  460.14  470.48  482.73  495.64  508.23  521.75  534.72  548.13  561.36  574.30  587.46  599.50  611.73  622.74  633.38  645.02  663.03  680.00  692.99  705.34  712.89  718.61  725.81  740.46  757.14  774.80  793.32  811.58  828.54  842.81  847.23  850.72  847.39  842.90  830.55  813.80  794.31 
414.05  413.36  412.51  411.68  410.83  410.00  409.16  408.97  418.30  426.51  431.95  436.97  445.79  455.97  467.93  480.51  492.80  505.88  518.50  531.57  545.52  562.02  575.62  586.66  597.15  607.89  617.00  628.51  645.48  664.19  682.33  699.34  710.95  722.64  728.09  733.85  740.65  756.15  773.10  791.81  809.55  826.31  832.65  838.66  838.82  840.46  832.58  824.79  810.52  793.18 
425.19  424.49  423.63  422.77  421.91  421.05  420.20  419.34  418.49  418.21  423.06  431.69  441.62  453.35  465.62  477.61  490.37  502.61  515.36  529.04  545.75  562.66  579.13  591.70  601.57  609.31  617.87  630.41  646.08  664.48  683.78  702.04  718.27  727.46  735.46  740.23  746.22  756.07  771.74  789.00  806.53  813.57  822.01  822.17  825.79  823.84  821.74  813.72  803.35  788.86 
436.58  435.87  434.98  434.11  433.22  432.35  431.47  430.61  429.72  428.82  427.79  427.61  439.03  451.03  462.72  475.17  487.11  499.52  512.85  529.16  545.86  562.79  579.21  593.51  603.81  611.66  619.57  630.65  646.04  664.58  684.20  703.77  720.25  731.94  737.54  743.21  747.70  757.23  769.73  785.47  792.53  801.94  803.22  807.94  806.04  806.29  803.74  799.86  791.84  780.36 
448.22  447.49  446.59  445.69  444.80  443.89  443.01  442.10  441.19  440.14  438.78  436.59  436.74  448.17  460.31  471.96  484.06  497.04  512.94  529.22  545.98  562.88  579.37  593.56  603.93  611.64  619.74  630.61  646.14  664.67  684.44  703.54  720.58  731.44  738.03  742.41  748.43  754.72  765.89  771.53  780.60  782.44  787.76  786.91  787.15  785.90  784.87  781.73  776.78  768.57 
460.11  459.37  458.44  457.54  456.61  455.71  454.78  453.86  452.82  451.50  449.40  446.00  440.61  445.79  457.14  468.95  481.61  497.12  513.00  529.35  546.07  563.03  579.42  591.61  601.20  609.10  617.64  630.71  646.23  664.77  683.55  702.02  717.08  729.55  736.19  739.69  742.96  748.20  752.00  759.31  761.12  766.88  767.01  769.04  767.88  767.67  765.13  762.71  759.28  753.30 
472.28  471.50  470.58  469.62  468.71  467.75  466.83  465.78  464.52  462.49  459.22  453.90  446.57  442.70  454.21  466.56  481.69  497.18  513.13  529.43  546.06  562.44  574.97  586.87  596.65  604.98  615.66  628.25  645.69  663.74  682.07  697.42  712.60  721.70  728.15  728.31  733.42  732.85  738.79  739.97  745.97  746.77  751.96  753.91  753.93  753.15  749.86  745.64  741.02  736.23 
484.69  483.93  482.94  482.02  481.02  480.10  479.04  477.84  475.88  472.76  467.50  460.22  450.60  439.86  451.88  466.63  481.75  497.30  513.20  529.42  545.40  557.86  569.71  579.89  589.05  599.46  610.71  627.08  644.45  662.09  677.19  692.39  701.93  709.40  711.40  714.59  714.08  718.82  719.19  725.35  726.91  735.05  739.48  745.90  745.46  745.29  741.39  733.00  725.37  719.06 
497.42  496.58  495.64  494.61  493.69  492.61  491.46  489.57  486.61  481.41  474.20  464.58  452.50  439.72  451.95  466.69  481.86  497.37  513.19  528.77  540.93  552.49  562.50  571.59  581.99  592.96  608.69  625.47  642.60  657.33  672.15  681.59  689.01  691.99  706.67  716.82  723.18  725.26  725.63  725.94  726.93  732.89  739.41  743.21  744.25  741.35  736.93  727.08  714.79  704.65 
510.34  509.59  508.52  507.60  506.49  505.40  503.55  500.78  495.65  488.50  478.93  466.59  453.50  440.33  452.01  466.81  481.94  497.37  512.56  524.42  535.69  545.46  554.33  564.47  575.25  590.59  606.88  623.58  637.95  652.41  661.62  668.86  676.82  695.10  711.53  725.47  735.45  740.92  742.24  742.51  742.17  742.83  747.08  748.55  747.32  739.80  733.48  722.63  708.51  694.59 
523.69  522.75  521.84  520.68  519.67  517.85  515.28  510.21  503.13  493.64  481.05  467.64  454.11  440.88  452.12  466.88  481.93  496.75  508.31  519.31  528.83  537.49  547.39  557.90  572.86  588.75  605.04  619.05  633.16  642.14  649.20  657.68  677.25  697.03  715.38  731.45  745.21  753.80  757.97  758.61  757.27  757.42  753.59  752.70  742.57  738.48  729.09  716.72  702.65  687.81 
537.16  536.42  535.20  534.27  532.45  530.12  525.11  518.09  508.73  495.87  482.14  468.27  454.65  441.65  452.19  466.87  481.32  492.61  503.33  512.62  521.06  530.72  540.97  555.57  571.07  586.95  600.62  614.38  623.14  630.03  638.59  657.83  677.59  697.62  717.79  735.85  751.12  764.09  770.59  772.48  770.03  764.98  761.06  749.19  739.14  729.40  721.03  709.92  696.19  681.77 
551.24  550.02  549.19  547.36  545.31  540.36  533.38  524.22  511.08  497.03  482.79  468.80  455.39  442.89  452.18  466.28  477.28  487.75  496.81  505.04  514.46  524.47  538.70  553.81  569.31  582.64  596.06  604.60  611.33  619.94  638.71  658.01  677.73  697.97  718.29  738.56  755.24  769.33  778.08  780.94  778.14  774.46  762.63  748.40  732.35  720.79  709.75  700.02  688.79  675.26 
564.88  564.32  562.52  560.82  555.96  549.00  540.11  526.68  512.30  497.70  483.31  469.50  456.57  444.90  451.60  462.34  472.54  481.38  489.42  498.60  508.36  522.25  536.99  552.10  565.11  578.19  586.53  593.09  601.75  620.06  638.88  658.12  677.94  698.06  718.53  738.60  757.45  772.20  780.76  781.98  782.27  776.45  765.34  748.12  729.91  713.32  700.76  689.43  679.11  667.74 
579.12  577.57  576.41  571.76  564.88  556.41  542.67  527.96  512.99  498.20  483.98  470.62  458.51  448.03  447.76  457.72  466.34  474.17  483.13  492.66  506.20  520.57  535.31  548.00  560.76  568.89  575.30  584.02  601.86  620.23  638.99  658.32  678.03  698.30  718.57  738.90  757.40  772.53  780.47  782.37  780.74  777.31  765.04  748.43  729.08  710.20  693.74  680.59  669.23  658.56 
590.95  591.16  587.23  580.63  572.97  559.00  544.03  528.68  513.49  498.84  485.05  472.47  461.62  452.18  444.21  451.66  459.31  468.05  477.33  490.54  504.57  518.94  531.32  543.76  551.70  557.95  566.71  584.12  602.03  620.33  639.19  658.41  678.26  698.34  718.86  737.68  755.34  768.57  774.11  776.30  777.04  772.40  761.81  746.03  727.92  708.71  690.25  674.14  660.92  649.31 
601.97  599.97  595.64  589.24  575.50  560.33  544.75  529.17  514.09  499.86  486.80  475.57  465.74  457.60  449.62  444.81  453.33  462.39  475.27  488.95  502.97  515.04  527.18  534.92  541.02  549.83  566.81  584.28  602.13  620.52  639.27  658.64  678.26  698.45  717.19  735.67  749.74  759.26  764.50  765.24  764.02  761.01  753.92  741.07  724.85  707.18  688.50  670.66  654.94  641.53 
608.50  606.66  602.83  591.17  576.74  560.94  545.21  529.68  515.00  501.43  489.81  479.64  471.32  463.21  454.63  444.80  447.82  460.38  473.72  487.39  499.17  511.00  518.56  524.52  533.37  549.93  566.96  584.38  602.32  620.61  639.49  658.64  678.32  696.68  715.01  728.95  739.49  745.77  748.24  747.06  746.88  744.17  739.77  731.95  719.30  703.80  686.62  668.73  651.53  635.95 
609.40  609.06  602.78  591.53  576.96  561.33  545.60  530.57  516.30  504.30  493.65  485.30  477.04  468.49  458.46  447.98  445.85  458.86  472.20  483.68  495.23  502.60  508.41  517.31  533.46  550.08  567.06  584.56  602.40  620.82  639.49  658.70  676.61  694.52  708.16  718.74  725.08  727.99  727.61  727.48  726.51  725.89  722.80  717.77  709.86  697.90  683.07  666.58  649.40  632.59 
609.63  608.91  603.02  591.56  577.28  561.71  546.22  531.45  518.77  507.58  499.05  490.91  482.48  472.39  461.64  450.99  444.38  457.38  468.58  479.84  487.03  492.71  501.65  517.40  533.60  550.17  567.24  584.64  602.61  620.82  639.55  657.02  674.49  687.80  698.16  704.38  707.35  707.17  707.31  706.40  706.00  705.27  704.23  701.30  696.29  688.49  677.09  662.94  647.10  630.32 
605.77  606.20  599.81  591.07  577.19  562.06  546.69  533.30  520.83  512.12  503.72  495.96  486.09  475.48  464.86  453.04  443.00  453.85  464.83  471.85  477.39  486.56  501.78  517.54  533.70  550.35  567.32  584.84  602.61  620.88  637.92  654.96  667.93  678.04  684.11  687.05  686.93  687.09  686.40  686.06  685.50  684.96  684.36  683.26  680.43  675.57  667.89  656.98  643.32  627.87 
597.09  596.43  593.56  584.87  574.98  561.49  547.65  533.74  523.89  515.19  507.43  498.19  488.79  478.48  466.92  453.98  440.78  450.20  457.06  462.46  472.69  486.92  502.02  517.67  533.87  550.42  567.52  584.84  602.66  619.28  635.90  648.56  658.42  664.34  667.21  667.09  667.26  666.65  666.38  665.96  665.64  665.33  664.74  664.34  663.16  660.43  655.58  647.92  637.27  623.96 
583.13  582.96  580.90  576.70  568.28  558.89  546.78  535.04  524.93  517.10  508.56  500.10  490.49  480.27  467.76  454.51  441.21  442.74  450.54  461.49  473.85  487.57  502.31  517.89  533.95  550.62  567.52  584.90  601.11  617.32  629.66  639.28  645.06  647.87  647.76  647.93  647.35  647.12  646.79  646.63  646.59  646.30  646.20  645.52  645.02  643.73  640.96  635.99  628.36  617.76 
567.65  567.05  566.01  563.63  559.39  552.32  544.34  535.04  525.80  516.96  508.77  500.76  491.53  480.48  468.01  454.79  441.55  445.31  454.41  464.10  475.66  488.52  502.81  518.08  534.19  550.63  567.57  583.38  599.19  611.23  620.61  626.27  629.04  628.97  629.13  628.57  628.36  628.05  627.96  628.05  628.02  628.22  627.85  627.51  626.82  626.22  624.83  621.88  616.79  608.99 
551.12  550.77  550.03  548.82  546.62  543.07  537.91  532.19  525.33  517.25  508.99  500.86  491.73  480.69  468.22  455.07  441.82  448.87  458.71  467.79  477.87  490.09  503.44  518.47  534.24  550.72  566.10  581.51  593.25  602.40  607.94  610.71  610.73  611.02  610.46  610.26  609.98  609.81  609.85  609.96  610.39  610.32  610.28  609.76  609.26  608.61  607.78  606.06  602.87  597.48 
534.93  534.43  533.91  533.22  532.10  530.31  527.87  524.75  520.42  515.58  508.28  499.75  490.73  479.85  467.73  454.94  442.17  451.83  462.17  471.90  481.03  491.59  504.54  518.64  534.51  549.33  564.28  575.71  584.64  590.06  592.82  592.93  593.55  593.32  593.12  592.84  592.40  592.28  592.34  592.79  592.79  593.03  592.83  592.47  591.95  591.33  590.57  589.51  587.50  583.91 
518.86  518.54  517.98  517.50  516.81  515.95  514.89  513.24  511.77  508.94  504.26  496.55  487.52  477.81  466.34  454.43  442.29  454.33  464.99  475.12  484.36  493.69  504.81  519.21  533.36  547.61  558.67  567.32  572.60  575.34  575.58  576.52  576.59  577.16  576.89  576.46  575.96  575.68  575.66  575.57  575.83  575.87  575.66  575.30  574.86  574.32  573.58  572.54  571.27  568.87 
503.33  502.96  502.50  501.96  501.52  500.98  500.54  499.92  499.07  498.24  495.60  490.34  483.10  473.65  463.82  452.89  442.16  454.81  467.02  476.71  486.22  495.62  506.16  518.53  531.68  542.14  550.48  555.59  558.27  558.56  559.70  559.98  561.20  561.70  561.57  561.08  560.15  559.75  559.06  559.05  559.02  558.99  558.77  558.47  557.95  557.37  556.69  555.82  554.63  553.02 
488.15  487.87  487.34  486.91  486.39  486.03  485.62  485.29  484.95  484.59  483.62  480.99  475.73  468.53  459.65  450.23  441.93  455.26  466.66  477.37  486.23  496.16  506.46  517.52  526.64  534.28  539.08  541.61  541.90  543.08  543.56  545.26  546.52  547.05  546.64  546.20  545.30  543.82  542.90  542.57  542.49  542.31  542.10  541.71  541.15  540.60  539.92  539.16  538.23  536.84 
473.43  473.08  472.66  472.15  471.80  471.40  471.15  470.82  470.61  470.17  469.72  468.64  465.90  460.89  454.14  446.01  442.36  454.90  467.30  476.71  486.81  495.67  504.51  511.99  518.67  523.03  525.40  525.64  526.80  527.33  529.20  530.94  532.23  532.19  532.18  531.56  530.78  529.18  527.24  526.41  526.14  525.93  525.60  525.12  524.59  524.03  523.42  522.71  521.93  520.79 
459.01  458.76  458.27  457.93  457.53  457.29  456.96  456.83  456.41  455.97  455.48  454.94  453.77  451.06  446.45  440.19  441.56  454.72  464.71  475.52  485.15  492.78  498.31  504.21  507.70  509.69  509.83  510.91  511.42  513.29  515.11  516.71  516.97  517.73  517.48  516.77  515.77  514.55  512.57  510.65  510.09  509.76  509.33  508.84  508.30  507.77  507.20  506.59  505.88  504.90 
445.05  444.72  444.39  444.01  443.77  443.45  443.32  442.91  442.48  442.00  441.55  441.08  440.48  439.25  436.68  432.51  441.07  451.58  462.74  472.94  480.38  484.97  490.10  492.75  494.50  494.45  495.42  495.90  497.72  499.52  501.14  501.61  502.56  502.62  502.29  501.61  500.88  499.49  498.05  496.12  494.42  493.87  493.40  492.89  492.37  491.85  491.31  490.75  490.15  489.27 
431.35  431.19  430.81  430.58  430.27  430.14  429.74  429.32  428.86  428.42  427.96  427.52  427.04  426.40  425.16  427.39  437.81  448.90  459.15  466.86  471.33  475.89  478.17  479.67  479.50  480.35  480.77  482.54  484.29  485.87  486.37  487.34  487.49  487.29  486.84  486.26  485.60  484.70  483.35  481.83  480.03  478.51  477.83  477.34  476.82  476.31  475.78  475.25  474.71  473.94 
418.06  417.80  417.57  417.27  417.14  416.75  416.34  415.89  415.46  415.02  414.59  414.12  413.49  412.28  413.80  424.00  434.86  444.91  452.56  457.12  461.56  463.59  464.92  464.70  465.48  465.86  467.56  469.27  470.81  471.30  472.25  472.43  472.28  471.85  471.36  470.64  469.76  468.40  466.90  465.12  463.64  462.97  462.49  461.99  461.49  460.98  460.46  459.93  459.18  454.10 
