#Value Function.
45.5251 45.7057 46.1892 46.2646 46.8927 46.7741 47.5799 47.9522 48.1419 48.5130 48.9598 48.9500 49.4719 49.6286 49.7249 49.7450 49.7576 58.9445 64.1861 65.1523 67.3314 70.2477 68.6807 70.0965 72.3971 74.2853 76.0182 77.1873 77.7055 79.8258 81.5595 82.5950 83.2718 83.7173 83.9660 84.0040 83.7406 84.2330 84.3902 84.4963 84.5334 84.8617 84.9315 84.9349 84.9171 84.9185 84.9123 84.9002 84.8679 84.7486
44.2049 46.9899 47.2788 47.2731 48.0479 47.7271 48.7855 49.0227 49.1810 49.6009 50.0616 49.9361 50.6032 50.6533 50.7458 50.7472 50.7591 62.3077 66.3420 66.3676 68.9428 71.9850 69.2457 71.4634 73.4630 75.2799 77.4195 78.4723 78.8780 81.4287 83.0278 83.9076 84.5129 84.9093 85.1145 85.1044 84.7707 85.4594 85.5122 85.6166 85.6366 86.0354 86.0331 86.0275 86.0053 86.0120 86.0033 85.9900 85.9570 85.0249
44.3166 47.2526 48.0904 48.2888 48.5701 49.1587 48.9488 49.9142 49.9962 50.1422 50.6194 51.1425 50.7815 51.7498 51.7315 51.7442 51.7574 51.7452 65.5175 67.8256 70.7925 69.4721 74.1311 75.3484 76.5470 77.6311 78.7769 79.7300 80.0224 79.8955 82.8844 84.2592 85.0633 85.6492 86.0256 86.2171 86.1980 85.6782 86.7110 86.7088 86.7613 87.0803 87.0981 87.0916 87.0881 87.0767 87.0661 87.0329 87.0045 86.0685
44.3205 47.2406 48.3533 49.2011 49.2437 49.5442 50.2877 49.7304 51.1387 51.2264 51.3639 51.5849 52.2758 52.7036 52.7293 52.7493 52.7209 52.7621 52.7211 52.7982 68.3032 72.7884 74.1300 75.2488 76.4657 77.6406 78.6973 79.9173 80.9093 81.1189 81.0745 84.4355 85.4319 86.2191 86.7846 87.1399 87.3181 87.3110 87.5865 87.8164 87.9920 88.1052 88.1362 88.1538 88.1361 88.1367 88.0944 88.0868 87.9977 87.0589
44.3746 47.3101 48.2918 49.4639 50.3293 50.3730 50.4658 51.5027 50.8901 52.3772 52.3462 52.0933 52.5849 53.3504 53.7473 53.6900 53.7668 53.6811 53.7914 53.7889 53.8535 72.3272 74.0306 75.2972 76.3551 77.6127 78.7823 79.8301 81.0960 82.1339 82.1901 84.3923 85.6374 86.6025 87.3752 87.9182 88.2512 88.4155 88.4043 88.6742 88.9011 89.0633 89.1693 89.1705 89.1835 89.1350 89.1474 89.0662 88.9237 87.9667
44.3516 47.2702 48.4007 49.3660 50.5806 51.4601 51.5053 51.6004 52.7420 53.2663 53.3725 53.3357 52.9502 53.6086 54.4398 54.7901 54.6257 54.8004 54.7586 54.8416 54.8584 69.9226 73.9683 75.1918 76.4838 77.6522 78.7425 79.9453 81.0186 82.2915 83.3927 83.4559 85.7680 86.8054 87.7760 88.5305 89.0496 89.3551 89.5029 89.4993 89.7462 89.9615 90.1058 90.1927 90.1583 90.1814 90.1092 89.9973 89.6861 88.7210
44.4039 47.3360 48.3719 49.5140 50.4919 51.6938 52.5946 52.6422 52.6599 53.8937 54.3052 54.3587 54.3408 53.7548 54.6744 55.5399 55.8321 55.7179 55.8404 55.8364 55.8839 55.9713 73.8916 75.1743 76.5205 77.6384 78.8276 80.0232 81.1351 82.2129 83.4883 84.6690 85.8138 86.9471 87.9709 88.9539 89.6790 90.1756 90.4434 90.5508 90.5518 90.7511 90.9707 91.0783 91.1251 91.0790 91.0255 90.7322 90.2326 89.2698
44.4167 47.3414 48.4685 49.4949 50.6312 51.6190 52.8014 53.7349 53.1711 53.9564 55.0254 55.3291 55.3343 55.3752 54.8164 55.7372 56.6550 56.8519 56.8133 56.8614 56.9565 57.0387 57.1355 75.1764 76.3524 77.7042 78.8899 80.0233 81.2010 82.3509 83.5329 84.6508 85.8503 86.9847 88.1301 89.1311 90.1346 90.8103 91.2433 91.4720 91.4656 91.4228 91.6549 91.8430 91.8619 91.9334 91.6849 91.2390 90.6712 89.6880
44.4685 47.4110 48.4833 49.5875 50.6180 51.7425 52.7340 53.9036 54.9527 55.7297 55.7674 56.0162 56.3659 56.3782 56.4284 55.7006 56.8344 57.7848 57.8384 57.9457 58.0207 58.1237 58.1990 58.2812 76.3962 77.7572 78.9019 80.0539 81.1155 82.3956 83.5095 84.5612 85.8426 87.0311 88.1519 89.3192 90.2700 91.2778 91.8275 92.1265 92.1683 92.1208 92.2153 92.4286 92.5330 92.3863 92.1181 91.6353 90.8191 89.8580
44.4102 47.4307 48.5408 49.6044 50.7010 51.7327 52.8528 53.8408 54.9918 56.0486 56.8459 56.8856 56.9731 57.4199 57.4258 57.4779 56.8192 57.9231 58.9400 59.0010 59.1160 59.1824 59.2727 59.3127 76.4457 77.7483 78.9172 80.0206 81.2466 82.3767 83.4653 84.6822 85.7585 87.0345 88.2108 89.3095 90.4881 91.2840 92.1150 92.3869 92.4554 92.4520 92.6363 92.7717 92.7794 92.6894 92.3618 91.6773 90.9318 89.9562
43.5227 46.3017 48.5740 49.6685 50.8092 52.3585 53.3624 53.9368 54.8931 56.0873 57.1423 57.9669 58.0091 58.1000 58.4583 58.5507 58.4996 57.9501 58.9948 60.1132 60.1637 60.2656 60.3144 60.2476 73.8978 77.6282 78.9101 80.1061 81.2468 82.3600 83.5586 84.7631 85.8966 87.0749 88.1997 89.3839 90.4097 91.4887 92.1369 92.3449 92.5085 92.5371 92.4751 92.7767 92.7657 92.7548 92.4702 91.8231 90.9370 89.9674
43.7847 46.6321 47.1634 49.2992 51.1384 52.4096 53.4262 54.4755 54.5408 56.0482 57.1694 58.2356 59.0939 59.1391 59.2344 59.4652 59.5426 59.4819 59.1298 60.2871 61.2608 61.3104 61.2978 60.8041 61.2985 77.6040 78.8169 80.1163 81.2457 82.4292 83.5933 84.7782 85.9388 87.0827 88.2532 89.3485 90.4695 91.0764 91.9668 92.3081 92.4128 92.2794 92.4933 92.5558 92.6704 92.5494 92.3338 91.5910 90.7007 89.7189
44.5263 47.4626 47.5774 48.0216 50.5722 52.3151 53.5086 54.4816 55.6590 56.4040 57.1264 58.2512 59.3276 60.2285 60.2771 60.3771 60.4432 60.5387 60.6188 61.9056 61.4449 62.4062 61.5927 62.3504 62.4487 62.5010 78.7996 79.9757 81.3009 82.4693 83.6359 84.7571 85.9590 87.1122 88.2063 89.2388 89.8420 90.9666 91.5045 91.8106 91.8107 91.9080 91.9075 92.0673 92.1281 92.1991 91.9682 91.4854 90.6685 89.6603
45.1559 48.1564 48.4856 48.5148 48.8151 51.9640 53.4520 54.6040 55.6109 56.7782 57.4305 58.3213 59.3063 60.4231 61.3714 61.4238 61.5292 61.6017 61.7075 61.8225 63.1685 63.4109 63.4638 63.4468 63.4727 63.6204 63.9539 80.0063 81.3133 82.5038 83.6413 84.8152 85.9153 86.7348 86.2264 88.7747 89.7703 90.4319 90.8241 90.8996 91.0124 91.0167 91.1992 91.1840 91.2913 91.3633 91.3109 91.0222 90.4601 89.3786
45.3377 48.3138 49.2762 49.4964 49.4519 49.5088 53.5420 54.6092 55.7672 56.9772 57.8521 58.4273 59.3786 60.3564 61.5235 62.5235 62.5821 62.6964 62.7905 63.0311 63.4354 64.2734 64.4029 64.4465 64.5554 65.0550 64.6799 77.2328 81.2224 82.5099 83.6631 84.7061 85.4305 85.5132 87.4349 88.5685 89.2354 89.6378 89.7920 89.9033 89.9800 90.1287 90.1789 90.2345 90.2490 90.3317 90.3422 90.2386 89.9325 88.7714
45.4184 48.3976 49.3788 50.4205 50.4854 50.6061 53.2063 54.6547 55.8559 56.9988 58.0659 58.9314 59.3987 60.4823 61.5120 62.6057 63.6907 63.7586 63.9757 64.5043 64.3968 65.0529 65.2754 65.3936 65.4132 65.4992 66.1948 65.6671 80.6756 82.4809 83.4905 84.1546 84.3118 86.1930 87.3442 88.0220 88.4215 88.6012 88.7060 88.6769 88.9794 89.0578 89.1254 89.1336 89.1751 89.2032 89.2396 89.2227 89.0964 87.8977
45.4130 48.3795 49.4834 50.4300 51.6033 51.6583 52.9687 54.2889 55.7940 56.9333 58.0856 59.1562 60.0203 60.3286 60.3241 62.6486 63.6661 64.8809 65.6422 65.2173 66.1822 65.9505 66.1959 66.2468 66.3914 66.3754 66.4167 67.4029 79.2080 82.1065 82.7403 83.0265 84.9571 86.1180 86.8055 87.2039 87.4007 87.5030 87.5406 87.7751 87.8859 87.9613 87.9923 88.0155 88.0322 88.0654 88.0780 88.0999 88.0683 86.8045
45.4447 48.4186 49.4385 50.5791 51.7262 52.7617 53.5760 53.8753 55.4047 56.9457 57.9929 59.1780 60.2462 61.1269 61.3415 61.6115 63.8050 64.7669 66.0130 66.7988 66.8340 67.2537 67.0474 67.2659 67.1931 67.4048 67.3310 67.2924 67.2978 67.2777 67.2865 83.5561 84.7853 85.4855 85.8820 86.0870 86.1961 86.2714 86.4641 86.5895 86.6708 86.7132 86.7498 86.8334 86.8704 86.8933 86.9084 86.9206 86.9291 84.5389
45.4496 48.4130 49.5532 50.6703 51.6507 52.8188 53.8493 54.6729 54.7153 56.5787 58.1026 59.0897 60.2698 61.3339 62.2484 62.2988 62.4015 64.6583 65.8817 67.1464 67.9088 67.9418 68.3142 68.1378 68.3254 68.3667 68.3879 68.2888 68.2587 68.2654 68.3154 74.7493 75.9469 75.9858 76.0595 76.1486 76.1385 76.4962 76.7035 76.7914 76.7681 76.7901 76.7642 76.8278 76.8893 76.9725 77.0613 77.1332 77.1422 76.2863
45.5284 48.5053 49.6277 50.6508 51.7754 52.8288 53.8927 54.9390 55.8005 55.8462 57.7643 59.2159 60.2988 61.3356 62.4227 63.3957 63.4513 65.2822 65.5721 67.0011 68.2855 69.0119 69.0434 69.3608 69.2221 69.3665 69.3281 69.3762 69.2382 69.3278 69.2068 70.0341 76.8694 76.9265 76.9572 77.0389 77.1408 77.0641 77.5366 77.6931 77.7779 77.7190 77.7928 77.8481 77.9323 78.0334 78.1173 78.1321 78.0550 77.1826
45.5785 48.5695 49.6390 50.7404 51.8038 52.8639 53.9130 54.9624 56.0289 56.9361 56.9858 58.9684 60.3029 61.3811 62.3951 63.5116 64.5556 65.5615 66.3788 66.4214 68.1787 69.4188 70.1057 70.1405 70.3840 70.2845 70.3870 70.3589 70.3568 70.1650 70.2116 76.3862 77.7157 77.8646 77.9039 77.9269 78.0195 78.1437 77.9597 78.6159 78.6666 78.7656 78.8066 78.8925 78.9987 79.0900 79.1181 79.0452 78.8746 77.9568
45.4935 48.5825 49.6903 50.7506 51.8273 52.8808 53.9378 54.9959 56.0269 57.1194 58.0814 58.1359 60.1979 61.3725 62.4762 63.5305 64.5819 65.6286 66.6466 67.5053 67.5552 69.3660 70.5366 71.1808 71.2052 71.3748 71.3233 71.3460 71.2734 71.2213 71.1082 71.8355 78.4540 78.7249 78.8585 78.8784 78.8923 78.9990 79.1618 78.8039 79.7499 79.7620 79.8254 79.9387 80.0379 80.0702 80.0087 79.9078 79.3544 78.3752
44.3638 47.2107 47.2899 50.0419 51.2565 52.9023 53.9599 55.0076 56.0774 57.0847 58.2110 59.2384 59.3001 61.4601 62.5083 63.5552 64.6048 65.6510 66.7010 67.7286 68.6385 68.7087 70.5583 71.6063 72.2035 72.2299 72.3090 72.2386 72.2083 72.0966 71.9394 78.4813 79.0764 79.4756 79.7330 79.8494 79.8463 79.8535 79.9752 80.2049 80.5077 80.7351 80.8114 80.9145 80.9869 81.0289 80.9148 80.3812 79.3510 78.3909
44.1034 47.0573 48.4281 50.0069 51.1052 52.2974 53.9742 55.0370 56.0748 57.1723 58.2189 59.2857 60.4130 61.4817 62.5294 63.5779 64.6248 65.6746 66.7190 67.7723 68.8027 69.7697 69.8801 71.7143 72.5539 73.1608 73.1520 73.1663 73.0722 72.9324 72.6842 78.7675 79.5412 80.1164 80.4924 80.7370 80.8379 80.8063 80.8062 80.9383 81.1647 81.4634 81.6581 81.7244 81.8181 81.7795 81.3330 80.2447 79.4513 78.4944
43.5091 46.1969 48.7316 49.3740 51.2181 52.1405 53.3360 55.0481 56.1311 57.1893 58.2659 59.3589 60.3344 61.5026 62.5511 63.5986 64.6474 65.6937 66.7442 67.7837 68.8369 69.8507 70.8602 71.8015 72.5842 73.4063 74.0341 73.9940 73.9275 73.5668 73.9250 78.9229 79.8346 80.5999 81.1534 81.5001 81.7360 81.8155 81.7490 81.7402 81.8657 82.0589 82.2752 82.3946 82.3972 81.9989 81.4315 80.5952 79.4824 78.5738
44.7754 47.8281 48.7867 49.8391 50.2535 52.2763 53.2877 54.3461 55.4060 57.2312 58.3077 59.3238 60.4604 61.5224 62.5722 63.6206 64.6677 65.7171 66.7616 67.8122 68.8419 69.8861 70.8501 71.7957 72.6422 73.3377 74.2103 74.9266 74.3845 74.9456 75.0167 78.9471 79.9949 80.8928 81.6488 82.1779 82.4862 82.7154 82.7613 82.6542 82.6236 82.7369 82.8277 82.9028 82.5076 81.9535 81.4449 80.7051 79.7455 78.8072
44.8859 47.7747 48.9243 49.8293 50.9868 51.0525 53.2733 54.3639 55.4149 56.3905 57.1897 59.3814 60.2973 61.5369 62.5922 63.6362 64.6826 65.7126 66.6594 67.1518 68.8674 69.8830 70.8884 71.7742 72.5463 73.3696 74.1256 75.0763 75.9933 76.0063 75.9605 78.7577 80.0499 81.0619 81.9448 82.6878 83.1857 83.4301 83.6469 83.6628 83.4470 83.4995 83.4504 82.9685 82.4159 81.9535 81.3403 80.6410 79.8001 78.8245
45.5186 48.5455 49.3133 49.9268 50.9891 52.1712 53.2907 54.3387 55.4434 56.4908 57.4701 58.0717 59.7098 61.4823 62.2309 63.3454 64.5186 64.7757 65.8473 66.9674 68.1834 69.8445 70.6351 70.7604 70.9058 73.2302 74.0184 74.1693 76.2095 77.0573 76.1855 77.2742 80.1175 81.0903 82.1183 82.9724 83.6879 84.1380 84.2844 84.4421 84.3055 84.1199 83.7675 82.8916 82.5271 81.7693 81.1552 80.4780 79.7057 78.7051
45.5942 48.5084 49.6594 50.3576 50.9013 52.0739 53.2574 54.3707 55.3983 56.5278 57.5643 58.5733 58.9662 60.8699 62.1026 63.3265 63.6917 64.6777 65.8685 66.9073 68.0304 69.2067 68.1275 69.3158 72.0198 72.9818 73.4707 75.0843 76.1170 77.2679 78.2701 79.2334 80.1782 81.1548 82.1041 83.1476 83.9311 84.6088 84.8251 84.7525 84.7535 84.4026 83.9492 83.3224 82.2393 81.6553 80.9022 80.2218 79.5147 78.4882
46.2314 49.2735 49.9493 50.7058 51.4053 51.8393 53.1497 54.3400 55.4493 56.4500 57.6198 58.6304 59.7084 59.7766 62.1696 62.7428 63.6723 64.7771 65.7133 66.9775 67.9539 68.0154 67.9953 67.4108 71.8867 72.6386 74.0247 75.1386 76.2414 77.2027 78.3298 79.3051 80.2587 81.1911 82.1618 83.0657 84.0901 84.7425 85.1530 84.8680 84.6300 84.5501 84.0871 83.3396 82.4612 81.4472 80.7364 79.9728 79.1499 78.2023
46.4272 49.4578 50.3435 50.9589 51.7490 52.4474 52.7230 54.2158 55.4220 56.5264 57.5415 58.7141 59.6823 60.8989 61.7504 62.6247 63.6942 64.7254 65.8756 66.7259 66.7837 66.8658 66.9294 66.8663 71.6740 72.9893 74.1397 75.2347 76.2381 77.3192 78.2718 79.3777 80.3156 81.2678 82.1726 83.1355 83.9327 84.8276 85.0249 85.1064 84.6573 84.5678 84.0782 83.2449 82.3330 81.5381 80.7982 80.0952 79.3933 78.4421
46.3894 49.3699 50.5568 51.3946 51.9232 52.7567 53.4724 53.5115 55.3901 56.4733 57.6077 58.6358 59.8140 60.7077 61.5581 62.5890 63.7044 64.7680 65.5126 65.5574 65.6359 65.7063 65.7839 65.8378 71.8999 73.1305 74.2325 75.2626 76.3311 77.3346 78.4197 79.4490 80.3697 81.3019 82.2380 83.0991 84.0238 84.5587 84.8356 84.9466 84.9656 84.4775 83.9781 83.1666 82.4156 81.7188 81.0382 80.3583 79.6326 78.6816
46.5127 49.5113 50.5051 51.5998 52.3763 52.7621 53.7100 54.5020 55.2190 56.4581 57.5173 58.6960 59.3914 58.9773 61.4694 62.6542 63.6409 64.2332 63.8905 64.3235 64.4553 64.5493 64.6260 64.7060 72.0345 73.2311 74.2826 75.3510 76.3861 77.4645 78.5086 79.4542 80.4297 81.3288 82.2420 83.1368 83.7524 84.2075 84.4605 84.4835 84.4750 84.3060 83.8126 83.2261 82.5634 81.9371 81.3042 80.6048 79.8334 78.8730
46.5644 49.5454 50.6887 51.6392 52.5384 53.1818 53.8963 54.5455 55.4464 56.1157 57.5674 58.1325 57.8081 60.2784 61.5797 62.5033 62.9924 62.7219 63.0244 62.9070 63.1932 63.3539 63.4654 63.5502 72.2052 73.3001 74.3756 75.4350 76.5237 77.5709 78.5471 79.5280 80.4537 81.3782 82.2390 82.8786 83.3454 83.6348 83.7400 83.7095 83.6001 83.6644 83.6011 83.2397 82.6158 82.1677 81.5265 80.8004 79.9094 78.9467
46.7339 49.7289 50.8223 51.8260 52.5841 53.2579 53.8210 54.6424 55.3076 56.4374 57.0052 57.1746 59.1080 60.4787 61.3601 61.7781 61.5563 61.8078 61.7135 61.8838 61.8784 62.0880 62.2588 70.1834 72.3063 73.3977 74.4807 75.5726 76.6391 77.6462 78.6861 79.5249 80.5053 81.3216 81.7716 81.1136 82.0635 82.8929 82.9049 82.9176 82.8280 82.8498 82.9816 83.0438 82.7664 82.2051 81.6894 80.8376 79.9158 78.9897
46.7929 49.8153 50.8260 51.8231 52.6131 53.2425 53.9466 54.4370 55.3225 55.3417 55.4368 58.0179 59.3634 60.2195 60.6204 60.6146 60.6574 60.5454 60.6802 60.6647 60.7804 60.8252 61.0005 71.1736 72.4187 73.5147 74.6259 75.7011 76.7434 77.7955 78.6383 79.6304 80.3955 80.7385 80.2054 81.0497 81.9571 82.0730 82.0818 82.0244 82.0592 82.2371 82.4394 82.5547 82.5882 82.2861 81.6127 80.7818 79.9544 79.0439
46.6763 49.6827 50.7318 51.7699 52.5391 53.1558 53.4582 54.3237 54.4261 54.8257 56.8556 58.2491 59.0723 59.4664 59.5282 59.5559 59.5460 59.5602 59.5029 59.5847 59.6049 59.6974 69.1610 71.8248 72.5876 73.9108 74.9127 75.8539 76.8682 77.7456 78.7418 79.4610 79.7460 79.2948 80.1496 81.0486 81.2408 81.2042 81.2585 81.2946 81.4677 81.6823 81.9015 81.9715 81.8556 81.9941 81.5747 80.8490 79.9679 79.0367
46.5095 49.5074 50.7295 51.4350 51.2984 52.3845 53.3158 53.3684 54.0805 55.7555 56.9801 57.0882 57.2469 58.4180 58.4582 58.4566 58.4659 58.4697 58.4736 58.4501 58.5027 69.7264 70.8071 71.8253 72.8959 73.8927 74.9237 75.8977 76.8091 77.8267 78.5177 78.7412 78.3643 79.2312 80.1233 80.1955 80.2944 80.5032 80.5896 80.7527 80.9642 81.1657 81.2909 81.2577 81.3072 81.2380 81.2073 80.7519 79.6895 78.8716
46.3969 49.4719 49.6171 49.9552 51.0958 52.1883 52.2439 52.2928 54.6720 55.7312 55.8118 55.8967 56.0042 57.3455 57.3654 57.3729 57.3789 57.3777 57.3665 57.3925 68.7094 69.7751 70.7722 71.8715 72.8513 73.9365 74.8883 75.9153 76.8562 77.3646 76.6387 77.4224 78.2942 79.1968 79.2869 79.5478 79.7478 79.9016 80.0567 80.1943 79.9766 80.6083 80.5779 80.6324 80.6058 80.6107 80.5338 80.4002 79.9108 79.0727
45.6346 48.5798 49.0037 49.8243 50.9818 51.0531 51.1338 53.4684 54.5317 54.7268 54.7860 54.7556 54.8178 56.2695 56.2803 56.2872 56.2840 56.2788 56.2948 66.4108 68.7447 69.7670 70.8428 71.7964 72.9279 73.8475 74.9569 75.8364 76.2576 75.7698 76.5974 77.3462 78.2629 78.3565 78.6973 78.5913 79.1883 79.3760 79.4992 79.4677 79.8923 79.9331 79.9766 79.9746 79.9865 79.9567 79.9322 79.6562 79.5936 78.7502
45.1547 48.0350 48.8296 49.7472 49.8231 49.9044 52.2653 53.3447 53.6218 53.6837 53.6737 53.6978 54.9975 55.1871 55.1948 55.2020 55.1896 55.2027 64.4522 67.5596 68.7534 69.8144 70.8132 71.8773 72.6915 73.8114 73.9930 75.1543 74.8423 75.7224 76.3892 77.3083 77.4149 77.8617 77.9048 78.4069 78.6768 78.8388 78.8810 79.2406 79.2946 79.3986 79.3793 79.3977 79.3484 79.3607 79.3169 79.2297 78.9927 78.2313
45.0859 47.8899 48.6386 48.8399 49.2097 51.0611 52.1656 52.5063 52.5901 52.6231 52.8079 53.7723 54.0717 54.1020 54.1089 54.1020 54.1186 62.6427 66.2990 67.7155 68.7857 69.8026 70.8300 71.7029 72.6147 72.7099 72.8564 73.8583 74.8045 75.5492 76.3567 76.6305 76.9909 77.0556 77.6315 77.9459 78.1403 78.1952 78.6173 78.7265 78.8367 78.8475 78.8612 78.8332 78.8141 78.7252 78.7374 78.6772 78.5400 77.8006
45.1273 47.7773 48.0293 48.4566 49.9353 50.9984 51.3872 51.5017 51.5818 51.8464 52.5983 52.9442 52.9953 52.9528 53.0100 53.0263 53.0273 64.9927 66.6461 67.7565 68.7781 69.7841 70.6676 71.4624 71.6788 71.8230 72.7761 73.8550 74.6507 75.3916 75.7744 76.1003 76.1646 76.8266 77.1886 77.4053 77.4389 77.5250 77.6349 78.2463 78.2318 78.3062 78.2778 78.2399 78.2367 78.2032 78.0845 78.0935 78.0209 77.2955
44.9536 47.3869 47.8521 48.9523 49.8700 50.2738 50.4127 50.5138 50.6999 50.7111 51.8132 51.8857 51.8446 51.8974 51.9315 51.9345 62.5992 65.5508 66.7169 67.7483 68.7332 69.6083 70.3289 70.6397 70.9226 71.7403 72.8559 73.6946 74.4135 74.8406 75.1618 75.2301 75.9599 76.3657 76.5829 76.5170 76.6900 76.7969 76.9343 77.6878 77.7541 77.7207 77.7404 77.6184 77.5578 77.5194 77.5561 77.4750 77.4370 76.7113
44.8474 47.3276 48.1501 48.8463 49.1818 49.2904 49.2121 48.3073 49.4950 50.5921 50.7732 50.7345 50.7879 50.8315 50.8265 50.8490 64.2892 65.6698 66.7072 67.6757 68.5352 69.2152 69.5961 69.9846 70.7855 71.8252 72.6910 73.3994 73.8540 74.1707 74.2422 74.0501 75.4849 75.7145 75.7392 75.8085 75.8359 76.0027 76.1701 76.4156 76.9919 77.1599 77.1556 77.1071 76.8285 76.8665 76.8653 76.9018 76.8457 76.1394
44.1063 46.7508 47.9602 48.1749 48.1854 48.0276 47.5025 48.2069 49.3882 49.6467 49.6193 49.6751 49.6670 49.7061 49.7435 61.6557 64.5942 65.6620 66.6161 67.4547 68.1187 68.5516 69.0150 69.8031 70.7923 71.6554 72.3533 72.8322 73.1284 73.1862 72.8714 74.4120 74.7824 74.7929 74.8746 74.9505 75.0539 75.1608 75.3541 75.5582 75.8559 76.3302 76.5245 76.2206 76.1881 76.2063 76.2277 76.2305 76.2358 75.4998
40.8213 43.1438 47.1764 47.1243 46.9310 46.6245 47.2157 48.1861 48.5104 48.4912 48.5495 48.5499 48.5866 48.5935 48.6259 63.3142 64.6099 65.5548 66.3751 67.0287 67.5101 68.0249 68.8005 69.7464 70.6030 71.2808 71.7188 71.7514 72.0678 71.6300 72.7005 73.7707 73.7951 73.8815 73.9365 74.0458 74.1694 74.3251 74.4913 74.7175 74.9472 75.6267 75.7341 75.5767 75.5693 75.5875 75.5788 75.5867 75.5773 74.8342
37.6300 39.7372 46.0113 45.8691 45.7037 46.2114 47.0219 47.3747 47.4053 47.4249 47.4228 47.4616 47.4743 47.5028 60.4985 63.5237 64.4914 65.2974 65.9475 66.4637 67.0196 67.7908 68.6963 69.5334 70.1877 70.6077 70.7216 70.9429 70.8062 71.5118 72.6294 72.7019 72.7917 72.8606 72.9601 73.0579 73.1970 73.3750 73.5809 73.8066 74.0434 75.0797 75.0784 75.0937 74.9802 74.9479 74.9472 74.9286 74.9152 74.1428
36.7698 39.0477 44.7643 44.7395 45.1864 45.8752 46.2380 46.3095 46.3282 46.3302 46.3436 46.3494 46.3782 46.3966 62.0755 63.3907 64.2087 64.8635 65.4099 65.9966 66.7570 67.6283 68.4404 69.0540 69.3362 68.7556 69.8421 69.8992 70.5390 71.4297 71.5299 71.6223 71.7078 71.8179 71.9195 72.0328 72.1624 72.3514 72.5723 72.8279 73.0834 73.4293 74.4321 74.4053 74.4362 74.3492 74.3037 74.2778 74.2125 73.4157
37.4756 38.3761 43.0244 43.5681 44.0322 44.6667 45.0368 45.1375 45.1639 45.1695 45.1821 45.1979 45.3184 46.5327 59.3826 61.9949 62.9875 63.6700 64.2360 64.8350 65.5855 66.4373 67.2410 67.8444 68.1035 67.7543 68.6014 68.8057 69.4160 70.2168 70.4036 70.5193 70.6193 70.7485 70.8790 71.0193 71.1629 71.3996 71.6756 71.9691 72.2974 72.7134 73.5765 73.6521 73.6983 73.6008 73.5483 73.4843 73.3785 73.2843
