#Value Function.
353.90  366.43  379.20  392.28  405.64  419.30  433.31  447.68  462.46  477.68  493.31  509.35  525.82  542.71  560.05  577.83  596.08  614.80  634.00  653.71  673.95  694.70  715.96  737.59  759.27  780.69  800.51  816.90  826.91  829.13  830.32  828.62  823.77  815.24  805.33  793.99  779.80  762.27  741.95  720.83  699.46  678.54  658.09  638.17  618.77  599.87  581.45  563.50  546.02  528.85 
353.37  365.91  378.65  391.70  405.06  418.71  432.71  447.09  461.86  477.07  492.68  508.71  525.16  542.04  559.36  577.13  595.36  614.06  633.24  652.92  673.12  693.77  714.94  736.45  758.10  779.21  798.74  814.66  824.82  828.93  829.77  829.27  822.55  815.57  805.55  794.21  780.81  763.05  743.04  721.80  700.51  679.59  659.15  639.22  619.80  600.87  582.42  564.45  546.97  529.73 
352.74  365.28  378.00  391.03  404.35  417.98  431.98  446.33  461.10  476.28  491.88  507.89  524.32  541.18  558.47  576.22  594.42  613.10  632.26  651.92  672.08  692.73  713.84  735.28  756.65  777.40  796.17  809.23  820.00  821.41  822.26  821.11  818.13  810.96  801.64  790.80  777.57  762.31  742.96  722.41  701.34  680.43  659.99  640.04  620.60  601.65  583.19  565.23  547.73  530.47 
352.12  364.64  377.33  390.31  403.59  417.22  431.20  445.56  460.33  475.50  491.08  507.07  523.48  540.31  557.59  575.31  593.49  612.15  631.28  650.91  671.06  691.64  712.57  733.62  754.23  773.23  787.67  800.84  805.68  806.79  808.15  809.12  805.40  801.72  793.28  783.71  772.47  757.44  741.46  722.09  701.81  681.22  660.81  640.86  621.40  602.44  583.99  566.02  548.49  531.23 
351.49  363.97  376.62  389.56  402.82  416.44  430.42  444.79  459.55  474.72  490.28  506.25  522.64  539.45  556.71  574.41  592.56  611.19  630.30  649.91  669.97  690.36  710.84  730.81  749.35  764.20  777.32  783.78  786.75  788.22  789.53  791.02  790.56  786.83  781.74  773.30  763.52  751.63  736.49  720.40  701.49  681.70  661.55  641.66  622.20  603.26  584.80  566.79  549.27  532.01 
350.83  363.28  375.88  388.80  402.05  415.67  429.66  444.03  458.79  473.93  489.48  505.43  521.80  538.59  555.82  573.50  591.64  610.24  629.31  648.82  668.62  688.51  707.83  725.71  740.61  752.96  760.07  763.69  765.95  767.40  768.88  770.27  770.99  770.13  766.30  760.72  752.49  742.52  730.54  715.76  699.73  681.34  662.06  642.45  623.05  604.09  585.59  567.59  550.08  532.75 
350.16  362.56  375.14  388.05  401.30  414.92  428.91  443.28  458.02  473.15  488.68  504.61  520.96  537.74  554.94  572.60  590.70  609.26  628.22  647.46  666.71  685.41  702.60  717.14  728.92  736.17  740.31  742.64  744.52  746.02  747.48  748.97  750.09  750.51  749.24  745.45  739.75  731.67  721.74  709.85  695.47  679.65  661.70  642.90  623.81  604.90  586.41  568.44  550.83  533.53 
349.46  361.84  374.41  387.31  400.57  414.19  428.18  442.53  457.26  472.37  487.88  503.80  520.13  536.88  554.06  571.68  589.74  608.17  626.84  645.48  663.52  680.08  694.21  705.45  712.75  717.05  719.57  721.62  723.13  724.60  726.13  727.59  728.83  729.86  730.15  728.66  724.89  719.25  711.29  701.49  689.75  675.73  660.08  642.61  624.30  605.62  587.20  569.19  551.64  534.30 
348.76  361.13  373.69  386.60  399.86  413.47  427.44  441.78  456.50  471.59  487.09  502.98  519.29  536.02  553.17  570.73  588.65  606.77  624.81  642.23  658.19  671.84  682.64  689.90  694.25  696.91  698.92  700.54  701.99  703.55  704.98  706.46  707.95  709.11  710.12  710.29  708.71  704.98  699.35  691.53  681.89  670.31  656.54  641.17  624.08  606.15  587.97  569.93  552.41  535.13 
348.07  360.43  373.00  385.90  399.16  412.76  426.72  441.04  455.74  470.82  486.29  502.17  518.45  535.14  552.23  569.64  587.22  604.69  621.50  636.90  650.08  660.48  667.63  672.02  674.75  676.78  678.39  679.89  681.47  682.90  684.36  685.92  687.42  688.92  690.15  691.01  691.06  689.47  685.75  680.11  672.41  662.91  651.43  637.96  622.81  606.08  588.53  570.73  553.19  535.88 
347.39  359.75  372.32  385.22  398.46  412.05  425.99  440.30  454.98  470.05  485.50  501.35  517.59  534.21  551.13  568.19  585.10  601.36  616.22  628.99  639.03  646.04  650.41  653.16  655.18  656.79  658.29  659.92  661.35  662.82  664.51  666.14  667.81  669.32  670.81  672.06  672.73  672.79  670.96  667.21  661.58  653.99  644.48  633.18  619.92  604.99  588.60  571.42  553.94  536.71 
346.73  359.09  371.65  384.54  397.77  411.34  425.27  439.57  454.23  469.27  484.70  500.51  516.67  533.11  549.66  566.04  581.77  596.17  608.57  618.47  625.34  629.69  632.29  634.18  635.77  637.26  638.90  640.33  641.81  643.57  645.39  647.31  649.55  651.53  652.88  654.25  655.14  655.60  655.28  653.23  649.44  643.81  636.17  626.82  615.55  602.39  587.62  571.55  554.72  537.39 
346.09  358.44  370.99  383.87  397.08  410.64  424.56  438.83  453.48  468.49  483.87  499.59  515.56  531.62  547.48  562.72  576.70  588.96  598.86  606.00  610.28  612.48  614.06  615.45  616.82  618.35  619.87  621.37  623.21  625.17  627.43  630.30  632.86  635.26  637.54  638.60  639.23  639.59  639.23  638.52  636.25  632.38  626.62  618.96  609.57  598.33  585.29  570.68  554.91  538.17 
345.45  357.80  370.33  383.20  396.40  409.95  423.84  438.10  452.71  467.68  482.96  498.47  514.06  529.42  544.16  557.77  569.74  579.90  587.90  592.73  594.96  595.90  596.60  597.22  598.45  599.95  601.46  603.26  605.37  607.95  611.27  614.89  619.10  622.52  625.01  625.92  626.18  625.06  624.34  623.44  622.38  620.03  615.96  610.02  602.31  592.90  581.55  568.59  554.15  538.49 
344.83  357.16  369.68  382.54  395.72  409.25  423.12  437.35  451.91  466.77  481.84  496.96  511.84  526.10  539.28  551.00  561.17  569.68  575.70  578.79  579.80  580.29  580.09  580.04  580.55  582.08  583.85  586.07  588.84  592.49  596.91  602.34  608.06  612.61  614.23  614.75  614.95  613.42  611.13  609.56  608.29  606.99  604.39  600.08  594.04  586.07  576.61  565.18  552.23  537.85 
344.28  356.53  369.04  381.87  395.04  408.55  422.39  436.56  451.00  465.65  480.31  494.73  508.54  521.30  532.69  542.66  551.17  557.84  562.21  564.21  565.21  565.92  565.34  564.21  563.71  564.99  567.17  570.06  573.91  578.71  584.79  591.86  598.36  602.39  603.69  604.95  604.50  602.82  600.02  597.11  595.18  593.79  592.16  589.12  584.58  578.43  570.23  560.55  549.04  536.08 
343.95  355.95  368.39  381.21  394.36  407.83  421.61  435.66  449.88  464.11  478.08  491.44  503.81  514.87  524.56  532.89  539.65  544.71  547.55  549.73  550.73  551.21  550.68  549.40  548.21  548.80  551.75  555.65  560.65  566.82  574.21  581.50  587.55  591.70  594.03  594.55  594.22  592.12  589.88  586.46  583.37  581.21  579.56  577.64  574.21  569.45  562.93  554.58  544.71  533.03 
344.19  355.56  367.79  380.55  393.66  407.07  420.73  434.54  448.33  461.87  474.81  486.79  497.54  506.96  515.02  521.61  526.62  529.85  532.70  534.41  535.50  535.90  535.86  534.86  533.62  533.83  537.75  542.76  549.02  556.38  564.00  570.64  576.29  580.01  582.24  583.53  583.25  581.61  579.30  576.48  573.05  569.89  567.64  565.64  563.21  559.63  554.50  547.65  539.13  528.91 
345.28  355.78  367.34  379.92  392.96  406.24  419.65  433.03  446.12  458.64  470.24  480.68  489.82  497.64  504.02  508.90  512.28  515.05  517.00  518.43  519.54  520.27  520.47  520.28  519.36  520.24  525.25  531.50  538.76  546.34  553.37  559.39  563.92  567.16  569.52  570.34  571.10  570.57  568.50  566.16  563.28  559.89  556.69  554.21  551.86  548.98  544.98  539.48  532.40  523.52 
347.09  356.93  367.52  379.38  392.23  405.26  418.24  430.92  442.99  454.19  464.28  473.15  480.73  486.92  491.67  495.06  497.74  499.70  501.18  502.37  503.48  504.46  505.13  505.26  505.09  508.09  514.25  521.41  528.87  535.91  542.15  547.17  551.05  553.78  555.57  556.90  557.70  558.29  557.64  555.58  553.25  550.40  547.04  543.73  540.93  538.14  534.82  530.42  524.64  517.16 
349.17  358.82  368.68  379.44  391.59  404.17  416.44  427.94  438.68  448.41  456.98  464.29  470.29  474.92  478.29  480.90  482.84  484.30  485.49  486.60  487.68  488.73  489.66  490.28  491.62  497.35  504.32  511.67  518.65  524.90  530.22  534.42  537.64  539.93  541.84  543.09  544.24  545.21  545.83  544.96  543.08  540.84  537.84  534.29  530.73  527.52  524.31  520.57  515.86  509.64 
350.30  361.08  370.62  380.48  391.26  403.13  414.25  424.21  433.35  441.46  448.38  454.13  458.64  461.97  464.52  466.43  467.88  469.06  470.15  471.20  472.26  473.31  474.33  475.67  480.92  487.60  494.75  501.68  507.91  513.27  517.77  521.31  524.12  526.48  528.28  529.80  531.14  532.38  533.63  534.11  533.24  531.37  528.51  525.17  521.30  517.43  513.84  510.22  506.16  500.97 
351.04  362.09  372.97  382.33  392.07  402.41  412.02  420.01  426.87  433.28  438.55  442.85  446.09  448.58  450.46  451.89  453.07  454.13  455.17  456.20  457.23  458.32  460.07  464.88  471.33  478.20  484.97  491.11  496.51  501.07  504.84  507.98  510.68  512.99  515.05  517.05  518.76  520.94  522.25  523.19  523.54  522.03  519.66  516.08  512.46  508.21  504.00  500.04  496.12  491.57 
351.00  362.86  373.64  384.23  392.96  402.16  409.74  414.62  419.90  424.02  427.71  430.73  433.09  434.92  436.34  437.50  438.55  439.56  440.57  441.60  442.78  444.78  449.27  455.40  462.10  468.62  474.67  480.01  484.64  488.53  491.90  494.89  497.40  499.97  502.51  504.91  507.70  510.35  512.72  513.31  514.05  513.61  510.89  507.44  503.41  499.27  494.70  490.26  486.05  481.82 
350.74  362.61  374.25  384.08  393.42  400.98  405.47  408.60  410.97  413.50  415.96  418.10  419.82  421.20  422.35  423.38  424.37  425.36  426.40  427.67  429.82  434.08  439.91  446.33  452.72  458.57  463.78  468.38  472.38  475.86  478.98  481.85  484.57  487.50  490.52  493.92  497.78  501.41  503.45  504.55  504.96  504.79  502.77  498.97  494.66  490.33  485.78  481.00  476.50  471.98 
350.04  362.18  373.41  384.15  392.08  396.96  399.47  400.07  400.77  402.11  403.70  405.21  406.50  407.61  408.62  409.59  410.56  411.61  412.96  415.22  419.29  424.83  430.99  437.14  442.83  447.98  452.47  456.46  459.98  463.21  466.22  469.19  472.27  475.68  479.39  483.93  488.46  492.03  494.37  495.40  495.94  495.55  493.80  490.54  486.20  481.40  476.89  472.08  467.28  462.55 
349.30  360.97  372.29  381.68  387.38  389.87  390.51  389.70  389.72  390.20  391.18  392.26  393.28  394.26  395.21  396.17  397.24  398.65  400.97  404.88  410.16  416.07  421.99  427.51  432.51  436.98  440.88  444.41  447.59  450.74  453.83  456.97  460.59  464.55  469.34  474.04  478.38  481.95  484.38  485.22  485.81  485.63  483.87  481.10  477.36  472.85  468.01  463.22  458.45  453.47 
348.00  359.28  368.94  375.21  378.55  379.42  380.19  380.00  378.47  378.17  378.52  379.41  380.31  381.21  382.17  383.25  384.71  387.06  390.84  395.88  401.54  407.25  412.60  417.46  421.81  425.64  429.16  432.31  435.46  438.60  441.89  445.52  449.62  454.39  459.20  463.81  467.72  470.99  472.57  473.58  474.16  474.14  473.42  471.05  467.99  464.04  459.29  454.48  449.64  444.73 
346.07  355.54  361.91  365.57  367.12  367.89  368.73  369.04  368.49  367.12  366.66  366.93  367.69  368.58  369.66  371.15  373.51  377.16  381.98  387.41  392.91  398.09  402.82  407.05  410.80  414.24  417.43  420.50  423.59  426.92  430.57  434.76  439.42  444.20  448.94  452.97  456.30  458.39  459.73  460.70  461.48  462.00  461.48  460.32  457.77  454.53  450.53  445.78  441.01  435.98 
342.16  348.58  352.41  354.28  355.16  356.02  356.84  357.49  357.70  357.26  356.06  355.60  355.68  356.58  358.03  360.32  363.84  368.45  373.66  378.96  383.98  388.57  392.69  396.36  399.71  402.84  405.86  408.98  412.24  415.84  419.99  424.59  429.38  434.01  438.04  441.34  443.51  445.13  446.26  447.31  448.09  448.83  449.11  448.37  446.97  444.39  441.11  437.09  432.35  427.52 
335.41  339.36  341.36  342.40  343.29  344.16  345.10  346.06  346.90  347.47  346.99  345.54  345.06  345.61  347.61  350.95  355.30  360.28  365.38  370.25  374.71  378.72  382.30  385.58  388.64  391.61  394.66  397.87  401.48  405.51  409.96  414.67  419.20  423.19  426.45  428.76  430.47  431.66  432.67  433.56  434.54  435.31  435.95  436.03  435.20  433.66  431.07  427.75  423.80  419.01 
326.50  328.71  329.84  330.78  331.74  332.84  334.05  335.70  337.05  338.54  339.03  337.68  335.76  335.87  338.74  342.64  347.29  352.18  356.89  361.22  365.12  368.63  371.83  374.82  377.73  380.72  383.88  387.40  391.33  395.72  400.23  404.60  408.54  411.69  414.07  415.85  417.14  418.16  419.05  420.02  420.91  421.84  422.57  423.05  423.06  422.16  420.51  417.97  414.64  410.60 
316.26  317.59  318.55  319.57  320.82  322.42  324.82  327.14  330.75  332.75  333.10  332.03  329.56  328.36  330.93  334.88  339.42  343.90  348.09  351.89  355.31  358.44  361.37  364.23  367.15  370.26  373.70  377.53  381.75  386.11  390.40  394.18  397.25  399.59  401.42  402.71  403.81  404.71  405.66  406.55  407.48  408.35  409.23  409.85  410.28  410.22  409.25  407.59  405.08  401.69 
305.56  306.67  307.74  309.07  310.83  313.48  316.88  321.96  326.73  328.84  330.01  329.18  325.31  321.82  323.83  327.37  331.42  335.35  339.02  342.36  345.42  348.29  351.09  353.95  357.00  360.35  364.08  368.15  372.36  376.47  380.13  383.19  385.50  387.27  388.58  389.66  390.65  391.56  392.45  393.37  394.24  395.14  396.00  396.75  397.35  397.73  397.60  396.64  394.90  392.29 
303.48  305.62  306.38  307.41  308.64  311.40  314.40  319.61  324.79  327.59  327.39  327.30  323.77  317.63  316.50  319.57  323.09  326.53  329.76  332.74  335.56  338.30  341.11  344.09  347.36  350.98  354.92  358.98  362.93  366.46  369.42  371.69  373.44  374.82  375.88  376.85  377.75  378.63  379.52  380.39  381.28  382.14  383.01  383.84  384.57  385.14  385.39  385.20  384.23  382.38 
308.02  312.61  314.52  315.04  316.03  316.88  319.36  320.94  323.90  324.95  325.73  325.00  321.99  315.83  308.92  311.47  314.51  317.53  320.41  323.16  325.85  328.60  331.52  334.72  338.23  342.03  345.95  349.75  353.16  356.02  358.25  359.97  361.32  362.39  363.33  364.22  365.16  366.03  366.89  367.76  368.61  369.48  370.32  371.09  371.89  372.58  373.11  373.33  373.09  371.99 
309.37  317.37  321.78  323.51  323.65  324.49  324.55  326.21  325.15  322.89  322.34  321.13  318.67  313.33  306.16  302.94  305.76  308.44  311.10  313.74  316.43  319.29  322.40  325.82  329.50  333.27  336.92  340.22  342.99  345.17  346.86  348.19  349.25  350.18  351.05  351.96  352.81  353.66  354.50  355.35  356.19  357.03  357.87  358.68  359.45  360.21  360.88  361.37  361.56  361.14 
309.48  318.36  326.78  330.91  332.35  331.80  332.63  330.94  325.30  320.66  318.33  317.37  313.63  310.12  303.92  297.13  296.87  299.38  301.95  304.58  307.38  310.42  313.74  317.29  320.93  324.45  327.63  330.31  332.45  334.11  335.41  336.46  337.37  338.24  339.11  339.94  340.77  341.59  342.42  343.25  344.07  344.89  345.71  346.53  347.32  348.07  348.80  349.44  349.90  349.93 
309.07  318.38  327.31  336.15  339.38  340.19  338.75  332.06  324.21  318.57  314.05  311.67  309.61  305.68  301.40  295.24  288.97  290.47  293.05  295.79  298.75  301.97  305.41  308.92  312.31  315.38  317.98  320.07  321.70  322.98  324.01  324.91  325.76  326.60  327.42  328.22  329.03  329.83  330.64  331.45  332.25  333.06  333.86  334.66  335.46  336.23  336.96  337.67  338.28  338.58 
308.69  317.89  327.19  335.85  344.75  346.85  339.95  332.29  323.97  316.42  310.70  306.35  303.57  301.09  297.24  292.75  286.78  281.90  284.50  287.39  290.52  293.84  297.23  300.50  303.46  305.99  308.02  309.62  310.88  311.90  312.79  313.62  314.43  315.23  316.01  316.80  317.58  318.36  319.15  319.94  320.73  321.51  322.30  323.08  323.87  324.64  325.39  326.11  326.79  327.25 
308.15  317.46  326.44  335.42  340.72  344.96  340.77  332.27  323.88  315.53  308.12  302.47  298.16  295.26  292.59  288.82  284.30  278.54  276.34  279.37  282.58  285.85  289.00  291.87  294.31  296.30  297.87  299.10  300.11  300.98  301.80  302.59  303.37  304.13  304.89  305.66  306.42  307.19  307.95  308.72  309.49  310.26  311.03  311.80  312.56  313.32  314.08  314.81  315.51  316.05 
307.68  316.74  325.47  331.31  335.53  335.97  336.62  332.02  323.50  315.08  306.95  299.77  294.17  289.97  287.05  284.26  280.57  276.06  270.72  271.63  274.78  277.82  280.59  282.96  284.89  286.43  287.65  288.64  289.50  290.29  291.07  291.82  292.57  293.31  294.05  294.80  295.54  296.29  297.04  297.78  298.53  299.29  300.04  300.79  301.54  302.28  303.03  303.76  304.47  305.04 
306.85  315.26  321.24  325.55  326.84  327.52  327.67  327.44  322.71  314.54  306.32  298.40  291.46  286.01  281.94  278.99  276.15  272.51  268.05  264.08  266.94  269.61  271.91  273.80  275.30  276.50  277.47  278.32  279.10  279.85  280.59  281.31  282.04  282.76  283.48  284.21  284.93  285.66  286.39  287.12  287.85  288.58  289.32  290.05  290.79  291.52  292.25  292.97  293.69  294.27 
305.10  311.13  315.30  317.00  317.89  318.48  319.07  319.07  318.23  313.43  305.68  297.67  290.01  283.32  278.03  274.07  271.12  268.23  264.64  260.27  258.94  261.16  263.00  264.47  265.64  266.61  267.44  268.20  268.94  269.65  270.36  271.07  271.77  272.47  273.18  273.89  274.59  275.30  276.01  276.73  277.44  278.15  278.87  279.58  280.30  281.02  281.73  282.44  283.15  283.75 
301.08  305.22  307.12  308.11  308.80  309.44  310.03  310.48  310.37  309.12  304.33  296.96  289.20  281.80  275.35  270.24  266.39  263.43  260.51  256.96  252.89  252.49  253.93  255.09  256.03  256.85  257.60  258.31  259.01  259.70  260.39  261.07  261.76  262.45  263.13  263.82  264.51  265.20  265.90  266.59  267.29  267.98  268.68  269.38  270.08  270.78  271.48  272.17  272.87  273.46 
295.25  297.39  298.45  299.19  299.86  300.46  301.09  301.61  301.96  301.75  300.19  295.47  288.43  280.93  273.79  267.58  262.63  258.87  255.91  252.98  249.47  245.66  244.81  245.74  246.54  247.28  247.98  248.66  249.33  250.00  250.66  251.33  252.00  252.67  253.34  254.01  254.68  255.36  256.03  256.71  257.39  258.07  258.75  259.43  260.11  260.79  261.48  262.16  262.84  263.42 
287.78  289.01  289.78  290.43  291.05  291.66  292.25  292.83  293.32  293.60  293.27  291.48  286.83  280.09  272.86  265.97  259.99  255.19  251.52  248.57  245.63  242.17  238.47  236.55  237.23  237.91  238.58  239.23  239.88  240.53  241.18  241.83  242.48  243.14  243.79  244.44  245.10  245.76  246.42  247.08  247.74  248.40  249.06  249.73  250.39  251.06  251.72  252.39  253.06  253.63 
279.69  280.58  281.23  281.84  282.44  283.03  283.62  284.19  284.75  285.20  285.42  284.96  283.00  278.43  271.96  264.99  258.35  252.57  247.93  244.34  241.40  238.46  235.04  231.31  228.73  228.84  229.41  230.04  230.67  231.30  231.94  232.57  233.21  233.84  234.48  235.12  235.76  236.40  237.04  237.68  238.33  238.97  239.62  240.27  240.92  241.57  242.22  242.87  243.52  244.08 
271.51  272.26  272.87  273.45  274.03  274.61  275.18  275.76  276.32  276.84  277.26  277.41  276.84  274.73  270.25  264.03  257.31  250.91  245.33  240.83  237.32  234.39  231.46  228.08  224.38  221.49  220.82  221.13  221.70  222.31  222.93  223.54  224.16  224.78  225.40  226.03  226.65  227.28  227.90  228.53  229.16  229.79  230.42  231.05  231.68  232.31  232.95  233.58  234.22  234.77 
263.36  264.02  264.59  265.16  265.73  266.29  266.86  267.42  267.98  268.52  269.02  269.41  269.49  268.81  266.59  262.20  256.21  249.74  243.56  238.18  233.82  230.38  227.47  224.55  221.21  217.54  214.43  213.05  213.04  213.50  214.08  214.67  215.28  215.88  216.49  217.09  217.70  218.31  218.92  219.53  220.14  220.75  221.37  221.98  222.60  223.22  223.84  224.46  225.08  225.64 
