#Value Function.
40.4526 40.6026 41.3353 41.9747 42.2889 42.3944 42.3962 42.4056 44.3654 45.4472 45.9712 46.4428 46.9132 47.3026 47.9989 48.8012 49.5454 50.2563 50.9729 51.6911 52.4086 53.1208 53.8260 54.4977 55.0748 55.4204 56.1330 56.8415 57.2752 57.5990 57.9393 58.2107 58.3141 58.3591 58.4357 58.3989 58.3985 58.3577 58.3054 58.1878 57.9993 57.7755 57.4140 57.0036 56.5761 56.1011 55.5917 55.0409 54.4474 54.2370
39.2618 41.5311 42.1864 42.8088 43.0425 43.1040 43.0845 43.0979 45.5469 46.3596 46.7746 47.2469 47.7172 48.0876 48.8641 49.6854 50.4136 51.1177 51.8361 52.5557 53.2722 53.9687 54.6595 55.3101 55.8516 56.1023 56.8622 57.4831 57.8031 58.0168 58.3191 58.4694 58.5032 58.5409 58.5857 58.5643 58.5715 58.5603 58.5560 58.4712 58.3695 58.1682 57.8645 57.5033 57.0933 56.6451 56.1512 55.6017 54.9973 54.3132
39.2671 41.6236 42.2622 42.9227 43.5789 43.7363 43.7853 43.7467 43.7762 46.6810 47.0696 47.4846 47.9724 48.4499 48.7513 49.6308 50.4500 51.1602 51.8609 52.5824 53.3030 54.0052 54.7020 55.3806 56.0216 56.5292 56.6207 57.4734 57.9735 58.1626 58.3137 58.5507 58.6510 58.6789 58.6670 58.6802 58.6847 58.7251 58.7177 58.6699 58.5679 58.3410 58.0544 57.6914 57.2844 56.8038 56.2659 55.6708 55.0329 54.3483
39.5054 41.8780 42.3200 42.9981 43.6536 44.3657 44.4103 44.4700 44.3944 46.9256 47.4096 47.7738 48.1942 48.6965 49.1896 49.3813 50.4231 51.2043 51.9011 52.6034 53.3285 54.0364 54.7370 55.4215 56.0729 56.6823 57.1551 56.9871 58.0072 58.3667 58.4050 58.5659 58.6669 58.7463 58.7672 58.7647 58.7987 58.8447 58.8746 58.8265 58.6841 58.4852 58.2023 57.8657 57.4166 56.9188 56.3332 55.7012 55.0618 54.3908
39.8853 42.3088 42.5563 43.0135 43.7425 44.3747 45.1804 45.0323 45.2106 47.1228 47.6523 48.1378 48.4681 48.8957 49.4174 49.9351 49.9576 51.2585 51.9356 52.6413 53.3413 54.0623 54.7670 55.4549 56.1144 56.7242 57.2901 57.7264 57.5954 58.4232 58.5966 58.5782 58.6635 58.7609 58.8431 58.8821 58.9280 58.9867 58.9985 58.9292 58.8334 58.6337 58.3528 57.9657 57.5258 56.9705 56.3573 55.7273 55.1042 54.4365
40.0625 42.4919 43.0646 43.2131 43.7081 44.5004 45.3998 45.9707 45.6213 47.3502 47.8337 48.3788 48.8604 49.1393 49.5914 50.1226 50.6934 51.3138 51.9800 52.6633 53.3777 54.0801 54.7796 55.4720 56.1194 56.7447 57.2826 57.7669 58.1540 58.4226 58.6071 58.7270 58.6866 58.8385 58.8660 59.0386 59.0797 59.0914 59.0532 59.0404 58.9304 58.7537 58.4393 58.0882 57.5723 56.9892 56.3811 55.7683 55.1722 54.4995
40.0744 42.4871 43.2532 43.8279 43.8404 44.7008 45.4729 46.1384 46.7933 47.5025 48.0813 48.5289 49.0973 49.5759 49.7817 50.2664 50.8042 51.3917 52.0138 52.6970 53.3915 54.1001 54.7978 55.4828 56.1392 56.7446 57.2996 57.7103 58.1579 58.4280 58.6022 58.7252 58.8336 58.8903 58.9847 59.0834 59.2293 59.1771 59.1796 59.1294 59.0572 58.8165 58.5774 58.1192 57.5780 57.0050 56.4101 55.8484 55.2018 54.5370
40.0984 42.5138 43.2196 44.0166 44.5977 45.0614 45.4824 46.1982 46.8649 47.5129 48.2451 48.7986 49.1931 49.7976 50.2584 50.3428 50.9124 51.4705 52.0602 52.7183 53.4147 54.1072 54.7962 55.4716 56.1133 56.7082 57.2159 57.7245 58.0786 58.2040 58.5456 58.7317 58.8133 58.9340 59.0016 59.1312 59.2179 59.3412 59.2433 59.2744 59.0807 58.9846 58.5865 58.1111 57.5883 57.0166 56.5048 55.8580 55.2428 54.5690
40.1128 42.5199 43.3407 44.0975 44.7142 45.2643 45.7121 46.2348 46.9132 47.5852 48.2164 48.9860 49.4862 49.7803 50.4248 50.8141 50.7753 51.5568 52.1079 52.7309 53.4281 54.1042 54.7807 55.4291 55.9838 56.1368 57.1914 57.5647 57.6645 57.7873 58.5444 58.6848 58.8348 58.8995 59.0367 59.1297 59.2247 59.3060 59.4639 59.2818 59.3336 59.0648 58.6305 58.1555 57.6232 57.1478 56.4750 55.9034 55.2484 54.5972
40.2008 42.6189 43.4170 44.1229 44.7675 45.3339 45.8316 46.3182 46.9565 47.6207 48.3066 48.9813 49.6834 50.0825 50.6506 50.6709 51.2502 51.6517 52.0759 52.7674 53.4202 54.0842 54.7100 55.2488 55.6201 56.4943 56.9734 57.1637 57.1489 58.1531 58.4290 58.6492 58.7702 58.9086 58.9847 58.9822 59.2017 59.3242 59.4088 59.6424 59.4354 59.5332 58.7840 58.2394 57.7018 57.1439 56.5845 55.9476 55.3188 54.6780
40.2828 42.7054 43.4883 44.2210 44.8476 45.3489 45.8260 46.3595 46.9637 47.6481 48.3243 49.0392 49.6090 50.2559 50.5285 50.9834 51.2798 51.5976 51.8292 52.7287 53.1929 52.8825 53.3360 54.8735 55.7669 56.2827 56.5124 56.4820 57.6021 58.0542 58.3163 58.4853 58.5619 58.1175 58.5756 58.7651 59.1389 59.1773 59.1567 59.6555 59.9293 59.6072 59.8841 58.6367 57.9115 57.3110 56.6834 56.0609 55.4045 54.8108
40.3317 42.7658 43.5415 44.2369 44.8021 45.3243 45.8160 46.3690 46.9799 47.6357 48.3618 49.0101 49.7000 50.1395 50.6942 50.9973 51.2166 51.3768 52.0071 52.3631 52.1403 52.3685 54.0526 55.0114 55.5374 55.7798 55.7035 55.8591 57.5163 57.8338 58.0192 58.0281 57.4058 58.0311 58.2902 58.8239 58.9070 58.9254 59.2639 59.3425 60.0534 60.3039 60.2198 60.3183 58.6576 57.7359 56.9865 56.2748 55.5794 55.0303
40.2811 42.7944 43.5272 44.1506 44.7071 45.1720 45.4838 46.2169 46.9019 47.6621 48.3351 49.0134 49.5291 50.1400 50.5302 50.7476 50.8949 51.3426 51.5788 51.4031 51.5629 51.4617 53.9559 54.7699 54.9862 54.8968 55.0532 56.7114 57.2206 57.4574 57.4677 57.1116 57.3670 57.7093 58.3816 58.5169 58.5422 58.5176 58.5613 58.8506 59.7394 60.4724 60.6560 60.2854 58.5354 58.4482 57.5982 56.6824 55.8704 55.3792
39.3995 42.6593 43.3094 43.9296 44.3987 44.6830 45.3552 46.1220 46.9388 47.6008 48.1168 47.8173 49.4292 49.8528 50.1266 50.3286 50.6884 50.8496 50.7109 50.8101 50.7184 52.9980 53.9143 53.9700 54.0530 54.2155 54.2182 56.4951 56.7853 56.8133 56.6393 56.8725 57.2475 57.8373 58.0286 58.0688 58.0683 58.0700 58.0944 58.1839 59.3352 60.1284 60.8853 60.8501 61.1455 58.0541 58.1785 57.4035 56.3804 55.9303
30.6419 31.9578 38.5371 39.8662 43.5101 44.6430 45.3964 46.0389 46.8471 47.2981 47.3250 47.3499 48.0547 48.5971 49.6673 49.9697 50.1116 50.0302 50.0952 50.0144 50.0482 53.0505 53.2146 53.2846 53.2516 53.3277 53.4643 56.0434 56.1123 56.0467 56.2818 56.6879 57.2172 57.4311 57.4376 57.5163 57.5332 57.5240 57.5615 57.6289 57.9003 59.9541 59.6751 61.2164 61.3698 61.1765 57.6559 57.7633 57.0002 56.3400
29.4245 31.3252 32.1861 32.6600 41.9031 44.5591 45.3394 46.0520 46.4325 46.2296 46.4964 47.2200 47.7846 48.8454 49.1976 49.2014 49.2580 49.3496 49.3162 49.3383 51.9191 52.4312 52.4738 52.4798 52.5410 52.5346 54.9515 55.3260 55.3550 55.6271 56.0468 56.5281 56.7789 56.8233 56.8312 56.9319 56.9403 56.9447 57.0640 57.0702 57.2150 57.7983 60.6895 59.1752 61.1797 61.7050 61.0877 56.8675 56.0273 55.5770
29.0005 31.0516 30.0433 30.6533 32.9073 44.4560 45.1449 45.6097 45.5651 45.8367 46.4652 46.9659 48.0203 48.4122 48.4597 48.4652 48.4752 48.5202 48.5849 48.5746 50.9770 48.2547 48.6938 49.1019 49.1911 49.2927 50.4972 51.6226 54.9087 55.3305 55.8006 56.0853 56.2093 56.2732 56.2799 56.3039 56.3415 56.4375 56.4911 56.5440 56.0361 56.8322 56.0666 56.3046 59.1157 60.9894 61.5197 61.1366 56.1483 56.1573
27.7463 29.5431 30.1241 31.6594 31.0124 32.8736 44.6517 44.7442 45.0667 45.7370 46.3179 47.1935 47.6136 47.6963 47.6822 47.7116 47.7228 47.7327 47.7710 47.0462 47.7687 48.4448 48.9873 49.3871 49.7974 49.8150 49.7967 51.2862 52.1070 55.0393 55.3376 55.5345 55.7033 55.9053 55.9196 55.9359 55.8528 55.8036 55.8504 55.5904 55.8791 55.8039 56.3203 55.5168 56.4904 58.8017 60.3629 60.9289 60.1170 59.5327
27.6175 29.5015 30.6267 30.4634 31.0436 31.6397 32.6686 34.8995 44.8814 45.5310 46.3854 46.7909 46.8060 46.8635 46.9298 46.9378 46.9605 45.4218 46.3292 47.0589 47.7843 48.5125 49.1725 49.6694 49.9898 50.3786 50.3315 51.3690 51.9330 52.6091 53.3802 54.6900 54.4861 54.7892 54.7928 54.9844 54.8930 55.3007 55.0346 55.1603 55.0928 55.2989 55.4555 55.7466 55.4598 56.3132 55.1281 58.9379 59.9557 58.5389
27.6316 29.6867 29.7973 30.1583 30.9617 31.8395 32.3252 33.3420 34.9697 45.4417 45.8116 45.6681 44.4511 37.1596 38.2648 38.7807 39.2318 44.5507 46.3393 47.0694 47.8013 48.5147 49.2053 49.7339 50.1260 50.2435 50.8040 51.3776 51.9300 52.6146 53.3201 54.0354 54.4731 54.8668 55.0094 54.7870 55.0951 54.7147 54.6913 54.0478 54.4127 54.5168 54.7408 54.9754 55.6326 55.2329 55.5404 54.3252 53.7383 53.1085
26.2124 28.9597 29.3571 30.1157 30.9179 31.4862 31.6406 33.2126 34.0352 34.8446 35.6231 36.3300 36.8659 37.2496 37.8458 39.1293 39.4782 39.4033 46.3354 47.0848 47.8119 48.5369 49.2015 49.7714 50.0697 50.3595 49.6937 51.3791 51.9339 52.6239 53.3393 53.9870 54.5749 54.6593 54.8418 54.5176 54.6879 54.6648 54.2312 53.9993 53.5530 53.7387 53.9029 54.9269 54.7684 54.9705 54.7495 54.1225 53.6843 53.0261
16.6505 17.2205 19.3165 19.1939 28.8701 21.0086 32.2939 33.1441 33.9832 34.8019 35.6102 36.3871 37.0948 37.6071 37.9346 38.5123 40.0575 40.1837 46.3189 47.0836 47.7891 48.5151 49.1723 49.6017 49.8138 49.1540 49.8716 49.8529 51.6178 50.7277 53.2678 53.9284 54.3191 54.6984 54.5889 54.5418 54.3910 54.2084 54.0362 53.6183 53.3233 53.0037 53.1177 53.4402 54.1808 54.2555 54.3100 54.0635 53.5280 52.8415
15.7479 16.9068 17.8059 20.4461 18.5908 30.1490 32.2150 33.0642 33.9156 34.7527 35.5661 36.3738 37.1486 37.8604 38.3466 38.6091 39.1475 41.0771 45.6966 43.5918 46.1434 46.0358 48.8591 49.0378 48.3671 49.0336 49.4891 50.4679 49.6492 50.5108 53.1516 53.6252 54.1151 54.2069 54.2508 54.0251 54.1016 53.8218 53.5715 53.3306 52.9803 52.6978 52.5657 52.7751 52.3014 53.5254 53.7176 53.6918 53.3780 52.6241
16.5401 17.9904 17.2920 18.3678 21.8982 29.7658 32.1566 32.9809 33.8351 34.6860 35.5205 36.3268 37.1353 37.9066 38.6278 39.0848 39.2715 39.7315 41.6875 42.7839 44.3143 47.3942 46.2158 47.2988 47.9283 48.8977 49.5205 49.1048 49.4997 49.1200 49.9207 53.2990 53.5083 53.5902 53.5258 53.5771 53.4464 53.3958 53.1370 52.8985 52.6774 52.4874 52.3448 52.5088 52.6301 52.5752 53.1711 52.2081 52.8075 51.9773
16.4269 17.5692 18.8932 20.5879 21.2448 21.9352 32.0959 32.9259 33.7454 34.6064 35.4545 36.2861 37.0833 37.8954 38.6604 39.3994 39.8220 39.9244 40.2957 42.7051 43.4564 44.9899 46.3347 46.8722 48.0945 48.4937 47.6053 48.4731 48.4504 48.6385 48.5132 52.7325 52.8255 52.8145 52.8751 52.8309 52.8484 52.7564 52.6683 52.4733 52.2707 52.1819 52.2438 52.4010 52.5967 52.6673 52.5758 52.2325 51.6471 50.9814
18.1320 19.4996 20.8760 21.3010 21.1020 31.4143 32.1791 32.9096 33.6857 34.5090 35.3776 36.2200 37.0497 37.8349 38.6554 39.4085 40.1783 40.5579 40.5673 40.7902 43.8798 44.0163 45.8885 47.2032 47.4802 46.5882 47.3930 47.6825 47.7081 47.7193 51.4216 52.0484 52.0616 52.0756 52.0904 52.1312 52.1403 52.1698 51.8710 52.0176 51.8854 51.8356 51.9742 52.2724 52.4918 52.6297 52.5893 52.2029 51.6652 50.9835
20.0757 21.6488 22.0449 21.6381 21.9077 31.4274 32.1730 32.9179 33.6689 34.4442 35.2710 36.1489 36.9813 37.8123 38.5802 39.4177 40.1481 40.9696 41.2910 42.7267 42.8501 44.9254 46.2828 46.4837 45.5975 46.3851 46.0439 46.9316 46.9320 46.9508 51.1637 51.2939 51.2956 51.3098 51.3363 51.3847 51.4550 51.5273 51.5015 51.5993 51.5630 51.5856 51.6107 51.9137 52.1846 52.3902 52.3904 52.0846 51.5731 50.8637
21.1662 22.8354 22.0653 22.7751 21.3891 31.4432 32.1874 32.9343 33.6782 34.4269 35.2003 36.0306 36.9209 37.7372 38.5754 39.3172 40.1865 40.8742 41.7817 41.8453 43.7390 45.3322 45.5114 44.6733 45.4059 45.3691 45.5386 45.4449 46.0218 46.1476 50.4486 50.4319 50.5179 50.5461 50.5804 50.6619 50.7675 51.0130 51.2376 51.5158 51.4225 51.2817 51.6173 51.8069 51.6547 51.7994 51.8478 51.7447 51.3829 50.6136
21.0144 22.3092 23.7696 21.9955 30.7227 31.4587 32.2034 32.9483 33.6959 34.4373 35.1830 35.9536 36.7872 37.6952 38.4852 39.3426 40.0421 40.9687 41.5773 42.6473 42.7290 44.6158 44.1266 44.5313 44.6188 44.6438 44.6433 44.7467 44.7705 45.1776 45.8317 48.8644 49.5155 49.7284 49.9470 49.9830 50.1279 50.4807 51.0506 51.7565 51.6944 51.3328 51.4093 51.1746 51.0554 51.0627 51.1058 50.3578 50.8241 49.9518
22.8625 24.3847 25.8593 26.9340 30.7503 31.4768 32.2182 32.9656 33.7138 34.4549 35.1949 35.9365 36.7035 37.5404 38.4743 39.2217 40.1196 40.7474 41.7767 42.2384 43.5576 43.4925 43.7333 43.8385 43.8043 43.8587 43.8871 43.9045 43.9804 44.0582 43.2830 45.0362 48.9251 49.1951 49.3290 49.6181 50.1847 50.8956 50.7650 51.3648 51.7764 51.8029 50.9843 50.9130 50.6083 50.3919 50.3603 50.2807 49.5166 48.8091
24.9487 26.6017 27.3148 30.1091 30.7740 31.4983 32.2413 32.9993 33.7280 34.4746 35.2125 35.9503 36.6870 37.4498 38.2893 39.2624 39.9400 40.9165 41.4198 42.6317 42.7818 42.9590 43.0548 43.0122 42.2497 42.8898 43.0667 43.1256 43.1585 43.2254 43.2051 42.8759 48.3808 48.6361 48.9931 49.6342 50.3718 50.2767 50.4757 50.6183 51.9307 51.1527 50.6065 50.1552 50.2029 49.9327 49.7098 49.6194 49.4589 48.5994
26.2819 27.6904 29.7488 30.1332 30.8200 31.5562 32.4257 33.0872 33.7459 34.4872 35.2340 35.9675 36.7034 37.4343 38.1927 39.0326 40.0666 40.6288 41.7513 42.0349 42.1920 42.2743 42.2361 42.2876 42.1845 41.7209 42.0722 42.2732 42.3596 42.4079 42.4609 42.4219 47.7557 47.6969 47.9245 49.6120 49.8233 50.0659 50.2261 50.5646 51.2620 50.5004 49.7795 49.5358 49.2878 49.3984 49.2027 48.9973 48.2463 47.5445
28.0846 29.4324 29.8634 30.2953 30.9542 31.8988 32.5157 33.1696 33.8411 34.5477 35.2600 35.9884 36.7198 37.4543 38.1784 38.9327 39.7677 40.8980 41.2682 41.4261 41.4975 41.4658 40.7028 40.0124 41.2015 41.3350 41.0909 37.7332 40.7217 41.4270 41.6169 41.6892 46.9353 46.9878 47.0009 49.1722 49.4266 49.4618 49.7768 50.8079 50.5185 49.4159 48.9837 48.6540 48.6278 48.5077 48.5959 48.4566 48.2035 47.4386
29.0937 30.2106 30.3242 30.5440 31.2612 31.9579 32.6357 33.2457 33.9216 34.5866 35.3000 36.0075 36.7374 37.4699 38.2031 38.9193 39.6709 40.4897 40.6584 40.7234 40.6968 40.7356 40.6369 40.0240 39.3194 38.6411 37.9725 37.2966 36.6061 39.3290 41.6094 44.8467 42.3664 45.3726 48.1916 48.6379 48.5681 48.7760 45.8223 48.6463 49.9135 48.2619 48.0822 48.2096 47.7972 47.8208 47.7334 47.8055 47.6974 46.9111
29.1840 30.2824 30.4038 30.8010 31.3695 31.9609 32.6784 33.3840 33.9790 34.6770 35.3188 36.0465 36.7675 37.4937 38.2118 38.9519 39.6566 39.8880 39.9526 39.9461 39.9665 39.9573 39.9705 39.8379 39.3170 38.6536 37.9781 37.3054 36.6267 40.9539 43.2660 41.7392 43.3118 47.1437 47.8149 47.8434 47.8914 46.1838 43.6534 45.1632 47.5300 48.7066 47.7986 47.4710 47.4327 46.9853 47.0139 47.0000 47.0314 46.2148
28.1177 28.8359 29.8724 29.9836 31.3669 32.0085 32.7437 33.4108 34.1352 34.6919 35.4097 36.1293 36.8247 37.5237 38.2232 38.8462 39.0917 39.0851 39.1347 39.1883 39.1977 39.2125 39.2109 39.2045 39.0552 38.5971 37.9750 37.3095 36.5993 41.8763 40.8217 41.9808 46.0044 46.9683 47.0677 47.0694 47.0997 43.4303 46.0604 46.6729 47.7209 47.3135 47.7482 44.5734 44.5347 44.4060 43.7132 45.7260 46.1470 45.2398
28.5852 29.9506 30.3750 30.8060 31.3969 31.9856 32.7408 33.4795 34.1216 34.8614 35.5782 36.2699 36.9152 37.5279 38.0746 38.3097 38.3342 38.3621 38.3458 38.3818 38.4268 38.4445 38.4581 38.4592 38.4383 38.2816 37.8687 37.1397 36.5990 36.5958 35.8328 44.7854 45.9626 45.5130 46.0768 43.3104 43.4469 43.7343 46.0029 46.7961 46.6845 46.8892 46.7134 45.4428 45.1637 44.3642 43.6936 42.9489 44.6004 43.5975
26.7911 28.1512 29.2808 30.9284 31.5163 32.0755 32.8418 33.5549 34.3718 35.1303 35.8098 36.4009 36.9415 37.3966 37.5710 37.5877 37.5962 37.5882 37.6036 37.5999 37.6285 37.6670 37.6883 37.7022 37.7032 37.6717 37.5126 37.1176 36.4794 35.9767 35.7802 44.9733 44.8046 44.7372 42.4016 42.3024 44.3466 45.0871 45.9333 45.9817 46.1076 46.0384 46.1330 45.9046 44.9698 44.3528 43.5686 43.0040 42.2115 41.5425
25.0900 26.2213 27.4285 30.8306 31.5815 32.1859 32.9518 33.8339 34.6815 35.3988 35.9130 35.9991 36.8132 36.9401 36.9005 36.8584 36.8364 36.8414 36.8401 36.8498 36.8527 36.8769 36.9087 36.9301 36.9438 36.9434 36.4517 36.6465 36.3498 36.4311 42.9723 44.0150 44.1604 42.0607 42.8643 43.5536 44.3710 45.0840 45.2432 45.3362 45.2926 45.3726 45.2657 45.3844 45.1535 44.1437 43.6916 42.8360 42.2355 41.5360
26.9414 28.8493 29.8297 30.8664 31.5256 32.3232 33.2524 34.1735 34.9327 35.3604 35.1177 35.4283 35.5925 36.2914 36.1729 36.1083 36.1120 36.0949 36.0967 36.0973 36.1044 36.1105 36.1267 36.1518 36.1714 35.8106 36.0494 35.7905 35.8330 35.6508 36.4005 41.0905 42.8177 42.1229 42.7816 43.6307 44.2696 44.4845 44.5664 44.5341 43.9119 44.5808 44.6430 44.5234 44.6385 44.3966 43.4110 42.9313 42.0295 41.3592
27.2784 29.1761 30.1111 30.8385 31.6516 32.5935 33.5321 34.2126 33.9207 34.4380 34.8159 34.7622 35.6669 35.5548 35.4266 35.3767 35.3688 35.3751 35.3747 35.3759 35.3774 35.3831 35.3779 35.3824 35.3952 35.3688 35.1445 35.2279 34.9274 35.0195 39.1036 36.9134 39.8044 42.0461 42.8881 43.4835 43.7274 43.8022 43.7689 43.3601 43.7799 43.9097 43.8579 43.9218 43.8745 43.9140 43.6427 42.6278 41.9981 41.3329
27.1217 28.9721 29.9114 30.9545 31.8746 32.7678 33.4247 33.4391 33.7798 33.6026 34.3011 34.2099 33.6010 34.7771 34.6630 34.6239 34.6316 34.6463 34.6691 34.6991 34.7065 34.7097 34.6885 34.6397 34.6160 34.6294 34.5859 34.4337 33.6649 34.0669 34.6773 37.3213 41.3457 42.1667 42.7338 42.9900 43.0547 43.0201 43.0576 43.0097 43.1553 43.1554 43.2035 43.1836 43.1806 43.0147 43.1454 42.8705 42.0451 41.3786
27.0441 28.8945 29.6928 30.6683 30.4052 32.6029 32.7759 33.0546 33.1358 33.6448 33.6050 33.2472 33.9583 33.9779 33.8924 33.8929 33.9198 33.9547 34.0075 34.0766 34.1124 34.0385 33.9542 33.8823 33.8682 33.8295 33.8538 33.8108 33.6120 32.4097 33.1854 40.6064 41.4490 42.0287 42.2919 42.3639 42.3331 42.3438 42.3090 42.3972 42.4230 42.4649 42.4546 42.4481 42.3531 42.4390 42.3539 42.3811 42.1033 41.3517
27.0688 28.9366 29.6111 30.4269 31.5832 31.9752 31.9157 32.0681 32.8797 32.9192 32.7474 33.1810 33.2651 33.1616 33.1489 33.1813 33.2481 33.2858 33.4024 33.5943 33.5213 33.3976 33.2376 33.1468 33.0882 33.1006 33.0758 33.0803 33.0302 32.2539 31.8736 40.6292 41.3072 41.6130 41.7058 41.6963 41.6940 41.6583 41.6292 41.5991 41.6340 41.6885 41.7328 41.6477 41.6967 41.6629 41.6984 41.6462 41.6138 40.6733
27.0523 28.9111 29.6847 30.3273 31.1511 31.1690 31.2096 31.2011 31.4042 32.1079 32.4150 32.5124 32.4279 32.4016 32.4341 32.5094 32.6042 32.7788 32.9317 32.4784 32.9006 32.7326 32.5722 32.5579 32.4435 32.3603 32.3407 32.3171 32.3094 32.1895 31.6078 40.4516 40.7778 40.7298 41.0576 41.0569 41.0493 41.0117 40.9502 40.9015 40.8730 40.8974 40.2779 40.9472 40.9343 40.9579 40.9394 40.9501 39.7002 39.0545
27.0729 28.9464 29.6180 30.2906 30.4103 30.4417 30.4459 30.4571 30.4824 31.6315 31.7288 31.6766 31.6473 31.6770 31.7593 31.8802 32.0748 32.2356 32.0678 32.3278 32.2645 32.1705 32.1010 31.9183 31.8259 31.7065 31.6186 31.5820 31.5578 31.5366 31.3950 31.9883 38.1462 40.3558 40.4162 40.4056 40.4051 40.3646 40.2975 40.2231 40.1674 40.1386 40.1013 40.1409 40.1913 40.1961 40.2082 40.1974 40.0603 39.1735
27.0009 28.8773 29.4711 29.6442 29.6834 29.6968 29.7344 29.9015 30.7348 30.9381 30.9097 30.8884 30.9207 31.0041 31.1357 31.3200 31.4760 31.4601 31.6591 31.6830 31.6548 31.6710 31.5316 31.4090 31.2186 31.0889 30.9667 30.8753 30.8279 30.8008 30.7701 30.7493 39.2882 39.7262 39.7427 39.7426 39.7190 39.6944 39.6335 39.5590 39.4841 39.4271 39.3825 39.4200 39.4034 39.4344 39.4443 39.4534 38.6532 37.8474
26.7876 28.6617 28.8798 28.9332 28.9593 29.0272 29.2581 29.8960 30.1388 30.1415 30.1292 30.1643 30.2503 30.3846 30.5597 30.7088 30.7580 30.9390 31.0097 31.0280 31.0309 31.0017 30.9655 30.8193 30.6758 30.4948 30.3517 30.2276 30.1341 30.0800 30.0492 30.0286 38.8333 38.9440 39.0137 39.0250 39.0248 38.9853 38.9483 38.8858 38.8136 38.7405 38.6482 38.6435 38.6569 38.6281 38.6684 38.6847 37.8789 37.0679
26.3779 28.1139 28.1884 28.2302 28.3241 28.5788 29.0891 29.3419 29.3748 29.3735 29.4116 29.4991 29.6325 29.7975 29.9409 30.0237 30.1782 30.2654 30.3040 30.3246 30.3059 30.3113 30.2763 30.2198 30.0880 29.9387 29.7668 29.6192 29.4934 29.3974 29.3386 29.3049 30.2752 36.4288 37.8374 38.1785 38.2592 38.2667 38.2340 38.1925 38.1326 38.0629 37.9883 37.8818 37.8661 37.8875 37.8765 37.9031 37.0836 36.3000
26.8825 27.2732 27.3949 27.4500 27.5525 27.8047 28.2559 28.5092 28.5629 28.5708 28.6096 28.6956 28.8262 28.9858 29.1280 29.2254 29.3688 29.4607 29.5098 29.5394 29.5270 29.5171 29.4769 29.4132 29.2854 29.1350 28.9667 28.8186 28.6930 28.5975 28.5457 28.6246 29.8846 35.0802 36.8403 37.3113 37.4280 37.4420 37.4126 37.3699 37.3111 37.2421 37.1659 37.0699 37.0477 37.0614 37.0512 37.0088 36.3326 36.2314
