#Value Function.
65.6462 65.8807 66.4695 67.2390 68.1503 68.3777 69.4912 70.0530 70.6004 71.1561 71.3319 70.8377 70.6107 70.1875 70.1164 70.0949 70.0911 70.0789 70.0781 70.0747 70.0783 70.0990 70.1952 70.2244 70.2302 70.2044 70.4190 70.7337 72.0618 72.5105 72.5561 72.3654 72.2809 72.1075 72.0921 71.7722 71.3831 71.2198 70.9904 71.0988 70.8621 70.3731 69.7792 69.0559 68.1363 67.1163 66.0893 65.0968 64.1207 63.7995
63.7917 67.3472 67.6791 68.5214 69.4606 69.5140 70.8674 71.1420 71.5765 71.7740 71.7685 71.4981 71.4384 71.2122 71.2083 71.1921 71.1922 71.1775 71.1798 71.1754 71.1809 71.2057 71.3203 71.3309 71.3327 71.2995 71.4508 71.6577 73.1110 73.3267 73.2960 73.1938 73.1266 73.0687 73.0806 72.8058 72.3947 72.2900 72.0380 72.2332 71.9011 71.3590 70.7444 69.9910 69.0254 67.9851 66.9585 65.9745 65.0017 63.9215
64.7832 68.6246 68.3355 68.7499 69.6778 70.7194 71.5491 71.9966 72.2141 72.4391 72.5191 72.5242 72.3021 72.2978 72.2815 72.2818 72.2602 72.2676 72.2598 72.2673 72.2724 72.4269 72.4172 72.4282 72.3702 72.4358 72.5356 72.5788 73.7358 73.9745 74.0619 74.0126 74.0454 73.9546 73.8963 73.8222 73.8025 73.2686 73.4115 73.0200 72.4488 71.8423 71.1047 70.1142 69.0579 68.0256 67.0458 66.0839 65.0627 63.9743
65.9936 70.0708 69.6445 69.3074 69.8333 70.8390 71.9126 72.7304 73.1203 73.1640 73.2953 73.3721 73.3867 73.3717 73.3713 73.3495 73.3573 73.3431 73.3539 73.3597 73.3586 73.3590 73.5316 73.4311 73.5344 73.5240 73.5465 73.6426 74.2886 74.6129 74.8493 74.9185 74.8333 74.7724 74.6712 74.6243 74.5381 74.5913 74.1339 73.5319 72.9375 72.2262 71.2013 70.1290 69.0910 68.1156 67.1679 66.1468 65.0615 63.9774
65.6631 69.9729 71.4516 70.5889 70.2729 70.9345 72.0101 73.1121 73.9141 74.2502 74.2180 74.3923 74.4542 74.4615 74.4398 74.4465 74.4351 74.4410 74.4473 74.4448 74.4437 74.4543 74.4750 74.6439 74.6034 74.6368 74.6347 74.6285 74.9758 75.2767 75.6161 75.6972 75.6470 75.5511 75.5028 75.3835 75.3574 75.2418 74.6076 74.0281 73.3597 72.2850 71.1981 70.1549 69.1833 68.2546 67.2308 66.1456 65.0921 64.0082
61.5666 64.4127 72.3543 72.6591 71.4715 71.2417 72.0577 73.1889 74.3181 75.0988 75.3762 75.2510 75.5055 75.5301 75.5368 75.5182 75.5270 75.5352 75.5312 75.5280 75.5394 75.5583 75.5998 75.6745 75.7299 75.7216 75.7151 75.7062 75.6836 75.9619 76.2635 76.4896 76.4187 76.3783 76.2645 76.2389 76.0880 75.2667 75.1105 74.5118 73.3620 72.2656 71.2177 70.2474 69.3457 68.3142 67.2304 66.1763 65.1013 64.1080
65.3414 68.8222 72.8916 73.5127 73.9143 72.2605 72.2337 73.2041 74.3718 75.5317 76.2836 76.4995 76.4151 76.6113 76.5993 76.6130 76.6237 76.6177 76.6117 76.6250 76.6420 76.6793 76.7685 76.7984 76.8074 76.8016 76.7929 76.7801 76.6891 76.4735 76.9920 77.2534 77.2199 77.1371 77.1145 76.9703 75.8751 75.8480 75.6932 74.4262 73.3322 72.2805 71.3056 70.4441 69.3937 68.3271 67.2627 66.1865 65.7847 64.7533
69.5866 73.6275 73.7412 73.8097 74.7141 75.2341 72.9069 73.2862 74.3995 75.5485 76.7568 77.4663 77.6047 77.5702 77.7102 77.6535 77.7044 77.6945 77.7110 77.7268 77.7546 77.8660 77.8888 77.8936 77.8867 77.8785 77.8735 77.8133 77.4676 77.4657 77.5051 78.0265 77.9773 77.9529 77.8502 76.7776 76.7421 76.5771 75.4670 74.3995 73.3452 72.3535 71.5542 70.4708 69.3993 68.3426 67.6312 66.9151 66.1936 65.1440
69.8094 72.7166 74.8565 74.5275 74.7254 75.9667 76.6450 73.3351 74.4745 75.6079 76.7126 78.0005 78.6440 78.6880 78.7173 78.8033 78.7758 78.7973 78.8143 78.8231 78.9691 78.9784 78.9813 78.9765 78.9538 78.9607 78.9488 78.5619 78.5519 78.5370 78.5335 78.5281 78.8134 78.6860 77.9460 77.7396 77.4591 76.3507 75.4714 74.4155 73.3844 72.6782 71.5706 70.5035 69.4250 68.7102 67.9915 67.2852 66.4735 65.4064
73.0039 76.5333 76.0974 75.5084 75.3295 75.6289 77.2801 78.1887 74.5392 75.6634 76.8569 78.0425 79.2322 79.8202 79.7432 79.8529 79.8834 79.9076 79.8800 80.0819 80.0657 80.0691 80.0627 80.0566 80.0493 80.0418 79.9850 79.6424 79.6331 79.6235 79.6062 79.6060 79.5667 78.5075 78.4685 78.3159 77.2478 76.3568 75.3207 74.3805 73.8601 72.4745 71.5776 70.5197 69.7897 69.0641 68.3788 67.5701 66.6282 65.5480
73.3584 76.7133 76.8663 76.4657 76.3581 76.2433 76.6179 78.6407 79.8119 75.7941 76.9780 78.1332 79.2016 80.4866 80.9923 80.7630 81.0082 80.9409 81.0769 81.1479 81.1572 81.1488 81.1430 81.1355 81.1281 81.1200 80.7402 80.7287 80.7123 80.7047 80.6954 80.6743 80.4923 79.7712 79.5407 78.4711 77.2967 76.2257 75.3504 75.0985 73.5433 72.7041 71.4904 70.8685 70.1312 69.4756 68.6688 67.7167 66.6879 65.6016
72.9813 76.2498 77.1250 77.3284 77.3286 77.3318 77.2694 77.5567 80.0668 81.5212 81.4435 78.1680 79.3785 80.4644 81.7482 82.1615 81.9874 82.1746 82.2463 82.2434 82.2345 82.2289 82.2216 82.2143 82.2063 82.1970 81.8872 81.7966 81.8035 81.7808 81.7768 81.6481 80.9975 80.7526 79.6826 78.5184 77.4168 76.2696 76.4186 74.6184 73.8885 73.2739 71.9719 71.1896 70.5774 69.7698 68.8048 67.7673 66.7036 65.6166
72.6127 76.0748 76.6659 77.6807 78.2943 78.2901 78.4364 78.2876 78.4226 81.5872 82.8289 82.8142 79.4316 80.6593 81.8262 82.9978 83.3063 83.2107 83.3123 83.3200 83.3154 83.3078 83.3006 83.2927 83.2836 83.2716 83.2512 82.9036 82.8600 82.8816 82.7559 82.4763 81.9626 80.8905 79.7295 78.6294 77.4860 77.6920 76.6296 75.3292 74.4945 72.9545 72.2301 71.6873 70.8731 69.8921 68.8462 67.7772 66.7148 65.6226
71.6728 75.5100 76.6107 77.6093 78.6730 79.5231 79.3094 79.5701 79.3147 79.7543 83.1741 84.0665 84.2270 84.0157 81.9232 83.0865 84.2568 84.4165 84.4086 84.4017 84.3939 84.3869 84.3790 84.3703 84.3575 84.3467 84.2648 83.9297 83.9909 83.8637 83.5874 83.1236 82.0820 80.9352 80.4314 79.6473 78.9771 77.8992 76.6845 75.7254 73.8811 73.2666 72.8116 71.9783 70.9779 69.9248 68.8486 67.7941 66.6951 65.5686
71.4664 75.4884 76.4362 77.5829 78.6748 79.8905 80.7781 80.2626 80.8914 81.0317 81.1408 84.8456 85.1866 85.3483 85.2649 83.2100 84.5139 85.4945 85.4881 85.4799 85.4732 85.4651 85.4575 85.4418 85.4407 85.3783 85.1121 85.1083 84.9708 84.6975 84.2443 83.5197 82.1589 81.5688 80.6924 80.1172 79.0434 77.9377 77.0014 74.7283 74.3049 73.9565 73.0837 72.0611 71.0037 69.9179 68.8700 67.8022 66.4766 65.0942
71.3170 75.4496 76.5699 77.5905 78.7717 79.8297 81.1178 82.0734 82.1247 82.2318 82.3171 85.4603 85.9824 86.3027 86.4562 86.5417 86.5713 86.5736 86.5657 86.5598 86.5509 86.5449 86.5361 86.5298 86.5104 86.1435 86.2153 86.0757 85.8059 85.3668 84.6416 83.6284 82.7127 81.7002 81.2690 80.2212 79.0864 78.3809 75.4553 75.3560 75.1297 74.1860 73.1410 72.0816 70.9976 69.9479 68.8741 67.8182 64.6785 61.7672
71.3307 75.4795 76.6305 77.7549 78.7340 79.9746 81.1603 82.3142 83.3271 83.3836 83.6041 85.7668 86.6461 87.1103 87.4170 87.5438 87.6262 87.6470 87.6463 87.6364 87.6317 87.6217 87.6171 87.6032 87.5394 87.3375 87.1799 86.9123 86.4904 85.7734 84.6946 83.7346 83.1693 82.4212 81.5257 80.5416 79.5117 78.4610 77.4023 76.3411 75.2793 74.2175 73.1560 72.0927 71.0297 69.9539 68.8957 67.8269 50.6394 49.5528
71.3445 75.4964 76.6597 77.8108 78.9456 80.0392 81.1841 82.3385 83.5083 84.5935 85.4640 84.9367 87.1685 87.7898 88.2363 88.5317 88.6254 88.7123 88.7206 88.7189 88.7066 88.7043 88.6936 88.6522 88.4103 88.2808 88.0157 87.6157 86.9060 85.8313 84.7321 84.2779 83.5229 82.6163 81.6239 80.5894 79.5363 78.4766 77.4150 76.3530 75.2912 74.2298 73.1683 72.1067 71.0436 69.9788 53.0165 48.6518 47.7638 47.1952
71.3350 75.4892 76.6807 77.8389 78.9902 80.1260 81.2043 82.2924 83.5307 84.6946 85.7864 86.7644 87.6180 88.3108 88.9357 89.3590 89.6483 89.6987 89.8027 89.7906 89.7924 89.7779 89.7790 89.4692 89.3874 89.1151 88.7437 88.0404 86.9610 85.9950 85.4093 84.6253 83.7063 82.7057 81.6667 80.6113 79.5507 78.4889 77.4268 76.3649 75.3035 74.2421 73.1807 72.1190 71.0568 51.3809 48.6397 48.2561 48.1977 47.6570
71.2806 75.4208 76.6842 77.8630 79.0173 80.1698 81.3082 82.3719 83.4485 84.7317 85.8768 86.9694 87.9357 88.7820 89.4479 90.0862 90.4762 90.7697 90.7593 90.7680 90.7496 90.7577 90.7367 90.5058 90.2072 89.8757 89.1765 88.0936 86.9946 86.5209 85.7246 84.7955 83.7866 82.7436 81.6861 80.6247 79.5627 78.5005 77.4385 76.3773 75.3158 74.2544 73.1927 72.1308 48.8317 48.8232 48.8209 48.8143 48.8122 48.2722
71.2941 75.4376 76.5884 77.8865 79.0413 80.1957 81.3493 82.4928 83.5674 84.6507 85.9346 87.0543 88.1551 89.1046 89.9479 90.5769 91.2453 91.4493 91.5122 91.4830 91.5033 91.4730 91.4716 91.2856 91.0156 90.3083 89.2579 87.9438 87.6566 86.8233 85.8844 84.8668 83.8201 82.7606 81.6985 80.6366 79.5743 78.5121 77.4512 76.3895 75.3282 74.2667 73.2048 49.4612 49.4521 49.4485 49.4388 49.4390 49.4301 48.8910
71.3419 75.5083 76.6056 77.9096 79.0648 80.2195 81.3740 82.5285 83.6772 84.7708 85.8582 87.1393 88.2248 89.3460 90.2688 91.1184 91.5590 92.0460 92.2021 92.2544 92.2013 92.2427 92.0353 91.7689 91.3884 90.6667 89.1998 88.8362 87.9166 86.9731 85.9460 84.8963 83.8349 82.7723 81.7104 80.6481 79.5857 78.5249 77.4632 76.4020 75.3402 74.2788 73.2166 50.0822 50.0777 50.0679 50.0666 50.0540 50.0561 49.5140
71.2254 75.3435 76.7353 77.9301 79.0885 80.2430 81.3978 82.5521 83.7073 84.8609 86.0177 87.1676 88.3242 89.3897 90.5458 91.2901 91.9244 92.3162 92.8619 92.8078 92.8959 92.7801 92.5225 92.1441 91.6291 90.9366 90.0195 88.9937 88.0629 87.0239 85.9724 84.9089 83.8459 82.7842 81.7219 80.6592 79.5986 78.5368 77.4757 76.4139 75.3525 71.3277 50.7191 50.7096 50.6973 50.6958 50.6832 50.6858 50.6619 50.1134
71.3514 75.5225 76.6415 77.9354 79.1120 80.2667 81.4212 82.5761 83.7302 84.8858 86.0385 87.1971 88.3442 89.5133 90.5452 91.3565 92.0980 92.7356 92.9204 93.3300 93.1553 93.1468 92.8983 92.3955 91.6659 90.9876 90.0471 89.1576 88.0999 87.0484 85.9826 84.9194 83.8581 82.7957 81.7326 80.6723 79.6103 78.5493 77.4877 76.4256 75.3640 51.3486 51.3399 51.3360 51.3261 51.3124 51.3149 51.2952 51.2202 50.6734
71.2598 75.3777 76.7675 77.8505 79.1356 80.2902 81.4450 82.5993 83.7544 84.9082 86.0645 87.2158 88.3772 89.5187 90.5752 91.3414 92.1708 92.7701 93.3331 93.1223 93.4525 93.2880 93.0417 92.3854 91.7309 90.9764 90.2644 89.1721 88.1250 87.0559 85.9927 84.9321 83.8697 82.8058 81.7460 80.6838 79.6229 78.5613 77.4996 76.4378 51.8719 51.9351 51.9731 51.9540 51.9545 51.9427 51.9316 51.8400 51.7983 51.2218
71.4215 75.5786 76.7960 77.9869 79.1588 80.3138 81.4684 82.6232 83.7774 84.9329 86.0859 87.2436 88.3909 89.5517 90.5716 91.3598 92.1381 92.8709 93.1591 93.4520 93.2974 93.3611 92.8514 92.4828 91.6978 91.0042 90.2364 89.2032 88.1286 87.0659 86.0061 84.9439 83.8789 82.8197 81.7572 80.6965 79.6349 78.5737 77.5115 51.9273 52.3343 52.5161 52.5562 52.6004 52.5649 52.5749 52.4482 52.4636 52.1601 51.5783
71.5169 75.6784 76.7132 77.9941 79.1817 80.3372 81.4921 82.6465 83.8016 84.9554 86.1111 87.2611 88.4164 89.5554 90.5849 91.3706 92.1640 92.6419 93.1240 93.2805 93.3582 93.0755 92.9053 92.2818 91.7166 90.9890 90.0774 89.1537 88.1394 87.0790 85.9934 84.9515 83.8934 82.8305 81.7701 80.7083 79.6473 78.5858 77.5238 51.9696 52.6273 53.0042 53.1583 53.1722 53.2322 53.0359 53.1480 52.7805 52.4885 51.8877
71.5555 75.7189 76.8665 77.9488 79.1841 80.3597 81.5156 82.6704 83.8244 84.9789 86.1297 87.2793 88.4063 89.4657 90.5875 91.3360 91.8700 92.4317 92.8020 92.7352 92.8350 92.8769 92.4741 92.1079 91.5461 90.9634 90.0438 89.0339 88.0816 87.0753 86.0238 84.9504 83.8999 82.8151 81.7671 80.7177 79.6586 78.5979 77.5358 52.1149 52.6187 53.3435 53.6671 53.6646 53.5429 53.6041 53.3836 53.1359 52.6793 52.0708
71.5414 75.7109 76.9051 78.0494 79.1005 80.3841 81.5386 82.6899 83.8282 84.9970 86.1415 87.2613 88.3318 89.4064 90.3053 91.0765 91.5988 91.9476 92.0500 92.1129 92.0733 92.1367 92.0381 91.7045 91.3234 90.5956 89.8487 88.9560 87.9777 87.0137 86.0115 84.9680 83.9036 82.8463 81.7633 80.5962 79.3618 77.6430 76.2205 52.2612 52.7819 53.3237 53.7999 54.1258 53.9118 53.7903 53.5340 53.3046 52.8154 52.2002
71.4174 75.5400 76.9283 78.0845 79.2367 80.4051 81.5490 82.6564 83.8595 85.0031 86.1168 87.1867 88.2322 89.1295 89.8958 90.5491 91.0735 91.0904 91.2800 91.2650 91.2918 91.2779 91.3065 91.2088 90.9205 90.2227 89.4992 88.7410 87.4058 86.4798 85.8542 84.9280 83.9074 82.8531 81.6634 80.5309 78.6596 77.2637 76.0181 52.4314 53.0195 53.3684 53.7716 54.1069 54.2065 53.7773 53.7354 53.3119 52.9046 52.2815
71.5684 75.7379 76.9525 78.1062 79.2635 80.3895 81.4676 82.5634 83.8554 84.9267 85.7796 87.0604 87.9516 88.7091 89.3393 89.8182 89.9493 90.4297 90.4465 90.4638 90.4603 90.4770 90.4744 90.2798 90.0447 89.7218 89.1015 88.3963 87.5846 86.4660 85.3784 84.7156 83.1690 82.6981 81.7537 79.6417 78.3074 77.0820 75.8905 74.7443 53.0778 53.3602 53.8058 54.0878 54.0182 53.8533 53.5493 53.4084 52.9401 52.2996
71.5954 75.7750 76.9400 77.9338 78.1588 80.2553 81.3801 82.6775 83.7135 84.4372 85.8420 86.7428 87.3898 87.3878 88.5870 88.8042 89.1726 89.2642 89.3787 89.3809 89.3939 89.3962 89.4077 89.2913 89.1089 88.8753 88.5381 87.9690 87.2809 86.4613 85.3114 84.1852 82.9779 81.7781 80.5645 79.3590 78.1488 76.9563 75.8085 74.7248 53.0827 53.3803 53.7969 54.0966 54.0947 54.0742 53.3024 53.1339 52.8551 52.1834
71.4332 75.7244 76.7548 77.6648 79.0100 80.1615 81.4633 82.3338 82.2484 83.5524 84.8631 86.1058 86.1959 87.2775 87.6327 87.9398 88.0663 88.1609 88.1785 88.1888 88.1942 88.2044 88.2094 88.2051 88.1054 87.9350 87.7033 86.5129 85.4885 85.8721 85.2733 84.0480 82.8531 81.6347 80.4323 79.2186 78.0226 76.8691 75.8005 74.7072 52.9752 53.2481 53.6348 53.7812 53.7694 53.7831 53.5785 52.9959 52.5358 51.8879
70.0277 74.0148 75.3934 77.5479 78.8803 80.2231 80.9769 80.8815 82.1792 83.4306 84.7457 84.8992 86.0023 86.4352 86.7183 86.8580 86.9479 86.9739 86.9845 86.9911 87.0001 87.0068 87.0156 85.7989 86.7456 86.8622 86.7464 86.4319 85.4479 84.1542 83.9995 83.9301 82.7033 81.5069 80.2882 79.0899 77.9253 76.8793 75.7775 74.7094 52.8565 53.1731 53.3167 53.3432 53.4484 53.3554 53.3217 52.9209 52.3910 51.7436
69.7812 73.8278 75.2150 76.5043 78.9466 79.6326 79.5560 80.8173 82.0633 83.3779 83.5455 84.7339 85.2146 85.4448 85.3220 85.7335 85.7682 85.7802 85.7877 85.7961 85.8033 85.8117 85.8190 85.6900 84.9492 85.4410 85.6119 85.5353 85.1967 84.3162 82.7361 82.6425 82.5838 81.3568 80.1602 78.9742 77.9648 76.8434 75.7901 74.6796 73.6292 52.8333 52.6849 52.8529 52.8081 52.8587 52.7080 52.6080 52.2571 51.5795
69.9034 74.0041 75.1185 76.4051 77.5651 78.5489 79.5927 80.7192 82.0126 82.1855 83.4609 83.9810 84.1847 84.0870 84.2074 84.5613 84.5759 84.5841 84.5922 84.5997 84.6078 84.6154 84.6235 84.6156 84.4439 83.9635 84.2109 84.3704 84.3150 83.1010 81.4665 81.3722 81.2943 81.2371 80.0100 79.0623 77.9017 76.8765 75.7413 74.7074 73.6350 52.2903 52.3222 52.1273 52.1409 52.0539 52.1321 52.0361 51.9088 51.2027
69.9086 73.9846 75.2603 76.4434 77.5794 78.7646 79.6962 80.7560 80.8374 82.1708 82.7390 82.9311 82.8462 82.9542 83.3114 83.3713 83.3803 83.3884 83.3961 83.4040 83.4117 83.4197 83.4274 83.4336 83.4104 83.2358 82.9705 83.0303 83.1443 82.9951 80.2006 80.1152 80.0253 79.9475 79.8903 78.9454 77.9743 76.7943 75.7890 74.7059 73.6543 70.3547 51.7033 51.6060 51.3864 51.4322 51.3922 51.4255 51.3537 50.6378
70.0396 74.1202 75.4742 76.8373 78.0100 78.3941 79.7885 79.8447 79.7325 81.4850 81.6661 81.5979 81.7032 81.6807 82.1607 82.1765 82.1846 82.1924 82.2003 82.2080 82.2159 82.2237 82.2316 82.1689 82.2273 82.2046 82.0524 81.7908 81.8448 81.9164 81.5176 78.8556 78.7770 78.8164 78.7660 78.6106 77.8320 76.8788 75.7731 74.7314 73.6607 72.3575 67.8324 50.9656 50.9037 50.7501 50.7441 50.7198 50.7290 50.0050
70.2888 74.3692 75.9315 77.1453 77.7634 78.9167 79.0136 78.9937 80.0445 79.0634 80.0537 80.3802 80.4161 80.8993 80.9717 80.9808 80.9887 80.9965 81.0043 81.0122 81.0200 81.0278 81.0356 81.0052 80.9599 81.0205 81.0010 80.8650 80.6043 80.6543 80.6684 78.6648 77.6321 77.5877 77.6147 77.5692 77.3674 76.6928 75.7822 74.7255 73.6773 72.5859 70.9776 65.7773 50.3045 50.2175 50.0968 50.0651 50.0431 49.3263
70.7367 74.8823 76.3017 77.0698 78.1031 78.3085 78.2694 78.2168 78.2030 78.6070 78.1441 78.7484 79.6456 79.7599 79.7769 79.7849 79.7928 79.8006 79.8084 79.8162 79.8241 79.8319 79.8397 79.8433 79.7983 79.7531 79.8140 78.5867 79.4355 79.3881 79.4518 79.2501 77.3926 76.4258 76.3597 76.3006 76.3420 76.1392 75.5393 74.6789 73.6653 72.6197 71.4817 69.5883 64.0378 50.9438 49.8132 49.4924 49.4017 48.7236
70.9312 75.0858 76.2060 77.2045 77.5746 77.4850 77.5998 77.4850 77.3163 77.2209 77.3254 78.3369 78.5334 78.5719 78.5811 78.5890 78.5969 78.6047 78.6125 78.6083 78.5586 78.6211 78.6406 78.6505 78.5622 78.5875 78.5215 78.4666 77.7236 78.2299 78.1808 78.2241 77.8891 75.1913 75.1367 75.1362 75.1230 75.1253 74.9220 74.3778 73.5680 72.5944 71.5542 70.3554 68.2233 62.6551 52.7087 49.8367 49.0117 48.5204
70.8949 75.0411 76.1976 76.6934 76.6900 76.7506 76.6955 76.7580 76.5681 76.3078 76.1995 76.2650 77.3541 77.3677 77.3852 77.3930 77.4010 77.4088 77.4166 77.4231 77.3984 77.3545 77.4192 77.4473 77.4501 77.3204 77.2805 77.3167 77.2041 76.7365 77.0043 76.9508 76.9809 76.4590 74.5243 74.0691 74.0602 74.0581 74.1316 73.8541 73.3373 72.4766 71.5198 70.4802 69.2155 66.9109 61.6430 53.6487 49.9823 49.8742
70.7196 74.8977 75.4746 75.7597 75.9060 75.8675 75.8130 75.6007 75.4206 75.5508 75.3913 75.2915 75.2459 76.1719 76.1814 76.1971 76.2050 76.2129 76.1523 76.2137 76.2285 76.1961 76.1527 76.2182 76.2515 76.2460 76.1063 76.1002 76.1107 75.9847 75.6728 75.7668 75.7283 76.0189 75.1623 74.3282 73.1151 73.0636 73.2182 73.2697 73.0358 72.4339 71.4275 70.4508 69.4003 68.0712 65.6731 60.8003 54.0923 54.0994
70.0664 74.2015 74.5093 74.4979 74.6683 74.7307 74.6954 74.8075 74.5744 74.5840 74.5315 74.5608 74.2924 74.2129 74.9848 74.9930 75.0000 74.9659 75.0062 75.0186 75.0027 75.0295 74.9951 74.9518 75.0179 74.9401 75.0178 74.9396 74.9200 74.9087 74.7864 74.5980 74.9013 74.9487 75.0584 74.2216 73.4071 72.3897 72.3558 72.4041 72.4229 72.2019 71.4338 70.3866 69.3867 68.3171 66.9317 64.5045 60.0294 59.5308
69.1415 73.2296 73.3226 73.4522 73.5173 73.5191 73.6297 73.5657 73.7512 73.7194 73.7257 73.6763 73.5037 73.1818 73.1459 73.7854 73.7724 73.7990 73.8137 73.8193 73.8179 73.8023 73.8300 73.8079 73.7814 73.8115 73.7743 73.8098 73.7627 73.6158 73.6852 73.5966 74.1337 74.2124 74.1682 74.1386 73.3144 72.5110 71.5881 71.5435 71.5868 71.5839 71.2411 70.3424 69.3323 68.3226 67.2323 65.8025 63.3916 62.5264
68.0613 72.0884 72.2395 72.2939 72.2502 72.3133 72.3405 72.5632 72.7844 72.8867 72.8239 72.6511 72.3797 72.2940 72.0549 72.5709 72.5897 72.6085 72.6147 72.6165 72.6287 72.6287 72.6212 72.6358 72.6211 72.6035 72.6158 72.5973 72.4513 72.5325 72.4588 72.9364 73.3721 73.3577 73.3892 73.3629 73.2449 72.4172 71.6077 70.9523 70.7867 70.7800 70.6310 70.0768 69.2394 68.2665 67.2561 66.1471 64.6865 63.6631
66.9963 70.9843 71.0772 71.0602 71.0956 71.0772 71.1188 71.5703 71.6821 71.7527 71.7638 71.3509 71.4094 71.2295 71.1064 70.9769 71.4003 71.4099 71.4120 71.4121 71.3629 71.4248 71.4372 71.4364 71.4444 71.4343 71.4216 71.2866 71.3674 71.2955 71.3265 72.1161 72.2263 72.5572 72.5474 72.5708 72.4377 72.3440 71.4938 70.8748 70.2821 69.9356 69.6497 69.4258 68.9107 68.1272 67.1907 66.1856 65.0624 63.9835
65.9018 69.8226 69.8630 69.8850 69.8802 69.9004 70.3286 70.4731 70.5303 70.4958 70.2062 70.1929 70.1766 70.1923 70.0608 69.9351 70.2043 70.2064 70.2016 70.1724 70.2019 70.1580 70.2220 70.2440 70.2491 70.2545 70.1203 70.1949 70.1291 70.1613 70.1233 71.0505 71.3139 71.3659 71.4655 71.3778 71.3911 71.3655 71.2967 70.6399 69.9205 69.3284 68.8408 68.5185 68.2409 67.7465 67.0079 66.1062 65.1107 64.0056
64.9857 68.6453 68.6771 68.6904 68.7613 69.0903 69.2545 69.3043 69.2508 69.0367 68.9884 68.9783 68.9981 68.9931 68.9879 68.9661 68.9993 68.9932 68.9746 68.9877 68.9666 68.9995 68.9843 69.0266 69.0510 69.0603 69.0508 68.9668 68.9917 68.9563 68.9661 70.0755 70.1650 70.2338 70.1841 70.1737 70.1247 70.1841 70.1719 70.0492 69.4999 68.8313 68.2344 67.7420 67.3883 67.0700 66.5860 65.8836 65.0143 63.7952
66.2904 67.2189 67.3803 67.4150 67.5014 67.7884 67.9570 68.0108 67.9573 67.7753 67.7148 67.7014 67.7154 67.7126 67.7066 67.6908 67.7151 67.7118 67.6972 67.7046 67.6910 67.7150 67.7089 67.7440 67.7683 67.7774 67.7646 67.6973 67.7074 67.6876 67.7771 68.6865 68.8687 68.9398 68.9068 68.8912 68.8543 68.8959 68.8782 68.7319 68.2193 67.5746 66.9815 66.4891 66.1214 65.7827 65.2968 64.6097 63.8151 63.6849
