#Value Function.
71.0638 71.3243 72.6063 73.7589 74.8797 75.9895 77.1069 78.2475 79.4135 80.6004 81.8019 83.0112 84.2237 85.4306 86.6250 87.7835 88.8780 89.8150 90.5092 90.9292 91.1265 91.2793 91.3799 91.4752 91.5525 91.5569 91.4808 91.3475 91.1610 90.8690 90.5211 90.0840 89.5233 88.7959 87.8889 86.8595 85.7735 84.6657 83.5510 82.4349 81.3184 80.2033 79.0905 77.9811 76.8776 75.7826 74.7017 73.6431 72.6158 72.2793
68.9593 72.8894 74.0449 75.1791 76.2939 77.4017 78.5212 79.6675 80.8393 82.0309 83.2355 84.4464 85.6597 86.8652 88.0566 89.2065 90.2834 91.1803 91.8127 92.1549 92.3047 92.4512 92.5340 92.6112 92.6564 92.6460 92.5834 92.4556 92.2660 91.9585 91.5983 91.1455 90.5555 89.7895 88.8417 87.7859 86.6885 85.5764 84.4604 83.3440 82.2274 81.1121 79.9999 78.8913 77.7891 76.6961 75.6185 74.5650 73.5454 72.4192
68.8568 72.9564 74.1291 75.2830 76.4149 77.5267 78.6322 79.7519 80.9013 82.0759 83.2698 84.4762 85.6879 86.9024 88.1074 89.3005 90.4460 91.5192 92.3948 92.9881 93.2613 93.3721 93.5276 93.5758 93.6225 93.6159 93.5298 93.3813 93.0914 92.7469 92.3055 91.7205 90.9556 89.9941 88.9258 87.8234 86.7091 85.5925 84.4756 83.3590 82.2428 81.1306 80.0216 78.9191 77.8253 76.7466 75.6917 74.6720 73.6924 72.5718
68.8922 73.0063 74.1979 75.3684 76.5210 77.6506 78.7590 79.8623 80.9824 82.1355 83.3124 84.5089 85.7169 86.9293 88.1454 89.3464 90.5345 91.6672 92.7040 93.5297 94.0469 94.2476 94.3466 94.4501 94.4563 94.4418 94.3636 94.1637 93.8528 93.4510 92.8801 92.1243 91.1464 90.0642 88.9576 87.8416 86.7246 85.6072 84.4901 83.3734 82.2605 81.1510 80.0479 78.9533 77.8733 76.8175 75.7969 74.8195 73.8767 72.7597
68.9279 73.0441 74.2484 75.4395 76.6073 77.7591 78.8860 79.9906 81.0914 82.2121 83.3690 84.5482 85.7472 86.9576 88.1705 89.3836 90.5776 91.7423 92.8106 93.8101 94.5532 94.9482 95.1115 95.1579 95.1576 95.1341 95.0720 94.8821 94.5356 94.0172 93.2923 92.2983 91.2008 90.0914 88.9737 87.8568 86.7388 85.6212 84.5041 83.3904 82.2802 81.1755 80.0791 78.9980 77.9404 76.9198 75.9436 75.0057 74.0815 72.9633
68.9574 73.0745 74.2865 75.4904 76.6813 77.8456 78.9972 80.1207 81.2206 82.3182 83.4385 84.6011 85.7819 86.9852 88.1981 89.4062 90.6059 91.7568 92.8476 93.8096 94.7823 95.4358 95.7375 95.8183 95.8060 95.7878 95.7162 95.5136 95.1016 94.4453 93.4435 92.3348 91.2251 90.1055 88.9890 87.8704 86.7523 85.6349 84.5199 83.4081 82.3024 81.2034 80.1192 79.0598 78.0378 77.0644 76.1323 75.2146 74.2752 73.1535
68.9834 73.1014 74.3169 75.5288 76.7324 77.9231 79.0817 80.2337 81.3520 82.4447 83.5355 84.6577 85.8274 87.0134 88.2228 89.4329 90.6257 91.7861 92.8532 93.8566 94.7258 95.7062 96.2138 96.4091 96.4325 96.4193 96.3456 96.0821 95.5563 94.5647 93.4590 92.3578 91.2368 90.1215 89.0019 87.8838 86.7659 85.6495 84.5361 83.4278 82.3259 81.2385 80.1740 79.1504 78.1776 77.2530 76.3436 75.4096 74.4285 73.3016
69.0079 73.1269 74.3436 75.5591 76.7709 77.9738 79.1633 80.3109 81.4623 82.5680 83.6460 84.7361 85.8721 87.0476 88.2468 89.4429 90.6212 91.7473 92.7942 93.7610 94.7302 95.5767 96.5796 96.9417 97.0462 97.0380 96.9068 96.5736 95.6240 94.5557 93.4849 92.3654 91.2531 90.1336 89.0154 87.8969 86.7796 85.6642 84.5531 83.4490 82.3552 81.2849 80.2541 79.2818 78.3616 77.4642 76.5371 75.5614 74.5335 73.4001
69.0319 73.1519 74.3691 75.5858 76.8008 78.0119 79.2119 80.3950 81.5262 82.6589 83.7402 84.8160 85.9256 87.0796 88.2578 89.4258 90.5590 91.6234 92.6350 93.6404 94.5571 95.5987 96.5160 97.4815 97.6840 97.6658 97.5112 96.6235 95.6244 94.5651 93.4791 92.3842 91.2641 90.1475 89.0283 87.9107 86.7938 85.6802 84.5720 83.4750 82.3959 81.3574 80.3808 79.4551 78.5655 77.6493 76.6859 75.6620 74.5790 73.4441
69.0546 73.1759 74.3943 75.6112 76.8274 78.0405 79.2477 80.4344 81.5942 82.6973 83.7909 84.8701 85.9674 87.1002 88.2390 89.3566 90.4231 91.4545 92.4682 93.4301 94.4734 95.4854 96.5224 97.4767 98.3189 98.3327 97.5623 96.6265 95.6218 94.5596 93.4754 92.3775 91.2766 90.1592 89.0417 87.9236 86.8082 85.6962 84.5944 83.5098 82.4610 81.4714 80.5381 79.6444 78.7428 77.7916 76.7759 75.6974 74.5980 73.4626
69.0733 73.1965 74.4188 75.6362 76.8518 78.0658 79.2707 80.4607 81.6120 82.7284 83.8091 84.8960 85.9826 87.0762 88.1642 89.2208 90.2528 91.2668 92.2562 93.2997 94.3477 95.4311 96.4811 97.4768 98.2971 98.2985 97.5488 96.6265 95.6080 94.5492 93.4668 92.3725 91.2724 90.1681 89.0532 87.9376 86.8222 85.7164 84.6258 83.5670 82.5696 81.6206 80.7121 79.8121 78.8653 77.8706 76.8041 75.7139 74.6128 73.4795
69.0765 73.1963 74.4437 75.6608 76.8764 78.0873 79.2831 80.4614 81.6181 82.7386 83.8210 84.8856 85.9343 86.9971 88.0300 89.0513 90.0628 91.0657 92.1125 93.1815 94.2852 95.3871 96.4515 97.3504 97.6605 97.6683 97.3921 96.5856 95.6007 94.5421 93.4604 92.3657 91.2670 90.1653 89.0609 87.9493 86.8396 85.7411 84.6735 83.6725 82.7183 81.7986 80.8860 79.9345 78.9422 77.8796 76.8095 75.7234 74.6234 73.4864
69.0961 73.2179 74.4677 75.6835 76.8947 78.0946 79.2832 80.4503 81.6005 82.7030 83.7638 84.7934 85.8308 86.8500 87.8550 88.8612 89.8720 90.9201 91.9996 93.1180 94.2437 95.3558 96.2826 96.7424 96.9139 96.9177 96.7740 96.3717 95.5519 94.5303 93.4564 92.3607 91.2609 90.1610 89.0602 87.9578 86.8557 85.7707 84.7704 83.8112 82.8932 81.9742 81.0131 80.0180 78.9550 77.8836 76.8084 75.7226 74.6277 73.4895
69.1181 73.2412 74.4895 75.6999 76.9002 78.0889 79.2591 80.4147 81.5269 82.6005 83.6343 84.6648 85.6692 86.6606 87.6639 88.6773 89.7266 90.8117 91.9348 93.0744 94.1980 95.1697 95.7467 96.1349 96.2794 96.2843 96.1598 95.8163 95.3124 94.4585 93.4346 92.3552 91.2569 90.1584 89.0585 87.9624 86.8719 85.8530 84.8901 83.9722 83.0646 82.1061 81.1085 80.0437 78.9499 77.8755 76.7967 75.7151 74.6236 73.4821
69.1374 73.2619 74.5044 75.7040 76.8914 78.0621 79.2132 80.3271 81.4042 82.4477 83.4741 84.4790 85.4675 86.4674 87.4825 88.5330 89.6194 90.7422 91.8810 92.9929 93.9698 94.6675 95.2220 95.5831 95.7322 95.7365 95.6080 95.2832 94.7860 94.1733 93.3196 92.3161 91.2474 90.1574 89.0629 87.9731 86.9355 85.9585 85.0280 84.1222 83.1909 82.2016 81.1408 80.0497 78.9596 77.8645 76.7807 75.6975 74.6124 73.4663
69.1496 73.2752 74.5072 75.6932 76.8620 78.0090 79.1219 80.1998 81.2446 82.2719 83.2773 84.2698 85.2691 86.2877 87.3394 88.4263 89.5456 90.6764 91.7710 92.7362 93.4927 94.1353 94.6604 95.0235 95.1601 95.1656 95.0480 94.7205 94.2443 93.6676 93.0075 92.1714 91.1978 90.1563 89.0785 88.0242 87.0261 86.0692 85.1649 84.2423 83.2624 82.2221 81.1455 80.0611 78.9616 77.8646 76.7672 75.6785 74.5922 73.4454
69.1502 73.2764 74.4943 75.6611 76.8045 77.9154 78.9924 80.0386 81.0646 82.0719 83.0678 84.0702 85.0916 86.1447 87.2320 88.3471 89.4666 90.5418 91.4956 92.2754 92.9580 93.5665 94.0706 94.3403 94.5291 94.5353 94.3691 94.1276 93.6727 93.1248 92.5175 91.8550 91.0510 90.1284 89.1107 88.0996 87.1244 86.2082 85.2920 84.3088 83.2820 82.2178 81.1453 80.0562 78.9624 77.8621 76.7622 75.6646 74.5734 73.4259
69.1347 73.2612 74.4595 75.6000 76.7088 77.7846 78.8310 79.8566 80.8650 81.8640 82.8696 83.8946 84.9495 86.0366 87.1467 88.2546 89.3115 90.2524 91.0423 91.7319 92.3559 92.9035 93.3037 93.5682 93.6886 93.6961 93.5969 93.3636 93.0049 92.5187 91.9673 91.3857 90.7436 90.0308 89.1439 88.1723 87.2748 86.3515 85.3533 84.3444 83.2838 82.2177 81.1324 80.0505 78.9557 77.8586 76.7569 75.6566 74.5588 73.4107
69.0974 73.2234 74.3952 75.5023 76.5770 77.6234 78.6487 79.6581 80.6600 81.6687 82.6969 83.7537 84.8399 85.9446 87.0409 88.0815 89.0105 89.8019 90.4946 91.1199 91.6626 92.0933 92.3878 92.5627 92.6432 92.6511 92.5909 92.4441 92.1900 91.8151 91.3562 90.8520 90.3508 89.7785 89.1257 88.2818 87.3939 86.4193 85.4125 84.3563 83.2776 82.1994 81.1204 80.0304 78.9437 77.8491 76.7507 75.6496 74.5495 73.4012
69.0317 73.1558 74.2954 75.3695 76.4157 77.4410 78.4516 79.4562 80.4680 81.4991 82.5572 83.6420 84.7409 85.8257 86.8517 87.7702 88.5612 89.2531 89.8716 90.4054 90.8341 91.1323 91.3218 91.4279 91.4737 91.4819 91.4547 91.3740 91.2220 90.9808 90.6436 90.2628 89.8713 89.4760 88.9538 88.3081 87.4280 86.4853 85.4471 84.3707 83.2735 82.1819 81.0959 80.0124 78.9229 77.8342 76.7402 75.6421 74.5417 73.3929
68.9334 73.0538 74.1617 75.2081 76.2336 77.2454 78.2526 79.2674 80.3010 81.3601 82.4430 83.5357 84.6095 85.6221 86.5311 87.3201 88.0100 88.6210 89.1451 89.5647 89.8622 90.0591 90.1709 90.2205 90.2452 90.2534 90.2464 90.2212 90.1492 90.0067 89.8053 89.5478 89.2824 89.0150 88.6536 88.1525 87.4536 86.4967 85.4632 84.3786 83.2789 82.1738 81.0770 79.9882 78.9025 77.8137 76.7242 75.6304 74.5329 73.3835
68.8041 72.9189 74.0002 75.0265 76.0396 77.0492 78.0668 79.1028 80.1632 81.2437 82.3300 83.3930 84.3927 85.2928 86.0787 86.7657 87.3695 87.8844 88.2950 88.5897 88.7853 88.8990 88.9554 88.9814 88.9959 89.0042 89.0145 89.0175 89.0145 88.9589 88.8472 88.7181 88.5573 88.4274 88.2142 87.8311 87.2849 86.4725 85.4736 84.3962 83.2885 82.1779 81.0696 79.9703 78.8793 77.7921 76.7036 75.6139 74.5205 73.3705
68.6492 72.7571 73.8192 74.8341 75.8460 76.8663 77.9046 78.9665 80.0490 81.1366 82.1894 83.1763 84.0594 84.8371 85.5204 86.1173 86.6233 87.0258 87.3171 87.5107 87.6249 87.6836 87.7125 87.7278 87.7391 87.7541 87.7771 87.8146 87.9028 87.9253 87.9046 87.8600 87.7876 87.7230 87.6319 87.3760 86.9468 86.2834 85.4085 84.3888 83.2992 82.1856 81.0722 79.9636 78.8633 77.7707 76.6822 75.5936 74.5036 73.3532
68.4768 72.5768 73.6284 74.6430 75.6658 76.7064 77.7700 78.8584 79.9679 81.0436 82.0191 82.8865 83.6085 84.2751 84.8643 85.3620 85.7571 86.0447 86.2365 86.3511 86.4117 86.4422 86.4589 86.4721 86.4915 86.5337 86.6243 86.8007 86.9184 86.9974 87.0374 87.0267 86.9811 86.9689 86.9815 86.8557 86.5412 85.9675 85.2018 84.3071 83.2792 82.1910 81.0793 79.9661 78.8575 77.7562 76.6623 75.5726 74.4836 73.3331
68.2963 72.3879 73.4398 74.4654 75.5076 76.5703 77.6451 78.6695 79.9233 81.0396 81.8773 82.4902 83.0608 83.6149 84.1006 84.4887 84.7724 84.9626 85.0776 85.1399 85.1720 85.1902 85.2060 85.2313 85.2879 85.4124 85.6508 85.9118 86.0879 86.2417 86.2793 86.2809 86.2597 86.2575 86.2409 86.2448 86.0443 85.5827 84.9080 84.0908 83.1738 82.1551 81.0761 79.9705 78.8595 77.7512 76.6492 75.5540 74.4632 73.3132
68.1185 72.2017 73.2644 74.3084 75.3701 76.4418 77.5075 78.7266 79.8848 80.8697 81.4834 81.9388 82.3944 82.8434 83.2206 83.5005 83.6891 83.8044 83.8683 83.9020 83.9221 83.9410 83.9726 84.0403 84.1819 84.4354 84.7621 85.0846 85.3206 85.4815 85.5261 85.5225 85.4774 85.5071 85.5289 85.5089 85.4034 85.0587 84.4986 83.7792 82.9491 82.0319 81.0251 79.9579 78.8600 77.7520 76.6445 75.5421 74.4459 73.2967
67.9530 72.0287 73.1085 74.1705 75.2437 76.3313 77.5168 78.6540 79.6295 80.2949 80.7681 81.2116 81.5986 81.9557 82.2306 82.4178 82.5333 82.5983 82.6322 82.6544 82.6769 82.7151 82.7933 82.9454 83.1987 83.5296 83.8852 84.2213 84.4617 84.5957 84.6144 84.5671 84.5735 84.6315 84.6658 84.6756 84.5852 84.3339 83.9120 83.3418 82.6198 81.7962 80.8859 79.8924 78.8375 77.7476 76.6436 75.5374 74.4349 73.2866
67.8049 71.8741 72.9711 74.0477 75.1462 76.3060 77.4149 78.3586 79.0363 79.5350 79.9735 80.3590 80.6977 80.9638 81.1522 81.2679 81.3335 81.3663 81.3891 81.4153 81.4588 81.5468 81.7087 81.9622 82.2883 82.6407 82.9805 83.2519 83.4716 83.5064 83.4922 83.5346 83.5775 83.6444 83.6432 83.6468 83.5890 83.4452 83.1457 82.7197 82.1511 81.4451 80.6356 79.7376 78.7576 77.7149 76.6335 75.5341 74.4298 73.2812
67.6744 71.7380 72.8518 73.9549 75.0931 76.1746 77.0925 77.7739 78.2848 78.7228 79.1074 79.4417 79.7051 79.8913 80.0120 80.0785 80.1131 80.1332 80.1597 80.2073 80.3036 80.4726 80.7301 81.0512 81.4007 81.7303 82.0029 82.2112 82.2842 82.2909 82.3338 82.4025 82.4595 82.4873 82.4975 82.4992 82.4956 82.4090 82.2254 81.9281 81.5068 80.9513 80.2653 79.4723 78.5876 77.6210 76.5902 75.5177 74.4235 73.2724
67.5622 71.6214 72.7584 73.8780 74.9339 75.8305 76.5128 77.0322 77.4712 77.8545 78.1854 78.4478 78.6377 78.7647 78.8401 78.8756 78.8916 78.9210 78.9692 79.0690 79.2406 79.5045 79.8255 80.1686 80.5014 80.7654 80.9474 81.0304 81.0512 81.0870 81.1550 81.2123 81.2465 81.2700 81.2772 81.2858 81.2884 81.2631 81.1702 80.9865 80.6973 80.2878 79.7489 79.0824 78.3062 77.4356 76.4824 75.4636 74.4001 73.2430
67.4647 71.5240 72.6604 73.6931 74.5715 75.2528 75.7786 76.2188 76.5998 76.9304 77.1972 77.3927 77.5284 77.6165 77.6663 77.6857 77.7057 77.7597 77.8552 78.0217 78.2869 78.6054 78.9568 79.3008 79.5868 79.7569 79.8096 79.8187 79.8434 79.8990 79.9471 79.9867 80.0086 80.0221 80.0308 80.0385 80.0462 80.0430 80.0118 79.9196 79.7422 79.4634 79.0688 78.5506 77.9035 77.1444 76.2844 75.3424 74.3351 73.1684
67.3421 71.4056 72.4521 73.3149 73.9940 74.5240 74.9644 75.3448 75.6726 75.9427 76.1492 76.2960 76.4089 76.4736 76.5115 76.5356 76.5782 76.6683 76.8319 77.0902 77.4036 77.7777 78.1450 78.4705 78.6948 78.7448 78.6937 78.6706 78.6839 78.6968 78.7277 78.7433 78.7574 78.7666 78.7746 78.7830 78.7909 78.7950 78.7896 78.7563 78.6671 78.4986 78.2426 77.8638 77.3758 76.7503 75.9937 75.1386 74.2025 73.0243
67.1126 71.1744 72.0595 72.7361 73.2689 73.7094 74.0877 74.4137 74.6859 74.9007 75.0666 75.2015 75.2854 75.3548 75.3972 75.4449 75.5283 75.6825 75.9165 76.2256 76.5989 77.0158 77.4408 77.7426 77.8916 77.8547 77.8108 77.6899 77.5513 77.4910 77.4872 77.4943 77.4996 77.5067 77.5150 77.5231 77.5314 77.5382 77.5419 77.5352 77.5027 77.4289 77.2857 77.0656 76.7448 76.2772 75.6090 74.8455 73.9889 72.7991
66.7190 70.7672 71.4785 72.0133 72.4541 72.8306 73.1550 73.4266 73.6485 73.8289 73.9824 74.0975 74.1839 74.2602 74.3288 74.4199 74.5711 74.7843 75.0704 75.4325 75.8707 76.3648 76.8063 77.0677 77.2353 77.2597 77.0732 76.9016 76.6362 76.4096 76.2900 76.2533 76.2467 76.2487 76.2548 76.2626 76.2707 76.2788 76.2855 76.2887 76.2866 76.2789 76.2732 76.1925 76.0273 75.6871 75.1826 74.4770 73.6926 72.4933
66.1586 70.1820 70.7571 71.1987 71.5737 71.8952 72.1664 72.3899 72.5786 72.7435 72.8822 73.0005 73.1093 73.2068 73.3121 73.4634 73.6826 73.9569 74.2988 74.7220 75.2199 75.7261 76.1591 76.5211 76.6742 76.6693 76.5539 76.2050 75.8534 75.5042 75.2333 75.0813 75.0192 75.0006 74.9987 75.0033 75.0104 75.0183 75.0262 75.0328 75.0415 75.0554 75.1235 75.2032 75.1662 75.0115 74.6348 74.0566 73.3291 72.1173
65.4684 69.4608 69.9428 70.3174 70.6375 70.9069 71.1320 71.3223 71.4936 71.6466 71.7890 71.9276 72.0608 72.1967 72.3597 72.5821 72.8581 73.1893 73.5902 74.0656 74.5809 75.0948 75.5965 75.9566 76.0900 76.1000 75.9760 75.6533 75.1782 74.7307 74.3392 74.0466 73.8704 73.7877 73.7573 73.7500 73.7523 73.7585 73.7660 73.7781 73.8126 73.9112 74.0542 74.1290 74.1763 74.1226 73.8867 73.4552 72.8688 71.6333
64.6878 68.6463 69.0621 69.3830 69.6542 69.8792 70.0716 70.2411 70.3985 70.5488 70.7055 70.8691 71.0415 71.2397 71.4738 71.7520 72.0775 72.4667 72.9140 73.4131 73.9471 74.4998 74.9265 75.2554 75.3745 75.3794 75.2826 74.9792 74.5864 74.0623 73.5747 73.1645 72.8555 72.6604 72.5595 72.5166 72.5027 72.5020 72.5171 72.5612 72.6659 72.8094 72.9381 73.0232 73.0481 73.0793 72.9454 72.6827 72.2472 70.9862
63.8425 67.7650 68.1295 68.4082 68.6387 68.8311 69.0000 69.1498 69.3046 69.4689 69.6495 69.8413 70.0704 70.3246 70.6200 70.9486 71.3240 71.7572 72.2425 72.7581 73.2983 73.7725 74.1286 74.3286 74.4254 74.4341 74.3540 74.1804 73.8533 73.4132 72.8946 72.4017 71.9832 71.6635 71.4522 71.3342 71.2784 71.2583 71.3087 71.4120 71.5513 71.6837 71.7955 71.8547 71.8792 71.8762 71.8560 71.7075 71.4453 70.1598
62.9478 66.8329 67.1571 67.3987 67.5979 67.7703 67.9185 68.0693 68.2270 68.4100 68.6126 68.8578 69.1296 69.4409 69.7865 70.1663 70.5983 71.0660 71.5568 72.0766 72.5372 72.8934 73.1158 73.2477 73.3109 73.3183 73.2753 73.1647 72.9689 72.6458 72.2127 71.7112 71.2237 70.8014 70.4719 70.2457 70.1120 70.0575 70.1573 70.2919 70.4234 70.5323 70.5982 70.6342 70.6376 70.6510 70.6416 70.6029 70.4627 69.1617
62.0154 65.8620 66.1526 66.3646 66.5429 66.6936 66.8428 66.9931 67.1685 67.3757 67.6235 67.9058 68.2327 68.5829 68.9781 69.4095 69.8746 70.3526 70.8476 71.2907 71.6337 71.8658 72.0105 72.0917 72.1064 72.1149 72.1171 72.0578 71.9373 71.7342 71.4212 71.0043 70.5222 70.0430 69.6188 69.2805 69.0412 68.9069 69.0336 69.1627 69.2685 69.3373 69.3755 69.3887 69.3996 69.4051 69.4129 69.4010 69.3544 68.0438
61.0464 64.8534 65.1126 65.3032 65.4672 65.6190 65.7703 65.9374 66.1386 66.3831 66.6724 67.0021 67.3623 67.7595 68.1981 68.6608 69.1366 69.6112 70.0366 70.3690 70.5987 70.7452 70.8276 70.8551 70.8645 70.8726 70.8808 70.8727 70.8142 70.6945 70.4950 70.1947 69.7947 69.3297 68.8596 68.4356 68.0905 67.8415 67.9046 68.0062 68.0797 68.1219 68.1437 68.1609 68.1678 68.1768 68.1771 68.1767 68.1604 66.8508
60.0479 63.8136 64.0504 64.2222 64.3823 64.5416 64.7069 64.9050 65.1440 65.4331 65.7636 66.1286 66.5319 66.9723 67.4337 67.9057 68.3690 68.7792 69.1014 69.3274 69.4728 69.5540 69.5871 69.6020 69.6106 69.6194 69.6281 69.6332 69.6229 69.5669 69.4519 69.2577 68.9678 68.5833 68.1342 67.6742 67.2517 66.9025 66.7512 66.8220 66.8710 66.9079 66.9372 66.9606 66.9696 66.9763 66.9699 66.9590 66.9438 65.6392
59.0255 62.7492 62.9650 63.1334 63.2995 63.4696 63.6662 63.9054 64.1934 64.5236 64.8914 65.2976 65.7371 66.1984 66.6657 67.1189 67.5188 67.8329 68.0564 68.2002 68.2799 68.3161 68.3326 68.3432 68.3523 68.3619 68.3706 68.3806 68.3871 68.3777 68.3251 68.2121 68.0225 67.7408 67.3704 66.9371 66.4881 66.0703 65.7297 65.6234 65.6677 65.7165 65.7626 65.8257 65.8333 65.8407 65.8180 65.7722 65.7435 64.4458
57.9854 61.6654 61.8756 62.0455 62.2228 62.4242 62.6666 62.9539 63.2846 63.6539 64.0609 64.4997 64.9587 65.4226 65.8664 66.2567 66.5647 66.7836 66.9262 67.0066 67.0450 67.0630 67.0742 67.0838 67.0937 67.1040 67.1162 67.1281 67.1413 67.1494 67.1389 67.0865 66.9731 66.7859 66.5132 66.1564 65.7386 65.3020 64.8922 64.5683 64.4929 64.5712 64.6828 64.7364 64.7726 64.7794 64.7245 64.6428 64.5675 63.2792
56.9415 60.5775 60.7892 60.9714 61.1781 61.4238 61.7134 62.0454 62.4163 62.8238 63.2618 63.7181 64.1763 64.6116 64.9929 65.2950 65.5113 65.6525 65.7336 65.7739 65.7933 65.8052 65.8151 65.8255 65.8368 65.8508 65.8666 65.8844 65.8979 65.9068 65.9133 65.8987 65.8427 65.7297 65.5475 65.2845 64.9419 64.5403 64.1176 63.7198 63.3582 63.4864 63.6046 63.7032 63.7282 63.7374 63.6956 63.5806 63.4571 62.1780
55.9028 59.4945 59.7193 59.9309 60.1801 60.4721 60.8059 61.1784 61.5865 62.0234 62.4767 62.9292 63.3563 63.7293 64.0256 64.2391 64.3791 64.4608 64.5028 64.5236 64.5361 64.5464 64.5570 64.5689 64.5834 64.6005 64.6201 64.6382 64.6531 64.6635 64.6714 64.6739 64.6534 64.5951 64.4847 64.3086 64.0562 63.7284 63.3437 62.9370 62.5521 62.4169 62.5639 62.6600 62.6848 62.6782 62.6195 62.5164 62.3793 61.0959
54.8835 58.4299 58.6833 58.9362 59.2305 59.5663 59.9403 60.3488 60.7844 61.2345 61.6812 62.1005 62.4657 62.7564 62.9671 63.1061 63.1883 63.2317 63.2538 63.2670 63.2777 63.2886 63.3008 63.3156 63.3333 63.3535 63.3736 63.3907 63.4064 63.4169 63.4232 63.4277 63.4260 63.4026 63.3452 63.2390 63.0703 62.8295 62.5174 62.1509 61.7597 61.3533 61.4816 61.5423 61.5721 61.5594 61.5176 61.4222 61.3071 60.0190
53.9125 57.4009 57.6920 57.9889 58.3265 58.7019 59.1107 59.5448 59.9915 60.4325 60.8443 61.2021 61.4875 61.6953 61.8332 61.9159 61.9606 61.9839 61.9979 62.0090 62.0201 62.0327 62.0477 62.0655 62.0856 62.1058 62.1239 62.1412 62.1538 62.1632 62.1724 62.1771 62.1794 62.1742 62.1504 62.0948 61.9929 61.8320 61.6032 61.3074 60.9562 60.5825 60.3236 60.3628 60.3801 60.3795 60.3522 60.2978 60.2026 58.9069
53.1504 56.4325 56.7411 57.0809 57.4571 57.8656 58.2979 58.7409 59.1764 59.5815 59.9331 60.2142 60.4201 60.5580 60.6417 60.6880 60.7127 60.7275 60.7391 60.7505 60.7634 60.7786 60.7963 60.8161 60.8361 60.8546 60.8717 60.8851 60.8959 60.9062 60.9148 60.9222 60.9264 60.9278 60.9215 60.8983 60.8449 60.7479 60.5953 60.3788 60.0961 59.7599 59.1275 59.1409 59.1530 59.1576 59.1552 59.1239 59.0626 57.7771
54.1936 54.9856 55.3778 55.7256 56.1012 56.5079 56.9382 57.3789 57.8121 58.2156 58.5668 58.8492 59.0578 59.1989 59.2859 59.3350 59.3616 59.3775 59.3895 59.4011 59.4141 59.4292 59.4468 59.4664 59.4863 59.5049 59.5220 59.5358 59.5473 59.5581 59.5668 59.5734 59.5773 59.5780 59.5708 59.5472 59.4933 59.3970 59.2472 59.0346 58.7580 58.4113 57.8675 57.8169 57.8265 57.8260 57.8209 57.7856 57.7107 57.6472
