#Value_Function_Estimate.
24.52   25.11   25.60   25.84   26.25   26.98   27.89   28.87   29.87   30.87   31.88   32.83   33.59   34.42   35.28   35.76   36.49   37.50   38.57   39.15   39.74   40.62   41.58   42.31   42.80   43.55   44.56   45.84   47.23   48.63   49.86   50.00   50.05   49.99   49.97   49.36   49.11   48.67   48.43   48.12   48.02   47.79   47.13   46.60   46.25   45.91   45.59   45.18   44.68   44.05  
25.24   25.70   26.29   26.77   26.92   27.26   27.99   28.90   29.88   30.88   31.92   32.95   33.95   34.67   35.54   36.47   36.88   37.65   38.71   39.86   40.35   40.94   41.97   43.05   43.75   44.18   45.00   45.94   47.25   48.66   50.10   51.47   51.44   51.52   50.75   50.60   50.09   49.89   49.52   49.46   49.28   48.54   47.98   47.66   47.31   47.00   46.59   46.09   45.44   44.75  
26.37   26.55   26.97   27.55   28.01   28.05   28.28   28.99   29.90   30.89   31.92   32.99   34.06   35.11   35.77   36.68   37.73   38.01   38.84   39.92   41.18   41.57   42.24   43.41   44.53   45.24   45.60   46.52   47.32   48.67   50.10   51.56   53.13   52.12   52.11   51.49   51.37   50.92   50.90   50.80   49.95   49.36   49.08   48.71   48.41   47.99   47.50   46.83   46.12   45.40  
27.77   27.87   27.96   28.32   28.91   29.38   29.28   29.39   29.99   30.91   31.93   32.99   34.10   35.20   36.31   36.89   37.84   39.06   39.13   40.03   41.13   42.57   42.86   43.59   44.86   46.04   46.81   47.03   48.11   48.69   50.11   51.55   52.09   53.68   52.86   52.88   52.28   52.34   52.36   51.35   50.73   50.51   50.11   49.83   49.40   48.91   48.21   47.50   46.75   46.18  
29.22   29.32   29.40   29.41   29.75   30.37   30.89   30.39   30.35   31.00   31.94   33.00   34.09   35.24   36.34   37.56   38.01   39.03   40.46   40.20   41.26   42.17   43.21   44.28   44.93   46.36   47.60   48.46   48.41   49.74   49.99   50.75   52.13   52.87   54.47   53.67   53.67   53.07   52.75   52.11   51.97   51.52   51.27   50.81   50.35   49.60   48.90   48.10   47.53   47.10  
30.16   30.81   30.84   30.93   30.86   31.21   31.87   31.56   31.66   31.42   32.07   33.02   34.11   35.21   36.39   37.50   38.88   39.13   39.75   41.09   41.28   42.15   43.29   44.35   45.55   46.29   47.94   49.16   49.81   49.76   51.38   50.75   51.77   52.94   54.14   55.30   54.26   54.25   53.48   53.48   52.93   52.74   52.23   51.81   51.00   50.31   49.46   48.88   48.51   47.75  
31.37   31.60   32.41   32.33   32.47   32.30   32.67   33.25   32.74   32.85   32.63   33.21   34.12   35.25   36.35   37.58   38.12   39.43   39.79   40.59   41.93   42.49   43.50   44.60   45.42   46.99   47.54   48.30   48.95   50.59   50.70   52.17   52.01   53.31   53.92   54.63   55.92   54.85   55.06   54.36   54.26   53.75   53.68   52.43   51.77   50.84   50.25   49.97   49.14   48.39  
32.80   32.82   33.01   34.06   33.60   33.44   33.79   34.13   34.41   34.12   33.89   33.68   34.39   35.27   36.35   37.01   38.15   38.92   40.24   40.83   41.75   42.68   43.64   44.48   45.43   46.12   46.78   47.85   49.52   49.41   50.57   51.27   52.59   53.12   54.37   55.43   55.41   56.50   55.74   55.85   55.23   55.72   53.93   53.29   52.26   51.63   51.50   50.55   49.76   49.23  
34.26   34.26   34.27   34.36   34.91   34.86   34.71   35.30   35.61   35.38   35.13   35.00   34.84   35.59   36.42   37.41   38.06   39.26   39.81   41.10   41.67   42.77   43.49   43.99   44.68   45.33   46.42   48.14   47.99   49.02   49.87   51.07   51.79   53.20   54.17   55.41   56.84   56.43   57.42   56.59   56.92   55.34   54.85   53.69   53.01   53.09   51.98   51.15   50.65   50.07  
35.72   35.71   35.71   35.70   35.70   36.20   35.87   35.96   36.83   36.57   36.51   36.06   36.20   35.90   36.79   37.58   38.64   39.20   40.57   40.83   41.96   42.48   42.61   43.29   44.04   45.11   46.78   46.57   47.45   48.41   49.57   50.39   51.63   52.64   53.87   55.24   56.29   57.65   57.29   58.33   56.70   56.53   55.26   54.59   54.21   53.44   52.61   52.10   51.50   50.85  
37.14   37.15   37.14   37.14   37.13   37.05   37.47   37.09   37.14   38.10   37.08   36.83   37.03   36.83   36.77   37.62   38.40   39.67   39.99   41.29   41.41   41.48   42.10   43.31   43.98   45.52   45.25   45.88   46.88   48.04   48.98   50.15   51.17   52.55   54.20   54.97   56.61   56.76   57.63   57.67   58.63   57.09   56.31   55.98   55.17   54.16   53.63   52.97   52.33   51.39  
38.56   38.56   38.57   38.55   38.56   38.54   38.55   38.53   38.51   38.41   38.23   37.90   37.90   37.80   37.64   37.47   38.54   39.00   40.31   40.30   40.52   41.52   42.85   43.31   44.75   44.13   44.42   45.35   46.48   47.52   48.69   49.74   51.05   52.62   54.09   55.91   55.63   56.22   57.17   57.36   58.01   58.22   57.97   56.81   55.97   55.27   54.50   53.94   52.88   52.17  
39.92   39.99   39.97   39.98   39.96   39.98   39.95   39.94   39.84   39.71   39.35   39.33   39.22   39.05   38.88   38.64   38.16   39.31   39.34   39.41   40.33   41.57   42.78   44.29   43.31   43.32   43.92   44.94   46.02   47.21   48.34   49.62   51.09   52.56   54.22   54.53   55.47   55.61   56.37   57.84   57.30   58.67   58.34   57.71   56.98   56.12   55.61   54.44   53.81   52.43  
41.24   41.35   41.42   41.38   41.41   41.37   41.38   41.27   41.17   40.79   40.77   40.65   40.46   40.30   40.07   39.60   38.86   38.54   38.33   39.17   40.35   41.53   42.80   42.77   42.84   42.62   43.53   44.56   45.72   46.91   48.21   49.63   51.05   52.60   53.80   54.77   54.29   55.32   56.02   56.09   57.67   57.60   59.11   59.17   57.90   57.66   56.15   55.74   53.99   52.62  
42.41   42.69   42.78   42.86   42.80   42.84   42.70   42.65   42.26   42.22   42.09   41.89   41.73   41.52   41.12   40.24   39.97   39.40   38.60   39.15   40.30   41.40   41.52   41.57   41.51   42.21   43.21   44.30   45.49   46.81   48.21   49.60   51.04   52.21   53.09   53.11   54.28   54.42   54.67   56.04   56.68   57.53   57.77   58.54   59.96   57.93   57.87   55.80   54.18   52.89  
43.65   43.84   44.16   44.23   44.33   44.13   44.14   43.80   43.69   43.55   43.32   43.18   42.97   42.61   41.75   41.43   40.84   40.05   38.91   39.09   40.08   40.30   40.34   40.38   41.15   42.04   42.96   44.13   45.42   46.81   48.19   49.56   50.68   51.49   51.79   53.41   53.00   53.36   54.84   55.36   56.61   56.48   57.12   58.03   58.59   60.03   57.70   56.03   54.47   53.14  
45.04   45.09   45.27   45.86   45.56   45.67   45.24   45.15   45.03   44.77   44.64   44.44   44.12   43.31   42.91   42.29   41.52   40.34   39.03   38.81   39.09   39.23   40.08   41.03   41.69   42.52   43.41   44.21   45.41   46.78   48.12   49.23   50.00   50.43   51.69   51.71   52.32   53.91   53.98   55.60   54.93   55.51   56.14   56.83   57.71   57.81   58.06   55.86   54.20   52.89  
46.12   46.56   46.54   46.68   47.24   46.67   46.63   46.53   46.22   46.13   45.93   45.65   44.92   44.40   43.75   43.01   41.78   40.44   39.15   38.05   38.65   39.65   40.52   41.48   42.45   43.05   43.90   44.80   45.56   46.69   47.78   48.56   49.10   50.10   50.33   51.11   52.59   53.41   55.02   53.95   53.90   54.52   55.04   55.73   55.98   56.18   55.96   55.87   54.07   52.64  
47.35   47.57   48.12   48.00   48.10   48.14   48.06   47.68   47.64   47.42   47.16   46.70   45.90   45.22   44.54   43.24   41.87   40.55   39.47   38.52   39.13   40.10   41.10   41.89   42.86   43.92   44.41   45.29   46.21   46.87   47.29   47.74   48.62   49.22   50.01   51.53   52.50   54.17   53.27   53.33   52.90   53.43   53.91   54.19   54.46   54.71   54.36   54.16   53.90   52.49  
48.71   48.84   49.03   49.73   49.05   48.99   49.15   49.17   48.94   48.68   48.25   47.37   46.69   46.10   44.70   43.31   41.96   40.92   40.01   39.03   39.59   40.55   41.53   42.54   43.25   44.27   45.39   45.63   46.59   47.01   48.14   48.48   48.73   49.91   50.49   51.38   53.09   52.66   52.59   51.90   51.88   52.35   52.64   52.97   53.66   53.07   53.08   52.79   52.58   52.20  
49.95   50.25   50.35   50.48   50.51   50.42   50.48   50.47   50.22   49.84   48.86   48.16   47.71   46.18   44.77   43.37   42.37   41.52   40.54   39.48   40.13   40.98   42.00   42.84   44.06   44.41   45.38   46.44   46.82   48.21   48.01   48.23   49.46   49.34   50.23   51.71   52.06   51.62   51.24   51.06   50.83   51.15   51.57   52.73   51.97   52.14   51.62   51.53   51.28   51.05  
51.08   51.50   51.82   51.88   51.89   52.00   51.95   51.78   51.48   50.35   49.62   49.39   47.66   46.26   44.78   43.83   43.05   42.08   40.97   39.83   40.69   41.62   42.33   43.57   43.70   44.51   45.60   46.45   47.62   46.94   47.42   48.87   48.07   49.24   50.24   51.02   50.45   50.53   50.16   49.80   49.78   50.24   51.17   51.13   51.52   50.86   50.68   50.25   50.10   49.87  
52.42   52.62   53.09   53.45   53.45   53.46   53.36   53.18   51.85   51.14   50.35   48.67   47.77   46.19   45.31   44.61   43.64   42.50   41.33   40.40   41.20   42.07   43.32   43.60   44.52   45.11   45.89   47.09   46.11   46.53   47.60   47.22   48.03   48.99   49.60   49.35   49.46   49.04   49.01   48.93   48.95   49.67   49.78   50.14   49.92   50.23   49.56   49.26   48.88   48.70  
53.62   54.05   54.19   54.62   55.07   54.97   54.98   53.38   52.28   51.52   49.79   48.74   47.53   46.84   46.21   45.25   44.04   42.91   41.87   40.77   41.70   42.58   43.40   44.46   44.96   46.01   46.51   45.54   45.56   46.42   46.02   46.97   47.52   48.64   49.42   50.35   50.41   50.50   50.43   50.49   50.53   50.43   50.52   50.32   50.43   49.93   49.59   48.29   47.88   47.52  
55.03   55.24   55.77   55.86   55.81   56.90   54.97   53.64   53.08   51.28   49.92   49.05   48.43   47.86   46.89   45.63   44.44   43.36   42.17   41.39   42.16   43.10   44.04   44.78   45.96   46.32   44.98   44.94   45.33   44.90   45.86   46.39   47.64   48.88   49.94   51.08   52.13   52.04   52.17   52.06   52.04   52.22   52.05   52.18   51.63   51.03   49.69   48.52   47.10   46.52  
56.40   56.75   56.93   57.45   57.61   56.31   55.12   54.67   52.88   51.51   50.66   50.06   49.56   48.58   47.25   46.01   44.90   43.65   42.30   41.93   42.85   43.54   44.67   45.44   46.12   44.81   44.67   44.38   44.13   44.62   45.48   46.62   47.97   49.23   50.56   51.58   52.77   53.96   53.27   53.31   53.80   53.67   53.95   53.54   52.88   51.32   50.18   48.65   47.30   45.91  
57.85   58.14   58.38   58.74   58.03   56.56   56.11   54.53   53.13   52.31   51.71   51.30   50.30   48.88   47.61   46.48   45.16   43.76   42.33   42.77   43.35   44.50   44.83   46.13   44.67   44.51   43.58   43.34   43.54   44.63   45.76   46.99   48.17   49.60   50.86   52.27   53.21   54.45   54.95   54.90   54.94   55.59   55.27   54.72   53.05   51.81   50.25   48.88   47.40   46.12  
58.71   59.71   59.79   59.73   58.16   57.90   56.00   54.77   54.00   53.39   53.09   52.05   50.54   49.22   48.10   46.72   45.26   43.79   42.37   43.16   44.60   44.67   46.04   44.66   44.51   43.34   43.00   42.73   43.78   44.97   46.07   47.31   48.57   49.76   51.29   52.50   54.02   54.86   56.00   56.48   56.62   56.57   56.83   54.94   53.55   51.87   50.53   48.94   47.64   46.17  
60.23   60.39   61.38   59.77   59.56   57.61   56.46   55.73   55.06   54.92   53.84   52.21   50.86   49.77   48.32   46.80   45.28   43.80   42.59   43.75   44.54   46.26   44.67   44.42   43.27   42.99   42.04   42.94   44.16   45.19   46.47   47.57   48.88   50.20   51.36   53.01   54.13   55.83   56.50   57.75   57.82   58.59   56.62   55.07   53.52   52.24   50.52   49.25   47.65   46.38  
60.92   62.18   61.40   61.16   59.21   58.17   57.50   56.72   56.79   55.66   53.89   52.51   51.49   49.95   48.39   46.81   45.29   43.81   43.21   44.03   45.29   44.51   44.52   43.29   42.86   41.94   42.09   43.23   44.31   45.62   46.55   48.02   49.12   50.52   51.89   52.96   54.78   55.70   57.70   57.89   59.81   57.86   56.75   55.26   53.47   51.98   50.93   49.18   47.89   46.61  
61.47   62.74   62.27   60.88   59.92   59.33   58.44   57.95   57.53   55.59   54.17   53.27   51.62   50.02   48.38   46.82   45.29   43.86   43.15   44.81   44.13   43.75   43.23   42.93   41.92   41.38   42.32   43.43   44.63   45.69   47.14   47.96   49.67   50.71   51.77   53.50   54.54   56.18   56.79   58.81   57.93   58.36   56.39   55.03   53.68   52.06   50.75   49.47   48.11   46.95  
62.55   63.28   62.68   61.72   61.28   60.24   59.50   59.30   57.29   55.82   55.11   53.32   51.69   49.99   48.40   46.81   45.33   44.00   43.64   43.29   43.58   42.77   42.27   41.79   41.39   41.59   42.45   43.69   44.68   46.11   47.09   48.75   49.41   50.28   51.82   53.36   54.67   55.65   57.19   57.78   57.69   56.85   56.45   54.73   53.35   52.48   50.67   49.67   48.54   46.82  
63.58   64.55   63.66   63.33   62.19   61.19   60.99   58.95   57.45   57.02   55.02   53.41   51.65   50.02   48.38   46.84   45.46   44.32   43.66   42.54   42.29   42.02   41.32   40.80   41.23   41.67   42.94   43.78   45.14   46.05   47.65   48.31   48.88   50.62   51.91   53.11   54.13   55.72   57.02   57.25   56.71   56.11   55.54   54.69   53.07   51.76   51.47   49.60   48.13   46.95  
65.30   65.44   65.51   64.13   63.04   62.65   60.62   59.11   58.27   56.33   55.17   53.33   51.70   50.00   48.41   46.93   45.98   45.26   43.75   42.50   41.17   40.82   40.48   40.01   40.54   41.72   42.96   44.38   45.10   46.66   47.25   47.76   49.42   50.32   51.88   52.53   54.20   55.62   55.60   55.94   57.22   55.43   54.53   54.38   53.02   51.55   50.24   49.68   48.05   46.65  
65.88   67.47   66.09   64.93   64.47   62.28   60.77   59.75   57.74   56.43   54.66   53.37   51.64   50.03   48.43   47.42   46.92   45.32   44.04   42.60   41.34   40.07   39.40   39.43   40.51   41.70   43.02   44.29   45.90   46.09   46.75   48.42   48.84   50.52   51.39   53.09   54.00   53.96   54.38   55.69   55.17   56.40   54.42   53.01   53.28   51.40   49.92   48.70   47.99   46.55  
65.67   67.99   66.95   65.20   64.00   62.43   61.29   59.24   57.86   56.04   54.64   52.99   51.63   49.99   48.88   48.56   47.03   45.61   44.13   42.78   41.47   40.30   38.99   39.54   40.51   41.73   42.97   44.36   44.79   45.90   47.08   47.47   49.02   50.30   51.64   52.21   52.36   52.85   54.30   54.13   55.14   54.40   54.74   52.97   51.54   51.39   49.76   48.33   47.18   46.39  
65.67   65.51   66.04   65.81   63.70   62.51   60.70   59.36   57.50   56.06   54.36   52.97   51.49   50.35   50.30   48.52   47.11   45.58   44.23   42.89   41.74   40.38   39.04   39.74   40.73   41.70   42.96   43.90   45.00   46.09   46.51   48.12   48.93   50.26   50.53   50.75   51.37   53.18   53.04   54.13   53.99   54.68   53.27   53.19   51.35   50.03   49.60   48.14   46.78   45.70  
63.72   64.65   64.05   64.04   64.36   62.20   61.10   59.22   57.87   56.06   54.71   53.15   51.91   51.25   49.56   48.64   47.04   45.71   44.31   43.21   41.80   40.41   39.05   40.14   40.91   41.98   42.96   44.13   45.31   45.41   47.00   47.60   48.89   48.99   49.18   49.86   51.39   52.11   53.41   52.95   53.81   52.95   54.24   52.46   51.57   49.78   48.56   47.90   46.57   45.29  
62.60   62.57   63.39   62.44   62.25   62.80   60.96   59.76   57.76   56.50   54.83   53.57   52.48   50.67   49.97   48.29   47.21   45.73   44.71   43.24   41.84   40.40   39.08   40.14   41.39   42.09   43.30   44.28   44.31   45.92   46.50   47.63   47.71   47.75   49.18   50.15   51.27   52.53   51.98   52.70   52.03   52.43   52.36   53.15   51.20   49.96   48.31   47.09   46.28   45.05  
60.81   61.66   61.29   62.04   61.46   60.85   61.12   59.41   58.31   56.51   55.04   53.75   51.99   50.84   49.27   48.80   47.15   46.26   44.69   43.29   41.82   40.42   39.15   40.24   41.31   42.72   43.31   43.15   44.88   45.16   46.21   46.36   46.39   47.68   49.07   50.84   51.68   51.59   52.04   50.98   51.02   51.38   51.92   51.27   51.61   49.85   48.62   46.98   45.67   44.76  
59.75   59.69   60.57   60.07   60.58   59.69   59.15   59.23   57.76   56.67   55.03   53.42   52.21   50.49   49.23   47.87   47.85   46.14   44.76   43.25   41.84   40.41   39.17   40.31   41.45   42.40   42.01   43.67   44.45   44.75   45.39   45.09   46.21   47.56   49.29   50.13   50.45   51.36   50.34   50.29   50.23   50.37   50.23   51.16   50.15   50.29   48.47   47.07   45.57   44.34  
58.00   58.67   58.59   59.30   58.63   59.09   57.98   57.45   57.30   56.11   54.89   53.31   51.77   50.50   48.94   47.68   46.52   46.19   44.68   43.29   41.82   40.42   39.42   40.30   41.52   41.10   42.11   42.98   43.48   44.41   43.95   45.05   46.11   47.76   48.64   49.15   50.83   49.63   49.49   48.93   49.04   49.28   49.53   49.34   49.42   48.75   48.51   46.97   45.62   44.24  
56.84   56.91   57.44   57.36   58.18   57.20   57.56   56.31   55.74   55.43   54.35   53.13   51.61   50.15   48.87   47.42   46.19   45.13   44.59   43.23   41.84   40.41   39.31   40.63   40.23   40.75   41.63   42.26   43.68   43.02   43.83   44.94   46.54   47.30   47.78   49.36   49.04   49.08   48.16   47.88   48.44   47.99   47.86   47.95   48.13   47.92   47.26   46.86   45.54   44.26  
55.22   55.64   55.70   56.31   56.16   56.21   55.72   55.88   54.65   54.04   53.62   52.61   51.40   49.97   48.57   47.31   45.95   44.74   43.73   43.06   41.78   40.39   39.48   39.53   40.13   40.37   41.03   42.19   42.19   42.58   43.81   45.24   46.00   46.39   47.60   47.63   47.85   47.56   47.46   46.91   46.79   46.91   46.57   46.75   47.03   47.10   46.48   45.85   45.35   44.18  
53.90   54.05   54.52   54.54   55.16   54.51   54.45   54.56   54.09   53.00   52.36   51.86   50.90   49.73   48.37   47.05   45.80   44.49   43.30   42.33   41.48   40.31   39.05   38.41   39.11   39.84   40.80   40.98   41.39   42.50   43.86   45.18   45.04   45.99   46.14   46.66   46.24   46.31   46.09   45.93   45.55   45.44   45.50   46.49   45.98   45.71   46.04   45.15   44.51   43.93  
52.40   52.80   52.92   53.38   53.23   53.36   52.87   52.81   53.52   52.40   51.37   50.71   50.15   49.24   48.12   46.84   45.56   44.33   43.05   41.89   40.92   40.03   38.89   37.95   38.67   39.51   39.79   40.23   41.25   42.52   43.64   43.71   44.44   44.78   45.60   45.49   45.16   44.81   44.79   44.61   44.45   44.28   45.04   45.01   45.55   44.75   44.56   44.94   43.88   43.21  
51.14   51.32   51.68   51.63   51.70   51.62   51.65   51.77   51.63   51.72   50.75   49.78   49.11   48.51   47.64   46.57   45.35   44.10   42.87   41.63   40.49   39.52   38.61   37.57   38.28   38.63   39.10   40.04   41.22   42.20   42.37   42.95   43.42   44.67   44.05   44.08   43.96   43.65   43.34   43.28   43.13   43.67   43.77   44.18   44.12   44.84   43.59   43.45   43.59   42.67  
49.77   50.06   50.07   50.11   50.06   50.10   50.17   50.09   50.15   50.07   50.01   49.15   48.24   47.56   46.93   46.10   45.06   43.88   42.65   41.44   40.22   39.11   38.14   37.24   37.50   37.99   38.86   39.95   40.83   41.08   41.51   42.01   43.01   42.94   43.07   42.61   42.56   42.43   42.15   41.89   42.34   42.52   42.85   42.92   43.45   43.34   43.37   42.45   42.19   42.19  
48.50   48.55   48.58   48.54   48.57   48.63   48.57   48.61   48.56   48.59   48.53   48.38   47.60   46.74   46.05   45.42   44.60   43.58   42.42   41.22   40.02   38.83   37.74   36.78   36.89   37.72   38.73   39.54   39.83   40.15   40.63   41.45   41.52   41.60   41.51   41.54   41.19   41.10   40.96   41.05   41.29   41.57   41.70   42.12   42.10   42.15   42.08   41.99   41.24   40.97  
47.05   47.08   47.06   47.08   47.12   47.09   47.11   47.08   47.09   47.06   47.08   47.01   46.80   46.09   45.27   44.59   43.93   43.12   42.12   40.99   39.81   38.63   37.46   36.39   36.60   37.54   38.29   38.61   38.88   39.31   40.00   40.15   40.21   40.16   40.19   40.14   40.11   39.83   39.84   40.07   40.33   40.50   40.84   40.88   40.91   40.87   40.89   40.83   40.67   40.05  
