#Value Function.
72.0171 72.2736 72.7969 73.0368 73.2224 73.3837 73.5186 73.6444 73.7536 73.8385 73.9023 73.9432 73.9722 73.9822 73.9994 73.9962 73.9896 73.9624 73.9406 73.8994 73.8558 73.8876 73.9533 74.0213 74.0515 74.0456 73.9903 73.8925 73.7257 73.4615 73.0905 72.6038 71.9967 71.2782 70.4520 69.5278 68.5224 67.4632 66.3785 65.2839 64.1861 63.0874 61.9885 60.8895 59.7904 58.6911 57.5907 56.4872 55.3770 55.0236
69.9434 73.8119 74.0259 74.2214 74.3981 74.5476 74.6772 74.7946 74.8872 74.9610 75.0141 75.0504 75.0703 75.0765 75.0825 75.0753 75.0683 75.0493 75.0276 74.9862 74.9440 74.9922 75.0553 75.1069 75.1155 75.1096 75.0624 74.9770 74.8144 74.5345 74.1432 73.6315 72.9974 72.2539 71.4034 70.4572 69.4338 68.3630 67.2731 66.1765 65.0781 63.9792 62.8802 61.7811 60.6820 59.5826 58.4819 57.3776 56.2658 55.1380
70.5911 74.7219 74.9430 75.1501 75.3451 75.5136 75.6611 75.7807 75.8860 75.9707 76.0371 76.0818 76.1036 76.1102 76.1163 76.1093 76.1023 76.0817 76.0457 76.0137 75.9622 75.9445 76.0534 76.0975 76.1278 76.1100 76.0590 75.9312 75.6641 75.2777 74.7685 74.1316 73.3867 72.5334 71.5835 70.5546 69.4785 68.3863 67.2887 66.1901 65.0911 63.9920 62.8930 61.7939 60.6946 59.5942 58.4904 57.3790 56.2576 55.1291
71.4409 75.6236 75.8469 76.0689 76.2741 76.4625 76.6216 76.7552 76.8661 76.9579 77.0286 77.0821 77.1130 77.1200 77.1264 77.1196 77.1115 77.0848 77.0504 77.0095 76.9676 76.9113 76.9846 77.0673 77.0794 77.0762 76.9970 76.7689 76.3994 75.9014 75.2639 74.5196 73.6634 72.7101 71.6754 70.5934 69.4991 68.4008 67.3020 66.2029 65.1039 64.0048 62.9057 61.8065 60.7065 59.6033 58.4923 57.3699 56.2439 55.1177
72.3115 76.5253 76.7483 76.9717 77.1881 77.3854 77.5607 77.7118 77.8295 77.9265 77.9907 78.0504 78.0905 78.1003 78.1068 78.1003 78.0820 78.0645 78.0312 77.9882 77.9308 77.8938 77.9107 77.9633 77.9730 77.9525 77.8111 77.4946 77.0110 76.3894 75.6505 74.7929 73.8370 72.7963 71.7075 70.6117 69.5127 68.4139 67.3147 66.2157 65.1166 64.0176 62.9184 61.8187 60.7162 59.6059 58.4826 57.3525 56.2451 55.1268
73.1791 77.4270 77.6502 77.8728 78.0900 78.2939 78.4777 78.6466 78.7758 78.8644 78.9525 78.9973 79.0265 79.0508 79.0577 79.0511 79.0333 79.0158 78.9825 78.9240 78.8834 78.8297 78.8211 78.8345 78.8291 78.7315 78.5046 78.0871 77.4946 76.7778 75.9202 74.9640 73.9174 72.8206 71.7242 70.6244 69.5258 68.4265 67.3276 66.2285 65.1294 64.0303 62.9308 61.8290 60.7197 59.5958 58.4615 57.3477 56.3005 55.1951
74.0595 78.3427 78.5486 78.7683 78.9850 79.1893 79.3810 79.5575 79.7002 79.8020 79.8733 79.9340 79.9553 79.9723 79.9786 79.9728 79.9545 79.9379 79.9006 79.8646 79.8055 79.7556 79.7127 79.6830 79.5862 79.4240 79.1008 78.5677 77.8872 77.0430 76.0897 75.0385 73.9322 72.8367 71.7360 70.6377 69.5383 68.4394 67.3403 66.2413 65.1422 64.0428 62.9418 61.8337 60.7096 59.5709 58.4498 57.3981 56.4477 55.3566
74.9586 79.2785 79.4617 79.6638 79.8734 80.0787 80.2769 80.4472 80.5999 80.7162 80.7820 80.8340 80.8649 80.8702 80.8766 80.8697 80.8533 80.8346 80.8163 80.7734 80.7058 80.6360 80.5562 80.4445 80.3049 80.0251 79.5757 78.9610 78.1467 77.2050 76.1588 75.0413 73.9497 72.8473 71.7498 70.6500 69.5513 68.4521 67.3531 66.2540 65.1548 64.0545 62.9478 61.8240 60.6809 59.5515 58.4948 57.5457 56.6968 55.6165
75.8769 80.2347 80.3955 80.5743 80.7663 80.9659 81.1587 81.3325 81.4750 81.5980 81.6823 81.7312 81.7501 81.7577 81.7551 81.7506 81.7356 81.7304 81.7060 81.6632 81.5931 81.5021 81.3781 81.2368 80.9727 80.5721 80.0081 79.2327 78.3170 77.2710 76.1448 75.0654 73.9583 72.8621 71.7616 70.6632 69.5639 68.4649 67.3658 66.2668 65.1670 64.0620 62.9392 61.7915 60.6528 59.5904 58.6430 57.8006 57.0234 55.9475
76.8109 81.2069 81.3435 81.5002 81.6680 81.8501 82.0328 82.2012 82.3508 82.4723 82.5639 82.6144 82.6373 82.6350 82.6316 82.6193 82.6166 82.6083 82.5861 82.5438 82.4705 82.3654 82.2142 81.9751 81.5964 81.0443 80.3168 79.4172 78.3834 77.2569 76.1830 75.0665 73.9757 72.8733 71.7753 70.6756 69.5768 68.4776 67.3786 66.2793 65.1763 64.0552 62.9031 61.7534 60.6847 59.7394 58.9043 58.1352 57.3832 56.3055
77.7607 82.1964 82.3144 82.4455 82.5923 82.7488 82.9149 83.0741 83.2178 83.3357 83.4252 83.4858 83.5083 83.5125 83.5016 83.4910 83.4943 83.4837 83.4581 83.4064 83.3247 83.2017 82.9859 82.6352 82.1078 81.3883 80.5059 79.4858 78.3640 77.2942 76.1842 75.0923 73.9840 72.8881 71.7876 70.6888 69.5895 68.4905 67.3914 66.2904 65.1722 64.0159 62.8533 61.7777 60.8350 60.0078 59.2473 58.5020 57.7316 56.6477
78.7182 83.1948 83.3041 83.4151 83.5345 83.6719 83.8100 83.9543 84.0897 84.2020 84.2883 84.3457 84.3824 84.3821 84.3817 84.3756 84.3697 84.3569 84.3223 84.2619 84.1745 83.9923 83.6718 83.1695 82.4693 81.5921 80.5833 79.4648 78.4007 77.2916 76.2085 75.1012 74.0041 72.8996 71.8014 70.7015 69.6025 68.5032 67.4042 66.2902 65.1304 63.9523 62.8689 61.9296 61.1112 60.3598 59.6212 58.8547 58.0362 56.9437
79.6686 84.1870 84.3049 84.4045 84.5027 84.6104 84.7328 84.8448 84.9685 85.0730 85.1540 85.2085 85.2400 85.2603 85.2554 85.2495 85.2432 85.2258 85.1901 85.1218 84.9747 84.6882 84.2160 83.5343 82.6745 81.6672 80.5862 79.5085 78.3997 77.3155 76.2146 75.1199 74.0164 72.9171 71.8144 70.7150 69.6154 68.5162 67.4091 66.2472 65.0500 63.9582 63.0233 62.2146 61.4727 60.7410 59.9782 59.1609 58.2804 57.1791
80.5890 85.1515 85.3095 85.4130 85.4974 85.5833 85.6797 85.7803 85.8646 85.9633 86.0355 86.0854 86.1146 86.1335 86.1353 86.1289 86.1230 86.1080 86.0547 85.9464 85.6950 85.2568 84.5909 83.7501 82.7494 81.6641 80.6052 79.5191 78.4309 77.3241 76.2332 75.1301 74.0325 72.9308 71.8306 70.7288 69.6289 68.5293 67.3674 66.1458 65.0452 64.1162 63.3181 62.5861 61.8613 61.1022 60.2858 59.4044 58.4617 57.3528
81.4260 86.0299 86.2889 86.4229 86.5071 86.5771 86.6508 86.7230 86.8029 86.8722 86.9443 86.9830 87.0015 87.0200 87.0264 87.0209 87.0134 86.9866 86.9013 86.6845 86.2826 85.6380 84.8037 83.8162 82.7273 81.6880 80.6052 79.5279 78.4383 77.3477 76.2411 75.1454 74.0445 72.9458 71.8448 70.7443 69.6430 68.4925 67.2391 66.1296 65.2082 64.4218 63.7001 62.9822 62.2267 61.4111 60.5285 59.5832 58.5892 57.4754
82.1261 86.7655 87.1881 87.4169 87.5278 87.5933 87.6493 87.7056 87.7515 87.8114 87.8609 87.9057 87.9309 87.9262 87.9368 87.9292 87.9199 87.8541 87.6758 87.2994 86.6738 85.8584 84.8715 83.7930 82.7592 81.6774 80.6139 79.5308 78.4457 77.3569 76.2598 75.1564 74.0585 72.9585 71.8593 70.7587 69.6263 68.3283 67.2110 66.2995 65.5259 64.8146 64.1038 63.3516 62.5367 61.6529 60.7048 59.7073 58.6807 57.5649
82.6371 87.3053 87.9484 88.3357 88.5349 88.6239 88.6716 88.7150 88.7465 88.7796 88.8178 88.8486 88.8627 88.8793 88.8682 88.8639 88.8244 88.6697 88.3174 87.7118 86.9024 85.9271 84.8480 83.8208 82.7480 81.6903 80.6054 79.5351 78.4493 77.3637 76.2695 75.1724 74.0709 72.9721 71.8724 70.7729 69.4107 68.2893 67.3903 66.6303 65.9299 65.2261 64.4770 63.6627 62.7775 61.8266 60.8253 59.7951 58.7573 57.6422
82.9656 87.6416 88.5083 89.1297 89.4782 89.6416 89.7122 89.7417 89.7679 89.7860 89.8075 89.8214 89.8363 89.8355 89.8374 89.8063 89.6825 89.3501 88.7525 87.9473 86.9726 85.8936 84.8742 83.8034 82.7566 81.6809 80.6111 79.5259 78.4507 77.3621 76.2749 75.1819 74.0851 72.9850 71.8857 70.4821 69.3644 68.4811 67.7353 67.0459 66.3490 65.6029 64.7889 63.9024 62.9485 61.9433 60.9093 59.8687 58.8388 57.7264
83.1618 87.8350 88.8488 89.7099 90.3017 90.6180 90.7430 90.7925 90.8107 90.8181 90.8237 90.8353 90.8351 90.8407 90.8172 90.7079 90.4037 89.8081 88.9917 88.0253 86.9785 85.9281 84.8517 83.8091 82.7369 81.6762 80.5993 79.5262 78.4448 77.3616 76.2743 75.1864 74.0941 72.9979 71.5451 70.4374 69.5721 68.8410 68.1626 67.4727 66.7293 65.9153 65.0275 64.0705 63.0612 62.0234 60.9798 59.9483 58.9394 57.8302
83.3009 87.9663 89.0421 90.0517 90.9116 91.4696 91.7468 91.8399 91.8688 91.8761 91.8776 91.8690 91.8720 91.8560 91.7634 91.4738 90.8784 90.0462 89.0794 88.0320 86.9795 85.9259 84.8668 83.7876 82.7288 81.6606 80.5915 79.5166 78.4371 77.3559 76.2726 75.1862 74.0981 72.5969 71.5089 70.6640 69.9474 69.2801 68.5971 67.8561 67.0420 66.1530 65.1926 64.1791 63.1373 62.0907 61.0574 60.0487 59.0629 57.9549
83.4473 88.1033 89.1575 90.2383 91.2525 92.1154 92.6324 92.8676 92.9275 92.9345 92.9363 92.9316 92.9119 92.8389 92.5719 91.9616 91.1239 90.1450 89.0999 88.0313 86.9737 85.9148 84.8544 83.7876 82.7134 81.6450 80.5767 79.5020 78.4266 77.3478 76.2669 75.1838 73.6359 72.5803 71.7570 71.0545 70.3983 69.7225 68.9834 68.1688 67.2787 66.3149 65.2969 64.2510 63.2015 62.1662 61.1577 60.1750 59.1963 58.0856
83.6348 88.2707 89.2782 90.3397 91.4323 92.4530 93.3207 93.7810 93.9703 93.9876 93.9866 93.9835 93.9309 93.6956 93.0652 92.2131 91.2274 90.1762 89.0943 88.0336 86.9628 85.9023 84.8377 83.7705 82.7028 81.6306 80.5564 79.4861 78.4122 77.3368 76.2584 74.6594 73.6539 72.8516 72.1622 71.5172 70.8487 70.1111 69.2954 68.4048 67.4373 66.4145 65.3645 64.3120 63.2746 62.2661 61.2868 60.3131 59.3110 58.1947
83.8788 88.4679 89.4176 90.4479 91.5226 92.6244 93.6494 94.5207 94.9006 95.0140 95.0055 95.0001 94.8164 94.1737 93.3080 92.3133 91.2639 90.1788 89.1051 88.0222 86.9556 85.8868 84.8189 83.7533 82.6864 81.6133 80.5407 79.4672 78.3958 76.7776 75.6630 74.7332 73.9478 73.2703 72.6366 71.9758 71.2392 70.4219 69.5309 68.5597 67.5319 66.4774 65.4221 64.3828 63.3740 62.3983 61.4304 60.4304 59.3862 58.2656
84.1760 88.6955 89.5558 90.5520 91.6061 92.7033 93.8064 94.8254 95.6684 95.9190 95.9217 95.8665 95.2561 94.3898 93.4016 92.3543 91.2719 90.1895 89.1052 88.0230 86.9421 85.8722 84.8033 83.7354 82.6641 81.5955 80.5234 78.9760 77.7967 76.7451 75.8239 75.0451 74.3786 73.7565 73.1041 72.3676 71.5474 70.6575 69.6816 68.6486 67.5897 66.5316 65.4903 64.4810 63.5090 62.5484 61.5506 60.5032 59.4298 58.3066
84.3963 88.8659 89.7068 90.6545 91.6874 92.7750 93.8765 94.9580 95.8934 96.5580 96.5500 96.1881 95.4273 94.4830 93.4430 92.3676 91.2762 90.1719 89.1034 88.0228 86.9411 85.8612 84.7842 83.7136 82.6448 81.2127 80.0188 78.8886 77.8329 76.9093 76.1418 75.4869 74.8769 74.2338 73.4965 72.6719 71.7844 70.8033 69.7634 68.7008 67.6403 66.5972 65.5869 64.6188 63.6669 62.6717 61.6199 60.5444 59.4550 58.3308
84.4660 88.9313 89.8562 90.7601 91.7840 92.8449 93.9208 94.9903 95.9426 96.5575 96.5914 96.2051 95.4617 94.5009 93.4583 92.3783 91.2743 90.1843 89.0769 88.0159 86.9342 85.8527 84.6161 83.4531 82.2796 81.1156 79.9798 78.9174 77.9786 77.2170 76.5845 75.9919 75.3651 74.6264 73.7944 72.9119 71.9232 70.8770 69.8085 68.7470 67.7015 66.6902 65.7266 64.7856 63.7939 62.7359 61.6589 60.5678 59.4728 58.3481
84.4536 88.9866 89.9092 90.9267 91.8597 92.9274 93.9642 95.0003 95.7870 96.0287 96.0511 95.9885 95.3552 94.4780 93.4670 92.3704 91.2923 90.1806 89.0868 87.9512 86.8119 85.7124 84.5662 83.3901 82.2191 81.0723 79.9951 79.0295 78.2420 77.6199 77.0696 76.4784 75.7471 74.9084 74.0418 73.0420 71.9874 70.9142 69.8473 68.8030 67.7888 66.8301 65.9029 64.9171 63.8502 62.7730 61.6801 60.5851 59.4872 58.3624
84.3380 88.9409 90.0255 90.9891 92.0230 92.9470 94.0045 94.8220 95.1761 95.3147 95.3402 95.3028 95.0686 94.3491 93.4469 92.4002 91.2864 90.2059 89.0649 87.9146 86.8319 85.6828 84.5015 83.3225 82.1684 81.0562 80.0527 79.2230 78.5372 77.9918 77.4918 76.8042 76.0022 75.1654 74.1601 73.0975 72.0170 70.9440 69.8908 68.8795 67.9222 67.0148 66.0402 64.9603 63.8864 62.7915 61.6973 60.5990 59.5011 58.3762
84.2960 88.9517 90.0372 91.1312 92.0419 93.0852 93.8885 94.2997 94.5551 94.5863 94.5856 94.5694 94.4079 94.0260 93.3103 92.3793 91.3261 90.1805 89.0114 87.9549 86.8000 85.6123 84.4314 83.2655 82.1387 81.0877 80.1397 79.3747 78.7317 78.2621 77.6424 76.9916 76.2303 75.2578 74.2013 73.1206 72.0352 70.9706 69.9415 68.9946 68.1171 67.1584 66.0640 64.9976 63.9006 62.8089 61.7103 60.6128 59.5139 58.3890
84.2781 88.9506 90.0933 91.1248 92.1661 92.9757 93.4721 93.7513 93.8308 93.8210 93.8016 93.7985 93.7007 93.4304 92.9649 92.2267 91.2887 90.0962 89.0827 87.9173 86.7223 85.5402 84.3726 83.2324 82.1568 81.1294 80.2138 79.4751 78.8776 78.2987 77.7428 77.0833 76.2512 75.2695 74.2134 73.1329 72.0531 70.9943 69.9901 69.1835 68.2532 67.1484 66.1056 65.0065 63.9196 62.8208 61.7245 60.6255 59.5269 58.4020
84.2606 88.9482 90.0888 91.1383 92.0122 92.5685 92.9024 93.0275 93.0512 93.0514 93.0384 93.0144 92.9459 92.7552 92.4285 91.9101 91.1458 90.2098 89.0268 87.8296 86.6489 85.4811 84.3297 83.2490 82.1738 81.1391 80.2248 79.4830 78.8319 78.3117 77.7481 77.0925 76.2611 75.2816 74.2258 73.1456 72.0656 71.0065 70.0015 69.1367 68.1864 67.1974 66.1010 65.0271 63.9286 62.8353 61.7364 60.6386 59.5395 58.4146
84.2011 88.9084 90.0198 90.9088 91.5504 91.9073 92.0967 92.1470 92.2040 92.2336 92.2299 92.1869 92.1547 92.0297 91.8326 91.4918 90.9022 90.1045 88.9252 87.7502 86.5900 85.4286 84.3576 83.2670 82.1858 81.1286 80.1713 79.4006 78.7468 78.1880 77.6548 77.0095 76.1803 75.2728 74.2334 73.1543 72.0721 71.0072 69.9634 68.9788 68.0787 67.1218 66.1093 65.0245 63.9414 62.8449 61.7492 60.6506 59.5523 58.4273
84.0612 88.7868 89.7309 90.3887 90.7911 90.9945 91.1038 91.1959 91.2388 91.2919 91.3092 91.3521 91.3221 91.3416 91.3052 91.0932 90.6432 89.9764 88.8217 87.6912 86.5197 85.4734 84.3785 83.2903 82.1934 81.1201 80.1154 79.2203 78.5781 77.9516 77.3811 76.7410 76.0012 75.1373 74.1813 73.1451 72.0732 71.0040 69.9485 68.9088 67.9219 66.9888 66.0256 65.0093 63.9368 62.8537 61.7589 60.6627 59.5645 58.4393
83.7297 88.4559 89.1557 89.5730 89.8089 89.9362 90.0450 90.1049 90.1839 90.2524 90.3288 90.3976 90.4432 90.6240 90.7706 90.7470 90.4651 89.8299 88.7522 87.5861 86.5877 85.4873 84.4048 83.3001 82.2038 81.1185 80.0636 79.1188 78.3146 77.6536 77.0260 76.4051 75.7014 74.8974 74.0239 73.0684 72.0480 70.9900 69.9284 68.8734 67.8363 66.8411 65.8887 64.9203 63.9061 62.8442 61.7637 60.6714 59.5756 58.4499
83.1509 87.8569 88.3287 88.5723 88.7206 88.8258 88.9047 88.9982 89.0930 89.1848 89.3058 89.4805 89.8012 90.1388 90.2610 90.2637 90.1820 89.7284 88.6005 87.7011 86.5819 85.5183 84.4103 83.3165 82.2149 81.1251 80.0554 79.0424 78.1464 77.3470 76.6601 75.9981 75.3115 74.5763 73.7662 72.8978 71.9544 70.9473 69.9014 68.8439 67.7903 66.7544 65.7537 64.7874 63.8135 62.8022 61.7486 60.6724 59.5830 58.4557
82.3514 87.0236 87.3260 87.4817 87.5893 87.6776 87.7712 87.8750 87.9886 88.1350 88.3782 88.7875 89.2671 89.6112 89.7182 89.7570 89.7162 89.4265 88.7564 87.6456 86.6259 85.5163 84.4299 83.3260 82.2292 81.1305 80.0458 78.9993 78.0271 77.1482 76.3444 75.6125 74.8982 74.1804 73.4359 72.6330 71.7707 70.8383 69.8437 68.8075 67.7549 66.7036 65.6675 64.6623 63.6864 62.7075 61.6982 60.6514 59.5799 58.4493
81.3964 86.0243 86.2357 86.3485 86.4404 86.5356 86.6422 86.7687 86.9358 87.2038 87.6309 88.1531 88.6234 88.9513 89.0905 89.0813 89.0029 88.8304 88.3811 87.6336 86.5785 85.5310 84.4329 83.3410 82.2404 81.1409 80.0339 78.9812 77.9559 76.9991 76.1120 75.2820 74.5069 73.7704 73.0442 72.2968 71.4993 70.6430 69.7203 68.7365 67.7096 66.6628 65.6137 64.5781 63.5695 62.5860 61.6025 60.5945 59.5532 58.4176
80.3564 84.9378 85.1046 85.2010 85.2984 85.4085 85.5425 85.7256 86.0119 86.4444 86.9674 87.4538 87.8596 88.0802 88.1786 88.1937 88.1016 87.9478 87.7035 87.2142 86.4696 85.4778 84.4322 83.3454 82.2536 81.1441 80.0072 78.8301 77.6792 76.6116 75.8719 75.0127 74.1769 73.3884 72.6415 71.9085 71.1588 70.3651 69.5148 68.6008 67.6270 66.6094 65.5683 64.5222 63.4874 62.4758 61.4863 60.4988 59.4914 58.3512
79.2758 83.8103 83.9605 84.0613 84.1755 84.3178 84.5152 84.8138 85.2427 85.7518 86.2334 86.6407 86.8914 87.0322 87.1029 87.1073 87.1080 86.9840 86.7761 86.4996 86.0178 85.2987 84.3588 83.3331 82.2588 81.1231 79.9335 78.7619 77.7098 76.5733 75.4308 74.3598 73.8138 73.0449 72.2653 71.5129 70.7741 70.0218 69.2306 68.3858 67.4799 66.5158 65.5070 64.4723 63.4297 62.3959 61.3820 60.3874 59.3962 58.2544
78.1828 82.6702 82.8242 82.9437 83.0945 83.3046 83.6128 84.0366 84.5291 85.0008 85.3948 85.6540 85.8154 85.8885 85.9231 85.9328 85.9379 85.9056 85.7794 85.5762 85.2864 84.8199 84.1316 83.2413 82.2391 81.0404 79.8435 78.8296 77.6816 76.5215 75.4733 74.3772 73.3083 72.6535 71.9078 71.1385 70.3841 69.6404 68.8856 68.0962 67.2564 66.3581 65.4031 64.4029 63.3747 62.3362 61.3036 60.2879 59.2892 58.1490
77.0979 81.5385 81.7125 81.8724 82.0937 82.4092 82.8282 83.3060 83.7641 84.1443 84.4055 84.5688 84.6512 84.6877 84.7059 84.7131 84.7218 84.7179 84.6771 84.5591 84.3653 84.0829 83.6396 82.9941 82.1438 80.9015 79.9577 78.7931 77.6067 76.5942 75.4834 74.4243 73.3306 72.2401 71.5155 70.7717 70.0096 69.2547 68.5073 67.7502 66.9621 66.1268 65.2357 64.2893 63.2975 62.2759 61.2417 60.2107 59.1935 58.0561
76.0400 80.4340 80.6505 80.8823 81.2035 81.6176 82.0822 82.5269 82.8953 83.1538 83.3156 83.4018 83.4427 83.4651 83.4740 83.4825 83.4902 83.4938 83.4872 83.4474 83.3400 83.1688 82.9051 82.5234 81.9115 81.0683 79.8890 78.6666 77.7216 76.5813 75.5424 74.4416 73.3536 72.2523 71.1957 70.3978 69.6404 68.8800 68.1248 67.3747 66.6156 65.8284 64.9971 64.1127 63.1744 62.1908 61.1759 60.1462 59.1170 57.9808
75.0331 79.3823 79.6699 79.9959 80.4052 80.8577 81.2895 81.6473 81.9022 82.0631 82.1512 82.1945 82.2173 82.2289 82.2373 82.2452 82.2535 82.2603 82.2653 82.2618 82.2276 82.1503 82.0346 81.8239 81.4940 80.9166 79.6778 78.8478 77.6639 76.6611 75.5494 74.4682 73.3633 72.2673 71.1713 70.1352 69.2909 68.5144 67.7512 66.9949 66.2424 65.4816 64.6951 63.8674 62.9891 62.0586 61.0829 60.0747 59.0497 57.9119
74.1021 78.4111 78.7861 79.1911 79.6324 80.0520 80.4001 80.6510 80.8110 80.9007 80.9461 80.9696 80.9821 80.9909 80.9989 81.0071 81.0151 81.0236 81.0325 81.0417 81.0514 81.0540 81.0505 81.0313 80.8813 80.5622 79.9328 78.6942 77.7802 76.6460 75.5817 74.4727 73.3800 72.2782 71.1809 70.0914 69.0654 68.1897 67.3935 66.6240 65.8652 65.1105 64.3481 63.5621 62.7377 61.8651 60.9420 59.9738 58.9724 57.8301
73.2545 77.5302 77.9750 78.4063 78.8143 79.1535 79.4003 79.5594 79.6503 79.6975 79.7220 79.7353 79.7444 79.7525 79.7607 79.7689 79.7775 79.7874 79.7998 79.8157 79.8349 79.8781 79.9498 80.0437 80.0850 79.9570 79.5931 78.8692 77.7164 76.6942 75.5779 74.4931 73.3892 72.2926 71.1925 70.0954 69.0114 67.9899 67.0918 66.2768 65.4987 64.7363 63.9790 63.2151 62.4295 61.6081 60.7407 59.8245 58.8637 57.7145
72.4658 76.7135 77.1789 77.5766 77.9073 78.1499 78.3081 78.4001 78.4489 78.4744 78.4884 78.4979 78.5061 78.5143 78.5226 78.5316 78.5420 78.5560 78.5763 78.6083 78.6764 78.7946 78.9567 79.0885 79.1079 79.1255 78.9692 78.5263 77.7535 76.6645 75.6035 74.4983 73.4051 72.3038 71.2059 70.1065 69.0105 67.9309 66.9108 65.9959 65.1636 64.3757 63.6083 62.8482 62.0826 61.2973 60.4784 59.6160 58.7063 57.5489
71.6880 75.9072 76.3384 76.6615 76.9000 77.0572 77.1500 77.2003 77.2268 77.2415 77.2513 77.2598 77.2680 77.2765 77.2857 77.2968 77.3121 77.3357 77.3768 77.4571 77.5934 77.7673 77.9490 78.0691 78.1288 78.1313 78.0840 77.8434 77.3611 76.6021 75.5730 74.5096 73.4128 72.3175 71.2179 70.1194 69.0206 67.9258 66.8496 65.8293 64.9011 64.0532 63.2547 62.4815 61.7180 60.9506 60.1654 59.3489 58.4910 57.3256
70.8887 75.0583 75.4158 75.6504 75.8065 75.9001 75.9517 75.9791 75.9945 76.0048 76.0133 76.0217 76.0303 76.0399 76.0518 76.0686 76.0953 76.1424 76.2293 76.3698 76.5491 76.7345 76.8915 76.9845 77.0319 77.0422 77.0062 76.9132 76.6448 76.1687 75.4323 74.4587 73.4099 72.3236 71.2297 70.1314 69.0330 67.9347 66.8412 65.7676 64.7462 63.8071 62.9452 62.1359 61.3561 60.5886 59.8192 59.0339 58.2194 57.0449
70.2246 74.1518 74.3960 74.5531 74.6481 74.7014 74.7301 74.7464 74.7570 74.7658 74.7743 74.7831 74.7932 74.8059 74.8243 74.8541 74.9061 74.9971 75.1373 75.3139 75.4959 75.6558 75.7614 75.8264 75.8615 75.8694 75.8547 75.8039 75.6916 75.4257 74.9634 74.2573 73.3321 72.3056 71.2312 70.1411 69.0445 67.9465 66.8488 65.7567 64.6849 63.6620 62.7135 61.8390 61.0191 60.2320 59.4601 58.6884 57.9027 56.6393
71.6671 72.6867 73.0420 73.2147 73.3148 73.3712 73.4020 73.4194 73.4307 73.4397 73.4483 73.4572 73.4674 73.4803 73.4992 73.5299 73.5830 73.6739 73.8116 73.9852 74.1661 74.3260 74.4375 74.5119 74.5586 74.5678 74.5421 74.4819 74.3588 74.0891 73.6257 72.9274 72.0193 71.0021 69.9328 68.8444 67.7487 66.6510 65.5540 64.4634 63.3941 62.3724 61.4221 60.5437 59.7200 58.9302 58.1565 57.3872 56.6499 56.5240
