#Value Function.
62.9488 63.1778 64.4832 65.9067 67.1998 68.2211 68.8651 68.4429 68.7238 68.8321 69.5441 69.9032 69.9684 69.9837 69.9701 70.0018 70.0775 70.1211 70.0937 70.0161 69.9550 69.9403 69.9265 69.9227 69.8872 69.7675 69.5589 69.5475 69.5499 69.4722 69.4215 69.6210 70.3580 70.7665 71.1575 71.5232 71.8279 72.0479 72.1805 72.2293 72.2481 72.2450 72.2437 72.2286 72.2071 72.2083 72.2120 72.1999 72.1938 72.0845
61.1089 64.5692 65.8075 67.2678 68.5242 69.4811 70.0373 69.3574 69.8412 69.8850 70.7547 71.0091 71.0118 71.0212 71.0010 71.0448 71.1302 71.1647 71.1205 71.0321 70.9764 70.9727 70.9579 70.9567 70.9130 70.7732 70.5444 70.5844 70.5849 70.4872 70.4453 70.7066 71.5833 71.8980 72.2949 72.6537 72.9439 73.1443 73.2571 73.2871 73.3003 73.2923 73.2920 73.2734 73.2506 73.2577 73.2613 73.2453 73.2411 72.3468
61.3135 64.9277 65.5845 66.9286 68.4379 69.6706 70.6101 71.2189 70.1169 71.0078 71.1592 71.8686 72.0488 72.0107 72.0577 72.1523 72.2322 72.3053 72.1464 72.1331 72.0241 71.9744 71.9824 71.9457 71.8169 71.5121 71.6089 71.6231 71.5057 71.4114 71.7195 72.0480 72.4778 72.5959 72.9461 73.3579 73.7125 73.9983 74.1893 74.2938 74.3088 74.3240 74.3099 74.3148 74.2914 74.2992 74.2759 74.2791 74.2465 73.3514
61.9551 65.6707 65.9220 66.5925 68.0698 69.6172 70.8116 71.7306 72.4619 72.7022 71.8425 72.1589 73.0168 73.0688 73.1765 73.2502 73.3489 73.2754 73.2099 73.1422 73.1519 73.0094 72.9742 72.8815 72.4533 72.6414 72.6659 72.5332 72.3589 72.7332 73.1077 73.2037 73.2224 73.5440 73.5930 74.0041 74.4225 74.7705 75.0529 75.2331 75.3306 75.3271 75.3498 75.3252 75.3386 75.3034 75.3196 75.2795 75.2493 74.3438
62.2937 66.0241 66.7986 66.8846 67.5959 69.2380 70.8035 71.9447 72.8344 73.5851 73.8342 72.5918 73.1980 74.2031 74.2633 74.3752 74.4285 74.4587 74.2491 74.2168 74.1329 74.1809 73.9834 73.3514 73.6895 73.7108 73.5775 73.2784 73.7492 74.1809 74.2394 74.2429 74.2623 74.4785 74.5780 74.5749 75.0786 75.4857 75.8277 76.1082 76.2752 76.3683 76.3388 76.3774 76.3301 76.3626 76.3064 76.2954 76.1765 75.2692
62.3590 66.0671 67.1631 67.9427 67.8018 68.6003 70.4411 71.9921 73.0688 73.9316 74.7133 75.0098 73.2096 74.3111 75.4011 75.4438 75.5080 75.3250 75.2847 75.2508 75.2264 75.1148 74.1774 74.7685 74.7498 74.6519 74.1556 74.7705 75.2727 75.2711 75.2611 75.2800 75.3191 75.4203 75.5045 75.6198 75.5330 76.1807 76.5409 76.8857 77.1633 77.3123 77.4025 77.3328 77.3987 77.3170 77.3428 77.2061 77.0930 76.1468
62.4130 66.1273 67.1659 68.3105 69.1117 68.6525 69.6172 71.6881 73.1748 74.1828 75.0211 75.8422 76.2543 74.4484 75.6733 76.5448 76.4314 76.3787 76.3121 76.2835 76.2523 75.3685 75.7723 75.7538 75.7828 74.9560 75.8603 76.0696 76.2941 76.2771 76.2969 76.3419 76.3704 76.3832 76.4406 76.5306 76.6747 76.9229 77.2232 77.5973 77.9419 78.2092 78.3315 78.4174 78.2730 78.3791 78.2079 78.1686 77.7090 76.7004
62.4212 66.1255 67.2465 68.2547 69.4689 70.3192 70.3608 70.4523 73.0353 74.3279 75.2880 76.0980 76.9585 77.5092 77.5624 77.5986 77.4916 77.3929 77.3521 77.3012 77.0683 76.7747 76.7548 76.7873 76.9249 77.0189 77.0917 77.3084 77.2597 77.3128 77.3660 77.3932 77.3945 77.3737 77.3922 77.4645 77.5543 77.6990 77.9646 78.2619 78.6470 78.9844 79.2128 79.2783 79.3402 79.1211 79.2108 78.7991 77.8355 76.8259
62.4837 66.1999 67.2183 68.3752 69.4132 70.6220 71.4828 71.5281 71.6250 74.4429 75.4243 76.3934 77.1448 78.0262 78.5261 78.4395 78.5068 78.4133 78.3393 78.0954 77.7769 77.7535 77.7880 77.9547 78.0446 78.1140 78.1830 78.2616 78.3337 78.3909 78.4219 78.4004 78.3885 78.4092 78.4754 78.4716 78.4779 78.5804 78.7196 79.0047 79.2827 79.6823 79.9566 80.1384 80.1030 80.1207 79.8134 78.9836 77.9104 76.9219
62.5087 66.2297 67.3144 68.4702 69.5493 70.6857 71.7470 72.6547 72.7055 72.8122 75.9314 76.4223 77.4968 78.1049 79.0472 79.4145 79.2084 79.3313 79.0972 78.8280 78.7706 78.7823 78.9909 79.0703 79.1362 79.2029 79.2843 79.3575 79.4167 79.4465 79.4563 79.4072 79.4098 79.5779 79.5393 79.4866 79.4928 79.4881 79.6082 79.7256 80.0274 80.2621 80.6214 80.7140 80.8242 80.6308 79.9717 79.0261 78.0522 77.0623
62.4658 66.1785 67.3549 68.4429 69.5908 70.7072 71.7977 72.8699 73.8366 73.8960 75.9715 77.0780 77.5287 78.5135 79.0881 79.9460 80.2461 80.0360 79.7888 80.0219 79.7586 80.0366 80.0947 80.1585 80.2219 80.3076 80.3811 80.4435 80.4702 80.4855 80.4436 80.4330 80.4236 80.6661 80.5877 80.5596 80.4947 80.5181 80.4906 80.6345 80.7034 81.0040 81.0800 81.3191 81.1640 80.7064 80.0815 79.2305 78.1793 77.2061
62.4234 66.1227 67.2944 68.4819 69.5409 70.7125 71.8195 72.9086 73.9884 75.0298 75.1051 77.2505 78.1549 78.6467 79.3988 79.9772 80.8140 81.0666 80.8320 80.6560 81.0960 81.1143 81.1814 81.2393 81.3319 81.4041 81.4718 81.4934 81.5087 81.5126 81.4671 81.3715 81.8522 81.7414 81.6834 81.5946 81.5843 81.4972 81.5488 81.4744 81.6542 81.6106 81.8844 81.6833 81.1513 80.6184 80.0413 79.2493 78.2964 77.2838
62.4873 66.2105 67.2067 68.4163 69.6135 70.6287 71.8431 72.9280 74.0187 75.0975 76.2310 77.3207 78.2858 79.1353 79.4449 80.1914 80.7769 81.7008 81.9901 81.7489 81.5588 82.2062 82.2498 82.3535 82.4212 82.4967 82.5161 82.5309 82.5417 82.4951 82.4027 82.2353 82.9681 82.8641 82.7457 82.7047 82.5964 82.6168 82.4873 82.5842 82.4208 82.6418 82.3731 81.3904 80.9847 80.4796 79.8652 79.1333 78.2712 77.2406
62.4505 66.1487 67.3479 68.5031 69.4978 70.7615 71.8617 72.9532 74.0362 75.1274 76.1873 77.3196 78.3730 79.2511 80.0355 80.0786 80.9999 82.0523 82.6361 83.0073 82.7412 82.4335 83.3728 83.4296 83.5188 83.5272 83.5470 83.5680 83.5158 83.4386 83.2426 83.1544 84.1432 83.9659 83.8799 83.7455 83.7332 83.5887 83.6620 83.4557 83.6382 83.3140 82.4192 81.5444 80.6497 80.1280 79.5539 78.8962 78.1221 77.0606
62.5357 66.2522 67.4195 68.4653 69.6357 70.5606 71.8835 72.9710 74.0636 75.1392 76.2319 77.2575 78.3681 79.3318 80.0443 80.8224 81.6195 81.9263 82.9854 83.6327 84.0755 84.1392 83.6082 84.5225 84.5070 84.5288 84.5797 84.5244 84.4713 84.2730 83.9616 85.2674 85.2659 85.1602 84.9569 84.9033 84.7368 84.7742 84.5629 84.7263 84.3875 83.4675 82.3999 81.3169 80.5750 79.7549 79.1372 78.5271 77.8558 76.7115
62.5926 66.3137 67.4137 68.5321 69.4946 70.4595 71.6706 72.9928 74.0731 75.1420 76.0566 77.3514 78.2410 79.3035 80.1157 80.7076 81.5107 82.3926 82.8113 84.0210 84.6534 85.1242 85.1623 85.4148 85.4616 85.5360 85.4801 85.4720 85.2876 84.9465 84.7482 86.1189 86.3146 86.2790 86.1614 85.9234 85.9249 85.6976 85.8319 85.5069 84.4842 83.4255 82.1298 81.8950 81.1444 80.0394 79.0870 78.0506 77.0249 75.9933
62.6043 66.3221 67.4417 68.4297 69.4257 70.5692 71.5708 72.7806 73.7881 74.8601 76.2359 77.0641 78.1001 79.1747 79.4132 80.6695 80.7995 82.3816 83.2909 84.1718 85.0579 85.6753 86.1210 86.2077 86.2496 86.2940 86.3864 86.2304 85.9111 85.5772 86.3378 86.6724 87.1791 87.3187 87.2227 87.1182 86.8245 86.9193 86.6196 85.7449 83.1276 83.0956 82.9799 82.2125 80.9995 80.1101 79.0545 78.0697 77.0462 76.0110
62.6105 66.3292 67.3654 68.3799 69.4885 70.5389 71.6936 72.7379 73.9069 74.8674 75.9218 76.9682 78.1045 78.6620 79.6974 80.1781 81.4180 82.3684 83.2987 84.3079 85.1925 86.0793 86.6114 86.9190 86.9439 87.0750 86.9759 86.7548 86.5041 85.9031 86.9283 87.3071 87.5788 88.1444 88.1323 88.0237 87.9458 87.6708 87.0303 84.3503 84.2813 84.1206 83.2641 82.2584 81.2000 80.0565 79.0932 78.0654 77.0469 76.0170
62.6062 66.3257 67.3281 68.4197 69.4939 70.6212 71.6944 72.8255 73.8163 75.0423 75.9082 76.9925 77.4898 77.2446 79.3577 80.4538 81.4021 82.3112 83.2264 84.3379 85.3244 86.1307 86.9237 87.3077 87.4782 87.4948 87.3670 87.2081 86.7195 85.9130 87.6329 87.7663 88.1794 88.3230 88.7121 88.6476 88.5333 88.0097 87.2501 85.6635 85.2743 84.3146 83.2800 82.2667 81.2353 80.2389 79.0996 78.1976 77.0916 76.0719
62.5878 66.2973 67.4551 68.4428 69.5573 70.6443 71.7599 72.8159 74.0063 74.8116 76.1141 76.4285 76.1269 78.2208 79.4501 80.4098 81.3166 82.2625 83.3274 84.2748 85.3390 86.2257 86.8932 87.3524 87.5466 87.5317 87.5232 87.2483 86.7909 86.8230 89.0109 88.2116 88.4260 88.6618 88.7805 88.8823 88.6995 88.1860 87.2516 86.3879 85.3527 84.2953 83.3056 82.2837 81.2666 80.2356 79.2393 78.2179 77.2152 76.1795
62.6422 66.3700 67.3863 68.5953 69.6649 70.7700 71.7878 72.9451 73.9434 75.2138 75.5975 75.2698 75.3484 78.4088 79.4001 80.3233 81.2881 82.3872 83.7072 84.3943 85.3888 86.2184 86.9658 87.4413 87.3781 87.4355 87.5120 87.2247 87.1516 89.1069 89.4947 89.8436 88.4404 88.6833 88.8413 88.8530 88.7159 88.1872 87.3708 86.3485 85.3880 84.3344 83.3045 82.3027 81.2857 80.2671 79.2362 78.2401 77.2205 76.1888
62.6128 66.3211 67.5023 68.5177 69.7227 70.7578 71.8829 72.9334 74.0658 74.5200 74.4374 74.5535 77.1849 78.3983 79.3494 80.3620 81.5106 83.0436 83.7900 84.7694 85.3655 86.2817 86.8985 87.2082 87.4082 87.3546 87.2726 87.1758 90.0776 90.2816 90.2090 90.2697 90.6034 90.8384 88.8501 88.7078 88.5148 88.0147 86.5469 86.2478 85.3439 84.3722 83.3389 82.3115 81.3025 80.2870 79.2678 78.2370 77.2556 76.2329
62.6736 66.3972 67.4859 68.6508 69.7366 70.8278 71.8882 72.9191 73.4835 74.0468 77.1678 77.5880 77.4594 78.6699 81.0476 82.0958 82.6020 83.1661 84.1064 84.7553 85.8045 88.6792 87.2786 91.1963 91.6443 91.6829 91.4826 91.1964 91.0527 91.0199 90.9328 90.8965 90.9970 91.1093 91.2365 90.9830 90.5430 89.6836 88.7453 87.6461 85.5486 84.3873 83.3707 82.3423 81.3168 80.3037 79.2883 78.2687 77.3588 76.4101
62.6969 66.4126 67.5826 68.6832 69.7722 70.8308 71.8129 72.5047 73.4649 76.2922 77.3160 78.3122 78.6736 80.2463 81.4111 82.0694 83.2514 83.5822 84.1284 85.1661 87.7427 87.2123 90.1353 91.0705 91.7330 91.9855 92.0031 91.9476 91.8845 91.7929 91.7677 91.7463 91.7203 91.6839 91.6252 91.1811 90.5823 89.7528 88.7174 87.6450 86.5416 84.7162 84.2763 83.2944 82.2586 81.2430 80.2633 79.2821 78.1683 77.0940
62.7684 66.4895 67.6263 68.7108 69.7649 70.7325 71.5420 72.6911 74.9940 76.3346 77.4405 78.4322 79.4776 79.5493 81.4927 82.5312 83.0056 84.4710 84.4785 86.8070 87.8369 88.9418 90.0041 91.0470 91.8874 92.4075 92.6352 92.7617 92.7761 92.7731 92.7375 92.7018 92.6059 92.4445 92.1112 91.5101 90.7685 89.7965 88.7410 87.6462 86.5603 85.4797 84.4121 83.3638 82.3456 81.3664 80.4239 79.2259 78.5181 77.4194
62.8097 66.5330 67.6479 68.6950 69.6675 70.5723 71.8173 73.8062 75.2302 76.4006 77.4464 78.5617 79.5081 80.6685 80.7308 82.7397 83.5983 83.8627 85.7829 86.8008 87.8903 88.8864 90.0008 91.0285 92.0486 92.7961 93.3059 93.5842 93.7499 93.7771 93.7780 93.6888 93.5252 93.1432 92.5762 91.8482 90.8847 89.8385 88.7519 87.6671 86.5853 85.5170 84.4673 83.4478 82.4689 81.5299 80.6077 79.6716 78.6919 77.5804
62.8226 66.5484 67.6234 68.6135 69.6085 70.9888 73.3027 74.4169 75.3806 76.4077 77.5155 78.5281 79.6569 80.6923 81.8219 82.7604 83.7911 84.6827 85.8093 86.8517 87.8601 88.8773 89.9727 90.9938 92.1105 93.1139 93.8415 94.3733 94.6363 94.8035 94.7590 94.6391 94.2645 93.6760 92.9851 91.9912 90.9450 89.8591 88.7744 87.6907 86.6221 85.5707 84.5499 83.5708 82.6357 81.7184 80.7872 79.8091 78.7737 77.6550
62.8026 66.5235 67.5821 68.7612 70.8463 72.0955 73.3023 74.4636 75.5725 76.4731 77.5371 78.6521 79.6956 80.8218 81.7673 82.8715 83.7537 84.8415 85.8269 86.8543 87.8597 88.9142 89.9550 91.1267 92.1714 93.2266 94.2439 94.9304 95.4131 95.5618 95.6210 95.3231 94.7797 94.1311 93.1080 92.0602 90.9662 89.8821 88.7958 87.7273 86.6741 85.6517 84.6721 83.7415 82.8290 81.9034 80.9268 79.8898 78.8016 77.6901
62.8427 66.5929 68.2506 69.5210 70.7801 72.0410 73.2809 74.4625 75.6023 76.6991 77.6638 78.8225 79.8230 80.8218 81.8931 82.9021 83.8913 84.8718 85.8616 86.8584 87.8821 88.9177 90.0415 91.1330 92.2697 93.2916 94.3648 95.3547 95.7561 96.0899 95.9616 95.7251 95.2197 94.1978 93.1769 92.0716 90.9900 89.8993 88.8319 87.7763 86.7531 85.7718 84.8472 83.9395 83.0205 82.0445 81.0092 79.8978 78.8829 77.7670
62.9335 66.7983 68.1808 69.4608 70.7188 71.9666 73.2157 74.4373 75.5918 76.7045 77.7841 78.8215 79.8533 80.8579 81.8946 82.9146 83.9086 84.8978 85.8809 86.8885 87.9132 88.9925 90.0488 91.1604 92.2681 93.4361 94.4038 95.3690 96.0718 96.1736 96.1708 95.9092 95.1187 94.2608 93.1630 92.0990 91.0002 89.9331 88.8741 87.8498 86.8678 85.9502 85.0482 84.1389 83.1609 82.1345 80.9858 79.9991 78.9327 77.8133
62.6968 66.5291 68.0465 69.4044 70.6578 71.9067 73.1369 74.3706 75.5742 76.6938 77.7802 78.8345 79.8458 80.8994 81.8526 82.9156 83.9289 84.9134 85.9100 86.9209 87.9543 88.9156 90.0482 91.1586 92.2993 93.3939 94.5476 95.5680 95.9473 96.1681 96.1734 95.7163 95.2195 94.2219 93.2009 92.0969 91.0333 89.9621 88.9379 87.9496 87.0484 86.1516 85.2563 84.2760 83.2492 82.1763 81.1216 80.0434 78.9571 77.8365
62.4317 66.2402 67.7665 69.2942 70.6141 71.8417 73.0804 74.2855 75.5062 76.6869 77.7679 78.8306 79.8650 80.8493 81.9241 82.8433 83.9443 84.9353 85.9094 86.8008 87.1710 88.5678 90.0727 91.1525 92.2948 93.4415 94.5330 95.2680 95.6919 95.9094 95.9134 95.6846 94.9395 94.2259 93.1818 92.1313 91.0364 90.0203 89.0023 88.1147 87.2319 86.3649 85.3826 84.3633 83.2786 82.2335 81.1522 80.0654 78.9732 77.8525
62.2625 66.0656 67.4509 69.0030 70.5372 71.8078 73.0074 74.2358 75.4111 76.6180 77.7755 78.8243 79.8705 80.8908 81.8454 82.9548 83.9340 84.7816 85.1042 82.7647 84.4058 88.8319 89.5621 91.1876 92.2907 93.3144 94.1160 94.6653 95.1646 95.1929 95.2007 95.0207 94.6366 93.9047 93.1005 92.1060 91.0959 90.0285 89.1301 88.2344 87.4281 86.4506 85.4695 84.3687 83.3446 82.2599 81.1739 80.0805 78.9885 77.8670
62.1635 65.9696 67.2802 68.6577 70.2399 71.7816 72.9876 74.1597 75.3840 76.5161 77.7169 78.8484 79.8674 80.8023 81.9411 82.8872 83.5886 83.5180 81.2898 82.4991 83.8172 85.2344 89.8818 90.5590 88.9358 90.3755 91.7956 93.9724 94.1361 94.1425 94.1501 94.1327 93.8960 93.4538 91.1744 91.6490 91.0150 90.1148 89.1365 88.3775 87.4056 86.5359 85.4150 84.4478 83.3614 82.2814 81.1874 80.0969 78.9980 77.8757
62.0610 65.8548 67.1969 68.4870 69.8498 71.4745 73.0239 74.1450 75.2998 76.5273 77.6018 78.8104 79.7128 80.8894 81.7851 82.3453 82.0345 80.0587 81.0716 82.3690 83.5747 84.9185 86.0167 87.4578 88.4426 90.1935 91.5659 92.9064 92.9463 92.9550 92.9580 92.9618 92.9098 92.6853 90.3152 89.9894 90.3425 89.9682 89.2497 88.2427 87.4961 86.3852 85.5338 84.4511 83.3861 82.2906 81.2050 80.1061 79.0018 77.8802
62.0291 65.8197 67.0605 68.4256 69.6834 71.0289 72.7137 74.0391 75.3235 76.4196 77.6655 78.4597 79.6592 79.9161 81.0608 80.5855 78.7243 79.9050 81.1569 82.1010 83.4998 84.6751 86.1015 87.1099 88.7228 89.4911 91.5177 91.7120 91.7279 91.7323 91.7393 91.7432 91.7339 91.6752 88.8905 89.0897 88.9428 89.1989 88.9988 88.3775 87.1825 86.5462 85.4802 84.4937 83.4002 82.3113 81.2139 80.1076 79.0122 77.8851
62.0629 65.8665 67.0170 68.2640 69.6606 70.8659 72.1933 73.9878 75.2007 76.5011 77.3896 78.3581 78.4873 79.6537 79.1372 77.2830 78.2726 79.8878 80.9741 82.3152 83.1300 84.7028 85.7829 87.3460 88.1839 90.0725 90.4578 90.4903 90.4969 90.5068 90.4363 90.4987 90.5145 90.5086 90.1577 87.7951 87.9851 87.9684 88.1111 87.9807 86.9876 85.8457 85.3967 84.4245 82.9967 82.2342 81.2108 80.1273 78.9812 77.8571
62.0995 65.8971 67.0762 68.2092 69.4565 70.9025 72.0285 73.3429 75.2998 76.2348 77.0349 77.0362 78.2123 77.7099 76.0193 76.8920 78.4829 79.2665 81.1404 82.0204 82.9111 84.2769 85.9633 86.8637 88.6750 89.1866 89.2510 89.2451 89.2664 89.2725 89.2383 89.1925 89.2592 89.2855 86.9143 86.7661 86.7994 86.9190 86.9249 86.9982 86.8146 85.6770 84.4949 84.1540 82.2787 81.5829 80.0638 79.8817 78.9842 77.8133
62.1939 65.9934 67.0858 68.2879 69.3881 70.6405 72.1548 73.1662 74.4651 75.7118 75.6562 76.8391 76.7564 74.7242 75.9557 77.1871 77.8982 79.7784 80.2034 81.4872 82.7894 84.0709 85.4309 87.2966 87.8825 87.8813 87.9563 88.0151 88.0261 88.0395 88.0426 87.9983 87.9532 88.0213 87.7911 85.6096 85.6958 85.7385 85.7934 85.6917 85.7907 85.5410 84.3339 83.1381 82.7695 81.5508 80.2719 79.1267 78.6576 77.4312
62.3177 66.1184 67.1851 68.2618 69.4033 70.5652 71.8085 73.0515 74.3567 74.4975 75.4403 75.3769 73.4481 74.5029 75.9086 77.1023 78.4010 78.8478 80.0766 81.3735 82.6637 83.9823 85.2523 86.5814 86.6518 86.6608 86.6704 86.7296 86.7790 86.7336 86.7981 85.5325 86.7578 86.7103 86.7536 84.4833 84.5280 84.5486 84.4993 84.5314 84.3912 84.5143 84.2321 83.0135 81.8283 81.4724 79.5588 78.2659 77.9288 76.6797
62.4641 66.2698 67.2973 68.3650 69.4218 70.5801 71.7279 72.9928 73.0750 73.1722 73.8352 72.2347 73.3958 74.6470 75.6082 77.1394 77.7945 78.8190 80.0134 81.2538 82.5698 83.8567 85.1936 85.4068 85.4100 85.3611 85.4256 85.4485 85.4988 85.5316 85.4651 85.4086 84.1434 85.4846 85.4006 85.2479 83.3032 83.2715 83.2761 83.1933 83.2551 83.2104 83.2505 82.9333 81.7169 80.5431 79.3499 78.1825 77.0031 75.8719
62.5532 66.3536 67.4618 68.4575 69.5231 70.5464 71.7363 71.9093 71.8665 71.8995 71.0117 72.1677 73.4274 74.5623 75.8696 76.6900 77.6707 78.7065 80.0245 81.1915 82.4456 83.7789 83.8706 83.9762 84.1428 84.1752 84.1205 84.1867 84.2219 84.2670 84.1591 84.0788 84.0198 83.3056 83.7300 82.3099 82.0337 82.0241 81.9740 82.0034 81.9806 81.9746 81.7920 81.9591 81.6444 80.4450 79.2880 78.1063 76.9355 75.8033
62.6169 66.4154 67.5325 68.6173 69.5542 70.6042 70.6863 70.6763 70.7548 69.8490 70.9620 72.2085 73.3332 74.6453 75.5513 76.5249 77.5838 78.7963 79.8639 81.2611 82.3664 82.4623 82.7152 82.6775 82.7588 82.8880 82.9398 82.9728 82.9687 82.9966 83.0208 82.7976 82.8358 82.7241 82.2668 80.8426 80.7768 80.7429 80.7552 80.7402 80.7185 80.6133 80.7042 80.6512 80.7171 80.3847 79.2001 78.0411 76.8553 75.7260
62.6196 66.4055 67.5754 68.6534 69.6471 69.7208 69.7386 69.7339 69.6288 69.8124 71.0240 72.1226 73.4292 74.3984 75.3782 76.4461 77.6225 78.7454 80.0250 81.0134 81.2505 81.4350 81.4104 81.4953 81.4544 81.5320 81.6414 81.7146 81.6641 81.7304 81.7662 81.5792 81.5276 81.5811 81.4660 79.5623 79.5252 79.5111 79.5064 79.5269 79.4107 79.4726 79.4731 79.5205 79.5071 79.5113 79.1382 77.9488 76.7875 75.6549
62.6813 66.4708 67.6563 68.6653 68.9282 68.8976 68.9166 68.8097 68.7160 69.8719 70.9403 72.2310 73.2386 74.2285 75.2987 76.4542 77.5951 78.7890 79.6948 80.0103 80.1623 80.1253 80.1897 80.2268 80.2694 80.2273 80.3028 79.0372 80.4659 80.4242 80.4927 80.5105 80.3826 80.3264 80.3375 80.0487 78.2944 78.2832 78.2697 78.2052 78.2765 78.2660 78.3200 78.3363 78.3428 78.3529 78.3044 77.8902 76.6946 75.5638
62.6623 66.4822 67.4989 67.9464 68.0940 68.1321 68.1059 67.6580 68.7601 69.7848 71.0491 72.0794 73.0823 74.1501 75.2898 76.4283 77.5526 78.3966 78.7495 78.8845 78.8243 78.9096 78.9102 79.0163 78.9995 79.0355 78.9696 78.9133 77.6480 78.8955 79.1424 79.2435 79.2628 79.1745 79.1190 79.0821 78.6828 77.0430 76.9845 77.0301 77.0411 77.0669 77.1425 77.1673 77.1709 77.1170 77.1563 77.0682 76.6258 75.3860
62.4107 66.2432 66.7821 67.0298 67.0691 67.1931 66.3892 67.5021 68.6283 69.8833 70.9210 71.9365 72.9987 74.1221 75.2457 76.3125 77.1075 77.4831 77.6186 77.6016 77.6487 77.6201 77.6715 77.7619 77.7769 77.7245 77.6629 77.5833 77.5245 76.7998 77.5122 77.8426 77.9836 78.0169 77.9584 77.9043 77.8231 75.7833 75.8059 75.8081 75.8404 75.9021 75.8900 75.9679 75.9403 75.9367 75.8556 75.7737 75.7870 74.4958
61.7453 65.5266 65.8154 65.8176 65.9160 65.6298 66.4181 67.3167 68.5604 68.7675 70.7916 71.8474 72.9533 74.0547 75.0725 75.8282 76.2150 76.3583 76.3685 76.3977 76.3880 76.4135 76.4055 76.5228 76.4772 76.4151 76.3441 76.3000 76.3399 76.2275 75.7953 76.2196 76.5488 76.7180 76.7702 76.7359 76.6830 76.3881 74.5762 74.6066 74.6576 74.6720 74.7286 74.7234 74.7122 74.6354 74.5699 74.6168 74.5702 73.2823
61.0175 64.5584 64.6340 64.7079 64.6415 65.3291 66.2094 67.2274 67.4367 69.4984 70.6811 71.7698 72.8456 73.8213 74.5474 74.9418 75.0980 75.1282 75.1502 75.1505 75.1690 75.1799 75.2557 75.2287 75.1688 75.1050 75.0688 75.0896 75.0833 75.0962 74.9747 74.9172 75.0156 75.2774 75.4533 75.5223 75.5080 73.5827 73.3731 73.4136 73.4379 73.4815 73.4871 73.4684 73.4083 73.3521 73.3740 73.3618 73.3823 72.1143
62.2375 63.1245 63.3252 63.4126 63.4272 64.0641 64.9131 65.8572 66.2883 68.0845 69.3237 70.4230 71.4876 72.4496 73.1738 73.5842 73.7586 73.8042 73.8270 73.8313 73.8479 73.8641 73.9245 73.9048 73.8493 73.7890 73.7545 73.7669 73.7635 73.7641 73.6629 73.6140 73.7083 73.9433 74.1161 74.1786 74.0282 72.4473 72.0989 72.0959 72.1198 72.1586 72.1673 72.1484 72.0959 72.0440 72.0547 72.0447 72.0409 71.9874
