#Value Function.
32351.64 33290.82 34201.53 35053.10 35771.15 36327.94 36803.21 37077.19 37266.41 37394.41 37415.33 37502.63 37455.45 37280.83 36993.92 36549.15 35975.49 35197.54 34373.01 33506.01 32653.91 31813.18 31020.35 30266.30 29858.98 30614.20 31252.20 31744.61 32071.36 32263.39 32493.14 32638.85 32776.50 32949.01 33110.89 33444.14 33838.97 34302.17 34874.43 35453.01 35838.13 36056.65 36175.54 36264.31 36284.22 36369.05 36369.80 36328.56 36176.66 35795.19
32363.96 33319.68 34278.60 35216.64 36098.82 36834.49 37383.62 37879.68 38130.17 38296.84 38437.83 38388.75 38231.99 37958.60 37509.18 36927.37 36128.52 35285.39 34396.89 33526.02 32656.98 31821.26 31006.18 30253.07 29843.00 30579.40 31211.71 31703.46 32045.71 32293.13 32483.95 32660.41 32757.59 32898.69 33124.72 33405.38 33867.27 34431.02 35086.76 35798.02 36470.67 36885.69 37105.79 37226.67 37325.94 37325.55 37285.71 37134.46 36750.12 36196.93
32359.48 33323.44 34291.50 35278.88 36241.78 37155.39 37894.98 38428.23 38893.92 39065.19 39239.39 39134.16 38893.05 38454.41 37881.16 37064.94 36207.01 35296.60 34406.94 33517.79 32655.29 31813.11 31003.03 30241.18 29809.63 30539.91 31168.36 31594.34 31994.98 32191.29 32383.42 32464.41 32566.09 32754.30 32895.65 33262.97 33734.75 34450.03 35201.61 35978.95 36766.68 37522.46 37937.82 38155.11 38281.83 38243.58 38100.22 37707.02 37156.16 36340.86
32354.62 33317.74 34295.39 35286.59 36299.81 37281.81 38213.02 38902.48 39370.29 39649.71 39810.46 39677.41 39306.38 38816.19 38007.75 37139.25 36214.28 35307.49 34397.67 33516.52 32646.67 31801.65 30986.08 30218.57 29731.69 30424.90 30918.52 31450.97 31733.95 31923.24 32021.93 32133.67 32211.49 32330.33 32576.56 33015.13 33681.14 34418.80 35257.67 36096.30 36911.20 37766.68 38572.94 38995.51 39172.10 39065.83 38676.41 38123.44 37299.52 36336.43
32346.51 33313.32 34288.05 35291.59 36301.18 37329.71 38299.56 39171.59 39646.25 39971.48 40054.06 39837.96 39601.42 38902.82 38074.16 37144.25 36226.26 35297.03 34396.90 33507.26 32643.74 31794.22 30975.54 30186.13 29584.57 30107.12 30698.27 31048.30 31306.70 31411.26 31525.83 31611.62 31672.44 31873.10 32225.55 32856.10 33574.88 34431.25 35259.81 36126.21 36980.36 37848.94 38744.57 39521.79 39837.31 39551.32 39091.23 38259.39 37289.33 36349.38
32341.49 33304.03 34284.56 35279.50 36301.42 37312.49 38307.40 39145.52 39781.91 40053.47 40035.51 39979.29 39571.62 38917.06 38054.32 37149.31 36212.55 35296.88 34386.92 33504.64 32635.96 31790.42 30960.43 30166.29 29420.91 29848.68 30225.91 30513.88 30668.66 30780.30 30867.14 30935.26 31089.90 31413.09 31996.87 32680.15 33533.12 34381.85 35274.20 36115.49 36972.82 37859.89 38750.55 39500.04 39939.26 39865.73 39191.15 38243.10 37304.47 36329.51
32332.77 33299.97 34273.51 35278.13 36285.82 37317.29 38279.06 39024.05 39636.56 39959.76 39967.11 39819.51 39572.94 38894.00 38061.02 37134.15 36213.22 35286.08 34384.68 33496.37 32632.30 31783.60 30956.03 30153.40 29375.72 29357.34 29672.67 29829.19 29966.15 30051.48 30124.43 30280.47 30575.43 31121.28 31778.28 32609.91 33465.51 34383.27 35235.40 36095.29 36967.53 37833.45 38696.92 39278.78 39479.96 39459.37 39015.84 38220.03 37273.17 36333.35
32328.16 33289.80 34268.91 35257.38 36275.74 37245.64 38074.59 38761.48 39349.78 39549.10 39542.15 39515.37 39085.12 38699.42 37955.98 37099.96 36188.81 35280.22 34375.10 33492.76 32625.12 31779.35 30949.86 30140.21 29362.58 28804.24 28972.86 29123.19 29208.47 29284.09 29438.97 29731.30 30240.42 30884.89 31683.42 32521.42 33434.88 34290.02 35182.36 36031.83 36878.13 37700.94 38264.69 38641.44 38633.20 38589.19 38424.09 37941.01 37203.63 36296.09
32318.69 33284.37 34249.61 35241.75 36193.24 37023.77 37758.72 38380.82 38673.36 38791.46 38788.19 38746.95 38596.06 38100.87 37664.70 36961.09 36137.16 35254.74 34367.33 33483.79 32620.57 31772.83 30945.26 30135.08 29349.26 28636.28 28271.97 28357.74 28435.62 28589.41 28877.86 29370.69 30000.20 30773.99 31586.49 32477.52 33323.20 34213.88 35063.09 35887.34 36679.17 37222.69 37585.51 37622.13 37607.32 37558.33 37450.58 37281.30 36854.96 36177.33
32312.61 33266.17 34230.91 35155.90 35971.98 36703.26 37312.32 37630.23 37788.30 37847.43 37846.43 37809.75 37697.54 37518.29 37079.08 36631.48 35980.86 35195.64 34343.27 33476.34 32613.72 31767.94 30939.83 30131.52 29392.20 28653.44 27917.75 27598.38 27750.93 28035.17 28512.70 29126.82 29876.91 30671.47 31536.80 32369.03 33238.15 34073.93 34886.50 35649.45 36182.33 36521.25 36566.65 36568.05 36551.72 36501.80 36417.11 36313.13 36156.61 35774.85
32295.25 33244.77 34144.21 34941.61 35655.18 36244.84 36576.76 36745.38 36828.38 36833.71 36834.99 36806.06 36739.90 36628.15 36485.06 36103.47 35671.84 35043.32 34284.09 33458.70 32606.12 31762.72 30934.39 30165.78 29409.27 28656.83 27914.69 27190.22 27212.62 27675.60 28274.37 29001.94 29778.05 30617.70 31433.36 32279.24 33096.51 33889.57 34629.66 35151.26 35478.19 35534.02 35533.43 35529.11 35510.25 35462.35 35384.84 35303.09 35204.83 35048.74
32271.48 33157.49 33936.31 34630.51 35200.21 35530.80 35701.31 35789.82 35808.86 35817.76 35821.32 35821.94 35785.08 35761.89 35730.99 35605.31 35278.23 34804.32 34139.27 33394.02 32585.65 31754.52 30955.96 30181.93 29412.52 28653.69 27910.32 27182.77 26859.11 27442.38 28148.47 28906.10 29721.39 30519.52 31342.14 32140.30 32913.47 33628.22 34139.64 34455.87 34520.47 34522.41 34518.98 34513.05 34494.02 34448.14 34375.24 34297.65 34218.25 34114.03
32183.86 32955.48 33630.83 34181.80 34508.36 34678.48 34765.74 34789.30 34804.23 34822.18 34853.52 34880.76 34966.28 35049.83 35147.97 35119.23 34888.85 34490.48 33969.95 33267.87 32526.93 31762.78 30971.71 30185.00 29409.14 28649.25 27905.37 27178.18 26630.79 27315.94 28055.16 28847.23 29627.70 30428.04 31206.68 31959.22 32650.40 33149.87 33456.81 33528.80 33533.44 33531.45 33527.80 33521.23 33502.39 33458.73 33390.05 33314.97 33239.04 33151.12
31987.33 32655.56 33188.89 33510.98 33680.53 33766.77 33792.44 33809.64 33835.31 33874.12 33936.98 34108.78 34378.86 34765.20 34921.75 34938.75 34799.61 34582.84 34049.32 33354.30 32579.89 31777.35 30974.63 30181.35 29404.58 28644.16 27900.78 27173.36 26504.29 27224.78 27994.63 28757.43 29536.36 30295.76 31028.12 31696.63 32184.04 32482.19 32560.41 32567.80 32566.16 32564.03 32560.45 32553.65 32535.07 32493.49 32428.64 32356.17 32282.12 32197.75
31692.98 32220.79 32538.09 32706.88 32792.27 32819.79 32837.46 32864.83 32911.57 32995.96 33225.01 33667.74 34392.24 34918.16 35052.82 35125.06 35058.85 34734.04 34140.69 33399.26 32593.88 31780.16 30970.71 30176.68 29399.34 28639.48 27895.87 27168.78 26458.14 27163.04 27908.21 28666.52 29407.01 30119.64 30766.62 31241.93 31531.99 31615.45 31625.57 31624.38 31622.39 31620.24 31616.70 31609.72 31591.45 31551.84 31490.48 31420.61 31348.44 31266.22
31265.79 31589.08 31756.95 31841.63 31870.77 31888.94 31916.22 31964.97 32060.63 32308.08 32814.02 33636.23 34391.27 34910.44 35124.53 35108.95 35060.84 34728.92 34137.79 33393.05 32589.41 31774.31 30965.93 30171.28 29394.58 28634.44 27891.23 27164.03 26453.33 27079.61 27817.97 28539.89 29233.25 29859.72 30323.00 30605.55 30693.38 30706.19 30705.52 30703.62 30701.65 30699.49 30695.97 30688.88 30670.95 30633.17 30575.03 30507.73 30437.38 30357.28
30652.49 30830.17 30914.25 30944.80 30963.49 30990.73 31039.79 31140.41 31396.99 31923.11 32769.76 33627.25 34246.03 34760.06 35042.50 35048.82 34919.45 34558.36 34008.07 33320.54 32552.19 31763.93 30959.38 30166.27 29389.38 28629.71 27886.36 27159.45 26448.69 26990.23 27693.87 28368.43 28975.33 29426.70 29702.22 29793.68 29809.09 29809.02 29807.22 29805.31 29803.39 29801.22 29797.72 29790.54 29772.99 29736.94 29681.76 29616.96 29548.40 29470.38
29915.31 30009.54 30041.35 30060.56 30087.81 30137.29 30240.76 30498.89 31028.61 31858.07 32717.39 33413.40 33993.67 34507.62 34682.19 34674.54 34506.22 34247.03 33748.14 33171.29 32468.45 31713.28 30941.15 30157.75 29383.83 28624.56 27881.65 27154.72 26444.13 26868.57 27524.69 28112.86 28552.48 28821.37 28915.85 28933.75 28934.33 28932.65 28930.80 28928.94 28927.05 28924.88 28921.39 28914.16 28897.02 28862.59 28810.14 28747.78 28680.96 28604.96
29116.51 29159.87 29179.60 29206.91 29256.91 29363.13 29622.96 30150.54 30952.89 31791.26 32490.25 33082.49 33657.96 33914.15 34016.00 34005.88 33869.22 33641.58 33347.55 32865.52 32289.73 31612.69 30884.91 30134.74 29373.73 28618.30 27876.42 27150.02 26439.46 26701.66 27271.75 27699.83 27962.43 28059.36 28079.65 28080.93 28079.39 28077.59 28075.77 28073.95 28072.10 28069.94 28066.46 28059.24 28042.53 28009.66 27959.77 27899.78 27834.70 27760.63
28289.66 28320.07 28347.51 28398.12 28507.02 28768.63 29292.40 30067.79 30878.70 31566.50 32161.32 32719.53 32999.34 33136.21 33184.13 33174.24 33074.28 32949.93 32719.29 32413.77 31966.60 31418.88 30773.57 30072.81 29345.05 28605.92 27869.18 27144.54 26434.63 26451.65 26868.22 27124.81 27223.73 27246.27 27248.35 27247.06 27245.43 27243.75 27242.03 27240.30 27238.52 27236.56 27234.96 27296.06 27349.63 27372.36 27377.85 27378.17 27376.45 27355.96
27471.60 27509.06 27560.38 27671.92 27935.33 28453.98 29204.15 29988.94 30661.75 31246.03 31782.00 32067.55 32211.61 32270.25 32290.08 32281.55 32210.41 32127.76 32020.47 31809.70 31519.73 31108.32 30580.05 29959.47 29283.82 28574.37 27855.90 27137.80 26430.37 26059.07 26309.60 26410.08 26434.90 26439.22 26457.65 26874.50 27197.15 27427.51 27583.02 27689.33 27772.79 27851.71 27928.53 28002.13 28059.70 28081.59 28086.22 28086.70 28086.38 28077.38
26681.49 26743.18 26857.30 27122.47 27635.10 28361.47 29121.37 29779.14 30350.69 30864.87 31150.58 31295.88 31361.06 31382.73 31393.47 31392.02 31341.64 31309.93 31269.46 31173.99 30990.22 30720.82 30306.46 29784.74 29168.21 28509.55 27821.45 27122.48 26423.64 25739.65 25618.14 25645.90 25669.54 26033.24 26683.68 27239.61 27676.66 28005.39 28239.02 28394.95 28500.59 28584.02 28663.22 28740.59 28802.10 28821.66 28824.71 28824.71 28825.23 28798.61
25936.70 26062.65 26329.47 26835.54 27539.31 28275.40 28918.14 29476.82 29971.01 30254.13 30398.88 30464.40 30488.98 30503.76 30514.09 30524.46 30527.54 30537.71 30615.17 30578.34 30500.38 30333.29 29970.92 29536.86 28998.00 28394.02 27756.65 27088.58 26409.61 25734.15 25068.20 24927.60 25375.80 26091.81 26805.25 27480.33 28051.86 28499.40 28834.06 29071.02 29227.08 29331.78 29415.20 29495.46 29562.08 29578.17 29579.43 29580.58 29563.81 29486.16
25278.41 25555.72 26055.00 26737.23 27450.48 28078.21 28623.96 29099.74 29379.62 29523.78 29589.61 29615.21 29633.13 29649.83 29670.12 29711.69 29798.68 29932.06 30072.34 30139.61 30116.81 29962.12 29722.25 29271.05 28777.98 28231.61 27643.31 27025.78 26378.62 25726.03 25069.66 24714.18 25402.38 26119.30 26857.59 27596.61 28296.04 28884.94 29342.93 29683.43 29923.91 30079.77 30183.30 30266.71 30340.22 30350.89 30352.69 30336.72 30267.51 30117.98
24791.79 25292.85 25954.66 26646.02 27258.84 27791.68 28250.40 28526.53 28670.03 28736.16 28762.78 28782.73 28802.44 28827.79 28885.96 29008.59 29212.84 29486.52 29734.15 29838.21 29827.16 29700.72 29475.07 29092.50 28566.33 28034.91 27494.78 26923.29 26323.69 25704.55 25072.34 24761.00 25430.62 26137.11 26876.37 27640.68 28407.91 29132.81 29739.40 30207.78 30553.97 30798.27 30953.53 31055.59 31137.16 31141.93 31126.84 31056.66 30916.80 30596.13
24539.80 25191.00 25861.48 26459.52 26979.53 27422.38 27694.38 27837.13 27903.52 27931.05 27950.94 27972.67 28002.04 28069.05 28208.20 28450.74 28793.41 29172.62 29465.95 29586.46 29580.22 29449.41 29230.80 28860.97 28397.26 27850.13 27312.77 26779.59 26233.36 25668.07 25070.35 24824.76 25464.18 26159.43 26890.17 27651.60 28442.91 29239.67 29991.26 30615.81 31094.46 31446.14 31694.74 31839.97 31941.75 31927.32 31863.28 31724.13 31399.01 31110.76
24437.20 25096.31 25679.77 26187.07 26615.08 26882.65 27024.56 27091.20 27119.55 27139.51 27163.15 27195.49 27267.76 27411.73 27669.02 28048.22 28492.80 28875.82 29189.99 29324.40 29318.11 29179.49 28941.87 28591.89 28156.03 27678.35 27153.31 26630.48 26122.30 25612.82 25067.92 24892.25 25511.63 26176.86 26900.10 27655.54 28446.18 29266.42 30092.17 30873.99 31516.31 32003.31 32342.75 32582.32 32724.60 32659.46 32535.68 32202.02 31935.61 31362.32
24341.50 24919.11 25413.85 25827.95 26090.86 26231.83 26298.69 26327.77 26347.83 26371.29 26406.43 26480.67 26627.91 26889.92 27278.08 27743.79 28202.62 28589.12 28975.95 29075.43 29069.19 28964.71 28651.38 28296.31 27887.17 27448.34 26990.30 26512.12 26030.76 25570.22 25078.63 24981.89 25544.62 26204.07 26908.43 27659.36 28446.59 29265.09 30109.63 30965.67 31780.26 32422.44 32904.31 33203.25 33375.21 33250.89 33000.87 32755.41 32187.30 31496.53
24168.58 24659.43 25060.43 25318.54 25458.47 25525.50 25555.25 25575.42 25598.75 25634.46 25711.01 25859.26 26123.11 26511.34 26985.19 27467.85 27923.18 28462.17 28710.26 28825.22 28905.29 28713.88 28468.52 28039.14 27609.73 27190.22 26774.36 26370.88 25944.68 25550.65 25079.48 25020.08 25589.52 26216.17 26913.41 27659.72 28444.03 29260.58 30106.11 30976.28 31853.11 32680.99 33214.05 33603.76 33739.37 33620.55 33479.31 32992.31 32315.25 31574.40
23914.98 24312.00 24565.21 24704.01 24771.17 24801.53 24821.81 24845.06 24881.27 24957.91 25107.05 25368.35 25753.42 26225.40 26718.98 27199.20 27775.87 28172.55 28522.98 28746.12 28740.40 28688.06 28320.92 27891.21 27401.43 26950.10 26552.33 26198.62 25873.67 25486.41 25099.59 25053.04 25585.28 26211.46 26908.15 27654.39 28438.15 29254.92 30099.65 30971.11 31848.75 32696.81 33382.40 33752.43 33784.27 33813.71 33616.88 33085.12 32388.62 31574.58
23573.84 23830.41 23967.98 24035.23 24066.13 24086.56 24109.75 24146.39 24222.70 24370.96 24631.41 25009.80 25478.80 25977.96 26480.69 27060.09 27507.78 27985.06 28414.27 28561.52 28557.01 28407.01 28228.62 27748.74 27250.57 26755.61 26325.16 25975.38 25662.41 25391.34 25032.01 25049.83 25580.68 26206.35 26902.93 27648.69 28432.59 29248.68 30094.01 30964.17 31843.55 32689.63 33380.82 33748.32 33813.19 33751.59 33467.43 33097.36 32371.69 31577.85
23105.48 23249.94 23317.23 23348.63 23369.20 23392.37 23429.36 23505.35 23652.23 23908.35 24282.19 24744.79 25257.04 25779.25 26376.05 26847.33 27345.16 27794.85 28116.61 28223.86 28210.66 28083.63 27851.69 27551.19 27072.11 26580.43 26110.49 25721.84 25400.89 25129.54 24861.62 25003.61 25545.53 26201.23 26897.39 27643.22 28426.55 29243.10 30087.35 30958.69 31831.73 32576.96 33202.19 33613.83 33613.52 33600.93 33231.67 32799.98 32264.98 31531.32
22541.41 22616.75 22648.59 22669.31 22692.48 22729.77 22805.39 22950.41 23201.42 23568.05 24027.24 24547.34 25083.17 25720.47 26236.06 26736.48 27173.49 27488.58 27611.09 27672.35 27651.53 27610.98 27386.88 27134.52 26817.86 26374.77 25916.80 25467.01 25118.95 24798.65 24522.61 24902.90 25516.91 26177.94 26881.37 27631.06 28417.86 29235.13 30081.03 30933.77 31683.66 32333.94 32903.14 33068.46 33066.63 33038.13 32870.73 32449.68 31932.19 31379.42
21925.49 21965.59 21986.46 22009.66 22047.18 22122.41 22265.51 22511.15 22869.47 23320.37 23841.52 24399.41 25041.84 25621.45 26184.01 26622.85 26907.04 26996.71 27036.27 27010.73 26978.75 26931.02 26852.59 26629.42 26380.63 26078.28 25673.85 25249.61 24827.92 24472.44 24260.08 24849.59 25475.77 26138.82 26861.49 27616.08 28405.44 29227.80 30051.69 30782.32 31423.95 31989.16 32201.65 32273.56 32270.44 32238.02 32121.19 31929.60 31544.88 31039.07
21291.57 21320.24 21343.47 21381.19 21455.98 21597.11 21837.08 22186.06 22626.65 23138.05 23697.87 24351.04 24977.58 25600.84 26080.42 26356.63 26452.56 26433.86 26386.56 26321.31 26268.11 26214.43 26144.15 26061.42 25865.28 25628.28 25343.42 24970.99 24573.32 24164.12 24167.67 24777.92 25415.00 26110.47 26834.27 27600.81 28395.16 29191.56 29903.04 30527.62 31067.50 31292.66 31374.12 31389.23 31385.69 31352.64 31275.44 31167.55 30979.59 30628.23
20662.82 20693.51 20731.39 20805.71 20944.81 21179.25 21518.78 21948.03 22447.82 23000.16 23645.65 24290.63 24949.26 25491.07 25796.09 25917.07 25907.96 25834.40 25731.58 25637.45 25551.19 25489.72 25424.73 25348.49 25268.02 25095.50 24872.14 24609.53 24268.90 23888.50 24078.33 24700.79 25371.47 26071.90 26815.57 27582.87 28352.80 29045.36 29654.37 30169.65 30397.58 30480.87 30498.26 30503.66 30499.48 30467.71 30402.99 30322.54 30221.11 30041.73
20052.19 20097.38 20171.20 20308.24 20537.26 20867.67 21285.47 21772.74 22314.95 22942.46 23579.77 24237.26 24806.04 25176.35 25334.65 25341.44 25297.98 25224.25 25105.72 24975.89 24865.95 24773.99 24704.30 24635.16 24559.89 24480.25 24329.33 24126.06 23880.19 23564.13 23990.98 24644.24 25324.81 26044.67 26790.45 27534.92 28210.29 28802.06 29294.94 29524.27 29609.39 29628.90 29634.41 29632.73 29627.40 29597.15 29536.53 29470.46 29394.14 29289.31
19471.80 19552.07 19687.02 19910.75 20232.31 20638.99 21113.71 21643.90 22253.56 22878.85 23522.29 24081.26 24471.82 24656.20 24699.73 24698.10 24633.53 24559.97 24473.51 24345.58 24212.81 24099.73 24002.67 23930.55 23859.96 23787.13 23710.65 23574.17 23388.58 23298.51 23926.69 24591.07 25291.14 26017.19 26737.30 27394.01 27970.34 28442.63 28672.24 28759.15 28780.62 28786.34 28785.02 28783.03 28776.79 28747.95 28691.48 28627.36 28562.51 28480.53
18941.16 19080.77 19299.33 19612.33 20008.21 20470.76 20988.91 21580.76 22191.15 22815.82 23359.43 23746.23 23937.66 23997.01 24016.27 24011.68 23965.44 23889.73 23799.52 23709.42 23587.63 23458.74 23344.67 23246.89 23171.25 23101.24 23030.01 22955.52 22832.99 23222.31 23870.31 24552.77 25259.54 25959.39 26597.76 27158.72 27612.06 27841.04 27929.62 27952.92 27958.93 27957.95 27956.20 27954.04 27947.12 27919.58 27866.79 27805.15 27741.69 27669.46
18482.56 18702.66 19007.36 19392.74 19843.48 20349.64 20924.47 21519.55 22124.55 22652.35 23029.68 23221.75 23290.77 23310.85 23316.92 23311.26 23270.46 23211.63 23136.11 23048.59 22957.79 22843.87 22720.32 22607.18 22507.07 22428.66 22360.08 22290.98 22543.51 23165.45 23830.68 24518.67 25198.97 25820.99 26365.23 26802.57 27030.20 27120.29 27145.30 27151.68 27151.01 27149.34 27147.60 27145.26 27137.83 27111.52 27062.02 27002.83 26941.00 26870.52
18113.93 18417.04 18792.22 19231.47 19725.72 20284.25 20864.14 21450.29 21961.93 22328.85 22520.30 22592.56 22615.52 22621.84 22622.36 22615.54 22578.04 22524.19 22465.76 22393.70 22310.50 22222.44 22115.62 21997.94 21886.57 21786.84 21706.45 21884.60 22476.58 23124.53 23794.24 24455.64 25061.62 25591.16 26013.49 26239.23 26330.69 26357.30 26364.08 26363.72 26362.13 26360.46 26358.73 26356.22 26348.41 26323.25 26276.71 26219.93 26159.69 26091.05
17834.69 18206.27 18634.36 19116.83 19659.69 20224.56 20792.61 21288.63 21645.52 21835.21 21909.12 21933.50 21940.64 21942.58 21940.93 21933.12 21898.47 21846.44 21793.67 21737.03 21669.23 21590.60 21505.97 21405.42 21293.50 21184.68 21243.69 21805.08 22435.55 23087.45 23730.57 24320.82 24835.97 25244.24 25467.69 25560.32 25588.44 25595.67 25595.60 25594.10 25592.47 25590.83 25589.11 25586.43 25578.36 25554.29 25510.43 25455.98 25397.29 25330.44
17628.35 18051.76 18522.60 19050.38 19600.44 20151.10 20632.03 20979.23 21166.97 21242.29 21267.63 21275.17 21277.17 21276.24 21274.35 21265.86 21233.61 21184.26 21133.19 21081.84 21027.27 20963.25 20888.94 20807.86 20712.98 20622.39 21150.55 21763.36 22397.89 23023.31 23598.15 24099.24 24494.29 24715.10 24808.73 24838.25 24845.96 24846.17 24844.77 24843.19 24841.59 24839.99 24838.26 24835.44 24827.20 24804.15 24762.73 24710.53 24653.34 24588.25
17477.20 17942.70 18455.94 18991.43 19525.34 19991.69 20329.54 20515.16 20591.67 20617.95 20625.89 20627.98 20627.18 20625.79 20623.63 20614.66 20584.50 20538.02 20488.52 20438.67 20388.67 20336.02 20275.36 20205.12 20127.80 20512.70 21107.58 21725.13 22333.39 22893.17 23380.53 23763.11 23981.01 24075.46 24106.29 24114.51 24114.99 24113.69 24112.16 24110.60 24109.05 24107.48 24105.74 24102.79 24094.45 24072.36 24033.18 23983.13 23927.47 23864.03
17370.73 17875.99 18397.17 18914.96 19367.22 19696.01 19879.37 19956.89 19984.07 19992.41 19994.60 19993.93 19992.61 19991.21 19988.79 19979.53 19951.20 19907.37 19859.50 19810.94 19762.36 19713.67 19662.84 19605.32 19895.99 20467.84 21068.78 21660.40 22205.43 22679.42 23050.19 23264.97 23360.07 23392.12 23400.86 23401.61 23400.42 23398.93 23397.41 23395.90 23394.38 23392.84 23391.09 23388.03 23379.64 23358.47 23321.33 23273.35 23219.26 23157.41
17304.13 17817.33 18319.57 18758.22 19078.25 19259.23 19337.57 19365.60 19374.35 19376.64 19376.10 19374.84 19373.52 19372.10 19369.46 19360.02 19333.35 19291.95 19245.73 19198.47 19151.08 19103.80 19057.19 19297.43 19844.00 20428.44 21003.91 21534.54 21995.50 22355.06 22566.55 22662.14 22695.32 22704.58 22705.60 22704.52 22703.08 22701.60 22700.12 22698.64 22697.15 22695.64 22693.88 22690.72 22682.34 22662.04 22626.79 22580.78 22528.26 22467.98
17245.56 17738.80 18164.31 18475.84 18654.34 18733.33 18762.18 18771.33 18773.74 18773.31 18772.11 18770.83 18769.54 18768.10 18765.26 18755.75 18730.56 18691.41 18646.84 18600.88 18554.74 18511.49 18714.49 19235.76 19803.73 20363.52 20880.07 21328.34 21677.23 21885.32 21981.23 22015.45 22025.24 22026.53 22025.56 22024.17 22022.73 22021.29 22019.84 22018.40 22016.95 22015.46 22013.69 22010.45 22002.12 21982.63 21949.12 21905.01 21854.05 21795.31
17166.31 17585.10 17888.39 18064.32 18143.82 18173.43 18182.98 18185.53 18185.21 18184.07 18182.82 18181.57 18180.30 18178.83 18175.82 18166.31 18142.47 18105.40 18062.47 18017.86 17975.50 18146.19 18642.74 19194.30 19738.81 20241.63 20677.57 21016.27 21220.86 21316.93 21352.12 21362.44 21364.00 21363.14 21361.80 21360.40 21358.99 21357.58 21356.17 21354.76 21353.35 21351.88 21350.10 21346.80 21338.54 21319.82 21287.94 21245.63 21196.22 21138.98
17014.28 17315.52 17488.82 17568.67 17599.00 17608.95 17611.63 17611.42 17610.34 17609.13 17607.91 17606.69 17605.44 17603.94 17600.79 17591.34 17568.73 17533.58 17492.32 17451.24 17591.97 18064.54 18599.78 19129.41 19618.82 20042.77 20371.72 20572.76 20668.85 20704.93 20715.77 20717.60 20716.85 20715.56 20714.20 20712.82 20711.45 20710.07 20708.70 20707.32 20705.94 20704.50 20702.70 20699.35 20691.19 20673.22 20642.84 20602.25 20554.38 20498.60
16746.97 16921.59 17001.65 17032.65 17042.98 17045.81 17045.70 17044.68 17043.51 17042.32 17041.13 17039.91 17038.64 17037.10 17033.83 17024.50 17003.02 16969.69 16931.86 17045.35 17494.50 18013.39 18528.35 19004.52 19416.71 19736.26 19933.65 20029.62 20066.50 20077.86 20079.95 20079.32 20078.08 20076.75 20075.41 20074.07 20072.73 20071.39 20070.05 20068.70 20067.29 20065.85 20064.05 20060.66 20052.62 20035.35 20006.39 19967.46 19921.13 19868.38
