#Value Function.
3.5919  3.6049  3.6681  3.7297  3.7917  3.8540  3.8695  3.8786  3.8882  3.8949  3.9113  3.9131  3.9209  3.9237  3.9225  3.9609  4.0240  4.0910  4.1606  4.2183  4.2386  4.2410  4.2441  4.2584  4.2650  4.2646  4.2695  4.2738  4.2752  4.2758  4.2762  4.2775  4.2790  4.2758  4.2626  4.2747  4.3928  4.6588  4.9788  5.2949  5.5584  5.6494  5.5840  5.5127  5.4319  5.6152  6.6047  7.5313  7.7857  7.8148 
3.4876  3.6840  3.7410  3.8030  3.8651  3.9273  3.9311  3.9397  3.9494  3.9555  3.9742  3.9721  3.9818  3.9832  3.9853  4.0353  4.1043  4.1722  4.2430  4.2980  4.3094  4.3083  4.3120  4.3291  4.3335  4.3316  4.3380  4.3421  4.3427  4.3433  4.3436  4.3452  4.3450  4.3341  4.3039  4.2817  4.3403  4.5023  4.7002  5.0016  5.2446  5.3935  5.4445  5.4783  5.4473  5.7192  6.9103  7.8040  7.8950  7.8383 
3.5076  3.7055  3.7433  3.8043  3.8665  3.9284  3.9969  3.9999  4.0104  4.0366  4.0275  4.0417  4.0390  4.0543  4.0629  4.0385  4.1050  4.1753  4.2431  4.3167  4.3729  4.3757  4.3980  4.4016  4.3966  4.4050  4.4094  4.4094  4.4101  4.4100  4.4121  4.4122  4.3981  4.3547  4.2881  4.2720  4.3088  4.4143  4.6813  4.9061  5.1849  5.3640  5.4570  5.4467  5.6008  7.0133  8.0230  7.9789  7.9604  7.9197 
3.6257  3.8000  3.7502  3.8061  3.8701  3.9432  4.0071  4.0641  4.1018  4.0801  4.1031  4.0930  4.1131  4.1210  4.1257  4.0404  4.1074  4.1754  4.2471  4.3139  4.3915  4.4490  4.4705  4.4607  4.4724  4.4771  4.4759  4.4771  4.4763  4.4789  4.4808  4.4693  4.4198  4.3564  4.2969  4.2494  4.2651  4.3343  4.4901  4.7290  4.9632  5.1819  5.3313  5.4052  7.1308  8.2593  8.2192  8.0037  8.1322  8.1346 
4.0754  4.3272  3.7559  3.8177  3.8815  3.9460  4.0055  4.0709  4.1278  4.1677  4.1443  4.1727  4.1788  4.1834  4.1849  4.0734  4.1098  4.1781  4.2462  4.3198  4.3842  4.4673  4.5231  4.5404  4.5450  4.5422  4.5442  4.5425  4.5456  4.5488  4.5424  4.4884  4.4179  4.3563  4.2933  4.2440  4.2116  4.2363  4.3255  4.4769  4.6968  4.9264  5.1204  7.2800  8.5108  8.4816  8.2470  8.1446  8.6327  8.5807 
4.2237  4.4712  4.4210  3.8302  3.8920  3.9460  4.0099  4.0694  4.1341  4.1909  4.2340  4.2360  4.2408  4.2428  4.2377  4.2205  4.1129  4.1784  4.2498  4.3173  4.3946  4.4589  4.5436  4.5971  4.6076  4.6117  4.6082  4.6121  4.6156  4.6170  4.5577  4.4824  4.4219  4.3551  4.2904  4.2372  4.2324  4.1729  4.1952  4.2775  4.4221  4.3602  7.4912  8.7635  8.7944  8.5231  8.4131  8.7870  8.7315  8.6747 
4.1850  4.4032  4.5521  4.5196  3.8963  3.9567  4.0102  4.0736  4.1329  4.1970  4.2534  4.2980  4.3002  4.2982  4.2685  4.3077  4.1147  4.1809  4.2496  4.3238  4.3921  4.4705  4.5338  4.6202  4.6710  4.6731  4.6785  4.6823  4.6839  4.6822  4.5673  4.4940  4.4207  4.3569  4.2912  4.2866  4.2816  4.1866  4.1292  4.1417  4.2190  4.3338  4.2844  8.1278  8.9589  8.8505  8.9204  8.8572  8.7959  8.7311 
4.2412  4.4769  4.4971  4.6277  4.6263  3.9611  4.0226  4.0812  4.1369  4.1957  4.2597  4.3156  4.3623  4.3116  4.3685  4.3835  4.1174  4.1820  4.2546  4.3258  4.4088  4.4767  4.5468  4.6088  4.6972  4.7448  4.7487  4.7504  4.7483  4.7460  4.7120  4.6921  4.4711  4.6768  4.7210  4.6962  4.6615  4.6535  4.2256  4.0999  4.0931  4.1745  4.2860  4.3181  8.9053  8.9968  8.8242  8.8641  8.7998  8.7377 
4.2339  4.4589  4.5605  4.5934  4.6950  4.7459  4.7268  4.0874  4.1464  4.2080  4.2645  4.3208  4.3776  4.4331  4.4427  4.4425  4.1205  4.1902  4.2586  4.3378  4.4087  4.4819  4.5483  4.6234  4.6839  4.7746  4.8171  4.8125  4.8198  4.7644  4.8161  4.7994  4.7726  4.7994  4.7649  4.7200  4.7275  4.6575  4.5653  4.0365  4.0422  4.0849  4.2475  4.4235  8.5288  8.8717  8.9363  8.7591  8.8026  8.7388 
4.2673  4.4998  4.5521  4.6377  4.6953  4.7483  4.8067  4.8408  4.8422  4.8458  4.2702  4.3262  4.3815  4.4390  4.4993  4.4985  4.5071  4.1968  4.2717  4.3397  4.4117  4.4804  4.5554  4.6187  4.7002  4.7582  4.8528  4.8886  4.8736  4.8910  4.8848  4.8262  4.8756  4.8341  4.7742  4.8022  4.7518  4.4724  4.3886  4.4742  4.3732  4.1507  4.2649  4.5293  5.5091  8.8908  8.6622  8.8953  8.7671  8.7238 
4.2764  4.5047  4.5835  4.6440  4.6982  4.7550  4.8072  4.8617  4.8949  4.8961  4.8994  4.9011  4.3873  4.4425  4.5000  4.5681  4.5507  4.5807  4.2759  4.3461  4.4119  4.4853  4.5526  4.6293  4.6949  4.7783  4.8328  4.9322  4.9592  4.9570  4.9038  4.9577  4.8999  4.8517  4.8819  4.8188  4.7554  4.4169  4.5745  4.3955  4.3802  4.7278  4.4568  4.6348  9.2888  8.3726  8.9069  8.8359  8.8705  8.8239 
4.3058  4.5299  4.5927  4.6480  4.7037  4.7566  4.8100  4.8594  4.9174  4.9484  4.9494  4.9529  4.9551  4.4481  4.5033  4.5122  4.6517  4.5936  4.6670  4.3488  4.4160  4.4859  4.5603  4.6297  4.7076  4.7705  4.8503  4.8685  5.0213  5.0231  5.0401  4.9837  5.0245  4.9618  4.8973  4.8348  4.7708  4.7107  4.4129  4.4807  4.3977  6.5972  7.3527  5.4454  7.5830  9.3396  9.0954  8.9594  8.8686  8.7926 
4.3994  4.5510  4.6094  4.6610  4.7060  4.7588  4.8097  4.8644  4.9099  4.9743  5.0011  5.0065  5.0043  4.9643  4.9464  4.5777  4.5938  4.7408  4.7132  4.3537  4.4198  4.4934  4.5647  4.6404  4.7069  4.7784  4.8212  4.9343  4.9579  5.1121  5.0785  5.1054  5.0434  4.9659  4.8997  4.8352  4.7740  4.7256  4.6307  4.4326  6.8074  7.1603  7.4724  7.6325  6.6234  7.5631  9.2780  8.9239  8.7176  8.3549 
5.2448  5.5836  5.4315  4.6683  4.7167  4.7594  4.8127  4.8615  4.9193  4.9592  5.0333  5.0518  5.0550  5.0528  5.0516  5.0242  4.7209  4.9992  4.7554  4.4443  4.4314  4.5001  4.5760  4.6454  4.7138  4.7694  4.8635  4.9158  5.0449  5.1587  5.1820  5.1288  5.0485  4.9802  4.9057  4.8377  4.7840  4.7705  4.6805  7.2013  7.0818  7.3113  7.3683  8.2018  8.5121  7.5707  6.7082  6.4505  6.3268  6.2896 
5.3598  5.6441  5.6462  5.5282  4.7222  4.7708  4.8119  4.8667  4.9129  4.9763  5.0129  5.0943  5.1003  5.1035  5.0999  5.1028  5.0999  4.9625  5.0973  4.7834  4.4469  4.5172  4.5866  4.6567  4.7193  4.8040  4.8698  4.9681  4.9878  5.1344  5.2365  5.2523  5.3781  5.2812  5.3798  4.9438  4.7982  5.0131  6.8317  7.0839  7.2725  6.9469  7.2961  7.8454  7.9363  7.5673  6.8172  6.2563  6.2272  6.1728 
5.3759  5.6530  5.7009  5.7062  5.6379  4.7753  4.8253  4.8650  4.9241  4.9723  5.0410  5.0953  5.1518  5.1467  5.1525  5.1461  5.1520  5.1417  5.1412  5.1834  4.8001  4.5400  4.6070  4.6762  4.7562  4.8280  4.9128  4.9554  5.0742  5.1694  5.2277  5.3110  5.3019  5.4833  5.3384  5.4726  5.1548  6.3071  5.4668  7.1737  7.0736  7.2916  6.5733  6.8196  7.1596  7.1399  6.8417  6.1989  6.0167  5.9958 
5.3780  5.6540  5.7064  5.7580  5.7611  5.7663  4.8389  4.9376  5.2415  5.0694  5.0535  5.1094  5.1799  5.1995  5.1877  5.1982  5.1880  5.1546  5.1772  5.1789  5.2832  4.7872  4.6497  4.7298  4.8043  4.8831  4.9399  5.0326  5.1139  5.1768  5.2528  5.2844  5.3931  5.3382  5.6106  5.2812  5.9878  5.6507  5.4940  5.3288  5.2997  5.4212  5.8523  6.1408  6.3003  6.4174  6.3804  6.0697  5.8566  5.7872 
5.3776  5.6532  5.7073  5.7592  5.8161  5.8138  5.8123  5.1894  5.3475  5.2954  5.0739  5.1347  5.1665  5.2342  5.2465  5.2268  5.2429  5.2229  5.2159  5.2224  5.2234  5.3947  4.7195  4.8102  4.9079  4.9679  5.0274  5.0850  5.1388  5.1956  5.2368  5.3230  5.3376  5.4872  5.3516  5.7846  5.6767  5.5508  5.3387  5.2484  5.2199  5.3077  5.4500  5.5720  5.7699  6.1384  5.8800  5.8146  5.5424  5.5020 
5.3793  5.6545  5.7113  5.7758  5.8790  5.8608  5.8595  5.8523  5.3727  5.4012  5.3501  5.1384  5.1971  5.2247  5.2836  5.2891  5.2588  5.2488  5.2551  5.2519  5.2572  5.3712  5.4984  5.6046  5.6326  5.6442  5.1362  5.1538  5.1651  5.1955  5.2604  5.3013  5.3980  5.3822  5.6035  5.3979  5.6334  5.3743  5.2829  5.2322  5.2077  5.1917  5.2655  5.2687  5.7077  5.6145  5.7226  5.5028  5.4439  5.3889 
5.3859  5.6609  5.7300  5.8140  5.8345  5.9497  5.8994  5.8740  5.3739  5.4192  5.4517  5.3950  5.4454  5.2583  5.2770  5.3236  5.3230  5.2830  5.2755  5.2778  5.2803  5.2902  5.3772  5.4712  5.5500  5.5241  5.5259  5.1820  5.1744  5.2106  5.2525  5.3255  5.3552  5.4839  5.4111  5.4832  5.4050  5.3390  5.2760  5.2274  5.1864  5.1623  5.1482  5.1733  5.3425  5.6635  5.4068  5.4761  5.3692  5.3094 
5.4029  5.6794  5.7560  5.7963  5.8838  5.8870  6.0232  5.9279  5.5337  5.4386  5.4933  5.4878  5.3978  5.3531  5.3634  5.3520  5.3411  5.3465  5.2902  5.2934  5.2904  5.2846  5.2461  5.3489  5.3592  5.4114  5.5081  5.5087  5.1865  5.2121  5.2650  5.3061  5.3979  5.4053  5.4038  5.3620  5.3927  5.3394  5.2767  5.2187  5.1738  5.1402  5.1236  5.1315  5.1688  5.3264  5.5315  5.4005  5.3632  5.2974 
5.4206  5.6991  5.7525  5.8280  5.8596  5.9638  5.9910  6.0899  5.9797  5.4829  5.4953  5.5180  5.5060  5.3837  5.3504  5.3730  5.3496  5.3423  5.3069  5.2931  5.2743  5.2424  5.1865  5.1959  5.2516  5.3555  5.4681  5.5262  5.4652  5.2197  5.2558  5.3225  5.3356  5.3328  5.3284  5.3274  5.3026  5.3120  5.2713  5.2149  5.1624  5.1210  5.0958  5.0585  5.0927  5.4380  5.3336  5.4261  5.3493  5.2680 
5.4271  5.7036  5.7773  5.8253  5.9181  5.9872  6.0625  6.0076  6.1599  6.0196  5.5491  5.5612  5.5965  5.4756  5.3431  5.3258  5.3197  5.3100  5.2856  5.2709  5.2221  5.2014  5.1153  5.1346  5.2537  5.3249  5.3917  5.4534  5.4854  5.2091  5.2565  5.2684  5.2640  5.2579  5.2533  5.2376  5.2499  5.2370  5.2367  5.2042  5.1576  5.1115  5.0862  5.0713  5.0713  5.0873  5.3195  5.3012  5.2351  5.1698 
5.4453  5.7233  5.7873  5.8746  5.9467  6.0155  6.0163  6.1182  6.0828  6.2068  6.0199  5.6549  5.5710  5.5571  5.4147  5.2714  5.2611  5.2379  5.2485  5.1914  5.1915  5.0844  5.0753  5.1245  5.1717  5.2598  5.3170  5.3682  5.4180  5.4069  5.2043  5.1994  5.1892  5.1844  5.1868  5.1751  5.1689  5.1759  5.1697  5.1669  5.1458  5.1188  5.0896  5.0899  5.1104  5.1206  5.1112  5.2399  5.2335  5.1615 
5.4660  5.7437  5.8284  5.9054  5.9734  6.0137  6.1184  6.2283  6.8577  6.3448  6.1668  5.9738  5.7665  5.6091  5.4628  5.3226  5.1446  5.1922  5.1215  5.1632  5.0384  5.0431  5.0939  5.0914  5.1287  5.1681  5.2293  5.2790  5.3269  5.3636  5.3352  5.1244  5.1169  5.1135  5.1042  5.0998  5.1027  5.1002  5.1047  5.1036  5.1057  5.1030  5.1040  5.1075  5.1159  5.1269  5.1245  5.1063  5.1693  5.0966 
5.5001  5.7805  5.8599  5.9328  6.0008  6.1270  6.3194  6.7723  6.5850  6.9362  6.1568  6.0833  5.8591  5.6307  5.4748  5.3349  5.1892  4.9935  5.1084  4.9572  4.9827  5.0734  5.0799  5.1073  5.1013  4.5514  4.3614  4.3258  5.0478  5.2346  5.2939  5.2589  5.0449  5.0358  5.0291  5.0318  5.0298  5.0313  5.0314  5.0368  5.0440  5.0608  5.0858  5.1152  5.1301  5.1343  5.1319  5.1019  5.0712  5.0248 
5.5330  5.8136  5.8957  5.9839  6.1367  6.3717  6.7435  6.7588  6.9734  6.5731  6.9765  6.3152  5.8689  5.6808  5.5170  5.3507  5.1681  5.0502  4.8167  4.9262  4.7686  5.0060  4.6644  5.0060  4.4900  4.3606  4.3223  4.3201  4.3724  4.8895  5.1276  5.2138  5.1803  4.9611  4.9613  4.9588  4.9599  4.9592  4.9611  4.9645  4.9764  4.9998  5.0295  5.0815  5.1139  5.1310  5.1241  5.0941  5.1398  5.1871 
5.5762  5.8548  5.9618  6.1310  6.3913  6.7293  6.8595  7.0784  6.9624  7.3049  7.3882  6.6218  6.0127  5.7479  5.5505  5.3542  5.2344  5.2003  4.8682  4.6272  4.7358  4.5602  4.5984  4.4154  4.3690  4.2482  4.3073  4.2876  4.2841  4.3759  4.7672  5.0200  5.1264  5.0985  4.9369  4.9004  4.8902  4.8891  4.8897  4.8928  4.9015  4.9174  4.9546  4.9991  5.0473  5.0812  5.0877  5.0727  5.9064  5.9015 
5.6626  5.9346  6.1182  6.3873  6.7103  6.9188  7.1780  7.3166  7.6971  7.6089  7.3480  6.9412  6.1559  5.8235  5.5873  5.4237  5.3894  5.0769  5.0222  4.6861  4.4361  4.5214  4.3586  4.3838  4.2314  4.3096  4.2416  4.2584  4.2452  4.2505  4.3537  4.6672  4.9161  5.0369  5.0218  4.8997  4.8450  4.8272  4.8249  4.8257  4.8320  4.8420  4.8653  4.9074  4.9507  4.9961  5.7513  6.0633  6.2253  6.1996 
5.8366  6.1009  6.3721  6.6948  6.9911  7.5067  9.0251  9.2520  8.3214  9.0462  9.0762  7.0731  6.3171  5.9105  5.6379  5.5106  5.2773  5.2307  4.8551  4.6212  4.5641  4.2618  4.3996  4.1873  4.3317  4.2518  4.2698  4.2202  4.2166  4.2038  4.2131  4.3201  4.5819  4.8183  4.9490  4.9517  4.8594  4.7997  4.7791  4.7746  4.7772  4.7805  4.7929  4.8243  5.7212  5.8711  6.1328  6.2793  6.3825  6.3464 
6.2237  6.3730  6.7034  7.0684  7.6931  8.9122  9.2597  8.7888  9.1149  8.4377  8.4201  7.0053  6.4070  5.9730  5.7355  5.6864  5.6463  5.0360  4.8190  4.7924  4.7576  4.4051  4.0974  4.2192  4.0260  4.2468  4.2405  4.2280  4.1884  4.1736  4.1601  4.1771  4.2834  4.5090  4.7359  4.1750  4.0798  4.0672  4.6142  4.7756  4.6068  4.8572  5.7572  5.7919  5.8678  6.1849  6.3225  6.4408  6.4539  6.4291 
7.9908  8.5253  8.5887  8.6128  8.7955  9.1749  8.9445  8.8920  8.3823  8.7606  7.6486  6.9058  6.3933  6.0295  5.8724  5.7364  5.2538  5.0086  4.9461  4.8603  4.6128  4.7552  4.2451  3.9733  4.0587  4.0404  4.1744  4.1912  4.1792  4.1494  4.1301  4.1205  4.1443  4.2509  4.1207  4.0864  4.1113  4.0917  4.2876  4.5235  4.8485  5.1644  5.5030  5.8042  6.2048  6.3322  6.4887  6.4774  6.5764  6.6243 
8.1153  8.5151  8.5747  8.6385  8.6582  8.7376  8.9000  8.6421  8.7467  7.7683  7.3073  6.7948  6.3783  6.1024  5.8815  5.4553  5.1986  5.1018  4.9933  4.7994  4.8396  4.7457  4.7367  4.1073  3.9096  3.8967  3.9971  4.1040  4.1342  4.1307  4.1078  4.0916  4.0929  4.1284  4.0889  4.1190  4.1377  4.2639  4.4442  4.7699  5.1098  5.4217  5.7360  6.1154  6.4891  6.4730  6.4569  6.5170  7.1946  7.1889 
8.1204  8.5105  8.5636  8.6193  8.6826  8.8390  8.6945  8.6518  7.9538  7.4822  7.0428  6.7372  6.9128  6.0389  5.6486  5.3940  5.2944  5.3316  5.2553  5.1235  4.8585  4.8011  4.7659  4.6788  3.9769  3.9009  3.9216  4.0807  4.0656  4.0831  4.0819  4.0712  4.0688  4.0855  4.1199  4.1291  4.1929  4.3106  4.5978  4.9222  5.2223  5.5728  5.9306  6.2810  6.5061  6.7462  6.7203  7.3118  7.3627  7.3249 
8.1115  8.4997  8.5611  8.6071  8.6580  8.6941  8.6718  8.7130  6.7196  6.4298  6.9142  6.9062  6.2443  5.8198  5.5712  5.4714  5.5167  5.4524  5.4447  5.3631  4.8769  4.8283  4.8197  4.6746  4.5884  4.0032  3.9048  3.9464  4.0323  4.0336  4.0391  4.0465  4.0516  4.0631  4.0889  4.1025  4.1748  4.3635  4.6404  4.9419  5.2815  5.6130  5.9418  6.3331  6.7431  7.1054  7.3108  7.3735  7.2971  7.2556 
8.1040  8.4923  8.5486  8.6128  8.6492  8.6546  8.6766  6.5054  6.2313  6.7667  6.1699  6.3586  5.9496  5.7171  5.6218  5.6675  5.6144  5.6125  5.5542  5.5136  5.3817  4.9964  4.6933  4.5998  4.6313  4.5040  3.9307  3.9381  3.9869  3.9894  3.9914  4.0046  4.0240  4.0431  4.0675  4.0756  4.1857  4.3596  4.6375  4.9427  5.2571  5.6185  5.9713  6.3528  6.7331  7.0175  7.2307  7.2617  7.1331  6.9541 
8.0947  8.4837  8.5420  8.5969  8.6095  8.6133  6.2886  6.3105  6.5744  6.0527  6.3088  6.0232  5.8087  5.7355  5.7795  5.7291  5.7432  5.6964  5.6786  5.6172  5.5378  5.3784  5.0404  5.1953  5.2638  4.7212  4.4515  4.0051  3.9706  4.0673  3.9748  3.9623  3.9788  4.0064  4.0437  4.0303  4.3825  4.3559  4.5429  4.8594  5.1980  5.4542  6.5244  6.3596  6.6611  6.9596  7.1570  7.2941  6.0429  5.9570 
8.0733  8.4568  8.5422  8.5575  8.5549  8.5667  5.7845  6.4280  6.0724  5.8730  6.0344  5.8518  5.7960  5.8387  5.8035  5.8200  5.7912  5.7789  5.7427  5.7024  5.6331  5.5366  5.3569  5.1046  5.2329  5.3715  4.7920  4.4512  4.0828  4.1523  4.0934  3.9885  3.9558  4.0617  4.0104  4.0292  4.4106  4.5719  4.6719  4.7097  4.9874  5.2823  5.6748  5.5465  6.7136  6.8378  7.0324  5.8640  5.6257  5.5761 
8.0839  8.4761  8.5019  8.5060  8.5077  5.6431  5.7027  5.7694  5.8065  5.8488  5.8643  5.8183  5.8450  5.8282  5.8495  5.8322  5.8363  5.8164  5.7895  5.7446  5.6931  5.6177  5.5129  5.3308  5.1328  5.2842  5.5058  4.9099  4.7001  8.4291  8.6212  4.5537  4.1176  4.0354  4.0473  4.2884  4.1183  4.3687  4.7369  4.7511  4.7797  5.0039  5.2987  5.6304  5.7370  5.6356  5.6717  5.6108  5.5382  5.4952 
8.0471  8.4407  8.4516  8.4538  8.4564  5.6314  5.6877  5.7425  5.8104  5.8302  5.8086  5.8367  5.8148  5.8330  5.8280  5.8393  5.8306  5.8292  5.8056  5.7705  5.6089  5.6389  5.5793  5.4721  5.3008  5.2765  5.3150  5.6666  5.4391  6.6699  6.3105  4.9936  4.6056  4.1060  4.1958  4.1481  4.3570  4.6648  4.7376  4.7843  4.9314  4.8195  4.9813  5.2616  5.5547  5.6757  5.6241  5.5590  5.5288  5.4825 
7.9418  8.3846  8.3932  8.3973  5.5626  5.6315  5.6787  5.7323  5.7810  5.7745  5.7881  5.7866  5.8027  5.7968  5.8073  5.8075  5.8141  5.8095  5.7261  5.6141  5.6912  5.5988  5.5890  5.5314  5.4813  5.2988  5.2466  5.3238  5.6670  6.2530  6.5847  5.6911  4.1368  4.1003  4.1443  4.3303  4.5875  4.6734  4.6411  4.8536  4.8038  4.8582  4.8155  4.9480  5.1958  5.4593  5.5879  5.5734  5.5202  5.4700 
7.2884  7.8013  5.4235  5.4931  5.5550  5.6151  5.6836  5.7252  5.7284  5.7344  5.7328  5.7450  5.7483  5.7627  5.7630  5.7701  5.7725  5.7770  5.6039  5.6562  5.5972  5.6261  5.5655  5.5395  5.2919  5.3788  5.2600  5.2419  5.2993  5.4146  5.5159  4.2414  4.1948  4.1219  4.2957  4.5151  4.6056  4.5973  4.6144  4.6201  4.7947  4.7700  4.7658  4.7819  4.9018  5.1240  5.3612  5.4970  5.5097  5.4457 
5.2700  5.3643  5.4282  5.4734  5.5494  5.6082  5.6676  5.6784  5.6774  5.6801  5.6845  5.6892  5.6988  5.7047  5.7157  5.7190  5.7248  5.7282  5.7125  5.5985  5.5992  5.5629  5.5677  5.3012  5.4192  5.2874  5.2774  5.2288  5.1959  5.2931  5.4029  4.3341  4.1231  4.2566  4.4476  4.5396  4.5479  4.5638  4.5922  4.7156  4.7192  4.7149  4.7239  4.7173  4.7402  4.8508  5.0501  5.2678  5.4073  5.3260 
5.1190  5.3714  5.4145  5.4852  5.5211  5.6078  5.6221  5.6174  5.6237  5.6281  5.6313  5.6355  5.6406  5.6488  5.6558  5.6651  5.6700  5.6754  5.6770  5.6540  5.5724  5.4771  5.2964  5.3360  5.2804  5.3331  5.2748  5.2199  5.1758  5.1632  5.2382  5.0845  4.2266  4.3843  4.4759  4.4965  4.5154  4.5536  4.6465  4.6641  4.6624  4.6677  4.6649  4.6685  4.6675  4.6951  4.7978  4.9784  5.1794  5.0925 
5.1033  5.3662  5.4268  5.4628  5.5451  5.5647  5.5585  5.5662  5.5655  5.5700  5.5743  5.5779  5.5855  5.5915  5.5991  5.6065  5.6149  5.6206  5.6222  5.6210  5.5962  5.2743  5.2755  5.2547  5.2707  5.2426  5.2656  5.2250  5.1741  5.1322  5.1230  5.0250  4.3335  4.4144  4.4442  4.4674  4.5095  4.5835  4.6076  4.6092  4.6125  4.6116  4.6135  4.6123  4.6144  4.6172  4.6479  4.7440  4.9088  4.8294 
5.1051  5.3703  5.4175  5.4838  5.5077  5.5074  5.5100  5.5072  5.5117  5.5127  5.5164  5.5205  5.5247  5.5314  5.5378  5.5451  5.5526  5.5605  5.5662  5.5683  5.5653  5.5117  5.2837  5.2333  5.2102  5.2129  5.1971  5.2047  5.1731  5.0714  5.0762  5.0600  4.3641  4.3976  4.4192  4.4623  4.5239  4.5508  4.5554  4.5579  4.5579  4.5591  4.5586  4.5597  4.5594  4.5610  4.5667  4.5994  4.6896  4.6214 
5.1012  5.3661  5.4249  5.4499  5.4503  5.4536  5.4543  5.4559  5.4549  5.4578  5.4595  5.4629  5.4668  5.4712  5.4774  5.4838  5.4910  5.4985  5.5060  5.5117  5.5141  5.5065  5.4432  5.2704  5.1969  5.1659  5.1593  5.1481  5.0307  5.0210  5.0192  5.0202  4.9315  4.3783  4.4180  4.4666  4.4943  4.5013  4.5037  4.5041  4.5049  4.5049  4.5056  4.5056  4.5063  4.5064  4.5082  4.5160  4.5499  4.4894 
5.0937  5.3603  5.3669  5.3734  5.3916  5.3962  5.3995  5.4008  5.4021  5.4020  5.4041  5.4061  5.4093  5.4131  5.4175  5.4234  5.4298  5.4368  5.4442  5.4515  5.4572  5.4592  5.4474  5.3828  5.2444  5.1617  5.0992  4.9907  4.9682  4.9657  4.9659  4.9660  4.9567  4.8329  4.4167  4.4383  4.4470  4.4497  4.4504  4.4510  4.4512  4.4518  4.4519  4.4524  4.4526  4.4531  4.4535  4.4557  4.4652  4.4081 
5.0637  5.3119  5.3175  5.3151  5.3210  5.3351  5.3415  5.3453  5.3471  5.3484  5.3488  5.3506  5.3526  5.3556  5.3593  5.3638  5.3694  5.3757  5.3826  5.3899  5.3970  5.4026  5.4038  5.3889  5.3267  5.1221  5.0418  4.9455  4.9366  4.9118  4.9103  4.9029  4.8975  4.8882  4.3882  4.3932  4.3959  4.3968  4.3974  4.3977  4.3981  4.3984  4.3988  4.3991  4.3995  4.3998  4.4003  4.4008  4.4035  4.3489 
5.1723  5.2437  5.2581  5.2582  5.2640  5.2765  5.2834  5.2873  5.2894  5.2906  5.2913  5.2929  5.2950  5.2980  5.3017  5.3061  5.3117  5.3180  5.3248  5.3320  5.3390  5.3442  5.3442  5.3262  5.2583  5.0793  4.9869  4.8983  4.8791  4.8570  4.8527  4.8456  4.8368  4.7908  4.3843  4.3415  4.3394  4.3400  4.3406  4.3409  4.3413  4.3416  4.3420  4.3423  4.3427  4.3430  4.3435  4.3441  4.3455  4.3434 
