#Value Function.
11.9928 12.4082 12.6909 12.8994 13.0486 13.0540 13.1290 13.1491 13.1670 13.1907 13.2101 13.2470 13.2649 13.3150 13.3070 13.3178 13.2973 13.2979 13.2768 13.2666 13.1913 13.0870 12.9993 12.9397 12.8906 12.8586 12.7611 12.6773 12.5964 12.5385 12.5389 12.5451 12.5419 12.5448 12.5492 12.5642 12.5817 12.5881 12.5781 12.5701 12.5556 12.4810 12.3667 12.1850 11.9443 11.6601 11.3648 11.0915 10.8838 10.6491
12.4150 12.8279 13.1213 13.4347 13.6513 13.8299 13.8609 13.8862 13.9070 13.9240 13.9512 13.9665 14.0136 14.0204 14.0942 14.0679 14.0917 14.0580 14.0688 13.9826 13.8614 13.7650 13.7075 13.6500 13.6419 13.5180 13.4334 13.3432 13.2795 13.2523 13.2643 13.2648 13.2744 13.2675 13.2717 13.2741 13.2916 13.3130 13.3210 13.3065 13.2917 13.1226 12.9302 12.6746 12.3685 12.0505 11.7540 11.5114 11.4989 10.9468
12.5793 12.9583 13.2382 13.5391 13.8920 14.1515 14.2971 14.3329 14.3486 14.3715 14.3855 14.4183 14.4236 14.4886 14.4708 14.5873 14.5249 14.5763 14.4730 14.3304 14.2247 14.1801 14.1007 14.1448 13.9731 13.8976 13.7963 13.7349 13.6792 13.6940 13.6981 13.7146 13.7105 13.7265 13.7128 13.7199 13.7179 13.7386 13.7651 13.7760 13.6411 13.3957 13.1237 12.7975 12.4611 12.1501 11.8879 11.7296 11.4527 10.9684
12.7898 13.1229 13.3600 13.6486 13.9880 14.3495 14.6610 14.7780 14.8028 14.8141 14.8416 14.8494 14.8934 14.8785 14.9779 14.9092 15.1043 14.9707 14.7992 14.6932 14.6112 14.5307 14.6829 14.4167 14.3717 14.2494 14.1976 14.1301 14.1204 14.1285 14.1477 14.1466 14.1715 14.1578 14.1865 14.1600 14.1743 14.1639 14.1895 14.0390 13.8153 13.5777 13.2294 12.8731 12.5481 12.2759 12.0602 11.8637 11.4339 10.9544
13.0282 13.3517 13.5296 13.7802 14.0673 14.4158 14.8096 15.1704 15.2721 15.2834 15.2899 15.3263 15.3213 15.3879 15.3323 15.4994 15.3262 15.2720 15.1724 15.0958 15.0141 14.9328 14.8414 14.8721 14.7055 14.6770 14.5988 14.5511 14.5484 14.5869 14.5880 14.6153 14.6034 14.6445 14.6114 14.6644 14.6141 14.6439 14.4806 14.2587 14.0436 13.6715 13.2939 12.9535 12.6802 12.4373 12.2508 11.7906 11.4404 10.9708
13.3108 13.5981 13.7827 13.9672 14.1974 14.4872 14.8479 15.2764 15.7081 15.7784 15.7749 15.7752 15.8286 15.7974 15.9099 15.7696 15.7534 15.6634 15.5953 15.5103 15.4293 15.3367 15.2429 15.1549 15.1782 15.0776 15.0349 14.9906 14.9840 15.0190 15.0693 15.0558 15.0995 15.0659 15.1380 15.0665 15.1664 14.8807 14.7215 14.5489 14.1258 13.7241 13.3648 13.0952 12.8541 12.5910 12.1442 11.7947 11.4615 11.0853
13.6562 13.8934 14.0682 14.2129 14.3956 14.6242 14.9145 15.2834 15.7454 16.2189 16.2961 16.2783 16.2681 16.3540 16.2573 16.2875 16.1712 16.1118 16.0190 15.9402 15.8426 15.7444 15.6518 15.5734 15.5620 15.5341 15.4824 15.4677 15.4169 15.4677 15.4998 15.5703 15.5286 15.6054 15.5281 15.6609 15.3026 15.1972 15.0951 14.5858 14.1643 13.7809 13.5157 13.3168 12.8906 12.5187 12.1414 11.8276 11.5973 11.2528
14.0307 14.2644 14.3990 14.5107 14.6536 14.8354 15.0612 15.3497 15.7291 16.1611 16.6957 16.8014 16.7953 16.7547 16.8807 16.6885 16.6477 16.5386 16.4669 16.3618 16.2593 16.1622 16.0798 16.0217 16.0079 15.9816 15.9908 15.9179 15.8578 15.9083 15.9667 15.9876 16.0956 15.9993 16.1425 15.7344 15.6710 15.7041 15.0408 14.6165 14.1998 13.9445 13.7508 13.2428 12.8499 12.4765 12.2030 11.9866 11.7833 11.4323
14.4523 14.6513 14.7898 14.8632 14.9624 15.1060 15.2872 15.5093 15.7921 16.1805 16.5941 17.1949 17.2851 17.3325 17.1944 17.2052 17.0962 17.0114 16.8942 16.7878 16.6861 16.5992 16.5397 16.5114 16.4633 16.5351 16.4606 16.2778 16.3305 16.3583 16.4126 16.4825 16.4769 16.6562 16.1559 16.1694 16.1275 15.4694 15.0776 14.6151 14.3980 14.1454 13.6152 13.2330 12.8540 12.5950 12.3872 12.1897 11.9746 11.5973
14.8732 15.1019 15.2470 15.2780 15.3270 15.4254 15.5708 15.7516 15.9692 16.2434 16.6507 17.0483 17.5704 17.7482 17.6322 17.6387 17.5848 17.4739 17.3305 17.2240 17.1309 17.0761 17.0230 16.9761 17.0581 16.9542 16.7402 16.7579 16.7894 16.8537 16.8692 16.9287 17.0197 16.5762 16.4495 16.5178 15.8781 15.4882 15.0188 14.8165 14.4227 13.9730 13.5987 13.2467 13.0002 12.8011 12.6074 12.3904 12.1477 11.7287
15.1456 15.5598 15.7007 15.7424 15.7606 15.8018 15.9000 16.0484 16.2294 16.4422 16.7004 17.0389 17.4677 18.0739 18.2422 18.0699 18.0493 17.8899 17.7672 17.6735 17.6277 17.5774 17.5028 17.5655 17.4627 17.2527 17.1550 17.1941 17.2972 17.3105 17.3962 17.3889 17.0354 16.8507 16.9746 16.2686 15.8756 15.4183 15.1996 14.8184 14.3745 13.9687 13.6539 13.4172 13.2278 13.0388 12.8158 12.5703 12.2868 11.7979
15.2861 15.8169 16.1014 16.2157 16.2487 16.2558 16.2873 16.3865 16.5393 16.7213 16.9298 17.1820 17.5160 17.9249 18.6088 18.6628 18.4887 18.3282 18.2388 18.1449 18.1585 18.0333 18.0048 18.0475 17.7906 17.6390 17.6133 17.6987 17.7177 17.8601 17.8356 17.5357 17.3209 17.3960 16.6890 16.3011 15.8636 15.5562 15.3094 14.8056 14.3937 14.0800 13.8464 13.6674 13.4850 13.2524 13.0014 12.7210 12.3468 11.8278
15.3739 15.9354 16.3233 16.6427 16.7451 16.7695 16.7641 16.7833 16.8848 17.0439 17.2278 17.4332 17.6770 18.0119 18.3858 19.0848 18.8891 18.8377 18.6783 18.6667 18.5997 18.5190 18.5956 18.3345 18.1799 18.1265 18.0856 18.1578 18.2651 18.2446 18.0556 17.8173 17.8580 17.1435 16.7335 16.3454 15.9820 15.7852 15.2361 14.8329 14.5176 14.2865 14.1197 13.9483 13.7003 13.4408 13.1724 12.7647 12.3698 11.8454
15.4698 16.0136 16.4195 16.8380 17.2093 17.2877 17.3056 17.2862 17.2889 17.3954 17.5627 17.7489 17.9513 18.1836 18.4755 18.8530 19.4674 19.2486 19.2222 19.0994 19.0770 19.1116 18.8927 18.7279 18.7005 18.6711 18.5977 18.6299 18.7194 18.5992 18.3288 18.3400 17.6162 17.1969 16.8618 16.4478 16.2434 15.6890 15.2847 14.9660 14.7362 14.5836 14.4317 14.1596 13.8839 13.6493 13.1863 12.7820 12.3799 11.8532
15.6016 16.1116 16.4876 16.9085 17.3603 17.8082 17.8402 17.8588 17.8160 17.7919 17.9204 18.0963 18.2851 18.4853 18.7121 18.9799 19.3463 19.8643 19.6862 19.6159 19.6419 19.3812 19.2802 19.2929 19.2782 19.2060 19.0241 19.1911 19.2247 18.8726 18.7237 18.0984 17.6660 17.4201 16.9266 16.7041 16.1505 15.7482 15.4262 15.1948 15.0568 14.9406 14.6322 14.3206 14.1649 13.6080 13.2003 12.7791 12.3740 11.8449
15.7751 16.2521 16.5876 16.9680 17.4036 17.8846 18.4515 18.3959 18.3235 18.3634 18.3098 18.4601 18.6449 18.8367 19.0355 19.2602 19.5104 19.8823 20.2354 20.0965 19.9293 19.8111 19.7520 19.8956 19.8963 19.4035 19.5355 19.5549 19.2251 19.0806 18.6207 18.1098 18.0420 17.4049 17.1661 16.6233 16.2254 15.8986 15.6626 15.5342 15.4833 15.1179 14.7726 14.4953 13.9783 13.6038 13.1625 12.7511 12.3468 11.8192
15.9962 16.4358 16.7357 17.0724 17.4575 17.9048 18.4001 18.8732 19.0005 18.7993 18.8413 18.8447 19.0157 19.2090 19.4038 19.6012 19.8272 20.0532 20.3736 20.5533 20.4223 20.3322 20.3303 20.1741 19.8876 19.8945 19.9870 19.7747 19.3007 19.2264 18.5591 18.3512 17.8780 17.5334 17.1094 16.7180 16.3841 16.1422 16.0039 16.0764 15.6070 15.2588 14.8578 14.3642 13.9509 13.5162 13.1100 12.7021 12.3034 11.7796
16.2583 16.6715 16.9262 17.2298 17.5689 17.9566 18.4138 18.9411 19.3275 19.4946 19.2690 19.2805 19.4069 19.5868 19.7885 19.9868 20.1816 20.4156 20.6175 20.8327 20.9092 20.8508 20.6276 20.4358 20.3047 20.4231 20.1898 19.7078 19.6443 18.9351 18.6192 18.3830 18.0643 17.6281 17.2281 16.8821 16.6350 16.4951 16.4529 16.0164 15.6943 15.2068 14.7567 14.3237 13.8841 13.4639 13.0499 12.6483 12.2529 11.7329
16.4067 16.9723 17.1730 17.4255 17.7373 18.0776 18.4663 18.9330 19.5291 19.7062 19.7886 19.8581 19.8440 19.9832 20.1725 20.3840 20.5864 20.7754 21.0291 21.2223 21.2472 21.2584 21.0871 20.7418 20.8862 20.6060 20.2165 20.1107 19.3849 19.0517 18.9512 18.6584 18.1729 17.7572 17.3927 17.1350 17.0256 16.8807 16.4741 16.1714 15.6272 15.1648 14.7054 14.2623 13.8319 13.4092 12.9978 12.5956 12.2021 11.6857
16.5137 17.0957 17.5305 17.6784 17.9362 18.2595 18.5992 18.9860 19.4535 20.1340 20.1839 20.2946 20.4222 20.4178 20.5751 20.7726 20.9963 21.2035 21.3791 21.6692 21.7422 21.5597 21.2452 21.3654 21.1012 20.6929 20.6043 19.8721 19.5371 19.4710 19.2995 18.7246 18.3010 17.9170 17.6313 17.6064 17.3060 16.9890 16.5348 16.0185 15.5767 15.1062 14.6539 14.2108 13.7789 13.3578 12.9464 12.5451 12.1543 11.6525
16.6341 17.1957 17.6026 18.1261 18.1830 18.4592 18.7980 19.1342 19.5163 19.9721 20.6859 20.7463 20.8794 20.9246 21.0158 21.1831 21.3867 21.6261 21.8405 21.9543 22.0062 21.8260 21.7717 21.5943 21.1070 21.0154 20.3649 20.0682 20.0368 19.8164 19.2691 18.8603 18.4566 18.1470 18.0025 17.6712 17.5681 17.0214 16.4798 15.9890 15.5063 15.0522 14.6002 14.1586 13.7269 13.3056 12.8944 12.4957 12.1348 11.7143
16.6524 17.3429 17.6981 18.1057 18.5333 18.7055 18.9962 19.3547 19.6833 20.0472 20.4930 21.1172 21.3786 21.4154 21.5106 21.6362 21.8062 22.0140 22.2744 22.4609 22.5192 22.1648 22.1728 21.6256 21.4829 20.8919 20.5905 20.7342 20.3215 19.8177 19.4411 19.0075 18.6959 18.4663 18.0019 17.9263 17.4219 16.9165 16.4174 15.9243 15.4671 14.9988 14.5460 14.1032 13.6714 13.2502 12.8374 12.4869 12.2893 11.6715
16.7175 17.3216 17.8926 18.2794 18.6047 19.0663 19.2426 19.5447 19.9322 20.2494 20.5941 21.0366 21.5099 21.9348 22.0053 22.1578 22.2709 22.4445 22.6529 22.9567 22.7107 22.7653 22.2121 21.9712 21.4621 21.1338 21.1359 20.8022 20.3886 20.0569 19.5635 19.2741 18.9703 18.4221 18.3697 17.7703 17.2899 16.8076 16.3189 15.9165 15.4066 14.9406 14.4839 14.0410 13.6097 13.1896 12.7846 12.5175 12.0925 11.6234
16.6789 17.4243 17.7967 18.3939 18.7109 19.0401 19.5710 19.7993 20.1022 20.5346 20.8327 21.1627 21.6288 21.9459 22.4086 22.5710 22.7591 22.9304 23.0987 23.2218 23.3469 22.8230 22.5531 22.0761 21.7167 21.6655 21.2599 20.9762 20.7218 20.1238 19.8072 19.4748 18.8983 18.7050 18.1422 17.6911 17.1754 16.6894 16.1942 15.7850 15.3343 14.8622 14.4108 13.9701 13.5408 13.1269 12.8101 12.3787 12.0353 11.6503
16.6816 17.3435 17.8437 18.2180 18.8398 19.1332 19.5560 20.0767 20.3808 20.6625 21.1644 21.3702 21.7521 22.2093 22.4164 22.8042 22.9458 23.2213 23.4942 23.7284 23.4694 23.0785 22.7061 22.2916 22.2782 21.7009 21.5355 21.2123 20.6729 20.3425 19.9742 19.4296 19.0620 18.5347 18.0362 17.6113 17.0930 16.5856 16.1365 15.6433 15.2161 14.7772 14.3298 13.8927 13.4666 13.1156 12.6871 12.3410 12.1406 11.8617
16.6403 17.3132 17.8015 18.2571 18.6783 19.1858 19.6485 20.0023 20.4785 20.8981 21.1995 21.5340 21.7410 22.1237 22.4486 22.5573 23.1004 23.2139 23.6046 23.7493 23.6036 23.1313 22.6985 22.6787 22.0662 21.8420 21.4436 21.1787 20.8722 20.2863 19.9542 19.4333 18.9426 18.5093 17.9314 17.4323 16.9950 16.4855 15.9906 15.5521 15.0962 14.6685 14.2407 13.8112 13.3907 12.9917 12.6476 12.5008 12.3759 12.1311
16.6813 17.2883 17.7495 18.3401 18.7019 19.1220 19.6094 20.1551 20.4190 20.7433 20.9426 21.3158 21.6735 22.0023 22.1386 22.4925 22.6979 23.1543 23.2986 23.5866 23.2788 22.9376 22.4376 22.0800 21.9575 21.6099 21.1341 20.7545 20.5562 20.3922 19.7135 19.4411 18.8150 18.3130 17.8404 17.3236 16.8988 16.3976 15.9083 15.4369 14.9961 14.5591 14.1374 13.7214 13.3093 12.9622 12.8786 12.7476 12.6992 12.2715
16.7632 17.3661 17.7865 18.1835 18.7104 19.1617 19.6731 19.9189 20.2327 20.3935 20.8565 21.2956 21.5417 21.7137 21.9742 22.1103 22.6400 22.7062 23.1668 23.0465 23.0300 22.6276 22.2536 21.7352 21.5514 21.3752 20.9293 20.4443 20.1274 19.9195 19.6973 19.1541 18.8099 18.2252 17.7213 17.2237 16.7383 16.2909 15.8171 15.3476 14.8935 14.4341 14.0300 13.6104 13.2189 13.2937 13.1096 13.1575 12.8062 12.3642
16.7329 17.4740 17.8767 18.3083 18.6718 19.2412 19.4142 19.7417 19.9184 20.4050 20.8895 21.0888 21.2180 21.5787 21.6779 22.1721 22.2287 22.6583 22.4575 22.6521 22.7643 22.4276 21.9565 21.6091 21.1066 21.0617 20.7221 20.2278 19.7896 19.5896 19.2602 19.0516 18.6474 18.2115 17.6679 17.1552 16.6630 16.1807 15.7178 15.2609 14.8136 14.3724 13.9154 13.5207 13.6726 13.4501 13.6747 13.1876 12.9081 12.3874
16.7561 17.3980 18.0253 18.3934 18.8586 19.1146 19.2437 19.5590 19.9762 20.4912 20.5915 20.6865 21.1837 21.2695 21.7617 21.7335 22.1741 21.9190 22.1363 22.3656 22.5733 22.0684 21.8150 21.3214 21.0008 20.6599 20.5844 20.1836 19.6284 19.2120 19.0305 18.6540 18.5077 18.1416 17.6160 17.1194 16.6098 16.1263 15.6564 15.2062 14.7625 14.3277 13.9042 13.7354 13.5847 14.2581 13.5369 13.3276 12.8948 12.4743
16.7097 17.4544 17.8672 18.3341 18.9408 18.7451 19.0949 19.5650 20.1508 20.1354 20.2157 20.8675 20.9382 21.3572 21.2539 21.6927 21.4241 21.6438 21.8872 22.2164 22.0171 21.8292 21.4254 21.2240 20.7986 20.3537 20.2345 20.1293 19.8473 19.1525 18.8609 18.5308 18.1529 18.0646 17.6255 17.0525 16.5728 16.0887 15.6425 15.1848 14.7393 14.3060 13.8883 13.5223 14.1392 13.6678 13.5985 13.1668 13.0481 12.3987
16.7206 17.3429 17.7918 18.2698 18.3024 18.7351 19.1055 19.6549 19.7102 19.7567 20.4582 20.7132 21.0462 20.7564 21.2745 21.0351 21.1975 21.3788 21.6121 21.8847 21.8180 21.4195 21.1645 20.8154 20.6847 20.3513 19.8082 19.6801 19.5278 19.5388 18.7358 18.5249 18.0531 17.7558 17.4212 17.0549 16.5287 16.1434 15.6447 15.1842 14.7389 14.3204 13.9144 13.6022 13.4761 13.5293 13.2316 13.0486 12.7415 12.2535
16.6301 17.2493 17.6674 17.8393 18.2984 18.6230 19.3319 19.3330 19.3017 19.9084 20.2488 20.8122 20.3522 20.7769 20.7333 20.7778 20.8218 20.9838 21.2293 21.3743 21.6146 21.3115 20.7850 20.5524 20.3480 20.1512 19.8461 19.3203 19.1041 18.9665 19.2149 18.3931 18.1934 17.6318 17.2708 16.9216 16.6875 16.1123 15.6521 15.1971 14.7779 14.3641 13.9529 13.5348 13.1976 13.0617 12.9750 12.7591 12.5452 12.0185
16.4780 17.0625 17.3373 17.7624 18.2042 18.8892 18.9562 18.8746 19.5295 19.7647 20.5463 20.0119 20.3509 20.4201 20.3345 20.3181 20.3837 20.6234 20.8622 21.3982 21.1570 21.0766 20.8349 20.2241 20.1573 20.0503 19.6576 19.2521 18.8883 18.5818 18.4420 18.8860 18.0175 17.8371 17.3171 17.0006 16.5323 16.1291 15.6709 15.2497 14.8261 14.4075 13.9747 13.5509 13.1366 12.8360 12.6287 12.4831 12.2812 11.7785
16.3455 16.8544 17.3436 17.6951 18.2778 18.6803 18.4917 19.1579 19.3213 20.1962 19.6712 19.9841 20.1395 19.9735 19.8124 19.8246 20.0873 20.3816 20.7351 20.7833 20.8768 20.6928 20.4496 20.3371 19.8531 19.9529 19.6003 19.1810 18.6626 18.4045 18.2146 18.1191 18.5139 17.8280 17.5789 17.0337 16.6492 16.1566 15.7361 15.2994 14.8761 14.4252 13.9906 13.5617 13.1407 12.7460 12.4187 12.1979 12.0135 11.5269
16.1837 16.8159 17.2192 17.8117 18.0837 18.2420 18.8159 18.9193 19.8350 19.3308 19.6898 19.8161 19.6936 19.4486 19.3484 19.5187 19.8400 20.0949 20.2883 20.3810 20.3428 20.1367 20.1202 19.8066 19.8186 19.5511 19.4755 19.0822 18.7717 18.1587 17.9375 17.8814 17.9174 18.2843 17.5272 17.2046 16.6474 16.2397 15.7825 15.3608 14.8862 14.4386 13.9974 13.5670 13.1307 12.7151 12.3391 12.0102 11.7676 11.3080
16.1230 16.7300 17.2488 17.6186 18.2461 18.4741 18.7169 19.4750 19.0562 19.3842 19.4478 19.4049 19.1373 18.9781 18.9915 19.3984 19.5016 19.7623 19.7827 19.9288 19.9204 19.6633 19.5101 19.4945 19.2675 19.2316 18.9063 18.9030 18.5647 18.2030 17.6470 17.4387 17.6474 17.6890 17.5803 17.1293 16.7658 16.2712 15.8657 15.3545 14.8898 14.4305 13.9857 13.5496 13.1342 12.7225 12.3284 11.9777 11.6191 11.1664
16.0553 16.7187 17.1318 17.6725 18.0658 18.5946 19.0394 18.8767 18.9630 19.0177 18.8998 18.8238 18.6580 18.5389 18.8861 18.9541 19.2284 19.2126 19.3287 19.4419 19.4504 19.1915 19.0350 18.9235 18.9415 18.7028 18.5082 18.3124 18.3522 18.0881 17.6072 17.1333 17.1491 17.2422 17.3061 17.0503 16.7553 16.4055 15.8018 15.3301 14.8525 14.3941 13.9483 13.5155 13.1321 12.7086 12.3897 11.9713 11.5906 11.0978
16.0257 16.6389 17.1353 17.5699 18.1434 18.5618 18.7478 18.6042 18.5444 18.4675 18.4079 18.2975 18.1839 18.4032 18.4509 18.6770 18.6516 18.7558 18.8934 19.1386 18.9061 18.8046 18.5442 18.4589 18.3719 18.5483 18.1195 17.8938 17.7817 17.9128 17.5731 17.0414 16.7248 16.7725 16.7504 16.8209 16.4419 16.1251 15.7456 15.2465 14.7823 14.3283 13.8875 13.4575 13.0434 12.8361 12.3352 11.9514 11.5585 11.0569
15.9651 16.6186 17.0662 17.5794 18.0071 18.2415 18.1514 18.1300 18.0470 17.9804 17.8968 17.8058 17.9376 17.9624 18.1255 18.1193 18.2069 18.3832 18.6327 18.5095 18.5259 18.3694 18.1926 17.9733 17.9584 17.8902 18.1140 17.5659 17.3806 17.3266 17.4475 17.0622 16.5454 16.3100 16.3227 16.2304 16.2031 15.8461 15.5158 15.1360 14.6909 14.2481 13.8116 13.3850 12.9736 12.6019 12.2982 11.8843 11.5038 11.0040
15.9335 16.5619 17.0344 17.4330 17.7145 17.6954 17.6724 17.7201 17.6250 17.4933 17.4085 17.4793 17.5024 17.5728 17.6010 17.6843 17.9146 18.0698 18.0232 18.0535 17.9861 17.9633 17.7668 17.6445 17.4709 17.4991 17.4127 17.3782 16.9906 16.9129 16.8360 16.9802 16.5404 16.1063 15.8570 15.8075 15.7685 15.6133 15.2633 14.9272 14.5572 14.1459 13.7258 13.3074 12.8973 12.5049 12.1458 11.8121 11.4318 10.9357
15.8796 16.5040 16.8856 17.1803 17.2094 17.2127 17.2184 17.2051 17.1406 17.1064 16.9875 16.9926 17.0331 17.0938 17.1661 17.3556 17.5170 17.5343 17.5380 17.5332 17.5165 17.4355 17.4313 17.1862 17.1026 17.0003 16.9561 16.8087 16.7069 16.4576 16.4434 16.3469 16.4237 16.0201 15.6333 15.3843 15.3022 15.2743 14.9967 14.6865 14.3590 14.0017 13.6150 13.2161 12.8161 12.4230 12.0465 11.6941 11.3491 10.8530
15.8045 16.3499 16.6318 16.8270 16.7414 16.7429 16.7337 16.7272 16.6867 16.6142 16.7864 16.5899 16.6247 16.6390 16.8143 16.9560 17.0110 17.0469 17.0658 17.0440 17.0464 16.9855 16.8985 16.9640 16.6499 16.5646 16.4653 16.3632 16.2101 16.0724 15.9625 15.9499 15.8417 15.8821 15.4639 15.1099 14.8998 14.7831 14.7304 14.4491 14.1328 13.8098 13.4657 13.0989 12.7196 12.3375 11.9609 11.5979 11.2470 10.7627
15.6450 16.0944 16.2706 16.2970 16.3095 16.2898 16.3029 16.2663 16.2278 16.2360 16.2321 16.2649 16.2056 16.3663 16.4161 16.4842 16.5494 16.5842 16.5818 16.5918 16.5692 16.6127 16.4876 16.3964 16.2671 16.1544 16.0171 15.9017 15.7706 15.6415 15.5579 15.4888 15.4484 15.4102 15.4192 14.9598 14.6096 14.3934 14.2569 14.1912 13.8823 13.5868 13.2763 12.9464 12.5974 12.2364 11.8714 11.5103 11.1543 10.6721
15.3897 15.7364 15.7931 15.8545 15.9687 15.8609 15.8472 15.8242 15.8014 15.7936 15.8029 15.7977 15.8630 15.8877 15.9646 16.0399 16.0952 16.1263 16.1373 16.1245 16.1397 16.1147 16.0469 15.9387 15.8271 15.7055 15.5842 15.4609 15.3371 15.2024 15.1350 15.0725 15.0259 14.9894 15.0334 14.9099 14.4590 14.1214 13.8855 13.7204 13.5807 13.3298 13.0536 12.7578 12.4427 12.1103 11.7662 11.4174 11.0655 10.5829
15.0419 15.2965 15.3671 15.4498 15.4716 15.4532 15.4136 15.3931 15.3755 15.3689 15.3695 15.3890 15.4223 15.4696 15.5287 15.6006 15.6527 15.6835 15.6930 15.6954 15.7003 15.6605 15.5962 15.5005 15.3897 15.2735 15.1542 15.0305 14.8848 14.8012 14.7198 14.6617 14.6156 14.6022 14.6525 14.6886 14.4723 13.9934 13.6486 13.3924 13.2024 13.0261 12.7953 12.5356 12.2543 11.9538 11.6370 11.3087 10.9697 10.4868
14.6324 14.8810 14.9570 15.0114 15.0365 15.0236 14.9967 14.9727 14.9579 14.9508 14.9552 14.9734 15.0064 15.0525 15.1106 15.1713 15.2208 15.2503 15.2634 15.2681 15.2589 15.3235 15.1616 15.0691 14.9633 14.8503 14.7338 14.6347 14.4874 14.3920 14.3185 14.2593 14.2213 14.2183 14.2446 14.3353 14.2036 14.0693 13.5361 13.1780 12.9097 12.6999 12.5041 12.2812 12.0339 11.7658 11.4793 11.1771 10.8580 10.3751
14.2328 14.4779 14.5414 14.5911 14.6122 14.6058 14.5845 14.5633 14.5487 14.5433 14.5487 14.5673 14.5995 14.6446 14.6987 14.7537 14.7989 14.8282 14.8429 14.8464 14.8613 14.8373 14.7599 14.6486 14.5460 14.4366 14.3285 14.2130 14.0976 13.9975 13.9238 13.8686 13.8365 13.8333 13.8682 13.8731 13.8236 13.6416 13.4302 13.0377 12.7035 12.4341 12.2121 12.0055 11.7862 11.5484 11.2920 11.0182 10.7232 10.2343
13.8417 14.0747 14.1368 14.1804 14.2004 14.1973 14.1808 14.1622 14.1490 14.1446 14.1510 14.1698 14.2015 14.2447 14.2953 14.3457 14.3875 14.4161 14.4312 14.4408 14.4402 14.4107 14.3395 14.2428 14.1384 14.0335 13.9253 13.8145 13.7065 13.6127 13.5392 13.4873 13.4586 13.4587 13.4728 13.4677 13.3944 13.2586 13.0840 12.8540 12.5285 12.2194 11.9551 11.7290 11.5186 11.3025 11.0722 10.8250 10.5522 9.9721 
13.1773 13.6251 13.7339 13.7758 13.7948 13.7941 13.7812 13.7654 13.7538 13.7505 13.7576 13.7766 13.8075 13.8488 13.8960 13.9425 13.9816 14.0091 14.0258 14.0334 14.0265 13.9927 13.9268 13.8372 13.7372 13.6339 13.5283 13.4217 13.3198 13.2306 13.1599 13.1105 13.0848 13.0810 13.0843 13.0633 12.9909 12.8633 12.6860 12.4478 12.1611 11.8692 11.6103 11.3834 11.1713 10.9571 10.7304 10.4824 10.1167 9.1671 
