#Value Function.
12.33   15.17   18.15   21.34   24.64   28.18   31.58   35.06   37.97   40.26   41.11   40.79   39.28   37.43   34.97   32.55   30.17   27.91   25.76   23.71   21.74   19.84   18.00   16.23   14.54   12.93   11.45   10.34   10.44   10.80   10.59   9.75    8.73    7.67    6.57    5.37    4.52    4.58    5.07    5.71    6.34    6.93    7.45    7.81    7.95    7.85    7.56    7.13    6.52    5.54   
13.28   16.13   19.13   22.29   25.66   29.09   32.71   35.84   38.83   40.64   41.50   41.27   40.46   38.34   36.05   33.54   31.17   28.90   26.74   24.69   22.72   20.82   18.98   17.20   15.52   13.94   12.46   11.49   11.72   12.20   11.98   11.11   10.03   8.91    7.66    6.38    5.50    5.66    6.25    6.96    7.65    8.30    8.87    9.27    9.42    9.31    8.99    8.52    7.89    6.91   
14.17   17.04   20.02   23.21   26.51   29.95   33.24   36.51   38.71   40.09   40.93   41.09   40.14   38.99   36.75   34.43   32.06   29.80   27.66   25.59   23.61   21.70   19.86   18.11   16.43   14.88   13.42   12.56   12.92   13.49   13.25   12.38   11.26   9.99    8.67    7.30    6.52    6.80    7.50    8.29    9.04    9.74    10.37   10.82   10.98   10.85   10.50   10.00   9.35    8.37   
15.02   17.87   20.86   23.99   27.25   30.42   33.59   35.91   37.54   38.67   39.43   39.72   39.53   38.54   37.14   35.04   32.85   30.63   28.46   26.42   24.43   22.51   20.70   18.96   17.31   15.78   14.45   13.53   13.95   14.56   14.28   13.52   12.35   11.00   9.60    8.27    7.57    8.02    8.83    9.71    10.53   11.30   11.99   12.49   12.66   12.51   12.12   11.59   10.91   9.94   
15.80   18.65   21.59   24.66   27.66   30.62   32.90   34.66   35.93   36.72   37.43   37.76   37.90   37.61   36.66   35.27   33.35   31.29   29.19   27.13   25.16   23.23   21.43   19.70   18.07   16.59   15.29   14.43   14.66   15.23   15.14   14.56   13.35   11.98   10.56   9.15    8.67    9.32    10.28   11.25   12.15   12.97   13.73   14.29   14.48   14.30   13.87   13.29   12.58   11.62  
16.52   19.33   22.20   25.02   27.77   29.95   31.68   32.97   33.87   34.57   35.26   35.64   35.87   36.00   35.67   34.78   33.46   31.66   29.72   27.73   25.80   23.90   22.10   20.39   18.79   17.35   16.15   15.26   15.16   15.61   15.61   15.24   14.29   12.91   11.47   10.04   9.86    10.74   11.84   12.91   13.88   14.76   15.61   16.23   16.44   16.23   15.75   15.12   14.38   13.42  
17.14   19.88   22.52   25.06   27.15   28.80   30.06   30.98   31.71   32.42   33.07   33.49   33.78   34.02   34.09   33.75   32.93   31.70   30.02   28.19   26.28   24.45   22.64   20.96   19.39   17.96   16.75   15.87   15.46   15.89   15.89   15.68   14.93   13.77   12.34   10.90   11.15   12.27   13.52   14.70   15.75   16.70   17.63   18.34   18.55   18.31   17.77   17.09   16.31   15.35  
17.63   20.17   22.52   24.50   26.07   27.28   28.19   28.92   29.63   30.31   30.93   31.39   31.69   31.97   32.18   32.23   31.90   31.14   29.95   28.38   26.66   24.85   23.12   21.46   19.91   18.50   17.22   16.27   15.62   15.75   15.77   15.58   15.18   14.28   13.07   11.68   12.57   13.93   15.34   16.63   17.77   18.77   19.81   20.61   20.83   20.55   19.95   19.21   18.38   17.42  
17.89   20.13   22.00   23.49   24.64   25.53   26.26   26.95   27.63   28.31   28.91   29.37   29.66   29.96   30.20   30.39   30.41   30.10   29.37   28.23   26.77   25.15   23.47   21.85   20.33   18.93   17.66   16.61   15.83   15.31   15.30   15.18   14.90   14.42   13.49   12.77   14.15   15.74   17.31   18.71   19.94   20.99   22.16   23.06   23.30   22.97   22.29   21.49   20.61   19.59  
17.84   19.65   21.07   22.16   23.01   23.74   24.43   25.11   25.76   26.39   26.97   27.42   27.75   28.02   28.27   28.49   28.66   28.66   28.34   27.63   26.56   25.21   23.69   22.14   20.64   19.24   17.98   16.86   15.93   15.20   14.73   14.65   14.47   14.10   13.59   14.09   15.91   17.69   19.41   20.93   22.27   23.37   24.68   25.72   25.96   25.57   24.80   23.94   22.96   21.58  
17.39   18.78   19.82   20.65   21.38   22.06   22.72   23.36   23.98   24.59   25.13   25.57   25.91   26.17   26.41   26.64   26.84   26.98   26.96   26.64   25.97   24.97   23.70   22.29   20.86   19.48   18.21   17.04   16.03   15.16   14.47   14.05   13.88   13.66   13.48   15.67   17.85   19.79   21.64   23.28   24.74   25.88   27.36   28.55   28.80   28.35   27.51   26.50   25.12   23.21  
16.59   17.63   18.43   19.17   19.86   20.49   21.11   21.72   22.30   22.87   23.39   23.83   24.17   24.44   24.68   24.90   25.11   25.29   25.37   25.33   25.01   24.37   23.43   22.26   20.96   19.63   18.37   17.18   16.12   15.16   14.35   13.71   13.29   13.09   14.67   17.23   19.57   21.92   23.92   25.69   27.28   28.46   30.17   31.53   31.78   31.27   30.24   28.83   26.83   24.69  
15.53   16.36   17.11   17.79   18.43   19.04   19.61   20.18   20.74   21.27   21.76   22.19   22.56   22.84   23.08   23.29   23.47   23.64   23.78   23.84   23.76   23.45   22.85   21.97   20.89   19.70   18.46   17.28   16.19   15.19   14.29   13.53   12.92   13.03   15.71   18.51   21.26   23.59   26.07   27.97   29.69   30.93   32.89   34.32   34.61   34.04   32.70   30.54   28.42   25.94  
14.38   15.19   15.88   16.51   17.11   17.67   18.22   18.75   19.27   19.77   20.25   20.67   21.05   21.35   21.60   21.80   21.97   22.12   22.25   22.34   22.36   22.28   21.97   21.42   20.59   19.59   18.48   17.33   16.24   15.22   14.28   13.44   12.72   13.88   16.64   19.62   22.57   25.36   27.61   29.82   31.64   32.98   34.96   36.37   36.77   36.17   34.31   32.22   29.74   26.92  
13.31   14.12   14.77   15.35   15.89   16.41   16.92   17.41   17.90   18.37   18.83   19.26   19.65   19.98   20.22   20.41   20.58   20.71   20.82   20.90   20.97   20.97   20.87   20.57   20.04   19.29   18.36   17.32   16.26   15.24   14.28   13.40   12.63   14.74   17.58   20.60   23.68   26.56   29.05   31.03   32.82   34.66   36.40   37.84   37.87   37.35   35.59   33.50   30.72   27.89  
12.39   13.21   13.78   14.29   14.78   15.24   15.70   16.16   16.62   17.07   17.52   17.95   18.35   18.69   18.94   19.12   19.28   19.41   19.49   19.56   19.61   19.65   19.65   19.54   19.25   18.76   18.05   17.19   16.23   15.24   14.28   13.39   12.98   15.60   18.49   21.54   24.60   27.52   29.95   31.80   33.68   35.41   37.00   38.23   38.24   38.12   37.01   34.51   31.77   28.79  
11.74   12.56   13.01   13.40   13.80   14.18   14.58   15.00   15.43   15.85   16.29   16.71   17.11   17.46   17.72   17.90   18.04   18.15   18.23   18.29   18.34   18.38   18.41   18.40   18.30   18.02   17.55   16.89   16.09   15.19   14.27   13.39   13.74   16.45   19.37   22.40   25.45   28.04   30.45   32.46   33.99   35.64   37.09   38.06   38.34   37.98   37.28   35.30   32.53   29.69  
11.49   12.34   12.59   12.69   12.94   13.22   13.56   13.93   14.32   14.72   15.13   15.55   15.93   16.30   16.56   16.73   16.86   16.97   17.04   17.10   17.14   17.18   17.22   17.25   17.24   17.13   16.86   16.42   15.80   15.06   14.22   13.37   14.52   17.25   20.12   23.06   25.76   28.21   30.37   32.18   33.74   35.05   35.85   36.84   37.44   37.50   36.33   35.21   33.09   30.40  
11.82   13.06   12.50   12.32   12.26   12.37   12.62   12.94   13.29   13.67   14.05   14.44   14.82   15.17   15.44   15.60   15.72   15.83   15.91   15.98   16.03   16.06   16.11   16.16   16.22   16.21   16.07   15.79   15.36   14.79   14.18   14.12   15.25   17.94   20.69   23.28   25.65   27.78   29.64   31.29   32.52   33.21   34.21   34.77   35.52   35.76   35.42   34.24   32.94   30.84  
12.72   13.69   13.15   12.26   11.79   11.60   11.75   12.02   12.34   12.69   13.05   13.41   13.77   14.10   14.35   14.51   14.64   14.75   14.84   14.91   14.97   15.01   15.06   15.15   15.35   15.41   15.25   15.06   15.09   15.74   15.98   15.81   15.89   18.44   20.88   23.12   25.18   26.99   28.53   29.77   30.51   31.31   31.97   32.61   33.19   33.48   33.55   33.14   32.08   30.67  
13.29   14.09   13.72   12.79   11.75   11.16   10.99   11.17   11.46   11.77   12.11   12.45   12.78   13.08   13.32   13.48   13.60   13.71   13.82   13.90   13.96   14.02   14.07   14.17   14.48   14.60   14.70   15.81   16.94   17.80   18.05   17.78   17.45   18.62   20.72   22.66   24.37   25.83   27.02   27.77   28.51   29.13   29.75   30.34   30.85   31.15   31.38   31.38   30.98   29.91  
13.59   14.28   14.10   13.31   12.19   11.14   10.53   10.42   10.64   10.93   11.24   11.55   11.86   12.13   12.36   12.51   12.63   12.74   12.85   12.94   13.01   13.08   13.14   13.23   13.63   14.92   16.38   17.79   19.07   20.04   20.31   19.95   19.36   18.88   20.29   21.89   23.26   24.38   25.14   25.83   26.50   27.07   27.64   28.17   28.63   28.92   29.18   29.38   29.36   28.85  
13.33   13.93   13.84   13.47   12.56   11.46   10.49   9.92    9.91    10.14   10.43   10.72   11.00   11.25   11.46   11.61   11.72   11.83   11.93   12.03   12.12   12.19   12.30   13.15   14.98   16.74   18.40   19.95   21.37   22.48   22.75   22.30   21.62   20.84   20.16   20.86   21.90   22.65   23.35   23.99   24.61   25.15   25.67   26.15   26.56   26.85   27.10   27.34   27.51   27.36  
12.57   13.22   13.34   13.07   12.63   11.76   10.76   9.87    9.35    9.43    9.68    9.94    10.20   10.43   10.63   10.76   10.87   10.97   11.08   11.17   11.26   11.43   12.48   14.78   16.89   18.80   20.60   22.29   23.84   25.11   25.39   24.84   24.07   23.20   22.28   21.15   20.51   21.06   21.69   22.30   22.85   23.36   23.83   24.28   24.65   24.93   25.17   25.40   25.61   25.65  
11.64   12.33   12.50   12.53   12.25   11.80   11.00   10.08   9.27    8.83    8.99    9.22    9.46    9.67    9.85    9.98    10.09   10.18   10.28   10.37   10.50   10.99   13.63   16.26   18.73   20.98   22.99   24.79   26.48   27.95   28.22   27.54   26.70   25.74   24.53   23.10   21.65   20.01   20.24   20.77   21.26   21.72   22.15   22.55   22.88   23.14   23.37   23.58   23.80   23.90  
10.69   11.42   11.63   11.73   11.72   11.46   11.01   10.28   9.44    8.72    8.40    8.56    8.77    8.97    9.13    9.26    9.35    9.44    9.54    9.65    9.97    11.87   14.65   17.48   20.31   22.95   25.33   27.45   29.29   30.97   31.22   30.41   29.41   28.12   26.58   25.03   23.26   21.44   19.71   19.56   19.88   20.28   20.64   20.97   21.25   21.49   21.69   21.90   22.10   22.21  
9.79    10.55   10.80   10.90   10.98   10.95   10.71   10.28   9.61    8.85    8.20    7.99    8.14    8.31    8.46    8.58    8.67    8.76    8.86    9.09    10.29   12.81   15.53   18.57   21.58   24.63   27.42   29.95   32.17   34.03   34.24   33.26   31.90   30.18   28.62   26.67   24.68   22.82   21.21   20.02   18.96   19.15   19.36   19.55   19.77   19.96   20.15   20.33   20.52   20.62  
8.95    9.73    10.00   10.12   10.21   10.28   10.23   10.01   9.59    8.98    8.29    7.72    7.58    7.71    7.85    7.95    8.04    8.13    8.28    8.86    11.09   13.65   16.48   19.47   22.76   25.92   29.22   32.06   34.65   36.82   36.97   35.68   33.91   32.28   30.21   28.02   26.01   24.22   22.78   21.81   20.56   19.18   18.39   18.30   18.43   18.56   18.71   18.88   19.05   19.15  
8.18    8.96    9.26    9.39    9.48    9.57    9.62    9.57    9.35    8.96    8.39    7.77    7.27    7.18    7.27    7.37    7.46    7.57    7.86    9.50    11.89   14.53   17.35   20.42   23.66   27.19   30.49   33.89   36.36   38.73   38.76   37.43   35.90   33.70   31.41   29.21   27.19   25.49   24.33   23.23   21.95   20.63   18.94   17.57   17.27   17.30   17.41   17.54   17.69   17.78  
7.46    8.25    8.57    8.71    8.80    8.88    8.96    9.00    8.94    8.73    8.37    7.85    7.28    6.85    6.77    6.84    6.93    7.12    8.05    10.23   12.70   15.35   18.23   21.30   24.64   28.11   31.83   34.95   37.97   39.57   40.00   38.82   36.94   34.66   32.37   30.24   28.29   26.69   25.41   24.22   23.10   21.70   20.04   18.11   16.71   16.28   16.24   16.32   16.43   16.51  
6.80    7.60    7.93    8.08    8.17    8.24    8.32    8.39    8.42    8.36    8.16    7.81    7.34    6.83    6.45    6.36    6.46    6.81    8.69    10.99   13.48   16.17   19.06   22.20   25.52   29.14   32.60   36.19   38.37   39.95   40.41   39.79   37.86   35.61   33.28   31.15   29.25   27.62   26.36   25.19   23.96   22.69   20.96   19.07   17.15   15.82   15.32   15.24   15.29   15.34  
6.19    6.99    7.34    7.49    7.58    7.65    7.72    7.79    7.85    7.87    7.81    7.62    7.30    6.86    6.40    6.07    6.14    7.26    9.39    11.72   14.24   16.96   19.90   23.03   26.41   29.79   33.33   36.12   38.13   39.48   39.95   39.58   38.20   36.26   34.04   31.84   29.89   28.25   26.86   25.84   24.74   23.35   21.72   19.84   17.95   16.16   14.92   14.41   14.30   14.28  
5.62    6.42    6.78    6.94    7.03    7.10    7.17    7.23    7.30    7.35    7.37    7.30    7.12    6.82    6.42    6.00    5.98    7.89    10.07   12.43   14.98   17.73   20.67   23.83   27.02   30.31   33.11   35.23   37.12   37.88   38.31   38.19   37.56   36.26   34.34   32.32   30.30   28.67   27.28   26.06   25.05   23.76   22.23   20.50   18.65   16.86   15.21   14.06   13.55   13.36  
5.09    5.90    6.27    6.43    6.52    6.59    6.65    6.72    6.78    6.84    6.88    6.89    6.82    6.65    6.37    6.01    6.49    8.52    10.74   13.13   15.70   18.46   21.40   24.40   27.43   30.07   32.15   34.01   35.00   35.64   36.06   36.33   36.08   35.35   34.11   32.38   30.57   28.81   27.49   26.26   25.06   23.89   22.48   20.93   19.24   17.50   15.81   14.30   13.24   12.69  
4.60    5.41    5.79    5.96    6.05    6.12    6.17    6.23    6.29    6.35    6.40    6.44    6.45    6.38    6.22    5.96    7.08    9.15    11.39   13.80   16.38   19.12   21.93   24.73   27.20   29.20   30.90   31.93   32.64   33.23   33.64   33.94   34.11   33.86   33.16   32.03   30.52   28.97   27.54   26.32   25.16   23.93   22.61   21.16   19.64   18.04   16.40   14.83   13.43   12.41  
4.15    4.96    5.34    5.52    5.61    5.68    5.73    5.78    5.84    5.89    5.95    6.00    6.03    6.03    5.96    5.82    7.66    9.76    12.02   14.44   16.99   19.61   22.20   24.50   26.40   27.97   28.99   29.70   30.35   30.89   31.28   31.58   31.85   31.97   31.73   31.10   30.11   28.85   27.57   26.30   25.11   23.94   22.62   21.27   19.86   18.41   16.90   15.36   13.90   12.58  
3.73    4.55    4.93    5.11    5.20    5.27    5.32    5.37    5.42    5.47    5.52    5.57    5.61    5.64    5.64    6.28    8.23    10.35   12.61   15.00   17.44   19.84   21.99   23.78   25.23   26.22   26.92   27.58   28.18   28.69   29.06   29.35   29.61   29.86   29.95   29.74   29.18   28.35   27.27   26.17   24.99   23.73   22.54   21.25   19.95   18.61   17.24   15.82   14.39   12.98  
3.34    4.16    4.55    4.73    4.82    4.88    4.93    4.98    5.03    5.07    5.12    5.17    5.22    5.26    5.41    6.80    8.78    10.90   13.12   15.40   17.63   19.63   21.31   22.67   23.63   24.34   24.99   25.60   26.16   26.62   26.98   27.26   27.51   27.76   27.99   28.06   27.88   27.39   26.70   25.72   24.68   23.53   22.32   21.15   19.93   18.70   17.43   16.14   14.81   13.43  
2.98    3.80    4.19    4.37    4.47    4.53    4.58    4.62    4.67    4.71    4.75    4.80    4.85    4.94    5.51    7.31    9.29    11.37   13.49   15.56   17.43   19.01   20.28   21.20   21.93   22.59   23.20   23.76   24.28   24.71   25.04   25.31   25.55   25.79   26.03   26.24   26.31   26.15   25.72   25.07   24.17   23.17   22.08   20.94   19.82   18.67   17.51   16.32   15.10   13.81  
2.64    3.46    3.86    4.05    4.14    4.20    4.25    4.29    4.33    4.37    4.41    4.45    4.52    4.73    5.94    7.78    9.72    11.70   13.63   15.37   16.85   18.04   18.93   19.67   20.35   20.97   21.53   22.06   22.53   22.93   23.24   23.50   23.73   23.96   24.19   24.41   24.60   24.66   24.51   24.12   23.50   22.66   21.72   20.69   19.63   18.57   17.49   16.39   15.27   14.08  
2.33    3.15    3.55    3.74    3.84    3.90    3.94    3.98    4.02    4.05    4.09    4.14    4.24    4.71    6.37    8.18    10.02   11.82   13.45   14.83   15.95   16.81   17.57   18.25   18.88   19.46   19.99   20.47   20.91   21.28   21.57   21.81   22.03   22.25   22.46   22.68   22.89   23.05   23.11   22.96   22.59   22.01   21.23   20.35   19.38   18.39   17.39   16.37   15.34   14.24  
2.04    2.86    3.26    3.46    3.55    3.61    3.65    3.69    3.73    3.76    3.80    3.86    4.05    5.06    6.74    8.46    10.12   11.64   12.94   14.00   14.83   15.59   16.30   16.94   17.52   18.06   18.55   19.00   19.40   19.75   20.02   20.25   20.46   20.66   20.86   21.06   21.26   21.45   21.60   21.64   21.50   21.15   20.60   19.88   19.05   18.15   17.22   16.28   15.33   14.31  
1.77    2.60    3.00    3.19    3.29    3.35    3.39    3.42    3.46    3.49    3.53    3.61    3.91    5.39    6.98    8.54    9.96    11.18   12.17   12.99   13.75   14.47   15.12   15.71   16.26   16.76   17.21   17.63   18.00   18.32   18.58   18.80   18.99   19.18   19.37   19.56   19.74   19.92   20.10   20.24   20.26   20.12   19.79   19.28   18.61   17.83   16.99   16.12   15.24   14.29  
1.54    2.35    2.75    2.95    3.05    3.10    3.14    3.17    3.21    3.24    3.29    3.43    4.13    5.61    7.05    8.38    9.52    10.47   11.29   12.04   12.76   13.42   14.02   14.58   15.08   15.55   15.97   16.36   16.71   17.00   17.24   17.45   17.63   17.81   17.98   18.16   18.33   18.50   18.67   18.83   18.95   18.97   18.83   18.52   18.04   17.41   16.69   15.90   15.09   14.21  
1.35    2.13    2.52    2.72    2.82    2.88    2.91    2.94    2.97    3.01    3.07    3.29    4.32    5.67    6.90    7.98    8.88    9.70    10.46   11.17   11.83   12.44   13.01   13.52   13.99   14.42   14.82   15.18   15.50   15.77   16.00   16.19   16.36   16.53   16.69   16.85   17.02   17.17   17.33   17.49   17.64   17.74   17.75   17.62   17.32   16.87   16.29   15.62   14.89   14.07  
1.18    1.92    2.31    2.51    2.61    2.66    2.70    2.73    2.76    2.80    2.88    3.17    4.37    5.52    6.53    7.39    8.22    8.99    9.70    10.35   10.97   11.54   12.06   12.54   12.98   13.38   13.75   14.08   14.38   14.63   14.85   15.02   15.19   15.34   15.49   15.64   15.79   15.94   16.09   16.24   16.38   16.52   16.61   16.61   16.48   16.21   15.78   15.24   14.61   13.88  
1.05    1.74    2.12    2.31    2.41    2.47    2.50    2.53    2.56    2.60    2.71    3.16    4.23    5.18    6.04    6.85    7.62    8.33    8.99    9.60    10.17   10.70   11.19   11.63   12.04   12.41   12.75   13.06   13.34   13.57   13.77   13.94   14.09   14.24   14.38   14.52   14.66   14.79   14.93   15.07   15.21   15.35   15.47   15.55   15.54   15.42   15.16   14.77   14.26   13.62  
0.93    1.57    1.94    2.13    2.23    2.28    2.32    2.35    2.38    2.42    2.56    3.03    3.93    4.79    5.59    6.34    7.05    7.72    8.33    8.90    9.43    9.92    10.37   10.79   11.17   11.51   11.83   12.12   12.37   12.59   12.78   12.93   13.08   13.21   13.34   13.47   13.60   13.73   13.86   13.99   14.12   14.25   14.37   14.48   14.55   14.54   14.42   14.18   13.81   13.29  
0.83    1.42    1.77    1.96    2.06    2.11    2.15    2.18    2.20    2.26    2.41    2.84    3.63    4.43    5.17    5.87    6.53    7.15    7.72    8.24    8.74    9.19    9.61    10.00   10.35   10.68   10.97   11.24   11.47   11.68   11.85   12.00   12.13   12.26   12.38   12.50   12.62   12.74   12.86   12.98   13.10   13.22   13.34   13.46   13.56   13.62   13.61   13.49   13.26   12.87  
0.74    1.28    1.62    1.80    1.89    1.95    1.98    2.01    2.04    2.10    2.25    2.66    3.35    4.08    4.76    5.41    6.02    6.59    7.12    7.61    8.06    8.49    8.88    9.23    9.56    9.86    10.13   10.38   10.60   10.79   10.95   11.09   11.21   11.33   11.44   11.55   11.67   11.78   11.89   12.00   12.11   12.22   12.34   12.45   12.56   12.65   12.70   12.69   12.57   12.32  
