#Value Function.
13949.54 13948.17 13931.87 13914.29 13904.39 13909.37 13931.39 13965.39 14001.05 14027.79 14039.33 14035.38 14022.43 14021.38 14073.13 14221.93 14487.54 14856.62 15298.52 15785.00 16298.55 16831.13 17379.85 17943.94 18523.16 19117.41 19726.21 20347.98 20977.05 21602.93 22213.88 22803.03 23362.94 23895.42 24400.75 24866.56 25328.32 25655.66 25834.99 25847.64 25832.42 25711.45 25410.20 25098.39 24878.30 24664.99 24539.70 24442.62 24375.93 24308.88
14343.86 14360.53 14351.38 14332.92 14315.03 14306.77 14315.10 14341.11 14378.06 14414.44 14439.59 14448.08 14440.86 14425.45 14425.90 14488.22 14658.34 14951.25 15346.77 15810.69 16315.04 16844.14 17391.41 17954.78 18533.74 19128.12 19737.83 20362.29 20999.67 21643.23 22281.23 22901.54 23498.51 24062.18 24594.35 25091.63 25519.67 25915.44 26089.16 26131.27 26110.80 25950.91 25731.73 25570.15 25366.65 25245.36 25146.26 25078.92 25016.29 24951.20
14722.40 14765.04 14770.97 14758.04 14737.74 14719.90 14713.69 14725.80 14755.95 14795.64 14832.26 14855.30 14860.44 14849.84 14832.02 14834.63 14909.51 15103.50 15425.30 15847.44 16332.82 16854.54 17398.96 17960.98 18539.14 19133.15 19742.89 20368.24 21008.54 21661.66 22319.54 22969.20 23598.32 24201.17 24763.12 25286.92 25749.22 26091.21 26367.77 26439.42 26411.71 26321.05 26209.28 26049.36 25951.54 25854.37 25789.53 25725.19 25670.44 25588.54
15079.76 15157.56 15188.45 15188.86 15172.42 15150.61 15133.18 15129.49 15145.78 15180.20 15222.35 15258.66 15279.09 15280.58 15266.58 15246.37 15251.98 15341.80 15562.45 15914.67 16363.45 16869.74 17408.48 17968.24 18545.22 19138.51 19747.95 20373.41 21014.80 21671.31 22340.47 23012.64 23673.61 24310.31 24916.83 25473.98 25976.55 26379.40 26663.91 26801.89 26859.41 26809.64 26721.46 26664.64 26575.09 26516.29 26450.61 26396.96 26325.01 26222.81
15410.65 15529.07 15595.59 15619.46 15614.38 15594.73 15571.75 15555.14 15554.45 15575.34 15614.07 15658.29 15693.71 15711.01 15708.63 15691.24 15668.63 15678.25 15785.80 16036.06 16419.97 16895.09 17421.65 17977.11 18552.28 19144.51 19753.29 20378.54 21020.11 21677.93 22351.00 23036.51 23722.84 24393.88 25034.86 25645.11 26188.75 26653.11 27014.67 27237.08 27357.72 27401.74 27378.16 27307.80 27257.72 27192.03 27140.68 27068.16 26982.56 26807.23
15716.12 15872.13 15982.43 16041.67 16058.05 16047.67 16025.20 16001.42 15986.03 15988.85 16014.75 16057.76 16103.56 16137.44 16151.15 16144.72 16123.99 16098.93 16113.85 16242.40 16525.30 16941.77 17442.64 17988.76 18560.70 19151.42 19759.22 20383.87 21025.32 21683.38 22358.05 23048.04 23750.20 24450.47 25130.04 25775.20 26384.81 26916.13 27359.86 27686.02 27888.57 27992.06 28022.65 28010.26 27946.43 27901.30 27827.86 27750.12 27586.06 27352.48
16009.21 16186.82 16340.35 16445.24 16495.67 16504.29 16488.95 16464.07 16439.86 16426.11 16433.01 16464.30 16511.44 16558.25 16589.92 16599.58 16588.97 16565.02 16537.95 16560.50 16713.89 17031.83 17480.83 18006.32 18571.24 19159.54 19766.00 20389.74 21030.64 21688.69 22363.65 23055.58 23762.86 24481.98 25195.84 25882.88 26531.54 27139.57 27665.93 28090.92 28401.50 28582.53 28666.21 28691.41 28667.62 28598.07 28532.39 28373.30 28147.14 27877.92
16307.32 16481.32 16665.04 16819.13 16916.47 16957.25 16958.26 16938.45 16911.60 16887.30 16875.66 16887.24 16924.26 16975.28 17022.41 17051.19 17056.39 17041.56 17014.60 16985.88 17018.49 17200.69 17555.95 18037.19 18586.18 19169.30 19773.94 20396.40 21036.47 21694.02 22369.09 23061.35 23770.99 24495.89 25232.28 25959.21 26652.52 27304.11 27913.98 28433.66 28846.60 29137.09 29285.78 29342.79 29334.34 29307.40 29166.72 28945.39 28700.13 28296.38
16629.54 16774.50 16962.47 17156.12 17307.93 17395.80 17426.42 17420.17 17396.43 17368.05 17344.01 17334.98 17351.89 17394.91 17449.40 17496.09 17521.27 17521.68 17502.66 17472.92 17442.70 17488.02 17703.38 18098.08 18610.98 19182.31 19783.16 20404.24 21043.01 21699.82 22374.44 23066.95 23776.92 24504.72 25247.57 26001.56 26740.81 27439.91 28095.77 28710.75 29217.31 29614.98 29864.04 29962.99 29964.61 29887.88 29735.38 29518.86 29130.89 28654.98
16986.85 17089.12 17251.18 17458.77 17659.72 17806.26 17883.02 17903.27 17890.28 17863.20 17833.69 17810.24 17804.38 17827.30 17876.53 17933.90 17979.33 18000.23 17995.57 17972.46 17940.21 17908.52 17969.74 18223.02 18658.87 19202.37 19794.81 20413.10 21050.80 21706.22 22380.24 23072.32 23782.72 24510.80 25257.25 26018.35 26790.29 27540.81 28245.29 28906.11 29520.04 30005.03 30344.62 30466.94 30482.43 30405.96 30262.81 29946.01 29506.92 28915.88
17376.92 17441.28 17556.96 17744.15 17970.28 18175.37 18313.65 18377.96 18387.95 18368.88 18339.05 18308.76 18286.25 18284.18 18313.85 18369.34 18428.87 18472.13 18488.10 18478.20 18451.17 18416.70 18383.45 18464.52 18760.95 19239.00 19811.48 20423.82 21059.42 21714.01 22386.45 23078.16 23788.10 24516.86 25263.46 26029.09 26808.65 27598.98 28359.29 29068.15 29726.01 30321.52 30711.11 30900.79 30866.42 30870.16 30690.20 30336.07 29786.01 29056.82
17787.49 17832.44 17901.53 18040.35 18254.10 18496.91 18702.51 18829.61 18880.56 18880.68 18856.28 18824.28 18793.54 18772.31 18774.75 18811.93 18873.58 18934.32 18974.53 18984.95 18969.73 18939.02 18901.92 18867.07 18972.88 19318.03 19838.39 20437.76 21068.91 21721.92 22394.44 23084.08 23794.08 24522.21 25269.85 26035.34 26820.73 27618.92 28428.17 29194.50 29899.24 30526.82 31047.59 31254.20 31279.73 31211.90 31029.34 30603.48 29902.02 29277.92
18204.32 18250.72 18291.55 18375.42 18541.08 18782.13 19038.69 19240.62 19353.76 19390.85 19381.75 19352.84 19319.18 19288.28 19268.68 19276.46 19321.94 19389.41 19450.27 19486.55 19490.13 19469.82 19434.94 19396.24 19359.40 19496.11 19895.85 20457.33 21081.11 21730.23 22401.72 23091.76 23799.69 24528.45 25275.09 26042.20 26826.91 27632.74 28449.56 29275.06 30027.13 30706.83 31209.70 31561.67 31588.88 31556.67 31337.20 30701.44 30145.82 29388.69
18616.09 18679.60 18716.10 18761.51 18864.38 19060.48 19328.54 19594.97 19788.87 19885.67 19908.96 19891.49 19858.91 19824.05 19793.22 19775.67 19789.73 19844.28 19916.97 19975.93 20006.95 20003.80 19977.21 19939.32 19898.62 19859.33 20034.64 20494.92 21095.34 21740.82 22408.91 23098.50 23807.12 24533.73 25281.77 26047.18 26834.45 27638.62 28463.98 29292.34 30119.80 30809.59 31410.73 31681.76 31794.72 31801.05 31406.96 30956.99 30253.07 29451.63
19015.30 19105.25 19156.75 19190.54 19243.02 19369.43 19599.08 19892.87 20164.68 20346.37 20425.03 20435.15 20410.25 20374.85 20339.17 20308.62 20293.57 20315.03 20378.63 20455.03 20511.37 20535.59 20524.82 20491.37 20449.89 20408.29 20365.58 20589.27 21117.33 21752.78 22418.00 23105.39 23813.23 24540.99 25286.64 26054.52 26838.91 27647.18 28467.52 29302.54 30121.22 30884.88 31494.19 31833.39 31892.55 31837.05 31549.53 31026.34 30302.40 29488.17
19391.50 19520.63 19595.93 19642.82 19674.24 19736.99 19892.05 20157.81 20474.88 20746.93 20912.41 20971.71 20969.80 20938.40 20901.05 20864.80 20834.72 20821.98 20851.58 20925.52 21002.61 21053.26 21070.22 21049.33 21008.89 20966.06 20923.69 20872.18 21164.68 21765.43 22427.22 23112.51 23820.26 24546.27 25293.91 26058.87 26847.26 27650.64 28477.47 29303.93 30127.20 30887.42 31495.21 31828.29 31857.84 31878.46 31644.34 31080.72 30344.61 29512.34
19734.83 19914.77 20027.32 20095.25 20138.11 20167.42 20244.63 20433.90 20737.48 21074.07 21340.72 21486.37 21525.71 21508.94 21472.99 21434.28 21397.65 21367.53 21357.65 21396.23 21482.81 21558.32 21598.39 21606.60 21572.21 21529.17 21485.28 21406.87 21295.93 21787.93 22436.29 23119.84 23826.03 24553.82 25298.71 26067.01 26850.63 27660.34 28478.82 29309.75 30129.66 30888.35 31487.03 31668.46 31808.30 31684.20 31513.33 31014.77 30311.52 29509.11
20034.91 20277.72 20439.33 20542.62 20603.45 20642.96 20670.23 20767.53 20996.84 21338.67 21685.21 21941.66 22064.13 22083.66 22057.26 22017.93 21977.61 21940.15 21909.41 21903.33 21950.21 22043.64 22113.27 22137.86 22130.10 22087.99 22021.88 21924.34 21779.47 21829.99 22448.86 23126.82 23832.94 24557.95 25306.64 26070.30 26860.09 27660.06 28477.52 29292.80 30083.24 30784.16 31057.55 31319.03 31346.80 31406.40 31077.38 30755.14 30172.05 29458.88
20283.33 20598.30 20822.09 20972.50 21066.78 21120.77 21157.71 21182.80 21303.44 21579.60 21958.18 22306.83 22549.00 22645.08 22645.81 22611.82 22569.33 22527.77 22488.83 22456.16 22451.70 22510.41 22601.91 22655.78 22660.40 22621.99 22543.23 22416.93 22189.49 21956.61 22467.77 23135.32 23837.50 24565.69 25309.86 26079.52 26859.81 27658.77 28455.59 29238.87 29950.53 30248.67 30621.24 30648.46 30802.64 30727.22 30625.25 30286.87 29867.22 29284.91
20474.54 20867.17 21163.64 21375.31 21514.43 21600.03 21647.43 21678.31 21707.87 21862.35 22187.87 22591.85 22938.32 23157.44 23225.30 23209.03 23168.90 23123.95 23079.95 23037.55 23004.77 23001.86 23057.11 23119.85 23137.46 23098.45 23012.75 22824.65 22586.71 22369.35 22522.58 23143.04 23845.04 24568.82 25318.84 26079.25 26858.55 27635.76 28401.32 29102.51 29401.17 29793.15 29851.88 30049.41 29975.95 29982.06 29878.97 29719.80 29394.76 28958.46
20613.28 21076.01 21454.15 21738.21 21937.52 22065.30 22138.18 22180.40 22205.09 22240.38 22438.22 22814.42 23231.65 23566.76 23763.51 23800.72 23769.66 23725.45 23676.92 23633.72 23577.84 23555.99 23541.05 23574.81 23570.38 23545.24 23430.40 23226.85 23024.00 22815.55 22698.82 23170.04 23848.12 24577.58 25318.58 26078.01 26836.09 27582.76 28266.76 28562.18 28950.52 29015.82 29219.00 29170.02 29175.98 29125.87 29090.06 28983.87 28807.41 28488.86
20700.79 21230.79 21681.39 22051.77 22321.89 22504.44 22622.02 22681.10 22715.80 22734.41 22776.06 23028.67 23445.89 23868.54 24191.81 24362.92 24366.42 24324.97 24276.75 24218.39 24164.44 24120.76 24094.35 24049.18 24032.39 23970.14 23836.76 23675.06 23473.93 23325.54 23194.32 23274.98 23856.72 24577.34 25317.36 26056.09 26784.34 27451.57 27740.05 28120.03 28188.38 28391.33 28353.95 28374.01 28325.16 28312.69 28260.26 28203.77 28096.81 27904.19
20755.68 21328.17 21854.16 22297.95 22655.73 22911.23 23075.94 23180.62 23225.22 23245.06 23255.03 23309.85 23621.02 24069.65 24499.07 24805.26 24929.29 24919.24 24866.41 24810.78 24756.73 24694.37 24619.43 24576.02 24515.07 24421.59 24297.49 24127.55 23994.90 23867.74 23754.15 23652.49 23899.26 24576.18 25295.97 26005.55 26656.27 26937.96 27309.25 27377.67 27580.80 27549.37 27587.83 27554.88 27543.51 27507.53 27473.01 27415.82 27341.55 27218.30
20786.89 21390.08 21962.29 22486.57 22922.11 23265.86 23501.78 23648.58 23731.37 23758.58 23754.79 23753.95 23824.11 24206.16 24689.17 25117.87 25384.00 25493.20 25450.20 25402.99 25339.55 25268.56 25187.79 25105.86 25012.51 24927.37 24791.71 24672.06 24553.55 24442.85 24338.27 24262.00 24216.06 24555.46 25246.67 25880.55 26155.44 26517.86 26586.00 26786.96 26764.58 26819.38 26800.32 26820.63 26787.10 26768.62 26723.15 26659.81 26585.40 26490.54
20804.44 21425.26 22032.15 22606.39 23128.03 23553.72 23877.60 24083.51 24209.60 24258.21 24267.55 24237.83 24216.97 24333.33 24791.65 25297.24 25701.74 25958.03 26032.35 25972.68 25923.14 25844.57 25770.11 25656.87 25588.33 25466.61 25361.10 25245.31 25145.16 25040.63 24961.17 24910.37 24860.83 24812.65 25124.23 25392.34 25745.68 25812.55 26009.74 25990.90 26052.53 26051.28 26099.64 26095.33 26084.08 26051.43 26016.34 25944.37 25859.49 25763.27
20812.96 21445.38 22067.22 22686.44 23260.17 23778.63 24177.13 24474.71 24649.74 24735.06 24744.59 24724.28 24685.79 24592.80 24837.85 25375.70 25878.56 26283.70 26509.63 26563.89 26488.53 26444.88 26337.86 26276.02 26159.10 26069.41 25958.25 25859.92 25757.56 25671.58 25621.68 25575.57 25524.48 25476.23 25422.54 25375.07 25321.82 25275.29 25233.83 25296.80 25303.76 25368.14 25392.41 25409.71 25387.53 25363.20 25321.34 25253.65 25162.41 25058.31
20820.50 21454.22 22090.59 22724.87 23352.41 23916.78 24421.52 24776.18 25028.98 25151.54 25199.09 25151.02 25069.74 24909.82 24874.76 25393.67 25946.60 26463.57 26866.26 27067.77 27102.53 27011.80 26966.43 26858.63 26782.32 26682.69 26589.83 26489.88 26404.31 26345.77 26299.26 26250.68 26206.46 26152.33 26105.19 26048.97 26002.51 25945.95 25900.12 25844.35 25796.05 25668.36 25393.84 25027.16 24760.50 24692.66 24641.60 24567.41 24480.49 24375.39
20825.17 21462.69 22099.56 22747.92 23389.61 24012.72 24553.84 25029.43 25299.23 25479.58 25555.52 25500.42 25374.66 25076.16 24896.28 25399.82 25953.98 26529.45 27056.47 27448.21 27634.50 27648.07 27560.76 27505.83 27409.20 27331.08 27235.00 27152.00 27076.82 27034.61 26985.64 26945.28 26893.56 26851.26 26793.56 26748.12 26687.57 26643.73 26581.87 26534.69 26403.33 26120.86 25714.77 25294.84 24914.29 24533.96 24150.26 23935.23 23823.92 23717.86
20835.11 21466.06 22109.58 22756.66 23415.75 24048.49 24654.97 25151.60 25530.01 25686.46 25762.60 25714.96 25516.86 25194.44 24917.94 25401.90 25955.10 26534.38 27129.01 27663.22 28039.04 28209.97 28218.56 28138.60 28078.22 27992.28 27915.45 27836.57 27778.91 27732.49 27691.34 27643.41 27605.39 27550.14 27510.09 27446.42 27404.84 27338.04 27298.42 27175.24 26896.76 26462.67 26012.54 25624.18 25233.50 24853.97 24472.98 24168.55 23838.79 23421.00
20838.01 21473.71 22111.82 22768.97 23419.08 24076.64 24683.84 25229.96 25589.89 25773.47 25793.82 25783.98 25600.22 25246.90 24898.88 25390.33 25951.53 26541.14 27131.62 27745.69 28292.31 28663.05 28823.61 28829.79 28756.34 28690.60 28617.04 28544.96 28492.93 28450.75 28401.75 28366.55 28314.75 28280.06 28217.70 28183.13 28109.45 28075.75 27966.01 27694.19 27248.58 26771.63 26366.72 25966.57 25578.66 25188.22 24888.86 24562.96 24159.29 23639.84
20845.47 21475.17 22121.36 22768.20 23431.76 24071.73 24701.21 25216.88 25613.58 25740.40 25795.84 25781.93 25604.90 25253.37 24913.50 25406.09 25960.81 26542.93 27139.89 27745.82 28387.85 28948.58 29312.91 29462.43 29463.76 29400.01 29335.42 29270.10 29225.69 29173.74 29138.07 29088.17 29055.86 28997.58 28969.23 28893.99 28866.89 28764.92 28503.90 28045.08 27549.64 27135.04 26712.20 26319.95 25906.45 25615.30 25297.31 24903.41 24382.67 23842.26
20846.90 21484.46 22119.62 22777.28 23421.71 24069.64 24645.84 25163.60 25488.24 25669.20 25668.39 25607.27 25492.51 25191.61 24911.46 25426.60 25976.23 26550.96 27140.02 27749.34 28385.81 29069.43 29646.71 30003.75 30136.38 30135.61 30075.90 30020.31 29963.82 29925.44 29871.77 29843.64 29784.50 29757.02 29688.92 29664.27 29565.60 29325.01 28834.04 28310.00 27894.51 27454.29 27040.49 26605.93 26312.85 26019.90 25649.15 25122.68 24600.12 23951.36
20851.73 21482.77 22128.47 22763.24 23415.42 23995.39 24552.31 24969.99 25234.75 25344.18 25350.27 25353.68 25247.60 25025.43 24923.61 25428.71 25979.79 26550.10 27134.98 27734.68 28388.80 29077.78 29815.00 30404.40 30744.53 30855.15 30843.84 30782.94 30735.46 30678.43 30642.66 30584.40 30561.62 30487.99 30466.41 30373.35 30143.96 29623.41 29026.69 28590.88 28164.83 27707.58 27281.84 26940.40 26648.42 26339.99 25828.10 25350.87 24707.13 24015.28
20850.09 21491.39 22114.78 22756.10 23338.75 23898.88 24331.75 24634.40 24799.59 24881.99 24919.13 24901.98 24861.08 24736.56 24894.78 25426.94 25975.66 26535.73 27112.23 27724.90 28380.02 29065.29 29826.82 30614.65 31202.39 31516.81 31596.65 31575.11 31510.89 31469.90 31405.14 31376.28 31304.81 31283.71 31184.46 30944.65 30394.43 29715.31 29209.67 28754.60 28277.05 27877.76 27491.54 27145.73 26851.30 26462.62 26043.61 25447.04 24766.23 24040.34
20858.49 21478.03 22103.56 22676.10 23232.84 23671.01 23987.40 24178.29 24307.26 24373.10 24373.30 24383.24 24362.84 24357.96 24870.79 25398.45 25943.75 26492.41 27077.33 27699.43 28334.03 29059.91 29810.25 30644.92 31475.03 32041.01 32314.64 32356.34 32326.53 32254.70 32220.08 32145.33 32119.28 32018.26 31784.26 31174.77 30427.13 29785.06 29265.99 28781.25 28353.97 27923.34 27554.57 27226.64 26895.70 26556.88 26093.68 25485.37 24791.86 24059.25
20845.45 21467.06 22025.53 22572.76 23004.37 23327.64 23529.82 23668.35 23763.16 23780.33 23819.59 23816.67 23808.80 24298.73 24810.06 25340.94 25875.15 26428.78 27018.65 27620.76 28311.85 29014.16 29815.59 30639.44 31525.54 32375.18 32899.38 33131.38 33129.53 33095.66 33013.39 32984.07 32878.21 32677.85 32036.88 31200.95 30436.92 29797.90 29273.35 28795.07 28338.13 27943.72 27552.48 27235.94 26904.78 26535.21 26058.51 25462.02 24785.64 24063.74
20834.73 21386.73 21924.69 22345.67 22665.22 22870.91 23015.49 23121.64 23150.15 23213.79 23227.91 23233.07 23686.76 24202.33 24719.16 25239.23 25779.25 26337.71 26925.02 27582.20 28237.65 29006.67 29797.58 30644.95 31525.22 32445.35 33316.54 33776.95 33962.62 33911.42 33883.57 33765.71 33603.95 32955.05 32060.24 31214.31 30418.43 29746.87 29176.77 28718.76 28288.01 27782.01 27428.49 27070.28 26789.90 26459.85 25957.27 25415.39 24759.31 24054.65
20756.39 21288.33 21703.18 22014.87 22219.76 22365.02 22472.79 22513.31 22584.81 22607.07 22624.94 23042.38 23562.06 24077.85 24585.15 25111.88 25656.61 26216.80 26857.78 27480.25 28217.64 28976.42 29786.02 30640.41 31530.51 32456.02 33403.85 34287.74 34658.10 34799.94 34683.32 34570.85 33918.12 32982.18 32100.93 31198.51 30387.79 29641.98 29054.30 28511.67 28070.09 27612.68 27186.22 26840.01 26484.82 26186.40 25787.11 25237.32 24670.69 24010.07
20660.39 21072.27 21376.30 21580.39 21722.10 21831.45 21875.23 21949.18 21979.37 22009.60 22387.53 22906.96 23410.05 23917.55 24431.33 24962.67 25509.09 26134.27 26728.79 27435.35 28167.01 28948.22 29777.36 30632.89 31531.41 32466.97 33418.13 34395.12 35265.21 35483.40 35520.78 34911.50 33949.85 33043.93 32080.57 31202.81 30349.24 29568.94 28876.28 28289.78 27766.14 27313.41 26874.50 26485.08 26127.06 25783.93 25436.93 25014.37 24485.23 23906.59
20449.68 20753.44 20952.53 21090.77 21201.65 21244.40 21320.73 21354.42 21388.22 21727.67 22238.38 22737.53 23232.56 23742.15 24260.43 24793.43 25403.21 25983.14 26663.84 27369.03 28126.81 28927.09 29757.35 30629.54 31537.86 32465.63 33436.97 34404.04 35359.90 35993.93 35818.58 34894.94 34030.60 33018.60 32102.51 31183.79 30320.93 29499.87 28749.10 28074.05 27496.44 26975.30 26522.29 26106.66 25722.07 25365.95 25012.86 24653.28 24233.37 23719.67
20138.77 20340.12 20474.97 20583.12 20624.85 20703.51 20736.38 20773.64 21067.15 21569.35 22060.40 22551.71 23048.77 23558.54 24078.44 24673.19 25238.90 25902.84 26586.46 27317.14 28097.74 28903.35 29749.86 30631.60 31536.55 32483.99 33426.12 34410.50 35260.25 35820.21 35510.75 35003.47 33990.39 33055.89 32091.09 31185.79 30297.50 29456.10 28660.06 27927.35 27268.81 26694.60 26185.95 25737.78 25326.11 24947.48 24591.02 24243.63 23882.61 23459.84
19735.75 19874.32 19979.81 20020.55 20097.25 20129.31 20169.92 20418.70 20908.34 21391.48 21870.71 22359.77 22857.01 23368.37 23948.46 24500.29 25147.88 25814.69 26523.17 27284.55 28066.13 28891.81 29747.64 30630.33 31550.22 32469.18 33432.34 34276.39 34945.03 34789.18 34949.45 34580.33 33939.89 33016.98 32103.56 31178.31 30291.12 29428.70 28608.67 27833.34 27118.58 26473.28 25906.10 25406.44 24961.79 24556.55 24181.20 23829.64 23486.02 23119.59
19281.57 19391.33 19431.10 19505.90 19537.16 19576.79 19782.08 20263.59 20734.79 21202.24 21679.27 22168.51 22667.30 23233.10 23771.40 24403.04 25053.45 25744.51 26487.15 27249.50 28050.65 28885.42 29746.39 30639.43 31535.77 32475.16 33298.35 33953.44 33817.14 34010.12 33850.47 33844.85 33501.10 32892.01 32052.42 31173.49 30282.85 29417.65 28579.30 27779.17 27023.61 26325.43 25693.46 25135.37 24642.05 24202.34 23802.01 23432.73 23086.02 22738.73
18810.62 18856.16 18929.10 18959.58 18998.23 19161.50 19630.49 20090.02 20545.98 21015.51 21492.71 21979.25 22531.11 23056.20 23672.29 24306.70 24980.77 25705.13 26448.73 27230.17 28044.40 28879.97 29751.03 30625.33 31541.54 32344.36 32983.18 32850.61 33038.73 32886.21 32936.45 32836.94 32768.36 32447.59 31876.73 31103.22 30263.74 29406.34 28565.15 27749.34 26969.20 26232.62 25550.70 24932.31 24382.92 23896.11 23461.56 23066.95 22703.36 22353.50
18288.81 18366.48 18396.20 18433.88 18557.39 19012.98 19461.11 19905.86 20363.84 20829.31 21303.90 21842.17 22358.60 22959.51 23578.32 24235.81 24942.34 25667.66 26425.65 27219.85 28034.87 28884.49 29737.28 30630.88 31413.84 32036.79 31907.85 32091.22 31942.60 31991.53 31904.62 31908.24 31833.96 31731.76 31425.28 30890.78 30172.39 29373.42 28548.75 27732.58 26939.04 26178.80 25460.63 24794.67 24189.39 23649.07 23168.98 22739.88 22350.82 21984.79
17811.33 17846.68 17883.41 17971.19 18410.67 18847.68 19281.49 19728.20 20182.23 20645.17 21170.17 21673.93 22260.04 22863.64 23504.96 24194.10 24901.58 25640.92 26415.58 27210.55 28039.27 28871.07 29742.62 30506.22 31113.69 30988.28 31167.03 31022.20 31069.86 30985.13 30990.03 30934.12 30916.15 30850.00 30729.16 30433.67 29932.29 29261.44 28502.20 27709.86 26919.27 26147.89 25407.39 24707.18 24056.86 23464.35 22933.32 22460.16 22036.71 21645.35
17304.49 17346.49 17405.45 17823.22 18249.35 18672.48 19108.20 19551.07 20002.63 20514.70 21006.10 21577.78 22166.53 22792.08 23464.25 24154.33 24875.49 25631.09 26406.51 27214.83 28026.18 28876.22 29620.93 30213.31 30091.33 30265.57 30124.43 30170.85 30088.26 30093.00 30038.69 30024.35 29982.43 29953.89 29888.67 29757.30 29471.60 29000.04 28371.07 27649.95 26889.43 26124.64 25375.37 24654.44 23971.83 23336.81 22756.83 22235.21 21769.15 21343.88
16816.75 16862.45 17250.26 17665.75 18078.45 18503.45 18935.43 19375.90 19875.35 20354.69 20912.30 21486.57 22096.73 22752.36 23425.47 24128.89 24865.90 25622.25 26410.68 27202.06 28031.12 28757.42 29335.08 29216.44 29386.29 29248.75 29293.96 29213.45 29218.04 29165.09 29151.12 29110.80 29088.26 29052.60 29018.38 28951.35 28814.09 28537.78 28093.03 27501.49 26816.55 26087.15 25348.15 24620.92 23919.39 23254.06 22634.04 22066.38 21554.24 21087.90
16336.11 16691.45 17096.52 17499.02 17913.57 18334.94 18764.58 19251.73 19719.31 20263.18 20823.33 21418.48 22057.98 22714.53 23400.65 24119.53 24857.27 25626.30 26398.21 27206.81 27915.14 28478.46 28363.07 28528.63 28394.60 28438.64 28360.15 28364.60 28312.97 28299.33 28260.02 28238.02 28204.35 28178.46 28145.53 28107.72 28037.64 27896.20 27627.26 27206.15 26648.27 25997.46 25298.36 24585.02 23879.80 23197.58 22549.35 21944.16 21388.77 20878.83
16136.87 16535.45 16927.85 17332.06 17742.91 18161.84 18636.81 19092.74 19623.03 20169.19 20749.49 21373.02 22013.19 22682.19 23383.12 24102.46 24852.29 25604.95 26393.36 27084.04 27633.29 27521.07 27682.45 27551.86 27594.76 27518.26 27522.58 27472.25 27458.94 27420.61 27399.16 27366.33 27341.09 27308.98 27272.11 27203.78 27065.89 26836.19 26666.21 26402.74 26004.52 25480.26 24866.23 24202.69 23522.12 22846.96 22192.42 21569.64 20987.42 20446.97
