#Value Function.
12217.13 12179.55 12152.76 12141.53 12143.75 12154.27 12169.29 12192.45 12239.10 12334.29 12502.31 12753.45 13079.76 13462.79 13884.27 14331.66 14798.18 15280.63 15777.62 16288.56 16813.27 17351.80 17904.17 18470.04 19048.41 19636.65 20229.19 20816.61 21387.08 21930.98 22441.47 22911.29 23335.16 23722.82 24080.91 24415.27 24750.39 24960.25 25071.21 25054.06 25009.21 24873.23 24554.52 24176.03 23836.73 23525.97 23267.69 23056.46 22880.42 22475.84
12680.72 12633.30 12591.80 12564.94 12554.48 12557.87 12569.13 12583.63 12604.87 12649.20 12744.00 12915.92 13175.69 13513.68 13909.37 14343.37 14802.98 15281.62 15776.31 16285.76 16809.42 17347.16 17899.05 18465.14 19045.12 19638.01 20241.17 20848.87 21451.04 22034.95 22590.94 23112.52 23591.84 24020.33 24408.23 24758.26 25055.13 25328.27 25391.44 25376.63 25334.55 25131.38 24859.22 24605.74 24326.93 24089.80 23894.01 23731.05 23587.12 23191.09
13159.56 13105.14 13051.89 13009.53 12982.65 12973.06 12977.77 12989.85 13003.77 13022.81 13064.41 13158.52 13334.48 13603.41 13953.62 14362.31 14809.01 15280.95 15771.83 16278.88 16800.91 17337.43 17888.32 18453.72 19033.68 19627.91 20235.48 20853.77 21476.85 22093.99 22691.40 23259.50 23792.29 24279.69 24707.58 25088.03 25404.78 25616.20 25779.35 25750.79 25654.23 25529.69 25343.86 25119.78 24925.02 24749.09 24598.63 24463.12 24334.48 23934.02
13652.68 13595.58 13534.77 13480.07 13436.84 13409.97 13401.38 13407.57 13420.56 13433.83 13450.40 13488.86 13582.00 13762.26 14041.05 14404.20 14826.39 15286.09 15770.62 16274.00 16793.68 17328.61 17878.29 18442.65 19021.88 19616.05 20224.88 20847.49 21481.31 22120.21 22752.77 23363.88 23944.23 24487.85 24982.01 25407.03 25769.48 26034.00 26193.91 26231.74 26198.98 26064.22 25925.68 25791.40 25634.73 25498.36 25366.63 25241.59 25112.90 24697.01
14155.83 14100.89 14036.89 13974.25 13918.05 13873.93 13847.12 13839.66 13847.51 13861.51 13874.06 13887.88 13922.71 14014.57 14199.42 14488.87 14865.72 15301.88 15774.90 16272.26 16788.42 17321.03 17869.16 18432.31 19010.47 19603.88 20212.60 20836.37 21474.39 22124.14 22779.34 23427.78 24052.77 24644.70 25196.78 25698.74 26113.88 26444.90 26678.55 26790.85 26825.23 26792.18 26690.35 26550.49 26429.75 26299.97 26175.35 26046.15 25909.12 25456.89
14662.90 14616.97 14554.48 14488.32 14423.81 14366.07 14321.02 14294.32 14288.14 14297.84 14312.95 14324.72 14335.49 14366.16 14456.36 14646.17 14947.19 15338.53 15789.12 16275.71 16786.16 17315.38 17861.23 18422.87 18999.83 19592.11 20200.04 20823.66 21462.75 22116.55 22782.65 23454.62 24119.47 24758.54 25361.40 25922.74 26429.79 26839.55 27160.18 27373.22 27480.44 27511.22 27474.47 27389.60 27258.90 27138.88 27004.90 26867.97 26694.70 26182.11
15164.11 15137.91 15083.58 15018.43 14950.10 14883.68 14824.34 14778.34 14751.78 14747.06 14758.82 14775.17 14786.08 14793.48 14819.45 14907.57 15102.76 15416.34 15822.96 16288.42 16788.84 17312.62 17855.19 18414.58 18990.07 19581.16 20187.90 20810.71 21449.60 22104.36 22774.34 23457.20 24146.46 24828.28 25481.70 26095.39 26666.46 27179.21 27592.98 27908.27 28122.08 28222.90 28247.03 28211.87 28119.51 27984.21 27849.93 27668.88 27432.74 26866.02
15645.84 15653.81 15618.56 15560.79 15492.99 15422.47 15354.10 15293.10 15246.11 15219.75 15216.66 15230.73 15248.42 15258.41 15262.19 15282.88 15368.34 15569.36 15896.65 16319.36 16800.09 17314.57 17851.94 18408.16 18981.40 19571.09 20176.64 20798.18 21436.24 22090.78 22761.59 23448.12 24148.18 24855.24 25554.68 26222.70 26846.98 27428.40 27951.19 28369.15 28687.41 28899.07 28982.28 28990.63 28925.89 28832.26 28651.32 28402.33 28132.69 27480.75
16093.64 16150.23 16149.50 16110.14 16048.84 15978.39 15905.68 15835.31 15772.59 15724.56 15698.45 15697.21 15713.85 15733.00 15742.03 15741.94 15756.60 15838.64 16046.09 16388.43 16828.10 17324.45 17853.21 18404.43 18974.62 19562.02 20166.27 20786.61 21423.31 22077.01 22747.57 23434.80 24138.29 24855.99 25581.39 26299.16 26982.00 27617.39 28211.42 28748.70 29165.90 29485.03 29675.16 29720.99 29682.80 29546.35 29358.63 29106.73 28741.91 28007.79
16498.37 16611.05 16661.15 16656.60 16612.86 16547.96 16474.90 16399.98 16327.56 16263.05 16213.93 16188.11 16188.95 16208.46 16229.20 16237.23 16232.98 16240.76 16318.42 16533.12 16892.10 17349.54 17861.84 18405.06 18970.39 19554.89 20156.77 20775.95 21411.43 22063.64 22733.38 23420.35 24124.38 24845.24 25581.02 26325.30 27062.24 27760.01 28406.84 29014.73 29561.97 29971.08 30248.85 30329.32 30295.39 30188.07 29992.84 29676.21 29260.11 28449.17
16862.97 17025.01 17135.70 17184.18 17175.31 17126.94 17058.40 16982.78 16905.64 16831.11 16764.73 16714.46 16688.98 16692.16 16714.88 16737.31 16744.26 16735.58 16735.54 16807.59 17030.64 17408.11 17884.08 18412.58 18970.44 19550.16 20149.31 20765.99 21400.51 22051.45 22719.54 23405.74 24109.50 24830.74 25569.38 26323.68 27087.40 27844.49 28557.09 29214.81 29829.24 30370.49 30698.54 30843.18 30777.86 30729.69 30539.42 30186.36 29695.44 28774.42
17206.68 17393.14 17559.64 17673.36 17719.55 17705.85 17652.62 17580.40 17502.31 17422.92 17346.22 17277.89 17226.40 17201.29 17207.12 17233.43 17257.60 17263.41 17250.09 17241.17 17306.00 17538.94 17936.25 18431.46 18976.36 19548.99 20143.40 20757.59 21389.35 22039.66 22707.15 23391.36 24094.48 24815.43 25554.28 26311.12 27084.40 27868.07 28646.53 29371.93 30032.36 30626.60 31110.39 31273.05 31268.14 31167.02 30961.24 30566.50 29971.76 29031.14
17561.39 17734.53 17931.68 18108.24 18224.26 18267.46 18248.43 18190.12 18114.23 18033.79 17952.09 17873.15 17802.77 17749.99 17725.27 17734.11 17764.42 17790.37 17794.95 17776.86 17757.18 17812.73 18056.96 18477.15 18992.03 19553.48 20141.01 20750.41 21380.07 22027.17 22694.47 23378.17 24079.58 24800.02 25538.54 26295.41 27070.89 27863.61 28667.69 29465.75 30185.55 30828.01 31308.35 31644.28 31644.96 31588.49 31365.40 30804.00 30233.78 29262.26
17954.83 18084.70 18270.20 18484.87 18671.14 18788.63 18828.14 18803.28 18739.71 18660.14 18577.51 18493.42 18412.19 18339.65 18285.48 18261.17 18273.43 18308.23 18335.90 18338.42 18315.01 18283.96 18325.76 18585.15 19030.03 19564.83 20142.95 20745.48 21371.01 22016.43 22680.57 23364.62 24065.54 24784.63 25522.75 26279.25 27054.56 27849.12 28659.97 29477.80 30282.89 30950.59 31525.15 31787.68 31899.31 31887.55 31522.26 31072.36 30413.69 29474.21
18394.57 18477.18 18614.67 18820.34 19053.33 19248.71 19366.73 19401.83 19370.61 19301.62 19218.42 19133.81 19047.17 18963.62 18888.80 18833.14 18809.22 18825.38 18864.48 18893.15 18894.22 18864.74 18820.73 18843.31 19121.40 19594.36 20148.78 20743.78 21362.81 22006.42 22668.25 23350.04 24051.09 24769.68 25506.85 26262.99 27037.95 27832.18 28642.93 29461.36 30271.98 31020.90 31619.69 31950.07 32013.16 31951.89 31673.04 31166.15 30482.68 29634.93
18860.48 18924.05 19004.89 19158.07 19385.69 19637.64 19841.24 19958.76 19988.77 19950.66 19876.13 19789.32 19703.03 19613.60 19527.74 19450.49 19393.24 19368.87 19388.98 19433.70 19461.38 19459.16 19423.94 19364.01 19360.39 19665.76 20168.87 20742.07 21357.22 21993.91 22655.61 23335.39 24034.77 24752.84 25489.53 26245.26 27019.82 27813.67 28624.02 29442.04 30252.14 31003.00 31604.74 31941.47 31986.19 32004.05 31776.74 31229.69 30536.03 29732.75
19321.51 19403.02 19458.72 19544.37 19715.55 19967.05 20238.50 20449.04 20564.95 20589.22 20543.63 20463.52 20373.11 20280.88 20189.07 20100.86 20021.01 19961.40 19936.35 19960.35 20013.56 20039.62 20030.20 19988.39 19909.35 19873.71 20216.58 20750.97 21347.15 21983.62 22639.90 23317.74 24015.91 24732.16 25467.53 26221.84 26995.55 27788.50 28597.95 29415.18 30224.87 30976.30 31574.12 31811.56 31917.43 31807.97 31661.41 31190.51 30510.81 29749.76
19750.31 19879.19 19951.17 20005.05 20096.17 20288.46 20565.42 20856.46 21072.24 21185.50 21198.78 21145.88 21060.08 20966.63 20872.05 20777.77 20686.45 20603.19 20540.35 20514.51 20540.47 20596.99 20618.89 20597.96 20542.66 20451.11 20375.25 20765.94 21343.20 21967.18 22618.95 23293.02 23987.83 24702.46 25436.20 26188.79 26960.68 27751.02 28554.43 29359.02 30141.65 30830.98 31218.16 31448.40 31524.78 31558.00 31225.42 30955.94 30406.51 29717.22
20127.65 20322.82 20442.99 20511.67 20563.59 20662.60 20879.68 21182.16 21487.49 21707.06 21817.19 21817.31 21757.70 21665.94 21569.77 21472.85 21375.33 21280.86 21193.26 21125.49 21095.36 21125.85 21178.24 21187.53 21150.85 21066.15 20951.90 20848.58 21336.51 21948.26 22594.20 23264.60 23956.97 24669.87 25402.50 26154.01 26923.82 27707.59 28493.22 29264.34 29956.37 30420.44 30761.45 30873.00 30982.02 30921.19 30837.28 30484.96 30126.44 29579.49
20438.25 20714.11 20901.75 21019.88 21084.92 21135.78 21244.44 21484.45 21813.22 22131.17 22353.47 22455.77 22445.34 22374.74 22277.31 22178.83 22078.83 21977.95 21878.88 21784.66 21713.61 21677.39 21696.11 21717.94 21693.10 21616.26 21493.27 21295.17 21324.85 21920.28 22564.49 23233.61 23924.92 24636.86 25368.44 26117.57 26880.51 27645.77 28395.02 29073.30 29571.58 29937.38 30124.05 30254.99 30236.20 30214.25 30116.73 29990.28 29656.42 29275.44
20680.00 21035.52 21307.70 21494.15 21610.22 21671.51 21716.37 21836.86 22101.78 22453.89 22783.52 23008.10 23096.21 23070.92 22993.73 22890.26 22789.36 22686.13 22580.38 22480.02 22375.34 22303.59 22249.06 22237.61 22190.82 22123.32 21984.34 21757.40 21508.79 21892.63 22534.33 23202.42 23892.73 24603.47 25332.46 26074.53 26819.55 27546.93 28207.94 28723.53 29098.49 29320.35 29457.60 29488.98 29465.31 29418.94 29373.24 29272.43 29132.19 28813.42
20845.96 21287.49 21639.74 21915.74 22100.22 22209.77 22267.90 22303.78 22435.02 22728.43 23099.69 23440.65 23658.45 23730.73 23694.03 23610.86 23499.96 23396.51 23288.24 23177.36 23064.96 22960.06 22881.84 22791.05 22721.39 22620.34 22452.67 22235.66 21979.90 21916.46 22504.10 23171.03 23860.02 24567.99 25289.78 26014.27 26721.32 27367.08 27888.14 28271.54 28516.66 28663.95 28721.87 28720.25 28681.20 28647.94 28591.69 28533.58 28435.44 28279.78
20948.21 21458.72 21902.96 22258.01 22534.13 22716.76 22818.35 22869.78 22893.38 23029.92 23353.32 23742.55 24086.33 24291.80 24356.04 24306.37 24198.94 24098.27 23992.99 23875.93 23755.88 23637.33 23501.07 23400.32 23285.19 23143.90 22951.91 22723.57 22501.42 22291.10 22491.33 23139.02 23825.05 24525.73 25230.21 25917.46 26548.98 27071.26 27462.76 27724.07 27885.28 27961.28 27985.92 27968.14 27933.76 27895.72 27848.38 27785.55 27713.74 27604.66
21002.50 21563.81 22079.28 22529.30 22887.02 23163.06 23339.54 23432.38 23467.17 23471.61 23607.99 23963.17 24360.95 24708.02 24912.63 24967.92 24886.12 24788.42 24681.76 24565.23 24445.18 24302.38 24164.35 24011.02 23861.36 23693.78 23499.49 23293.49 23091.69 22891.02 22759.09 23104.22 23782.75 24466.93 25135.37 25752.65 26273.34 26671.61 26946.38 27120.52 27216.46 27263.24 27267.04 27262.49 27228.32 27194.51 27143.31 27070.45 26991.94 26903.10
21022.09 21619.49 22187.23 22710.86 23166.79 23527.03 23798.59 23958.29 24038.64 24043.68 24024.16 24164.60 24545.22 24965.18 25311.28 25515.95 25544.88 25461.45 25358.14 25243.66 25113.50 24982.06 24824.61 24654.64 24492.48 24309.16 24112.35 23915.45 23724.56 23535.78 23385.43 23368.17 23723.65 24373.80 24977.36 25494.55 25897.86 26183.40 26369.00 26478.02 26538.97 26567.93 26588.67 26585.46 26558.67 26520.22 26474.58 26396.31 26303.67 26205.44
21022.40 21638.62 22239.79 22822.50 23353.61 23815.74 24162.55 24424.22 24566.01 24613.09 24581.80 24519.22 24690.40 25103.64 25533.18 25896.00 26090.60 26119.42 26015.81 25915.22 25793.71 25655.99 25495.70 25334.75 25153.53 24965.78 24774.85 24584.67 24398.52 24221.52 24123.99 24040.86 23989.38 24223.17 24734.86 25141.64 25436.13 25631.98 25751.70 25821.96 25864.75 25901.50 25927.28 25928.89 25899.79 25866.24 25817.82 25743.34 25646.11 25535.75
21014.17 21638.15 22258.81 22875.20 23469.48 24000.85 24459.75 24777.54 25009.85 25111.40 25126.95 25040.23 24939.75 25163.06 25631.98 26093.47 26464.65 26667.15 26696.85 26580.92 26477.45 26338.25 26186.81 26014.74 25834.39 25657.98 25470.62 25288.67 25113.06 24973.52 24887.61 24805.62 24718.49 24635.86 24574.56 24705.24 24910.34 25039.31 25117.40 25167.72 25212.10 25252.80 25270.34 25273.65 25242.02 25211.03 25163.70 25089.86 25000.59 24890.69
21003.12 21629.24 22257.44 22889.54 23516.89 24110.42 24629.64 25071.07 25319.30 25490.96 25555.97 25473.24 25345.64 25203.53 25651.02 26159.30 26654.99 27043.34 27250.65 27276.41 27159.26 27036.86 26890.70 26725.09 26556.81 26378.32 26203.53 26030.87 25866.98 25760.14 25669.36 25588.52 25505.04 25415.34 25329.91 25246.42 25160.00 25060.68 24950.19 24838.71 24729.15 24632.42 24617.17 24604.46 24573.65 24540.31 24496.52 24440.33 24357.95 24258.04
20993.94 21617.29 22247.91 22887.66 23529.38 24153.01 24733.51 25221.12 25577.93 25725.53 25796.83 25747.00 25550.32 25253.85 25656.41 26154.51 26714.06 27235.65 27637.97 27848.59 27868.71 27753.20 27612.72 27470.59 27303.24 27144.22 26976.71 26815.28 26668.07 26569.70 26475.35 26386.21 26306.26 26222.21 26128.33 26042.06 25957.19 25870.08 25766.31 25650.18 25534.37 25415.32 25303.72 25191.16 25043.86 24847.47 24582.15 24288.37 23980.60 23661.48
20980.93 21604.19 22235.55 22877.43 23522.45 24160.89 24766.53 25288.58 25654.34 25821.94 25838.70 25826.92 25655.68 25332.14 25631.70 26136.26 26709.44 27295.99 27833.86 28248.86 28470.60 28500.65 28396.37 28244.37 28108.08 27946.89 27793.00 27637.66 27512.12 27402.92 27303.07 27211.61 27120.19 27041.08 26954.93 26856.67 26769.45 26683.23 26593.09 26482.39 26361.17 26239.41 26114.71 25954.19 25736.29 25447.57 25142.80 24825.66 24475.41 23800.44
20966.99 21590.20 22221.58 22863.48 23508.57 24147.37 24754.26 25279.03 25651.34 25790.94 25841.53 25827.44 25660.42 25330.51 25633.63 26136.46 26699.87 27293.61 27890.39 28449.68 28883.59 29121.00 29163.99 29074.44 28923.39 28784.33 28638.62 28489.37 28373.98 28263.29 28155.48 28057.49 27964.42 27869.48 27792.59 27701.80 27595.38 27507.88 27417.23 27319.55 27202.22 27073.76 26883.48 26644.14 26313.80 26006.84 25687.36 25331.02 24895.72 24138.37
20942.03 21563.62 22193.01 22832.69 23475.11 24102.16 24690.84 25192.48 25545.61 25712.19 25717.48 25659.74 25559.53 25277.01 25617.98 26141.70 26700.38 27281.17 27882.59 28501.53 29090.19 29556.12 29816.47 29876.28 29798.44 29661.77 29516.53 29380.89 29259.84 29145.86 29035.92 28928.11 28826.42 28730.81 28631.34 28551.13 28455.04 28333.77 28239.38 28148.75 28025.83 27801.51 27520.62 27140.75 26836.67 26539.23 26186.78 25724.96 25216.62 24384.76
20911.03 21535.23 22162.52 22795.14 23425.61 24020.36 24566.82 25017.15 25287.59 25415.98 25413.44 25425.43 25323.12 25159.03 25601.63 26116.82 26675.13 27256.93 27857.86 28483.27 29146.33 29781.01 30292.56 30577.95 30649.49 30578.67 30446.40 30303.48 30176.15 30055.72 29937.78 29827.85 29714.49 29608.10 29506.01 29390.93 29304.52 29199.73 29052.74 28903.65 28666.53 28314.78 27912.82 27575.33 27281.09 26975.46 26498.90 26019.19 25434.33 24574.31
20882.45 21505.06 22125.72 22744.61 23343.71 23894.26 24362.95 24694.24 24893.66 24985.32 25016.90 24989.52 24963.78 25081.71 25553.43 26087.08 26645.45 27221.77 27822.70 28449.31 29123.09 29832.13 30523.51 31082.45 31386.60 31464.86 31392.20 31261.00 31119.38 30993.64 30868.67 30747.77 30633.41 30504.71 30388.97 30274.96 30131.23 29896.74 29670.37 29366.99 28952.17 28563.54 28194.47 27848.26 27551.23 27174.50 26756.57 26195.16 25544.57 24741.26
20852.48 21468.41 22071.81 22660.83 23210.66 23687.85 24048.67 24290.61 24439.84 24504.48 24508.53 24522.05 24613.65 24995.28 25499.78 26035.72 26595.40 27167.74 27767.09 28403.02 29072.18 29811.08 30585.59 31330.15 31935.52 32246.22 32318.38 32234.88 32101.65 31956.29 31829.50 31700.96 31567.94 31441.16 31290.27 31062.23 30733.15 30349.29 29938.57 29472.16 29053.27 28637.67 28270.93 27949.30 27619.80 27285.92 26840.81 26248.92 25580.01 24856.34
20816.17 21416.12 21990.93 22532.85 23008.04 23387.51 23654.71 23825.68 23928.41 23963.03 24005.34 24105.38 24426.85 24903.32 25419.55 25961.82 26518.72 27086.86 27688.73 28326.84 29023.38 29771.55 30575.87 31402.75 32198.17 32831.88 33137.64 33203.90 33102.21 32964.94 32813.85 32681.00 32539.01 32370.83 32072.54 31614.98 31066.28 30495.42 29949.40 29481.41 29035.99 28653.57 28270.47 27956.07 27630.12 27261.60 26798.28 26228.63 25574.07 24876.12
20764.94 21334.58 21867.65 22337.02 22721.61 23005.32 23195.30 23316.63 23377.39 23442.23 23551.86 23833.33 24277.54 24788.75 25313.64 25855.21 26409.90 26980.86 27600.65 28257.55 28958.64 29732.61 30549.15 31399.82 32272.31 33104.89 33774.88 34063.86 34117.59 33989.42 33850.33 33683.82 33498.34 33136.27 32563.92 31878.83 31146.27 30447.41 29888.23 29416.30 28991.73 28487.68 28152.41 27795.83 27522.73 27198.61 26700.64 26180.59 25551.43 24869.54
20687.13 21215.47 21682.58 22066.97 22360.57 22563.50 22695.89 22779.02 22851.29 22963.62 23217.94 23629.57 24129.42 24650.40 25177.51 25718.70 26276.82 26865.46 27502.54 28170.19 28903.73 29685.79 30513.28 31379.18 32272.47 33183.99 34049.85 34754.63 35012.24 35049.97 34876.60 34686.52 34242.62 33556.77 32778.27 31944.21 31128.55 30390.08 29781.24 29237.19 28788.98 28343.16 27906.43 27579.24 27221.08 26937.30 26556.23 26008.05 25468.89 24832.00
20572.63 21039.65 21424.28 21725.25 21936.58 22080.30 22174.19 22252.00 22366.28 22600.23 22978.45 23458.03 23964.05 24489.63 25017.44 25562.55 26135.90 26750.31 27391.12 28087.61 28838.46 29634.95 30477.82 31347.31 32251.27 33183.02 34126.07 35026.24 35749.76 35923.39 35867.87 35365.48 34569.49 33712.19 32813.86 31942.40 31120.98 30339.48 29641.91 29041.66 28510.42 28059.23 27627.48 27226.89 26886.08 26539.44 26215.16 25819.14 25288.96 24737.40
20405.60 20796.41 21099.73 21319.25 21472.96 21574.17 21658.26 21769.44 21980.20 22328.28 22778.83 23275.55 23786.09 24310.21 24842.27 25400.59 25995.21 26620.55 27287.00 28006.43 28775.41 29585.77 30438.40 31319.45 32227.97 33163.85 34123.60 35091.22 35972.52 36497.78 36358.29 35511.21 34669.16 33715.95 32821.35 31946.08 31096.47 30298.13 29545.24 28860.91 28272.11 27741.95 27293.38 26881.36 26488.77 26146.00 25794.18 25460.98 25070.60 24557.97
20176.03 20488.67 20714.67 20874.04 20982.89 21073.78 21180.69 21371.56 21683.33 22105.18 22584.79 23088.70 23599.43 24123.93 24667.61 25244.23 25853.06 26500.43 27192.90 27931.10 28717.90 29541.16 30395.19 31277.22 32187.38 33120.42 34059.72 34973.01 35758.45 36338.72 36029.25 35614.12 34637.38 33745.26 32821.55 31944.25 31090.22 30263.66 29483.72 28748.09 28077.51 27493.59 26975.51 26531.13 26122.55 25738.52 25393.62 25051.31 24718.02 24326.22
19884.44 20122.96 20288.13 20403.39 20496.79 20602.77 20778.77 21058.61 21446.10 21904.84 22392.26 22894.71 23406.86 23940.88 24500.74 25092.85 25721.83 26393.20 27106.17 27867.96 28664.36 29494.87 30350.20 31235.38 32139.11 33052.41 33941.52 34735.28 35386.17 35440.35 35550.56 35167.19 34627.34 33715.97 32839.11 31944.49 31085.27 30251.17 29445.56 28681.65 27962.58 27303.85 26726.57 26217.92 25776.33 25373.71 24995.34 24653.78 24318.75 23981.16
19536.98 19714.81 19835.75 19931.91 20036.26 20196.78 20450.17 20808.66 21240.25 21710.30 22199.19 22703.27 23223.21 23768.17 24343.77 24954.89 25606.25 26298.93 27036.46 27810.35 28613.86 29447.31 30307.36 31183.67 32070.82 32934.30 33712.02 34330.10 34528.30 34626.77 34500.66 34519.43 34173.85 33648.03 32807.60 31953.53 31085.42 30245.07 29430.36 28643.32 27895.43 27191.52 26545.13 25975.93 25474.16 25036.54 24638.77 24268.10 23930.58 23594.99
19146.77 19279.88 19378.82 19481.35 19629.25 19859.16 20186.73 20591.88 21043.09 21521.11 22012.05 22519.39 23049.81 23609.46 24203.23 24835.43 25508.00 26222.82 26974.39 27756.28 28566.60 29399.56 30253.12 31114.59 31953.71 32713.37 33312.87 33585.29 33684.80 33625.97 33622.26 33519.51 33502.86 33197.16 32694.11 31914.35 31087.62 30245.14 29424.14 28627.80 27858.75 27126.76 26437.62 25803.92 25242.44 24747.36 24314.02 23921.79 23558.17 23217.49
18728.77 18837.29 18938.13 19075.39 19284.53 19584.05 19962.80 20393.86 20855.64 21334.15 21828.88 22345.76 22893.42 23470.35 24084.10 24736.99 25430.17 26159.48 26916.54 27704.66 28515.78 29345.94 30183.13 30998.84 31740.34 32329.35 32648.49 32769.09 32749.49 32726.75 32659.98 32643.01 32558.02 32517.54 32241.80 31763.96 31037.24 30240.44 29423.26 28621.90 27843.67 27092.13 26375.82 25701.14 25079.83 24526.44 24037.95 23609.17 23222.30 22857.69
18300.42 18406.51 18534.69 18725.48 18999.49 19352.47 19762.52 20207.66 20673.04 21155.32 21658.84 22190.56 22751.90 23347.83 23981.57 24653.99 25361.88 26098.89 26864.76 27654.32 28461.89 29275.69 30068.94 30792.82 31374.78 31725.20 31872.94 31883.07 31858.07 31806.11 31774.19 31715.98 31690.48 31617.29 31560.92 31308.37 30856.43 30176.89 29411.32 28619.34 27837.83 27077.51 26343.05 25642.20 24981.68 24372.48 23827.44 23345.52 22921.49 22532.42
17879.86 18006.77 18181.32 18432.12 18760.28 19148.87 19576.85 20028.53 20498.33 20988.73 21505.42 22051.24 22630.11 23245.26 23897.68 24584.88 25301.81 26046.46 26814.70 27600.36 28391.62 29163.30 29870.28 30446.46 30818.87 30993.94 31029.87 31010.74 30967.26 30929.75 30881.06 30846.29 30794.08 30763.18 30697.86 30631.06 30397.06 29970.64 29333.64 28599.74 27832.96 27071.44 26328.87 25611.12 24925.49 24278.85 23681.52 23145.00 22669.66 22243.20
17485.04 17651.55 17881.13 18185.57 18552.60 18962.91 19400.39 19857.57 20335.09 20837.43 21368.04 21930.39 22527.58 23160.70 23827.87 24524.93 25249.08 25996.45 26760.77 27530.29 28281.26 28972.00 29542.68 29931.09 30131.38 30191.09 30182.05 30145.20 30106.39 30062.27 30023.97 29978.41 29942.08 29894.18 29859.93 29799.90 29726.47 29507.77 29105.92 28507.64 27805.29 27063.69 26322.28 25597.31 24895.94 24225.27 23592.24 23006.57 22478.69 22002.71
17129.84 17346.14 17627.89 17973.39 18365.60 18788.38 19232.75 19697.56 20186.09 20701.87 21248.23 21828.04 22442.52 23090.27 23767.83 24472.03 25199.03 25942.58 26691.10 27422.14 28097.25 28662.27 29062.52 29285.20 29367.19 29370.56 29340.26 29302.34 29260.81 29221.57 29179.31 29140.94 29097.78 29060.76 29016.00 28979.78 28923.36 28845.92 28640.22 28261.68 27698.94 27027.61 26311.12 25589.88 24882.40 24197.12 23541.16 22921.48 22347.27 21820.93
16817.32 17081.71 17405.54 17779.01 18186.42 18617.56 19069.59 19544.58 20045.79 20576.44 21139.25 21735.50 22364.22 23022.47 23707.00 24413.93 25137.04 25865.01 26576.65 27236.47 27795.37 28204.29 28446.44 28549.27 28566.29 28543.18 28507.46 28467.83 28428.77 28388.43 28349.74 28309.07 28270.98 28229.59 28191.73 28149.29 28111.99 28058.12 27978.52 27784.19 27427.63 26897.79 26256.88 25565.57 24864.77 24174.91 23505.71 22864.45 22258.10 21690.50
