#Value Function.
218.83  264.61  273.97  276.80  278.53  280.51  282.90  285.85  289.12  292.69  296.34  300.14  303.71  307.39  310.72  314.84  318.82  323.34  326.93  328.84  328.79  328.46  325.88  322.17  318.02  314.69  311.45  308.64  305.87  302.99  300.13  297.10  293.82  289.94  285.64  281.99  281.43  281.34  281.20  281.08  280.91  280.59  279.71  277.99  274.88  270.74  265.32  258.91  251.89  244.57 
230.93  273.31  282.99  285.74  287.24  288.83  290.89  293.56  296.71  300.09  303.64  307.21  310.87  314.22  317.50  320.42  323.99  326.98  330.16  331.29  331.47  330.59  328.56  325.51  322.85  320.22  317.66  315.26  312.60  309.89  306.98  303.72  299.81  295.25  290.78  290.06  289.99  289.85  289.73  289.55  289.24  288.33  286.55  283.27  278.99  273.35  266.71  259.45  251.97  244.42 
238.68  281.84  292.09  295.06  296.27  297.53  299.15  301.50  304.39  307.59  310.96  314.47  317.93  321.23  324.06  326.70  328.86  331.44  332.65  333.86  333.78  333.66  331.94  330.26  328.38  326.38  324.21  321.87  319.50  316.72  313.56  309.73  305.08  299.99  298.81  298.77  298.61  298.49  298.31  298.01  297.06  295.24  291.76  287.35  281.47  274.59  267.10  259.41  251.74  244.12 
245.83  290.14  301.24  304.64  305.93  306.66  307.90  309.79  312.39  315.36  318.58  321.88  325.08  328.18  330.93  333.05  334.96  336.24  337.54  337.55  337.63  337.47  336.71  335.68  334.45  332.83  330.99  328.79  326.31  323.38  319.62  314.99  309.50  307.48  307.65  307.59  307.48  307.29  307.01  306.01  304.15  300.46  295.92  289.80  282.67  274.93  267.02  259.15  251.43  243.80 
252.57  298.03  310.21  314.41  315.97  316.50  317.04  318.44  320.60  323.34  326.36  329.41  332.40  335.23  337.81  339.90  341.52  342.56  343.04  343.06  342.96  342.90  342.64  341.96  340.96  339.65  337.91  335.77  333.16  329.57  324.97  319.28  315.16  316.17  316.61  316.67  316.47  316.22  315.19  313.29  309.37  304.71  298.32  290.94  282.96  274.81  266.75  258.83  251.09  243.47 
258.61  305.05  318.89  324.13  326.33  326.93  327.07  327.47  329.21  331.60  334.44  337.33  340.01  342.66  344.96  346.94  348.36  349.22  349.61  349.54  349.43  349.53  349.30  348.84  348.04  346.78  345.08  342.81  339.46  335.00  329.21  322.87  322.72  324.69  325.75  325.73  325.51  324.50  322.67  318.48  313.73  307.05  299.41  291.17  282.80  274.52  266.40  258.48  250.75  243.14 
263.87  311.13  326.59  333.83  336.80  337.71  337.76  337.58  338.00  340.18  342.83  345.55  348.09  350.33  352.52  354.25  355.57  356.42  356.74  356.78  356.73  356.69  356.48  355.99  355.10  353.87  352.05  349.06  344.79  339.20  332.60  326.23  329.90  332.81  334.44  334.71  333.86  332.14  327.71  322.97  315.99  308.09  299.58  290.97  282.49  274.17  266.05  258.13  250.42  242.81 
268.63  316.68  333.14  342.27  347.49  348.31  348.36  347.19  347.05  348.99  351.59  354.09  356.44  358.59  360.20  361.93  363.08  363.85  364.26  364.28  364.25  364.18  363.96  363.48  362.71  361.35  358.74  354.65  349.18  342.45  334.96  331.03  335.60  339.72  342.31  342.30  341.17  336.71  332.29  325.03  316.96  308.18  299.34  290.64  282.12  273.80  265.69  257.79  250.08  242.48 
272.70  321.31  339.25  349.18  355.65  358.68  357.82  356.59  356.22  358.09  360.57  363.06  365.12  367.03  368.70  369.84  371.13  371.76  372.09  372.19  372.13  372.08  371.91  371.31  370.42  368.19  364.40  359.03  352.37  344.59  336.61  334.41  340.21  345.11  347.45  347.95  344.14  341.19  334.11  325.88  316.96  307.92  299.00  290.26  281.75  273.44  265.34  257.44  249.74  242.15 
276.98  326.26  343.69  354.84  362.16  366.03  366.04  364.95  365.32  367.50  370.02  372.45  374.52  376.02  377.38  378.58  379.39  380.22  380.52  380.50  380.47  380.38  380.15  379.47  377.62  374.15  369.03  362.45  354.39  345.81  338.89  336.71  343.03  347.07  349.81  349.13  347.89  342.26  334.69  325.81  316.67  307.54  298.60  289.88  281.37  273.07  264.98  257.09  249.40  241.81 
281.91  331.96  348.72  358.89  366.48  369.56  372.00  372.05  373.72  376.73  379.83  382.35  384.33  385.88  386.78  387.84  388.52  389.05  389.36  389.38  389.27  389.24  388.74  387.32  383.97  379.13  372.68  364.34  355.49  347.73  342.12  338.82  343.84  348.47  349.53  349.76  347.22  341.99  334.18  325.38  316.20  307.13  298.19  289.47  280.98  272.69  264.62  256.74  249.06  241.48 
287.88  338.99  353.92  362.35  368.29  373.72  375.82  378.97  381.72  385.89  389.76  392.62  394.78  396.07  397.11  397.64  398.20  398.56  398.88  398.79  398.78  398.56  397.31  394.04  389.51  383.03  374.68  365.54  357.57  351.24  346.26  342.77  343.18  347.00  348.54  348.13  345.04  340.70  333.05  324.48  315.47  306.51  297.66  288.99  280.54  272.28  264.23  256.37  248.71  241.14 
295.35  347.84  361.35  367.95  372.89  376.93  381.25  384.31  389.59  394.83  399.65  403.25  405.53  407.08  407.88  408.41  408.61  408.90  409.04  409.05  408.85  407.87  404.56  400.19  393.65  385.12  375.97  367.88  361.35  356.18  351.57  347.00  343.14  343.01  343.53  342.90  340.54  335.25  330.01  322.18  313.95  305.35  296.79  288.31  279.96  271.78  263.78  255.96  248.32  240.78 
303.79  357.76  370.75  375.64  379.40  382.94  387.26  391.90  397.48  403.68  409.37  413.93  416.84  418.47  419.42  419.80  420.04  419.93  420.07  419.88  418.92  415.65  411.16  404.53  396.01  386.70  378.61  372.12  366.86  361.79  356.68  350.94  345.26  338.47  335.81  334.53  332.35  329.00  323.85  318.21  310.98  303.33  295.29  287.20  279.10  271.09  263.20  255.46  247.88  241.62 
312.91  368.43  381.17  385.47  388.55  391.69  395.44  400.12  405.78  412.29  418.76  424.30  428.25  430.47  431.43  431.81  431.82  431.88  431.69  430.76  427.21  422.81  415.88  407.20  397.69  389.62  383.26  378.04  372.93  367.49  361.32  354.18  346.02  336.84  329.10  325.80  323.07  320.17  316.60  311.86  306.43  299.88  292.82  285.35  277.72  270.03  262.37  254.80  249.02  247.38 
322.58  379.68  392.35  396.24  398.90  401.76  405.06  409.13  414.33  420.59  427.70  434.28  439.46  442.66  444.12  444.44  444.55  444.17  443.31  439.44  434.97  427.90  418.85  409.13  401.02  394.70  389.56  384.53  378.98  372.55  364.96  356.18  346.21  336.13  326.28  319.00  314.65  311.37  308.10  304.43  300.01  294.95  288.99  282.50  275.57  268.42  261.21  256.57  255.47  254.64 
332.80  391.48  404.03  407.57  409.80  412.38  415.48  418.99  423.29  428.89  435.88  443.69  450.16  454.70  456.83  457.52  457.33  456.57  452.32  447.84  440.43  430.98  420.95  412.79  406.53  401.47  396.45  390.85  384.22  376.39  367.26  356.92  346.34  335.75  325.25  315.72  308.67  303.64  299.87  296.37  292.72  288.59  283.92  278.53  272.63  266.67  264.44  263.73  263.02  261.99 
343.45  403.64  416.28  419.34  421.18  423.33  426.19  429.52  433.14  437.66  443.60  451.56  460.06  466.05  469.55  469.70  469.89  465.38  461.24  453.46  443.60  433.13  424.95  418.76  413.69  408.67  403.04  396.29  388.22  378.75  368.12  357.20  346.24  335.46  324.99  314.90  305.42  298.48  293.17  289.06  285.53  282.23  278.74  274.86  273.29  272.78  272.25  271.54  270.57  269.15 
354.40  416.07  428.73  431.71  433.03  434.73  437.18  440.29  443.53  447.00  451.46  458.03  467.06  475.58  479.56  479.87  477.92  474.63  466.89  456.72  445.78  437.52  431.41  426.43  421.32  415.53  408.68  400.33  390.55  379.64  368.41  357.14  346.07  335.33  325.00  315.16  305.91  297.45  290.38  285.69  283.47  282.60  282.21  281.92  281.54  281.01  280.28  279.28  277.90  275.93 
365.18  428.39  441.52  444.37  445.47  446.66  448.58  451.22  454.17  456.34  459.37  464.46  472.20  480.73  485.13  485.42  484.66  479.58  470.03  458.90  450.59  444.48  439.50  434.28  428.43  421.38  412.75  402.62  391.44  379.89  368.32  356.97  345.97  335.39  325.31  315.84  307.14  299.77  294.80  292.50  291.61  291.23  290.93  290.54  289.99  289.23  288.20  286.78  284.84  282.06 
375.78  440.78  454.43  457.45  458.44  459.29  460.49  462.42  464.64  466.54  468.02  470.70  475.98  482.91  487.48  487.90  487.22  481.48  471.82  463.97  457.99  453.01  447.67  441.67  434.40  425.47  415.08  403.53  391.64  379.76  368.13  356.86  346.03  335.71  326.02  317.08  309.40  304.12  301.74  300.85  300.47  300.18  299.77  299.20  298.42  297.35  295.89  293.88  291.10  287.35 
386.35  453.18  467.63  470.88  471.89  472.55  473.34  474.32  475.81  476.95  478.06  479.28  481.32  485.54  489.02  490.57  489.12  483.12  477.24  471.74  466.88  461.40  455.25  447.75  438.59  427.86  415.91  403.68  391.49  379.56  368.02  356.92  346.36  336.44  327.26  319.26  313.63  311.19  310.32  309.95  309.66  309.24  308.65  307.84  306.74  305.22  303.15  300.27  296.49  291.66 
396.92  465.88  480.96  484.64  485.80  486.42  486.97  487.61  488.10  488.74  489.32  489.53  490.33  492.78  493.30  494.73  493.17  490.31  485.78  481.20  475.56  469.26  461.52  452.05  440.95  428.58  416.01  403.49  391.27  379.45  368.09  357.28  347.13  337.70  329.38  323.33  320.87  320.03  319.67  319.38  318.95  318.33  317.50  316.36  314.80  312.66  309.66  305.75  300.86  294.91 
407.84  479.00  494.86  498.78  500.09  500.77  501.19  501.65  501.99  502.15  502.40  502.30  502.61  503.07  503.06  503.81  502.68  499.97  495.63  490.08  483.63  475.64  465.84  454.36  441.55  428.64  415.79  403.26  391.16  379.52  368.45  358.07  348.41  339.77  333.31  330.77  329.98  329.64  329.35  328.91  328.27  327.41  326.23  324.61  322.41  319.30  315.24  310.18  304.12  297.16 
419.18  492.52  509.09  513.36  514.85  515.52  515.99  516.29  516.53  516.66  516.81  516.78  516.79  516.83  516.61  516.68  514.67  510.43  504.98  498.37  490.11  479.97  468.09  454.83  441.57  428.38  415.54  403.15  391.23  379.90  369.29  359.40  350.47  343.62  340.94  340.18  339.86  339.58  339.12  338.45  337.56  336.35  334.67  332.40  329.18  324.97  319.73  313.46  306.37  298.66 
430.87  506.32  523.59  528.31  529.96  530.79  531.22  531.54  531.74  531.88  531.98  532.00  532.06  531.91  531.80  530.04  525.75  520.22  513.45  504.94  494.44  482.16  468.41  454.81  441.27  428.12  415.43  403.23  391.63  380.78  370.66  361.47  354.25  351.41  350.66  350.35  350.07  349.59  348.90  347.98  346.73  344.99  342.65  339.30  334.94  329.52  323.02  315.70  307.86  299.65 
442.60  520.08  538.38  543.49  545.50  546.39  546.96  547.25  547.48  547.61  547.72  547.74  547.74  547.78  545.77  541.41  535.78  528.86  520.11  509.25  496.58  482.31  468.38  454.48  441.00  427.91  415.41  403.54  392.45  382.09  372.65  365.06  362.02  361.40  361.10  360.83  360.32  359.61  358.66  357.37  355.57  353.17  349.68  345.16  339.55  332.82  325.25  317.17  308.84  300.19 
454.28  533.78  553.07  559.09  561.24  562.47  563.04  563.49  563.66  563.82  563.92  563.92  563.91  561.81  556.91  551.34  544.41  535.50  524.38  511.30  496.53  482.28  467.90  454.10  440.67  427.88  415.73  404.29  393.69  384.00  376.03  372.86  372.32  372.02  371.76  371.22  370.59  369.61  368.28  366.42  363.95  360.32  355.63  349.83  342.87  335.04  326.71  318.16  309.37  300.41 
465.43  546.81  567.92  574.60  577.60  578.68  579.65  580.02  580.36  580.44  580.52  580.49  577.72  572.47  566.34  559.60  550.69  539.63  526.24  511.01  496.40  481.61  467.52  453.64  440.55  428.12  416.42  405.48  395.53  387.17  383.68  383.41  383.11  382.85  382.39  381.76  380.73  379.47  377.54  375.01  371.22  366.37  360.36  353.15  345.07  336.49  327.70  318.66  309.58  300.43 
475.79  558.96  582.03  590.70  593.79  595.76  596.25  597.11  597.24  597.53  597.36  594.24  587.99  581.27  574.11  565.16  554.51  541.24  525.71  510.82  495.64  481.27  466.90  453.53  440.71  428.63  417.44  407.04  398.27  394.39  394.36  394.27  394.01  393.63  393.10  392.02  390.85  388.83  386.24  382.39  377.38  371.16  363.69  355.33  346.49  337.48  328.19  318.86  309.58  300.25 
484.47  568.97  595.69  606.17  611.19  612.35  613.98  613.92  614.78  614.58  610.97  603.97  596.37  588.67  579.51  568.72  555.67  540.19  525.34  509.91  495.22  480.47  466.73  453.49  440.91  429.38  418.71  409.33  404.97  405.20  405.18  405.13  404.74  404.31  403.36  402.31  400.29  397.65  393.75  388.54  382.23  374.48  365.85  356.74  347.49  337.94  328.37  318.86  309.38  299.93 
491.88  577.66  606.56  621.88  628.03  630.94  630.46  632.18  631.35  627.32  620.22  611.78  603.58  594.01  582.99  569.75  554.34  539.54  524.11  509.32  494.31  480.14  466.37  453.37  441.39  430.25  420.51  414.35  415.47  415.74  415.79  415.69  415.27  414.45  413.65  411.60  409.24  405.29  399.87  393.48  385.43  376.62  367.24  357.75  347.93  338.11  328.36  318.64  309.05  299.57 
497.27  583.77  616.66  633.90  646.16  648.42  649.48  647.66  641.95  634.31  626.63  618.88  608.94  597.61  584.31  568.84  553.47  537.96  523.11  508.10  493.79  479.54  466.14  453.48  441.74  431.48  422.41  424.01  425.43  425.85  425.85  425.84  425.31  424.53  422.87  420.72  416.68  411.36  404.90  396.63  387.55  377.99  368.27  358.15  348.08  338.09  328.12  318.29  308.68  299.22 
501.49  588.66  621.89  646.33  658.99  666.12  664.10  655.20  645.06  637.00  631.15  622.22  611.62  599.19  583.84  567.72  552.23  536.79  521.67  507.07  492.85  479.00  465.84  453.49  442.76  432.67  429.94  433.04  434.91  435.34  435.49  435.35  434.91  433.58  431.75  427.81  422.73  416.19  407.90  398.63  388.90  378.93  368.63  358.29  348.06  337.83  327.75  317.90  308.32  298.84 
504.45  592.04  625.43  651.30  671.90  676.55  667.52  655.60  645.68  638.26  630.31  623.53  612.32  598.45  582.87  566.76  550.83  535.38  520.33  505.80  491.88  478.50  465.52  453.88  443.16  434.31  436.93  441.19  443.53  444.24  444.22  444.30  443.35  442.01  438.12  433.65  427.21  419.02  409.77  399.86  389.74  379.25  368.76  358.27  347.77  337.44  327.34  317.54  307.92  298.43 
506.25  594.02  626.75  650.16  664.53  673.03  665.94  653.64  644.57  636.47  630.36  622.21  611.56  597.26  581.55  565.40  549.52  534.00  518.99  504.66  490.87  477.85  465.22  453.91  443.87  437.37  442.75  447.93  451.30  452.28  452.40  451.86  451.09  447.89  443.81  437.41  429.66  420.65  410.76  400.60  390.02  379.38  368.61  357.95  347.36  337.01  326.98  317.13  307.51  298.02 
507.58  595.13  625.30  641.70  654.47  652.74  650.60  644.92  635.94  631.54  624.54  616.68  606.94  593.64  578.75  563.25  547.77  532.42  517.60  503.39  489.69  476.86  464.94  453.75  444.25  440.87  447.44  453.14  457.30  459.32  459.46  458.72  456.44  452.79  447.09  439.49  430.96  421.39  411.41  400.85  390.04  379.10  368.28  357.53  346.92  336.65  326.56  316.70  307.09  297.61 
508.39  593.50  617.25  630.37  631.20  629.54  628.55  627.14  623.03  617.80  613.42  607.11  597.19  586.87  573.58  559.62  544.90  530.21  515.74  501.81  488.50  475.93  464.31  453.69  444.13  443.33  450.50  457.87  462.21  464.59  464.85  463.38  460.30  455.53  448.65  440.33  431.23  421.75  411.42  400.64  389.73  378.75  367.83  357.07  346.56  336.21  326.12  316.27  306.67  297.20 
506.81  586.16  605.79  608.62  607.61  606.69  605.72  604.11  603.07  600.37  596.18  591.99  585.17  575.91  565.56  553.45  540.38  526.73  513.07  499.63  486.72  474.59  463.29  453.02  443.82  444.56  452.96  460.40  465.29  467.28  467.26  465.30  462.34  456.52  448.93  440.56  431.27  421.41  410.97  400.21  389.26  378.29  367.36  356.60  346.10  335.77  325.68  315.84  306.25  296.79 
500.66  574.92  585.70  585.99  585.22  584.35  582.99  581.99  580.11  579.25  576.69  573.17  568.74  562.31  554.00  544.48  533.43  521.48  509.01  496.49  484.49  472.95  462.14  452.29  443.48  445.55  454.51  462.11  466.39  467.05  467.59  466.13  462.32  456.08  448.65  440.10  430.89  420.93  410.52  399.72  388.79  377.80  366.89  356.13  345.64  335.31  325.24  315.41  305.83  296.38 
490.85  556.44  564.08  564.25  563.50  562.29  561.33  559.75  558.72  556.66  555.50  553.11  549.88  545.67  539.81  532.49  523.81  513.87  503.10  491.87  480.62  469.88  459.69  450.33  441.94  445.43  454.17  461.06  465.19  467.35  467.09  466.06  461.76  455.64  447.99  439.65  430.37  420.48  410.02  399.24  388.29  377.31  366.40  355.65  345.18  334.86  324.79  314.98  305.41  295.97 
475.39  536.07  543.06  543.17  542.17  541.18  539.77  538.67  536.84  535.64  533.73  532.38  530.07  527.12  523.24  518.06  511.50  503.75  494.92  485.38  475.44  465.61  456.27  447.57  439.67  444.72  453.01  458.52  463.62  465.11  465.06  463.45  459.42  453.53  446.90  438.62  429.60  419.74  409.39  398.61  387.72  376.76  365.87  355.16  344.70  334.38  324.34  314.54  304.98  295.55 
458.10  516.02  522.65  522.53  521.64  520.35  519.21  517.55  516.29  514.55  513.16  511.44  509.96  507.81  505.11  501.65  496.97  491.19  484.39  476.69  468.40  459.89  451.55  443.30  436.01  442.69  449.65  455.45  458.34  459.76  459.13  457.62  454.90  449.65  443.66  436.27  427.60  418.20  408.02  397.55  386.83  375.98  365.24  354.58  344.07  333.88  323.85  314.08  304.54  295.13 
440.93  496.51  502.70  502.61  501.50  500.35  498.82  497.53  495.91  494.51  492.89  491.48  489.87  488.36  486.35  483.86  480.76  476.66  471.58  465.74  459.07  452.04  444.96  437.60  432.15  438.82  444.92  448.73  450.94  451.47  450.86  449.27  447.05  443.70  438.09  431.99  424.19  415.33  406.03  395.87  385.52  374.89  364.33  353.83  343.42  333.24  323.31  313.58  304.08  294.69 
424.18  477.46  483.39  483.11  482.06  480.65  479.35  477.83  476.43  474.90  473.49  471.97  470.57  469.05  467.54  465.64  463.44  460.68  457.08  452.64  447.64  442.04  436.28  430.20  427.26  433.00  437.91  440.69  441.42  441.55  440.72  439.39  437.35  434.74  430.98  425.54  419.02  411.06  402.45  393.20  383.29  373.18  362.92  352.76  342.54  332.49  322.63  312.99  303.54  294.20 
407.84  459.00  464.53  464.24  463.00  461.71  460.27  458.89  457.43  456.05  454.59  453.21  451.77  450.39  448.93  447.45  445.76  443.70  441.26  438.10  434.41  430.20  425.68  420.73  420.28  425.59  428.93  430.35  430.58  430.38  429.53  428.17  426.79  424.44  421.47  417.16  411.75  405.01  397.47  389.09  380.05  370.60  360.89  351.11  341.24  331.43  321.74  312.20  302.86  293.58 
391.98  441.00  446.26  445.76  444.54  443.16  441.81  440.41  439.05  437.66  436.31  434.92  433.57  432.17  430.81  429.41  427.95  426.42  424.61  422.34  419.68  416.64  413.04  409.43  412.18  415.96  417.86  418.66  418.55  418.26  417.26  415.88  414.55  412.70  410.15  406.86  402.25  397.00  390.49  383.27  375.24  366.68  357.76  348.48  339.13  329.69  320.28  310.95  301.75  292.59 
376.53  423.51  428.27  427.26  425.95  424.64  423.29  421.97  420.62  419.31  417.97  416.66  415.31  413.99  412.63  411.23  409.76  408.43  406.93  405.29  403.22  400.81  398.28  397.84  401.59  403.92  405.11  405.51  405.27  404.68  403.47  402.09  400.70  398.89  396.64  393.82  390.44  385.93  380.78  374.67  367.84  360.25  352.23  343.68  334.91  326.00  316.99  307.98  299.02  290.07 
361.46  405.67  405.68  404.47  403.21  401.93  400.66  399.38  398.12  396.84  395.58  394.30  393.03  391.73  390.39  389.00  387.70  386.29  384.80  382.86  380.73  378.70  379.05  382.59  385.13  386.57  387.03  387.16  386.62  385.82  384.52  382.85  381.09  378.65  376.16  373.71  370.86  367.32  362.91  357.86  351.94  345.44  338.16  330.54  322.48  314.19  305.77  297.26  288.80  280.29 
343.50  347.30  346.36  345.28  344.18  343.09  341.98  340.90  339.80  338.71  337.61  336.51  335.39  334.24  333.05  331.92  330.71  329.41  327.78  326.08  324.54  325.28  328.23  330.56  332.04  332.60  332.90  332.48  331.80  330.88  329.47  327.73  325.68  323.36  321.22  318.66  315.42  311.48  307.13  301.98  296.39  290.07  283.51  276.60  269.47  262.23  254.93  247.85  240.91  233.94 
