#Value Function.
10.0260 10.1127 10.2635 10.4525 10.5978 10.7445 10.8172 10.8334 10.8475 10.8718 10.9059 10.9768 11.0251 11.1205 11.1892 11.3285 11.3365 11.3566 11.3481 11.3525 11.2227 11.1182 10.9052 10.7431 10.6783 10.7741 10.8660 10.9797 11.1261 11.1066 11.1489 11.1077 11.1241 11.1035 11.1137 11.1258 11.1595 11.1752 11.1990 11.2297 11.2897 11.3240 11.3855 11.3984 11.4388 11.4281 11.4522 11.5065 11.4233 11.2869
10.2803 10.3465 10.4266 10.5865 10.7918 10.9325 11.0951 11.1652 11.1743 11.1881 11.2131 11.2443 11.3264 11.3644 11.4748 11.5293 11.7041 11.6863 11.7166 11.5569 11.4728 11.2319 11.0587 10.9902 10.9735 11.0028 11.1111 11.2002 11.3161 11.4954 11.4302 11.4624 11.4306 11.4460 11.4452 11.4574 11.4668 11.5076 11.5189 11.5442 11.5724 11.6425 11.6687 11.7443 11.7444 11.7993 11.7737 11.7701 11.6332 11.4422
10.5048 10.6129 10.6684 10.7429 10.9133 11.1391 11.2684 11.4540 11.5183 11.5189 11.5333 11.5598 11.5852 11.6843 11.7040 11.8390 11.8659 12.0953 11.8870 11.8397 11.5607 11.3763 11.3125 11.3036 11.2810 11.2609 11.3353 11.4545 11.5380 11.6573 11.8097 11.7592 11.7862 11.7710 11.7963 11.7911 11.7985 11.8120 11.8622 11.8663 11.8949 11.9178 12.0032 12.0143 12.1125 12.0904 12.1697 11.9802 11.7974 11.4910
10.6464 10.8500 10.9505 10.9984 11.0650 11.2474 11.5002 11.6072 11.8273 11.8800 11.8710 11.8856 11.9166 11.9313 12.0571 12.0452 12.2212 12.2113 12.2275 11.8944 11.6999 11.6424 11.6425 11.6252 11.5478 11.5219 11.6054 11.6742 11.8095 11.8960 12.0233 12.1355 12.1085 12.1503 12.1071 12.1231 12.1506 12.1545 12.1644 12.2287 12.2205 12.2561 12.2688 12.3781 12.3626 12.4977 12.2959 12.1620 11.8281 11.5584
10.7592 10.9861 11.2027 11.2969 11.3367 11.3923 11.5883 11.8780 11.9452 12.2182 12.2495 12.1760 12.2164 12.2893 12.2798 12.4489 12.3804 12.6434 12.2306 12.0294 11.9802 11.9908 11.9770 11.9152 11.6537 11.7498 11.8776 11.9592 12.0409 12.1771 12.2576 12.3931 12.5210 12.4344 12.4635 12.4711 12.4871 12.5206 12.5193 12.4291 12.6224 12.5784 12.6299 12.6233 12.7707 12.6287 12.5345 12.1677 11.8856 11.7442
10.8943 11.0956 11.3298 11.5680 11.6520 11.6842 11.7244 11.9352 12.2771 12.2765 12.3408 12.5898 12.5342 12.5396 12.6836 12.6300 12.7732 12.4757 12.3651 12.3261 12.3494 12.3347 12.3003 11.9893 11.8112 11.9907 12.1038 12.2712 12.3203 12.4130 12.5558 12.6171 12.7865 12.7758 12.7517 12.8490 12.8427 12.6183 12.6976 12.7535 12.7636 12.8376 12.9652 13.0156 12.9782 12.9410 12.5142 12.2137 12.0855 11.9998
10.9779 11.2459 11.4340 11.6812 11.9475 12.0150 12.0418 12.0603 12.2863 12.7048 12.6011 12.6077 12.8718 12.9209 12.8999 13.0010 12.7941 12.7319 12.6063 12.7201 12.6958 12.7057 12.3402 12.0644 12.0425 12.1613 12.3776 12.4847 12.6649 12.6946 12.7963 12.8892 13.0085 13.0967 13.1703 13.1138 12.8232 12.9144 13.0147 13.0449 13.1602 13.1370 13.2150 13.3649 13.1166 12.7336 12.5462 12.4308 12.3610 12.2269
11.0416 11.3252 11.6058 11.7774 12.0400 12.3436 12.3846 12.4113 12.3989 12.4533 12.8299 12.9828 12.9400 13.1216 13.2573 13.1387 13.1176 12.9664 12.9283 12.9198 13.1365 12.6970 12.3907 12.3276 12.2440 12.4071 12.5228 12.7715 12.8819 13.0905 13.0756 13.1895 13.2210 13.4138 13.4871 13.0742 13.1383 13.2076 13.2465 13.4258 13.4185 13.5750 13.2981 13.3067 13.0663 12.8788 12.7853 12.7262 12.6144 12.2709
11.1490 11.3821 11.6772 11.9797 12.1241 12.4056 12.7596 12.7584 12.7955 12.6581 12.7275 13.0433 13.3401 13.2994 13.4713 13.5171 13.3447 13.2095 13.1910 13.3393 12.9210 12.7306 12.5961 12.2309 12.4207 12.6211 12.7905 12.9185 13.2211 13.2477 13.5167 13.4052 13.6029 13.5927 13.3024 13.3602 13.3703 13.4428 13.6181 13.6180 13.8557 13.5215 13.6131 13.3985 13.2393 13.1507 13.0985 13.0149 12.6335 12.2861
11.3202 11.4909 11.7261 12.0375 12.3706 12.4718 12.7773 13.2003 13.0103 13.0325 13.0158 13.0772 13.3883 13.6421 13.6834 13.7362 13.5525 13.4952 13.6269 13.1921 12.9388 12.8474 12.4506 12.4455 12.5987 12.8244 13.0316 13.2020 13.2798 13.6729 13.5250 13.7207 13.7913 13.5705 13.6988 13.6608 13.6725 13.7709 13.8269 14.0502 13.7915 13.9326 13.7608 13.6123 13.5258 13.4755 13.4369 12.9955 12.6522 12.2760
11.5140 11.6729 11.8361 12.0776 12.4051 12.7826 12.8168 13.1537 13.4215 13.3888 13.4058 13.4008 13.4373 13.7968 13.9166 13.9505 13.8077 13.9367 13.4917 13.2195 13.1147 12.6861 12.5905 12.5060 12.7404 13.0003 13.2438 13.4258 13.6173 13.6575 13.7955 13.9482 13.8675 13.9831 13.9572 13.9680 14.0825 14.0626 14.1873 14.1290 14.2097 14.1458 13.9957 13.9140 13.8076 13.6141 13.1939 13.0254 12.6347 12.2862
11.7283 11.8713 12.0316 12.1885 12.4369 12.7784 13.2219 13.1030 13.4959 13.7971 13.7885 13.8129 13.6924 13.8109 14.2463 14.1567 14.2553 13.8009 13.5212 13.3322 12.9040 12.7322 12.3993 12.6658 12.8971 13.1526 13.4275 13.6466 13.8855 13.9609 14.0973 14.1929 14.2512 14.2736 14.3244 14.3272 14.4122 14.5180 14.4673 14.5950 14.4765 14.3848 14.3336 14.0631 13.9594 13.5153 13.2169 12.8472 12.6358 12.2742
11.9619 12.0914 12.2330 12.4013 12.5478 12.8048 13.0179 13.4383 13.4369 13.7773 14.2613 13.9202 13.9251 14.1117 14.1778 14.5360 14.0749 13.8268 13.4637 13.1483 12.9164 12.5442 12.5845 12.7662 13.0723 13.3033 13.5452 13.8984 14.0901 14.2095 14.3863 14.5223 14.6203 14.6752 14.6895 14.7585 14.7579 14.8548 14.9178 14.8617 14.7845 14.7871 14.3954 14.3146 13.8591 13.5518 13.1601 12.8388 12.5000 12.2588
12.2428 12.3271 12.4601 12.6032 12.7832 12.9131 13.0832 13.3071 13.7275 13.8036 13.9380 14.3558 14.1563 14.2385 14.5663 14.3870 14.0971 13.6852 13.4084 13.0784 12.8084 12.5478 12.7438 12.9976 13.1448 13.4771 13.7325 14.0287 14.3537 14.5331 14.7063 14.8051 14.9559 15.0553 15.1113 15.1120 15.2076 15.1787 15.3017 15.0560 15.2739 14.7656 14.5479 14.0979 13.8851 13.5374 13.1684 12.8071 12.4752 12.1725
12.5718 12.6160 12.6961 12.8392 12.9812 13.1793 13.2973 13.4720 13.6131 14.0295 14.1182 14.2146 14.5272 14.5654 14.6387 14.2777 13.9870 13.6811 13.3082 13.0414 12.7882 12.9315 12.8693 13.0925 13.4149 13.5201 13.7830 14.1703 14.4847 14.7926 14.9595 15.1495 15.2303 15.4033 15.5012 15.5608 15.5392 15.6726 15.3746 15.5604 15.0286 14.8141 14.4171 14.1233 13.9367 13.5151 13.1761 12.8320 12.5419 12.1609
12.8556 12.9671 12.9921 13.0735 13.2299 13.3659 13.5904 13.6881 13.8840 13.9789 14.3337 14.5512 14.5072 14.8040 14.4084 14.2724 13.8859 13.5895 13.2612 13.0395 13.0566 12.9495 13.1994 13.2517 13.3638 13.6405 13.9778 14.2572 14.5951 14.9118 15.2479 15.3918 15.6098 15.6597 15.8665 15.9571 16.0257 15.6752 15.8406 15.3226 15.1129 14.8230 14.4149 14.3742 13.8932 13.5601 13.1948 12.9222 12.5068 12.2305
12.9814 13.2725 13.3683 13.3755 13.4592 13.6337 13.7552 14.0196 14.0818 14.3175 14.3569 14.6174 14.9134 14.4423 14.3192 14.0181 13.8428 13.4708 13.2498 13.2404 13.1566 13.3595 13.1976 13.3541 13.5872 13.7916 14.0955 14.4110 14.6669 15.0297 15.3463 15.7229 15.8265 16.0919 16.0892 16.3538 15.8364 15.9288 15.4471 15.3542 15.0644 14.7465 14.5552 14.1068 13.9621 13.5383 13.2228 12.8474 12.6014 12.2471
13.2223 13.3592 13.7041 13.7794 13.7658 13.8528 14.0529 14.1458 14.4723 14.4727 14.7824 14.7561 14.4638 14.4320 14.0580 13.8972 13.6015 13.4524 13.3614 13.4127 13.4515 13.1026 13.2973 13.5564 13.7500 13.9998 14.1892 14.5124 14.8448 15.0815 15.4799 15.7852 16.2229 16.2575 16.6031 16.0733 16.0553 15.5867 15.4739 15.0658 14.9221 14.8489 14.3855 14.1262 13.7420 13.6080 13.1729 12.8582 12.5997 12.3151
13.5218 13.6212 13.7317 14.1599 14.1992 14.1577 14.2545 14.4910 14.5319 14.9568 14.7235 14.4519 14.3105 14.0666 13.9880 13.7836 13.6825 13.4866 13.5709 13.4864 13.0715 13.0843 13.4392 13.6965 13.9685 14.1482 14.4244 14.5872 14.9418 15.2946 15.4980 15.9499 16.2237 16.7611 16.1867 16.1640 15.6886 15.5895 15.2587 15.0342 14.6743 14.5177 14.3939 14.0006 13.7187 13.3818 13.1953 12.8105 12.4979 12.2358
13.5980 13.9674 14.0232 14.0987 14.3600 14.5818 14.5661 14.6618 14.9541 14.7540 14.6068 14.4655 14.2216 13.9294 13.9992 13.9293 13.6969 13.7726 13.6885 13.2613 13.0507 13.1067 13.4851 13.8523 14.0991 14.3961 14.5500 14.8685 14.9856 15.3854 15.7634 15.9158 16.4503 16.1495 16.1968 15.9173 15.7728 15.3145 15.2036 15.0757 14.6276 14.2884 14.1187 13.9629 13.6168 13.3280 13.0205 12.8030 12.4530 12.1449
13.6189 14.0147 14.4310 14.4330 14.4809 14.7150 14.9042 15.0081 14.9073 14.7564 14.6889 14.3877 14.2943 14.2555 14.0904 13.8729 14.0086 13.9642 13.5228 13.3080 12.9068 13.1044 13.4993 13.8882 14.2805 14.5062 14.8429 14.9510 15.3385 15.3787 15.8502 16.2809 15.9420 16.0637 15.7523 15.7231 15.6180 15.4397 14.9798 14.7895 14.6223 14.2271 13.9079 13.7271 13.5511 13.2377 12.9506 12.6620 12.4269 12.0981
13.6110 14.0366 14.4310 14.9229 14.7361 14.9033 15.1201 15.1259 14.8695 15.0859 14.6165 14.6232 14.5238 14.2073 14.1843 14.1671 14.2540 13.7971 13.5529 13.2081 12.9154 13.1076 13.4937 13.9026 14.2994 14.7269 14.9137 15.3152 15.3432 15.8492 15.7275 15.7766 16.0371 15.7203 15.7196 15.3614 15.2951 15.2972 15.0778 14.6149 14.3858 14.1903 13.8343 13.5334 13.3438 13.1551 12.8653 12.5841 12.3086 12.0601
13.6438 14.0182 14.4624 14.7178 15.1946 15.0323 15.2657 15.0388 15.2235 14.8164 14.7971 14.8202 14.4305 14.4597 14.3356 14.2538 13.8322 13.7748 13.6007 13.1772 12.9853 13.1011 13.4998 13.8922 14.3172 14.7172 15.1960 15.3148 15.8278 15.4701 15.7649 15.5373 15.5504 15.8472 15.3893 15.3999 14.9897 14.9286 14.9536 14.6678 14.2547 13.9927 13.7765 13.4499 13.1651 12.9693 12.7729 12.5007 12.2274 11.9574
13.6298 14.0662 14.3126 14.7368 15.0525 15.5514 15.2651 15.5067 15.1206 15.0381 15.1270 14.7762 14.7078 14.5671 14.4411 14.0712 13.8355 13.7494 13.3981 13.3295 13.3633 13.2130 13.4628 13.8990 14.2980 14.7448 15.1382 15.7093 15.2860 15.4553 15.2948 15.4805 15.3191 15.3486 15.5087 15.1431 15.1372 14.6887 14.6888 14.6524 14.3218 13.9605 13.6169 13.3794 13.0744 12.8035 12.6037 12.4029 12.1446 11.8755
13.6460 14.0383 14.5157 14.6378 15.1125 15.3669 15.7408 15.3314 15.3576 15.3697 15.1571 14.9813 14.9332 14.6415 14.4711 14.1701 13.9940 13.6835 13.6061 13.5333 13.1434 13.1744 13.6362 13.8454 14.1832 14.5809 15.1639 15.1132 15.3704 15.0898 15.1457 14.9958 15.0313 15.0420 15.0318 15.2684 14.9625 14.7900 14.4974 14.5480 14.3706 13.9351 13.6746 13.2817 13.0003 12.7084 12.4490 12.2470 12.0442 11.7927
13.6293 14.0621 14.2762 14.7356 15.0199 15.4893 15.4733 15.4752 15.3361 15.0813 15.0196 15.3525 14.8380 14.7277 14.4156 14.2078 13.9545 13.7862 13.5626 13.2524 13.1203 13.2045 13.4226 13.8195 14.0377 14.4093 14.5488 14.8713 14.8766 14.9503 14.9050 14.8511 14.6811 14.6361 14.7659 14.7947 15.0133 14.9326 14.4755 14.2708 14.2120 14.0911 13.6485 13.3863 12.9953 12.6974 12.3587 12.1027 11.8991 11.6916
13.6260 13.8849 14.2909 14.6034 15.0260 15.1961 15.2697 15.1096 15.1665 15.0393 14.8697 14.8710 15.0944 14.6315 14.4258 14.0827 13.9853 13.6078 13.4896 13.1771 12.8933 13.0481 13.3918 13.6058 13.9109 14.1199 14.4052 14.4577 14.5134 14.5063 14.6798 14.6484 14.5106 14.5181 14.4107 14.5192 14.5469 14.7961 14.7121 14.2493 13.9602 13.8211 13.7946 13.3571 13.0784 12.6812 12.3651 12.0312 11.7660 11.5560
13.4892 13.8652 14.1881 14.5652 14.7698 15.0046 15.0041 14.8757 14.7567 14.9189 14.7843 14.6295 14.6139 14.8070 14.3459 14.0678 13.7937 13.9202 13.4805 13.2535 12.8465 12.9877 13.2186 13.4871 13.7009 13.9300 14.0240 14.0891 14.1078 14.2406 14.2605 14.4841 14.5003 14.1538 14.1164 14.1516 14.3019 14.3159 14.3779 14.3823 13.9238 13.5982 13.4524 13.4769 13.0381 12.7288 12.3825 12.0490 11.8455 11.5030
13.4497 13.7782 14.1250 14.3571 14.6497 14.6838 14.9781 14.8838 14.5490 14.4704 14.7635 14.5509 14.3451 14.3269 14.4922 14.0430 13.8295 13.5179 13.6700 13.2161 12.8683 12.8369 13.0895 13.3013 13.4841 13.6317 13.8495 13.8226 13.8041 13.8701 14.0457 14.0829 14.0857 14.2982 13.8839 13.8697 13.9069 14.0305 13.9774 14.0453 14.0056 13.5531 13.2375 13.0984 13.1043 12.7453 12.3796 12.2132 11.8433 11.5146
13.3711 13.7020 13.9537 14.2342 14.2897 14.5138 14.5512 14.9370 14.6740 14.4025 14.3121 14.5380 14.3078 14.1518 14.0489 14.2646 13.7936 13.4421 13.2370 13.2267 12.8434 12.7035 12.9114 13.0895 13.2382 13.3905 13.4355 13.5034 13.6312 13.6153 13.6726 13.6999 13.8607 13.8557 14.0663 13.6432 13.6002 13.6022 13.7710 13.6345 13.8772 13.5929 13.1841 12.8847 12.7469 12.7069 12.6010 12.1841 11.8603 11.5046
13.2891 13.5606 13.9250 13.9414 14.0760 14.1641 14.4831 14.5337 14.8434 14.3832 14.1842 14.2384 14.2508 14.1218 14.0393 13.8168 13.8046 13.4077 13.0752 12.8819 12.8107 12.5313 12.7053 12.8528 12.9915 13.0546 13.1662 13.2296 13.2959 13.3202 13.3715 13.4348 13.4762 13.6341 13.6240 13.7841 13.4663 13.3518 13.3438 13.5831 13.4386 13.4517 13.1927 12.8216 12.5388 12.3988 12.3414 12.2089 11.8429 11.5145
13.1662 13.4986 13.6701 13.6700 13.7748 14.0487 14.2526 14.3882 14.3328 14.6232 14.2064 14.0188 14.0817 13.9750 14.0468 13.9303 13.5264 13.3816 13.0283 12.7163 12.5277 12.4227 12.4760 12.6054 12.6795 12.7789 12.8506 12.9546 12.9462 13.0700 13.0426 13.0809 13.2038 13.2461 13.3646 13.3493 13.5309 13.2635 13.1584 13.1390 13.1790 13.0753 13.0453 12.8049 12.4662 12.1993 12.0575 11.9838 11.8350 11.5015
13.0855 13.3151 13.2938 13.3932 13.6358 13.8814 14.0030 14.0005 14.2241 14.1569 14.4584 14.1076 13.9940 13.7328 13.7331 13.7610 13.7027 13.2623 12.9903 12.6584 12.3647 12.1780 12.2310 12.3115 12.4032 12.4783 12.5673 12.5888 12.7377 12.6853 12.8361 12.8123 12.8693 12.9733 12.9809 13.1156 13.1046 13.2693 13.0495 12.8587 12.8001 12.7955 12.7131 12.6548 12.4290 12.1182 11.8661 11.7229 11.6348 11.4720
12.8903 12.8855 13.0288 13.2358 13.4709 13.6729 13.8087 13.8562 13.8635 14.0452 14.0273 14.4715 13.9837 13.7654 13.5685 13.5274 13.4797 13.3241 12.9298 12.6323 12.3894 12.1487 12.0405 12.0312 12.1137 12.1936 12.2323 12.3472 12.3445 12.5313 12.4567 12.5778 12.5864 12.6145 12.7135 12.7406 12.8658 12.8799 13.0365 12.7710 12.6078 12.4633 12.4280 12.3552 12.2782 12.0644 11.7777 11.5394 11.3950 11.2908
12.5177 12.6516 12.8490 13.0744 13.2971 13.6635 13.5087 13.4919 13.7664 13.7506 13.9975 14.0041 14.1865 13.9931 13.5672 13.4026 13.3258 13.2572 12.9966 12.7588 12.4856 12.4217 12.1503 11.9886 11.8833 11.8802 11.9743 12.0005 12.1421 12.1455 12.4095 12.2233 12.2704 12.3289 12.3802 12.4992 12.5177 12.6370 12.6285 12.8867 12.4740 12.4057 12.1454 12.0752 12.0038 11.9141 11.7107 11.4448 11.2192 11.0698
12.2799 12.4723 12.6915 12.9336 13.3448 13.2854 13.2593 13.3535 13.5732 13.8580 13.6093 13.7551 13.7864 13.8320 13.8205 13.4473 13.4418 13.1970 13.1506 12.8276 12.8220 12.4910 12.3679 12.0476 11.8323 11.7211 11.6582 11.7727 11.8128 12.0115 11.9971 12.0303 11.9745 12.0905 12.1166 12.1609 12.2550 12.3019 12.4808 12.5230 12.4808 12.2069 12.1542 11.8312 11.7347 11.6600 11.5614 11.3672 11.1196 10.9014
12.1013 12.3209 12.5801 12.9870 13.0558 12.9680 12.9759 13.1863 13.4914 13.5275 13.8321 13.4405 13.4376 13.5477 13.6882 13.8884 13.4559 13.2920 12.9421 13.2578 12.8476 12.7623 12.4081 12.2133 11.9183 11.7488 11.6081 11.4787 11.6351 11.6484 11.6709 11.6607 11.7251 11.7613 11.8258 12.0105 11.9533 12.0994 12.1484 12.1544 12.2062 12.2076 11.9740 11.7913 11.5159 11.4042 11.3244 11.2195 11.0335 10.7980
11.9580 12.2391 12.6439 12.8481 12.6487 12.6693 12.8056 13.0735 13.1970 13.4267 13.4111 13.7095 13.2824 13.2691 13.4433 13.5072 13.7135 13.2905 13.1448 12.8866 13.1787 12.7676 12.6204 12.2795 12.1093 11.9740 11.6725 11.6063 11.4025 11.3558 11.3238 11.3760 11.4181 11.4869 11.6328 11.6220 11.7330 11.7924 11.8496 11.9447 11.8872 11.9441 12.1364 11.7678 11.6954 11.3793 11.1797 11.0078 10.8889 10.7055
11.8991 12.3148 12.5260 12.4213 12.4518 12.4394 12.6735 12.8202 13.0347 13.0631 13.2453 13.2782 13.5269 13.1232 13.1058 13.2788 13.3667 13.5643 13.1452 13.0021 12.7941 13.0250 12.6167 12.4798 12.3692 12.0093 11.9762 11.7179 11.7096 11.5452 11.4822 11.3262 11.2139 11.2729 11.2906 11.3805 11.4443 11.5032 11.5856 11.6220 11.6714 11.7569 11.7640 12.0775 11.6954 11.5255 11.1975 10.9784 10.7093 10.5660
11.9197 12.1357 12.1946 12.1577 12.0957 12.2890 12.4465 12.6343 12.7476 12.8727 12.8810 13.0728 13.1015 13.3515 12.9494 12.9641 13.1232 13.1825 13.4184 12.9988 12.8325 12.6401 12.8851 12.4535 12.1558 12.3668 12.0533 12.0836 11.8725 11.8398 11.6566 11.5631 11.3416 11.2037 11.1349 11.1840 11.2113 11.2380 11.2822 11.3503 11.5942 11.4453 11.6839 11.6873 11.8905 11.5107 11.3149 11.0000 10.8281 10.5133
11.7579 11.8779 11.8486 11.8396 11.9194 12.0791 12.2527 12.3792 12.5613 12.5798 12.6717 12.7330 12.9013 12.9268 13.1735 12.7764 12.8022 12.9832 13.1611 13.2350 12.8667 12.7016 12.4711 12.4740 12.1044 12.0912 12.4885 12.2090 12.2161 11.9877 11.9286 11.6697 11.5324 11.4437 11.4729 11.4729 11.4557 11.2779 11.0287 11.2201 11.2135 11.3148 11.3609 11.5191 11.5537 11.6697 11.3017 11.1703 10.8283 10.5241
11.5113 11.5731 11.5639 11.5716 11.7194 11.8836 12.0205 12.2203 12.3155 12.3453 12.3663 12.5067 12.5631 12.7316 12.7542 13.0312 12.6488 12.7568 12.8578 13.2128 13.0940 12.7806 12.4453 12.3876 12.1844 12.0878 12.2384 12.6480 12.3140 12.3151 11.9981 11.8870 11.6622 11.8131 11.7893 11.8316 11.6307 11.3184 11.1859 10.9316 10.9736 11.0341 11.1652 11.2207 11.3289 11.4786 11.5323 11.1435 10.8439 10.5150
11.2390 11.4431 11.2587 11.3693 11.5254 11.6669 11.8450 11.9520 12.0374 12.1426 12.1242 12.2012 12.3414 12.3994 12.6021 12.6063 12.9509 12.5551 12.7563 12.8084 13.1665 12.7722 12.7532 12.5288 12.4511 12.1257 12.2365 12.3453 12.7446 12.3204 12.2663 11.9454 11.9348 12.0102 12.2024 11.9933 11.6526 11.5451 11.2375 11.1435 10.8637 10.8250 10.8927 10.9952 11.1266 11.1813 11.1591 11.1546 10.8265 10.5239
11.0676 11.0525 11.0837 11.1773 11.3196 11.4823 11.5929 11.6836 11.8125 11.8964 11.8765 11.9669 12.0445 12.2104 12.2644 12.5232 12.4987 12.6673 12.4552 12.7109 12.7645 13.1626 12.8716 12.8555 12.4847 12.1573 12.0043 12.3217 12.3483 12.6759 12.2496 12.3237 12.0047 12.2687 12.3691 11.9598 11.9203 11.5543 11.5138 11.1788 10.9717 10.6451 10.6688 10.7856 10.8406 10.8323 10.8544 10.8395 10.7983 10.5086
10.7202 10.7555 10.8447 10.9794 11.1308 11.2434 11.3427 11.5095 11.5842 11.5564 11.7885 11.6933 11.8365 11.9182 12.1229 12.1471 12.2768 12.3194 12.3809 12.4176 12.7175 12.8641 13.2869 12.8466 12.5244 12.1379 11.9265 12.0092 12.2609 12.2659 12.5221 12.0788 12.1093 12.4066 11.9911 12.0789 11.6921 11.8996 11.5097 11.2820 10.9440 10.7715 10.4551 10.5097 10.5111 10.5265 10.5228 10.5375 10.5233 10.4553
10.4311 10.5200 10.6476 10.7895 10.9029 11.0064 11.1512 11.2181 11.2379 11.4113 11.4163 11.6678 11.5729 11.7428 11.7954 11.9023 11.9565 12.0265 12.1959 12.2992 12.5050 12.8188 12.8290 12.9052 12.4902 12.1578 11.8131 11.8716 11.9242 12.1166 12.0967 12.1267 11.9830 11.9781 11.9972 11.7039 11.6859 11.5287 11.6367 11.2563 11.0293 10.7194 10.5202 10.3249 10.2183 10.2095 10.2198 10.2197 10.2293 10.2087
10.1994 10.3239 10.4579 10.5710 10.6761 10.8052 10.8779 10.9325 11.1640 11.0955 11.2859 11.2792 11.3785 11.4473 11.5408 11.6020 11.6774 11.8264 11.9447 12.1386 12.3809 12.4635 12.6138 12.5785 12.5119 12.1654 11.8087 11.5803 11.7327 11.7411 11.7619 11.7524 11.7584 11.6506 11.6373 11.6180 11.3918 11.3360 11.2623 11.3738 11.0221 10.7613 10.6555 10.2939 10.0415 9.9331  9.9157  9.9216  9.9233  9.9252 
10.0046 10.1354 10.2475 10.3526 10.4708 10.5514 10.6541 11.0104 10.8130 10.9175 10.9431 11.0324 11.1049 11.1906 11.2559 11.3346 11.4697 11.5960 11.7796 11.9955 12.0955 12.1928 12.2373 12.4877 12.5286 12.1555 11.8128 11.4797 11.3904 11.4067 11.4037 11.4181 11.4132 11.4055 11.3224 11.3013 11.2595 11.0774 11.0167 10.9941 11.0650 10.9445 10.5781 10.3311 10.0026 9.7638  9.6541  9.6297  9.6317  9.6302 
9.8181  9.9320  10.0361 10.1468 10.2339 10.3515 10.6325 10.6301 10.6602 10.6710 10.6862 10.7700 10.8503 10.9181 10.9987 11.1241 11.2538 11.4284 11.6244 11.7356 11.8408 12.0275 12.0934 12.1503 12.1356 12.1239 11.8022 11.4705 11.1718 11.0731 11.0742 11.0737 11.0840 11.0805 11.0655 10.9993 10.9718 10.9171 10.7666 10.7201 10.6904 10.7248 10.5972 10.2787 10.0207 9.7176  9.4916  9.3814  9.3510  9.3460 
9.6184  9.7236  9.8290  9.9207  10.0445 10.2738 10.3057 10.3307 10.3526 10.4470 10.4380 10.5156 10.5848 10.6663 10.7844 10.9148 11.0812 11.2618 11.3796 11.4893 11.6507 11.7266 11.7767 11.7737 11.7915 11.7810 11.7356 11.4504 11.1350 10.8632 10.7586 10.7480 10.7475 10.7549 10.7515 10.7328 10.6784 10.6459 10.5845 10.4588 10.4070 10.3826 10.3919 10.2615 9.9779  9.7183  9.4356  9.2216  9.1115  9.0739 
