#Value Function.
20.7557 20.8263 20.9398 20.9554 20.9532 20.9536 20.9547 20.9672 21.0127 21.0413 21.0424 20.9840 20.7781 20.7990 20.7860 20.7040 26.4224 29.3747 30.3711 30.9746 31.5288 32.0711 32.6231 33.1550 33.7143 34.0479 34.3319 34.6938 35.2841 36.0850 36.2149 37.1982 38.4263 39.6642 40.8404 41.9021 42.7703 43.3906 43.7422 43.9009 44.0574 44.1410 44.1520 44.0927 43.9979 43.8380 43.5456 43.1672 42.7324 42.5624
20.1525 21.2018 21.2240 21.2247 21.2197 21.2208 21.2189 21.2241 21.2584 21.2689 21.2658 21.1980 20.9774 21.0715 21.0474 20.9500 28.3023 30.4723 31.0770 31.6256 32.1735 32.7136 33.2682 33.7948 34.3615 34.6380 34.9155 35.2976 35.9430 36.7907 36.7448 37.9514 39.1976 40.3992 41.5048 42.4467 43.1633 43.6209 43.8446 43.9503 44.0566 44.0943 44.0886 44.0449 44.0352 43.9001 43.6507 43.3519 42.9658 42.5718
20.3101 21.4463 21.4613 21.4873 21.4831 21.4773 21.4798 21.4849 21.4900 21.4968 21.4432 21.2829 21.3467 21.3196 21.2143 21.0862 20.9680 30.2736 31.0673 31.6374 32.1813 32.7310 33.2673 33.8292 34.3433 34.9546 35.1554 35.4384 36.1528 36.4202 37.4995 38.7389 39.9785 41.3654 42.0020 42.7837 43.3373 43.6488 43.8696 43.9816 44.0491 44.0543 44.0686 44.0242 43.9201 43.8376 43.6457 43.3078 42.9162 42.5090
20.3818 21.4739 21.7540 21.7440 21.7469 21.7399 21.7404 21.7387 21.7429 21.7103 21.4760 21.6153 21.5891 21.4769 21.3426 21.2236 21.1182 29.4569 30.9804 31.6420 32.1952 32.7364 33.2897 33.8203 34.3934 34.8529 35.5750 35.6491 36.4452 39.4029 39.9043 40.4724 40.8784 41.5437 42.2977 42.9060 43.3243 43.6037 43.7874 43.8766 43.9006 43.8993 43.8831 43.8721 43.7768 43.6471 43.5032 43.2804 42.7706 42.3598
20.7995 21.9622 22.0214 22.0087 21.9980 22.0006 21.9960 22.0011 21.9943 21.7576 21.8967 21.8591 21.7369 21.5971 21.4769 21.3793 21.2435 26.6294 30.5106 31.6283 32.2033 32.7553 33.3049 33.9260 34.8014 35.3319 35.2836 36.2525 38.5657 39.3958 39.9683 40.4428 41.0443 41.7812 42.3982 42.8600 43.1842 43.4221 43.5692 43.6135 43.6414 43.6553 43.6355 43.5443 43.5285 43.4250 43.2907 43.1204 42.6946 42.2757
21.0138 22.1765 22.2198 22.2903 22.2588 22.2488 22.2554 22.2855 22.0541 22.1847 22.1294 21.9959 21.8496 21.7278 21.6370 21.5256 21.2118 20.9541 27.9776 31.5585 32.2056 32.7900 33.4334 34.2247 34.8031 35.3613 35.9509 37.8746 38.9334 39.4634 39.9363 40.5390 41.2436 41.8538 42.3353 42.6818 42.9491 43.1209 43.2173 43.2570 43.2850 43.3015 43.3022 43.2617 43.1150 43.1062 43.0153 42.8706 42.6659 42.1905
21.1182 22.2775 22.4599 22.4661 22.5596 22.4927 22.5733 22.3746 22.4743 22.3985 22.2532 22.1001 21.9765 21.8903 21.8063 21.5211 20.8299 20.7080 20.5642 29.7760 32.1553 32.9252 33.6670 34.2755 34.8731 35.6386 37.2483 38.3345 38.9400 39.4924 40.0237 40.6973 41.2895 41.7585 42.0078 41.6780 42.6057 42.7258 42.7300 42.8394 42.8673 42.8814 42.8840 42.8719 42.8170 42.6476 42.6445 42.5555 42.4055 41.9065
21.1930 22.3594 22.5465 22.7385 22.6804 22.8022 22.8090 22.7507 22.6622 22.5083 22.3484 22.2232 22.1395 22.0794 21.8648 20.9726 20.9579 20.8555 20.0243 19.9802 32.2814 33.1021 33.7522 34.3986 35.2569 36.6671 37.7425 38.3993 38.9559 39.4944 40.0523 40.1725 41.1562 41.3788 41.2450 41.5775 42.1726 42.1850 42.3259 42.3721 42.3961 42.4007 42.4126 42.4112 42.3967 42.3333 42.1518 42.1446 42.0590 41.5303
21.1809 22.3305 22.6449 22.7883 22.9583 23.0005 22.9656 22.9034 22.7563 22.5911 22.4672 22.3854 22.3418 22.2149 21.3488 21.3302 21.1997 20.4945 20.1386 20.7313 30.6259 33.1073 33.9251 34.8314 36.1105 37.1598 37.8523 38.4163 38.9437 39.4073 39.4436 39.4951 40.7755 40.7642 41.0650 41.5329 41.5789 41.6270 41.8349 41.8646 41.8758 41.8626 41.8994 41.9151 41.9117 41.8940 41.8272 41.6806 41.6347 41.0936
21.2162 22.3743 22.6126 22.8618 23.0159 23.0517 23.0439 22.9659 22.8203 22.7009 22.6241 22.5874 22.5668 21.7685 21.7403 21.5660 20.6782 20.3694 20.1326 20.0964 20.0883 33.2858 34.2419 35.5655 36.5860 37.3015 37.8721 38.3835 38.7943 38.9139 39.1196 40.0566 40.2570 40.5361 40.9191 41.0245 41.0952 41.2590 41.3159 41.3328 41.3347 41.3629 41.3854 41.3831 41.3929 41.3906 41.3708 41.2981 41.1786 40.6290
21.2287 22.3915 22.7157 22.9612 23.0515 23.0087 23.0432 22.9802 22.9068 22.8475 22.8181 22.8114 22.7661 22.2429 21.9612 20.8219 20.5702 20.5716 20.3999 20.3823 20.3388 20.1288 34.8684 36.0177 36.7481 37.3237 37.8199 38.2036 38.3893 38.6775 39.4120 39.7176 39.9954 40.3225 40.4615 40.5484 40.6859 40.7523 40.7738 40.7752 40.8153 40.8358 40.8431 40.8495 40.8504 40.8569 40.8546 40.8279 40.7598 40.1933
21.1368 22.4372 22.7376 22.9425 22.9830 23.0336 22.9832 23.0535 23.0241 23.0131 23.0103 23.0359 22.6774 22.3836 20.8869 20.8590 20.8239 20.8148 20.7891 20.6185 20.3893 20.1092 35.2891 36.1909 36.7703 37.2560 37.6278 37.8641 38.1966 38.8086 39.1636 39.4472 39.7378 39.8932 39.9927 40.1140 40.1819 40.2069 40.2021 40.2546 40.2781 40.2876 40.2982 40.3006 40.3055 40.3079 40.3126 40.3090 40.2780 39.6974
19.6996 20.6535 22.6792 22.8179 22.9166 22.9206 22.9926 22.9898 23.1218 23.1309 23.1725 23.1645 22.7683 21.2609 21.1614 21.1118 21.0961 21.0629 20.8770 20.6416 20.3911 20.1415 35.4361 36.0573 36.6913 37.0619 37.3363 37.6927 38.2281 38.6034 38.8930 39.1604 39.3243 39.4324 39.5415 39.6085 39.6336 39.6155 39.6869 39.7142 39.7252 39.7353 39.7415 39.7458 39.7489 39.7531 39.7561 39.7595 39.7520 39.1653
19.6053 20.6756 20.7060 21.2819 22.7255 22.8110 22.8918 23.0649 23.0776 23.1703 23.1839 23.0165 21.8165 21.5639 21.4139 21.3779 21.3359 21.1328 20.8902 20.6492 20.4022 19.9757 19.8765 35.9534 36.5006 36.8055 37.1744 37.6603 38.0411 38.3348 38.5874 38.7554 38.8692 38.9702 39.0346 39.0574 39.0393 39.1157 39.1403 39.1210 39.1696 39.1764 39.1833 39.1866 39.1906 39.1940 39.1979 39.2012 39.2010 38.6106
19.5854 20.6531 20.9658 20.9876 21.4307 21.4672 22.8559 22.6428 23.2934 23.0011 22.9728 22.4483 22.0654 21.7832 21.6885 21.5996 21.3834 21.1359 20.8977 20.6508 20.4049 20.1524 19.8987 35.7681 36.2692 36.6456 37.0995 37.4783 37.7739 38.0170 38.1865 38.3039 38.3996 38.4614 38.4853 38.4853 38.5405 38.5637 38.5439 38.5964 38.6111 38.6174 38.6213 38.6251 38.6287 38.6325 38.6361 38.6398 38.6428 38.0516
19.6654 20.7043 20.9782 21.2463 21.4586 21.6709 21.9697 22.3465 22.6167 22.7713 22.7349 22.7194 22.1130 21.9698 21.8368 21.6231 21.3765 21.1457 20.8977 20.6546 20.4025 20.1485 19.9067 35.5351 35.9574 36.5456 36.9191 37.2131 37.4482 37.6179 37.7373 37.8293 37.8891 37.9154 37.9257 37.9677 37.9869 37.9652 37.9929 38.0418 38.0488 38.0530 38.0568 38.0604 38.0641 38.0678 38.0715 38.0751 38.0788 37.4849
20.1175 21.2350 20.9999 21.2446 21.5043 21.6914 21.8629 22.0969 22.3581 22.4253 22.4856 22.2683 22.1119 22.0111 21.8402 21.6254 21.3920 21.1427 20.9036 20.6516 20.3964 20.1362 19.8766 19.6897 35.8099 36.2182 36.6700 36.8882 37.0512 37.1699 37.2593 37.3176 37.3463 37.3625 37.3952 37.4103 37.3884 37.4159 37.4683 37.4801 37.4846 37.4884 37.4921 37.4958 37.4994 37.5032 37.5068 37.5106 37.5142 36.9203
20.2789 21.3774 21.5137 21.2670 21.5383 21.7529 21.9148 22.0243 22.1628 22.2719 22.2196 22.1888 22.0712 22.0119 21.8213 21.6136 21.3893 21.1513 20.9037 20.6213 20.3875 20.1074 19.9167 19.7496 19.6548 35.9719 36.2027 36.5045 36.6104 36.6911 36.7465 36.7757 36.7868 36.7652 36.7978 36.8081 36.8384 36.8951 36.9109 36.9161 36.9200 36.9237 36.9274 36.9311 36.9348 36.9385 36.9422 36.9459 36.9496 36.3557
20.3694 21.4629 21.6210 21.8003 21.9434 21.7808 21.9837 22.0843 22.1417 22.1414 22.1830 22.1090 22.1682 21.9157 21.7824 21.5869 21.3724 20.9100 20.8576 20.6471 20.3332 20.1467 19.9523 19.8306 19.7672 19.7248 35.8527 35.9715 36.1421 36.1803 36.2043 36.2115 36.1885 36.2158 36.2107 36.2328 36.3211 36.3412 36.3476 36.3516 36.3554 36.3591 36.3627 36.3664 36.3701 36.3738 36.3775 36.3812 36.3849 35.7911
20.4419 21.4974 21.7115 21.8572 22.0522 22.2156 22.0205 22.2179 22.2437 22.2639 22.1863 22.4078 22.0110 21.9194 21.6998 21.5362 21.3409 20.5933 20.5633 20.5555 20.3802 20.1245 19.9657 19.8603 19.8236 19.7779 21.4360 35.4745 35.6304 35.6360 35.6369 35.6134 35.6404 35.6337 35.6501 35.6527 35.7711 35.7790 35.7832 35.7870 35.7907 35.7944 35.7981 35.8018 35.8055 35.8092 35.8129 35.8166 35.8202 35.2263
20.8491 21.9692 21.9907 22.0032 22.0779 22.3071 22.4941 22.2608 22.4576 22.2669 22.7316 22.1439 22.1104 21.8211 21.6678 21.4644 21.2868 21.0322 20.2759 20.2586 20.2597 20.1278 19.9529 19.8679 19.8208 19.7798 19.6299 34.9381 34.9354 35.0720 35.0749 35.0660 35.0587 35.0746 35.0754 35.1891 35.2102 35.2148 35.2186 35.2223 35.2260 35.2297 35.2334 35.2371 35.2408 35.2445 35.2482 35.2519 35.2556 34.6590
21.1163 22.2306 22.1797 22.2189 22.2186 22.2932 22.5681 22.7796 22.3185 23.1532 22.3111 22.3751 21.9859 21.8433 21.5993 21.4191 21.2227 20.2001 20.5537 19.9780 19.9678 19.9838 19.9228 19.8175 19.7676 19.7195 19.6277 19.3486 34.3340 34.3551 34.4788 34.5059 34.5048 34.5014 34.6097 34.6397 34.6463 34.6502 34.6540 34.6577 34.6614 34.6650 34.6687 34.6724 34.6761 34.6798 34.6835 34.6872 34.6909 34.0155
21.4082 22.6016 22.4239 22.3907 22.4512 22.9699 23.0048 23.2426 23.7077 22.5065 22.7134 22.1986 22.0853 21.7817 21.3589 21.3161 21.1627 20.8114 19.8556 20.1224 19.7009 19.6964 19.7157 19.7108 19.6686 19.6195 19.5292 19.2606 18.9746 30.6536 33.5520 33.8443 33.9240 34.0304 34.0671 34.0776 34.0818 34.0856 34.0893 34.0930 34.0967 34.1004 34.1041 34.1078 34.1057 34.0823 34.1118 34.1210 33.5273 32.9366
21.1103 22.2549 22.9718 22.5735 23.2987 23.2085 23.4182 24.0502 23.8978 24.3176 24.1809 22.7582 22.0962 21.8434 21.0590 21.0270 21.0243 20.8803 20.5040 19.5382 19.7311 19.4380 19.4400 19.4373 19.4641 19.2945 19.2499 19.2237 18.9328 18.6395 33.0918 33.2287 33.2824 33.3587 33.5062 33.5134 33.5172 33.5209 33.5246 33.5283 33.5320 33.5357 33.5394 33.5345 33.5204 33.5343 33.5137 33.5443 32.9676 32.4437
20.5648 21.4777 22.6129 23.3701 23.3963 23.5649 24.3477 24.6759 24.6762 24.4564 24.1964 23.8029 23.6921 22.1962 21.6189 20.7677 20.7574 20.7371 20.5928 20.1983 19.4816 19.4246 19.1593 19.1617 19.1675 19.1674 18.9379 18.9150 18.8998 18.6021 18.3104 32.5619 32.6725 32.7212 32.9428 32.9488 32.9525 32.9562 32.9599 32.9636 32.9673 32.9710 32.9747 32.9774 32.9618 32.9518 32.9668 32.9595 32.9138 32.3262
21.6391 22.9376 23.4605 23.2400 23.6701 24.6629 25.0300 24.9704 24.7203 24.4402 24.2019 23.9756 23.7092 23.4499 22.1833 20.5147 20.4974 20.4845 20.4517 20.3026 19.9228 19.3495 19.1575 18.9364 18.8924 18.6753 18.6228 18.6057 18.5867 18.5728 18.2732 17.9797 29.0562 32.2031 32.3776 32.3820 32.3863 32.3915 32.3952 32.3989 32.4026 32.4062 32.4093 32.4134 32.4144 32.4029 32.3954 32.4031 32.3948 31.7982
21.0654 21.9675 23.3601 23.7778 25.0163 25.3581 25.2502 25.0221 24.7335 24.5080 24.2403 23.9657 23.7091 23.4505 23.1933 21.9929 20.6127 20.3044 20.2261 20.1704 20.0147 19.1503 19.0639 18.8903 18.6980 18.3382 18.3102 18.2906 18.2718 18.2572 18.2437 17.9423 17.4167 31.6020 31.6306 31.6722 31.8205 31.8246 31.8283 31.8320 31.8356 31.8394 31.8446 31.8467 31.8517 31.8521 31.2727 31.7153 31.8144 31.2003
22.1702 23.1365 23.8257 25.4214 25.6908 25.5238 25.2791 25.0230 24.7702 24.4978 24.2188 23.9674 23.7092 23.4540 23.1959 22.9364 21.8184 20.6178 20.1451 19.9852 19.8957 19.6263 18.8473 18.7754 18.6206 18.0193 17.9288 17.5232 17.9497 17.9496 17.9270 17.9126 15.8802 15.5868 16.8285 31.0536 31.0752 31.0792 31.0837 31.0915 31.1200 31.2737 31.2764 31.2791 31.2744 31.2423 31.2160 30.8698 31.1048 30.4928
23.3876 23.8224 25.9067 26.0215 25.7885 25.5326 25.2741 25.0268 24.7542 24.4686 24.2255 23.9663 23.7136 23.4563 23.1986 22.9363 22.6422 21.6364 20.5624 19.9975 19.7591 19.6175 19.3963 19.3690 19.3591 19.3472 18.5995 16.5740 18.0385 15.8701 15.8491 15.8428 15.8398 15.8384 15.8358 15.8349 15.8336 15.8313 15.8046 15.6975 30.5132 30.5298 30.5281 30.5211 30.5173 30.6424 30.6117 30.6073 30.3995 29.8292
26.1117 26.3696 26.3155 26.0415 25.7834 25.5222 25.2831 25.0111 24.7139 24.4842 24.2215 23.9723 23.7151 23.4599 23.1969 22.9415 22.4055 22.0562 21.7588 21.4330 19.7342 19.6725 19.6451 19.6382 19.6333 19.5809 19.4018 18.9914 16.2225 16.1953 16.1625 16.1427 16.1391 16.1361 16.1352 16.1332 16.1330 16.1135 16.0154 15.7749 15.4956 15.2382 14.9646 14.7506 29.8753 29.8680 29.8773 29.9896 30.0112 29.3972
26.0901 26.4490 26.2809 25.9468 25.7761 25.4888 25.2701 24.9527 24.7452 24.4740 24.2305 23.9725 23.7194 23.4623 23.2047 22.6306 22.3070 22.0210 21.7242 21.2173 19.9787 20.0218 19.9335 19.9177 19.8752 19.7192 19.6562 16.7179 16.5519 16.5127 16.4890 16.4529 16.4351 16.4347 16.4308 16.4321 16.4198 16.3328 16.0751 15.7836 15.5407 15.2540 15.0554 14.8340 14.5645 14.2706 29.2345 29.2695 29.3249 28.6174
24.8906 25.9003 26.1441 26.0140 25.7357 25.4638 25.1835 24.9970 24.7191 24.4883 24.2278 23.9780 23.7212 23.1676 22.8414 22.5596 22.2802 22.0058 21.5828 20.4035 20.3638 20.2217 20.3208 20.1831 19.9387 19.9853 19.5925 17.4435 16.9314 16.8302 16.8035 16.7821 16.7408 16.7264 16.7294 16.7207 16.6494 16.3708 16.0543 15.8341 15.5283 15.3559 15.1433 14.8738 14.5749 14.2940 13.9983 27.1826 28.3930 25.8682
23.5494 24.5618 25.4494 25.7678 25.7144 25.4326 25.1575 24.8735 24.5653 24.2083 23.9515 23.6475 23.3808 23.0900 22.8178 22.5381 22.2709 21.9709 20.7214 20.6847 20.6757 20.6412 20.4494 20.3652 20.3237 19.9765 18.8774 18.5940 17.5962 17.1502 17.1190 17.0928 17.0749 17.0256 17.0166 16.9719 16.6611 16.3055 16.1141 15.7616 15.6369 15.4379 15.1780 14.8733 14.6024 14.3077 14.0034 13.6934 13.3726 13.0498
23.8214 25.1038 25.4137 25.2682 25.4414 25.4082 25.1260 24.8287 24.4386 24.2144 23.8930 23.6408 23.3421 23.0769 22.7936 22.5334 22.2496 21.8343 21.0009 20.9916 20.9460 20.7005 20.6491 20.6315 20.3790 19.1940 19.2025 19.1820 18.9215 17.7011 17.3855 17.4181 17.3779 17.3683 17.3047 16.9445 16.5265 16.3961 15.9398 15.8711 15.6880 15.4629 15.1521 14.9058 14.6141 14.3122 14.0039 13.6891 13.3321 13.0046
23.7464 25.0466 24.9164 25.0784 25.0357 25.1367 25.1017 24.6533 24.4869 24.1304 23.9044 23.5897 23.3371 23.0461 22.7941 22.5214 22.1596 21.3212 21.3112 21.2594 20.9347 20.9288 20.9190 20.8144 19.5015 19.5033 19.4674 19.4891 19.4863 19.2775 17.7341 17.6579 17.7230 17.6553 17.1752 17.1020 16.6943 16.1862 16.0756 15.8930 15.6999 15.3984 15.2001 14.9149 14.6182 14.3111 14.0054 13.6487 13.2557 12.9420
23.2628 24.4664 24.7626 24.6899 24.7774 24.7788 24.8411 24.7784 24.3533 24.1760 23.8298 23.6005 23.2941 23.0548 22.7828 22.4927 21.6502 21.6368 21.5763 21.2109 21.2079 21.2038 21.1160 20.8212 19.8070 19.7747 19.7885 19.7351 19.7764 18.1481 17.9291 18.0514 17.9149 18.0396 17.4373 16.9839 16.3339 16.2770 16.0591 15.8981 15.5730 15.4611 15.1750 14.8914 14.6197 14.3200 13.9679 13.5469 13.2814 12.9652
23.1405 24.3980 24.2704 24.4350 24.4319 24.5464 24.5215 24.5495 24.4638 24.0567 23.8711 23.5350 23.3168 23.0418 22.7587 22.4205 22.0032 21.8951 21.4965 21.4505 21.4857 21.4138 21.1530 20.1185 20.0814 20.0893 20.0430 20.0778 19.9942 18.3681 18.4733 18.1441 18.3966 18.0795 16.6704 16.3058 16.5327 16.2521 15.9731 15.7199 15.6469 15.3629 15.1787 14.8368 14.4862 14.2924 13.8257 13.6007 13.2886 12.9722
22.8050 24.0176 24.1158 24.0402 24.1349 24.1663 24.2630 24.2534 24.2598 24.1563 23.7643 23.5825 23.2977 23.0244 22.6876 22.2933 22.2086 21.7808 21.7440 21.7725 21.7013 21.5154 21.1726 20.4322 20.3906 20.3497 20.3747 20.3035 20.0270 18.9125 18.5824 18.8341 18.1284 18.0555 17.6684 16.1963 16.1936 16.1940 15.9119 15.7206 15.3905 15.0205 14.7184 14.7860 14.4326 14.0848 13.9277 13.5990 13.2946 12.9770
22.5815 23.8027 23.7856 23.8508 23.8958 23.9590 23.9167 23.9792 23.9803 23.9725 23.8562 23.5465 23.2952 22.9186 22.7470 22.4821 22.3229 22.0211 22.0549 21.9957 21.7563 21.7515 21.5701 20.8197 20.6864 20.6657 20.6130 20.3382 20.0391 19.0229 19.2706 18.5597 18.4487 17.9397 17.7387 15.8873 15.8692 15.8569 15.8541 15.6409 15.2650 15.0076 14.6265 14.3551 14.3900 14.0402 13.7896 13.5918 13.2926 12.9713
22.3054 23.5064 23.5702 23.6180 23.6649 23.6511 23.6924 23.7022 23.7010 23.7080 23.6910 23.5766 23.1264 23.0211 22.7158 22.5881 22.3767 22.3374 22.2666 22.1819 22.0507 21.8596 21.5519 20.9953 21.1298 20.9242 20.6487 20.3503 19.5239 19.7035 18.9980 18.8868 18.3696 18.1261 17.7070 15.5674 15.5479 15.5273 15.5348 15.5104 15.3185 14.8969 14.6610 14.3474 14.0257 14.0057 13.7363 13.4864 13.2650 12.9352
22.0781 23.2765 23.3363 23.3750 23.3773 23.4083 23.4227 23.4279 23.4386 23.4381 23.4516 23.4321 23.3053 22.9235 22.8475 22.6373 22.5997 22.5285 22.4532 22.3232 22.1553 21.7880 21.6972 21.4668 21.2075 20.9400 20.6584 20.3779 20.1205 19.4324 19.3224 18.8092 18.5652 18.1355 17.8313 17.2415 15.2201 15.2183 15.2034 15.1588 15.1548 14.9755 14.6510 14.3319 14.0028 13.6771 13.6366 13.4173 13.1760 12.8448
21.8451 23.0387 23.0866 23.0979 23.1240 23.1434 23.1605 23.1799 23.1977 23.2217 23.2022 23.1354 23.1953 23.0794 22.9100 22.8284 22.7674 22.7127 22.5903 22.4261 22.2195 21.9929 21.7426 21.4805 21.2133 20.9437 20.6710 20.4000 20.1264 19.8027 19.2553 19.0054 18.5770 18.2714 17.8808 16.9628 16.7003 14.8838 14.8506 14.8611 14.8005 14.7960 14.6373 14.3078 13.9858 13.6550 13.3277 13.2759 13.0891 12.7098
21.5792 22.7823 22.8119 22.8387 22.8617 22.8869 22.9223 22.9594 23.0185 23.0305 22.9973 23.0429 22.9828 23.0547 22.9938 22.9329 22.9219 22.8370 22.6842 22.4840 22.2638 22.0137 21.7517 21.4852 21.2168 20.9467 20.6758 20.4034 20.1287 19.8489 19.5759 19.0511 18.7208 18.3256 17.9899 17.5500 16.4408 16.1840 14.5332 14.4758 14.5077 14.4731 14.4445 14.2938 13.9620 13.6380 13.3053 12.9753 12.6376 12.3158
21.1176 22.2449 22.5513 22.5774 22.6092 22.6566 22.7196 22.7943 22.8635 22.8995 22.9396 22.9305 23.0064 22.9812 23.0508 23.0047 23.0177 22.8911 22.7266 22.5273 22.2805 22.0208 21.7557 21.4884 21.2199 20.9501 20.6790 20.4062 20.1268 19.8563 19.5771 19.2733 18.4709 18.3752 18.0495 17.7028 17.2058 16.3196 14.1760 14.1579 14.1458 14.1607 14.1372 14.0958 13.9476 13.6139 13.2876 12.9498 12.6145 12.2919
21.0318 22.2086 22.2436 22.3269 22.3795 22.4533 22.5407 22.5858 22.7477 22.7531 22.8635 22.9452 22.9691 23.0550 23.0573 23.0650 23.0190 22.9334 22.7591 22.5342 22.2838 22.0238 21.7588 21.4916 21.2230 20.9533 20.6817 20.4096 20.1358 19.8568 19.5824 19.3003 18.9436 18.1239 18.0357 17.7574 17.4070 16.8956 13.8564 13.8339 13.8116 13.7993 13.8135 13.7961 13.7476 13.5993 13.2601 12.9283 12.5862 12.2638
20.7986 21.9511 22.0356 22.0974 22.1733 22.2602 22.3087 22.2393 22.5029 22.7243 22.8588 22.9075 23.0168 23.0697 23.0763 23.0462 23.0226 22.9336 22.7618 22.5368 22.2868 22.0269 21.7619 21.4936 21.2260 20.9557 20.6852 20.4126 20.1391 19.8637 19.5848 19.3074 19.0167 18.6206 17.7853 17.7003 17.4543 17.1068 16.3436 13.5086 13.4838 13.4610 13.4408 13.3871 13.2900 13.3640 13.2414 12.8982 12.5610 12.2362
20.5853 21.7325 21.8099 21.8837 21.9550 21.9505 21.8834 22.1938 22.4527 22.6843 22.7849 22.8774 22.9516 22.9616 22.9629 22.9571 22.8428 22.8228 22.7127 22.5157 22.2792 22.0257 21.7637 21.4974 21.2285 20.9591 20.6879 20.4159 20.1422 19.8673 19.5905 19.3110 19.0306 18.7290 18.3021 17.4506 17.3673 17.1439 16.7748 15.8597 13.1528 13.1116 13.0317 12.9614 12.9896 12.9236 12.9854 12.8772 12.5192 12.1938
20.3733 21.5079 21.5897 21.6499 21.6553 21.6529 21.9113 22.1426 22.4377 22.5601 22.6705 22.7318 22.7509 22.7832 22.7554 22.6926 22.6211 22.5803 22.5610 22.4392 22.2453 22.0118 21.7601 21.4982 21.2315 20.9619 20.6912 20.4188 20.1454 19.8705 19.5943 19.3161 19.0357 18.7517 18.4385 17.0657 17.0230 17.0152 16.8208 16.4262 15.4173 12.7190 12.6223 12.6260 12.5870 12.6091 12.5351 12.5029 12.4843 12.1189
20.2159 21.2880 21.3453 21.3628 21.3988 21.6228 21.8662 22.1347 22.2701 22.2881 22.4706 22.4933 22.5162 22.4989 22.4397 22.3891 22.3330 22.3434 22.3076 21.9767 21.9331 21.9201 21.7301 21.2312 21.1749 20.9520 20.6913 20.4214 19.8760 19.8151 19.5849 19.3172 19.0399 18.7586 18.4707 18.0422 17.0169 16.7665 16.6854 16.4920 16.0697 12.3179 12.2713 12.2406 12.2411 12.1871 12.1584 12.1771 12.1572 11.7947
20.6389 20.9293 21.0177 21.0443 21.0929 21.3000 21.5431 21.8002 21.9449 21.9907 22.1518 22.1868 22.2101 22.1962 22.1405 22.0971 22.0375 22.0337 21.9730 21.6904 21.6184 21.5816 21.3856 20.9540 20.8399 20.6257 20.3665 20.0768 19.5967 19.4729 19.2512 18.9865 18.7087 18.4246 18.1206 17.6603 16.7594 16.4452 16.3255 16.1012 15.4496 12.3395 11.9381 11.8713 11.8602 11.8133 11.7859 11.7960 11.7759 11.7590
