#Value_Function_Estimate.
58.07   60.47   62.79   64.79   66.25   67.03   67.36   67.72   68.55   69.93   71.64   73.41   75.03   76.78   78.94   81.13   83.07   85.09   87.24   87.99   88.39   89.07   90.47   91.73   92.22   92.36   92.35   92.38   92.35   92.38   92.35   92.38   92.35   92.36   92.21   91.68   90.45   89.44   88.36   84.83   81.61   78.87   76.37   73.96   71.18   68.04   64.78   61.41   57.71   53.86  
59.88   62.33   64.78   67.16   69.23   70.71   71.47   71.87   72.53   73.72   75.32   77.09   78.80   80.19   81.70   83.74   85.88   87.76   89.79   92.17   92.75   93.12   93.84   95.41   96.76   97.18   97.30   97.26   97.31   97.27   97.31   97.26   97.30   97.17   96.70   95.31   94.27   93.56   89.58   86.28   83.52   80.99   78.60   75.74   72.45   69.10   65.74   62.02   58.00   54.03  
61.70   64.12   66.60   69.10   71.55   73.68   75.20   75.97   76.58   77.68   79.21   80.95   82.74   84.39   85.56   86.85   88.77   90.83   92.61   94.61   97.32   97.61   97.96   98.78   100.52  101.93  102.23  102.35  102.28  102.35  102.28  102.35  102.22  101.88  100.29  99.09   98.99   94.39   91.05   88.31   85.76   83.42   80.50   77.06   73.57   70.17   66.42   62.30   58.10   54.09  
63.65   65.88   68.33   70.85   73.40   75.92   78.12   79.70   80.56   81.58   83.21   85.02   86.83   88.62   90.26   91.24   92.33   94.15   96.14   97.79   99.71   102.87  102.70  103.12  104.11  106.01  107.48  107.61  107.77  107.62  107.77  107.60  107.44  105.83  103.12  104.68  99.17   95.89   93.17   90.57   88.33   85.38   81.82   78.21   74.74   70.91   66.70   62.37   58.13   54.11  
66.19   67.84   70.01   72.46   75.03   77.63   80.25   82.52   84.21   85.27   86.97   89.17   91.15   92.98   94.78   96.46   97.26   98.19   99.95   101.92  103.43  105.19  109.01  107.40  108.23  110.09  112.03  113.59  113.47  113.74  113.47  113.56  111.88  109.63  106.08  106.05  100.78  98.10   95.41   93.29   90.31   86.64   82.94   79.45   75.49   71.18   66.76   62.38   58.13   54.13  
69.63   70.62   72.00   74.03   76.49   79.10   81.76   84.48   86.86   88.75   90.38   92.92   95.55   97.59   99.41   101.21  103.00  103.61  104.40  106.17  108.17  109.52  113.05  111.80  113.33  114.71  116.64  118.63  120.34  119.84  120.33  118.49  116.29  113.45  109.88  107.69  103.19  100.32  98.36   95.32   91.50   87.71   84.26   80.19   75.71   71.21   66.77   62.39   58.14   54.17  
73.22   74.36   75.07   76.10   77.95   80.39   83.04   85.76   88.65   91.21   93.54   96.02   99.30   102.20  104.22  106.04  107.85  109.82  110.19  110.87  112.73  114.83  116.92  117.50  118.96  120.33  121.59  123.68  125.69  127.68  125.57  123.45  120.47  117.99  113.69  109.78  105.70  103.69  100.53  96.50   92.52   89.19   85.02   80.32   75.73   71.23   66.77   62.39   58.16   54.26  
76.09   77.98   79.05   79.47   80.21   81.78   84.15   86.86   89.68   92.83   95.67   98.54   101.93  105.86  108.93  110.89  112.73  114.55  116.81  116.87  117.46  119.45  122.58  123.83  126.36  126.41  127.52  128.62  130.95  132.98  130.84  127.62  125.32  121.93  117.60  112.84  109.65  106.31  102.04  97.68   94.34   90.11   85.03   80.34   75.74   71.22   66.77   62.39   58.18   54.33  
78.40   80.50   82.54   83.57   83.78   84.27   85.46   87.79   90.62   93.62   97.12   100.20  103.55  107.93  112.39  115.57  117.44  119.34  121.14  123.84  123.46  123.98  126.27  126.15  131.91  134.79  134.23  134.78  135.48  138.60  134.54  132.49  129.02  126.87  121.98  116.19  112.79  108.36  103.62  100.23  95.65   89.93   85.10   80.33   75.73   71.23   66.77   62.39   58.20   54.36  
81.41   82.33   84.63   86.85   87.89   87.94   88.22   88.96   91.36   94.41   97.65   101.51  104.74  108.43  113.96  118.83  122.07  123.80  125.80  127.51  130.86  128.77  128.30  128.65  135.55  140.33  143.16  139.04  141.45  141.20  139.44  135.47  133.48  131.93  125.23  119.83  115.10  110.01  106.87  101.90  95.22   89.02   84.91   80.32   75.74   71.22   66.77   62.39   58.20   54.36  
85.02   85.27   85.98   88.56   90.97   92.06   91.94   92.14   92.31   94.97   98.31   101.76  106.02  109.28  113.12  120.10  125.16  128.42  129.96  132.12  135.28  132.70  131.26  132.57  135.32  141.75  146.43  142.20  146.03  146.31  141.64  139.53  140.04  134.20  128.30  121.94  116.27  113.65  109.98  103.58  96.06   87.73   83.63   80.07   75.69   71.22   66.77   62.39   58.20   54.36  
87.06   89.08   88.96   89.43   92.39   95.00   96.15   95.83   95.97   95.58   98.71   102.35  105.97  110.68  114.76  121.36  126.83  131.29  134.72  135.95  138.97  136.41  133.58  133.06  136.23  142.10  148.82  147.98  148.58  147.32  145.26  144.78  145.88  138.03  132.48  124.02  120.26  117.09  110.68  105.52  95.55   87.65   82.92   78.98   75.39   71.15   66.76   62.39   58.20   54.36  
90.10   90.68   93.16   92.22   92.80   96.22   99.00   100.23  98.40   97.73   99.37   102.57  106.53  110.26  115.83  122.41  127.23  132.83  137.40  141.06  142.50  140.46  135.64  134.89  139.40  144.26  150.96  154.26  151.49  151.73  150.03  149.90  150.97  141.56  135.36  130.48  124.41  117.24  112.49  104.83  96.41   86.48   82.76   78.39   74.47   70.83   66.68   62.38   58.20   54.36  
93.52   93.79   95.79   95.84   94.34   96.29   100.12  101.78  102.32  103.02  102.97  103.55  106.59  110.87  115.23  122.71  128.62  132.91  138.99  143.51  147.48  143.72  138.18  138.59  142.89  146.00  152.25  157.78  154.23  153.00  153.73  157.97  150.68  145.88  138.99  132.74  126.46  119.75  112.47  103.71  94.65   84.74   79.74   77.50   73.44   70.01   66.36   62.29   58.19   54.36  
94.17   97.60   100.09  95.87   96.21   98.00   100.28  103.14  107.46  108.53  108.75  108.64  108.29  110.65  115.78  123.01  128.93  134.78  138.64  145.38  150.40  143.91  139.68  143.10  145.72  149.43  153.40  158.15  155.52  157.78  162.40  153.14  150.42  144.94  138.90  132.80  126.43  119.85  114.56  104.59  96.53   85.04   79.21   79.76   71.66   68.56   65.64   62.02   58.13   54.36  
93.99   97.91   98.88   96.18   97.58   100.02  102.22  104.04  108.80  113.78  114.54  114.11  109.35  110.72  114.93  122.55  129.19  134.92  141.04  145.73  152.04  145.52  141.84  145.73  148.97  151.55  157.22  160.02  158.00  164.32  155.63  155.62  150.95  145.05  138.63  132.69  126.46  119.82  113.31  109.03  101.22  89.89   83.61   79.95   73.46   69.69   65.46   62.21   58.15   54.46  
94.16   97.59   99.38   97.88   99.61   101.19  104.31  104.45  110.56  118.47  118.24  116.32  111.25  111.35  115.83  123.12  128.99  135.25  140.83  147.64  151.42  145.85  143.93  146.79  151.10  154.64  156.60  161.50  164.15  157.90  156.78  150.43  149.12  145.96  138.55  132.33  126.32  119.83  113.04  106.82  102.33  93.27   87.29   81.85   75.93   69.47   66.68   62.46   58.55   54.36  
94.10   97.60   101.82  100.03  100.21  103.48  105.18  104.66  110.04  117.71  121.28  118.06  111.80  111.46  116.02  121.17  129.07  134.96  141.31  146.38  150.91  145.98  147.04  148.49  151.98  156.55  161.05  166.42  161.49  159.50  153.00  150.03  144.65  142.34  139.23  131.63  125.81  119.67  113.00  106.33  100.60  95.99   89.80   85.01   75.75   71.31   66.94   63.07   58.43   54.51  
93.95   97.85   99.81   105.77  103.05  103.50  107.63  105.61  110.15  117.19  121.07  115.62  112.28  112.30  115.76  121.46  129.72  135.36  139.85  147.71  152.53  146.67  150.61  153.15  154.22  158.94  167.16  162.74  162.07  158.14  154.73  148.97  144.09  138.85  135.33  131.01  124.59  119.13  112.81  106.23  99.99   94.83   90.50   83.29   77.68   71.39   67.76   62.83   58.71   55.09  
93.96   96.34   99.90   101.36  105.56  105.09  106.81  105.11  110.54  112.95  119.33  114.39  111.52  114.16  117.16  121.49  129.37  135.40  141.12  146.92  151.44  149.09  154.77  156.91  160.26  165.85  163.94  160.49  157.09  159.29  154.42  149.48  143.35  138.06  132.83  128.42  123.37  118.00  112.25  106.00  99.82   94.20   89.60   84.35   78.65   72.56   67.30   63.11   59.69   55.60  
92.77   96.01   97.71   100.23  103.26  105.74  107.24  106.60  107.40  110.75  118.61  114.07  112.13  116.83  118.97  121.65  129.88  135.70  141.25  146.12  150.86  152.40  156.89  162.01  166.26  163.49  159.44  157.72  154.87  153.21  155.21  149.02  143.61  137.52  132.04  126.84  122.11  116.80  111.19  105.44  99.56   93.98   88.99   84.64   77.24   71.98   66.10   64.43   60.32   55.76  
92.19   94.20   96.66   98.93   100.55  104.45  107.22  113.39  110.97  110.22  117.64  114.18  113.44  117.05  122.37  121.91  129.71  135.42  141.04  146.37  152.42  155.99  161.05  164.42  161.16  157.11  155.49  153.61  151.77  149.71  148.95  148.85  143.28  137.61  131.58  126.02  120.70  115.56  110.03  104.43  98.99   93.69   88.72   83.19   76.97   72.46   69.88   65.42   60.73   56.06  
92.86   93.29   95.35   97.21   100.45  101.81  105.45  106.61  114.03  111.92  113.66  114.62  115.61  119.17  123.10  121.53  129.79  135.65  139.60  146.06  154.29  160.32  159.28  154.65  154.15  152.99  150.67  149.88  148.81  146.82  144.56  143.38  142.45  137.28  131.56  125.61  119.91  114.31  108.84  103.33  98.04   93.12   89.11   85.56   80.91   75.88   70.96   66.18   61.37   56.86  
94.93   95.82   95.85   96.70   98.57   101.76  103.45  106.93  107.50  114.77  116.65  116.97  119.88  121.70  126.10  123.72  129.51  135.16  140.58  149.35  160.37  155.20  150.47  148.10  145.90  147.16  145.65  145.43  145.01  143.72  141.65  139.26  137.61  136.02  131.17  125.52  119.55  113.60  107.77  102.24  97.00   94.35   91.21   86.66   81.65   76.67   71.86   66.96   62.23   58.33  
97.37   97.86   98.65   98.49   99.58   100.93  103.69  105.08  107.08  111.07  117.83  118.23  123.48  126.95  129.00  125.84  132.82  136.92  143.49  156.79  149.78  149.11  146.17  143.27  141.47  141.02  141.47  140.77  140.76  140.16  138.56  136.29  133.72  131.70  129.66  125.06  119.42  113.33  107.22  101.61  99.70   96.70   92.22   87.35   82.44   77.61   72.63   67.76   63.60   60.74  
98.07   100.50  100.56  101.60  100.67  104.73  102.85  104.31  105.38  108.57  111.51  120.86  122.51  127.92  130.80  128.99  132.58  139.39  144.83  145.27  146.70  142.85  141.21  138.52  136.86  136.20  135.93  136.12  135.85  135.76  135.01  133.23  130.75  128.02  125.79  123.42  118.88  113.18  107.06  105.08  102.10  97.53   92.82   88.11   83.42   78.37   73.34   69.02   66.01   64.17  
98.17   100.98  103.58  102.10  105.76  103.16  101.60  99.18   102.84  105.47  110.72  111.90  121.89  119.14  130.36  131.35  131.85  139.46  137.48  134.75  137.40  138.16  135.23  134.42  132.83  131.72  131.18  131.04  131.12  130.94  130.69  129.70  127.70  125.04  122.23  119.89  117.19  112.58  110.65  107.56  102.72  98.05   93.54   89.16   84.16   78.99   74.50   71.42   69.61   67.68  
98.15   101.03  103.75  107.02  104.31  101.99  99.58   98.36   100.64  102.42  104.18  111.86  111.67  116.73  124.17  130.33  132.67  128.18  129.31  129.11  131.70  132.47  131.65  129.28  128.51  127.58  126.53  126.32  126.22  126.25  125.95  125.47  124.22  121.99  119.25  116.64  116.35  116.63  113.27  107.94  103.21  98.74   94.69   89.89   84.70   80.06   76.89   75.20   73.40   69.52  
98.18   101.00  103.80  104.12  103.61  101.14  98.95   98.76   101.74  100.89  102.00  102.91  107.46  105.54  115.29  132.34  126.41  122.68  120.86  123.51  125.70  130.01  133.90  131.90  130.38  130.57  128.97  128.39  127.11  126.28  124.05  122.51  120.78  119.93  119.48  119.59  123.30  119.72  113.39  108.41  103.85  100.03  95.41   90.34   85.67   82.44   80.86   79.33   75.07   70.71  
98.12   100.76  101.28  101.11  101.22  100.28  99.56   99.54   100.06  100.20  100.48  99.43   96.26   97.23   85.10   97.11   117.22  115.82  120.64  119.44  122.86  131.68  136.89  133.96  136.00  134.20  133.96  132.41  131.86  129.08  127.69  126.21  125.75  124.55  124.00  125.57  123.78  119.49  113.95  109.21  105.67  100.73  95.76   91.20   88.02   86.59   85.44   80.71   76.35   71.01  
97.65   98.42   98.36   98.55   99.53   99.08   98.37   99.71   98.06   98.49   95.74   98.47   97.38   92.31   80.44   86.18   99.31   117.71  114.41  115.33  123.70  127.52  135.64  141.72  139.18  139.48  137.68  137.66  134.26  133.07  131.73  131.70  130.49  128.40  127.92  125.15  123.36  119.93  114.84  111.66  106.24  100.98  96.49   93.50   92.34   91.81   86.38   82.16   76.53   71.23  
95.32   95.39   95.66   96.51   97.86   97.53   98.73   97.03   96.04   95.75   96.90   96.87   99.02   95.17   99.82   103.17  100.57  110.05  113.69  118.42  121.17  126.69  132.38  141.28  147.00  141.68  143.78  139.39  138.59  137.42  137.84  136.77  132.97  130.92  127.81  125.90  122.98  120.75  117.92  112.05  106.55  101.57  98.75   97.91   98.47   92.01   88.13   82.16   76.76   71.29  
92.12   92.47   93.31   94.38   96.06   97.02   96.40   94.08   95.05   98.33   99.23   100.64  99.36   105.31  104.25  105.89  104.60  109.44  114.17  117.10  121.87  125.67  132.28  138.06  143.30  150.81  144.46  144.19  142.86  143.91  142.98  136.44  135.05  130.22  130.79  124.54  122.79  121.17  117.99  112.40  106.81  104.06  101.20  102.32  96.00   94.31   87.84   82.45   76.66   71.94  
88.96   90.11   92.74   94.66   97.04   94.88   94.53   95.19   96.75   98.47   101.99  102.83  106.75  105.14  112.13  107.60  105.00  109.62  112.92  117.10  121.18  125.77  130.06  134.25  140.42  141.02  150.49  145.08  147.38  148.55  138.70  137.02  133.88  132.93  127.28  126.26  125.38  122.01  118.42  112.25  109.98  105.03  105.79  100.67  98.06   93.55   88.30   82.18   77.37   72.92  
89.34   90.51   92.62   96.03   93.91   95.61   96.21   98.01   98.28   100.52  101.73  106.28  107.02  113.82  110.22  106.60  104.68  108.84  112.59  116.47  120.72  124.76  128.97  132.69  134.40  140.80  141.63  147.35  147.54  144.26  138.80  137.02  132.56  129.47  130.80  128.89  124.60  123.30  117.53  116.43  109.73  110.02  103.66  102.17  96.29   93.38   87.74   82.96   78.43   73.63  
91.69   92.68   93.69   94.96   96.59   97.80   98.90   99.13   101.91  101.75  105.67  107.12  113.21  111.17  109.39  106.20  105.47  107.72  112.22  115.87  119.68  123.69  127.24  129.54  134.79  136.65  141.28  143.84  150.68  144.48  139.14  137.07  135.09  130.05  127.53  129.84  125.68  123.12  119.63  114.18  112.41  107.74  106.28  100.13  96.48   93.34   88.67   84.11   79.06   74.60  
93.32   95.21   96.03   97.02   98.26   99.92   100.99  102.17  102.04  107.91  107.73  113.24  111.31  109.07  108.49  104.58  105.62  106.31  110.55  115.15  118.85  122.20  124.81  129.17  131.58  135.71  138.88  144.17  142.81  146.20  139.84  135.63  133.45  132.74  128.71  126.66  123.91  120.07  116.90  115.18  110.64  106.71  102.71  100.24  94.65   92.01   89.94   84.62   80.12   75.22  
94.72   96.78   98.77   99.37   100.35  101.51  103.21  104.14  107.05  107.79  114.52  110.32  109.01  107.18  102.85  103.51  102.91  106.05  109.32  113.44  117.77  120.52  124.06  126.61  130.36  133.80  138.19  138.34  140.36  140.09  140.03  134.65  130.23  129.71  132.47  127.34  125.89  120.67  118.59  114.71  111.44  107.87  103.36  98.92   94.37   89.96   88.10   85.86   80.78   74.87  
95.83   98.29   100.22  102.40  102.69  103.67  104.66  107.43  109.82  114.29  110.51  109.40  105.86  104.70  103.13  100.40  101.89  105.24  106.47  111.56  115.07  119.38  121.84  125.21  128.61  132.51  133.30  134.87  134.90  135.06  134.86  134.17  129.28  127.05  128.59  131.75  125.86  124.43  120.06  116.80  113.26  108.59  104.33  99.87   95.26   89.96   86.39   82.61   80.12   75.23  
97.07   99.47   101.86  103.63  106.12  105.91  108.91  110.75  113.37  109.78  109.45  106.21  104.67  102.69  101.00  98.82   101.08  102.83  106.81  107.51  112.06  116.04  120.06  123.28  126.86  128.09  129.41  129.61  129.74  129.63  129.73  129.50  128.35  124.13  126.11  126.26  130.58  125.49  122.29  118.79  113.78  109.62  105.28  100.98  95.66   90.61   85.39   80.89   77.48   74.54  
97.88   100.99  103.06  105.45  106.98  109.95  110.36  114.63  111.01  109.38  106.55  105.46  102.83  101.46  99.64   97.77   99.09   102.32  103.75  106.95  107.97  112.35  116.44  121.09  122.62  123.83  124.14  124.26  124.20  124.26  124.20  124.24  123.93  122.54  121.10  124.41  124.35  126.41  124.53  119.02  114.91  110.52  106.56  101.25  96.39   90.96   86.27   81.58   77.69   73.64  
98.45   101.93  104.91  106.59  109.08  110.18  113.74  110.39  110.76  107.85  105.98  103.49  102.09  100.53  98.94   96.89   97.97   100.02  102.32  103.68  106.54  108.58  112.53  115.54  118.12  118.51  118.64  118.60  118.64  118.60  118.64  118.60  118.60  118.20  118.51  119.00  120.53  120.16  120.56  120.35  115.71  112.07  106.63  102.15  96.60   91.95   86.90   82.95   78.62   74.75  
98.66   102.66  105.96  108.86  110.04  112.77  110.63  110.61  107.51  107.07  104.59  102.63  100.33  101.64  98.04   95.83   95.76   97.68   99.44   101.64  104.16  106.69  109.36  110.71  112.00  112.93  112.92  112.95  112.92  112.95  112.92  112.95  112.91  113.10  113.68  114.90  114.82  115.09  115.13  116.21  117.66  111.79  107.80  102.12  97.79   92.39   88.47   83.78   79.86   75.18  
98.83   102.90  106.89  109.94  112.85  113.38  114.82  111.49  108.09  104.27  103.46  101.24  99.64   101.50  97.69   94.92   93.10   94.84   96.90   99.41   101.73  104.28  104.96  106.92  111.53  107.75  107.31  107.25  107.27  107.25  107.28  107.34  107.80  108.44  109.46  109.56  109.78  109.97  110.92  112.13  111.84  113.42  107.38  103.67  97.92   94.27   89.12   85.21   80.20   75.31  
98.76   103.10  107.13  111.13  113.85  119.31  115.42  112.28  108.47  104.09  100.99  99.89   99.15   100.98  97.06   94.37   91.71   92.07   94.46   96.74   99.07   100.06  101.84  103.97  106.22  110.08  106.21  104.17  101.93  101.70  101.86  102.52  103.25  104.14  104.34  104.54  104.80  105.64  106.66  106.68  107.82  107.49  109.54  103.30  100.30  94.59   90.84   85.43   80.32   75.28  
98.84   102.98  107.36  111.32  115.79  119.62  116.45  112.79  108.31  104.17  100.14  97.65   97.31   97.10   97.07   93.78   91.05   89.33   91.52   93.66   94.84   96.55   98.65   100.92  103.87  103.74  110.32  104.06  99.55   96.67   97.22   98.02   98.81   99.07   99.25   99.52   100.28  101.12  101.31  102.17  102.19  103.70  103.47  106.49  100.07  96.77   90.84   85.57   80.26   75.31  
98.76   103.10  107.17  111.59  115.42  120.88  117.12  112.44  108.49  104.08  99.95   96.48   94.41   93.93   93.71   93.31   90.43   87.74   88.22   89.53   91.18   93.21   95.48   98.06   98.84   103.70  102.23  105.50  99.02   93.87   92.63   93.36   93.66   93.83   94.08   94.76   95.46   95.73   96.42   96.65   97.83   98.06   100.33  100.20  102.98  96.41   91.04   85.45   80.33   75.28  
98.84   102.98  107.33  111.08  114.18  118.86  114.43  112.57  108.28  104.16  99.81   95.89   92.95   91.13   90.56   90.29   89.63   87.05   84.58   85.87   87.80   90.00   92.37   93.66   97.46   97.48   99.43   100.65  99.13   93.09   88.26   88.07   88.26   88.52   89.13   89.73   90.05   90.65   91.01   92.00   92.51   94.32   94.70   96.78   96.41   96.37   90.79   85.56   80.26   75.31  
98.75   103.04  106.79  109.91  113.38  115.31  113.59  110.46  108.09  104.00  99.79   95.60   92.01   89.41   87.79   87.19   86.85   86.02   83.66   82.43   84.37   86.54   88.09   91.16   91.74   93.33   94.44   93.92   94.40   92.56   87.09   82.98   82.92   83.50   84.08   84.45   85.00   85.45   86.33   87.01   88.53   89.21   90.86   90.84   91.06   90.80   90.14   85.32   80.31   75.28  
98.73   102.49  105.74  108.98  110.99  112.33  111.02  109.21  106.32  103.61  99.62   95.43   91.48   88.18   85.84   84.40   83.79   83.40   82.48   80.30   80.95   82.59   85.03   85.91   87.30   88.35   88.15   88.42   88.15   88.24   86.24   81.52   78.03   78.59   79.03   79.57   80.08   80.90   81.67   83.02   83.87   85.24   85.43   85.58   85.46   85.57   85.32   84.28   80.03   75.28  
