#Value Function.
60.5905 60.8056 61.1183 61.1647 61.1916 61.1968 61.2002 61.1899 61.2015 61.1958 66.7948 69.1962 70.4771 71.5783 72.6694 73.7221 74.6618 75.3890 75.8439 76.0768 76.1729 76.2015 76.2039 76.1982 76.1908 76.1850 76.2023 76.5051 77.0383 77.6599 78.2919 78.8716 79.3391 79.6657 79.8594 79.9505 79.9806 79.9839 79.9810 79.9740 79.9661 79.9584 79.9476 79.9391 79.9286 79.9129 79.8945 79.8722 79.8442 79.7175
58.8584 62.0116 62.0360 62.0462 62.0577 62.0564 62.0541 62.0432 62.0447 62.0329 69.2429 70.7464 71.8737 72.9688 74.0737 75.1262 76.0392 76.7168 77.1158 77.2992 77.3662 77.3811 77.3784 77.3711 77.3635 77.3581 77.3812 77.7547 78.3380 78.9766 79.6093 80.1759 80.6168 80.9109 81.0748 81.1434 81.1606 81.1587 81.1514 81.1439 81.1358 81.1281 81.1200 81.1117 81.1007 81.0837 81.0648 81.0415 81.0123 80.0108
59.4692 62.8253 62.8539 62.8640 62.8737 62.8714 62.8677 62.8589 62.8478 62.8144 67.8629 70.6530 71.9465 73.0585 74.1789 75.3029 76.3668 77.2812 77.9375 78.3030 78.4658 78.5171 78.5257 78.5209 78.5132 78.5054 78.4973 78.4879 78.9241 79.5344 80.1800 80.8173 81.3821 81.8116 82.0898 82.2351 82.2922 82.3026 82.2984 82.2905 82.2831 82.2748 82.2670 82.2560 82.2417 82.2232 82.2003 82.1701 82.1399 81.1379
60.2256 63.6002 63.6464 63.6582 63.6679 63.6635 63.6603 63.6452 63.6153 63.5731 63.5141 69.7118 72.0163 73.1371 74.2599 75.4007 76.5379 77.6103 78.5260 79.1567 79.4926 79.6289 79.6659 79.6696 79.6633 79.6552 79.6466 79.6312 79.5998 80.1034 80.7337 81.3837 82.0263 82.5852 83.0027 83.2644 83.3935 83.4359 83.4407 83.4350 83.4265 83.4194 83.4079 83.3972 83.3786 83.3558 83.3276 83.2982 83.2640 82.2604
60.9642 64.3537 64.3946 64.4237 64.4317 64.4282 64.4226 64.4084 64.3738 64.3264 64.2640 64.1686 71.9357 73.2204 74.3333 75.4684 76.6272 77.7820 78.8613 79.7724 80.3731 80.6791 80.7884 80.8128 80.8131 80.8054 80.7908 80.7633 80.6932 80.5533 81.3313 81.9262 82.5858 83.2340 83.7851 84.1900 84.4345 84.5436 84.5753 84.5716 84.5657 84.5564 84.5468 84.5311 84.5079 84.4824 84.4535 84.4200 84.3768 83.3750
61.6984 65.0877 65.1310 65.1579 65.1676 65.1616 65.1583 65.1392 65.1025 65.0611 64.9854 64.9042 70.9984 73.2951 74.4156 75.5340 76.6860 77.8619 79.0280 80.1141 81.0207 81.5930 81.8612 81.9442 81.9582 81.9499 81.9268 81.8613 81.7194 81.4962 82.0108 82.5078 83.1175 83.7860 84.4370 84.9821 85.3698 85.5900 85.6828 85.7011 85.6926 85.6877 85.6712 85.6535 85.6311 85.6057 85.5727 85.5322 85.4829 84.4789
62.3813 65.7762 65.8382 65.8642 65.8710 65.8683 65.8605 65.8391 65.8126 65.7632 65.7040 65.6141 65.4993 73.2107 74.5080 75.6088 76.7431 77.9114 79.1049 80.2813 81.3672 82.2784 82.8087 83.0260 83.0866 83.0799 83.0186 82.8845 82.6655 82.3310 82.8003 83.1736 83.6822 84.3043 84.9818 85.6314 86.1670 86.5331 86.7347 86.8041 86.8139 86.8010 86.7912 86.7677 86.7457 86.7184 86.6849 86.6366 86.5725 85.5694
63.0312 66.4446 66.5143 66.5415 66.5547 66.5464 66.5353 66.5204 66.5020 66.4557 66.3946 66.3113 66.1921 72.2952 74.5641 75.6949 76.8098 77.9598 79.1443 80.3491 81.5366 82.6130 83.5310 83.9966 84.1440 84.1357 84.0298 83.8316 83.4549 83.2632 83.6826 83.9525 84.3302 84.8446 85.4812 86.1637 86.8116 87.3302 87.6804 87.8526 87.9055 87.9082 87.8912 87.8763 87.8555 87.8258 87.7836 87.7256 87.6490 86.6406
63.5980 67.0195 67.1660 67.2084 67.2116 67.2147 67.2041 67.2002 67.1770 67.1326 67.0824 66.9919 66.8734 66.7250 74.5235 75.7638 76.9006 78.0229 79.1903 80.3838 81.6004 82.7813 83.8468 84.6941 85.0210 85.0191 84.9143 84.5586 84.3516 84.4920 84.6364 84.8268 85.0915 85.4756 85.9912 86.6390 87.3224 87.9623 88.4726 88.7959 88.9474 88.9838 88.9811 88.9696 88.9498 88.9151 88.8663 88.7994 88.6885 87.6753
64.0353 67.4759 67.7443 67.8527 67.8699 67.8699 67.8679 67.8621 67.8407 67.8059 67.7432 67.6554 67.5353 67.3960 74.2748 75.7282 76.9790 78.1116 79.2421 80.4297 81.6230 82.8300 83.9369 84.9292 85.5308 85.6875 85.5088 85.3716 85.3968 85.4847 85.6163 85.7664 85.9601 86.2129 86.6010 87.1196 87.7671 88.4635 89.0908 89.5813 89.8862 90.0144 90.0472 90.0374 90.0118 89.9893 89.9306 89.8369 89.6527 88.6296
64.3496 67.7957 68.2177 68.4472 68.5238 68.5222 68.5302 68.5189 68.5043 68.4636 68.4078 68.3155 68.2064 68.0763 73.8924 75.4543 76.9718 78.2052 79.3335 80.4732 81.6721 82.8436 83.9889 84.8852 85.6526 86.1027 86.2311 86.2389 86.3157 86.4592 86.6108 86.7439 86.8921 87.0712 87.3145 87.6951 88.2159 88.8719 89.5708 90.1829 90.6650 90.9481 91.0605 91.0722 91.0641 91.0237 90.9562 90.7974 90.4963 89.4535
64.4947 67.9562 68.5413 68.9260 69.1303 69.1944 69.1842 69.1856 69.1591 69.1310 69.0650 68.9874 68.8849 68.7772 74.0062 74.9023 76.7002 78.2367 79.4377 80.5649 81.6979 82.8958 83.9832 84.9495 85.5634 86.2389 86.6745 86.9078 87.1441 87.3885 87.5860 87.7375 87.8638 87.9917 88.1498 88.3824 88.7515 89.2767 89.9466 90.6491 91.2535 91.7166 91.9794 92.0582 92.0361 92.0163 91.9049 91.6412 91.1306 90.0777
64.5351 67.9979 68.7249 69.2783 69.6307 69.8100 69.8565 69.8348 69.8317 69.7831 69.7389 69.6633 69.5850 69.5064 74.5485 74.9675 75.9262 78.0143 79.5078 80.6672 81.7717 82.8616 83.8963 84.6675 85.4613 86.2777 86.8450 87.3874 87.8377 88.2324 88.5258 88.7185 88.8518 88.9510 89.0566 89.1892 89.4144 89.7766 90.3150 91.0000 91.7035 92.2918 92.6991 92.9037 92.8971 92.8850 92.7101 92.2178 91.6485 90.5790
64.4865 67.9575 68.7838 69.4785 70.0006 70.3342 70.4937 70.5224 70.4861 70.4801 70.4288 70.3836 70.3186 70.2433 75.2707 75.5128 75.9474 76.9356 79.3994 80.7271 81.8203 82.7884 83.5859 84.4181 85.4879 86.3739 87.1150 87.7912 88.4367 88.9863 89.3909 89.6625 89.8286 89.9339 90.0019 90.0841 90.2067 90.4215 90.7880 91.3408 92.0357 92.6968 93.2355 93.4476 93.5467 93.5386 93.1892 92.7194 91.9436 90.8815
64.4595 67.9699 68.7460 69.5580 70.2309 70.7329 71.0482 71.1874 71.2058 71.1769 71.1526 71.1173 71.0656 71.0076 75.9720 76.2708 76.4975 76.9336 77.8789 80.8096 81.7577 82.5354 83.3620 84.5120 85.5661 86.5624 87.4425 88.2435 88.9474 89.6082 90.1573 90.5326 90.7672 90.9024 90.9771 91.0284 91.0912 91.2024 91.4198 91.7850 92.3394 92.9809 93.5737 93.8857 93.9264 93.8641 93.5629 92.9347 92.1683 91.0905
64.4045 67.9216 68.7687 69.5555 70.3415 70.9935 71.4826 71.7786 71.9107 71.9236 71.8982 71.8759 71.8427 71.7987 76.0904 77.1070 77.2661 77.4711 77.8582 78.6309 80.1732 81.9480 83.4055 84.6143 85.7159 86.7564 87.7575 88.6444 89.4295 90.1233 90.7848 91.3100 91.6420 91.8452 91.9467 91.9957 92.0298 92.0864 92.1943 92.4201 92.7745 93.2644 93.7498 94.0803 94.1097 94.1052 93.7315 93.1794 92.2329 91.1667
64.3730 67.9167 68.7509 69.5437 70.3652 71.1361 71.7796 72.2558 72.5518 72.6751 72.6895 72.6663 72.6462 72.6170 72.5970 77.9426 78.1091 78.2541 78.4023 78.7063 79.4490 81.1961 83.0757 84.5813 85.8272 86.9469 87.9741 88.9760 89.8405 90.5963 91.2690 91.9252 92.4174 92.7194 92.8935 92.9677 92.9975 93.0246 93.0785 93.1856 93.4174 93.6807 94.0156 94.2341 94.3147 94.2090 93.9270 93.0110 92.1849 91.0812
64.3013 67.8684 68.7095 69.5258 70.3352 71.1954 71.9605 72.5956 73.0783 73.3665 73.4870 73.4964 73.4752 73.4720 73.4478 78.5475 79.0014 79.0996 79.1962 79.2935 79.4997 80.2800 82.3264 84.3589 85.8561 87.0833 88.1838 89.1831 90.1545 90.9580 91.7015 92.3420 92.9948 93.4852 93.7733 93.9182 93.9720 93.9932 94.0158 94.0639 94.1459 94.3116 94.3931 94.4873 94.5835 94.5027 93.9311 93.1969 92.0601 90.9907
64.2133 67.8029 68.6619 69.4825 70.3476 71.2083 72.0535 72.8152 73.4610 73.9289 74.2103 74.3218 74.3412 74.3236 74.3189 78.2153 79.7932 80.0411 80.0973 80.1387 80.1837 80.3753 81.2227 83.6347 85.7213 87.1356 88.3202 89.3703 90.3194 91.1861 91.9712 92.7025 93.3680 94.0637 94.5400 94.8158 94.9350 94.9700 94.9855 94.9990 95.0334 95.0593 95.1331 95.1082 95.0623 94.7346 94.1218 93.2663 92.2405 91.1283
64.1315 67.7298 68.6026 69.4724 70.3349 71.2024 72.0984 72.9417 73.7128 74.3505 74.8158 75.0897 75.1877 75.1989 75.1815 75.1760 79.9099 80.9622 81.0560 81.0954 81.1194 81.1556 81.3409 82.2006 85.0655 87.0872 88.3679 89.4826 90.4046 91.2802 92.0595 92.8374 93.6277 94.3975 95.1286 95.6052 95.8535 95.9482 95.9586 95.9672 95.9655 95.9773 95.9656 95.8720 95.5494 95.0468 94.2638 93.3103 92.2405 91.1070
64.1402 67.7411 68.5696 69.4391 70.3105 71.2064 72.1142 73.0134 73.8670 74.6346 75.2771 75.7275 75.9822 76.0536 76.0512 76.0406 76.0345 81.8607 81.9799 82.0773 82.1142 82.1361 82.1676 82.3153 83.1314 86.6141 88.3748 89.4792 90.4643 91.2900 92.0755 92.8427 93.7049 94.6212 95.4729 96.2383 96.6784 96.8733 96.9350 96.9330 96.9301 96.9191 96.8159 96.5128 96.0361 95.3008 94.3791 93.3355 92.2315 91.0922
64.2756 67.9002 68.6675 69.4897 70.3511 71.2383 72.1376 73.0482 73.9575 74.8082 75.5745 76.2140 76.6321 76.8544 76.8692 76.8639 76.8570 82.6939 82.8581 83.0007 83.1030 83.1421 83.1631 83.1845 83.2821 83.9661 88.3243 89.4027 90.3608 91.2573 91.9938 92.8010 93.7235 94.7205 95.7194 96.5907 97.3570 97.7322 97.8618 97.8584 97.8532 97.8178 97.5193 97.0927 96.3568 95.4687 94.4424 93.3415 92.2393 91.0895
64.4646 68.1102 68.8270 69.5992 70.4210 71.2884 72.1739 73.0798 73.9991 74.9107 75.7560 76.5022 77.1262 77.4336 77.5744 77.5704 77.5448 83.4505 83.6149 83.8392 84.0297 84.1298 84.1723 84.1916 84.2013 84.2462 84.6506 89.2471 90.1798 91.0121 91.8721 92.7263 93.6538 94.7608 95.8276 96.8567 97.7080 98.4173 98.6629 98.6624 98.6586 98.4844 98.1356 97.4298 96.5592 95.5456 94.4580 93.3473 92.2351 91.0832
64.6889 68.3493 69.0460 69.7609 70.5307 71.3590 72.2260 73.1206 74.0349 74.9546 75.8690 76.6756 77.3862 77.8902 78.0565 78.0545 77.9133 83.9552 84.2247 84.5618 84.8607 85.0608 85.1639 85.2008 85.2153 85.2092 85.2154 85.2069 85.1549 90.7611 91.6674 92.6394 93.6747 94.7783 95.9163 96.9790 97.9499 98.7112 99.2017 99.2176 99.2138 99.0113 98.4383 97.6156 96.6346 95.5732 94.4692 93.3518 92.2369 91.0821
64.9165 68.5816 69.2938 69.9776 70.6886 71.4650 72.2909 73.1738 74.0667 74.9815 75.8911 76.7666 77.5154 78.0395 78.2412 78.2413 78.1767 84.1692 84.6295 85.1195 85.5702 85.9056 86.1029 86.1933 86.2209 86.2182 86.1893 86.1176 85.9607 90.0259 91.8106 92.7694 93.7721 94.8297 95.9535 97.0599 98.0782 98.8785 99.3321 99.4156 99.4205 99.1848 98.5783 97.7006 96.6760 95.5905 94.4783 93.3610 92.2396 91.0823
65.1033 68.7773 69.5280 70.2249 70.8930 71.6062 72.3792 73.2227 74.1114 75.0039 75.9149 76.7782 77.5296 78.0440 78.2395 78.2411 78.1779 83.9673 84.7324 85.4573 86.1001 86.6143 86.9517 87.1349 87.2024 87.1964 87.1336 86.9743 86.6787 86.2285 91.9813 92.9826 93.9506 94.9544 96.0014 97.0910 98.1048 98.8930 99.3275 99.4101 99.4080 99.1799 98.5817 97.7070 96.6881 95.5988 94.4901 93.3681 92.2450 91.0877
65.2664 68.9424 69.7068 70.4482 71.1221 71.7839 72.4822 73.2838 74.1297 75.0353 75.9205 76.7062 77.3897 77.8656 78.0307 78.0344 77.8966 84.0515 84.6703 85.5686 86.4650 87.1439 87.6632 87.9650 88.0947 88.0894 87.9688 87.7020 87.2406 86.6478 92.1453 93.1901 94.1890 95.1357 96.1091 97.0951 98.0284 98.7204 99.1403 99.1415 99.1422 98.9437 98.3864 97.5857 96.6268 95.5803 94.4848 93.3714 92.2511 91.0897
65.3663 69.0350 69.8821 70.6141 71.3182 71.9866 72.6092 73.3465 74.1830 75.0288 75.8137 76.5030 77.0687 77.3512 77.4895 77.4941 82.7033 83.9026 84.6334 85.5969 86.6168 87.5500 88.1379 88.6085 88.7959 88.7931 88.6193 88.1931 87.6748 86.8455 92.2579 93.3631 94.3784 95.3490 96.2234 97.1152 97.8538 98.3424 98.5011 98.4788 98.4623 98.2948 97.9583 97.2957 96.4735 95.5015 94.4523 93.3612 92.2493 91.0856
65.4308 69.0884 69.9579 70.7658 71.4504 72.1155 72.7336 73.4005 74.1899 74.9211 75.5846 76.1345 76.5172 76.8244 77.5057 81.3513 82.9449 83.7012 84.6060 85.6056 86.6641 87.6696 88.5346 88.9839 89.1831 89.1807 89.0012 88.6030 87.8254 86.9095 92.3499 93.4428 94.5368 95.4408 96.3500 97.0072 97.4423 97.5420 97.5757 97.5503 97.5052 97.4559 97.1663 96.7691 96.1156 95.3052 94.3492 93.3136 92.2320 91.0620
65.4830 69.1326 69.9912 70.8092 71.5250 72.1415 72.7714 73.4328 74.0702 74.6729 75.1899 75.6018 76.0508 77.0974 80.1103 81.8281 82.7035 83.5776 84.5654 85.6241 86.6778 87.6831 88.5557 89.1596 89.3937 89.3940 89.1833 88.6332 87.8397 86.9289 92.3789 93.5392 94.5638 95.5635 96.2468 96.6466 96.6780 96.5809 96.5149 96.4676 96.4124 96.3576 96.2437 95.9582 95.5370 94.9099 94.1190 93.1895 92.1714 90.9890
65.4737 69.1188 70.0223 70.7945 71.5147 72.1617 72.7756 73.3069 73.8111 74.2758 74.7002 75.2574 76.4561 78.9468 80.6632 81.6379 82.5284 83.5081 84.5658 85.6269 86.6905 87.7004 88.5690 89.1650 89.3901 89.3936 89.1871 88.6408 87.8496 86.9398 92.3781 93.5369 94.6290 95.4323 95.8425 95.9103 95.8384 95.7059 95.5045 95.3585 95.2663 95.1962 95.1191 94.9856 94.7117 94.2955 93.6952 92.9297 92.0253 90.8226
65.4455 69.1087 69.9700 70.7358 71.4732 72.0749 72.5932 72.9937 73.3973 73.8378 74.4626 75.7062 77.8387 79.5035 80.5479 81.4616 82.4409 83.4920 84.5581 85.6367 86.7033 87.7056 88.5368 88.9588 89.1508 89.1560 88.9845 88.6000 87.8440 86.9377 92.3455 93.4908 94.3727 94.8588 95.0272 95.0065 94.9722 94.7833 94.5558 94.3195 94.1514 94.0384 93.9493 93.8609 93.7196 93.4581 93.0545 92.4778 91.7371 90.5074
65.3675 69.0394 69.8781 70.6269 71.2646 71.7742 72.1837 72.5544 72.9828 73.6648 74.8960 76.7699 78.3565 79.4460 80.3839 81.3645 82.4094 83.4757 84.5535 85.6259 86.6440 87.5252 88.0542 88.3719 88.5320 88.5380 88.3990 88.1152 87.6438 86.8611 92.2244 93.1451 93.6748 93.9597 93.9703 93.9913 93.9212 93.8201 93.5926 93.3501 93.1074 92.9240 92.7953 92.6979 92.6016 92.4564 92.2039 91.8132 91.2580 89.9991
65.2425 68.9233 69.7072 70.3547 70.8842 71.3015 71.6881 72.1334 72.8465 74.0437 75.7315 77.2346 78.3453 79.3039 80.2871 81.3256 82.3905 83.4642 84.5269 85.5313 86.3929 86.9672 87.3826 87.6172 87.6432 87.6506 87.6413 87.4417 87.0774 86.5794 91.8285 92.4277 92.7246 92.8012 92.8168 92.8181 92.7930 92.7077 92.5817 92.3655 92.1215 91.8820 91.6920 91.5537 91.4476 91.3437 91.1954 90.9497 90.5716 89.2863
65.0339 68.7196 69.4098 69.9383 70.3784 70.7828 71.2648 71.9978 73.1625 74.7069 76.1380 77.2523 78.2248 79.2106 80.2441 81.3044 82.3728 83.4226 84.4046 85.2415 85.8368 86.2659 86.5254 86.6221 86.6330 86.6420 86.6507 86.5829 86.3765 86.0115 91.1098 91.4538 91.5506 91.5827 91.5827 91.5927 91.5922 91.5515 91.4625 91.3272 91.1228 90.8864 90.6531 90.4596 90.3131 90.1986 90.0875 89.9361 89.6958 88.3908
64.7152 68.4011 68.9749 69.4295 69.8542 70.3675 71.1259 72.2654 73.7703 75.5327 76.5399 77.4031 78.1363 79.1668 80.2183 81.2795 82.3158 83.2767 84.0913 84.6942 85.1236 85.3973 85.5489 85.5873 85.6352 85.6438 85.6296 85.6292 85.5374 85.3272 90.1636 90.2648 90.3405 90.3281 90.3370 90.3349 90.3405 90.3322 90.2899 90.2032 90.0691 89.8762 89.6495 89.4221 89.2266 89.0732 88.9507 88.8326 88.6784 87.3622
64.2877 67.9562 68.4603 68.9090 69.4490 70.2252 71.3473 72.7932 74.3890 75.5730 76.6501 77.6650 78.5110 79.1900 80.2059 81.2240 82.1627 82.9456 83.5450 83.9798 84.2659 84.4635 84.5669 84.6813 84.7732 84.7864 84.7388 84.6841 84.6558 84.5671 84.9329 89.0992 89.0821 89.1102 89.0878 89.0822 89.0781 89.0763 89.0648 89.0234 88.9411 88.8115 88.6284 88.4109 88.1892 87.9928 87.8337 87.7038 87.5791 86.2600
63.7953 67.4434 67.9501 68.5152 69.3031 70.4048 71.7897 73.2757 74.4862 75.5881 76.6953 77.7750 78.7992 79.6263 80.2334 81.1497 81.8481 82.4112 82.8334 83.1381 83.3616 83.5616 83.8147 84.0176 84.1604 84.1770 84.0990 84.0232 83.9021 83.8536 83.8098 84.4240 87.2398 87.7520 87.8422 87.8335 87.8220 87.8151 87.8105 87.7971 87.7571 87.6786 87.5539 87.3795 87.1707 86.9547 86.7583 86.5944 86.4578 85.1415
63.3209 66.9490 67.5698 68.3659 69.4503 70.8087 72.3999 73.4551 74.5240 75.6160 76.7114 77.8244 78.9053 79.9383 80.6928 81.1478 81.4896 81.7297 82.0032 82.2531 82.5217 82.8820 83.2868 83.6624 83.7923 83.8068 83.7766 83.5889 83.4532 83.3044 83.1993 83.0897 83.7098 85.6555 86.3590 86.5420 86.5655 86.5586 86.5512 86.5449 86.5300 86.4911 86.4159 86.2962 86.1297 85.9292 85.7186 85.5228 85.3552 84.0436
62.9633 66.5845 67.4188 68.4896 69.8299 71.4346 72.4712 73.5193 74.5745 75.6439 76.7430 77.8357 78.9562 79.9826 80.9645 81.3160 81.0187 80.9789 81.1483 81.4374 81.8503 82.3620 82.9114 83.3110 83.4931 83.5185 83.4692 83.3188 83.1021 82.8855 82.6982 82.4871 82.3037 82.7881 84.1939 84.9460 85.2170 85.2838 85.2909 85.2863 85.2793 85.2634 85.2253 85.1531 85.0383 84.8790 84.6863 84.4812 84.2865 82.9783
62.7992 66.4325 67.5216 68.8432 70.4180 71.4859 72.5630 73.5892 74.6414 75.6957 76.7676 77.8736 78.9571 80.0456 80.6510 80.9684 80.5133 80.1110 80.3564 80.7755 81.3347 81.9734 82.5632 82.9999 83.1872 83.1943 83.1313 82.9474 82.7516 82.5336 82.2575 81.9880 81.6369 81.3946 81.7596 82.8154 83.5488 83.8813 83.9927 84.0189 84.0200 84.0135 83.9970 83.9597 83.8902 83.7802 83.6277 83.4421 83.2424 81.9339
62.8501 66.5183 67.8420 69.3458 70.4476 71.5502 72.6092 73.6962 74.7057 75.7658 76.8123 77.8860 78.8984 79.5546 80.0165 79.9997 79.9137 79.4851 79.6925 80.2617 80.9336 81.6045 82.1291 82.5476 82.7003 82.7229 82.6667 82.4387 82.2899 82.0826 81.8248 81.4793 81.0658 80.6426 80.4043 80.6792 81.4966 82.1770 82.5452 82.6955 82.7428 82.7519 82.7472 82.7308 82.6944 82.6274 82.5218 82.3756 82.1969 80.8843
63.0690 66.7921 68.2148 69.3669 70.4762 71.5761 72.6842 73.7276 74.8285 75.8026 76.8669 77.8154 78.4230 78.8372 78.9022 78.9201 78.8774 78.7516 79.1679 79.8359 80.5079 81.0677 81.5577 81.8123 81.9469 81.9558 81.9111 81.7994 81.5627 81.4184 81.1993 80.8795 80.4897 80.0315 79.6072 79.3689 79.5733 80.2175 80.8327 81.2147 81.3953 81.4633 81.4819 81.4803 81.4646 81.4291 81.3645 81.2631 81.1229 79.8040
63.3035 67.0773 68.2774 69.3912 70.4956 71.6071 72.7035 73.8154 74.8277 75.9174 76.8143 77.3861 77.7239 77.7686 77.7714 77.7700 77.7749 78.0873 78.7234 79.3821 79.9530 80.4312 80.7242 80.8999 80.9796 80.9915 80.9539 80.8828 80.7635 80.5777 80.4051 80.1508 79.8165 79.4180 78.9645 78.5502 78.3146 78.4583 78.9692 79.5143 79.8933 80.0949 80.1814 80.2102 80.2127 80.1983 80.1639 80.1016 80.0042 78.6788
63.3830 67.1566 68.3056 69.4122 70.5213 71.6237 72.7375 73.8145 74.9289 75.8396 76.4008 76.6923 76.6916 76.6459 76.6386 76.6345 77.0138 77.6101 78.2494 78.8145 79.2774 79.5814 79.7764 79.8618 79.9056 79.9128 79.9027 79.8752 79.7885 79.6766 79.5044 79.3075 79.0486 78.7196 78.3269 77.8882 77.4854 77.2502 77.3397 77.7435 78.2189 78.5828 78.7964 78.8982 78.9371 78.9443 78.9318 78.8987 78.8387 77.5079
63.4165 67.1893 68.3281 69.4363 70.5410 71.6516 72.7489 73.8575 74.7734 75.3959 75.6854 75.6697 75.6513 75.5921 75.5296 75.9251 76.4984 77.1172 77.6708 78.1189 78.4258 78.6210 78.7181 78.7626 78.7810 78.7897 78.7915 78.7848 78.7503 78.6717 78.5579 78.3919 78.1947 77.9382 77.6154 77.2311 76.8075 76.4170 76.1785 76.2199 76.5348 76.9435 77.2842 77.5017 77.6150 77.6631 77.6752 77.6650 77.6335 76.2988
63.4409 67.2131 68.3514 69.4572 70.5643 71.6595 72.7357 73.6438 74.2712 74.5921 74.6505 74.6400 74.5961 74.5353 74.8287 75.3860 75.9853 76.5262 76.9620 77.2663 77.4590 77.5608 77.6089 77.6297 77.6433 77.6502 77.6546 77.6567 77.6476 77.6147 77.5420 77.4289 77.2707 77.0745 76.8229 76.5084 76.1345 75.7247 75.3448 75.1011 75.0998 75.3397 75.6856 75.9976 76.2123 76.3330 76.3887 76.4057 76.3980 75.0604
63.4748 67.2373 68.3723 69.4757 70.5632 71.6068 72.4851 73.0994 73.4361 73.5207 73.5419 73.5403 73.5162 73.4681 74.2717 74.8534 75.3811 75.8061 76.1068 76.2978 76.4018 76.4522 76.4751 76.4888 76.4979 76.5057 76.5114 76.5158 76.5172 76.5083 76.4761 76.4068 76.2981 76.1462 75.9533 75.7072 75.4007 75.0370 74.6398 74.2690 74.0192 73.9801 74.1555 74.4430 74.7228 74.9291 75.0531 75.1147 75.1360 73.7971
63.6207 67.2680 68.3696 69.4469 70.4629 71.3145 71.9152 72.2507 72.3624 72.3905 72.4004 72.4074 72.4019 73.1149 73.7128 74.2285 74.6450 74.9430 75.1339 75.2407 75.2939 75.3191 75.3333 75.3429 75.3509 75.3589 75.3666 75.3725 75.3769 75.3778 75.3684 75.3369 75.2713 75.1669 75.0207 74.8318 74.5912 74.2923 73.9386 73.5528 73.1900 72.9336 72.8611 72.9804 73.2136 73.4594 73.6527 73.7763 73.8415 72.5364
64.9945 65.9924 67.1078 68.1828 69.1902 70.0372 70.6427 70.9899 71.1212 71.1594 71.1735 71.1836 71.2377 71.8654 72.4602 72.9759 73.3932 73.6955 73.8917 74.0040 74.0615 74.0893 74.1047 74.1147 74.1230 74.1310 74.1385 74.1445 74.1487 74.1490 74.1386 74.1065 74.0412 73.9376 73.7923 73.6037 73.3638 73.0669 72.7168 72.3365 71.9780 71.7184 71.6274 71.7137 71.9106 72.1276 72.3030 72.4160 72.4565 72.4062
