#Transition Function.
-0.02   1.82    -0.04  
0.13    -0.57   0.08   
-0.02   -0.35   -0.03  
#Transition Function.
-0.04   -0.39   -0.11  
0.16    0.15    0.39   
-0.06   1.09    -0.20  
#Transition Function.
-0.29   0.02    0.00   
1.36    0.45    0.00   
-0.50   -0.04   -0.00  
#Transition Function.
-0.01   0.01    -0.51  
0.00    0.15    2.01   
0.01    0.00    -0.66  
#Transition Function.
1.43    -0.04   0.00   
0.18    0.50    0.00   
-0.86   -0.20   -0.00  
#Transition Function.
-0.00   -0.02   1.19   
0.00    0.18    0.44   
-0.00   -0.09   -0.69  
#Transition Function.
-0.37   -0.12   -0.00  
-0.37   0.21    0.00   
1.38    0.26    0.00   
#Transition Function.
0.00    -0.06   -0.39  
0.00    0.15    -0.27  
-0.00   0.21    1.35   
