#Value Function.
13.1511 13.5369 13.9298 14.3458 14.7601 15.1683 15.2658 15.2937 15.2910 15.3099 15.3411 15.4062 15.4034 15.3694 15.0788 14.7931 14.5746 14.3621 14.0855 13.8072 13.5348 13.3483 13.1584 12.8827 12.7613 12.5569 12.2673 12.0145 11.7531 11.5578 11.4637 11.4247 11.1238 10.8473 10.7798 10.8085 10.8372 10.8642 10.9013 10.9379 10.9939 11.0245 11.0283 11.0272 11.0242 11.0226 11.0183 11.0021 10.9244 10.7393
13.1659 13.5652 13.9549 14.3573 14.7887 15.2119 15.6637 15.6920 15.7239 15.7109 15.7361 15.7659 15.8484 15.5023 15.1966 14.9820 14.7797 14.4840 14.2007 13.9041 13.7285 13.5447 13.2876 13.1413 12.9363 12.6141 12.3673 12.0810 11.9072 11.6323 11.8095 11.4509 11.1412 11.0517 11.0812 11.1144 11.1429 11.1727 11.1986 11.2395 11.2740 11.3393 11.3659 11.3653 11.3643 11.3603 11.3510 11.2814 11.0806 10.8535
13.1761 13.5761 13.9825 14.3782 14.7904 15.2395 15.6659 16.1843 16.0513 16.1277 16.1396 16.1680 15.9246 15.5994 15.3968 15.1808 15.0574 14.6027 14.2738 13.9061 13.6693 13.3516 13.1379 12.9231 12.7746 12.6597 12.3721 12.2517 11.8972 11.9310 11.5749 11.4334 11.3308 11.3584 11.3884 11.4182 11.4536 11.4813 11.5129 11.5365 11.5832 11.6125 11.6922 11.7107 11.7057 11.7033 11.6486 11.4211 11.1952 10.9215
13.1833 13.5873 13.9918 14.4116 14.8113 15.2340 15.7046 16.0772 16.5241 16.4599 16.5889 16.3702 16.0074 15.8124 15.6487 15.3406 14.9077 14.6208 14.2322 14.0934 13.6905 13.5118 13.1554 12.8668 12.5853 12.4155 12.2723 12.0577 12.1550 11.7716 11.5686 11.5704 11.6346 11.6763 11.7013 11.7333 11.7628 11.8015 11.8270 11.8618 11.8811 11.9372 11.9556 12.0583 12.0610 12.0332 11.7648 11.5425 11.2632 10.9503
13.1923 13.5938 14.0046 14.4176 14.8532 15.2538 15.6699 16.1089 16.5443 16.9091 16.8060 16.3987 16.1931 16.0022 15.5883 15.2325 14.9121 14.5276 14.2147 13.8879 13.9284 13.5115 13.2425 12.8732 12.5286 12.2518 12.0658 11.9087 11.7633 11.7363 11.8195 11.8538 11.9232 11.9907 12.0297 12.0515 12.0870 12.1150 12.1588 12.1798 12.2204 12.2312 12.3035 12.3007 12.4415 12.1076 11.9004 11.6098 11.2881 10.9625
13.1994 13.6037 14.0098 14.4333 14.8532 15.3088 15.6919 16.1398 16.5897 17.0386 16.6777 16.3758 16.1343 15.8003 15.5402 15.1759 14.8294 14.5029 14.1461 13.8288 13.5589 13.6383 13.2180 12.8806 12.5281 12.1962 11.9234 11.7261 11.6365 11.8611 12.1142 12.1804 12.2046 12.2864 12.3559 12.3910 12.4089 12.4502 12.4743 12.5263 12.5387 12.5902 12.5853 12.6855 12.4420 12.2718 11.9647 11.6300 11.2972 10.9806
13.2081 13.6104 14.0213 14.4360 14.8740 15.2979 15.7820 16.1459 16.6254 16.4823 16.5267 16.1910 15.9474 15.6895 15.3811 15.1045 14.7680 14.4327 14.1075 13.7689 13.4587 13.2241 13.1809 12.8574 12.5280 12.1898 11.8697 11.7316 11.8381 11.9915 12.2356 12.5191 12.5430 12.5614 12.6613 12.7298 12.7604 12.7733 12.8241 12.8396 12.9058 12.9021 12.9739 12.7823 12.6624 12.3274 11.9795 11.6363 11.3110 11.0346
13.2151 13.6200 14.0270 14.4501 14.8722 15.3280 15.7502 16.2757 16.1152 16.1240 16.2892 16.0764 15.7650 15.5104 15.2528 14.9648 14.6847 14.3669 14.0431 13.7233 13.3985 13.0998 12.8775 12.7666 12.4936 12.1818 11.9549 12.0043 12.0866 12.1965 12.3539 12.6202 12.9451 12.9024 12.9165 13.0515 13.1113 13.1381 13.1440 13.2104 13.2092 13.3004 13.1397 13.0778 12.6959 12.3365 11.9838 11.6454 11.3609 11.1637
13.2220 13.6269 14.0379 14.4534 14.8885 15.3046 15.7209 15.7520 15.7712 15.8477 15.9410 15.8155 15.6144 15.3387 15.0844 14.8294 14.5549 14.2775 13.9738 13.6612 13.3487 13.0359 12.7487 12.5295 12.3802 12.2620 12.2901 12.3072 12.3632 12.4508 12.5634 12.7232 13.0147 13.1632 13.2211 13.2954 13.4566 13.4989 13.5253 13.5198 13.6121 13.5180 13.3265 13.0348 12.7015 12.3400 11.9881 11.6871 11.5082 11.2971
13.2219 13.6357 14.0425 14.4595 14.8574 15.2064 15.2845 15.3198 15.4252 15.5116 15.4587 15.4979 15.3985 15.1777 14.9188 14.6686 14.4175 14.1531 13.8811 13.5892 13.2871 12.9831 12.6813 12.4043 12.4463 12.5652 12.6343 12.6553 12.6677 12.7316 12.8242 12.9393 13.0988 13.4333 13.4709 13.6014 13.6819 13.8794 13.8897 13.9242 13.8767 13.6165 13.1997 12.9350 12.6528 12.3338 12.0141 11.8624 11.6371 11.4623
13.2029 13.6387 14.0395 14.4152 14.7205 14.8251 14.8745 14.9656 15.0505 15.1096 15.1309 15.0890 15.0977 15.0492 14.7700 14.5103 14.2630 14.0163 13.7600 13.4946 13.2130 12.9211 12.6424 12.6632 12.7193 12.8206 12.9526 13.0149 13.0281 13.0348 13.1102 13.2069 13.3244 13.4782 13.8286 13.8165 14.0226 14.0677 14.3264 14.1471 13.8128 13.4882 13.2077 12.8447 12.5627 12.3385 12.2341 11.9791 11.8034 11.6863
13.1403 13.6266 13.9814 14.2566 14.3760 14.4368 14.5191 14.5999 14.6674 14.7642 14.8308 14.7093 14.6571 14.6491 14.6927 14.3811 14.1145 13.8681 13.6253 13.3760 13.1175 12.8453 12.9968 13.0147 13.0331 13.0942 13.2041 13.3528 13.4030 13.4089 13.4082 13.5005 13.5987 13.7197 13.8631 14.1863 14.1909 14.5083 14.4351 13.9881 13.7303 13.4198 13.1095 12.8194 12.6778 12.6300 12.3250 12.1451 12.0503 11.8810
13.0801 13.5558 13.8108 13.9380 14.0075 14.0847 14.1623 14.2334 14.3210 14.3969 14.3607 14.3734 14.2875 14.2431 14.2322 14.3641 14.0198 13.7339 13.4845 13.2445 13.0012 12.8101 13.0802 13.4411 13.3132 13.3398 13.4944 13.5929 13.7684 13.7968 13.7984 13.7868 13.9045 13.9985 14.1266 14.1967 14.6564 14.4662 14.1165 13.9481 13.6079 13.3322 13.0353 12.8729 13.0584 12.6642 12.4454 12.4652 12.2436 12.0585
12.9949 13.3799 13.5115 13.5875 13.6617 13.7366 13.8084 13.8880 13.9516 13.9572 14.0799 13.9778 13.9684 13.8785 13.9116 13.9146 14.1039 13.6743 13.3680 13.1128 13.0136 13.0311 13.1893 13.4824 13.7045 13.6849 13.7195 13.9120 13.9835 14.2041 14.1930 14.1313 14.1836 14.3222 14.4164 14.5834 14.4986 14.2033 14.0010 13.7277 13.5218 13.2238 13.1471 13.2507 12.8746 12.7198 12.8002 12.5923 12.4509 12.0815
12.9429 13.1016 13.1839 13.2566 13.3284 13.3985 13.4708 13.5279 13.5538 13.6404 13.6592 13.7712 13.6104 13.5527 13.5194 13.6477 13.6415 13.6261 13.3058 13.1884 13.3836 13.3937 13.3976 13.5799 13.9032 13.9846 14.0945 14.0991 14.3532 14.3726 14.3506 14.5357 14.5320 14.5963 14.6998 14.7295 14.2791 14.0295 13.7831 13.5816 13.4619 13.4587 13.5372 13.2038 13.0186 13.0886 12.9137 12.7940 12.4243 12.0886
13.1126 13.3541 13.4501 13.4728 13.4704 13.4699 13.4638 13.4464 13.3824 13.3397 13.4383 13.4767 13.3650 13.2575 13.2922 13.3319 13.3647 13.4101 13.4446 13.5054 13.5654 13.8178 13.6511 13.7160 13.9946 14.2889 14.3441 14.5307 14.4851 14.5119 14.8000 14.6740 14.7331 14.9704 14.9865 14.5258 14.2447 13.9318 13.7936 13.8001 13.7964 13.8651 13.5652 13.3694 13.3733 13.2767 13.1354 12.7464 12.4238 12.0717
13.3166 13.5132 13.7828 13.8507 13.8666 13.8597 13.8509 13.7713 13.7334 13.6796 13.6450 13.6128 13.6026 13.6139 13.6456 13.6815 13.7239 13.7540 13.8054 13.8343 13.9042 13.9420 14.0473 13.9360 14.1208 14.4268 14.7351 14.6934 14.7789 14.9616 14.8393 14.9433 15.1465 15.1674 14.8190 14.5240 14.1272 14.0861 14.1503 14.1476 14.2103 13.9405 13.7461 13.6236 13.6838 13.4355 13.0382 12.7458 12.3922 12.0629
13.5457 13.7226 13.9156 14.2331 14.2525 14.2705 14.1652 14.1388 14.0764 14.0449 14.0078 14.0004 13.9970 13.9949 14.0073 14.0438 14.0798 14.1264 14.1512 14.2126 14.2304 14.3176 14.3264 14.3142 14.2370 14.5574 14.8348 15.1757 15.0496 15.2175 15.1479 15.2436 15.4440 15.0569 14.7362 14.4092 14.2655 14.4816 14.4936 14.5715 14.3258 14.1573 13.8904 13.8675 13.7145 13.3256 13.0363 12.6812 12.3748 12.0374
13.7269 13.9714 14.1308 14.3228 14.7115 14.5607 14.5582 14.4800 14.4563 14.4107 14.4081 14.4052 14.4025 14.3996 14.3961 14.4097 14.4525 14.4868 14.5399 14.5550 14.6336 14.6303 14.7493 14.6524 14.5394 14.4236 14.8239 15.1616 15.5393 15.4108 15.4617 15.5890 15.3362 15.0062 14.6463 14.5193 14.6297 14.6605 14.9478 14.7170 14.5953 14.2455 14.1051 14.0095 13.6002 13.3098 12.9603 12.6569 12.3251 12.0127
13.8156 14.1712 14.4016 14.5458 14.7320 14.9960 14.8881 14.8810 14.8203 14.8253 14.8233 14.8205 14.8176 14.8145 14.8069 14.7833 14.8264 14.8714 14.9021 14.9661 14.9634 15.0718 15.0182 14.9872 14.6924 14.4436 14.8062 15.1331 15.4823 15.7717 15.7143 15.5947 15.2007 14.9012 14.7680 14.8539 14.9402 15.0684 15.0528 15.0014 14.5487 14.2637 14.3285 13.9117 13.6001 13.3294 12.9535 12.6026 12.2922 11.9703
13.8378 14.2649 14.6231 14.8410 14.9680 15.1527 15.3251 15.2210 15.2234 15.2465 15.2484 15.2454 15.2426 15.2375 15.2102 15.1681 15.2082 15.2530 15.3010 15.3249 15.4074 15.3483 15.4667 15.1229 14.7688 14.6041 14.8730 15.2714 15.5171 15.7360 15.9296 15.5465 15.2671 15.0681 15.1363 15.1912 15.2866 15.3800 15.2393 14.7968 14.5424 14.6327 14.2069 13.9803 13.7396 13.3323 12.9584 12.5932 12.2508 11.9352
13.8518 14.2815 14.7224 15.0881 15.2892 15.3965 15.6016 15.6552 15.6137 15.6620 15.6825 15.6807 15.6774 15.6590 15.5544 15.5722 15.6001 15.6435 15.6896 15.7421 15.7537 15.7933 15.5584 15.1868 14.8627 14.8149 15.0375 15.3100 15.7657 15.9399 15.8976 15.6912 15.4851 15.3804 15.4543 15.5851 15.6237 15.5830 15.1264 14.7959 14.8322 14.4486 14.4075 13.9558 13.6028 13.3276 12.9599 12.5957 12.2406 11.9019
13.8576 14.2974 14.7303 15.1942 15.5669 15.7456 15.8289 16.0011 16.0667 16.0074 16.1236 16.1256 16.1232 15.9972 15.9020 15.9515 16.0228 16.0399 16.0902 16.1360 16.1416 16.0173 15.6158 15.2659 15.0845 15.1540 15.2306 15.4870 15.7428 16.1634 16.0956 15.9375 15.6589 15.7853 15.8144 15.8980 15.8820 15.3871 15.1110 14.9614 14.7441 14.5239 14.1388 13.9495 13.5728 13.2305 12.9365 12.5921 12.2403 11.8914
13.8689 14.3010 14.7503 15.1886 15.6819 16.0601 16.2096 16.2702 16.4620 16.4089 16.4479 16.6054 16.4507 16.3314 16.2902 16.3575 16.4021 16.4876 16.4860 16.5500 16.5217 16.0549 15.6732 15.5004 15.4242 15.4763 15.5999 15.6478 15.9321 16.1551 16.3542 16.0424 16.0790 16.0764 16.2618 16.0586 15.6186 15.3725 15.1142 15.0532 14.7245 14.4940 14.1211 13.7678 13.5272 13.1905 12.8615 12.5605 12.2312 11.8882
13.8746 14.3147 14.7500 15.2166 15.6548 16.1878 16.5678 16.6796 16.7155 16.8696 16.8260 16.9093 16.7964 16.6605 16.6962 16.7509 16.8256 16.8601 16.9694 16.9339 16.4530 16.0827 15.9246 15.8683 15.7745 15.8725 15.9096 16.0647 16.0630 16.4081 16.3133 16.3541 16.3675 16.5680 16.2936 15.9521 15.5845 15.2470 15.4278 14.9902 14.6578 14.3243 14.0637 13.7241 13.3932 13.1278 12.8137 12.4974 12.1962 11.8745
13.8831 14.3191 14.7676 15.2081 15.6933 16.0823 16.4530 16.8574 17.1953 17.1583 17.2496 17.2746 17.1114 17.0728 17.1340 17.1629 17.2227 17.3075 17.3232 16.8436 16.5017 16.3569 16.3301 16.2117 16.1982 16.2090 16.3404 16.3438 16.5553 16.4081 16.6056 16.6162 16.8665 16.3788 16.1167 15.8030 15.5587 15.6516 15.1665 14.9129 14.5739 14.2467 13.9292 13.6532 13.3347 13.0202 12.7444 12.4444 12.1396 11.8379
13.8795 14.3310 14.7657 15.2186 15.6076 15.9766 16.3703 16.7860 17.2033 17.6891 17.5987 17.5396 17.4318 17.4818 17.5561 17.6198 17.6381 17.7290 17.2572 16.9421 16.7538 16.8136 16.6567 16.6340 16.6576 16.6506 16.6522 16.8311 16.6446 16.8574 16.8703 17.1175 16.5906 16.3276 15.9454 15.9477 15.8689 15.3872 15.1264 14.7632 14.4823 14.1635 13.8744 13.6276 13.2760 12.9574 12.6526 12.3736 12.0835 11.7848
13.8582 14.3296 14.7598 15.1445 15.5107 15.8947 16.2983 16.7107 17.1519 17.5834 17.9862 17.8958 17.8473 17.8729 17.9794 18.0498 18.1228 17.7100 17.3982 17.2043 17.0931 17.1068 17.0790 17.1024 17.0954 17.1301 17.0698 16.8874 17.0953 17.1004 17.3812 16.8475 16.5915 16.2366 16.2767 16.0573 15.5724 15.4010 14.9900 14.6864 14.4804 14.2098 13.8028 13.4884 13.2234 12.9008 12.5892 12.2919 12.0134 11.7272
13.8014 14.3134 14.6930 15.0553 15.4306 15.8235 16.2286 16.6549 17.0798 17.5245 18.0537 18.3362 18.1921 18.2063 18.3911 18.4909 18.1848 17.8627 17.6889 17.4804 17.5087 17.5576 17.5484 17.5484 17.5860 17.3295 17.2604 17.3412 17.3424 17.6220 17.1100 16.8331 16.4929 16.6745 16.2411 15.8691 15.5427 15.1696 14.9355 14.7287 14.5021 14.1019 13.7945 13.4268 13.1129 12.8366 12.5313 12.2289 11.9385 11.6590
13.7381 14.2519 14.6107 14.9784 15.3645 15.7760 16.2632 16.5967 17.0277 17.5072 17.8860 18.4052 18.7171 18.6142 18.7010 18.6951 18.3304 18.1964 17.9351 17.8875 17.8999 18.0372 18.0468 18.0103 17.7270 17.7324 17.7291 17.6667 17.8577 17.4360 17.0973 16.8837 16.8352 16.4043 16.1280 15.7668 15.4123 15.2687 15.0083 14.8190 14.3918 14.0812 13.7180 13.3984 13.0541 12.7443 12.4632 12.1695 11.8763 11.5890
13.7113 14.1782 14.5472 14.9724 15.3332 15.8132 16.1447 16.5464 17.0523 17.4189 17.8431 18.1852 18.6388 19.0922 19.0467 18.7906 18.7327 18.4053 18.3323 18.3406 18.2991 18.3077 18.5854 18.0813 18.0716 18.2536 18.0717 18.1669 17.7793 17.3635 17.1022 17.0466 16.6352 16.2924 15.9560 15.6343 15.4715 15.3841 15.1668 14.7295 14.3931 14.0064 13.6803 13.3370 13.0872 12.7151 12.3887 12.1024 11.8161 11.5276
13.7524 14.1406 14.5952 14.9545 15.4578 15.7519 16.0793 16.5498 16.9876 17.3456 17.7983 18.0823 18.4483 18.6329 19.1368 19.3119 18.8702 18.8333 18.7613 18.6484 18.5567 18.8577 18.4674 18.4733 18.5930 18.4277 18.4301 18.0423 17.6684 17.3143 17.2823 16.9623 16.5394 16.1885 15.9294 15.7200 15.7533 15.4964 15.0587 14.7289 14.3341 13.9867 13.6200 13.4951 13.0878 12.7210 12.4289 12.0879 11.7838 11.5523
13.7631 14.1987 14.5742 15.0705 15.2984 15.6275 16.0621 16.4841 16.8609 17.2837 17.6049 18.1289 18.1305 18.5583 18.7577 19.1624 19.3793 19.1720 19.0423 18.9602 19.0288 18.8340 18.8516 19.0101 18.7326 18.7116 18.2884 17.9228 17.5843 17.5376 17.2538 16.8235 16.5518 16.2358 16.0628 16.1646 15.9227 15.4553 15.0660 14.6591 14.3126 13.9410 13.7143 13.3053 13.0769 12.8075 12.4437 12.1229 11.9040 11.6712
13.8808 14.1802 14.6603 14.8781 15.1815 15.5892 15.9964 16.3760 16.7825 17.1937 17.6533 17.7972 18.3162 18.3383 18.8960 19.0151 19.4915 19.4731 19.4394 19.3520 19.2706 19.0890 19.4151 19.0981 18.9764 18.4350 18.1664 17.8641 17.8116 17.4906 17.2159 16.9275 16.5288 16.4303 16.5142 16.0556 15.7255 15.4477 15.0381 14.6504 14.2623 13.9868 13.5833 13.3012 13.2038 12.8077 12.4646 12.2633 12.0226 11.8088
13.6888 14.3866 14.5145 14.7458 15.1298 15.5243 15.9077 16.3371 16.7259 17.2292 17.3373 17.7785 18.2059 18.5741 18.7039 19.2766 19.3588 19.6679 19.7207 19.6953 19.4611 19.6191 19.3643 19.2716 18.8323 18.4434 18.1898 18.0834 17.6904 17.6335 17.2042 16.8993 16.8034 16.7532 16.2547 16.0152 15.6260 15.2958 14.9980 14.6225 14.2779 13.8864 13.5731 13.4279 13.0533 12.8058 12.6368 12.3783 12.1562 12.0109
13.7399 14.0890 14.3262 14.6832 15.0659 15.4484 15.8652 16.3072 16.8612 16.9390 17.3606 17.8361 18.1874 18.6509 18.8571 19.0749 19.6821 19.8195 19.8073 19.9457 19.9215 19.6729 19.6563 19.3643 18.8144 18.5602 18.3889 17.9848 17.8773 17.4916 17.3352 17.1553 16.9974 16.5004 16.2465 15.8378 15.5511 15.1977 14.8728 14.5562 14.1988 13.8665 13.7843 13.4083 13.1660 13.0290 12.7420 12.5044 12.3719 12.2430
13.5137 13.9108 14.2495 14.6203 14.9991 15.4065 15.8422 16.3232 16.6006 16.9885 17.4625 17.8784 18.4027 18.6442 19.0410 19.1254 19.4767 20.0750 20.1633 20.2436 20.1258 20.0808 19.7738 19.2222 18.9314 18.8111 18.4412 18.1681 17.8270 17.6332 17.3328 17.1529 16.7280 16.4825 16.0750 15.7768 15.4130 15.1085 14.7730 14.4513 14.1402 14.1093 13.7755 13.5277 13.4422 13.1124 12.8563 12.7375 12.6223 12.4285
13.3512 13.8264 14.1881 14.5680 15.0054 15.3833 15.8271 16.1799 16.6079 17.1240 17.4920 17.8600 18.2496 18.8602 19.1063 19.4778 19.5604 19.9699 20.5075 20.5434 20.5512 20.1426 19.5980 19.3880 19.1785 18.8781 18.5546 18.1919 17.9670 17.5619 17.4544 16.9961 16.6664 16.2898 16.0038 15.6420 15.3293 14.9900 14.7406 14.4030 14.4421 14.1631 13.8840 13.8841 13.4879 13.2103 13.1116 13.0115 12.7999 12.6165
13.3004 13.7671 14.1445 14.5658 15.0005 15.4869 15.8229 16.2802 16.6657 17.1170 17.3756 17.8674 18.3341 18.6499 19.0970 19.5104 19.9915 20.0671 20.5493 20.7473 20.5423 20.0703 19.8181 19.6531 19.2483 18.8689 18.5539 18.3612 17.8462 17.7510 17.2244 16.9402 16.5444 16.2023 15.8505 15.5480 15.1982 15.0342 14.7305 14.7870 14.5765 14.2489 14.1531 13.8594 13.5650 13.4945 13.4176 13.1714 12.9989 12.7845
13.2912 13.7292 14.1377 14.5661 15.0270 15.4625 15.9913 16.2836 16.7808 16.9290 17.4335 17.7922 18.1534 18.6648 19.0041 19.4997 19.8649 20.3030 20.6129 21.1686 20.6234 20.3178 20.0058 19.6383 19.3200 18.9390 18.7230 18.2086 18.0521 17.5355 17.2291 16.7859 16.4617 16.0948 15.7533 15.5158 15.2300 15.0676 15.1272 15.0198 14.6350 14.4467 14.2585 13.9198 13.8853 13.8460 13.5430 13.3899 13.1630 12.9676
13.2927 13.7204 14.1399 14.5828 15.0185 15.4915 15.8281 16.2463 16.4907 16.9510 17.2991 17.6687 18.2079 18.4845 18.9453 19.4111 19.7632 20.2321 20.5540 20.4827 20.6094 20.1633 19.9037 19.5381 19.2549 19.1147 18.6414 18.3757 17.8564 17.5294 17.0861 16.7420 16.3417 16.0033 15.8160 15.5820 15.2809 15.4370 15.5022 15.0421 14.7144 14.7020 14.2904 14.1597 14.3052 13.9075 13.7974 13.5442 13.3480 13.1896
13.2964 13.7227 14.1509 14.5786 15.0164 15.3701 15.7510 16.0614 16.5615 16.8656 17.1985 17.7523 17.9829 18.4222 18.9448 19.2367 19.7681 19.9256 19.9016 20.0482 20.0521 20.1807 19.6714 19.3528 19.0504 18.9269 18.7062 18.1972 17.8498 17.3982 17.0388 16.6687 16.4182 16.2296 15.9487 15.6008 15.6830 15.7033 15.2542 15.0259 15.0490 14.6661 14.4822 14.5678 14.2518 14.2283 13.9316 13.7256 13.6148 13.2384
13.2881 13.7293 14.1461 14.5599 14.9194 15.2903 15.6593 16.1695 16.4095 16.7551 17.3024 17.4977 17.9213 18.4712 18.7107 19.1375 19.3148 19.3427 19.4873 19.5371 19.5622 19.5439 19.5998 19.1641 18.8318 18.6569 18.5802 18.2518 17.8693 17.5006 17.1309 16.7955 16.6142 16.2587 15.9815 15.9954 16.0110 15.5851 15.3873 15.4135 15.0500 14.8600 14.8853 14.6164 14.4584 14.3239 14.0993 14.0618 13.6315 13.2372
13.2656 13.7224 14.1205 14.4889 14.9054 15.2959 15.7784 16.0138 16.3249 16.8623 17.0277 17.4376 17.9963 18.1899 18.5399 18.7237 18.7840 18.8978 18.9636 19.0294 18.9814 19.0035 18.9819 19.0453 18.6555 18.3378 18.2553 18.3197 17.9929 17.6129 17.2211 17.0591 16.6432 16.3991 16.3073 16.3834 15.9867 15.7982 15.7234 15.4486 15.2640 15.2017 15.0272 14.7976 14.6800 14.4365 14.2047 13.7809 13.6105 13.2437
13.2505 13.6958 14.0703 14.4959 14.8816 15.3868 15.6030 15.9322 16.4550 16.6008 16.9829 17.5409 17.6771 17.9687 18.1509 18.2314 18.3285 18.3975 18.4560 18.4871 18.5318 18.4460 18.4626 18.4433 18.5129 18.1564 17.8629 17.8276 18.0559 17.6488 17.4380 17.0524 16.8467 16.6391 16.5803 16.3483 16.2291 16.0558 15.8400 15.6760 15.6093 15.3867 15.1461 15.0255 14.7002 14.3665 14.0412 13.7760 13.4219 13.1909
13.2662 13.6745 14.0763 14.4731 14.9659 15.2354 15.5820 16.1144 16.1689 16.5691 17.1335 17.1814 17.4195 17.5957 17.6882 17.7763 17.8448 17.8998 17.9378 17.9932 18.1313 18.0038 17.9223 17.9432 17.9260 18.0006 17.6672 17.4853 17.4902 17.7546 17.3524 17.0969 16.8162 16.6724 16.3547 16.4968 16.0996 15.9949 15.8427 15.9507 15.5442 15.4404 15.0821 15.0770 14.6337 14.2919 13.9640 13.6513 13.3716 13.0501
13.2654 13.6986 14.1084 14.5205 14.9144 15.2183 15.7449 15.7478 16.0989 16.5571 16.6928 16.8904 17.0570 17.1561 17.2392 17.3060 17.3595 17.4025 17.4622 17.5616 17.5509 17.5690 17.4797 17.4095 17.4436 17.4294 17.5229 17.2051 17.1817 17.1710 17.2558 16.9169 16.6384 16.3630 16.1754 15.9759 15.9500 15.6789 15.5308 15.4406 15.5478 15.1669 15.1397 14.7283 14.5897 14.2305 13.8934 13.5718 13.2672 12.9795
13.2636 13.6952 14.1386 14.5523 14.7910 15.2063 15.3256 15.6331 16.0203 16.1998 16.3785 16.5341 16.6361 16.7162 16.7812 16.8339 16.8801 16.9393 17.0157 17.0224 17.0329 17.0293 17.0307 16.9643 16.9160 16.9755 16.9646 17.1014 16.7729 16.7183 16.6964 16.6921 16.4369 16.1693 15.9107 15.7106 15.5341 15.4501 15.2373 15.0850 15.0364 15.0237 14.7668 14.6496 14.3383 14.1418 13.8265 13.5024 13.1886 12.8864
13.1562 13.7171 14.1198 14.3388 14.7054 14.8899 15.1730 15.5096 15.7088 15.8782 16.0242 16.1269 16.2054 16.2688 16.3211 16.3690 16.4258 16.4881 16.5037 16.5120 16.5122 16.5187 16.5179 16.5113 16.4609 16.4679 16.5570 16.5446 16.5425 16.3194 16.2340 16.2011 16.1633 15.9575 15.7093 15.4645 15.2616 15.0933 14.9790 14.7978 14.6540 14.5903 14.5402 14.3473 14.1951 13.9361 13.7174 13.4277 13.1185 12.8096
13.1195 13.5037 13.7452 14.0073 14.2813 14.5462 14.8432 15.0466 15.2097 15.3522 15.4885 15.5904 15.6682 15.7308 15.7827 15.8306 15.8852 15.9426 15.9772 15.9957 16.0051 16.0079 16.0127 16.0124 16.0025 15.9679 16.0104 16.0414 16.0395 16.0131 15.8510 15.7571 15.7115 15.6543 15.4792 15.2517 15.0202 14.8192 14.6534 14.5232 14.3606 14.2245 14.1484 14.0782 13.9194 13.7572 13.5282 13.3039 13.0317 12.7341
