#Value Function.
10.8954 11.1459 11.3026 11.4664 11.5904 11.6882 11.7299 11.7396 11.7438 11.7618 11.7903 11.8315 11.8643 11.9281 11.9616 12.0451 11.9992 12.0306 11.9828 11.9958 11.8791 11.7785 11.6334 11.4946 11.3743 11.2675 11.1602 11.0338 10.8987 10.8222 10.8411 10.7166 10.6827 10.5983 10.5693 10.5446 10.5151 10.4393 10.3396 10.2545 10.1863 10.1043 10.0018 9.9112  9.9322  9.9141  9.9501  9.8900  9.9177  9.6766 
11.4293 11.6518 11.7774 11.9459 12.1287 12.2561 12.3668 12.4062 12.4115 12.4119 12.4316 12.4606 12.5086 12.5337 12.6148 12.6310 12.7610 12.6646 12.7357 12.5721 12.4845 12.3191 12.1696 12.0436 11.9340 11.8262 11.6932 11.5362 11.4332 11.5275 11.3283 11.3344 11.2155 11.1980 11.1724 11.1534 11.0696 10.9550 10.8634 10.7992 10.7159 10.6028 10.4865 10.4921 10.4707 10.5227 10.4794 10.5527 10.3973 10.1057
11.7344 11.9405 12.0240 12.1477 12.3277 12.5329 12.6573 12.7875 12.8211 12.8209 12.8156 12.8373 12.8644 12.9225 12.9295 13.0407 13.0170 13.2324 12.9734 12.9248 12.7299 12.5724 12.4448 12.3358 12.2326 12.0983 11.9182 11.7918 11.8294 11.6578 11.7601 11.5743 11.5859 11.5544 11.5555 11.4618 11.3280 11.2299 11.1768 11.0951 10.9748 10.8312 10.8030 10.7968 10.8643 10.8102 10.9037 10.7706 10.6001 10.2276
12.0272 12.2594 12.3208 12.3962 12.5173 12.7095 12.9461 13.0561 13.2183 13.2399 13.2343 13.2212 13.2476 13.2690 13.3465 13.3173 13.4863 13.3402 13.3875 13.1390 12.9762 12.8487 12.7398 12.6433 12.5129 12.3045 12.1447 12.1981 11.9720 11.9487 11.9095 11.9874 11.9322 11.9697 11.8613 11.7014 11.5942 11.5603 11.4800 11.3557 11.1786 11.1168 11.1220 11.1712 11.1388 11.2539 11.1126 10.9822 10.6976 10.3400
12.2962 12.5632 12.6598 12.7091 12.7769 12.8920 13.0959 13.3797 13.4534 13.6710 13.6679 13.5970 13.6074 13.6760 13.6778 13.7942 13.6972 13.9022 13.5470 13.3881 13.2634 13.1528 13.0643 12.9472 12.7021 12.5051 12.5243 12.3141 12.2859 12.2380 12.2203 12.2969 12.4081 12.2757 12.0809 11.9590 11.9586 11.8754 11.7566 11.5236 11.4839 11.4505 11.4630 11.4833 11.5580 11.4724 11.3816 11.0460 10.8058 10.5000
12.5508 12.8370 12.9702 13.0728 13.1072 13.1671 13.2713 13.4835 13.8431 13.8385 13.9170 14.0636 14.0184 14.0224 14.1244 14.0838 14.1849 13.9388 13.8092 13.6905 13.5747 13.4931 13.4072 13.1094 12.8807 12.8169 12.6993 12.5385 12.6240 12.5877 12.6464 12.5911 12.7059 12.4667 12.3164 12.3870 12.2387 11.9025 11.8026 11.6397 11.5817 11.6792 11.8515 11.8344 11.8479 11.8316 11.3917 11.1495 10.9810 10.6962
12.7696 13.1030 13.2438 13.3865 13.5021 13.5144 13.5684 13.6544 13.8652 14.3538 14.2343 14.2542 14.4313 14.4637 14.4416 14.5359 14.3408 14.2437 14.1326 14.0064 13.9232 13.9036 13.5220 13.2629 13.2023 12.9314 12.8337 12.9894 12.9263 12.8571 12.8912 12.9459 12.8606 12.6632 12.7852 12.5632 12.1564 12.0556 11.9030 11.8779 11.9994 11.9317 12.0395 12.2802 12.0737 11.7210 11.4954 11.3424 11.2012 10.8645
12.9784 13.3204 13.5234 13.6560 13.8134 13.9514 13.9290 13.9835 14.0414 14.2265 14.5837 14.6713 14.6526 14.7765 14.8739 14.7694 14.6997 14.5927 14.4512 14.3396 14.4567 13.9336 13.6429 13.5899 13.2316 13.1927 13.2295 13.2191 13.1564 13.3074 13.2111 13.3137 13.0039 13.1388 12.9773 12.4848 12.3085 12.1930 12.1767 12.3188 12.2284 12.4328 12.2619 12.2663 12.0632 11.8477 11.7113 11.5904 11.3904 10.9165
13.2162 13.5303 13.7320 13.9580 14.0730 14.2498 14.4264 14.3468 14.4173 14.4342 14.5986 14.8621 15.0840 15.0776 15.1918 15.1760 15.0708 14.9127 14.7661 14.7958 14.3279 14.0287 13.9512 13.5452 13.6389 13.4321 13.4045 13.4703 13.6589 13.5322 13.7899 13.3447 13.4279 13.1123 12.7239 12.5374 12.4481 12.5014 12.6071 12.5326 12.7701 12.4975 12.5562 12.3655 12.2109 12.0899 11.9901 11.8111 11.4112 10.9365
13.4953 13.7794 13.9391 14.1486 14.4133 14.4909 14.6937 14.9367 14.7445 14.7888 14.8520 15.0104 15.2605 15.4548 15.5352 15.5673 15.3899 15.2108 15.1982 14.7360 14.4231 14.3248 13.8767 13.8818 13.6253 13.6695 13.6865 13.8317 13.8714 14.1777 13.6827 13.6770 13.3122 12.9626 12.8507 12.7540 12.7602 12.8513 12.8904 13.0518 12.8080 12.8934 12.7387 12.6008 12.4782 12.3983 12.2643 11.7749 11.4264 10.9411
13.8019 14.0757 14.1982 14.3533 14.5691 14.8979 14.9027 15.1406 15.2847 15.1702 15.2439 15.2818 15.4422 15.7263 15.8028 15.9014 15.6621 15.6372 15.1676 14.8293 14.7186 14.2357 14.1296 13.8402 13.8903 13.9070 13.9882 14.1070 14.2934 13.8988 13.8939 13.4695 13.2425 13.1080 13.0369 13.0221 13.1864 13.1461 13.2719 13.1603 13.2046 13.1513 13.0078 12.8834 12.7686 12.5155 12.0948 11.7787 11.4044 10.9302
14.1273 14.3973 14.5102 14.6255 14.7748 14.9868 15.4271 15.2965 15.5458 15.7451 15.6087 15.7227 15.7167 15.8796 16.2470 16.1228 16.0933 15.6136 15.2543 15.0788 14.5455 14.3415 14.0683 14.0451 14.0832 14.0760 14.2151 14.4403 14.1232 13.8118 13.5403 13.3611 13.3697 13.3800 13.4082 13.4025 13.4599 13.6557 13.5449 13.6146 13.5154 13.4233 13.3217 13.0912 12.8800 12.4444 12.0885 11.7267 11.3835 10.9130
14.4689 14.7365 14.8425 14.9558 15.0640 15.2049 15.3888 15.7550 15.6954 15.9002 16.3142 15.9802 16.0216 16.1863 16.3100 16.5095 16.0706 15.7125 15.3966 14.8998 14.5577 14.4149 14.3325 14.3386 14.2390 14.2884 14.5251 14.0981 13.9091 13.9979 13.5388 13.6749 13.7517 13.7994 13.8013 13.8436 13.8458 13.9403 13.9670 13.9316 13.8553 13.8003 13.4665 13.2702 12.7913 12.4358 12.0796 11.7224 11.3704 10.9049
14.8407 15.0898 15.1916 15.2973 15.4155 15.5146 15.6478 15.8012 16.1375 16.1294 16.2623 16.5607 16.4256 16.4843 16.6792 16.5331 16.2072 15.7639 15.3205 14.9022 14.7897 14.5875 14.6842 14.4266 14.4972 14.7046 14.2571 14.1041 13.6843 13.7428 13.8715 13.9510 14.1183 14.1916 14.2462 14.2292 14.3031 14.2666 14.3956 14.2850 14.3276 13.8823 13.5511 13.1252 12.7868 12.4700 12.0887 11.7271 11.3770 10.9140
15.2507 15.4776 15.5506 15.6570 15.7633 15.8910 15.9778 16.1109 16.2323 16.5430 16.5941 16.6727 16.8632 16.9191 16.9560 16.6779 16.2058 15.7087 15.2723 15.1350 14.9438 14.9616 14.7697 14.8487 14.8647 14.4538 14.3734 13.8582 13.9111 14.0819 14.1631 14.3142 14.3639 14.5813 14.6403 14.7107 14.6559 14.7783 14.6016 14.6674 14.2413 13.8254 13.5162 13.1403 12.8873 12.4689 12.0986 11.7433 11.4082 10.9239
15.6534 15.9141 15.9499 16.0195 16.1358 16.2393 16.3844 16.4512 16.5957 16.6731 16.9372 17.1037 17.0683 17.2617 16.9378 16.5796 16.1043 15.6493 15.4722 15.3047 15.2042 14.9490 15.0929 14.9289 14.5839 14.3648 14.0177 14.0218 14.2023 14.3341 14.5387 14.5852 14.7805 14.7679 15.0715 15.0933 15.1996 15.0017 14.9896 14.5265 14.1643 13.9567 13.5134 13.3454 12.8545 12.4721 12.1150 11.7902 11.3969 10.9374
15.9445 16.3456 16.4136 16.4297 16.4980 16.6297 16.7230 16.8998 16.9306 17.1082 17.1252 17.3122 17.5573 17.1501 16.7337 16.3530 15.9828 15.8114 15.6490 15.5269 15.2952 15.3055 15.0319 14.6224 14.3966 14.0868 14.1068 14.2889 14.4486 14.6496 14.7582 15.0234 14.9998 15.2836 15.1462 15.6079 15.1631 15.1262 14.6727 14.3925 14.1435 13.8336 13.5523 13.0978 12.8409 12.4357 12.0612 11.7057 11.4260 10.9728
16.2525 16.6098 16.8803 16.9253 16.9183 16.9852 17.1420 17.2094 17.4449 17.4069 17.6631 17.6141 17.3978 16.9586 16.6176 16.2224 16.1648 15.9959 15.8143 15.6515 15.4929 15.0820 14.7644 14.4650 14.1338 14.1350 14.3118 14.5458 14.7305 14.8809 15.1182 15.1735 15.5511 15.3879 15.8499 15.4657 15.2757 14.8694 14.5974 14.2068 13.9066 13.8127 13.3759 13.0383 12.6616 12.4270 12.0075 11.6738 11.4646 11.0219
16.6233 16.9281 17.0885 17.4451 17.4509 17.4146 17.4791 17.6790 17.6885 18.0304 17.8119 17.5916 17.3052 17.0462 16.6470 16.5572 16.3777 16.0944 15.9279 15.6485 15.1713 14.8839 14.5513 14.2428 14.1696 14.3406 14.5742 14.7337 15.0006 15.1856 15.3139 15.6188 15.5606 16.1514 15.6621 15.4104 14.9712 14.7225 14.4383 14.0895 13.7366 13.4525 13.2401 12.8914 12.5580 12.2257 11.9359 11.5808 11.2643 10.8159
16.8336 17.3572 17.4216 17.5541 17.8056 17.9365 17.9257 17.9754 18.2525 18.0668 17.8957 17.7215 17.4597 17.0971 16.9564 16.7812 16.4470 16.2551 15.9534 15.4579 15.1493 14.7068 14.3736 14.1625 14.3453 14.6168 14.7618 15.0337 15.1539 15.4752 15.6565 15.7417 16.1766 15.6626 15.5123 15.2535 14.9639 14.5142 14.2872 14.1378 13.6377 13.2765 12.9856 12.7275 12.4137 12.0962 11.7829 11.4818 11.1527 10.6835
16.9499 17.5376 17.9377 17.9171 18.0381 18.2801 18.3888 18.4847 18.4027 18.2193 18.0483 17.7815 17.5869 17.3594 17.1258 16.7730 16.6343 16.3456 15.8144 15.5037 15.0768 14.7286 14.5101 14.3270 14.6020 14.7604 15.0894 15.1784 15.5231 15.5618 15.9808 16.1937 15.6889 15.6156 15.1985 14.9621 14.8189 14.5328 14.0833 13.8078 13.5548 13.1616 12.8177 12.5229 12.2479 11.9507 11.6478 11.3468 11.0428 10.5703
17.0211 17.6421 18.0538 18.5677 18.4121 18.5469 18.8146 18.7465 18.5111 18.5588 18.1262 18.0718 17.7772 17.4181 17.2042 16.9596 16.7713 16.1772 15.8444 15.5236 15.1502 14.9538 14.7901 14.5302 14.7067 15.0764 15.1653 15.6006 15.5751 16.0615 15.9677 15.8312 15.7737 15.4232 15.1899 14.7405 14.4802 14.3781 14.0889 13.6467 13.3321 13.0381 12.6903 12.3643 12.0701 11.7905 11.5033 11.2122 10.9152 10.4503
17.1165 17.7015 18.1540 18.5575 18.9974 18.9179 19.0246 18.8381 18.9211 18.5842 18.4560 18.2288 17.7606 17.5987 17.2967 17.0072 16.4788 16.1524 16.0207 15.5726 15.4081 15.2847 14.9927 14.6884 14.8804 15.1214 15.5930 15.5387 16.1772 15.7837 15.8192 15.5193 15.3189 15.3999 14.9597 14.7757 14.3135 14.0767 13.9486 13.6034 13.2164 12.8757 12.5628 12.2346 11.9209 11.6298 11.3508 11.0709 10.7830 10.3227
17.0785 17.8309 18.1940 18.6798 19.0787 19.4906 19.2926 19.3691 19.0397 18.8750 18.7104 18.2240 17.9770 17.6321 17.3571 16.8579 16.4649 16.2978 15.9818 15.8729 15.7566 15.4742 15.1046 15.0091 15.0006 15.3329 15.5202 16.1949 15.6938 15.6212 15.3282 15.3733 15.1248 14.8570 14.9036 14.5953 14.4374 13.9609 13.7857 13.5865 13.2200 12.8374 12.4633 12.1214 11.7979 11.4914 11.2032 10.9265 10.6462 10.1926
17.1110 17.7375 18.3868 18.6803 19.2312 19.5549 19.7909 19.4152 19.3599 19.1455 18.7161 18.4090 18.1030 17.7089 17.3471 16.9349 16.6551 16.2958 16.2002 15.9550 15.5343 15.4245 15.5704 15.0757 15.1895 15.4390 15.8239 15.5738 15.6447 15.3647 15.1734 14.8862 14.7741 14.6736 14.4121 14.5146 14.3194 14.0222 13.6888 13.5588 13.2463 12.8130 12.4530 12.0709 11.7199 11.3830 11.0776 10.7912 10.5104 10.0665
17.0560 17.8125 18.1913 18.7371 19.1755 19.7316 19.6649 19.5806 19.1921 18.8944 18.5432 18.6306 17.9868 17.7845 17.2870 16.9598 16.6752 16.3895 16.0234 15.6636 15.3600 15.1004 15.2036 15.4639 15.2472 15.3171 15.3272 15.2624 15.1316 15.0597 14.9936 14.7535 14.4906 14.2827 14.2348 14.0512 14.1618 14.1520 13.6686 13.3003 13.1167 12.8666 12.4048 12.0599 11.6830 11.3346 10.9948 10.6812 10.3884 9.9590 
17.0776 17.6910 18.1874 18.6345 19.1217 19.3749 19.3185 19.0789 18.9255 18.6659 18.2873 18.0130 18.0519 17.4767 17.2370 16.8038 16.6065 16.1704 15.8272 15.4667 15.1247 14.8357 14.9343 14.9071 14.9667 15.1152 14.8956 14.8349 14.7432 14.6614 14.6602 14.5589 14.3130 14.2109 13.9761 13.8552 13.7534 13.8583 13.7233 13.2278 12.8786 12.6346 12.4574 12.0009 11.6658 11.3033 10.9589 10.6269 10.3067 9.8899 
16.9930 17.6547 18.0939 18.5223 18.7768 18.8797 18.8731 18.6992 18.4869 18.3835 18.1612 17.7372 17.5149 17.4920 16.9619 16.6823 16.3515 16.3023 15.7008 15.3063 14.9372 14.6134 14.5071 14.5313 14.6157 14.6378 14.7311 14.4474 14.3511 14.2915 14.2401 14.3101 14.2373 13.8685 13.6944 13.6030 13.4987 13.4165 13.3191 13.2120 12.7815 12.4471 12.1908 12.0409 11.6206 11.2743 10.9374 10.5997 10.2901 9.8564 
16.9394 17.5588 17.9504 18.2120 18.3984 18.4269 18.6440 18.5031 18.1754 17.9767 17.9418 17.7227 17.2801 17.0590 16.9488 16.4504 16.1203 15.8376 15.7658 15.2029 14.7904 14.4304 14.1631 14.1626 14.1940 14.2824 14.4103 14.3098 14.0644 13.9131 13.8927 13.8831 13.7712 13.8379 13.4379 13.2845 13.1851 13.1215 12.9543 12.8751 12.7143 12.3368 12.0174 11.7655 11.5953 11.2747 10.8991 10.6381 10.2746 9.8343 
16.8387 17.4006 17.6671 17.8615 17.9088 18.0599 18.0937 18.3025 18.0793 17.6432 17.4429 17.4581 17.2228 16.9283 16.5621 16.5049 15.9517 15.5910 15.3173 15.0960 14.6699 14.2816 13.9472 13.7981 13.8411 13.9261 13.9581 13.9023 13.9269 13.6517 13.5209 13.4786 13.4462 13.3347 13.4127 13.0742 12.9300 12.7380 12.7353 12.5232 12.5415 12.2199 11.8884 11.5905 11.3434 11.1373 11.0277 10.5645 10.2418 9.7950 
16.6747 17.1440 17.4151 17.4289 17.5097 17.5802 17.7332 17.7866 18.0106 17.5745 17.1414 17.1252 16.9711 16.8462 16.6356 16.1494 15.8666 15.4286 15.0739 14.7849 14.5081 14.1413 13.7854 13.4944 13.4869 13.5370 13.5515 13.5494 13.5374 13.4429 13.3055 13.1200 13.0581 13.0234 12.9319 12.9620 12.8102 12.5091 12.3295 12.3940 12.1199 11.9978 11.7359 11.4436 11.1671 10.9276 10.7258 10.5271 10.1720 9.7287 
16.4337 16.8702 17.0068 16.9991 17.0723 17.2107 17.3757 17.4441 17.4324 17.4748 17.1469 16.7662 16.7675 16.5555 16.5636 16.2966 15.7296 15.3531 14.9245 14.5691 14.2645 13.9662 13.6299 13.3086 13.1444 13.1617 13.1799 13.1848 13.1471 13.1426 12.9502 12.8735 12.7975 12.6537 12.6113 12.5508 12.6218 12.4411 12.1157 11.9569 11.8669 11.6714 11.5052 11.2703 11.0071 10.7504 10.5191 10.3099 10.0786 9.6175 
16.1566 16.5319 16.5243 16.5820 16.7114 16.9055 16.9687 16.9783 17.0678 16.9709 17.0320 16.8535 16.5104 16.2555 16.1489 16.0418 15.8515 15.3018 14.8746 14.4527 14.0835 13.7679 13.4634 13.1462 12.8708 12.8069 12.8176 12.8141 12.8229 12.7320 12.7340 12.5232 12.4277 12.4215 12.2632 12.2434 12.2277 12.2382 12.0741 11.7822 11.5724 11.4100 11.2262 11.0440 10.8237 10.5818 10.3417 10.1172 9.8968  9.4661 
15.8012 15.9761 16.1046 16.2232 16.3981 16.5479 16.6539 16.6156 16.6308 16.6699 16.5182 16.7492 16.4646 16.1301 15.7811 15.7246 15.5927 15.2991 14.8441 14.4267 14.0808 13.6833 13.3368 13.0997 12.7232 12.4839 12.4640 12.4665 12.4449 12.4804 12.3244 12.3213 12.1108 12.0371 12.0433 11.9102 11.8974 11.8798 11.8909 11.6894 11.4878 11.1925 10.9901 10.7981 10.6073 10.3955 10.1689 9.9418  9.7162  9.2953 
15.3252 15.6173 15.7470 15.9118 16.0811 16.3630 16.1843 16.1984 16.3031 16.2005 16.1930 16.1573 16.2081 16.1468 15.7427 15.3487 15.3107 15.1590 14.8288 14.5375 14.0946 13.7477 13.3710 12.9970 12.7893 12.3915 12.1353 12.1174 12.1179 12.0861 12.1863 11.9266 11.8634 11.7487 11.6691 11.6855 11.5633 11.5514 11.5136 11.6053 11.2855 11.1738 10.8309 10.5959 10.3892 10.1914 9.9845  9.7686  9.5443  9.1276 
14.9670 15.2796 15.4438 15.6279 15.9214 15.8476 15.8119 15.8215 15.9987 16.1320 15.7719 15.7568 15.7276 15.6640 15.7037 15.3481 14.9491 14.9546 14.8682 14.5355 14.1867 13.7967 13.4095 13.0736 12.7456 12.5114 12.1163 11.7983 11.7746 11.7881 11.7450 11.6594 11.5237 11.6021 11.4769 11.3218 11.3235 11.2625 11.2152 11.2767 11.1123 10.9450 10.8467 10.4711 10.2133 9.9958  9.7931  9.5891  9.3735  8.9619 
14.6472 14.9906 15.1995 15.5079 15.5073 15.4400 15.4118 15.5243 15.7185 15.7817 15.8079 15.4034 15.2947 15.2934 15.3087 15.4271 14.8720 14.5391 14.4925 14.7104 14.1112 13.8264 13.4759 13.1236 12.7907 12.4882 12.1740 11.8567 11.5907 11.4475 11.4030 11.3178 11.2614 11.2185 11.2846 11.2490 10.9944 10.9464 10.9220 10.8894 10.8511 10.7742 10.6284 10.3995 10.0932 9.8375  9.6155  9.4099  9.2006  8.7977 
14.3749 14.7656 15.0725 15.2007 15.0773 15.0426 15.0670 15.2316 15.3671 15.3514 15.2710 15.4039 15.0932 14.9466 14.9121 14.9222 14.9093 14.4139 14.1973 14.0908 14.3212 13.7125 13.4076 13.1760 12.8367 12.5714 12.2269 11.9689 11.6942 11.4481 11.1916 11.0149 10.9493 10.9350 10.9378 10.8661 10.7620 10.6456 10.6138 10.6224 10.5456 10.5034 10.5823 10.2566 10.0029 9.7214  9.4711  9.2473  9.0331  8.6414 
14.1513 14.5468 14.7879 14.7169 14.6983 14.6635 14.7611 14.8824 14.9264 15.0203 14.9289 14.8739 14.9740 14.6196 14.5663 14.5209 14.5517 14.4993 14.0052 13.8154 13.7052 13.8760 13.3161 13.0207 13.0240 12.6243 12.3625 12.0680 11.8279 11.5565 11.2998 11.0467 10.7881 10.6351 10.6061 10.5458 10.4504 10.3660 10.3245 10.3220 10.2909 10.2383 10.1690 10.3415 9.9176  9.6496  9.3651  9.1163  8.8847  8.5063 
13.9322 14.3012 14.3833 14.3350 14.3021 14.3133 14.4174 14.4836 14.6493 14.5496 14.5705 14.5170 14.4497 14.5527 14.2151 14.1841 14.1543 14.1839 14.1377 13.6419 13.4184 13.3045 13.4811 12.9237 12.6367 12.7683 12.4788 12.2228 11.9321 11.6706 11.4142 11.1444 10.8796 10.6236 10.4590 10.4845 10.4979 10.3538 10.1676 10.0260 10.2048 9.9470  9.9541  9.8772  9.9843  9.5846  9.3182  9.0292  8.7738  8.4120 
13.6827 13.9793 13.9542 13.9532 13.9326 13.9713 14.0518 14.1820 14.2659 14.2090 14.1602 14.1235 14.1036 14.0394 14.1569 13.8759 13.8193 13.8444 13.9197 13.7802 13.3298 13.0346 12.9564 12.8557 12.4943 12.3121 12.6376 12.3356 12.0502 11.7933 11.5110 11.2409 10.9599 10.7687 10.7893 10.7873 10.7107 10.5258 10.2471 10.0201 9.7947  9.7503  9.6459  9.6449  9.6705  9.6464  9.2817  9.0583  8.7354  8.3551 
13.3732 13.6043 13.5989 13.5726 13.5759 13.6262 13.7425 13.8589 13.9036 13.8226 13.7821 13.7477 13.7113 13.6927 13.6567 13.8073 13.4798 13.4790 13.5034 13.7004 13.4764 13.0213 12.6701 12.6859 12.3691 12.1748 12.1174 12.4671 12.1860 11.8845 11.6166 11.3070 11.0723 11.1511 11.0825 11.1404 10.9096 10.5788 10.3621 10.1130 9.8311  9.5478  9.3972  9.3736  9.3764  9.4803  9.4074  8.9816  8.6975  8.3072 
13.0370 13.3580 13.2257 13.2140 13.2252 13.3143 13.4167 13.4737 13.5162 13.5703 13.4117 13.3751 13.3452 13.3184 13.3325 13.3347 13.5190 13.1364 13.2126 13.2154 13.4131 12.9915 12.6640 12.3166 12.1718 11.9284 12.0050 11.9608 12.2780 12.0100 11.6641 11.4019 11.3262 11.3738 11.5636 11.3008 10.9480 10.7203 10.4630 10.1651 9.8671  9.6001  9.2885  9.1134  9.1431  9.1520  9.0741  8.9379  8.6290  8.2341 
12.7446 12.8688 12.8956 12.8634 12.8999 12.9905 13.0540 13.1071 13.1842 13.1842 13.1295 13.0157 12.9835 12.9686 12.9702 13.0549 13.0190 13.0245 12.8427 12.9227 12.8780 13.0984 12.5931 12.3608 11.9528 11.7291 11.6478 11.8252 11.7829 12.0283 11.7367 11.6590 11.4674 11.7219 11.7149 11.2706 11.1160 10.6898 10.5212 10.1885 9.9409  9.5861  9.3342  9.0294  8.8736  8.8557  8.7856  8.6797  8.5192  8.1024 
12.3168 12.4890 12.5259 12.5326 12.5791 12.6465 12.7159 12.8692 12.8497 12.8113 12.9229 12.6873 12.6347 12.6203 12.6412 12.6657 12.6746 12.6671 12.6285 12.5406 12.6053 12.5366 12.8262 12.2364 11.9036 11.5615 11.4212 11.4417 11.5915 11.5386 11.7610 11.4968 11.6344 11.6623 11.4482 11.3274 10.9296 10.9362 10.4351 10.1637 9.8427  9.6688  9.3220  9.0614  8.8010  8.5861  8.5109  8.4133  8.2925  7.9103 
11.9462 12.1284 12.1736 12.2012 12.2499 12.3242 12.4395 12.4644 12.4752 12.5025 12.4755 12.5933 12.3066 12.2853 12.2967 12.3145 12.3221 12.3099 12.3690 12.2872 12.2273 12.3252 12.2473 12.2324 11.8131 11.4770 11.1879 11.1962 11.2163 11.3346 11.2919 11.2745 11.2620 11.2578 11.1642 11.0035 10.8298 10.5750 10.5296 10.1017 9.8191  9.5903  9.3694  9.1161  8.7946  8.5100  8.2912  8.1689  8.0496  7.6912 
11.5988 11.7846 11.8335 11.8725 11.9379 12.0320 12.0749 12.1165 12.1894 12.1434 12.1724 12.1303 12.0476 11.9586 11.9604 11.9725 11.9773 11.9909 11.9876 11.9530 11.9414 11.9358 11.9890 11.8984 11.7250 11.3893 11.0746 10.8934 10.9505 10.9728 10.9804 10.9594 10.9474 10.9135 10.8263 10.7060 10.5562 10.3839 10.1945 10.1464 9.8267  9.5140  9.4544  9.0673  8.7777  8.4809  8.2016  7.9885  7.8340  7.4954 
11.2677 11.4532 11.5039 11.5605 11.6415 11.6961 11.7615 11.9567 11.8217 11.8259 11.8374 11.7811 11.7100 11.6524 11.6329 11.6391 11.6482 11.6538 11.6458 11.6275 11.6132 11.6410 11.6172 11.7190 11.6949 11.3007 10.9757 10.6985 10.6359 10.6590 10.6621 10.6518 10.6308 10.5871 10.5061 10.3894 10.2669 10.1237 9.9645  9.8130  9.7554  9.6458  9.2416  9.0361  8.7239  8.4364  8.1540  7.8941  7.6773  7.3395 
10.9479 11.1333 11.1919 11.2642 11.3250 11.3997 11.5372 11.5341 11.5393 11.6454 11.6358 11.4568 11.3865 11.3381 11.3164 11.3161 11.3228 11.3250 11.3178 11.3047 11.3122 11.4687 11.3404 11.3553 11.2606 11.1487 10.8552 10.5635 10.3634 10.3518 10.3551 10.3454 10.3206 10.2725 10.1927 10.0867 9.9672  9.8441  9.7069  9.5616  9.4554  9.3450  9.1850  8.8933  8.6505  8.3689  8.0918  7.8228  7.5691  7.1417 
10.4203 10.7774 10.8790 10.9439 11.0110 11.0980 11.1733 11.2109 11.2473 11.3890 11.2584 11.1595 11.0698 11.0241 11.0020 10.9978 11.0008 11.0013 10.9953 10.9916 11.0357 11.0642 11.0559 11.0013 10.9301 10.7716 10.5350 10.2802 10.1169 10.0586 10.0522 10.0413 10.0139 9.9635  9.8862  9.7857  9.6715  9.5480  9.4156  9.2876  9.1716  9.0484  8.8661  8.6311  8.3701  8.1063  7.8371  7.5747  7.2609  6.5668 
