#Value Function.
31.4128 31.5440 32.3942 33.2668 34.1294 34.9338 35.5571 35.6996 35.7291 35.5759 35.7778 38.7976 40.7626 41.8680 42.7509 43.5725 44.3909 45.2091 46.0401 46.7486 47.1697 47.2939 47.3307 47.3257 47.3320 47.3428 47.3694 52.5025 54.3876 55.1848 55.6876 56.1194 56.2870 56.3656 56.3912 56.4707 59.2898 60.4045 60.8019 60.8837 60.8181 60.5183 60.1468 59.9057 59.7631 59.6902 59.6671 59.6424 59.6157 59.5278
30.4928 32.5361 33.3782 34.2611 35.1208 35.9111 36.4908 36.5177 36.5311 36.3338 36.6291 40.3445 41.9729 42.8990 43.7452 44.5554 45.3742 46.1923 47.0265 47.7042 48.0567 48.1138 48.1359 48.1220 48.1320 48.1436 48.1738 54.5836 55.5224 56.1472 56.5946 57.0145 57.1155 57.1723 57.1720 57.2255 60.6437 61.1225 61.2616 61.2656 61.1626 60.9073 60.6744 60.5700 60.5002 60.4641 60.4579 60.4349 60.4083 59.7259
30.3657 32.4337 33.3998 34.2229 35.1234 35.9819 36.7806 37.3733 37.0222 37.4496 37.5438 37.6160 41.7278 42.8759 43.7610 44.6024 45.4046 46.2272 47.0425 47.8987 48.5727 48.8860 48.8894 48.9197 48.9279 48.9598 48.9995 54.3110 55.4916 56.4110 56.9895 57.4103 57.8659 57.8902 57.9536 58.0158 60.5740 61.3908 61.6730 61.7067 61.6467 61.5512 61.4150 61.3046 61.2532 61.2434 61.2215 61.1957 61.1662 60.4804
30.2642 32.1160 33.2905 34.2750 35.0598 35.9917 36.8404 37.6511 38.3012 38.3345 38.4068 38.4536 40.9874 42.7173 43.7640 44.6175 45.4606 46.2513 47.0819 47.8892 48.7769 49.4434 49.7120 49.7113 49.7449 49.7932 49.7926 53.9271 55.2167 56.4021 57.2999 57.8241 58.2178 58.7350 58.7656 58.8434 58.9295 61.6937 62.0761 62.2049 62.2278 62.1531 62.1437 62.0485 62.0241 62.0074 61.9826 61.9573 61.9006 61.2116
31.1913 32.9645 32.5627 34.2598 35.1505 36.0172 36.8410 37.6996 38.5177 39.1995 39.2358 39.3123 39.3630 42.1103 43.6881 44.6369 45.4702 46.3214 47.0939 47.9403 48.7296 49.6645 50.3154 50.5281 50.5903 50.5781 50.5878 50.5834 55.4876 55.9741 57.3494 58.1817 58.6512 59.0129 59.6161 59.6590 59.7467 61.6717 62.4966 62.7521 62.8643 62.8781 62.8317 62.7966 62.7914 62.7678 62.7493 62.6907 62.6110 61.9256
33.8000 35.5606 33.1632 32.9969 35.1833 36.0102 36.8760 37.7050 38.5568 39.3829 40.1051 40.1451 40.2269 40.3352 43.2842 44.6242 45.4979 46.3200 47.1867 47.9296 48.8223 49.6191 50.5534 51.1899 51.3240 51.3783 51.3671 51.3837 54.7613 56.5487 56.6416 58.3672 59.0391 59.4750 59.7909 60.5189 60.5750 60.6730 62.7127 63.3005 63.4973 63.6015 63.6016 63.5710 63.5476 63.5419 63.4821 63.3920 63.3471 62.6628
39.0827 41.6030 35.2223 33.4505 33.3946 36.0376 36.8638 37.7049 38.5673 39.4120 40.2457 41.0198 41.0648 41.1535 41.2188 44.5506 45.4945 46.3581 47.1659 48.0597 48.8187 49.7178 50.5459 51.4355 52.0715 52.1015 52.1687 52.2011 52.1908 56.0913 57.5934 58.4362 59.2280 59.8995 60.2958 60.5452 61.4537 61.5254 61.7805 63.7835 64.0964 64.2774 64.3725 64.3623 64.3240 64.2693 64.1667 64.1325 64.0965 63.3936
42.0833 44.7172 42.4167 34.5461 33.9382 33.8775 33.7846 37.7147 38.5598 39.4274 40.2652 41.1050 41.9465 41.9982 42.1138 44.2002 45.4752 46.3535 47.2201 48.0049 48.9386 49.7335 50.5978 51.3859 52.3270 52.9626 52.9913 53.0066 52.8080 53.1044 57.5474 58.4609 59.2935 60.0896 60.7640 61.1142 61.2648 62.4354 63.5260 64.1781 64.6023 64.9014 65.0548 65.1349 65.0786 65.0472 64.9935 64.9042 64.7131 63.9929
43.3434 45.9231 45.5206 43.4017 35.0866 34.4128 34.1227 34.4556 38.5675 39.4021 40.2467 41.1253 41.9565 42.8895 43.0831 43.0475 45.2682 46.3749 47.2057 48.1020 48.9283 49.8033 50.5845 51.4716 52.2126 53.2332 53.8504 53.4967 53.9271 54.0133 57.2219 58.4700 59.3171 60.1505 60.9519 61.6343 61.9321 61.9335 63.3758 64.4365 65.0187 65.4178 65.6859 65.7907 65.8297 65.6780 65.6762 65.5062 65.1850 64.4544
44.0921 46.6643 46.6215 46.3282 44.4794 35.6416 34.8935 34.6328 34.6923 35.4336 40.2557 41.1181 42.1197 42.8842 43.8199 43.8720 43.9697 46.3880 47.2741 48.1146 48.9725 49.7841 50.6717 51.4314 52.3801 53.1901 54.1255 54.7804 54.8123 54.8272 54.8117 58.4902 59.3220 60.1741 61.0069 61.8147 62.5121 62.7532 62.6549 64.3707 65.3307 65.8393 66.1769 66.3267 66.3407 66.3251 66.2076 65.9505 65.5635 64.8202
44.7492 47.3417 47.3371 47.3135 47.1326 45.6809 36.1945 35.3530 35.1827 35.2198 35.6897 41.2305 42.1118 42.9860 43.8242 44.7641 44.8163 46.4489 47.2899 48.1474 48.9739 49.8375 50.6390 51.5455 52.3877 53.2831 54.0798 55.0140 55.6762 55.2878 57.3043 58.4825 59.2581 60.1925 61.0281 61.8631 62.6772 63.3998 63.5706 63.5375 65.3934 66.1757 66.5538 66.7424 66.7430 66.7593 66.6334 66.3271 65.8388 65.0911
45.3892 48.0084 48.0126 48.0081 47.9978 47.9204 47.0531 36.7405 35.7812 35.7617 35.7638 35.7853 42.1070 42.9630 43.9294 44.7683 45.7084 45.7611 47.3260 48.1603 49.0119 49.8364 50.7209 51.5772 52.4537 53.2796 54.1724 54.9684 55.9009 56.6207 56.1811 58.3769 59.3710 60.2089 61.0467 61.8819 62.7191 63.5384 64.3014 64.3598 64.5563 66.3962 66.8938 67.0913 67.1174 67.0927 66.9461 66.5659 65.9908 65.2547
46.0095 48.6580 48.6823 48.6828 48.6778 48.6738 48.6685 48.6647 37.1819 36.1876 36.3830 36.3760 36.3875 43.0352 43.9032 44.8724 45.7058 46.6541 47.3908 48.1931 49.0281 49.9024 50.7642 51.6325 52.4729 53.3456 54.1716 55.0689 55.9014 56.7702 57.5878 57.6356 59.3840 60.2257 61.0627 61.9010 62.7353 63.5752 64.3962 65.2218 65.9058 66.5939 67.0482 67.3823 67.4064 67.4034 67.2049 66.6864 66.2236 65.4831
46.5795 49.2571 49.3409 49.3543 49.3525 49.3468 49.3435 49.3404 49.3353 36.0587 36.9125 36.9820 36.9847 36.9784 43.9704 44.8249 45.7338 46.5941 47.5357 48.2188 49.0873 49.9507 50.8166 51.6657 52.5288 53.3699 54.2487 55.0912 55.9417 56.7433 57.6346 58.5223 59.3909 60.2396 61.0802 61.9163 62.7555 63.5882 64.4299 65.2377 66.0620 66.6454 67.2795 67.4669 67.5727 67.5814 67.2704 66.9400 66.3660 65.6271
47.0528 49.7623 49.9545 50.0216 50.0247 50.0223 50.0171 50.0261 49.9431 48.9983 37.2158 37.5540 37.5703 37.5709 37.5619 37.5601 45.7085 46.6275 47.5512 48.4048 49.1399 50.0046 50.8596 51.7209 52.5695 53.4377 54.2831 55.1161 55.9359 56.7708 57.5855 58.4960 59.3808 60.2489 61.0948 61.9348 62.7697 63.6105 64.4366 65.2716 66.0395 66.8067 67.2558 67.6787 67.6020 67.5852 67.4354 67.0322 66.4121 65.6699
47.3282 50.0072 50.5062 50.6432 50.7017 50.6930 50.7052 50.7109 50.0352 46.6330 37.1864 38.0136 38.1662 38.1534 38.1545 38.1432 38.1336 46.6454 47.5079 48.4127 49.2675 50.0561 50.9188 51.7760 52.6379 53.4837 54.3157 55.1338 55.9607 56.7783 57.6230 58.4224 59.3634 60.2374 61.1074 61.9494 62.7894 63.6225 64.4623 65.2709 66.0874 66.7510 67.3838 67.6271 67.6637 67.6735 67.5469 67.0739 66.4516 65.7263
47.8119 50.4738 50.6665 51.2751 51.3147 51.3851 51.3893 51.3970 46.1734 49.7766 45.3532 37.7991 38.7623 38.7461 38.7325 38.7200 38.7226 38.7157 47.5081 48.3699 49.2694 50.1218 50.9896 51.8592 52.7047 53.5362 54.3551 55.1675 55.9776 56.8099 57.6205 58.4792 59.2525 60.2403 61.0899 61.9684 62.8024 63.6379 64.4551 65.3009 66.0674 66.8262 67.3461 67.5505 67.6470 67.5418 67.4119 67.0231 66.4164 65.6483
48.8162 51.6121 51.0161 51.3397 52.0767 52.0670 52.0766 52.0779 52.0852 45.2139 45.5157 40.2047 39.3582 39.3426 39.3259 39.3129 39.3005 39.3038 39.2993 48.3715 49.2272 50.1134 51.0876 51.9525 52.8022 53.6189 54.4047 55.2009 56.0152 56.8207 57.6522 58.4218 59.3530 60.0673 61.1340 61.9322 62.5446 62.1664 64.4761 65.2680 66.0408 66.6641 66.9912 67.1997 67.2435 67.1191 66.9949 66.7589 66.2831 65.4881
49.4300 52.2347 52.3596 51.4974 52.7008 52.7578 52.7512 52.7610 52.7622 46.2826 45.7008 44.9044 39.9560 39.9332 39.9193 39.9016 39.8887 39.8776 39.8825 39.8758 39.8833 50.2933 51.6267 52.1490 53.1779 53.7413 54.4989 55.2732 56.0418 56.8446 57.6285 58.4797 59.2923 60.2351 60.8597 60.4889 61.0158 63.4145 64.3126 64.4697 65.8242 66.2106 66.5083 66.5675 66.5800 66.6462 66.4845 66.2825 65.9630 65.1247
49.8515 52.6650 52.9444 53.1456 53.2860 53.3831 53.4382 53.4316 53.4413 53.4276 45.4981 44.7892 40.5946 40.5131 40.5025 40.4882 40.4683 40.4560 40.4430 40.4498 40.4465 40.4630 51.4033 52.4690 53.1598 53.8862 54.5998 55.3042 56.0606 56.8379 57.6671 58.4853 59.3309 59.8324 59.5435 59.8601 59.7375 63.3881 63.8016 64.8609 65.3559 65.6622 65.7782 65.8352 65.8372 65.8535 65.8450 65.6855 65.4631 64.5941
50.1831 53.0101 53.3764 53.6449 53.8379 53.9712 54.0600 54.1145 54.0823 54.1205 54.1162 44.3754 41.4321 41.1000 41.0660 41.0609 41.0444 41.0221 41.0096 41.0024 41.0067 41.0147 51.5945 52.3966 53.1695 53.9812 54.6401 55.3213 56.0628 56.8638 57.6668 58.4349 58.8894 58.8985 58.9245 58.7705 62.1227 63.0404 63.8565 63.9905 64.7741 64.9214 64.9901 65.0200 65.0310 65.0268 65.0254 64.9919 64.8443 63.9570
50.4372 53.2763 53.7295 54.0872 54.3441 54.5245 54.6522 54.7313 54.7851 54.7610 54.7958 54.8080 43.0581 41.7717 41.6176 41.6067 41.6034 41.5838 41.5573 41.5531 41.5502 41.5264 41.5456 41.5735 53.1975 53.9777 54.6236 55.3271 56.0777 56.8459 57.5491 57.9687 58.0316 58.0484 58.0439 58.0427 62.1732 62.8712 62.9224 62.9968 64.0484 64.1276 64.1700 64.1932 64.1900 64.1798 64.1317 64.1632 64.1281 63.2240
50.6093 53.4549 54.0056 54.4476 54.7927 55.0384 55.2051 55.3248 55.3927 55.4376 55.4282 55.4595 47.1216 42.9369 42.1645 42.1312 42.1041 42.0944 42.0906 42.0868 42.0879 42.0511 42.0429 42.0444 53.1478 53.8273 54.5898 55.2940 56.0246 56.6709 57.0634 57.1602 57.1769 57.1756 57.8277 60.8923 61.9000 61.9380 62.0018 63.0617 63.2617 63.3126 63.3517 63.3588 63.3238 63.3649 63.3167 63.3022 63.3051 62.3998
50.7147 53.5638 54.1889 54.7303 55.1607 55.4930 55.7232 55.8761 55.9784 56.0315 56.0564 56.0698 56.0724 46.2179 42.8956 42.6064 42.6086 42.5915 42.6003 42.6137 42.5914 42.5727 42.5443 42.4790 43.2134 53.6984 54.3843 55.0877 55.8037 56.1688 56.2898 56.3410 56.4955 57.3760 59.7921 60.8890 60.9587 61.0269 62.0811 62.3796 62.4566 62.5086 62.5283 62.5201 62.5598 62.5493 62.5564 62.5007 62.4652 61.5687
50.7686 53.6185 54.3017 54.9182 55.4503 55.8689 56.1835 56.3878 56.5239 56.5963 56.6336 56.6328 56.6454 56.6397 44.8354 43.0583 43.0475 43.0728 43.1063 43.1094 43.0902 43.0684 43.0244 42.8323 42.7912 42.7686 42.7541 54.7918 55.1566 55.3153 55.5267 55.8130 56.7963 58.7846 59.8656 59.9460 60.0188 60.0893 61.4709 61.5897 61.6499 61.6904 61.7205 61.7707 61.7643 61.7829 61.7705 61.7409 61.6742 60.7837
50.7913 53.6395 54.3526 55.0365 55.6425 56.1659 56.5558 56.8476 57.0252 57.1242 57.1605 57.1696 57.1590 57.0903 56.9304 42.8460 43.0944 43.5574 43.5606 43.5770 43.5654 43.5461 43.5022 43.4692 43.3431 43.3198 43.2975 43.2283 43.1678 54.5899 54.9869 55.9938 57.6760 58.7279 59.0710 59.1279 59.1030 59.1549 60.7114 60.7818 60.8340 60.8871 60.9556 60.9848 61.0019 60.9978 60.9979 60.9607 60.9065 60.0133
50.8114 53.6620 54.3698 55.0874 55.7676 56.3542 56.8602 57.2047 57.4549 57.5839 57.6493 57.6297 57.5694 57.4314 57.1610 42.9031 43.3151 43.7274 44.0267 44.0211 44.0376 44.0127 44.0027 43.9154 43.9065 43.8746 43.8007 43.7489 43.6909 43.6551 43.6178 43.5953 43.5748 58.0056 58.0929 58.1271 58.3561 59.4862 59.7368 59.7956 59.8608 59.9409 59.9929 60.0556 60.1726 60.2084 60.2004 60.1713 60.1198 59.2209
50.8137 53.6612 54.3983 55.0934 55.8143 56.4765 57.0297 57.5055 57.7617 57.9415 58.0275 57.9919 57.8838 57.6223 57.2810 43.0704 43.3256 43.7397 44.1754 44.4872 44.4823 44.4987 44.5331 44.4563 44.4366 44.3649 44.3278 44.2696 44.2395 44.2055 44.1860 44.1649 44.1543 44.1566 44.6357 44.6336 44.6286 44.6272 44.6446 44.7527 44.9837 45.1150 45.1647 56.2191 59.2218 59.2369 59.3487 59.3557 59.3211 58.3857
50.8303 53.6779 54.3902 55.1327 55.8071 56.5219 57.1506 57.6494 58.0290 58.1650 58.2391 58.2035 58.0365 57.7133 57.3676 43.0954 43.3358 43.7620 44.1601 44.6283 44.9494 45.0458 44.9616 44.9888 44.9147 44.9049 44.8441 44.8260 44.7882 44.7767 44.7543 44.7462 44.7408 44.7975 45.2182 45.2215 45.2187 45.2241 45.3192 45.5875 45.7131 45.7423 45.7047 45.5261 45.2390 45.1540 55.6056 57.8869 58.3677 57.0205
50.8222 53.6636 54.4167 55.1114 55.8604 56.4904 57.1950 57.7374 58.0900 58.2730 58.2600 58.2810 58.0695 57.7951 57.3499 43.1106 43.4254 43.7621 44.2021 44.5735 45.0987 45.4283 45.5304 45.4458 45.4778 45.4093 45.4126 45.3692 45.3646 45.3421 45.3373 45.3311 45.3352 45.7495 45.7632 45.8114 45.8047 45.8718 46.2010 46.3139 46.3341 46.3013 46.1171 45.7628 45.7381 45.5360 45.2169 44.7570 54.4967 52.5269
50.8452 53.6946 54.3875 55.1547 55.8124 56.5700 57.2120 57.7343 58.1140 58.2303 58.2825 58.2704 58.1230 57.7755 57.3664 43.1867 43.4973 43.8555 44.5707 44.6573 45.0352 45.5856 45.9240 46.0327 45.9483 45.9886 45.9397 45.9500 45.9246 45.9282 45.9194 45.9251 45.9325 46.2784 46.3437 46.3397 46.4028 46.8191 46.9067 46.9120 46.8963 46.7321 46.2555 46.3321 46.1147 45.8100 45.3486 44.7903 45.3436 44.6052
50.8309 53.6726 54.4372 55.0996 55.8882 56.5636 57.1610 57.6638 57.9932 58.1541 58.1566 58.1154 58.0149 57.7453 57.3423 55.3817 43.5227 44.1133 44.3626 45.0836 45.1193 45.5638 46.0958 46.4554 46.5631 46.4937 46.5370 46.5015 46.5168 46.5065 46.5137 46.5142 46.5519 46.8487 46.8518 46.9319 47.2773 47.4603 47.4614 47.4625 47.2738 47.1118 46.9082 46.6543 46.3604 45.9152 45.3503 44.8262 44.3662 43.7734
50.8461 53.6996 54.4106 55.1330 55.6035 56.2997 57.0351 57.4581 57.7037 57.7974 57.8481 57.8663 57.7829 57.5847 57.2919 44.8117 43.7916 44.0123 44.5814 44.8211 45.6338 45.6091 46.0859 46.6592 47.0328 47.1295 47.0745 47.1100 47.0888 47.1033 47.0991 47.1063 47.3343 47.3381 47.4369 47.8713 47.9689 48.0481 47.9786 47.7261 47.6093 47.3643 47.1475 46.8254 46.3918 46.0420 45.4878 44.8892 44.3083 43.7520
50.8280 53.6812 54.3944 54.9267 55.5435 56.3191 56.7763 57.0483 57.1028 57.2080 57.3550 57.4049 57.3941 57.2968 57.0912 55.4522 43.6638 44.1256 44.4755 45.1501 45.7074 46.1442 46.1095 46.5460 47.2781 47.6312 47.7065 47.6696 47.6936 47.6838 47.6894 47.6970 47.8032 47.9215 48.4795 48.4704 48.5477 48.4524 48.0673 47.9814 47.6982 47.5294 47.3179 47.1566 47.0491 46.8480 45.8749 45.1117 44.4113 43.9805
50.7765 53.6376 54.2315 54.8565 55.5717 56.0490 56.3192 56.3473 56.4308 56.5214 56.8349 56.8411 56.8697 56.8584 56.7628 44.8674 43.6913 44.0838 44.6827 45.2197 45.6623 46.2119 46.7151 46.6684 47.1410 47.9435 48.2411 48.2885 48.2677 48.2780 48.2739 48.2959 48.4006 49.0078 48.9475 49.0276 48.9535 48.3167 48.2745 47.9429 47.7886 47.5285 47.3573 47.2337 47.0916 46.9048 46.5431 46.0553 45.4662 44.9030
50.6049 53.4525 53.8594 54.8210 55.2941 55.5571 55.5697 55.6247 55.6897 56.1584 56.2301 56.2454 56.2656 56.2982 56.2838 43.5644 43.6609 44.2042 44.7192 45.1705 45.6783 46.1492 46.7709 47.3433 47.3013 47.7557 48.6411 48.8488 48.8722 48.8545 48.8712 48.8874 49.4884 49.5028 49.5682 49.4522 49.0633 48.5983 48.1475 48.0106 47.6941 47.5757 47.3712 47.2389 47.0751 46.7858 46.4483 45.9486 45.4486 44.8722
50.3868 53.1982 54.0335 54.5275 54.7747 54.7789 54.8306 54.8675 55.4159 55.5424 55.5283 55.6230 55.6296 55.6619 55.6879 43.2488 43.7120 44.2070 44.6711 45.1507 45.6205 46.2032 46.7727 47.3561 48.0195 48.4152 48.3910 49.3822 49.4385 49.4580 49.4571 49.5054 49.6233 50.1358 50.0180 49.5316 49.0034 48.6383 48.2406 47.8915 47.7189 47.3458 46.9726 47.0296 46.9716 46.6732 46.3836 45.9859 45.4402 44.8602
50.3764 53.2366 53.7547 53.9890 53.9874 54.0341 54.0562 54.6192 54.6572 54.7235 54.9240 54.9606 54.9983 54.9975 44.3253 43.1963 43.6789 44.1381 44.6143 45.0856 45.6395 46.2007 46.7760 47.4055 47.9541 48.6882 49.0598 49.9504 49.9609 50.0276 50.0241 50.1028 50.8032 50.6347 50.0694 49.5000 49.0111 48.5281 48.2008 47.8280 47.5122 47.2650 46.8474 46.3763 46.5496 46.5115 46.2146 45.8425 45.4142 44.8004
50.0981 52.9477 53.2081 53.2414 53.2495 53.2588 53.7969 53.8339 53.8932 53.9493 54.2595 54.2996 54.2884 44.8979 42.8445 43.1230 43.5874 44.0606 44.5323 45.0645 45.6204 46.1925 46.8009 47.3700 48.0390 48.5556 49.3844 49.5993 50.7204 50.4365 50.4908 51.5156 51.2860 50.5828 50.0672 49.5149 48.9705 48.4823 47.9180 47.6571 47.3175 47.0022 46.7255 46.3506 45.6969 45.2434 45.7466 45.5929 45.2484 44.4619
49.5777 52.4001 52.4818 52.4736 52.4986 52.5105 53.0878 53.1355 53.1221 53.5014 53.5707 53.5646 45.2008 42.5480 42.5667 43.0086 43.4788 43.9434 44.3856 45.0305 45.6015 46.1935 46.7754 47.4106 47.9787 48.7006 49.1426 50.1243 50.5199 51.1867 52.1845 51.9012 51.1105 50.6677 50.0394 49.4994 48.9513 48.4186 47.9209 47.3104 47.0652 46.7418 46.4308 46.1457 45.7565 45.1797 44.7939 45.0248 43.8007 43.1904
48.8984 51.6836 51.6862 51.7278 51.7340 51.7569 51.8346 52.4334 52.7206 52.8149 52.7932 52.8410 42.2711 42.0198 42.4069 42.8365 43.0958 43.7510 44.3243 45.0009 45.5894 46.1751 46.7922 47.3834 48.0546 48.6041 49.4525 50.0643 51.0199 52.3956 52.2273 51.8853 51.3450 50.6054 50.0761 49.4795 48.9275 48.3825 47.8531 47.3366 46.7077 46.4508 46.1458 45.8402 45.5369 45.1445 44.6251 44.2798 43.6656 43.0681
48.1648 50.9117 50.9663 50.9541 50.9801 50.9924 51.0227 51.9285 51.9298 51.9859 52.0588 42.9046 41.4816 41.7957 42.2040 42.5429 43.1329 43.6975 44.3824 44.9814 45.5678 46.1759 46.7636 47.3359 48.0315 48.8180 49.5251 50.4953 51.7040 51.8384 51.5910 51.6573 51.2812 50.7387 50.0650 49.4977 48.9123 48.3544 47.8098 47.2786 46.6841 46.1661 45.8478 45.5416 45.2356 44.9216 44.5296 44.0570 43.6535 43.0322
47.4570 50.1785 50.2062 50.2195 50.2170 50.2354 51.0534 51.1199 51.1761 51.1952 43.1641 41.0707 41.1835 41.5761 41.9622 42.5199 43.1038 43.7602 44.3684 44.9593 45.5622 46.1764 46.7437 47.4336 48.2039 48.9626 49.9069 50.9172 51.1565 51.0536 51.1774 51.0148 50.9699 50.6436 50.1328 49.5059 48.9238 48.3422 47.7812 47.2345 46.6929 46.1183 45.6101 45.2530 44.9359 44.6266 44.3042 43.9180 43.4717 42.8526
46.7378 49.4264 49.4696 49.4907 49.6089 50.2083 50.3521 50.3279 50.3736 43.1688 40.7055 40.5905 40.9522 41.3667 41.9088 42.4992 43.1387 43.7507 44.3462 44.9512 45.5751 46.1342 46.8350 47.5982 48.3847 49.2933 50.1676 50.4551 50.4248 50.4922 50.4397 50.4911 50.3876 50.2985 50.0024 49.5245 48.9346 48.3508 47.7711 47.2077 46.6579 46.1109 45.5496 45.0470 44.6632 44.3326 44.0173 43.6892 43.3087 42.6799
46.0397 48.6954 48.7710 48.9380 49.4007 49.5648 49.5039 49.5848 42.9988 40.3440 40.0173 40.3325 40.7653 41.3002 41.8913 42.5200 43.1330 43.7317 44.3337 44.9484 45.5337 46.2345 46.9960 47.7943 48.6646 49.4434 49.7539 49.7576 49.8184 49.7947 49.8210 49.8029 49.8220 49.7464 49.6370 49.3604 48.9131 48.3545 47.7765 47.1990 46.6341 46.0814 45.5315 44.9792 44.4792 44.0765 43.7322 43.4092 43.0762 42.4419
45.3976 48.0233 48.2400 48.6127 48.7726 48.7018 48.7903 42.7129 39.9704 39.4630 39.7205 40.1561 40.6879 41.2773 41.8985 42.5114 43.1127 43.7160 44.3281 44.9368 45.6337 46.3944 47.1941 48.0268 48.7363 49.0588 49.1074 49.1493 49.1429 49.1572 49.1510 49.1653 49.1584 49.1613 49.0987 48.9805 48.7188 48.2988 47.7676 47.1998 46.6257 46.0602 45.5050 44.9537 44.4075 43.9085 43.4917 43.1342 42.8026 42.1698
44.8365 47.4918 47.8308 47.9924 47.9766 48.0113 42.3428 39.5762 38.9217 39.1159 39.5460 40.0755 40.6624 41.2780 41.8902 42.4936 43.0984 43.7116 44.3363 45.0331 45.7917 46.5860 47.3835 48.0408 48.3687 48.4491 48.4849 48.4872 48.4962 48.4950 48.5045 48.5041 48.5128 48.5103 48.5047 48.4481 48.3270 48.0777 47.6817 47.1755 46.6201 46.0510 45.4858 44.9289 44.3770 43.8348 43.3358 42.9079 42.5382 41.9126
43.8641 46.4240 47.1895 47.1289 47.2229 41.9612 39.1596 38.3883 38.5180 38.9361 39.4628 40.0468 40.6581 41.2694 41.8744 42.4811 43.0973 43.7335 44.4317 45.1871 45.9717 46.7367 47.3534 47.6826 47.7861 47.8223 47.8286 47.8303 47.8044 47.8448 47.8466 47.8534 47.8556 47.8616 47.8606 47.8503 47.7963 47.6753 47.4369 47.0624 46.5788 46.0373 45.4745 44.9108 44.3530 43.8008 43.2613 42.7616 42.3248 41.7078
43.0068 45.3533 45.7012 46.2820 46.3754 38.7950 37.8727 37.9252 38.3213 38.8423 39.4226 40.0299 40.6404 41.2468 41.8555 42.4754 43.1199 43.8191 44.5698 45.3419 46.0782 46.6645 46.9955 47.1180 47.1580 47.1625 47.1349 47.1534 47.1745 47.1517 47.1864 47.1903 47.1635 47.1978 47.2092 47.2098 47.1969 47.1442 47.0246 46.7964 46.4410 45.9784 45.4514 44.8962 44.3349 43.7770 43.2250 42.6872 42.1864 41.5195
43.8611 44.4961 44.9044 45.3772 44.9408 38.7837 37.3496 37.2726 37.6282 38.1361 38.7105 39.3144 39.9238 40.5308 41.1404 41.7614 42.4080 43.1054 43.8515 44.6165 45.3420 45.9218 46.2635 46.4036 46.4517 46.4587 46.4387 46.4527 46.4698 46.4560 46.4825 46.4869 46.4685 46.4948 46.5069 46.5074 46.4923 46.4377 46.3157 46.0885 45.7384 45.2831 44.7617 44.2098 43.6499 43.0923 42.5412 42.0075 41.5345 41.4595
