#Mean Error.
0.00    0.00    0.00    0.00    0.00    0.00    0.00    0.00   
0.00    0.11    0.00    0.00    0.00    0.00    0.00    0.00   
0.00    0.11    0.17    0.00    0.00    0.00    0.00    0.00   
0.00    0.11    0.17    0.17    0.00    0.00    0.00    0.00   
0.00    0.11    0.17    0.17    0.17    0.00    0.00    0.00   
0.00    0.11    0.17    0.17    0.17    0.17    0.00    0.00   
0.00    0.11    0.17    0.17    0.17    0.17    0.17    0.00   
0.00    0.11    0.17    0.17    0.17    0.17    0.17    0.17   
0.17    0.11    0.17    0.17    0.17    0.17    0.17    0.17   
0.17    0.17    0.17    0.17    0.17    0.17    0.17    0.17   
0.17    0.17    0.16    0.17    0.17    0.17    0.17    0.17   
0.17    0.17    0.16    0.22    0.17    0.17    0.17    0.17   
0.17    0.17    0.16    0.22    0.16    0.17    0.17    0.17   
0.17    0.17    0.16    0.22    0.16    0.16    0.17    0.17   
0.17    0.17    0.16    0.22    0.16    0.16    0.16    0.17   
0.17    0.17    0.16    0.22    0.16    0.16    0.16    0.22   
0.22    0.17    0.16    0.22    0.16    0.16    0.16    0.22   
0.22    0.22    0.16    0.22    0.16    0.16    0.16    0.22   
0.22    0.22    0.22    0.22    0.16    0.16    0.16    0.22   
0.22    0.22    0.22    0.27    0.16    0.16    0.16    0.22   
0.22    0.22    0.22    0.27    0.22    0.16    0.16    0.22   
0.22    0.22    0.22    0.27    0.22    0.22    0.16    0.22   
0.22    0.22    0.22    0.27    0.22    0.22    0.22    0.22   
0.22    0.22    0.22    0.27    0.22    0.22    0.22    0.27   
0.27    0.22    0.22    0.27    0.22    0.22    0.22    0.27   
0.27    0.27    0.22    0.27    0.22    0.22    0.22    0.27   
0.27    0.27    0.20    0.27    0.22    0.22    0.22    0.27   
0.27    0.27    0.20    0.31    0.22    0.22    0.22    0.27   
0.27    0.27    0.20    0.31    0.26    0.22    0.22    0.27   
0.27    0.27    0.20    0.31    0.26    0.26    0.22    0.27   
0.27    0.27    0.20    0.31    0.26    0.26    0.20    0.27   
0.27    0.27    0.20    0.31    0.26    0.26    0.20    0.31   
0.31    0.27    0.20    0.31    0.26    0.26    0.20    0.31   
0.31    0.31    0.20    0.31    0.26    0.26    0.20    0.31   
0.31    0.31    0.19    0.31    0.26    0.26    0.20    0.31   
0.31    0.31    0.19    0.35    0.26    0.26    0.20    0.31   
0.31    0.31    0.19    0.35    0.31    0.26    0.20    0.31   
0.31    0.31    0.19    0.35    0.31    0.25    0.20    0.31   
0.31    0.31    0.19    0.35    0.31    0.25    0.25    0.31   
0.31    0.31    0.19    0.35    0.31    0.25    0.25    0.35   
0.29    0.31    0.19    0.35    0.31    0.25    0.25    0.35   
0.29    0.29    0.19    0.35    0.31    0.25    0.25    0.35   
0.29    0.29    0.24    0.35    0.31    0.25    0.25    0.35   
0.29    0.29    0.24    0.38    0.31    0.25    0.25    0.35   
0.29    0.29    0.24    0.38    0.29    0.25    0.25    0.35   
0.29    0.29    0.24    0.38    0.29    0.29    0.25    0.35   
0.29    0.29    0.24    0.38    0.29    0.29    0.30    0.35   
0.29    0.29    0.24    0.38    0.29    0.29    0.30    0.38   
0.33    0.29    0.24    0.38    0.29    0.29    0.30    0.38   
0.33    0.27    0.24    0.38    0.29    0.29    0.30    0.38   
0.33    0.27    0.29    0.38    0.29    0.29    0.30    0.38   
0.33    0.27    0.29    0.41    0.29    0.29    0.30    0.38   
0.33    0.27    0.29    0.41    0.33    0.29    0.30    0.38   
0.33    0.27    0.29    0.41    0.33    0.33    0.30    0.38   
0.33    0.27    0.29    0.41    0.33    0.33    0.28    0.38   
0.33    0.27    0.29    0.41    0.33    0.33    0.28    0.36   
0.37    0.27    0.29    0.41    0.33    0.33    0.28    0.36   
0.37    0.31    0.29    0.41    0.33    0.33    0.28    0.36   
0.37    0.31    0.33    0.41    0.33    0.33    0.28    0.36   
0.37    0.31    0.33    0.44    0.33    0.33    0.28    0.36   
0.37    0.31    0.33    0.44    0.36    0.33    0.28    0.36   
0.37    0.31    0.33    0.44    0.36    0.37    0.28    0.36   
0.37    0.31    0.33    0.44    0.36    0.37    0.32    0.36   
0.37    0.31    0.33    0.44    0.36    0.37    0.32    0.33   
0.40    0.31    0.33    0.44    0.36    0.37    0.32    0.33   
0.40    0.28    0.33    0.44    0.36    0.37    0.32    0.33   
0.40    0.28    0.31    0.44    0.36    0.37    0.32    0.33   
0.40    0.28    0.31    0.47    0.36    0.37    0.32    0.33   
0.40    0.28    0.31    0.47    0.40    0.37    0.32    0.33   
0.40    0.28    0.31    0.47    0.40    0.40    0.32    0.33   
0.40    0.28    0.31    0.47    0.40    0.40    0.36    0.33   
0.40    0.28    0.31    0.47    0.40    0.40    0.36    0.37   
0.43    0.28    0.31    0.47    0.40    0.40    0.36    0.37   
0.43    0.32    0.31    0.47    0.40    0.40    0.36    0.37   
0.43    0.32    0.34    0.47    0.40    0.40    0.36    0.37   
0.43    0.32    0.34    0.49    0.40    0.40    0.36    0.37   
0.43    0.32    0.34    0.49    0.37    0.40    0.36    0.37   
0.43    0.32    0.34    0.49    0.37    0.43    0.36    0.37   
0.43    0.32    0.34    0.49    0.37    0.43    0.39    0.37   
0.43    0.32    0.34    0.49    0.37    0.43    0.39    0.34   
0.40    0.32    0.34    0.49    0.37    0.43    0.39    0.34   
0.40    0.36    0.34    0.49    0.37    0.43    0.39    0.34   
0.40    0.36    0.38    0.49    0.37    0.43    0.39    0.34   
0.40    0.36    0.38    0.45    0.37    0.43    0.39    0.34   
0.40    0.36    0.38    0.45    0.40    0.43    0.39    0.34   
0.40    0.36    0.38    0.45    0.40    0.45    0.39    0.34   
0.40    0.36    0.38    0.45    0.40    0.45    0.42    0.34   
0.40    0.36    0.38    0.45    0.40    0.45    0.42    0.37   
0.43    0.36    0.38    0.45    0.40    0.45    0.42    0.37   
0.43    0.33    0.38    0.45    0.40    0.45    0.42    0.37   
0.43    0.33    0.41    0.45    0.40    0.45    0.42    0.37   
0.43    0.33    0.41    0.42    0.40    0.45    0.42    0.37   
0.43    0.33    0.41    0.42    0.43    0.45    0.42    0.37   
0.43    0.33    0.41    0.42    0.43    0.48    0.42    0.37   
0.43    0.33    0.41    0.42    0.43    0.48    0.45    0.37   
0.43    0.33    0.41    0.42    0.43    0.48    0.45    0.41   
0.39    0.33    0.41    0.42    0.43    0.48    0.45    0.41   
0.39    0.37    0.41    0.42    0.43    0.48    0.45    0.41   
0.39    0.37    0.38    0.42    0.43    0.48    0.45    0.41   
0.39    0.37    0.38    0.39    0.43    0.48    0.45    0.41   
0.39    0.37    0.38    0.39    0.45    0.48    0.45    0.41   
0.39    0.37    0.38    0.39    0.45    0.50    0.45    0.41   
0.39    0.37    0.38    0.39    0.45    0.50    0.47    0.41   
0.39    0.37    0.38    0.39    0.45    0.50    0.47    0.43   
0.36    0.37    0.38    0.39    0.45    0.50    0.47    0.43   
0.36    0.40    0.38    0.39    0.45    0.50    0.47    0.43   
0.36    0.40    0.35    0.39    0.45    0.50    0.47    0.43   
0.36    0.40    0.35    0.42    0.45    0.50    0.47    0.43   
0.36    0.40    0.35    0.42    0.42    0.50    0.47    0.43   
0.36    0.40    0.35    0.42    0.42    0.46    0.47    0.43   
0.36    0.40    0.35    0.42    0.42    0.46    0.49    0.43   
0.36    0.40    0.35    0.42    0.42    0.46    0.49    0.46   
0.34    0.40    0.35    0.42    0.42    0.46    0.49    0.46   
0.34    0.43    0.35    0.42    0.42    0.46    0.49    0.46   
0.34    0.43    0.39    0.42    0.42    0.46    0.49    0.46   
0.34    0.43    0.39    0.44    0.42    0.46    0.49    0.46   
0.34    0.43    0.39    0.44    0.39    0.46    0.49    0.46   
0.34    0.43    0.39    0.44    0.39    0.48    0.49    0.46   
0.34    0.43    0.39    0.44    0.39    0.48    0.51    0.46   
0.34    0.43    0.39    0.44    0.39    0.48    0.51    0.48   
0.37    0.43    0.39    0.44    0.39    0.48    0.51    0.48   
0.37    0.40    0.39    0.44    0.39    0.48    0.51    0.48   
0.37    0.40    0.42    0.44    0.39    0.48    0.51    0.48   
0.37    0.40    0.42    0.47    0.39    0.48    0.51    0.48   
0.37    0.40    0.42    0.47    0.42    0.48    0.51    0.48   
0.37    0.40    0.42    0.47    0.42    0.50    0.51    0.48   
0.37    0.40    0.42    0.47    0.42    0.50    0.47    0.48   
0.37    0.40    0.42    0.47    0.42    0.50    0.47    0.50   
0.40    0.40    0.42    0.47    0.42    0.50    0.47    0.50   
0.40    0.43    0.42    0.47    0.42    0.50    0.47    0.50   
0.40    0.43    0.44    0.47    0.42    0.50    0.47    0.50   
0.40    0.43    0.44    0.49    0.42    0.50    0.47    0.50   
0.40    0.43    0.44    0.49    0.44    0.50    0.47    0.50   
0.40    0.43    0.44    0.49    0.44    0.46    0.47    0.50   
0.40    0.43    0.44    0.49    0.44    0.46    0.49    0.50   
0.40    0.43    0.44    0.49    0.44    0.46    0.49    0.46   
0.38    0.43    0.44    0.49    0.44    0.46    0.49    0.46   
0.38    0.39    0.44    0.49    0.44    0.46    0.49    0.46   
0.38    0.39    0.41    0.49    0.44    0.46    0.49    0.46   
0.38    0.39    0.41    0.45    0.44    0.46    0.49    0.46   
0.38    0.39    0.41    0.45    0.41    0.46    0.49    0.46   
0.38    0.39    0.41    0.45    0.41    0.49    0.49    0.46   
0.38    0.39    0.41    0.45    0.41    0.49    0.51    0.46   
0.38    0.39    0.41    0.45    0.41    0.49    0.51    0.49   
0.41    0.39    0.41    0.45    0.41    0.49    0.51    0.49   
0.41    0.37    0.41    0.45    0.41    0.49    0.51    0.49   
0.41    0.37    0.44    0.45    0.41    0.49    0.51    0.49   
0.41    0.37    0.44    0.42    0.41    0.49    0.51    0.49   
0.41    0.37    0.44    0.42    0.44    0.49    0.51    0.49   
0.41    0.37    0.44    0.42    0.44    0.51    0.51    0.49   
0.41    0.37    0.44    0.42    0.44    0.51    0.53    0.49   
0.41    0.37    0.44    0.42    0.44    0.51    0.53    0.51   
0.43    0.37    0.44    0.42    0.44    0.51    0.53    0.51   
0.43    0.34    0.44    0.42    0.44    0.51    0.53    0.51   
0.43    0.34    0.46    0.42    0.44    0.51    0.53    0.51   
0.43    0.34    0.46    0.39    0.44    0.51    0.53    0.51   
0.43    0.34    0.46    0.39    0.46    0.51    0.53    0.51   
0.43    0.34    0.46    0.39    0.46    0.53    0.53    0.51   
0.43    0.34    0.46    0.39    0.46    0.53    0.55    0.51   
0.43    0.34    0.46    0.39    0.46    0.53    0.55    0.53   
0.46    0.34    0.46    0.39    0.46    0.53    0.55    0.53   
0.46    0.37    0.46    0.39    0.46    0.53    0.55    0.53   
0.46    0.37    0.48    0.39    0.46    0.53    0.55    0.53   
0.46    0.37    0.48    0.42    0.46    0.53    0.55    0.53   
0.46    0.37    0.48    0.42    0.43    0.53    0.55    0.53   
0.46    0.37    0.48    0.42    0.43    0.54    0.55    0.53   
0.46    0.37    0.48    0.42    0.43    0.54    0.56    0.53   
0.46    0.37    0.48    0.42    0.43    0.54    0.56    0.47   
0.42    0.37    0.48    0.42    0.43    0.54    0.56    0.47   
0.42    0.41    0.48    0.42    0.43    0.54    0.56    0.47   
0.42    0.41    0.50    0.42    0.43    0.54    0.56    0.47   
0.42    0.41    0.50    0.39    0.43    0.54    0.56    0.47   
0.42    0.41    0.50    0.39    0.45    0.54    0.56    0.47   
0.42    0.41    0.50    0.39    0.45    0.56    0.56    0.47   
0.42    0.41    0.50    0.39    0.45    0.56    0.57    0.47   
0.42    0.41    0.50    0.39    0.45    0.56    0.57    0.44   
0.45    0.41    0.50    0.39    0.45    0.56    0.57    0.44   
0.45    0.38    0.50    0.39    0.45    0.56    0.57    0.44   
0.45    0.38    0.47    0.39    0.45    0.56    0.57    0.44   
0.45    0.38    0.47    0.42    0.45    0.56    0.57    0.44   
0.45    0.38    0.47    0.42    0.42    0.56    0.57    0.44   
0.45    0.38    0.47    0.42    0.42    0.57    0.57    0.44   
0.45    0.38    0.47    0.42    0.42    0.57    0.53    0.44   
0.45    0.38    0.47    0.42    0.42    0.57    0.53    0.46   
0.47    0.38    0.47    0.42    0.42    0.57    0.53    0.46   
0.47    0.35    0.47    0.42    0.42    0.57    0.53    0.46   
0.47    0.35    0.49    0.42    0.42    0.57    0.53    0.46   
0.47    0.35    0.49    0.39    0.42    0.57    0.53    0.46   
0.47    0.35    0.49    0.39    0.39    0.57    0.53    0.46   
0.47    0.35    0.49    0.39    0.39    0.58    0.53    0.46   
0.47    0.35    0.49    0.39    0.39    0.58    0.49    0.46   
0.47    0.35    0.49    0.39    0.39    0.58    0.49    0.49   
0.44    0.35    0.49    0.39    0.39    0.58    0.49    0.49   
0.44    0.38    0.49    0.39    0.39    0.58    0.49    0.49   
0.44    0.38    0.51    0.39    0.39    0.58    0.49    0.49   
0.44    0.38    0.51    0.36    0.39    0.58    0.49    0.49   
0.44    0.38    0.51    0.36    0.42    0.58    0.49    0.49   
0.44    0.38    0.51    0.36    0.42    0.59    0.49    0.49   
0.44    0.38    0.51    0.36    0.42    0.59    0.45    0.49   
0.44    0.38    0.51    0.36    0.42    0.59    0.45    0.45   
0.46    0.38    0.51    0.36    0.42    0.59    0.45    0.45   
0.46    0.41    0.51    0.36    0.42    0.59    0.45    0.45   
0.46    0.41    0.53    0.36    0.42    0.59    0.45    0.45   
0.46    0.41    0.53    0.39    0.42    0.59    0.45    0.45   
0.46    0.41    0.53    0.39    0.39    0.59    0.45    0.45   
0.46    0.41    0.53    0.39    0.39    0.60    0.45    0.45   
0.46    0.41    0.53    0.39    0.39    0.60    0.47    0.45   
0.46    0.41    0.53    0.39    0.39    0.60    0.47    0.41   
0.49    0.41    0.53    0.39    0.39    0.60    0.47    0.41   
0.49    0.38    0.53    0.39    0.39    0.60    0.47    0.41   
0.49    0.38    0.54    0.39    0.39    0.60    0.47    0.41   
0.49    0.38    0.54    0.42    0.39    0.60    0.47    0.41   
0.49    0.38    0.54    0.42    0.42    0.60    0.47    0.41   
0.49    0.38    0.54    0.42    0.42    0.61    0.47    0.41   
0.49    0.38    0.54    0.42    0.42    0.61    0.49    0.41   
0.49    0.38    0.54    0.42    0.42    0.61    0.49    0.44   
0.51    0.38    0.54    0.42    0.42    0.61    0.49    0.44   
0.51    0.41    0.54    0.42    0.42    0.61    0.49    0.44   
0.51    0.41    0.56    0.42    0.42    0.61    0.49    0.44   
0.51    0.41    0.56    0.45    0.42    0.61    0.49    0.44   
0.51    0.41    0.56    0.45    0.44    0.61    0.49    0.44   
0.51    0.41    0.56    0.45    0.44    0.62    0.49    0.44   
0.51    0.41    0.56    0.45    0.44    0.62    0.46    0.44   
0.51    0.41    0.56    0.45    0.44    0.62    0.46    0.47   
0.52    0.41    0.56    0.45    0.44    0.62    0.46    0.47   
0.52    0.44    0.56    0.45    0.44    0.62    0.46    0.47   
0.52    0.44    0.51    0.45    0.44    0.62    0.46    0.47   
0.52    0.44    0.51    0.41    0.44    0.62    0.46    0.47   
0.52    0.44    0.51    0.41    0.41    0.62    0.46    0.47   
0.52    0.44    0.51    0.41    0.41    0.63    0.46    0.47   
0.52    0.44    0.51    0.41    0.41    0.63    0.42    0.47   
0.52    0.44    0.51    0.41    0.41    0.63    0.42    0.49   
0.54    0.44    0.51    0.41    0.41    0.63    0.42    0.49   
0.54    0.46    0.51    0.41    0.41    0.63    0.42    0.49   
0.54    0.46    0.53    0.41    0.41    0.63    0.42    0.49   
0.54    0.46    0.53    0.44    0.41    0.63    0.42    0.49   
0.54    0.46    0.53    0.44    0.38    0.63    0.42    0.49   
0.54    0.46    0.53    0.44    0.38    0.63    0.42    0.49   
0.54    0.46    0.53    0.44    0.38    0.63    0.45    0.49   
0.54    0.46    0.53    0.44    0.38    0.63    0.45    0.51   
0.55    0.46    0.53    0.44    0.38    0.63    0.45    0.51   
0.55    0.49    0.53    0.44    0.38    0.63    0.45    0.51   
0.55    0.49    0.55    0.44    0.38    0.63    0.45    0.51   
0.55    0.49    0.55    0.41    0.38    0.63    0.45    0.51   
0.55    0.49    0.55    0.41    0.41    0.63    0.45    0.51   
0.55    0.49    0.55    0.41    0.41    0.64    0.45    0.51   
0.55    0.49    0.55    0.41    0.41    0.64    0.47    0.51   
0.55    0.49    0.55    0.41    0.41    0.64    0.47    0.47   
0.57    0.49    0.55    0.41    0.41    0.64    0.47    0.47   
0.57    0.45    0.55    0.41    0.41    0.64    0.47    0.47   
0.57    0.45    0.56    0.41    0.41    0.64    0.47    0.47   
0.57    0.45    0.56    0.38    0.41    0.64    0.47    0.47   
0.57    0.45    0.56    0.38    0.44    0.64    0.47    0.47   
0.57    0.45    0.56    0.38    0.44    0.64    0.47    0.47   
0.57    0.45    0.56    0.38    0.44    0.64    0.49    0.47   
0.57    0.45    0.56    0.38    0.44    0.64    0.49    0.49   
0.52    0.45    0.56    0.38    0.44    0.64    0.49    0.49   
0.52    0.47    0.56    0.38    0.44    0.64    0.49    0.49   
0.52    0.47    0.52    0.38    0.44    0.64    0.49    0.49   
0.52    0.47    0.52    0.35    0.44    0.64    0.49    0.49   
0.52    0.47    0.52    0.35    0.46    0.64    0.49    0.49   
0.52    0.47    0.52    0.35    0.46    0.65    0.49    0.49   
0.52    0.47    0.52    0.35    0.46    0.65    0.51    0.49   
0.52    0.47    0.52    0.35    0.46    0.65    0.51    0.51   
0.48    0.47    0.52    0.35    0.46    0.65    0.51    0.51   
0.48    0.49    0.52    0.35    0.46    0.65    0.51    0.51   
0.48    0.49    0.53    0.35    0.46    0.65    0.51    0.51   
0.48    0.49    0.53    0.38    0.46    0.65    0.51    0.51   
0.48    0.49    0.53    0.38    0.48    0.65    0.51    0.51   
0.48    0.49    0.53    0.38    0.48    0.60    0.51    0.51   
0.48    0.49    0.53    0.38    0.48    0.60    0.47    0.51   
0.48    0.49    0.53    0.38    0.48    0.60    0.47    0.53   
0.45    0.49    0.53    0.38    0.48    0.60    0.47    0.53   
0.45    0.51    0.53    0.38    0.48    0.60    0.47    0.53   
0.45    0.51    0.55    0.38    0.48    0.60    0.47    0.53   
0.45    0.51    0.55    0.36    0.48    0.60    0.47    0.53   
0.45    0.51    0.55    0.36    0.45    0.60    0.47    0.53   
0.45    0.51    0.55    0.36    0.45    0.61    0.47    0.53   
0.45    0.51    0.55    0.36    0.45    0.61    0.49    0.53   
0.45    0.51    0.55    0.36    0.45    0.61    0.49    0.54   
0.47    0.51    0.55    0.36    0.45    0.61    0.49    0.54   
0.47    0.53    0.55    0.36    0.45    0.61    0.49    0.54   
0.47    0.53    0.51    0.36    0.45    0.61    0.49    0.54   
0.47    0.53    0.51    0.39    0.45    0.61    0.49    0.54   
0.47    0.53    0.51    0.39    0.47    0.61    0.49    0.54   
0.47    0.53    0.51    0.39    0.47    0.56    0.49    0.54   
0.47    0.53    0.51    0.39    0.47    0.56    0.46    0.54   
0.47    0.53    0.51    0.39    0.47    0.56    0.46    0.56   
0.44    0.53    0.51    0.39    0.47    0.56    0.46    0.56   
0.44    0.55    0.51    0.39    0.47    0.56    0.46    0.56   
0.44    0.55    0.52    0.39    0.47    0.56    0.46    0.56   
0.44    0.55    0.52    0.42    0.47    0.56    0.46    0.56   
0.44    0.55    0.52    0.42    0.49    0.56    0.46    0.56   
0.44    0.55    0.52    0.42    0.49    0.52    0.46    0.56   
0.44    0.55    0.52    0.42    0.49    0.52    0.42    0.56   
0.44    0.55    0.52    0.42    0.49    0.52    0.42    0.57   
0.46    0.55    0.52    0.42    0.49    0.52    0.42    0.57   
0.46    0.56    0.52    0.42    0.49    0.52    0.42    0.57   
0.46    0.56    0.54    0.42    0.49    0.52    0.42    0.57   
0.46    0.56    0.54    0.44    0.49    0.52    0.42    0.57   
0.46    0.56    0.54    0.44    0.51    0.52    0.42    0.57   
0.46    0.56    0.54    0.44    0.51    0.48    0.42    0.57   
0.46    0.56    0.54    0.44    0.51    0.48    0.45    0.57   
0.46    0.56    0.54    0.44    0.51    0.48    0.45    0.53   
0.43    0.56    0.54    0.44    0.51    0.48    0.45    0.53   
0.43    0.57    0.54    0.44    0.51    0.48    0.45    0.53   
0.43    0.57    0.50    0.44    0.51    0.48    0.45    0.53   
0.43    0.57    0.50    0.47    0.51    0.48    0.45    0.53   
0.43    0.57    0.50    0.47    0.53    0.48    0.45    0.53   
0.43    0.57    0.50    0.47    0.53    0.50    0.45    0.53   
0.43    0.57    0.50    0.47    0.53    0.50    0.47    0.53   
0.43    0.57    0.50    0.47    0.53    0.50    0.47    0.54   
0.45    0.57    0.50    0.47    0.53    0.50    0.47    0.54   
0.45    0.53    0.50    0.47    0.53    0.50    0.47    0.54   
0.45    0.53    0.46    0.47    0.53    0.50    0.47    0.54   
0.45    0.53    0.46    0.43    0.53    0.50    0.47    0.54   
0.45    0.53    0.46    0.43    0.49    0.50    0.47    0.54   
0.45    0.53    0.46    0.43    0.49    0.52    0.47    0.54   
0.45    0.53    0.46    0.43    0.49    0.52    0.44    0.54   
0.45    0.53    0.46    0.43    0.49    0.52    0.44    0.56   
0.47    0.53    0.46    0.43    0.49    0.52    0.44    0.56   
0.47    0.54    0.46    0.43    0.49    0.52    0.44    0.56   
0.47    0.54    0.43    0.43    0.49    0.52    0.44    0.56   
0.47    0.54    0.43    0.46    0.49    0.52    0.44    0.56   
0.47    0.54    0.43    0.46    0.51    0.52    0.44    0.56   
0.47    0.54    0.43    0.46    0.51    0.53    0.44    0.56   
0.47    0.54    0.43    0.46    0.51    0.53    0.46    0.56   
0.47    0.54    0.43    0.46    0.51    0.53    0.46    0.57   
0.44    0.54    0.43    0.46    0.51    0.53    0.46    0.57   
0.44    0.56    0.43    0.46    0.51    0.53    0.46    0.57   
0.44    0.56    0.45    0.46    0.51    0.53    0.46    0.57   
0.44    0.56    0.45    0.48    0.51    0.53    0.46    0.57   
0.44    0.56    0.45    0.48    0.53    0.53    0.46    0.57   
0.44    0.56    0.45    0.48    0.53    0.55    0.46    0.57   
0.44    0.56    0.45    0.48    0.53    0.55    0.43    0.57   
0.44    0.56    0.45    0.48    0.53    0.55    0.43    0.53   
0.41    0.56    0.45    0.48    0.53    0.55    0.43    0.53   
0.41    0.57    0.45    0.48    0.53    0.55    0.43    0.53   
0.41    0.57    0.48    0.48    0.53    0.55    0.43    0.53   
0.41    0.57    0.48    0.50    0.53    0.55    0.43    0.53   
0.41    0.57    0.48    0.50    0.54    0.55    0.43    0.53   
0.41    0.57    0.48    0.50    0.54    0.51    0.43    0.53   
0.41    0.57    0.48    0.50    0.54    0.51    0.40    0.53   
0.41    0.57    0.48    0.50    0.54    0.51    0.40    0.49   
0.38    0.57    0.48    0.50    0.54    0.51    0.40    0.49   
0.38    0.58    0.48    0.50    0.54    0.51    0.40    0.49   
0.38    0.58    0.44    0.50    0.54    0.51    0.40    0.49   
0.38    0.58    0.44    0.46    0.54    0.51    0.40    0.49   
0.38    0.58    0.44    0.46    0.50    0.51    0.40    0.49   
0.38    0.58    0.44    0.46    0.50    0.52    0.40    0.49   
0.38    0.58    0.44    0.46    0.50    0.52    0.37    0.49   
0.38    0.58    0.44    0.46    0.50    0.52    0.37    0.45   
0.35    0.58    0.44    0.46    0.50    0.52    0.37    0.45   
0.35    0.59    0.44    0.46    0.50    0.52    0.37    0.45   
0.35    0.59    0.41    0.46    0.50    0.52    0.37    0.45   
0.35    0.59    0.41    0.48    0.50    0.52    0.37    0.45   
0.35    0.59    0.41    0.48    0.52    0.52    0.37    0.45   
0.35    0.59    0.41    0.48    0.52    0.48    0.37    0.45   
0.35    0.59    0.41    0.48    0.52    0.48    0.34    0.45   
0.35    0.59    0.41    0.48    0.52    0.48    0.34    0.47   
0.38    0.59    0.41    0.48    0.52    0.48    0.34    0.47   
0.38    0.55    0.41    0.48    0.52    0.48    0.34    0.47   
0.38    0.55    0.44    0.48    0.52    0.48    0.34    0.47   
0.38    0.55    0.44    0.50    0.52    0.48    0.34    0.47   
0.38    0.55    0.44    0.50    0.48    0.48    0.34    0.47   
0.38    0.55    0.44    0.50    0.48    0.50    0.34    0.47   
0.38    0.55    0.44    0.50    0.48    0.50    0.38    0.47   
0.38    0.55    0.44    0.50    0.48    0.50    0.38    0.49   
0.36    0.55    0.44    0.50    0.48    0.50    0.38    0.49   
0.36    0.51    0.44    0.50    0.48    0.50    0.38    0.49   
0.36    0.51    0.40    0.50    0.48    0.50    0.38    0.49   
0.36    0.51    0.40    0.52    0.48    0.50    0.38    0.49   
0.36    0.51    0.40    0.52    0.44    0.50    0.38    0.49   
0.36    0.51    0.40    0.52    0.44    0.52    0.38    0.49   
0.36    0.51    0.40    0.52    0.44    0.52    0.41    0.49   
0.36    0.51    0.40    0.52    0.44    0.52    0.41    0.46   
0.39    0.51    0.40    0.52    0.44    0.52    0.41    0.46   
0.39    0.52    0.40    0.52    0.44    0.52    0.41    0.46   
0.39    0.52    0.43    0.52    0.44    0.52    0.41    0.46   
0.39    0.52    0.43    0.54    0.44    0.52    0.41    0.46   
0.39    0.52    0.43    0.54    0.41    0.52    0.41    0.46   
0.39    0.52    0.43    0.54    0.41    0.54    0.41    0.46   
0.39    0.52    0.43    0.54    0.41    0.54    0.43    0.46   
0.39    0.52    0.43    0.54    0.41    0.54    0.43    0.48   
0.42    0.52    0.43    0.54    0.41    0.54    0.43    0.48   
0.42    0.48    0.43    0.54    0.41    0.54    0.43    0.48   
0.42    0.48    0.46    0.54    0.41    0.54    0.43    0.48   
0.42    0.48    0.46    0.55    0.41    0.54    0.43    0.48   
0.42    0.48    0.46    0.55    0.44    0.54    0.43    0.48   
0.42    0.48    0.46    0.55    0.44    0.50    0.43    0.48   
0.42    0.48    0.46    0.55    0.44    0.50    0.46    0.48   
0.42    0.48    0.46    0.55    0.44    0.50    0.46    0.44   
0.44    0.48    0.46    0.55    0.44    0.50    0.46    0.44   
0.44    0.50    0.46    0.55    0.44    0.50    0.46    0.44   
0.44    0.50    0.48    0.55    0.44    0.50    0.46    0.44   
0.44    0.50    0.48    0.51    0.44    0.50    0.46    0.44   
0.44    0.50    0.48    0.51    0.46    0.50    0.46    0.44   
0.44    0.50    0.48    0.51    0.46    0.52    0.46    0.44   
0.44    0.50    0.48    0.51    0.46    0.52    0.48    0.44   
0.44    0.50    0.48    0.51    0.46    0.52    0.48    0.47   
0.47    0.50    0.48    0.51    0.46    0.52    0.48    0.47   
0.47    0.52    0.48    0.51    0.46    0.52    0.48    0.47   
0.47    0.52    0.44    0.51    0.46    0.52    0.48    0.47   
0.47    0.52    0.44    0.53    0.46    0.52    0.48    0.47   
0.47    0.52    0.44    0.53    0.48    0.52    0.48    0.47   
0.47    0.52    0.44    0.53    0.48    0.48    0.48    0.47   
0.47    0.52    0.44    0.53    0.48    0.48    0.44    0.47   
0.47    0.52    0.44    0.53    0.48    0.48    0.44    0.49   
0.43    0.52    0.44    0.53    0.48    0.48    0.44    0.49   
0.43    0.48    0.44    0.53    0.48    0.48    0.44    0.49   
0.43    0.48    0.47    0.53    0.48    0.48    0.44    0.49   
0.43    0.48    0.47    0.54    0.48    0.48    0.44    0.49   
0.43    0.48    0.47    0.54    0.50    0.48    0.44    0.49   
0.43    0.48    0.47    0.54    0.50    0.44    0.44    0.49   
0.43    0.48    0.47    0.54    0.50    0.44    0.47    0.49   
0.43    0.48    0.47    0.54    0.50    0.44    0.47    0.51   
0.46    0.48    0.47    0.54    0.50    0.44    0.47    0.51   
0.46    0.50    0.47    0.54    0.50    0.44    0.47    0.51   
0.46    0.50    0.49    0.54    0.50    0.44    0.47    0.51   
0.46    0.50    0.49    0.56    0.50    0.44    0.47    0.51   
0.46    0.50    0.49    0.56    0.52    0.44    0.47    0.51   
0.46    0.50    0.49    0.56    0.52    0.47    0.47    0.51   
0.46    0.50    0.49    0.56    0.52    0.47    0.43    0.51   
0.46    0.50    0.49    0.56    0.52    0.47    0.43    0.52   
0.48    0.50    0.49    0.56    0.52    0.47    0.43    0.52   
0.48    0.52    0.49    0.56    0.52    0.47    0.43    0.52   
0.48    0.52    0.51    0.56    0.52    0.47    0.43    0.52   
0.48    0.52    0.51    0.57    0.52    0.47    0.43    0.52   
0.48    0.52    0.51    0.57    0.54    0.47    0.43    0.52   
0.48    0.52    0.51    0.57    0.54    0.43    0.43    0.52   
0.48    0.52    0.51    0.57    0.54    0.43    0.46    0.52   
0.48    0.52    0.51    0.57    0.54    0.43    0.46    0.49   
0.44    0.52    0.51    0.57    0.54    0.43    0.46    0.49   
0.44    0.54    0.51    0.57    0.54    0.43    0.46    0.49   
0.44    0.54    0.52    0.57    0.54    0.43    0.46    0.49   
0.44    0.54    0.52    0.58    0.54    0.43    0.46    0.49   
0.44    0.54    0.52    0.58    0.50    0.43    0.46    0.49   
0.44    0.54    0.52    0.58    0.50    0.46    0.46    0.49   
0.44    0.54    0.52    0.58    0.50    0.46    0.42    0.49   
0.44    0.54    0.52    0.58    0.50    0.46    0.42    0.50   
0.41    0.54    0.52    0.58    0.50    0.46    0.42    0.50   
0.41    0.55    0.52    0.58    0.50    0.46    0.42    0.50   
0.41    0.55    0.54    0.58    0.50    0.46    0.42    0.50   
0.41    0.55    0.54    0.54    0.50    0.46    0.42    0.50   
0.41    0.55    0.54    0.54    0.51    0.46    0.42    0.50   
0.41    0.55    0.54    0.54    0.51    0.42    0.42    0.50   
0.41    0.55    0.54    0.54    0.51    0.42    0.44    0.50   
0.41    0.55    0.54    0.54    0.51    0.42    0.44    0.47   
0.44    0.55    0.54    0.54    0.51    0.42    0.44    0.47   
0.44    0.51    0.54    0.54    0.51    0.42    0.44    0.47   
0.44    0.51    0.55    0.54    0.51    0.42    0.44    0.47   
0.44    0.51    0.55    0.55    0.51    0.42    0.44    0.47   
0.44    0.51    0.55    0.55    0.53    0.42    0.44    0.47   
0.44    0.51    0.55    0.55    0.53    0.45    0.44    0.47   
0.44    0.51    0.55    0.55    0.53    0.45    0.46    0.47   
0.44    0.51    0.55    0.55    0.53    0.45    0.46    0.49   
0.46    0.51    0.55    0.55    0.53    0.45    0.46    0.49   
0.46    0.53    0.55    0.55    0.53    0.45    0.46    0.49   
0.46    0.53    0.51    0.55    0.53    0.45    0.46    0.49   
0.46    0.53    0.51    0.51    0.53    0.45    0.46    0.49   
0.46    0.53    0.51    0.51    0.55    0.45    0.46    0.49   
0.46    0.53    0.51    0.51    0.55    0.47    0.46    0.49   
0.46    0.53    0.51    0.51    0.55    0.47    0.49    0.49   
0.46    0.53    0.51    0.51    0.55    0.47    0.49    0.51   
0.48    0.53    0.51    0.51    0.55    0.47    0.49    0.51   
0.48    0.54    0.51    0.51    0.55    0.47    0.49    0.51   
0.48    0.54    0.53    0.51    0.55    0.47    0.49    0.51   
0.48    0.54    0.53    0.53    0.55    0.47    0.49    0.51   
0.48    0.54    0.53    0.53    0.56    0.47    0.49    0.51   
0.48    0.54    0.53    0.53    0.56    0.44    0.49    0.51   
0.48    0.54    0.53    0.53    0.56    0.44    0.45    0.51   
0.48    0.54    0.53    0.53    0.56    0.44    0.45    0.52   
0.50    0.54    0.53    0.53    0.56    0.44    0.45    0.52   
0.50    0.56    0.53    0.53    0.56    0.44    0.45    0.52   
0.50    0.56    0.54    0.53    0.56    0.44    0.45    0.52   
0.50    0.56    0.54    0.54    0.56    0.44    0.45    0.52   
0.50    0.56    0.54    0.54    0.57    0.44    0.45    0.52   
0.50    0.56    0.54    0.54    0.57    0.46    0.45    0.52   
0.50    0.56    0.54    0.54    0.57    0.46    0.47    0.52   
0.50    0.56    0.54    0.54    0.57    0.46    0.47    0.54   
0.52    0.56    0.54    0.54    0.57    0.46    0.47    0.54   
0.52    0.51    0.54    0.54    0.57    0.46    0.47    0.54   
0.52    0.51    0.56    0.54    0.57    0.46    0.47    0.54   
0.52    0.51    0.56    0.50    0.57    0.46    0.47    0.54   
0.52    0.51    0.56    0.50    0.58    0.46    0.47    0.54   
0.52    0.51    0.56    0.50    0.58    0.43    0.47    0.54   
0.52    0.51    0.56    0.50    0.58    0.43    0.44    0.54   
0.52    0.51    0.56    0.50    0.58    0.43    0.44    0.55   
0.48    0.51    0.56    0.50    0.58    0.43    0.44    0.55   
0.48    0.53    0.56    0.50    0.58    0.43    0.44    0.55   
0.48    0.53    0.57    0.50    0.58    0.43    0.44    0.55   
0.48    0.53    0.57    0.47    0.58    0.43    0.44    0.55   
0.48    0.53    0.57    0.47    0.59    0.43    0.44    0.55   
0.48    0.53    0.57    0.47    0.59    0.45    0.44    0.55   
0.48    0.53    0.57    0.47    0.59    0.45    0.46    0.55   
0.48    0.53    0.57    0.47    0.59    0.45    0.46    0.51   
0.50    0.53    0.57    0.47    0.59    0.45    0.46    0.51   
0.50    0.55    0.57    0.47    0.59    0.45    0.46    0.51   
0.50    0.55    0.58    0.47    0.59    0.45    0.46    0.51   
0.50    0.55    0.58    0.49    0.59    0.45    0.46    0.51   
0.50    0.55    0.58    0.49    0.55    0.45    0.46    0.51   
0.50    0.55    0.58    0.49    0.55    0.47    0.46    0.51   
0.50    0.55    0.58    0.49    0.55    0.47    0.43    0.51   
0.50    0.55    0.58    0.49    0.55    0.47    0.43    0.53   
0.46    0.55    0.58    0.49    0.55    0.47    0.43    0.53   
0.46    0.56    0.58    0.49    0.55    0.47    0.43    0.53   
0.46    0.56    0.59    0.49    0.55    0.47    0.43    0.53   
0.46    0.56    0.59    0.51    0.55    0.47    0.43    0.53   
0.46    0.56    0.59    0.51    0.51    0.47    0.43    0.53   
0.46    0.56    0.59    0.51    0.51    0.44    0.43    0.53   
0.46    0.56    0.59    0.51    0.51    0.44    0.40    0.53   
0.46    0.56    0.59    0.51    0.51    0.44    0.40    0.54   
0.49    0.56    0.59    0.51    0.51    0.44    0.40    0.54   
0.49    0.52    0.59    0.51    0.51    0.44    0.40    0.54   
0.49    0.52    0.60    0.51    0.51    0.44    0.40    0.54   
0.49    0.52    0.60    0.52    0.51    0.44    0.40    0.54   
0.49    0.52    0.60    0.52    0.47    0.44    0.40    0.54   
0.49    0.52    0.60    0.52    0.47    0.46    0.40    0.54   
0.49    0.52    0.60    0.52    0.47    0.46    0.43    0.54   
0.49    0.52    0.60    0.52    0.47    0.46    0.43    0.56   
0.50    0.52    0.60    0.52    0.47    0.46    0.43    0.56   
0.50    0.53    0.60    0.52    0.47    0.46    0.43    0.56   
0.50    0.53    0.56    0.52    0.47    0.46    0.43    0.56   
0.50    0.53    0.56    0.54    0.47    0.46    0.43    0.56   
0.50    0.53    0.56    0.54    0.49    0.46    0.43    0.56   
0.50    0.53    0.56    0.54    0.49    0.48    0.43    0.56   
0.50    0.53    0.56    0.54    0.49    0.48    0.45    0.56   
0.50    0.53    0.56    0.54    0.49    0.48    0.45    0.52   
0.52    0.53    0.56    0.54    0.49    0.48    0.45    0.52   
0.52    0.49    0.56    0.54    0.49    0.48    0.45    0.52   
0.52    0.49    0.51    0.54    0.49    0.48    0.45    0.52   
0.52    0.49    0.51    0.55    0.49    0.48    0.45    0.52   
0.52    0.49    0.51    0.55    0.51    0.48    0.45    0.52   
0.52    0.49    0.51    0.55    0.51    0.50    0.45    0.52   
0.52    0.49    0.51    0.55    0.51    0.50    0.47    0.52   
0.52    0.49    0.51    0.55    0.51    0.50    0.47    0.53   
0.54    0.49    0.51    0.55    0.51    0.50    0.47    0.53   
0.54    0.51    0.51    0.55    0.51    0.50    0.47    0.53   
0.54    0.51    0.53    0.55    0.51    0.50    0.47    0.53   
0.54    0.51    0.53    0.56    0.51    0.50    0.47    0.53   
0.54    0.51    0.53    0.56    0.47    0.50    0.47    0.53   
0.54    0.51    0.53    0.56    0.47    0.52    0.47    0.53   
0.54    0.51    0.53    0.56    0.47    0.52    0.44    0.53   
0.54    0.51    0.53    0.56    0.47    0.52    0.44    0.55   
0.55    0.51    0.53    0.56    0.47    0.52    0.44    0.55   
0.55    0.53    0.53    0.56    0.47    0.52    0.44    0.55   
0.55    0.53    0.55    0.56    0.47    0.52    0.44    0.55   
0.55    0.53    0.55    0.58    0.47    0.52    0.44    0.55   
0.55    0.53    0.55    0.58    0.44    0.52    0.44    0.55   
0.55    0.53    0.55    0.58    0.44    0.54    0.44    0.55   
0.55    0.53    0.55    0.58    0.44    0.54    0.41    0.55   
0.55    0.53    0.55    0.58    0.44    0.54    0.41    0.51   
0.51    0.53    0.55    0.58    0.44    0.54    0.41    0.51   
0.51    0.54    0.55    0.58    0.44    0.54    0.41    0.51   
0.51    0.54    0.56    0.58    0.44    0.54    0.41    0.51   
0.51    0.54    0.56    0.59    0.44    0.54    0.41    0.51   
0.51    0.54    0.56    0.59    0.46    0.54    0.41    0.51   
0.51    0.54    0.56    0.59    0.46    0.55    0.41    0.51   
0.51    0.54    0.56    0.59    0.46    0.55    0.43    0.51   
0.51    0.54    0.56    0.59    0.46    0.55    0.43    0.52   
0.53    0.54    0.56    0.59    0.46    0.55    0.43    0.52   
0.53    0.50    0.56    0.59    0.46    0.55    0.43    0.52   
0.53    0.50    0.57    0.59    0.46    0.55    0.43    0.52   
0.53    0.50    0.57    0.60    0.46    0.55    0.43    0.52   
0.53    0.50    0.57    0.60    0.48    0.55    0.43    0.52   
0.53    0.50    0.57    0.60    0.48    0.56    0.43    0.52   
0.53    0.50    0.57    0.60    0.48    0.56    0.46    0.52   
0.53    0.50    0.57    0.60    0.48    0.56    0.46    0.54   
0.54    0.50    0.57    0.60    0.48    0.56    0.46    0.54   
0.54    0.52    0.57    0.60    0.48    0.56    0.46    0.54   
0.54    0.52    0.53    0.60    0.48    0.56    0.46    0.54   
0.54    0.52    0.53    0.60    0.48    0.56    0.46    0.54   
0.54    0.52    0.53    0.60    0.45    0.56    0.46    0.54   
0.54    0.52    0.53    0.60    0.45    0.57    0.46    0.54   
0.54    0.52    0.53    0.60    0.45    0.57    0.43    0.54   
0.54    0.52    0.53    0.60    0.45    0.57    0.43    0.55   
0.56    0.52    0.53    0.60    0.45    0.57    0.43    0.55   
0.56    0.54    0.53    0.60    0.45    0.57    0.43    0.55   
0.56    0.54    0.49    0.60    0.45    0.57    0.43    0.55   
0.56    0.54    0.49    0.61    0.45    0.57    0.43    0.55   
0.56    0.54    0.49    0.61    0.47    0.57    0.43    0.55   
0.56    0.54    0.49    0.61    0.47    0.53    0.43    0.55   
0.56    0.54    0.49    0.61    0.47    0.53    0.45    0.55   
0.56    0.54    0.49    0.61    0.47    0.53    0.45    0.57   
0.57    0.54    0.49    0.61    0.47    0.53    0.45    0.57   
0.57    0.55    0.49    0.61    0.47    0.53    0.45    0.57   
0.57    0.55    0.51    0.61    0.47    0.53    0.45    0.57   
0.57    0.55    0.51    0.62    0.47    0.53    0.45    0.57   
0.57    0.55    0.51    0.62    0.49    0.53    0.45    0.57   
0.57    0.55    0.51    0.62    0.49    0.55    0.45    0.57   
0.57    0.55    0.51    0.62    0.49    0.55    0.47    0.57   
0.57    0.55    0.51    0.62    0.49    0.55    0.47    0.58   
0.53    0.55    0.51    0.62    0.49    0.55    0.47    0.58   
0.53    0.56    0.51    0.62    0.49    0.55    0.47    0.58   
0.53    0.56    0.53    0.62    0.49    0.55    0.47    0.58   
0.53    0.56    0.53    0.57    0.49    0.55    0.47    0.58   
0.53    0.56    0.53    0.57    0.51    0.55    0.47    0.58   
0.53    0.56    0.53    0.57    0.51    0.56    0.47    0.58   
0.53    0.56    0.53    0.57    0.51    0.56    0.49    0.58   
0.53    0.56    0.53    0.57    0.51    0.56    0.49    0.59   
0.49    0.56    0.53    0.57    0.51    0.56    0.49    0.59   
0.49    0.57    0.53    0.57    0.51    0.56    0.49    0.59   
0.49    0.57    0.54    0.57    0.51    0.56    0.49    0.59   
0.49    0.57    0.54    0.58    0.51    0.56    0.49    0.59   
0.49    0.57    0.54    0.58    0.53    0.56    0.49    0.59   
0.49    0.57    0.54    0.58    0.53    0.52    0.49    0.59   
0.49    0.57    0.54    0.58    0.53    0.52    0.46    0.59   
0.49    0.57    0.54    0.58    0.53    0.52    0.46    0.60   
0.45    0.57    0.54    0.58    0.53    0.52    0.46    0.60   
0.45    0.53    0.54    0.58    0.53    0.52    0.46    0.60   
0.45    0.53    0.50    0.58    0.53    0.52    0.46    0.60   
0.45    0.53    0.50    0.59    0.53    0.52    0.46    0.60   
0.45    0.53    0.50    0.59    0.54    0.52    0.46    0.60   
0.45    0.53    0.50    0.59    0.54    0.53    0.46    0.60   
0.45    0.53    0.50    0.59    0.54    0.53    0.48    0.60   
0.45    0.53    0.50    0.59    0.54    0.53    0.48    0.61   
0.48    0.53    0.50    0.59    0.54    0.53    0.48    0.61   
0.48    0.55    0.50    0.59    0.54    0.53    0.48    0.61   
0.48    0.55    0.52    0.59    0.54    0.53    0.48    0.61   
0.48    0.55    0.52    0.54    0.54    0.53    0.48    0.61   
0.48    0.55    0.52    0.54    0.55    0.53    0.48    0.61   
0.48    0.55    0.52    0.54    0.55    0.50    0.48    0.61   
0.48    0.55    0.52    0.54    0.55    0.50    0.50    0.61   
0.48    0.55    0.52    0.54    0.55    0.50    0.50    0.61   
0.44    0.55    0.52    0.54    0.55    0.50    0.50    0.61   
0.44    0.56    0.52    0.54    0.55    0.50    0.50    0.61   
0.44    0.56    0.53    0.54    0.55    0.50    0.50    0.61   
0.44    0.56    0.53    0.56    0.55    0.50    0.50    0.61   
0.44    0.56    0.53    0.56    0.51    0.50    0.50    0.61   
0.44    0.56    0.53    0.56    0.51    0.51    0.50    0.61   
0.44    0.56    0.53    0.56    0.51    0.51    0.46    0.61   
0.44    0.56    0.53    0.56    0.51    0.51    0.46    0.57   
0.46    0.56    0.53    0.56    0.51    0.51    0.46    0.57   
0.46    0.52    0.53    0.56    0.51    0.51    0.46    0.57   
0.46    0.52    0.55    0.56    0.51    0.51    0.46    0.57   
0.46    0.52    0.55    0.52    0.51    0.51    0.46    0.57   
0.46    0.52    0.55    0.52    0.53    0.51    0.46    0.57   
0.46    0.52    0.55    0.52    0.53    0.48    0.46    0.57   
0.46    0.52    0.55    0.52    0.53    0.48    0.43    0.57   
0.46    0.52    0.55    0.52    0.53    0.48    0.43    0.58   
0.43    0.52    0.55    0.52    0.53    0.48    0.43    0.58   
0.43    0.54    0.55    0.52    0.53    0.48    0.43    0.58   
0.43    0.54    0.56    0.52    0.53    0.48    0.43    0.58   
0.43    0.54    0.56    0.53    0.53    0.48    0.43    0.58   
0.43    0.54    0.56    0.53    0.54    0.48    0.43    0.58   
0.43    0.54    0.56    0.53    0.54    0.50    0.43    0.58   
0.43    0.54    0.56    0.53    0.54    0.50    0.45    0.58   
0.43    0.54    0.56    0.53    0.54    0.50    0.45    0.54   
0.46    0.54    0.56    0.53    0.54    0.50    0.45    0.54   
0.46    0.50    0.56    0.53    0.54    0.50    0.45    0.54   
0.46    0.50    0.57    0.53    0.54    0.50    0.45    0.54   
0.46    0.50    0.57    0.55    0.54    0.50    0.45    0.54   
0.46    0.50    0.57    0.55    0.56    0.50    0.45    0.54   
0.46    0.50    0.57    0.55    0.56    0.46    0.45    0.54   
0.46    0.50    0.57    0.55    0.56    0.46    0.42    0.54   
0.46    0.50    0.57    0.55    0.56    0.46    0.42    0.55   
0.48    0.50    0.57    0.55    0.56    0.46    0.42    0.55   
0.48    0.51    0.57    0.55    0.56    0.46    0.42    0.55   
0.48    0.51    0.58    0.55    0.56    0.46    0.42    0.55   
0.48    0.51    0.58    0.56    0.56    0.46    0.42    0.55   
0.48    0.51    0.58    0.56    0.57    0.46    0.42    0.55   
0.48    0.51    0.58    0.56    0.57    0.48    0.42    0.55   
0.48    0.51    0.58    0.56    0.57    0.48    0.39    0.55   
0.48    0.51    0.58    0.56    0.57    0.48    0.39    0.56   
0.44    0.51    0.58    0.56    0.57    0.48    0.39    0.56   
0.44    0.53    0.58    0.56    0.57    0.48    0.39    0.56   
0.44    0.53    0.59    0.56    0.57    0.48    0.39    0.56   
0.44    0.53    0.59    0.52    0.57    0.48    0.39    0.56   
0.44    0.53    0.59    0.52    0.53    0.48    0.39    0.56   
0.44    0.53    0.59    0.52    0.53    0.45    0.39    0.56   
0.44    0.53    0.59    0.52    0.53    0.45    0.37    0.56   
0.44    0.53    0.59    0.52    0.53    0.45    0.37    0.57   
0.47    0.53    0.59    0.52    0.53    0.45    0.37    0.57   
0.47    0.54    0.59    0.52    0.53    0.45    0.37    0.57   
0.47    0.54    0.60    0.52    0.53    0.45    0.37    0.57   
0.47    0.54    0.60    0.54    0.53    0.45    0.37    0.57   
0.47    0.54    0.60    0.54    0.49    0.45    0.37    0.57   
0.47    0.54    0.60    0.54    0.49    0.47    0.37    0.57   
0.47    0.54    0.60    0.54    0.49    0.47    0.40    0.57   
0.47    0.54    0.60    0.54    0.49    0.47    0.40    0.53   
0.49    0.54    0.60    0.54    0.49    0.47    0.40    0.53   
0.49    0.56    0.60    0.54    0.49    0.47    0.40    0.53   
0.49    0.56    0.61    0.54    0.49    0.47    0.40    0.53   
0.49    0.56    0.61    0.55    0.49    0.47    0.40    0.53   
0.49    0.56    0.61    0.55    0.51    0.47    0.40    0.53   
0.49    0.56    0.61    0.55    0.51    0.49    0.40    0.53   
0.49    0.56    0.61    0.55    0.51    0.49    0.42    0.53   
0.49    0.56    0.61    0.55    0.51    0.49    0.42    0.55   
0.45    0.56    0.61    0.55    0.51    0.49    0.42    0.55   
0.45    0.57    0.61    0.55    0.51    0.49    0.42    0.55   
0.45    0.57    0.57    0.55    0.51    0.49    0.42    0.55   
0.45    0.57    0.57    0.56    0.51    0.49    0.42    0.55   
0.45    0.57    0.57    0.56    0.52    0.49    0.42    0.55   
0.45    0.57    0.57    0.56    0.52    0.51    0.42    0.55   
0.45    0.57    0.57    0.56    0.52    0.51    0.45    0.55   
0.45    0.57    0.57    0.56    0.52    0.51    0.45    0.51   
0.42    0.57    0.57    0.56    0.52    0.51    0.45    0.51   
0.42    0.53    0.57    0.56    0.52    0.51    0.45    0.51   
0.42    0.53    0.53    0.56    0.52    0.51    0.45    0.51   
0.42    0.53    0.53    0.57    0.52    0.51    0.45    0.51   
0.42    0.53    0.53    0.57    0.49    0.51    0.45    0.51   
0.42    0.53    0.53    0.57    0.49    0.52    0.45    0.51   
0.42    0.53    0.53    0.57    0.49    0.52    0.42    0.51   
0.42    0.53    0.53    0.57    0.49    0.52    0.42    0.53   
0.45    0.53    0.53    0.57    0.49    0.52    0.42    0.53   
0.45    0.54    0.53    0.57    0.49    0.52    0.42    0.53   
0.45    0.54    0.49    0.57    0.49    0.52    0.42    0.53   
0.45    0.54    0.49    0.53    0.49    0.52    0.42    0.53   
0.45    0.54    0.49    0.53    0.51    0.52    0.42    0.53   
0.45    0.54    0.49    0.53    0.51    0.54    0.42    0.53   
0.45    0.54    0.49    0.53    0.51    0.54    0.44    0.53   
0.45    0.54    0.49    0.53    0.51    0.54    0.44    0.54   
0.47    0.54    0.49    0.53    0.51    0.54    0.44    0.54   
0.47    0.56    0.49    0.53    0.51    0.54    0.44    0.54   
0.47    0.56    0.51    0.53    0.51    0.54    0.44    0.54   
0.47    0.56    0.51    0.55    0.51    0.54    0.44    0.54   
0.47    0.56    0.51    0.55    0.52    0.54    0.44    0.54   
0.47    0.56    0.51    0.55    0.52    0.50    0.44    0.54   
0.47    0.56    0.51    0.55    0.52    0.50    0.46    0.54   
0.47    0.56    0.51    0.55    0.52    0.50    0.46    0.50   
0.49    0.56    0.51    0.55    0.52    0.50    0.46    0.50   
0.49    0.57    0.51    0.55    0.52    0.50    0.46    0.50   
0.49    0.57    0.52    0.55    0.52    0.50    0.46    0.50   
0.49    0.57    0.52    0.51    0.52    0.50    0.46    0.50   
0.49    0.57    0.52    0.51    0.54    0.50    0.46    0.50   
0.49    0.57    0.52    0.51    0.54    0.47    0.46    0.50   
0.49    0.57    0.52    0.51    0.54    0.47    0.48    0.50   
0.49    0.57    0.52    0.51    0.54    0.47    0.48    0.52   
0.50    0.57    0.52    0.51    0.54    0.47    0.48    0.52   
0.50    0.53    0.52    0.51    0.54    0.47    0.48    0.52   
0.50    0.53    0.54    0.51    0.54    0.47    0.48    0.52   
0.50    0.53    0.54    0.52    0.54    0.47    0.48    0.52   
0.50    0.53    0.54    0.52    0.50    0.47    0.48    0.52   
0.50    0.53    0.54    0.52    0.50    0.49    0.48    0.52   
0.50    0.53    0.54    0.52    0.50    0.49    0.50    0.52   
0.50    0.53    0.54    0.52    0.50    0.49    0.50    0.53   
0.52    0.53    0.54    0.52    0.50    0.49    0.50    0.53   
0.52    0.54    0.54    0.52    0.50    0.49    0.50    0.53   
0.52    0.54    0.55    0.52    0.50    0.49    0.50    0.53   
0.52    0.54    0.55    0.49    0.50    0.49    0.50    0.53   
0.52    0.54    0.55    0.49    0.52    0.49    0.50    0.53   
0.52    0.54    0.55    0.49    0.52    0.50    0.50    0.53   
0.52    0.54    0.55    0.49    0.52    0.50    0.47    0.53   
0.52    0.54    0.55    0.49    0.52    0.50    0.47    0.50   
0.54    0.54    0.55    0.49    0.52    0.50    0.47    0.50   
0.54    0.56    0.55    0.49    0.52    0.50    0.47    0.50   
0.54    0.56    0.51    0.49    0.52    0.50    0.47    0.50   
0.54    0.56    0.51    0.45    0.52    0.50    0.47    0.50   
0.54    0.56    0.51    0.45    0.53    0.50    0.47    0.50   
0.54    0.56    0.51    0.45    0.53    0.52    0.47    0.50   
0.54    0.56    0.51    0.45    0.53    0.52    0.43    0.50   
0.54    0.56    0.51    0.45    0.53    0.52    0.43    0.46   
0.50    0.56    0.51    0.45    0.53    0.52    0.43    0.46   
0.50    0.57    0.51    0.45    0.53    0.52    0.43    0.46   
0.50    0.57    0.53    0.45    0.53    0.52    0.43    0.46   
0.50    0.57    0.53    0.42    0.53    0.52    0.43    0.46   
0.50    0.57    0.53    0.42    0.49    0.52    0.43    0.46   
0.50    0.57    0.53    0.42    0.49    0.53    0.43    0.46   
0.50    0.57    0.53    0.42    0.49    0.53    0.45    0.46   
0.50    0.57    0.53    0.42    0.49    0.53    0.45    0.43   
0.46    0.57    0.53    0.42    0.49    0.53    0.45    0.43   
0.46    0.58    0.53    0.42    0.49    0.53    0.45    0.43   
0.46    0.58    0.49    0.42    0.49    0.53    0.45    0.43   
0.46    0.58    0.49    0.40    0.49    0.53    0.45    0.43   
0.46    0.58    0.49    0.40    0.51    0.53    0.45    0.43   
0.46    0.58    0.49    0.40    0.51    0.50    0.45    0.43   
0.46    0.58    0.49    0.40    0.51    0.50    0.47    0.43   
0.46    0.58    0.49    0.40    0.51    0.50    0.47    0.45   
0.48    0.58    0.49    0.40    0.51    0.50    0.47    0.45   
0.48    0.59    0.49    0.40    0.51    0.50    0.47    0.45   
0.48    0.59    0.51    0.40    0.51    0.50    0.47    0.45   
0.48    0.59    0.51    0.37    0.51    0.50    0.47    0.45   
0.48    0.59    0.51    0.37    0.48    0.50    0.47    0.45   
0.48    0.59    0.51    0.37    0.48    0.46    0.47    0.45   
0.48    0.59    0.51    0.37    0.48    0.46    0.49    0.45   
0.48    0.59    0.51    0.37    0.48    0.46    0.49    0.47   
0.50    0.59    0.51    0.37    0.48    0.46    0.49    0.47   
0.50    0.55    0.51    0.37    0.48    0.46    0.49    0.47   
0.50    0.55    0.52    0.37    0.48    0.46    0.49    0.47   
0.50    0.55    0.52    0.40    0.48    0.46    0.49    0.47   
0.50    0.55    0.52    0.40    0.50    0.46    0.49    0.47   
0.50    0.55    0.52    0.40    0.50    0.48    0.49    0.47   
0.50    0.55    0.52    0.40    0.50    0.48    0.51    0.47   
0.50    0.55    0.52    0.40    0.50    0.48    0.51    0.49   
0.52    0.55    0.52    0.40    0.50    0.48    0.51    0.49   
0.52    0.51    0.52    0.40    0.50    0.48    0.51    0.49   
0.52    0.51    0.54    0.40    0.50    0.48    0.51    0.49   
0.52    0.51    0.54    0.37    0.50    0.48    0.51    0.49   
0.52    0.51    0.54    0.37    0.51    0.48    0.51    0.49   
0.52    0.51    0.54    0.37    0.51    0.50    0.51    0.49   
0.52    0.51    0.54    0.37    0.51    0.50    0.47    0.49   
0.52    0.51    0.54    0.37    0.51    0.50    0.47    0.46   
0.48    0.51    0.54    0.37    0.51    0.50    0.47    0.46   
0.48    0.47    0.54    0.37    0.51    0.50    0.47    0.46   
0.48    0.47    0.50    0.37    0.51    0.50    0.47    0.46   
0.48    0.47    0.50    0.40    0.51    0.50    0.47    0.46   
0.48    0.47    0.50    0.40    0.53    0.50    0.47    0.46   
0.48    0.47    0.50    0.40    0.53    0.52    0.47    0.46   
0.48    0.47    0.50    0.40    0.53    0.52    0.44    0.46   
0.48    0.47    0.50    0.40    0.53    0.52    0.44    0.48   
0.45    0.47    0.50    0.40    0.53    0.52    0.44    0.48   
0.45    0.49    0.50    0.40    0.53    0.52    0.44    0.48   
0.45    0.49    0.47    0.40    0.53    0.52    0.44    0.48   
0.45    0.49    0.47    0.43    0.53    0.52    0.44    0.48   
0.45    0.49    0.47    0.43    0.54    0.52    0.44    0.48   
0.45    0.49    0.47    0.43    0.54    0.53    0.44    0.48   
0.45    0.49    0.47    0.43    0.54    0.53    0.41    0.48   
0.45    0.49    0.47    0.43    0.54    0.53    0.41    0.50   
0.47    0.49    0.47    0.43    0.54    0.53    0.41    0.50   
0.47    0.51    0.47    0.43    0.54    0.53    0.41    0.50   
0.47    0.51    0.49    0.43    0.54    0.53    0.41    0.50   
0.47    0.51    0.49    0.45    0.54    0.53    0.41    0.50   
0.47    0.51    0.49    0.45    0.55    0.53    0.41    0.50   
0.47    0.51    0.49    0.45    0.55    0.50    0.41    0.50   
0.47    0.51    0.49    0.45    0.55    0.50    0.44    0.50   
0.47    0.51    0.49    0.45    0.55    0.50    0.44    0.46   
0.49    0.51    0.49    0.45    0.55    0.50    0.44    0.46   
0.49    0.53    0.49    0.45    0.55    0.50    0.44    0.46   
0.49    0.53    0.50    0.45    0.55    0.50    0.44    0.46   
0.49    0.53    0.50    0.47    0.55    0.50    0.44    0.46   
0.49    0.53    0.50    0.47    0.52    0.50    0.44    0.46   
0.49    0.53    0.50    0.47    0.52    0.51    0.44    0.46   
0.49    0.53    0.50    0.47    0.52    0.51    0.46    0.46   
0.49    0.53    0.50    0.47    0.52    0.51    0.46    0.48   
0.51    0.53    0.50    0.47    0.52    0.51    0.46    0.48   
0.51    0.54    0.50    0.47    0.52    0.51    0.46    0.48   
0.51    0.54    0.47    0.47    0.52    0.51    0.46    0.48   
0.51    0.54    0.47    0.49    0.52    0.51    0.46    0.48   
0.51    0.54    0.47    0.49    0.53    0.51    0.46    0.48   
0.51    0.54    0.47    0.49    0.53    0.53    0.46    0.48   
0.51    0.54    0.47    0.49    0.53    0.53    0.48    0.48   
0.51    0.54    0.47    0.49    0.53    0.53    0.48    0.45   
0.52    0.54    0.47    0.49    0.53    0.53    0.48    0.45   
0.52    0.55    0.47    0.49    0.53    0.53    0.48    0.45   
0.52    0.55    0.44    0.49    0.53    0.53    0.48    0.45   
0.52    0.55    0.44    0.51    0.53    0.53    0.48    0.45   
0.52    0.55    0.44    0.51    0.54    0.53    0.48    0.45   
0.52    0.55    0.44    0.51    0.54    0.49    0.48    0.45   
0.52    0.55    0.44    0.51    0.54    0.49    0.50    0.45   
0.52    0.55    0.44    0.51    0.54    0.49    0.50    0.47   
0.54    0.55    0.44    0.51    0.54    0.49    0.50    0.47   
0.54    0.56    0.44    0.51    0.54    0.49    0.50    0.47   
0.54    0.56    0.46    0.51    0.54    0.49    0.50    0.47   
0.54    0.56    0.46    0.52    0.54    0.49    0.50    0.47   
0.54    0.56    0.46    0.52    0.56    0.49    0.50    0.47   
0.54    0.56    0.46    0.52    0.56    0.51    0.50    0.47   
0.54    0.56    0.46    0.52    0.56    0.51    0.51    0.47   
0.54    0.56    0.46    0.52    0.56    0.51    0.51    0.49   
0.55    0.56    0.46    0.52    0.56    0.51    0.51    0.49   
0.55    0.53    0.46    0.52    0.56    0.51    0.51    0.49   
0.55    0.53    0.48    0.52    0.56    0.51    0.51    0.49   
0.55    0.53    0.48    0.49    0.56    0.51    0.51    0.49   
0.55    0.53    0.48    0.49    0.57    0.51    0.51    0.49   
0.55    0.53    0.48    0.49    0.57    0.52    0.51    0.49   
0.55    0.53    0.48    0.49    0.57    0.52    0.48    0.49   
0.55    0.53    0.48    0.49    0.57    0.52    0.48    0.51   
0.56    0.53    0.48    0.49    0.57    0.52    0.48    0.51   
0.56    0.49    0.48    0.49    0.57    0.52    0.48    0.51   
0.56    0.49    0.45    0.49    0.57    0.52    0.48    0.51   
0.56    0.49    0.45    0.50    0.57    0.52    0.48    0.51   
0.56    0.49    0.45    0.50    0.58    0.52    0.48    0.51   
0.56    0.49    0.45    0.50    0.58    0.49    0.48    0.51   
0.56    0.49    0.45    0.50    0.58    0.49    0.50    0.51   
0.56    0.49    0.45    0.50    0.58    0.49    0.50    0.52   
0.57    0.49    0.45    0.50    0.58    0.49    0.50    0.52   
0.57    0.51    0.45    0.50    0.58    0.49    0.50    0.52   
0.57    0.51    0.47    0.50    0.58    0.49    0.50    0.52   
0.57    0.51    0.47    0.52    0.58    0.49    0.50    0.52   
0.57    0.51    0.47    0.52    0.59    0.49    0.50    0.52   
0.57    0.51    0.47    0.52    0.59    0.51    0.50    0.52   
0.57    0.51    0.47    0.52    0.59    0.51    0.51    0.52   
0.57    0.51    0.47    0.52    0.59    0.51    0.51    0.54   
0.58    0.51    0.47    0.52    0.59    0.51    0.51    0.54   
0.58    0.52    0.47    0.52    0.59    0.51    0.51    0.54   
0.58    0.52    0.49    0.52    0.59    0.51    0.51    0.54   
0.58    0.52    0.49    0.48    0.59    0.51    0.51    0.54   
0.58    0.52    0.49    0.48    0.55    0.51    0.51    0.54   
0.58    0.52    0.49    0.48    0.55    0.52    0.51    0.54   
0.58    0.52    0.49    0.48    0.55    0.52    0.53    0.54   
0.58    0.52    0.49    0.48    0.55    0.52    0.53    0.55   
0.59    0.52    0.49    0.48    0.55    0.52    0.53    0.55   
0.59    0.54    0.49    0.48    0.55    0.52    0.53    0.55   
0.59    0.54    0.50    0.48    0.55    0.52    0.53    0.55   
0.59    0.54    0.50    0.50    0.55    0.52    0.53    0.55   
0.59    0.54    0.50    0.50    0.51    0.52    0.53    0.55   
0.59    0.54    0.50    0.50    0.51    0.49    0.53    0.55   
0.59    0.54    0.50    0.50    0.51    0.49    0.49    0.55   
0.59    0.54    0.50    0.50    0.51    0.49    0.49    0.56   
0.60    0.54    0.50    0.50    0.51    0.49    0.49    0.56   
0.60    0.55    0.50    0.50    0.51    0.49    0.49    0.56   
0.60    0.55    0.47    0.50    0.51    0.49    0.49    0.56   
0.60    0.55    0.47    0.52    0.51    0.49    0.49    0.56   
0.60    0.55    0.47    0.52    0.48    0.49    0.49    0.56   
0.60    0.55    0.47    0.52    0.48    0.50    0.49    0.56   
0.60    0.55    0.47    0.52    0.48    0.50    0.51    0.56   
0.60    0.55    0.47    0.52    0.48    0.50    0.51    0.57   
0.61    0.55    0.47    0.52    0.48    0.50    0.51    0.57   
0.61    0.56    0.47    0.52    0.48    0.50    0.51    0.57   
0.61    0.56    0.49    0.52    0.48    0.50    0.51    0.57   
0.61    0.56    0.49    0.48    0.48    0.50    0.51    0.57   
0.61    0.56    0.49    0.48    0.50    0.50    0.51    0.57   
0.61    0.56    0.49    0.48    0.50    0.52    0.51    0.57   
0.61    0.56    0.49    0.48    0.50    0.52    0.48    0.57   
0.61    0.56    0.49    0.48    0.50    0.52    0.48    0.53   
0.62    0.56    0.49    0.48    0.50    0.52    0.48    0.53   
0.62    0.52    0.49    0.48    0.50    0.52    0.48    0.53   
0.62    0.52    0.46    0.48    0.50    0.52    0.48    0.53   
0.62    0.52    0.46    0.45    0.50    0.52    0.48    0.53   
0.62    0.52    0.46    0.45    0.51    0.52    0.48    0.53   
0.62    0.52    0.46    0.45    0.51    0.53    0.48    0.53   
0.62    0.52    0.46    0.45    0.51    0.53    0.49    0.53   
0.62    0.52    0.46    0.45    0.51    0.53    0.49    0.55   
0.62    0.52    0.46    0.45    0.51    0.53    0.49    0.55   
0.62    0.54    0.46    0.45    0.51    0.53    0.49    0.55   
0.62    0.54    0.43    0.45    0.51    0.53    0.49    0.55   
0.62    0.54    0.43    0.42    0.51    0.53    0.49    0.55   
0.62    0.54    0.43    0.42    0.53    0.53    0.49    0.55   
0.62    0.54    0.43    0.42    0.53    0.55    0.49    0.55   
0.62    0.54    0.43    0.42    0.53    0.55    0.46    0.55   
0.62    0.54    0.43    0.42    0.53    0.55    0.46    0.56   
0.63    0.54    0.43    0.42    0.53    0.55    0.46    0.56   
0.63    0.50    0.43    0.42    0.53    0.55    0.46    0.56   
0.63    0.50    0.45    0.42    0.53    0.55    0.46    0.56   
0.63    0.50    0.45    0.40    0.53    0.55    0.46    0.56   
0.63    0.50    0.45    0.40    0.49    0.55    0.46    0.56   
0.63    0.50    0.45    0.40    0.49    0.56    0.46    0.56   
0.63    0.50    0.45    0.40    0.49    0.56    0.48    0.56   
0.63    0.50    0.45    0.40    0.49    0.56    0.48    0.57   
0.58    0.50    0.45    0.40    0.49    0.56    0.48    0.57   
0.58    0.47    0.45    0.40    0.49    0.56    0.48    0.57   
0.58    0.47    0.47    0.40    0.49    0.56    0.48    0.57   
0.58    0.47    0.47    0.42    0.49    0.56    0.48    0.57   
0.58    0.47    0.47    0.42    0.51    0.56    0.48    0.57   
0.58    0.47    0.47    0.42    0.51    0.57    0.48    0.57   
0.58    0.47    0.47    0.42    0.51    0.57    0.50    0.57   
0.58    0.47    0.47    0.42    0.51    0.57    0.50    0.53   
0.59    0.47    0.47    0.42    0.51    0.57    0.50    0.53   
0.59    0.49    0.47    0.42    0.51    0.57    0.50    0.53   
0.59    0.49    0.49    0.42    0.51    0.57    0.50    0.53   
0.59    0.49    0.49    0.40    0.51    0.57    0.50    0.53   
0.59    0.49    0.49    0.40    0.48    0.57    0.50    0.53   
0.59    0.49    0.49    0.40    0.48    0.53    0.50    0.53   
0.59    0.49    0.49    0.40    0.48    0.53    0.47    0.53   
0.59    0.49    0.49    0.40    0.48    0.53    0.47    0.55   
0.55    0.49    0.49    0.40    0.48    0.53    0.47    0.55   
0.55    0.50    0.49    0.40    0.48    0.53    0.47    0.55   
0.55    0.50    0.51    0.40    0.48    0.53    0.47    0.55   
0.55    0.50    0.51    0.37    0.48    0.53    0.47    0.55   
0.55    0.50    0.51    0.37    0.49    0.53    0.47    0.55   
0.55    0.50    0.51    0.37    0.49    0.55    0.47    0.55   
0.55    0.50    0.51    0.37    0.49    0.55    0.48    0.55   
0.55    0.50    0.51    0.37    0.49    0.55    0.48    0.56   
0.57    0.50    0.51    0.37    0.49    0.55    0.48    0.56   
0.57    0.47    0.51    0.37    0.49    0.55    0.48    0.56   
0.57    0.47    0.52    0.37    0.49    0.55    0.48    0.56   
0.57    0.47    0.52    0.35    0.49    0.55    0.48    0.56   
0.57    0.47    0.52    0.35    0.51    0.55    0.48    0.56   
0.57    0.47    0.52    0.35    0.51    0.51    0.48    0.56   
0.57    0.47    0.52    0.35    0.51    0.51    0.45    0.56   
0.57    0.47    0.52    0.35    0.51    0.51    0.45    0.57   
0.58    0.47    0.52    0.35    0.51    0.51    0.45    0.57   
0.58    0.49    0.52    0.35    0.51    0.51    0.45    0.57   
0.58    0.49    0.49    0.35    0.51    0.51    0.45    0.57   
0.58    0.49    0.49    0.38    0.51    0.51    0.45    0.57   
0.58    0.49    0.49    0.38    0.48    0.51    0.45    0.57   
0.58    0.49    0.49    0.38    0.48    0.48    0.45    0.57   
0.58    0.49    0.49    0.38    0.48    0.48    0.47    0.57   
0.58    0.49    0.49    0.38    0.48    0.48    0.47    0.53   
0.54    0.49    0.49    0.38    0.48    0.48    0.47    0.53   
0.54    0.51    0.49    0.38    0.48    0.48    0.47    0.53   
0.54    0.51    0.50    0.38    0.48    0.48    0.47    0.53   
0.54    0.51    0.50    0.40    0.48    0.48    0.47    0.53   
0.54    0.51    0.50    0.40    0.49    0.48    0.47    0.53   
0.54    0.51    0.50    0.40    0.49    0.49    0.47    0.53   
0.54    0.51    0.50    0.40    0.49    0.49    0.49    0.53   
0.54    0.51    0.50    0.40    0.49    0.49    0.49    0.50   
0.55    0.51    0.50    0.40    0.49    0.49    0.49    0.50   
0.55    0.52    0.50    0.40    0.49    0.49    0.49    0.50   
0.55    0.52    0.52    0.40    0.49    0.49    0.49    0.50   
0.55    0.52    0.52    0.38    0.49    0.49    0.49    0.50   
0.55    0.52    0.52    0.38    0.51    0.49    0.49    0.50   
0.55    0.52    0.52    0.38    0.51    0.51    0.49    0.50   
0.55    0.52    0.52    0.38    0.51    0.51    0.46    0.50   
0.55    0.52    0.52    0.38    0.51    0.51    0.46    0.51   
0.56    0.52    0.52    0.38    0.51    0.51    0.46    0.51   
0.56    0.48    0.52    0.38    0.51    0.51    0.46    0.51   
0.56    0.48    0.49    0.38    0.51    0.51    0.46    0.51   
0.56    0.48    0.49    0.40    0.51    0.51    0.46    0.51   
0.56    0.48    0.49    0.40    0.48    0.51    0.46    0.51   
0.56    0.48    0.49    0.40    0.48    0.52    0.46    0.51   
0.56    0.48    0.49    0.40    0.48    0.52    0.48    0.51   
0.56    0.48    0.49    0.40    0.48    0.52    0.48    0.48   
0.57    0.48    0.49    0.40    0.48    0.52    0.48    0.48   
0.57    0.50    0.49    0.40    0.48    0.52    0.48    0.48   
0.57    0.50    0.50    0.40    0.48    0.52    0.48    0.48   
0.57    0.50    0.50    0.43    0.48    0.52    0.48    0.48   
0.57    0.50    0.50    0.43    0.49    0.52    0.48    0.48   
0.57    0.50    0.50    0.43    0.49    0.54    0.48    0.48   
0.57    0.50    0.50    0.43    0.49    0.54    0.50    0.48   
0.57    0.50    0.50    0.43    0.49    0.54    0.50    0.50   
0.58    0.50    0.50    0.43    0.49    0.54    0.50    0.50   
0.58    0.47    0.50    0.43    0.49    0.54    0.50    0.50   
0.00    0.00    0.00    0.00    0.00    0.00    0.00    0.00   
0.00    0.00    0.00    0.00    0.00    0.00    0.00    0.00   
0.00    0.00    0.00    0.00    0.00    0.00    0.00    0.00   
0.00    0.00    0.00    0.00    0.00    0.00    0.00    0.00   
0.00    0.00    0.00    0.00    0.00    0.00    0.00    0.00   
0.00    0.00    0.00    0.00    0.00    0.00    0.00    0.00   
0.00    0.00    0.00    0.00    0.00    0.00    0.00    0.00   
0.00    0.00    0.00    0.00    0.00    0.00    0.00    0.00   
