#Mean Error.
0.00    0.00    0.00    0.00    0.00    0.00    0.00    0.00   
0.00    25.16   0.00    0.00    0.00    0.00    0.00    0.00   
0.00    25.16   24.72   0.00    0.00    0.00    0.00    0.00   
0.00    25.16   24.72   24.28   0.00    0.00    0.00    0.00   
0.00    25.16   24.72   24.28   23.84   0.00    0.00    0.00   
0.00    25.16   24.72   24.28   23.84   23.40   0.00    0.00   
0.00    25.16   24.72   24.28   23.84   23.40   22.96   0.00   
0.00    25.16   24.72   24.28   23.84   23.40   22.96   22.52  
22.08   25.16   24.72   24.28   23.84   23.40   22.96   22.52  
22.08   21.61   24.72   24.28   23.84   23.40   22.96   22.52  
22.08   21.61   21.65   24.28   23.84   23.40   22.96   22.52  
22.08   21.61   21.65   21.39   23.84   23.40   22.96   22.52  
22.08   21.61   21.65   21.39   21.44   23.40   22.96   22.52  
22.08   21.61   21.65   21.39   21.44   21.48   22.96   22.52  
22.08   21.61   21.65   21.39   21.44   21.48   21.52   22.52  
22.08   21.61   21.65   21.39   21.44   21.48   21.52   21.27  
21.01   21.61   21.65   21.39   21.44   21.48   21.52   21.27  
21.01   20.75   21.65   21.39   21.44   21.48   21.52   21.27  
21.01   20.75   20.46   21.39   21.44   21.48   21.52   21.27  
21.01   20.75   20.46   20.29   21.44   21.48   21.52   21.27  
21.01   20.75   20.46   20.29   20.01   21.48   21.52   21.27  
21.01   20.75   20.46   20.29   20.01   19.73   21.52   21.27  
21.01   20.75   20.46   20.29   20.01   19.73   19.44   21.27  
21.01   20.75   20.46   20.29   20.01   19.73   19.44   19.27  
19.10   20.75   20.46   20.29   20.01   19.73   19.44   19.27  
19.10   18.92   20.46   20.29   20.01   19.73   19.44   19.27  
19.10   18.92   19.00   20.29   20.01   19.73   19.44   19.27  
19.10   18.92   19.00   18.88   20.01   19.73   19.44   19.27  
19.10   18.92   19.00   18.88   18.70   19.73   19.44   19.27  
19.10   18.92   19.00   18.88   18.70   18.51   19.44   19.27  
19.10   18.92   19.00   18.88   18.70   18.51   18.59   19.27  
19.10   18.92   19.00   18.88   18.70   18.51   18.59   18.47  
18.35   18.92   19.00   18.88   18.70   18.51   18.59   18.47  
18.35   18.23   19.00   18.88   18.70   18.51   18.59   18.47  
18.35   18.23   18.25   18.88   18.70   18.51   18.59   18.47  
18.35   18.23   18.25   18.16   18.70   18.51   18.59   18.47  
18.35   18.23   18.25   18.16   18.03   18.51   18.59   18.47  
18.35   18.23   18.25   18.16   18.03   18.06   18.59   18.47  
18.35   18.23   18.25   18.16   18.03   18.06   17.85   18.47  
18.35   18.23   18.25   18.16   18.03   18.06   17.85   17.76  
17.79   18.23   18.25   18.16   18.03   18.06   17.85   17.76  
17.79   17.82   18.25   18.16   18.03   18.06   17.85   17.76  
17.79   17.82   17.58   18.16   18.03   18.06   17.85   17.76  
17.79   17.82   17.58   17.52   18.03   18.06   17.85   17.76  
17.79   17.82   17.58   17.52   17.54   18.06   17.85   17.76  
17.79   17.82   17.58   17.52   17.54   17.39   17.85   17.76  
17.79   17.82   17.58   17.52   17.54   17.39   17.24   17.76  
17.79   17.82   17.58   17.52   17.54   17.39   17.24   17.18  
17.07   17.82   17.58   17.52   17.54   17.39   17.24   17.18  
17.07   17.09   17.58   17.52   17.54   17.39   17.24   17.18  
17.07   17.09   16.93   17.52   17.54   17.39   17.24   17.18  
17.07   17.09   16.93   16.89   17.54   17.39   17.24   17.18  
17.07   17.09   16.93   16.89   16.77   17.39   17.24   17.18  
17.07   17.09   16.93   16.89   16.77   16.66   17.24   17.18  
17.07   17.09   16.93   16.89   16.77   16.66   16.68   17.18  
17.07   17.09   16.93   16.89   16.77   16.66   16.68   16.70  
16.62   17.09   16.93   16.89   16.77   16.66   16.68   16.70  
16.62   16.49   16.93   16.89   16.77   16.66   16.68   16.70  
16.62   16.49   16.37   16.89   16.77   16.66   16.68   16.70  
16.62   16.49   16.37   16.34   16.77   16.66   16.68   16.70  
16.62   16.49   16.37   16.34   16.26   16.66   16.68   16.70  
16.62   16.49   16.37   16.34   16.26   16.18   16.68   16.70  
16.62   16.49   16.37   16.34   16.26   16.18   16.06   16.70  
16.62   16.49   16.37   16.34   16.26   16.18   16.06   16.07  
16.01   16.49   16.37   16.34   16.26   16.18   16.06   16.07  
16.01   16.14   16.37   16.34   16.26   16.18   16.06   16.07  
16.01   16.14   16.23   16.34   16.26   16.18   16.06   16.07  
16.01   16.14   16.23   16.21   16.26   16.18   16.06   16.07  
16.01   16.14   16.23   16.21   16.15   16.18   16.06   16.07  
16.01   16.14   16.23   16.21   16.15   16.10   16.06   16.07  
16.01   16.14   16.23   16.21   16.15   16.10   16.01   16.07  
16.01   16.14   16.23   16.21   16.15   16.10   16.01   15.92  
15.89   16.14   16.23   16.21   16.15   16.10   16.01   15.92  
15.89   15.77   16.23   16.21   16.15   16.10   16.01   15.92  
15.89   15.77   15.67   16.21   16.15   16.10   16.01   15.92  
15.89   15.77   15.67   15.66   16.15   16.10   16.01   15.92  
15.89   15.77   15.67   15.66   15.71   16.10   16.01   15.92  
15.89   15.77   15.67   15.66   15.71   15.67   16.01   15.92  
15.89   15.77   15.67   15.66   15.71   15.67   15.60   15.92  
15.89   15.77   15.67   15.66   15.71   15.67   15.60   15.67  
15.73   15.77   15.67   15.66   15.71   15.67   15.60   15.67  
15.73   15.65   15.67   15.66   15.71   15.67   15.60   15.67  
15.73   15.65   15.57   15.66   15.71   15.67   15.60   15.67  
15.73   15.65   15.57   15.55   15.71   15.67   15.60   15.67  
15.73   15.65   15.57   15.55   15.49   15.67   15.60   15.67  
15.73   15.65   15.57   15.55   15.49   15.46   15.60   15.67  
15.73   15.65   15.57   15.55   15.49   15.46   15.42   15.67  
15.73   15.65   15.57   15.55   15.49   15.46   15.42   15.34  
15.29   15.65   15.57   15.55   15.49   15.46   15.42   15.34  
15.29   15.32   15.57   15.55   15.49   15.46   15.42   15.34  
15.29   15.32   15.27   15.55   15.49   15.46   15.42   15.34  
15.29   15.32   15.27   15.34   15.49   15.46   15.42   15.34  
15.29   15.32   15.27   15.34   15.30   15.46   15.42   15.34  
15.29   15.32   15.27   15.34   15.30   15.28   15.42   15.34  
15.29   15.32   15.27   15.34   15.30   15.28   15.25   15.34  
15.29   15.32   15.27   15.34   15.30   15.28   15.25   15.20  
15.17   15.32   15.27   15.34   15.30   15.28   15.25   15.20  
15.17   15.09   15.27   15.34   15.30   15.28   15.25   15.20  
15.17   15.09   15.06   15.34   15.30   15.28   15.25   15.20  
15.17   15.09   15.06   15.03   15.30   15.28   15.25   15.20  
15.17   15.09   15.06   15.03   15.00   15.28   15.25   15.20  
15.17   15.09   15.06   15.03   15.00   15.00   15.25   15.20  
15.17   15.09   15.06   15.03   15.00   15.00   14.98   15.20  
15.17   15.09   15.06   15.03   15.00   15.00   14.98   14.94  
15.01   15.09   15.06   15.03   15.00   15.00   14.98   14.94  
15.01   14.95   15.06   15.03   15.00   15.00   14.98   14.94  
15.01   14.95   14.99   15.03   15.00   15.00   14.98   14.94  
15.01   14.95   14.99   14.93   15.00   15.00   14.98   14.94  
15.01   14.95   14.99   14.93   15.00   15.00   14.98   14.94  
15.01   14.95   14.99   14.93   15.00   15.02   14.98   14.94  
15.01   14.95   14.99   14.93   15.00   15.02   15.01   14.94  
15.01   14.95   14.99   14.93   15.00   15.02   15.01   14.99  
15.09   14.95   14.99   14.93   15.00   15.02   15.01   14.99  
15.09   15.05   14.99   14.93   15.00   15.02   15.01   14.99  
15.09   15.05   14.97   14.93   15.00   15.02   15.01   14.99  
15.09   15.05   14.97   14.94   15.00   15.02   15.01   14.99  
15.09   15.05   14.97   14.94   15.03   15.02   15.01   14.99  
15.09   15.05   14.97   14.94   15.03   15.02   15.01   14.99  
15.09   15.05   14.97   14.94   15.03   15.02   15.02   14.99  
15.09   15.05   14.97   14.94   15.03   15.02   15.02   15.01  
14.92   15.05   14.97   14.94   15.03   15.02   15.02   15.01  
14.92   14.94   14.97   14.94   15.03   15.02   15.02   15.01  
14.92   14.94   14.89   14.94   15.03   15.02   15.02   15.01  
14.92   14.94   14.89   14.87   15.03   15.02   15.02   15.01  
14.92   14.94   14.89   14.87   14.81   15.02   15.02   15.01  
14.92   14.94   14.89   14.87   14.81   14.81   15.02   15.01  
14.92   14.94   14.89   14.87   14.81   14.81   14.83   15.01  
14.92   14.94   14.89   14.87   14.81   14.81   14.83   14.83  
14.77   14.94   14.89   14.87   14.81   14.81   14.83   14.83  
14.77   14.72   14.89   14.87   14.81   14.81   14.83   14.83  
14.77   14.72   14.69   14.87   14.81   14.81   14.83   14.83  
14.77   14.72   14.69   14.68   14.81   14.81   14.83   14.83  
14.77   14.72   14.69   14.68   14.64   14.81   14.83   14.83  
14.77   14.72   14.69   14.68   14.64   14.62   14.83   14.83  
14.77   14.72   14.69   14.68   14.64   14.62   14.61   14.83  
14.77   14.72   14.69   14.68   14.64   14.62   14.61   14.66  
14.76   14.72   14.69   14.68   14.64   14.62   14.61   14.66  
14.76   14.81   14.69   14.68   14.64   14.62   14.61   14.66  
14.76   14.81   14.87   14.68   14.64   14.62   14.61   14.66  
14.76   14.81   14.87   14.93   14.64   14.62   14.61   14.66  
14.76   14.81   14.87   14.93   14.85   14.62   14.61   14.66  
14.76   14.81   14.87   14.93   14.85   14.84   14.61   14.66  
14.76   14.81   14.87   14.93   14.85   14.84   14.84   14.66  
14.76   14.81   14.87   14.93   14.85   14.84   14.84   14.82  
14.76   14.81   14.87   14.93   14.85   14.84   14.84   14.82  
14.76   14.82   14.87   14.93   14.85   14.84   14.84   14.82  
14.76   14.82   14.78   14.93   14.85   14.84   14.84   14.82  
14.76   14.82   14.78   14.70   14.85   14.84   14.84   14.82  
14.76   14.82   14.78   14.70   14.65   14.84   14.84   14.82  
14.76   14.82   14.78   14.70   14.65   14.65   14.84   14.82  
14.76   14.82   14.78   14.70   14.65   14.65   14.66   14.82  
14.76   14.82   14.78   14.70   14.65   14.65   14.66   14.65  
14.61   14.82   14.78   14.70   14.65   14.65   14.66   14.65  
14.61   14.59   14.78   14.70   14.65   14.65   14.66   14.65  
14.61   14.59   14.57   14.70   14.65   14.65   14.66   14.65  
14.61   14.59   14.57   14.66   14.65   14.65   14.66   14.65  
14.61   14.59   14.57   14.66   14.63   14.65   14.66   14.65  
14.61   14.59   14.57   14.66   14.63   14.64   14.66   14.65  
14.61   14.59   14.57   14.66   14.63   14.64   14.65   14.65  
14.61   14.59   14.57   14.66   14.63   14.64   14.65   14.65  
14.62   14.59   14.57   14.66   14.63   14.64   14.65   14.65  
14.62   14.54   14.57   14.66   14.63   14.64   14.65   14.65  
14.62   14.54   14.52   14.66   14.63   14.64   14.65   14.65  
14.62   14.54   14.52   14.46   14.63   14.64   14.65   14.65  
14.62   14.54   14.52   14.46   14.44   14.64   14.65   14.65  
14.62   14.54   14.52   14.46   14.44   14.45   14.65   14.65  
14.62   14.54   14.52   14.46   14.44   14.45   14.47   14.65  
14.62   14.54   14.52   14.46   14.44   14.45   14.47   14.58  
14.60   14.54   14.52   14.46   14.44   14.45   14.47   14.58  
14.60   14.54   14.52   14.46   14.44   14.45   14.47   14.58  
14.60   14.54   14.54   14.46   14.44   14.45   14.47   14.58  
14.60   14.54   14.54   14.58   14.44   14.45   14.47   14.58  
14.60   14.54   14.54   14.58   14.55   14.45   14.47   14.58  
14.60   14.54   14.54   14.58   14.55   14.56   14.47   14.58  
14.60   14.54   14.54   14.58   14.55   14.56   14.59   14.58  
14.60   14.54   14.54   14.58   14.55   14.56   14.59   14.56  
14.52   14.54   14.54   14.58   14.55   14.56   14.59   14.56  
14.52   14.58   14.54   14.58   14.55   14.56   14.59   14.56  
14.52   14.58   14.60   14.58   14.55   14.56   14.59   14.56  
14.52   14.58   14.60   14.54   14.55   14.56   14.59   14.56  
14.52   14.58   14.60   14.54   14.61   14.56   14.59   14.56  
14.52   14.58   14.60   14.54   14.61   14.64   14.59   14.56  
14.52   14.58   14.60   14.54   14.61   14.64   14.47   14.56  
14.52   14.58   14.60   14.54   14.61   14.64   14.47   14.45  
14.43   14.58   14.60   14.54   14.61   14.64   14.47   14.45  
14.43   14.48   14.60   14.54   14.61   14.64   14.47   14.45  
14.43   14.48   14.47   14.54   14.61   14.64   14.47   14.45  
14.43   14.48   14.47   14.47   14.61   14.64   14.47   14.45  
14.43   14.48   14.47   14.47   14.52   14.64   14.47   14.45  
14.43   14.48   14.47   14.47   14.52   14.55   14.47   14.45  
14.43   14.48   14.47   14.47   14.52   14.55   14.57   14.45  
14.43   14.48   14.47   14.47   14.52   14.55   14.57   14.55  
14.62   14.48   14.47   14.47   14.52   14.55   14.57   14.55  
14.62   14.54   14.47   14.47   14.52   14.55   14.57   14.55  
14.62   14.54   14.53   14.47   14.52   14.55   14.57   14.55  
14.62   14.54   14.53   14.60   14.52   14.55   14.57   14.55  
14.62   14.54   14.53   14.60   14.54   14.55   14.57   14.55  
14.62   14.54   14.53   14.60   14.54   14.57   14.57   14.55  
14.62   14.54   14.53   14.60   14.54   14.57   14.65   14.55  
14.62   14.54   14.53   14.60   14.54   14.57   14.65   14.69  
14.66   14.54   14.53   14.60   14.54   14.57   14.65   14.69  
14.66   14.61   14.53   14.60   14.54   14.57   14.65   14.69  
14.66   14.61   14.61   14.60   14.54   14.57   14.65   14.69  
14.66   14.61   14.61   14.53   14.54   14.57   14.65   14.69  
14.66   14.61   14.61   14.53   14.62   14.57   14.65   14.69  
14.66   14.61   14.61   14.53   14.62   14.65   14.65   14.69  
14.66   14.61   14.61   14.53   14.62   14.65   14.62   14.69  
14.66   14.61   14.61   14.53   14.62   14.65   14.62   14.71  
14.69   14.61   14.61   14.53   14.62   14.65   14.62   14.71  
14.69   14.74   14.61   14.53   14.62   14.65   14.62   14.71  
14.69   14.74   14.75   14.53   14.62   14.65   14.62   14.71  
14.69   14.74   14.75   14.70   14.62   14.65   14.62   14.71  
14.69   14.74   14.75   14.70   14.64   14.65   14.62   14.71  
14.69   14.74   14.75   14.70   14.64   14.68   14.62   14.71  
14.69   14.74   14.75   14.70   14.64   14.68   14.66   14.71  
14.69   14.74   14.75   14.70   14.64   14.68   14.66   14.62  
14.61   14.74   14.75   14.70   14.64   14.68   14.66   14.62  
14.61   14.56   14.75   14.70   14.64   14.68   14.66   14.62  
14.61   14.56   14.57   14.70   14.64   14.68   14.66   14.62  
14.61   14.56   14.57   14.53   14.64   14.68   14.66   14.62  
14.61   14.56   14.57   14.53   14.49   14.68   14.66   14.62  
14.61   14.56   14.57   14.53   14.49   14.53   14.66   14.62  
14.61   14.56   14.57   14.53   14.49   14.53   14.55   14.62  
14.61   14.56   14.57   14.53   14.49   14.53   14.55   14.52  
14.52   14.56   14.57   14.53   14.49   14.53   14.55   14.52  
14.52   14.48   14.57   14.53   14.49   14.53   14.55   14.52  
14.52   14.48   14.50   14.53   14.49   14.53   14.55   14.52  
14.52   14.48   14.50   14.56   14.49   14.53   14.55   14.52  
14.52   14.48   14.50   14.56   14.65   14.53   14.55   14.52  
14.52   14.48   14.50   14.56   14.65   14.69   14.55   14.52  
14.52   14.48   14.50   14.56   14.65   14.69   14.78   14.52  
14.52   14.48   14.50   14.56   14.65   14.69   14.78   14.76  
14.77   14.48   14.50   14.56   14.65   14.69   14.78   14.76  
14.77   14.74   14.50   14.56   14.65   14.69   14.78   14.76  
14.77   14.74   14.75   14.56   14.65   14.69   14.78   14.76  
14.77   14.74   14.75   14.70   14.65   14.69   14.78   14.76  
14.77   14.74   14.75   14.70   14.68   14.69   14.78   14.76  
14.77   14.74   14.75   14.70   14.68   14.72   14.78   14.76  
14.77   14.74   14.75   14.70   14.68   14.72   14.68   14.76  
14.77   14.74   14.75   14.70   14.68   14.72   14.68   14.68  
14.69   14.74   14.75   14.70   14.68   14.72   14.68   14.68  
14.69   14.68   14.75   14.70   14.68   14.72   14.68   14.68  
14.69   14.68   14.69   14.70   14.68   14.72   14.68   14.68  
14.69   14.68   14.69   14.72   14.68   14.72   14.68   14.68  
14.69   14.68   14.69   14.72   14.66   14.72   14.68   14.68  
14.69   14.68   14.69   14.72   14.66   14.70   14.68   14.68  
14.69   14.68   14.69   14.72   14.66   14.70   14.68   14.68  
14.69   14.68   14.69   14.72   14.66   14.70   14.68   14.68  
14.70   14.68   14.69   14.72   14.66   14.70   14.68   14.68  
14.70   14.76   14.69   14.72   14.66   14.70   14.68   14.68  
14.70   14.76   14.77   14.72   14.66   14.70   14.68   14.68  
14.70   14.76   14.77   14.85   14.66   14.70   14.68   14.68  
14.70   14.76   14.77   14.85   14.81   14.70   14.68   14.68  
14.70   14.76   14.77   14.85   14.81   14.85   14.68   14.68  
14.70   14.76   14.77   14.85   14.81   14.85   14.84   14.68  
14.70   14.76   14.77   14.85   14.81   14.85   14.84   14.83  
14.84   14.76   14.77   14.85   14.81   14.85   14.84   14.83  
14.84   14.82   14.77   14.85   14.81   14.85   14.84   14.83  
14.84   14.82   14.79   14.85   14.81   14.85   14.84   14.83  
14.84   14.82   14.79   14.84   14.81   14.85   14.84   14.83  
14.84   14.82   14.79   14.84   14.81   14.85   14.84   14.83  
14.84   14.82   14.79   14.84   14.81   14.86   14.84   14.83  
14.84   14.82   14.79   14.84   14.81   14.86   14.85   14.83  
14.84   14.82   14.79   14.84   14.81   14.86   14.85   14.85  
14.92   14.82   14.79   14.84   14.81   14.86   14.85   14.85  
14.92   14.91   14.79   14.84   14.81   14.86   14.85   14.85  
14.92   14.91   14.91   14.84   14.81   14.86   14.85   14.85  
14.92   14.91   14.91   14.83   14.81   14.86   14.85   14.85  
14.92   14.91   14.91   14.83   14.81   14.86   14.85   14.85  
14.92   14.91   14.91   14.83   14.81   14.42   14.85   14.85  
14.92   14.91   14.91   14.83   14.81   14.42   14.28   14.85  
14.92   14.91   14.91   14.83   14.81   14.42   14.28   14.29  
14.30   14.91   14.91   14.83   14.81   14.42   14.28   14.29  
14.30   14.29   14.91   14.83   14.81   14.42   14.28   14.29  
14.30   14.29   14.30   14.83   14.81   14.42   14.28   14.29  
14.30   14.29   14.30   14.39   14.81   14.42   14.28   14.29  
14.30   14.29   14.30   14.39   14.42   14.42   14.28   14.29  
14.30   14.29   14.30   14.39   14.42   14.45   14.28   14.29  
14.30   14.29   14.30   14.39   14.42   14.45   14.44   14.29  
14.30   14.29   14.30   14.39   14.42   14.45   14.44   14.45  
14.42   14.29   14.30   14.39   14.42   14.45   14.44   14.45  
14.42   14.42   14.30   14.39   14.42   14.45   14.44   14.45  
14.42   14.42   14.45   14.39   14.42   14.45   14.44   14.45  
14.42   14.42   14.45   14.37   14.42   14.45   14.44   14.45  
14.42   14.42   14.45   14.37   14.35   14.45   14.44   14.45  
14.42   14.42   14.45   14.37   14.35   14.32   14.44   14.45  
14.42   14.42   14.45   14.37   14.35   14.32   14.34   14.45  
14.42   14.42   14.45   14.37   14.35   14.32   14.34   14.36  
14.11   14.42   14.45   14.37   14.35   14.32   14.34   14.36  
14.11   14.12   14.45   14.37   14.35   14.32   14.34   14.36  
14.11   14.12   14.12   14.37   14.35   14.32   14.34   14.36  
14.11   14.12   14.12   14.06   14.35   14.32   14.34   14.36  
14.11   14.12   14.12   14.06   14.05   14.32   14.34   14.36  
14.11   14.12   14.12   14.06   14.05   13.95   14.34   14.36  
14.11   14.12   14.12   14.06   14.05   13.95   14.01   14.36  
14.11   14.12   14.12   14.06   14.05   13.95   14.01   14.03  
14.00   14.12   14.12   14.06   14.05   13.95   14.01   14.03  
14.00   14.02   14.12   14.06   14.05   13.95   14.01   14.03  
14.00   14.02   14.03   14.06   14.05   13.95   14.01   14.03  
14.00   14.02   14.03   13.98   14.05   13.95   14.01   14.03  
14.00   14.02   14.03   13.98   13.98   13.95   14.01   14.03  
14.00   14.02   14.03   13.98   13.98   14.02   14.01   14.03  
14.00   14.02   14.03   13.98   13.98   14.02   13.99   14.03  
14.00   14.02   14.03   13.98   13.98   14.02   13.99   13.99  
14.04   14.02   14.03   13.98   13.98   14.02   13.99   13.99  
14.04   14.06   14.03   13.98   13.98   14.02   13.99   13.99  
14.04   14.06   14.12   13.98   13.98   14.02   13.99   13.99  
14.04   14.06   14.12   14.09   13.98   14.02   13.99   13.99  
14.04   14.06   14.12   14.09   14.09   14.02   13.99   13.99  
14.04   14.06   14.12   14.09   14.09   14.08   13.99   13.99  
14.04   14.06   14.12   14.09   14.09   14.08   14.05   13.99  
14.04   14.06   14.12   14.09   14.09   14.08   14.05   14.06  
14.03   14.06   14.12   14.09   14.09   14.08   14.05   14.06  
14.03   13.98   14.12   14.09   14.09   14.08   14.05   14.06  
14.03   13.98   14.07   14.09   14.09   14.08   14.05   14.06  
14.03   13.98   14.07   14.10   14.09   14.08   14.05   14.06  
14.03   13.98   14.07   14.10   14.13   14.08   14.05   14.06  
14.03   13.98   14.07   14.10   14.13   14.13   14.05   14.06  
14.03   13.98   14.07   14.10   14.13   14.13   14.18   14.06  
14.03   13.98   14.07   14.10   14.13   14.13   14.18   14.20  
14.18   13.98   14.07   14.10   14.13   14.13   14.18   14.20  
14.18   14.18   14.07   14.10   14.13   14.13   14.18   14.20  
14.18   14.18   14.29   14.10   14.13   14.13   14.18   14.20  
14.18   14.18   14.29   14.26   14.13   14.13   14.18   14.20  
14.18   14.18   14.29   14.26   14.25   14.13   14.18   14.20  
14.18   14.18   14.29   14.26   14.25   14.26   14.18   14.20  
14.18   14.18   14.29   14.26   14.25   14.26   14.23   14.20  
14.18   14.18   14.29   14.26   14.25   14.26   14.23   14.25  
14.31   14.18   14.29   14.26   14.25   14.26   14.23   14.25  
14.31   14.32   14.29   14.26   14.25   14.26   14.23   14.25  
14.31   14.32   14.28   14.26   14.25   14.26   14.23   14.25  
14.31   14.32   14.28   14.26   14.25   14.26   14.23   14.25  
14.31   14.32   14.28   14.26   14.26   14.26   14.23   14.25  
14.31   14.32   14.28   14.26   14.26   14.27   14.23   14.25  
14.31   14.32   14.28   14.26   14.26   14.27   14.27   14.25  
14.31   14.32   14.28   14.26   14.26   14.27   14.27   14.30  
14.31   14.32   14.28   14.26   14.26   14.27   14.27   14.30  
14.31   14.33   14.28   14.26   14.26   14.27   14.27   14.30  
14.31   14.33   14.30   14.26   14.26   14.27   14.27   14.30  
14.31   14.33   14.30   14.29   14.26   14.27   14.27   14.30  
14.31   14.33   14.30   14.29   14.29   14.27   14.27   14.30  
14.31   14.33   14.30   14.29   14.29   14.32   14.27   14.30  
14.31   14.33   14.30   14.29   14.29   14.32   14.39   14.30  
14.31   14.33   14.30   14.29   14.29   14.32   14.39   14.37  
14.43   14.33   14.30   14.29   14.29   14.32   14.39   14.37  
14.43   14.46   14.30   14.29   14.29   14.32   14.39   14.37  
14.43   14.46   14.45   14.29   14.29   14.32   14.39   14.37  
14.43   14.46   14.45   14.50   14.29   14.32   14.39   14.37  
14.43   14.46   14.45   14.50   14.55   14.32   14.39   14.37  
14.43   14.46   14.45   14.50   14.55   14.55   14.39   14.37  
14.43   14.46   14.45   14.50   14.55   14.55   14.62   14.37  
14.43   14.46   14.45   14.50   14.55   14.55   14.62   14.70  
14.78   14.46   14.45   14.50   14.55   14.55   14.62   14.70  
14.78   14.81   14.45   14.50   14.55   14.55   14.62   14.70  
14.78   14.81   14.91   14.50   14.55   14.55   14.62   14.70  
14.78   14.81   14.91   14.89   14.55   14.55   14.62   14.70  
14.78   14.81   14.91   14.89   14.89   14.55   14.62   14.70  
14.78   14.81   14.91   14.89   14.89   14.93   14.62   14.70  
14.78   14.81   14.91   14.89   14.89   14.93   14.98   14.70  
14.78   14.81   14.91   14.89   14.89   14.93   14.98   14.95  
14.87   14.81   14.91   14.89   14.89   14.93   14.98   14.95  
14.87   14.85   14.91   14.89   14.89   14.93   14.98   14.95  
14.87   14.85   14.80   14.89   14.89   14.93   14.98   14.95  
14.87   14.85   14.80   14.79   14.89   14.93   14.98   14.95  
14.87   14.85   14.80   14.79   14.79   14.93   14.98   14.95  
14.87   14.85   14.80   14.79   14.79   14.78   14.98   14.95  
14.87   14.85   14.80   14.79   14.79   14.78   14.69   14.95  
14.87   14.85   14.80   14.79   14.79   14.78   14.69   14.68  
14.73   14.85   14.80   14.79   14.79   14.78   14.69   14.68  
14.73   14.71   14.80   14.79   14.79   14.78   14.69   14.68  
14.73   14.71   14.50   14.79   14.79   14.78   14.69   14.68  
14.73   14.71   14.50   14.50   14.79   14.78   14.69   14.68  
14.73   14.71   14.50   14.50   14.45   14.78   14.69   14.68  
14.73   14.71   14.50   14.50   14.45   14.44   14.69   14.68  
14.73   14.71   14.50   14.50   14.45   14.44   14.38   14.68  
14.73   14.71   14.50   14.50   14.45   14.44   14.38   14.46  
14.39   14.71   14.50   14.50   14.45   14.44   14.38   14.46  
14.39   14.39   14.50   14.50   14.45   14.44   14.38   14.46  
14.39   14.39   14.34   14.50   14.45   14.44   14.38   14.46  
14.39   14.39   14.34   14.34   14.45   14.44   14.38   14.46  
14.39   14.39   14.34   14.34   14.40   14.44   14.38   14.46  
14.39   14.39   14.34   14.34   14.40   14.40   14.38   14.46  
14.39   14.39   14.34   14.34   14.40   14.40   14.36   14.46  
14.39   14.39   14.34   14.34   14.40   14.40   14.36   14.33  
14.28   14.39   14.34   14.34   14.40   14.40   14.36   14.33  
14.28   14.17   14.34   14.34   14.40   14.40   14.36   14.33  
14.28   14.17   14.14   14.34   14.40   14.40   14.36   14.33  
14.28   14.17   14.14   14.15   14.40   14.40   14.36   14.33  
14.28   14.17   14.14   14.15   14.11   14.40   14.36   14.33  
14.28   14.17   14.14   14.15   14.11   14.16   14.36   14.33  
14.28   14.17   14.14   14.15   14.11   14.16   14.12   14.33  
14.28   14.17   14.14   14.15   14.11   14.16   14.12   14.22  
14.18   14.17   14.14   14.15   14.11   14.16   14.12   14.22  
14.18   14.17   14.14   14.15   14.11   14.16   14.12   14.22  
14.18   14.17   14.15   14.15   14.11   14.16   14.12   14.22  
14.18   14.17   14.15   14.19   14.11   14.16   14.12   14.22  
14.18   14.17   14.15   14.19   14.16   14.16   14.12   14.22  
14.18   14.17   14.15   14.19   14.16   14.15   14.12   14.22  
14.18   14.17   14.15   14.19   14.16   14.15   14.13   14.22  
14.18   14.17   14.15   14.19   14.16   14.15   14.13   14.10  
14.07   14.17   14.15   14.19   14.16   14.15   14.13   14.10  
14.07   14.07   14.15   14.19   14.16   14.15   14.13   14.10  
14.07   14.07   14.09   14.19   14.16   14.15   14.13   14.10  
14.07   14.07   14.09   14.09   14.16   14.15   14.13   14.10  
14.07   14.07   14.09   14.09   14.08   14.15   14.13   14.10  
14.07   14.07   14.09   14.09   14.08   14.15   14.13   14.10  
14.07   14.07   14.09   14.09   14.08   14.15   14.20   14.10  
14.07   14.07   14.09   14.09   14.08   14.15   14.20   14.18  
14.23   14.07   14.09   14.09   14.08   14.15   14.20   14.18  
14.23   14.26   14.09   14.09   14.08   14.15   14.20   14.18  
14.23   14.26   14.23   14.09   14.08   14.15   14.20   14.18  
14.23   14.26   14.23   14.23   14.08   14.15   14.20   14.18  
14.23   14.26   14.23   14.23   14.23   14.15   14.20   14.18  
14.23   14.26   14.23   14.23   14.23   14.25   14.20   14.18  
14.23   14.26   14.23   14.23   14.23   14.25   14.23   14.18  
14.23   14.26   14.23   14.23   14.23   14.25   14.23   14.21  
14.18   14.26   14.23   14.23   14.23   14.25   14.23   14.21  
14.18   14.17   14.23   14.23   14.23   14.25   14.23   14.21  
14.18   14.17   14.16   14.23   14.23   14.25   14.23   14.21  
14.18   14.17   14.16   14.17   14.23   14.25   14.23   14.21  
14.18   14.17   14.16   14.17   14.17   14.25   14.23   14.21  
14.18   14.17   14.16   14.17   14.17   14.14   14.23   14.21  
14.18   14.17   14.16   14.17   14.17   14.14   14.22   14.21  
14.18   14.17   14.16   14.17   14.17   14.14   14.22   14.21  
14.19   14.17   14.16   14.17   14.17   14.14   14.22   14.21  
14.19   14.19   14.16   14.17   14.17   14.14   14.22   14.21  
14.19   14.19   14.18   14.17   14.17   14.14   14.22   14.21  
14.19   14.19   14.18   14.20   14.17   14.14   14.22   14.21  
14.19   14.19   14.18   14.20   14.21   14.14   14.22   14.21  
14.19   14.19   14.18   14.20   14.21   13.97   14.22   14.21  
14.19   14.19   14.18   14.20   14.21   13.97   13.93   14.21  
14.19   14.19   14.18   14.20   14.21   13.97   13.93   13.92  
13.99   14.19   14.18   14.20   14.21   13.97   13.93   13.92  
13.99   13.99   14.18   14.20   14.21   13.97   13.93   13.92  
13.99   13.99   13.99   14.20   14.21   13.97   13.93   13.92  
13.99   13.99   13.99   14.02   14.21   13.97   13.93   13.92  
13.99   13.99   13.99   14.02   14.05   13.97   13.93   13.92  
13.99   13.99   13.99   14.02   14.05   14.02   13.93   13.92  
13.99   13.99   13.99   14.02   14.05   14.02   14.13   13.92  
13.99   13.99   13.99   14.02   14.05   14.02   14.13   14.12  
14.16   13.99   13.99   14.02   14.05   14.02   14.13   14.12  
14.16   14.17   13.99   14.02   14.05   14.02   14.13   14.12  
14.16   14.17   14.18   14.02   14.05   14.02   14.13   14.12  
14.16   14.17   14.18   14.11   14.05   14.02   14.13   14.12  
14.16   14.17   14.18   14.11   14.11   14.02   14.13   14.12  
14.16   14.17   14.18   14.11   14.11   14.14   14.13   14.12  
14.16   14.17   14.18   14.11   14.11   14.14   14.11   14.12  
14.16   14.17   14.18   14.11   14.11   14.14   14.11   13.66  
13.62   14.17   14.18   14.11   14.11   14.14   14.11   13.66  
13.62   13.61   14.18   14.11   14.11   14.14   14.11   13.66  
13.62   13.61   13.63   14.11   14.11   14.14   14.11   13.66  
13.62   13.61   13.63   13.64   14.11   14.14   14.11   13.66  
13.62   13.61   13.63   13.64   13.64   14.14   14.11   13.66  
13.62   13.61   13.63   13.64   13.64   13.60   14.11   13.66  
13.62   13.61   13.63   13.64   13.64   13.60   13.58   13.66  
13.62   13.61   13.63   13.64   13.64   13.60   13.58   13.56  
13.53   13.61   13.63   13.64   13.64   13.60   13.58   13.56  
13.53   13.53   13.63   13.64   13.64   13.60   13.58   13.56  
13.53   13.53   13.55   13.64   13.64   13.60   13.58   13.56  
13.53   13.53   13.55   13.45   13.64   13.60   13.58   13.56  
13.53   13.53   13.55   13.45   13.46   13.60   13.58   13.56  
13.53   13.53   13.55   13.45   13.46   13.43   13.58   13.56  
13.53   13.53   13.55   13.45   13.46   13.43   13.42   13.56  
13.53   13.53   13.55   13.45   13.46   13.43   13.42   13.41  
13.39   13.53   13.55   13.45   13.46   13.43   13.42   13.41  
13.39   13.40   13.55   13.45   13.46   13.43   13.42   13.41  
13.39   13.40   13.40   13.45   13.46   13.43   13.42   13.41  
13.39   13.40   13.40   13.41   13.46   13.43   13.42   13.41  
13.39   13.40   13.40   13.41   13.42   13.43   13.42   13.41  
13.39   13.40   13.40   13.41   13.42   13.48   13.42   13.41  
13.39   13.40   13.40   13.41   13.42   13.48   13.48   13.41  
13.39   13.40   13.40   13.41   13.42   13.48   13.48   13.48  
13.47   13.40   13.40   13.41   13.42   13.48   13.48   13.48  
13.47   13.48   13.40   13.41   13.42   13.48   13.48   13.48  
13.47   13.48   13.49   13.41   13.42   13.48   13.48   13.48  
13.47   13.48   13.49   13.50   13.42   13.48   13.48   13.48  
13.47   13.48   13.49   13.50   13.52   13.48   13.48   13.48  
13.47   13.48   13.49   13.50   13.52   13.49   13.48   13.48  
13.47   13.48   13.49   13.50   13.52   13.49   13.47   13.48  
13.47   13.48   13.49   13.50   13.52   13.49   13.47   13.48  
13.47   13.48   13.49   13.50   13.52   13.49   13.47   13.48  
13.47   13.50   13.49   13.50   13.52   13.49   13.47   13.48  
13.47   13.50   13.52   13.50   13.52   13.49   13.47   13.48  
13.47   13.50   13.52   13.53   13.52   13.49   13.47   13.48  
13.47   13.50   13.52   13.53   13.56   13.49   13.47   13.48  
13.47   13.50   13.52   13.53   13.56   13.59   13.47   13.48  
13.47   13.50   13.52   13.53   13.56   13.59   13.64   13.48  
13.47   13.50   13.52   13.53   13.56   13.59   13.64   13.65  
13.64   13.50   13.52   13.53   13.56   13.59   13.64   13.65  
13.64   13.64   13.52   13.53   13.56   13.59   13.64   13.65  
13.64   13.64   13.66   13.53   13.56   13.59   13.64   13.65  
13.64   13.64   13.66   13.68   13.56   13.59   13.64   13.65  
13.64   13.64   13.66   13.68   13.71   13.59   13.64   13.65  
13.64   13.64   13.66   13.68   13.71   13.68   13.64   13.65  
13.64   13.64   13.66   13.68   13.71   13.68   13.65   13.65  
13.64   13.64   13.66   13.68   13.71   13.68   13.65   13.63  
13.62   13.64   13.66   13.68   13.71   13.68   13.65   13.63  
13.62   13.63   13.66   13.68   13.71   13.68   13.65   13.63  
13.62   13.63   13.66   13.68   13.71   13.68   13.65   13.63  
13.62   13.63   13.66   13.64   13.71   13.68   13.65   13.63  
13.62   13.63   13.66   13.64   13.57   13.68   13.65   13.63  
13.62   13.63   13.66   13.64   13.57   13.55   13.65   13.63  
13.62   13.63   13.66   13.64   13.57   13.55   13.62   13.63  
13.62   13.63   13.66   13.64   13.57   13.55   13.62   13.63  
13.66   13.63   13.66   13.64   13.57   13.55   13.62   13.63  
13.66   13.67   13.66   13.64   13.57   13.55   13.62   13.63  
13.66   13.67   13.70   13.64   13.57   13.55   13.62   13.63  
13.66   13.67   13.70   13.69   13.57   13.55   13.62   13.63  
13.66   13.67   13.70   13.69   13.63   13.55   13.62   13.63  
13.66   13.67   13.70   13.69   13.63   13.66   13.62   13.63  
13.66   13.67   13.70   13.69   13.63   13.66   13.76   13.63  
13.66   13.67   13.70   13.69   13.63   13.66   13.76   13.77  
13.75   13.67   13.70   13.69   13.63   13.66   13.76   13.77  
13.75   13.68   13.70   13.69   13.63   13.66   13.76   13.77  
13.75   13.68   13.71   13.69   13.63   13.66   13.76   13.77  
13.75   13.68   13.71   13.71   13.63   13.66   13.76   13.77  
13.75   13.68   13.71   13.71   13.75   13.66   13.76   13.77  
13.75   13.68   13.71   13.71   13.75   13.72   13.76   13.77  
13.75   13.68   13.71   13.71   13.75   13.72   13.67   13.77  
13.75   13.68   13.71   13.71   13.75   13.72   13.67   13.69  
13.68   13.68   13.71   13.71   13.75   13.72   13.67   13.69  
13.68   13.68   13.71   13.71   13.75   13.72   13.67   13.69  
13.68   13.68   13.62   13.71   13.75   13.72   13.67   13.69  
13.68   13.68   13.62   13.63   13.75   13.72   13.67   13.69  
13.68   13.68   13.62   13.63   13.62   13.72   13.67   13.69  
13.68   13.68   13.62   13.63   13.62   13.60   13.67   13.69  
13.68   13.68   13.62   13.63   13.62   13.60   13.56   13.69  
13.68   13.68   13.62   13.63   13.62   13.60   13.56   13.58  
13.58   13.68   13.62   13.63   13.62   13.60   13.56   13.58  
13.58   13.61   13.62   13.63   13.62   13.60   13.56   13.58  
13.58   13.61   13.50   13.63   13.62   13.60   13.56   13.58  
13.58   13.61   13.50   13.52   13.62   13.60   13.56   13.58  
13.58   13.61   13.50   13.52   13.51   13.60   13.56   13.58  
13.58   13.61   13.50   13.52   13.51   13.50   13.56   13.58  
13.58   13.61   13.50   13.52   13.51   13.50   13.48   13.58  
13.58   13.61   13.50   13.52   13.51   13.50   13.48   13.48  
13.49   13.61   13.50   13.52   13.51   13.50   13.48   13.48  
13.49   13.48   13.50   13.52   13.51   13.50   13.48   13.48  
13.49   13.48   13.48   13.52   13.51   13.50   13.48   13.48  
13.49   13.48   13.48   13.50   13.51   13.50   13.48   13.48  
13.49   13.48   13.48   13.50   13.53   13.50   13.48   13.48  
13.49   13.48   13.48   13.50   13.53   13.53   13.48   13.48  
13.49   13.48   13.48   13.50   13.53   13.53   13.54   13.48  
13.49   13.48   13.48   13.50   13.53   13.53   13.54   13.55  
13.56   13.48   13.48   13.50   13.53   13.53   13.54   13.55  
13.56   13.56   13.48   13.50   13.53   13.53   13.54   13.55  
13.56   13.56   13.57   13.50   13.53   13.53   13.54   13.55  
13.56   13.56   13.57   13.59   13.53   13.53   13.54   13.55  
13.56   13.56   13.57   13.59   13.60   13.53   13.54   13.55  
13.56   13.56   13.57   13.59   13.60   13.60   13.54   13.55  
13.56   13.56   13.57   13.59   13.60   13.60   13.54   13.55  
13.56   13.56   13.57   13.59   13.60   13.60   13.54   13.59  
13.59   13.56   13.57   13.59   13.60   13.60   13.54   13.59  
13.59   13.60   13.57   13.59   13.60   13.60   13.54   13.59  
13.59   13.60   13.61   13.59   13.60   13.60   13.54   13.59  
13.59   13.60   13.61   13.64   13.60   13.60   13.54   13.59  
13.59   13.60   13.61   13.64   13.61   13.60   13.54   13.59  
13.59   13.60   13.61   13.64   13.61   13.62   13.54   13.59  
13.59   13.60   13.61   13.64   13.61   13.62   13.58   13.59  
13.59   13.60   13.61   13.64   13.61   13.62   13.58   13.58  
13.58   13.60   13.61   13.64   13.61   13.62   13.58   13.58  
13.58   13.62   13.61   13.64   13.61   13.62   13.58   13.58  
13.58   13.62   13.64   13.64   13.61   13.62   13.58   13.58  
13.58   13.62   13.64   13.67   13.61   13.62   13.58   13.58  
13.58   13.62   13.64   13.67   13.65   13.62   13.58   13.58  
13.58   13.62   13.64   13.67   13.65   13.67   13.58   13.58  
13.58   13.62   13.64   13.67   13.65   13.67   13.64   13.58  
13.58   13.62   13.64   13.67   13.65   13.67   13.64   13.64  
13.65   13.62   13.64   13.67   13.65   13.67   13.64   13.64  
13.65   13.65   13.64   13.67   13.65   13.67   13.64   13.64  
13.65   13.65   13.65   13.67   13.65   13.67   13.64   13.64  
13.65   13.65   13.65   13.68   13.65   13.67   13.64   13.64  
13.65   13.65   13.65   13.68   13.73   13.67   13.64   13.64  
13.65   13.65   13.65   13.68   13.73   13.75   13.64   13.64  
13.65   13.65   13.65   13.68   13.73   13.75   13.79   13.64  
13.65   13.65   13.65   13.68   13.73   13.75   13.79   13.80  
13.81   13.65   13.65   13.68   13.73   13.75   13.79   13.80  
13.81   13.82   13.65   13.68   13.73   13.75   13.79   13.80  
13.81   13.82   13.82   13.68   13.73   13.75   13.79   13.80  
13.81   13.82   13.82   13.85   13.73   13.75   13.79   13.80  
13.81   13.82   13.82   13.85   13.83   13.75   13.79   13.80  
13.81   13.82   13.82   13.85   13.83   13.82   13.79   13.80  
13.81   13.82   13.82   13.85   13.83   13.82   13.79   13.80  
13.81   13.82   13.82   13.85   13.83   13.82   13.79   13.81  
13.82   13.82   13.82   13.85   13.83   13.82   13.79   13.81  
13.82   13.83   13.82   13.85   13.83   13.82   13.79   13.81  
13.82   13.83   13.83   13.85   13.83   13.82   13.79   13.81  
13.82   13.83   13.83   13.86   13.83   13.82   13.79   13.81  
13.82   13.83   13.83   13.86   13.85   13.82   13.79   13.81  
13.82   13.83   13.83   13.86   13.85   13.86   13.79   13.81  
13.82   13.83   13.83   13.86   13.85   13.86   13.84   13.81  
13.82   13.83   13.83   13.86   13.85   13.86   13.84   13.86  
13.84   13.83   13.83   13.86   13.85   13.86   13.84   13.86  
13.84   13.86   13.83   13.86   13.85   13.86   13.84   13.86  
13.84   13.86   13.86   13.86   13.85   13.86   13.84   13.86  
13.84   13.86   13.86   13.88   13.85   13.86   13.84   13.86  
13.84   13.86   13.86   13.88   13.87   13.86   13.84   13.86  
13.84   13.86   13.86   13.88   13.87   13.89   13.84   13.86  
13.84   13.86   13.86   13.88   13.87   13.89   13.88   13.86  
13.84   13.86   13.86   13.88   13.87   13.89   13.88   13.90  
13.95   13.86   13.86   13.88   13.87   13.89   13.88   13.90  
13.95   13.97   13.86   13.88   13.87   13.89   13.88   13.90  
13.95   13.97   13.98   13.88   13.87   13.89   13.88   13.90  
13.95   13.97   13.98   14.00   13.87   13.89   13.88   13.90  
13.95   13.97   13.98   14.00   14.00   13.89   13.88   13.90  
13.95   13.97   13.98   14.00   14.00   13.97   13.88   13.90  
13.95   13.97   13.98   14.00   14.00   13.97   14.03   13.90  
13.95   13.97   13.98   14.00   14.00   13.97   14.03   14.05  
14.01   13.97   13.98   14.00   14.00   13.97   14.03   14.05  
14.01   13.89   13.98   14.00   14.00   13.97   14.03   14.05  
14.01   13.89   13.84   14.00   14.00   13.97   14.03   14.05  
14.01   13.89   13.84   13.87   14.00   13.97   14.03   14.05  
14.01   13.89   13.84   13.87   13.87   13.97   14.03   14.05  
14.01   13.89   13.84   13.87   13.87   13.88   14.03   14.05  
14.01   13.89   13.84   13.87   13.87   13.88   13.86   14.05  
14.01   13.89   13.84   13.87   13.87   13.88   13.86   13.89  
13.87   13.89   13.84   13.87   13.87   13.88   13.86   13.89  
13.87   13.88   13.84   13.87   13.87   13.88   13.86   13.89  
13.87   13.88   13.88   13.87   13.87   13.88   13.86   13.89  
13.87   13.88   13.88   13.80   13.87   13.88   13.86   13.89  
13.87   13.88   13.88   13.80   13.82   13.88   13.86   13.89  
13.87   13.88   13.88   13.80   13.82   13.85   13.86   13.89  
13.87   13.88   13.88   13.80   13.82   13.85   13.84   13.89  
13.87   13.88   13.88   13.80   13.82   13.85   13.84   13.87  
13.89   13.88   13.88   13.80   13.82   13.85   13.84   13.87  
13.89   13.91   13.88   13.80   13.82   13.85   13.84   13.87  
13.89   13.91   13.91   13.80   13.82   13.85   13.84   13.87  
13.89   13.91   13.91   13.93   13.82   13.85   13.84   13.87  
13.89   13.91   13.91   13.93   13.96   13.85   13.84   13.87  
13.89   13.91   13.91   13.93   13.96   13.95   13.84   13.87  
13.89   13.91   13.91   13.93   13.96   13.95   13.96   13.87  
13.89   13.91   13.91   13.93   13.96   13.95   13.96   13.82  
13.79   13.91   13.91   13.93   13.96   13.95   13.96   13.82  
13.79   13.74   13.91   13.93   13.96   13.95   13.96   13.82  
13.79   13.74   13.75   13.93   13.96   13.95   13.96   13.82  
13.79   13.74   13.75   13.62   13.96   13.95   13.96   13.82  
13.79   13.74   13.75   13.62   13.62   13.95   13.96   13.82  
13.79   13.74   13.75   13.62   13.62   13.68   13.96   13.82  
13.79   13.74   13.75   13.62   13.62   13.68   13.74   13.82  
13.79   13.74   13.75   13.62   13.62   13.68   13.74   13.76  
13.82   13.74   13.75   13.62   13.62   13.68   13.74   13.76  
13.82   13.83   13.75   13.62   13.62   13.68   13.74   13.76  
13.82   13.83   13.84   13.62   13.62   13.68   13.74   13.76  
13.82   13.83   13.84   13.85   13.62   13.68   13.74   13.76  
13.82   13.83   13.84   13.85   13.86   13.68   13.74   13.76  
13.82   13.83   13.84   13.85   13.86   13.84   13.74   13.76  
13.82   13.83   13.84   13.85   13.86   13.84   13.81   13.76  
13.82   13.83   13.84   13.85   13.86   13.84   13.81   13.81  
13.77   13.83   13.84   13.85   13.86   13.84   13.81   13.81  
13.77   13.79   13.84   13.85   13.86   13.84   13.81   13.81  
13.77   13.79   13.81   13.85   13.86   13.84   13.81   13.81  
13.77   13.79   13.81   13.82   13.86   13.84   13.81   13.81  
13.77   13.79   13.81   13.82   13.84   13.84   13.81   13.81  
13.77   13.79   13.81   13.82   13.84   13.85   13.81   13.81  
13.77   13.79   13.81   13.82   13.84   13.85   13.87   13.81  
13.77   13.79   13.81   13.82   13.84   13.85   13.87   13.88  
13.86   13.79   13.81   13.82   13.84   13.85   13.87   13.88  
13.86   13.86   13.81   13.82   13.84   13.85   13.87   13.88  
13.86   13.86   13.88   13.82   13.84   13.85   13.87   13.88  
13.86   13.86   13.88   13.90   13.84   13.85   13.87   13.88  
13.86   13.86   13.88   13.90   13.91   13.85   13.87   13.88  
13.86   13.86   13.88   13.90   13.91   13.89   13.87   13.88  
13.86   13.86   13.88   13.90   13.91   13.89   13.97   13.88  
13.86   13.86   13.88   13.90   13.91   13.89   13.97   13.98  
14.06   13.86   13.88   13.90   13.91   13.89   13.97   13.98  
14.06   14.06   13.88   13.90   13.91   13.89   13.97   13.98  
14.06   14.06   14.08   13.90   13.91   13.89   13.97   13.98  
14.06   14.06   14.08   14.08   13.91   13.89   13.97   13.98  
14.06   14.06   14.08   14.08   14.03   13.89   13.97   13.98  
14.06   14.06   14.08   14.08   14.03   14.10   13.97   13.98  
14.06   14.06   14.08   14.08   14.03   14.10   14.16   13.98  
14.06   14.06   14.08   14.08   14.03   14.10   14.16   14.18  
14.15   14.06   14.08   14.08   14.03   14.10   14.16   14.18  
14.15   14.16   14.08   14.08   14.03   14.10   14.16   14.18  
14.15   14.16   14.19   14.08   14.03   14.10   14.16   14.18  
14.15   14.16   14.19   14.20   14.03   14.10   14.16   14.18  
14.15   14.16   14.19   14.20   14.24   14.10   14.16   14.18  
14.15   14.16   14.19   14.20   14.24   14.21   14.16   14.18  
14.15   14.16   14.19   14.20   14.24   14.21   14.14   14.18  
14.15   14.16   14.19   14.20   14.24   14.21   14.14   14.16  
14.15   14.16   14.19   14.20   14.24   14.21   14.14   14.16  
14.15   14.16   14.19   14.20   14.24   14.21   14.14   14.16  
14.15   14.16   14.19   14.20   14.24   14.21   14.14   14.16  
14.15   14.16   14.19   14.20   14.24   14.21   14.14   14.16  
14.15   14.16   14.19   14.20   14.19   14.21   14.14   14.16  
14.15   14.16   14.19   14.20   14.19   14.18   14.14   14.16  
14.15   14.16   14.19   14.20   14.19   14.18   14.13   14.16  
14.15   14.16   14.19   14.20   14.19   14.18   14.13   14.14  
14.17   14.16   14.19   14.20   14.19   14.18   14.13   14.14  
14.17   14.19   14.19   14.20   14.19   14.18   14.13   14.14  
14.17   14.19   14.12   14.20   14.19   14.18   14.13   14.14  
14.17   14.19   14.12   14.13   14.19   14.18   14.13   14.14  
14.17   14.19   14.12   14.13   14.13   14.18   14.13   14.14  
14.17   14.19   14.12   14.13   14.13   14.13   14.13   14.14  
14.17   14.19   14.12   14.13   14.13   14.13   14.09   14.14  
14.17   14.19   14.12   14.13   14.13   14.13   14.09   13.90  
13.98   14.19   14.12   14.13   14.13   14.13   14.09   13.90  
13.98   13.93   14.12   14.13   14.13   14.13   14.09   13.90  
13.98   13.93   13.89   14.13   14.13   14.13   14.09   13.90  
13.98   13.93   13.89   13.91   14.13   14.13   14.09   13.90  
13.98   13.93   13.89   13.91   13.96   14.13   14.09   13.90  
13.98   13.93   13.89   13.91   13.96   13.96   14.09   13.90  
13.98   13.93   13.89   13.91   13.96   13.96   13.99   13.90  
13.98   13.93   13.89   13.91   13.96   13.96   13.99   13.99  
13.95   13.93   13.89   13.91   13.96   13.96   13.99   13.99  
13.95   13.96   13.89   13.91   13.96   13.96   13.99   13.99  
13.95   13.96   14.00   13.91   13.96   13.96   13.99   13.99  
13.95   13.96   14.00   13.86   13.96   13.96   13.99   13.99  
13.95   13.96   14.00   13.86   13.85   13.96   13.99   13.99  
13.95   13.96   14.00   13.86   13.85   13.86   13.99   13.99  
13.95   13.96   14.00   13.86   13.85   13.86   13.82   13.99  
13.95   13.96   14.00   13.86   13.85   13.86   13.82   13.83  
13.80   13.96   14.00   13.86   13.85   13.86   13.82   13.83  
13.80   13.81   14.00   13.86   13.85   13.86   13.82   13.83  
13.80   13.81   13.81   13.86   13.85   13.86   13.82   13.83  
13.80   13.81   13.81   13.82   13.85   13.86   13.82   13.83  
13.80   13.81   13.81   13.82   13.81   13.86   13.82   13.83  
13.80   13.81   13.81   13.82   13.81   13.68   13.82   13.83  
13.80   13.81   13.81   13.82   13.81   13.68   13.65   13.83  
13.80   13.81   13.81   13.82   13.81   13.68   13.65   13.70  
13.68   13.81   13.81   13.82   13.81   13.68   13.65   13.70  
13.68   13.70   13.81   13.82   13.81   13.68   13.65   13.70  
13.68   13.70   13.70   13.82   13.81   13.68   13.65   13.70  
13.68   13.70   13.70   13.66   13.81   13.68   13.65   13.70  
13.68   13.70   13.70   13.66   13.66   13.68   13.65   13.70  
13.68   13.70   13.70   13.66   13.66   13.69   13.65   13.70  
13.68   13.70   13.70   13.66   13.66   13.69   13.68   13.70  
13.68   13.70   13.70   13.66   13.66   13.69   13.68   13.67  
13.67   13.70   13.70   13.66   13.66   13.69   13.68   13.67  
13.67   13.67   13.70   13.66   13.66   13.69   13.68   13.67  
13.67   13.67   13.68   13.66   13.66   13.69   13.68   13.67  
13.67   13.67   13.68   13.68   13.66   13.69   13.68   13.67  
13.67   13.67   13.68   13.68   13.74   13.69   13.68   13.67  
13.67   13.67   13.68   13.68   13.74   13.72   13.68   13.67  
13.67   13.67   13.68   13.68   13.74   13.72   13.71   13.67  
13.67   13.67   13.68   13.68   13.74   13.72   13.71   13.72  
13.71   13.67   13.68   13.68   13.74   13.72   13.71   13.72  
13.71   13.72   13.68   13.68   13.74   13.72   13.71   13.72  
13.71   13.72   13.73   13.68   13.74   13.72   13.71   13.72  
13.71   13.72   13.73   13.75   13.74   13.72   13.71   13.72  
13.71   13.72   13.73   13.75   13.74   13.72   13.71   13.72  
13.71   13.72   13.73   13.75   13.74   13.73   13.71   13.72  
13.71   13.72   13.73   13.75   13.74   13.73   13.77   13.72  
13.71   13.72   13.73   13.75   13.74   13.73   13.77   13.77  
13.77   13.72   13.73   13.75   13.74   13.73   13.77   13.77  
13.77   13.78   13.73   13.75   13.74   13.73   13.77   13.77  
13.77   13.78   13.70   13.75   13.74   13.73   13.77   13.77  
13.77   13.78   13.70   13.76   13.74   13.73   13.77   13.77  
13.77   13.78   13.70   13.76   13.76   13.73   13.77   13.77  
13.77   13.78   13.70   13.76   13.76   13.76   13.77   13.77  
13.77   13.78   13.70   13.76   13.76   13.76   13.86   13.77  
13.77   13.78   13.70   13.76   13.76   13.76   13.86   13.81  
13.74   13.78   13.70   13.76   13.76   13.76   13.86   13.81  
13.74   13.76   13.70   13.76   13.76   13.76   13.86   13.81  
13.74   13.76   13.76   13.76   13.76   13.76   13.86   13.81  
13.74   13.76   13.76   13.77   13.76   13.76   13.86   13.81  
13.74   13.76   13.76   13.77   13.84   13.76   13.86   13.81  
13.74   13.76   13.76   13.77   13.84   13.84   13.86   13.81  
13.74   13.76   13.76   13.77   13.84   13.84   13.81   13.81  
13.74   13.76   13.76   13.77   13.84   13.84   13.81   13.86  
13.88   13.76   13.76   13.77   13.84   13.84   13.81   13.86  
13.88   13.90   13.76   13.77   13.84   13.84   13.81   13.86  
13.88   13.90   13.90   13.77   13.84   13.84   13.81   13.86  
13.88   13.90   13.90   13.98   13.84   13.84   13.81   13.86  
13.88   13.90   13.90   13.98   13.98   13.84   13.81   13.86  
13.88   13.90   13.90   13.98   13.98   14.01   13.81   13.86  
13.88   13.90   13.90   13.98   13.98   14.01   13.99   13.86  
13.88   13.90   13.90   13.98   13.98   14.01   13.99   13.96  
13.95   13.90   13.90   13.98   13.98   14.01   13.99   13.96  
13.95   13.97   13.90   13.98   13.98   14.01   13.99   13.96  
13.95   13.97   13.96   13.98   13.98   14.01   13.99   13.96  
13.95   13.97   13.96   14.06   13.98   14.01   13.99   13.96  
13.95   13.97   13.96   14.06   14.14   14.01   13.99   13.96  
13.95   13.97   13.96   14.06   14.14   14.21   13.99   13.96  
13.95   13.97   13.96   14.06   14.14   14.21   14.20   13.96  
13.95   13.97   13.96   14.06   14.14   14.21   14.20   14.18  
14.17   13.97   13.96   14.06   14.14   14.21   14.20   14.18  
14.17   14.11   13.96   14.06   14.14   14.21   14.20   14.18  
14.17   14.11   14.11   14.06   14.14   14.21   14.20   14.18  
14.17   14.11   14.11   14.05   14.14   14.21   14.20   14.18  
14.17   14.11   14.11   14.05   14.03   14.21   14.20   14.18  
14.17   14.11   14.11   14.05   14.03   14.01   14.20   14.18  
14.17   14.11   14.11   14.05   14.03   14.01   14.01   14.18  
14.17   14.11   14.11   14.05   14.03   14.01   14.01   13.99  
13.99   14.11   14.11   14.05   14.03   14.01   14.01   13.99  
13.99   13.91   14.11   14.05   14.03   14.01   14.01   13.99  
13.99   13.91   13.92   14.05   14.03   14.01   14.01   13.99  
13.99   13.91   13.92   13.96   14.03   14.01   14.01   13.99  
13.99   13.91   13.92   13.96   13.95   14.01   14.01   13.99  
13.99   13.91   13.92   13.96   13.95   13.94   14.01   13.99  
13.99   13.91   13.92   13.96   13.95   13.94   13.98   13.99  
13.99   13.91   13.92   13.96   13.95   13.94   13.98   14.02  
14.05   13.91   13.92   13.96   13.95   13.94   13.98   14.02  
14.05   14.09   13.92   13.96   13.95   13.94   13.98   14.02  
14.05   14.09   14.09   13.96   13.95   13.94   13.98   14.02  
14.05   14.09   14.09   14.03   13.95   13.94   13.98   14.02  
14.05   14.09   14.09   14.03   14.03   13.94   13.98   14.02  
14.05   14.09   14.09   14.03   14.03   14.02   13.98   14.02  
14.05   14.09   14.09   14.03   14.03   14.02   14.02   14.02  
14.05   14.09   14.09   14.03   14.03   14.02   14.02   14.00  
14.07   14.09   14.09   14.03   14.03   14.02   14.02   14.00  
14.07   14.06   14.09   14.03   14.03   14.02   14.02   14.00  
14.07   14.06   14.07   14.03   14.03   14.02   14.02   14.00  
14.07   14.06   14.07   14.03   14.03   14.02   14.02   14.00  
14.07   14.06   14.07   14.03   14.03   14.02   14.02   14.00  
14.07   14.06   14.07   14.03   14.03   14.03   14.02   14.00  
14.07   14.06   14.07   14.03   14.03   14.03   14.09   14.00  
14.07   14.06   14.07   14.03   14.03   14.03   14.09   14.08  
14.05   14.06   14.07   14.03   14.03   14.03   14.09   14.08  
14.05   14.05   14.07   14.03   14.03   14.03   14.09   14.08  
14.05   14.05   14.03   14.03   14.03   14.03   14.09   14.08  
14.05   14.05   14.03   14.00   14.03   14.03   14.09   14.08  
14.05   14.05   14.03   14.00   14.01   14.03   14.09   14.08  
14.05   14.05   14.03   14.00   14.01   14.00   14.09   14.08  
14.05   14.05   14.03   14.00   14.01   14.00   13.96   14.08  
14.05   14.05   14.03   14.00   14.01   14.00   13.96   14.02  
14.00   14.05   14.03   14.00   14.01   14.00   13.96   14.02  
14.00   14.00   14.03   14.00   14.01   14.00   13.96   14.02  
14.00   14.00   14.00   14.00   14.01   14.00   13.96   14.02  
14.00   14.00   14.00   13.97   14.01   14.00   13.96   14.02  
14.00   14.00   14.00   13.97   14.03   14.00   13.96   14.02  
14.00   14.00   14.00   13.97   14.03   14.02   13.96   14.02  
14.00   14.00   14.00   13.97   14.03   14.02   14.00   14.02  
14.00   14.00   14.00   13.97   14.03   14.02   14.00   13.98  
13.97   14.00   14.00   13.97   14.03   14.02   14.00   13.98  
13.97   13.98   14.00   13.97   14.03   14.02   14.00   13.98  
13.97   13.98   14.02   13.97   14.03   14.02   14.00   13.98  
13.97   13.98   14.02   14.00   14.03   14.02   14.00   13.98  
13.97   13.98   14.02   14.00   14.00   14.02   14.00   13.98  
13.97   13.98   14.02   14.00   14.00   14.00   14.00   13.98  
13.97   13.98   14.02   14.00   14.00   14.00   13.99   13.98  
13.97   13.98   14.02   14.00   14.00   14.00   13.99   13.99  
13.99   13.98   14.02   14.00   14.00   14.00   13.99   13.99  
13.99   14.00   14.02   14.00   14.00   14.00   13.99   13.99  
13.99   14.00   14.02   14.00   14.00   14.00   13.99   13.99  
13.99   14.00   14.02   14.01   14.00   14.00   13.99   13.99  
13.99   14.00   14.02   14.01   14.01   14.00   13.99   13.99  
13.99   14.00   14.02   14.01   14.01   13.94   13.99   13.99  
13.99   14.00   14.02   14.01   14.01   13.94   13.93   13.99  
13.99   14.00   14.02   14.01   14.01   13.94   13.93   13.90  
13.91   14.00   14.02   14.01   14.01   13.94   13.93   13.90  
13.91   13.92   14.02   14.01   14.01   13.94   13.93   13.90  
13.91   13.92   13.90   14.01   14.01   13.94   13.93   13.90  
13.91   13.92   13.90   13.90   14.01   13.94   13.93   13.90  
13.91   13.92   13.90   13.90   13.91   13.94   13.93   13.90  
13.91   13.92   13.90   13.90   13.91   13.90   13.93   13.90  
13.91   13.92   13.90   13.90   13.91   13.90   13.90   13.90  
13.91   13.92   13.90   13.90   13.91   13.90   13.90   13.89  
13.90   13.92   13.90   13.90   13.91   13.90   13.90   13.89  
13.90   13.87   13.90   13.90   13.91   13.90   13.90   13.89  
13.90   13.87   13.85   13.90   13.91   13.90   13.90   13.89  
13.90   13.87   13.85   13.88   13.91   13.90   13.90   13.89  
13.90   13.87   13.85   13.88   13.89   13.90   13.90   13.89  
13.90   13.87   13.85   13.88   13.89   13.89   13.90   13.89  
13.90   13.87   13.85   13.88   13.89   13.89   13.94   13.89  
13.90   13.87   13.85   13.88   13.89   13.89   13.94   13.93  
13.95   13.87   13.85   13.88   13.89   13.89   13.94   13.93  
13.95   13.97   13.85   13.88   13.89   13.89   13.94   13.93  
13.95   13.97   14.03   13.88   13.89   13.89   13.94   13.93  
13.95   13.97   14.03   14.02   13.89   13.89   13.94   13.93  
13.95   13.97   14.03   14.02   14.04   13.89   13.94   13.93  
13.95   13.97   14.03   14.02   14.04   14.07   13.94   13.93  
13.95   13.97   14.03   14.02   14.04   14.07   14.06   13.93  
13.95   13.97   14.03   14.02   14.04   14.07   14.06   14.06  
14.08   13.97   14.03   14.02   14.04   14.07   14.06   14.06  
14.08   14.07   14.03   14.02   14.04   14.07   14.06   14.06  
14.08   14.07   14.05   14.02   14.04   14.07   14.06   14.06  
14.08   14.07   14.05   14.05   14.04   14.07   14.06   14.06  
14.08   14.07   14.05   14.05   14.07   14.07   14.06   14.06  
14.08   14.07   14.05   14.05   14.07   14.07   14.06   14.06  
14.08   14.07   14.05   14.05   14.07   14.07   14.06   14.06  
14.08   14.07   14.05   14.05   14.07   14.07   14.06   14.07  
14.09   14.07   14.05   14.05   14.07   14.07   14.06   14.07  
14.09   14.09   14.05   14.05   14.07   14.07   14.06   14.07  
14.09   14.09   14.07   14.05   14.07   14.07   14.06   14.07  
14.09   14.09   14.07   14.12   14.07   14.07   14.06   14.07  
14.09   14.09   14.07   14.12   14.14   14.07   14.06   14.07  
14.09   14.09   14.07   14.12   14.14   14.14   14.06   14.07  
14.09   14.09   14.07   14.12   14.14   14.14   14.14   14.07  
14.09   14.09   14.07   14.12   14.14   14.14   14.14   14.16  
14.18   14.09   14.07   14.12   14.14   14.14   14.14   14.16  
14.18   14.18   14.07   14.12   14.14   14.14   14.14   14.16  
14.18   14.18   14.18   14.12   14.14   14.14   14.14   14.16  
14.18   14.18   14.18   14.17   14.14   14.14   14.14   14.16  
14.18   14.18   14.18   14.17   14.23   14.14   14.14   14.16  
14.18   14.18   14.18   14.17   14.23   14.23   14.14   14.16  
14.18   14.18   14.18   14.17   14.23   14.23   14.24   14.16  
14.18   14.18   14.18   14.17   14.23   14.23   14.24   14.25  
14.28   14.18   14.18   14.17   14.23   14.23   14.24   14.25  
14.28   14.29   14.18   14.17   14.23   14.23   14.24   14.25  
14.28   14.29   14.32   14.17   14.23   14.23   14.24   14.25  
14.28   14.29   14.32   14.31   14.23   14.23   14.24   14.25  
14.28   14.29   14.32   14.31   14.40   14.23   14.24   14.25  
14.28   14.29   14.32   14.31   14.40   14.39   14.24   14.25  
14.28   14.29   14.32   14.31   14.40   14.39   14.39   14.25  
14.28   14.29   14.32   14.31   14.40   14.39   14.39   14.40  
14.43   14.29   14.32   14.31   14.40   14.39   14.39   14.40  
14.43   14.44   14.32   14.31   14.40   14.39   14.39   14.40  
14.43   14.44   14.43   14.31   14.40   14.39   14.39   14.40  
14.43   14.44   14.43   14.45   14.40   14.39   14.39   14.40  
14.43   14.44   14.43   14.45   14.43   14.39   14.39   14.40  
14.43   14.44   14.43   14.45   14.43   14.43   14.39   14.40  
14.43   14.44   14.43   14.45   14.43   14.43   14.47   14.40  
14.43   14.44   14.43   14.45   14.43   14.43   14.47   14.42  
14.46   14.44   14.43   14.45   14.43   14.43   14.47   14.42  
14.46   14.47   14.43   14.45   14.43   14.43   14.47   14.42  
14.46   14.47   14.52   14.45   14.43   14.43   14.47   14.42  
14.46   14.47   14.52   14.58   14.43   14.43   14.47   14.42  
14.46   14.47   14.52   14.58   14.57   14.43   14.47   14.42  
14.46   14.47   14.52   14.58   14.57   14.58   14.47   14.42  
14.46   14.47   14.52   14.58   14.57   14.58   14.57   14.42  
14.46   14.47   14.52   14.58   14.57   14.58   14.57   14.58  
14.61   14.47   14.52   14.58   14.57   14.58   14.57   14.58  
14.61   14.61   14.52   14.58   14.57   14.58   14.57   14.58  
14.61   14.61   14.61   14.58   14.57   14.58   14.57   14.58  
14.61   14.61   14.61   14.51   14.57   14.58   14.57   14.58  
14.61   14.61   14.61   14.51   14.51   14.58   14.57   14.58  
14.61   14.61   14.61   14.51   14.51   14.52   14.57   14.58  
14.61   14.61   14.61   14.51   14.51   14.52   14.42   14.58  
14.61   14.61   14.61   14.51   14.51   14.52   14.42   14.43  
14.47   14.61   14.61   14.51   14.51   14.52   14.42   14.43  
14.47   14.51   14.61   14.51   14.51   14.52   14.42   14.43  
14.47   14.51   14.48   14.51   14.51   14.52   14.42   14.43  
14.47   14.51   14.48   14.52   14.51   14.52   14.42   14.43  
14.47   14.51   14.48   14.52   14.22   14.52   14.42   14.43  
14.47   14.51   14.48   14.52   14.22   14.24   14.42   14.43  
14.47   14.51   14.48   14.52   14.22   14.24   14.22   14.43  
14.47   14.51   14.48   14.52   14.22   14.24   14.22   14.24  
14.06   14.51   14.48   14.52   14.22   14.24   14.22   14.24  
14.06   14.13   14.48   14.52   14.22   14.24   14.22   14.24  
14.06   14.13   14.11   14.52   14.22   14.24   14.22   14.24  
14.06   14.13   14.11   14.07   14.22   14.24   14.22   14.24  
14.06   14.13   14.11   14.07   14.06   14.24   14.22   14.24  
14.06   14.13   14.11   14.07   14.06   14.08   14.22   14.24  
14.06   14.13   14.11   14.07   14.06   14.08   14.07   14.24  
14.06   14.13   14.11   14.07   14.06   14.08   14.07   14.03  
14.05   14.13   14.11   14.07   14.06   14.08   14.07   14.03  
14.05   14.04   14.11   14.07   14.06   14.08   14.07   14.03  
14.05   14.04   14.02   14.07   14.06   14.08   14.07   14.03  
14.05   14.04   14.02   14.07   14.06   14.08   14.07   14.03  
14.05   14.04   14.02   14.07   14.14   14.08   14.07   14.03  
14.05   14.04   14.02   14.07   14.14   14.09   14.07   14.03  
14.05   14.04   14.02   14.07   14.14   14.09   14.11   14.03  
14.05   14.04   14.02   14.07   14.14   14.09   14.11   14.11  
14.01   14.04   14.02   14.07   14.14   14.09   14.11   14.11  
14.01   14.00   14.02   14.07   14.14   14.09   14.11   14.11  
14.01   14.00   14.00   14.07   14.14   14.09   14.11   14.11  
14.01   14.00   14.00   14.05   14.14   14.09   14.11   14.11  
14.01   14.00   14.00   14.05   14.04   14.09   14.11   14.11  
14.01   14.00   14.00   14.05   14.04   14.05   14.11   14.11  
14.01   14.00   14.00   14.05   14.04   14.05   14.03   14.11  
14.01   14.00   14.00   14.05   14.04   14.05   14.03   14.05  
14.06   14.00   14.00   14.05   14.04   14.05   14.03   14.05  
14.06   13.97   14.00   14.05   14.04   14.05   14.03   14.05  
14.06   13.97   13.97   14.05   14.04   14.05   14.03   14.05  
14.06   13.97   13.97   14.03   14.04   14.05   14.03   14.05  
14.06   13.97   13.97   14.03   14.02   14.05   14.03   14.05  
14.06   13.97   13.97   14.03   14.02   14.02   14.03   14.05  
14.06   13.97   13.97   14.03   14.02   14.02   14.07   14.05  
14.06   13.97   13.97   14.03   14.02   14.02   14.07   14.08  
14.10   13.97   13.97   14.03   14.02   14.02   14.07   14.08  
14.10   14.09   13.97   14.03   14.02   14.02   14.07   14.08  
14.10   14.09   14.11   14.03   14.02   14.02   14.07   14.08  
14.10   14.09   14.11   14.03   14.02   14.02   14.07   14.08  
14.10   14.09   14.11   14.03   14.11   14.02   14.07   14.08  
14.10   14.09   14.11   14.03   14.11   14.13   14.07   14.08  
14.10   14.09   14.11   14.03   14.11   14.13   14.11   14.08  
14.10   14.09   14.11   14.03   14.11   14.13   14.11   14.12  
14.12   14.09   14.11   14.03   14.11   14.13   14.11   14.12  
14.12   14.11   14.11   14.03   14.11   14.13   14.11   14.12  
14.12   14.11   14.10   14.03   14.11   14.13   14.11   14.12  
14.12   14.11   14.10   14.05   14.11   14.13   14.11   14.12  
14.12   14.11   14.10   14.05   14.03   14.13   14.11   14.12  
14.12   14.11   14.10   14.05   14.03   14.02   14.11   14.12  
14.12   14.11   14.10   14.05   14.03   14.02   14.01   14.12  
14.12   14.11   14.10   14.05   14.03   14.02   14.01   13.98  
13.99   14.11   14.10   14.05   14.03   14.02   14.01   13.98  
13.99   13.99   14.10   14.05   14.03   14.02   14.01   13.98  
13.99   13.99   13.98   14.05   14.03   14.02   14.01   13.98  
13.99   13.99   13.98   14.05   14.03   14.02   14.01   13.98  
13.99   13.99   13.98   14.05   14.04   14.02   14.01   13.98  
13.99   13.99   13.98   14.05   14.04   14.04   14.01   13.98  
13.99   13.99   13.98   14.05   14.04   14.04   14.04   13.98  
13.99   13.99   13.98   14.05   14.04   14.04   14.04   14.03  
14.05   13.99   13.98   14.05   14.04   14.04   14.04   14.03  
14.05   14.12   13.98   14.05   14.04   14.04   14.04   14.03  
14.05   14.12   14.15   14.05   14.04   14.04   14.04   14.03  
14.05   14.12   14.15   14.09   14.04   14.04   14.04   14.03  
14.05   14.12   14.15   14.09   13.86   14.04   14.04   14.03  
14.05   14.12   14.15   14.09   13.86   13.86   14.04   14.03  
14.05   14.12   14.15   14.09   13.86   13.86   13.85   14.03  
14.05   14.12   14.15   14.09   13.86   13.86   13.85   13.90  
13.95   14.12   14.15   14.09   13.86   13.86   13.85   13.90  
13.95   13.94   14.15   14.09   13.86   13.86   13.85   13.90  
13.95   13.94   13.94   14.09   13.86   13.86   13.85   13.90  
13.95   13.94   13.94   13.89   13.86   13.86   13.85   13.90  
13.95   13.94   13.94   13.89   13.88   13.86   13.85   13.90  
13.95   13.94   13.94   13.89   13.88   13.89   13.85   13.90  
13.95   13.94   13.94   13.89   13.88   13.89   13.88   13.90  
13.95   13.94   13.94   13.89   13.88   13.89   13.88   13.87  
13.98   13.94   13.94   13.89   13.88   13.89   13.88   13.87  
13.98   14.03   13.94   13.89   13.88   13.89   13.88   13.87  
0.00    0.00    0.00    0.00    0.00    0.00    0.00    0.00   
0.00    0.00    0.00    0.00    0.00    0.00    0.00    0.00   
0.00    0.00    0.00    0.00    0.00    0.00    0.00    0.00   
0.00    0.00    0.00    0.00    0.00    0.00    0.00    0.00   
0.00    0.00    0.00    0.00    0.00    0.00    0.00    0.00   
0.00    0.00    0.00    0.00    0.00    0.00    0.00    0.00   
0.00    0.00    0.00    0.00    0.00    0.00    0.00    0.00   
0.00    0.00    0.00    0.00    0.00    0.00    0.00    0.00   
