#Value Function.
244818.96 252367.43 258535.73 262765.35 269765.90 275692.89 282867.59 288694.56 296199.12 304395.83 313143.88 322423.30 331657.18 340618.77 350537.90 360205.76 370587.93 379313.80 388603.85 395126.99 404928.31 415092.83 425017.96 434786.48 442966.15 452348.74 464265.15 471658.89 470978.41 472285.00 470807.74 470818.73 467489.79 465215.01 462728.61 459633.75 457621.36 457545.44 455841.79 452384.96 449598.82 444935.90 439093.82 432668.69 428497.46 420372.20 416323.25 413624.12 408658.15 404224.17
245024.75 253475.32 261249.47 267648.96 271286.89 279139.59 284782.70 292588.50 298058.22 305980.92 314381.65 323363.35 332968.72 342462.84 351474.67 361857.02 371605.20 382628.41 391198.27 401270.31 406996.46 417628.12 428062.58 438231.57 448462.84 456413.16 465914.98 479193.04 487123.34 484865.07 485686.72 481604.87 479442.29 476983.16 473587.74 471317.38 471751.11 470087.94 466130.74 463662.35 458790.19 452740.39 445954.04 440117.38 432870.38 429020.20 426847.26 421320.94 416931.95 412613.40
244999.45 253518.57 260284.12 267401.61 273024.99 279384.80 283815.69 291624.74 299500.72 307867.65 315888.99 324506.58 333714.01 343675.14 353449.76 362415.81 373400.28 383069.94 393093.79 397355.30 406147.54 417403.50 429150.47 438801.17 447693.41 459116.44 468034.86 476487.07 490345.22 499303.20 495635.65 493867.52 491479.01 487741.55 485073.94 486206.03 484630.73 479930.25 477996.82 472837.28 466557.73 459690.22 451352.91 443133.59 436469.53 436357.30 432844.87 429562.93 426180.93 416119.95
244834.05 251743.36 258723.88 266382.30 275230.57 278562.47 284070.24 290949.99 300504.31 309351.86 317944.77 326031.42 334892.92 344311.19 354670.54 364764.15 373535.96 383625.75 385935.41 394180.61 404909.21 416114.16 425798.63 435601.92 447755.37 458049.74 465555.19 476725.91 488288.83 502048.65 507556.07 506109.78 502186.19 499744.91 496042.03 495559.18 493731.15 492819.26 487239.96 480704.47 473798.15 465224.52 455355.81 446953.41 443981.81 443565.21 440255.37 438964.09 429395.37 416607.23
243307.31 250254.54 257710.76 265758.37 270306.56 277421.29 282148.99 291096.19 300502.01 310461.51 319444.12 328305.61 336404.03 345555.05 355151.75 365964.49 374683.20 375462.68 382669.70 394119.98 405133.11 415536.10 426966.58 439041.04 446279.65 453032.54 462915.26 474252.30 487604.05 495972.51 509640.46 514797.51 513095.42 510894.94 506935.38 504858.96 505049.19 501832.45 495178.51 488290.69 479493.54 469059.30 459785.69 457143.00 456739.71 451845.71 451147.54 443006.17 429542.86 416798.06
241897.39 249212.50 256701.42 261885.88 269631.62 276900.97 282748.94 290988.50 300711.08 310266.93 320719.06 329769.29 338973.66 346995.74 356484.70 364604.94 365737.83 372322.92 383403.13 394197.03 406494.56 417733.00 428023.67 436995.49 441175.71 449524.45 461284.05 473132.59 484607.47 495015.17 506966.20 517494.54 523091.78 519661.94 519582.95 518130.94 511758.71 506141.07 502202.64 494168.68 483190.15 472747.69 470803.90 469452.80 465031.16 462806.35 454992.41 442576.22 429794.11 416651.48
242247.96 249943.70 257537.47 263797.90 270398.18 276015.48 282552.94 291099.04 300522.75 310598.29 320228.81 331310.45 340308.75 349925.60 354924.78 355327.61 362626.76 373188.98 383931.83 395429.92 406220.23 419163.38 426650.74 428868.89 437990.43 449647.00 462599.82 475325.58 485981.46 499532.97 509521.04 518241.40 530233.56 530971.19 529722.74 524707.30 518312.73 513825.87 506080.26 497819.87 485750.80 484928.59 483377.55 478282.77 475543.34 468325.42 456205.42 442400.41 429494.49 416792.74
241895.04 250816.28 258473.72 266474.38 272615.91 275862.88 282834.78 290988.66 300711.90 310274.18 320784.19 330358.78 342286.89 345642.73 345401.01 353573.52 363937.09 373962.40 384888.18 395810.41 407831.88 414249.67 418050.94 428387.85 439834.13 451298.89 463138.79 476666.94 489950.01 499969.57 510128.38 516775.79 525937.29 539598.80 536017.46 531583.33 525156.23 518995.61 510751.19 498674.97 499470.22 498605.89 491297.99 482736.38 477502.60 469056.98 455759.13 442660.88 429372.04 416567.85
242272.87 250168.85 259583.46 267160.61 273119.15 277073.43 282730.19 291098.87 300521.88 310590.58 320159.92 330690.14 334680.01 335890.80 345183.22 355028.23 364652.14 375478.01 385550.58 396920.94 403527.13 410468.46 420192.81 430833.32 441358.89 453273.39 464954.69 476919.44 491107.47 501019.96 504464.02 512814.79 524221.63 535958.29 544890.91 537669.65 529386.69 518296.82 511170.84 503806.89 511579.76 506752.26 493501.78 486685.61 479185.47 467793.44 455993.72 442443.11 429499.08 416464.33
241891.68 250786.28 258203.53 264022.27 268290.89 273889.37 281857.01 290984.90 300686.03 310094.69 319640.76 324313.81 328766.92 337524.77 346194.37 356156.04 366306.57 375961.73 387384.35 393270.82 402004.34 412598.96 423209.35 432958.77 444058.07 454607.25 467103.21 478967.41 490974.43 494651.92 500082.25 509060.53 520412.50 531361.85 538455.27 542918.97 529331.52 518979.40 510834.89 507140.69 496081.30 498690.54 494471.90 480088.40 474169.46 469277.56 455867.04 442516.92 429356.16 416533.48
242173.25 249477.53 255196.66 259682.77 265233.81 272857.70 281680.78 291044.79 300216.26 309079.91 314487.90 321901.84 330074.34 339371.73 348323.17 357019.24 367429.50 377897.27 383926.09 393494.09 403686.37 414436.83 425318.58 436326.06 445982.36 457696.25 468102.93 481272.52 483765.02 487842.55 494512.43 505228.26 515576.32 522874.56 529306.91 530254.62 530024.99 524404.36 508214.39 492459.76 485693.01 491379.56 491663.36 479510.57 468863.39 463291.61 454886.31 442320.51 429374.59 416434.80
240898.50 246622.18 251257.07 256763.14 264087.96 272607.17 281652.45 290553.68 298930.99 304855.53 312587.37 323013.43 332420.73 340491.18 350290.19 359418.04 367895.90 374355.86 383669.65 394544.42 405827.89 416080.38 427199.39 438347.72 449853.54 459225.32 470464.31 472290.78 473987.49 480514.76 490437.22 500261.44 507577.62 513462.87 515350.08 519432.47 523166.60 518853.29 512905.29 503878.48 504648.53 497165.19 485595.79 481245.61 467567.89 455928.80 449422.45 440954.21 429076.92 416404.99
238845.04 243025.61 248530.46 256005.33 263760.10 272499.51 281120.90 289135.51 295382.88 302979.15 312844.04 322630.42 333604.52 343254.42 351080.59 360862.26 366233.98 374562.34 384604.53 395632.86 406746.09 418535.03 428738.97 440312.42 449388.65 460604.59 462362.70 460872.29 466790.26 476052.73 485385.59 492636.06 498324.46 502170.92 506637.40 511477.20 508718.94 509436.68 505170.54 500934.25 495045.07 492745.65 482519.48 472149.27 466206.23 453908.53 443020.96 435960.23 427459.16 415997.78
244407.80 246462.83 249251.49 255981.46 264803.09 271924.24 279654.13 286092.31 293566.74 302939.08 312591.74 323062.42 332864.30 344523.07 351425.29 357724.88 366102.77 376217.15 386275.08 396466.96 407928.00 419218.71 429487.35 438858.53 449958.83 450410.32 448735.91 453407.69 462052.38 470927.76 478063.94 483657.28 488061.16 495602.32 499168.30 499227.71 499441.92 496110.82 494342.26 491114.97 487468.43 482717.20 477727.74 468289.98 458739.91 451832.30 440556.65 430289.79 422873.84 414222.74
249492.93 252474.82 254281.31 256984.93 264432.94 274013.90 280644.79 286241.55 293317.91 302770.58 312840.11 322597.38 333306.68 340548.64 347169.04 356478.51 367452.24 377601.45 388016.45 398297.98 408591.17 418046.11 426108.61 437700.26 439690.08 437198.33 440443.73 448424.84 456870.03 463865.27 469422.11 474263.21 482337.22 486470.35 488002.74 487960.69 486544.97 484742.29 483390.68 481723.83 477672.15 473196.68 468554.62 463224.46 454436.61 445473.35 438012.08 427518.12 417768.31 409992.51
254186.82 257624.30 260696.89 262323.87 264945.90 273138.30 281152.62 285410.25 293177.39 302903.53 312507.29 322529.32 330107.31 338392.87 348209.85 358272.76 367505.58 379174.55 389362.46 399988.42 408350.98 413690.16 424077.31 430603.53 428904.50 427882.27 435168.24 443197.42 450038.42 455594.38 460819.60 469409.52 474123.82 477005.96 475797.37 475371.53 473816.50 474727.97 473590.72 471136.11 467569.46 463614.59 459277.47 454695.94 449185.90 440935.10 432414.68 424668.75 414792.51 405332.62
259617.39 262283.61 265878.87 269186.23 270565.46 273069.48 279697.61 284962.90 293231.64 302624.30 312130.64 319907.91 328378.76 338997.88 349230.35 359240.08 369726.48 378694.02 391312.65 400108.19 402243.66 410918.39 417238.49 419355.76 419749.05 422278.84 429897.79 436578.43 442155.05 447728.32 456836.00 463224.96 466920.34 464132.64 464716.85 462120.45 463373.21 464863.48 463560.50 459876.38 457196.48 453763.81 449912.23 445697.92 441156.06 435573.24 427769.97 419603.01 411748.31 402231.08
265485.37 267924.19 270455.54 274353.41 277958.80 278936.72 279524.41 283971.00 292964.25 302065.92 309928.86 318322.45 328491.79 338877.84 349899.29 360349.77 370519.70 381579.76 389829.44 393235.46 398261.67 404266.79 406658.58 407488.43 410193.57 416961.32 423478.64 429090.15 434998.80 444734.15 452811.02 459698.81 457468.68 455335.68 451099.20 450768.71 453956.25 452396.75 451256.99 449661.15 446399.31 443632.11 440302.75 436554.29 432448.73 427940.94 422356.01 414930.41 407061.22 399068.71
271969.12 273910.58 276365.64 278783.82 282790.17 283293.88 282115.92 283553.85 292303.72 300176.45 308474.45 318221.93 328387.05 339060.44 349617.32 361112.41 371758.29 382028.01 384998.08 387239.44 391684.95 394290.52 395493.24 398307.88 404426.71 410731.16 416382.10 422571.75 432515.05 444872.73 452912.08 449781.66 448450.89 444270.37 441695.38 440071.76 439339.90 440249.66 439042.64 437870.57 436173.49 433210.82 430421.76 427179.64 423531.16 419523.44 415053.16 409513.53 402413.21 398163.39
278336.66 280676.35 282425.61 285060.21 286129.69 287891.79 283920.98 282827.99 290653.31 298839.79 308229.42 318142.86 328491.91 338880.73 349925.25 360584.64 372661.59 375838.71 375998.15 379613.49 382243.68 383759.69 386642.90 392258.07 398342.61 404106.48 411263.67 421932.64 435009.99 445203.79 443095.19 441227.06 436915.82 434918.10 431248.27 428715.86 427127.34 426498.29 426985.46 425995.57 424811.98 423070.25 420327.54 417556.48 414394.66 413457.96 413234.39 412579.54 410628.62 406188.83
283923.72 287288.73 289514.78 291117.16 293253.39 292632.99 289821.14 287621.82 289534.35 298498.59 308148.92 318201.92 328385.84 339049.93 349523.42 360267.31 364092.82 364899.32 367940.62 370524.85 372285.51 375211.73 380432.46 386330.73 392418.07 401959.55 412016.11 424089.84 433641.32 432136.93 431802.91 429964.51 427875.13 425799.06 426014.13 426073.53 426048.63 426075.73 426048.44 426075.42 426047.81 426074.30 426046.19 426071.02 426028.92 425950.89 425388.74 423549.39 419157.27 412201.24
288126.36 293093.75 296369.46 298598.38 298804.27 298752.79 296569.68 294413.74 292829.33 298549.31 308177.66 318135.82 328457.01 338639.37 348397.11 352624.40 353951.30 356620.44 359126.97 361070.83 364022.83 368933.94 374685.64 381117.48 391752.95 402125.37 414688.65 421516.51 420755.90 420586.04 420799.05 428198.63 434607.22 437863.85 438894.37 439021.21 439085.80 439040.29 439086.86 439040.31 439086.86 439040.29 439086.31 439031.93 439006.20 438522.13 436829.23 432336.70 425197.17 416736.32
291859.28 297256.53 302430.81 305678.79 307077.89 305767.88 303476.34 301842.15 300832.39 299469.69 308130.90 318128.67 327969.97 336975.13 341443.74 343183.56 345619.71 348043.97 350138.43 353268.50 359421.56 366703.30 374909.49 382711.80 392212.25 404094.86 409548.48 408797.34 411332.25 417645.95 425232.80 433813.84 441407.47 448292.35 451441.93 452325.89 452355.11 452442.58 452363.05 452442.81 452363.04 452442.64 452359.22 452393.95 451976.79 450479.85 445891.15 438354.38 429860.13 419809.26
296269.13 300939.55 306509.16 312057.90 314339.16 312761.78 311067.51 310174.90 308774.43 307015.01 308065.72 317537.05 325948.85 330556.25 332644.65 335155.95 339430.65 345916.89 350757.37 356368.01 361778.89 370959.30 377226.76 384524.01 392415.63 399360.50 403734.26 411001.40 417825.97 423928.65 430276.61 438123.89 447208.21 454911.59 462422.32 465359.77 466094.68 466013.38 466152.06 466015.39 466152.04 466014.09 466126.74 465751.22 464515.51 459842.74 451814.74 443188.28 432930.62 421934.63
302930.21 305259.56 310149.41 315984.88 320854.95 320456.41 319773.35 318364.45 316229.96 316326.86 316119.11 316037.44 320024.55 322901.48 330038.56 336634.81 343791.17 350206.56 357133.90 361702.34 367658.25 372499.34 378826.85 386599.15 394646.17 401383.66 408354.17 416142.05 423715.94 430738.10 436850.61 443200.70 451316.12 461008.66 468677.73 477050.29 479604.26 480213.99 479997.63 480231.83 479997.39 480221.76 479839.48 478950.99 474220.76 465562.87 456893.12 446222.82 435104.11 423215.32
311265.00 312216.29 314311.34 319613.49 325838.62 328826.71 328213.85 325761.09 324858.40 325731.46 326088.56 323071.63 320634.92 324037.63 332954.19 340735.23 347272.85 354837.33 361200.18 368755.09 372734.14 376470.20 380356.60 388112.98 396647.96 405035.68 412942.53 420932.68 428951.28 436762.91 444008.32 450100.49 456417.30 464803.16 475264.18 482651.27 492257.94 494144.81 494705.54 494304.26 494703.33 494229.15 493800.73 489065.98 479569.43 471007.14 459833.18 448475.86 436305.61 424409.21
320625.63 320850.86 321634.30 323515.26 329336.32 333475.50 334899.07 332853.44 331497.75 332820.90 332551.10 330233.22 329370.63 325935.93 334308.88 343793.74 351736.19 358111.98 366245.25 372364.84 378905.51 381227.64 384669.10 391732.16 400129.71 408956.87 417596.86 425617.10 433833.06 442088.27 450146.90 457654.04 463686.13 469928.32 478570.46 490049.47 496737.42 508171.28 508919.58 509607.46 508898.48 509077.03 504437.64 493782.67 485579.20 473749.64 462222.55 449555.70 437534.13 425600.38
330293.99 330551.03 330558.27 331317.35 332843.91 338004.55 340709.27 340118.04 337674.77 340674.12 338882.00 339713.91 336338.00 329633.05 335744.19 344928.28 354959.92 363059.20 369115.95 376118.18 381583.09 387179.27 391523.81 396328.30 403733.45 412459.50 421587.65 430500.11 438597.33 447065.62 455560.62 463872.45 471697.01 477614.45 483737.42 492587.41 505481.30 510775.81 524988.91 523812.62 524786.33 520424.88 508114.67 500685.28 487944.65 476375.02 463113.37 450843.89 438747.22 426847.35
340474.99 340428.13 340630.09 340499.80 341298.09 342447.20 345900.43 346519.69 345894.30 346609.44 347897.88 343542.24 336782.18 330411.57 338423.65 346268.30 355793.80 366474.46 372578.87 378242.84 386102.09 393177.58 399432.53 403560.01 408225.47 416053.96 425108.41 434546.54 443762.39 451880.47 460643.91 469375.77 477941.32 486164.65 491890.08 497853.15 506795.47 521745.58 523868.94 540922.17 537165.69 522418.89 516446.27 502364.10 490979.62 476966.69 464507.66 452057.32 440128.63 427457.08
350389.77 350994.74 350668.52 351001.11 350664.76 351599.62 352478.66 354357.19 353001.69 355109.08 353267.74 345254.78 336276.81 334308.25 340767.29 349269.69 357004.92 365583.59 374280.29 382521.06 389973.06 398236.45 405466.66 412072.20 415881.78 420348.10 428716.64 438081.15 447839.31 457406.05 465457.77 474585.95 483540.65 492350.81 501092.86 506512.68 512090.21 518621.67 532558.27 526917.40 533144.11 533057.45 516908.47 506109.16 491089.53 478550.35 465680.12 453618.19 440722.39 427528.90
360594.42 361067.74 361693.35 361123.55 361655.92 361006.24 362236.85 362784.36 363856.87 362156.09 355843.48 346589.31 336711.45 338143.39 345014.62 351310.35 358589.09 366054.46 375937.75 386058.75 394544.29 401946.81 410727.68 418035.88 425138.91 428485.49 432677.61 441753.83 451378.42 461470.18 471461.21 479310.70 488917.24 498061.08 507091.33 516530.48 518175.64 524419.46 515341.84 505701.01 512834.32 526794.59 519991.45 505431.31 493010.06 479605.27 467489.17 454175.02 440723.25 427580.86
366355.30 372239.53 371764.64 372741.05 371424.69 371044.84 371776.63 373200.60 372784.22 364673.76 357187.57 346885.51 337277.18 342644.76 348792.87 353975.59 360122.40 368293.68 377429.28 387677.36 398314.78 406893.66 414141.80 423616.76 430855.01 436699.35 440052.58 445376.32 455184.77 464997.70 475440.76 485970.10 493404.98 503675.55 512193.45 517694.24 522182.92 519121.17 522402.28 522157.99 519562.11 515276.67 514796.05 506409.33 493809.46 481769.34 467974.52 454084.28 440797.57 427539.88
370908.31 377560.80 384274.12 382108.07 381880.43 382673.66 381951.06 380476.22 375445.59 368371.29 357359.78 347042.14 340129.85 343456.36 350917.62 356156.47 363451.77 371413.56 379715.21 389078.41 399699.44 410950.65 419585.88 426345.37 434692.99 441935.86 448666.57 451018.11 458592.53 469013.62 478934.77 489747.64 500993.96 507622.36 514669.49 517977.88 520614.81 517957.61 516902.84 509733.49 512314.50 510426.71 508306.14 501767.05 492717.74 482125.86 467766.38 454205.74 440726.69 427581.24
372074.18 382627.95 388744.64 392766.96 391846.13 392970.54 387143.59 385331.03 379401.86 368033.00 357557.56 346926.75 340257.42 346197.49 351457.35 359604.98 367426.69 374777.92 383012.46 391412.93 401007.74 411998.31 423997.86 430134.82 437067.97 444048.54 452129.45 460361.92 464186.90 472114.57 483276.77 493179.35 504188.43 510931.22 513146.89 513244.73 512333.98 511899.12 506823.54 505220.82 497949.87 502554.04 503271.70 499591.82 488907.37 478465.90 467610.70 454043.90 440793.05 427539.37
372489.27 383370.40 394674.32 396785.12 390357.83 388224.11 393958.72 389941.32 378958.26 368292.12 357351.47 347040.96 337122.63 345017.62 354186.79 362453.33 371002.52 379016.48 386358.41 394939.69 403386.58 413226.57 424560.67 433303.85 437322.57 448185.69 451791.18 462084.94 467677.43 474950.57 486326.35 495624.44 506329.75 504454.88 502626.77 502789.86 505933.49 504973.83 500583.23 493824.15 490123.69 489395.16 490276.64 491932.45 489337.07 475511.80 464496.12 453565.44 440624.80 427566.46
372534.21 383803.26 394729.94 406041.02 399954.20 402286.12 397399.91 388115.52 378509.82 367935.01 357485.78 346912.01 337945.71 347026.43 355912.47 365523.85 373796.86 382714.50 390929.67 398179.69 407225.19 415630.34 425749.95 432225.99 437711.70 446370.18 455087.76 460702.65 470068.04 476878.35 488627.59 497655.56 495427.54 495520.42 495951.52 496565.86 494497.37 493896.25 493617.62 486131.13 479780.52 476741.50 482653.45 478710.97 481149.70 475975.61 462975.94 450986.40 439960.29 427368.81
373399.80 383674.08 395310.89 399538.30 408982.59 408500.05 398077.00 386310.18 376856.69 367374.05 357168.14 346964.94 339659.65 348681.96 358073.86 367041.91 377222.94 385367.81 394761.08 403186.11 410216.88 419883.65 424322.71 425388.55 433392.23 443749.94 453762.03 459066.44 469392.88 475895.85 489968.63 488781.40 489431.73 487863.01 487875.57 486865.99 483474.11 482633.09 480920.86 478609.34 472606.99 471748.82 469330.70 472419.22 469078.43 467807.24 463659.11 450724.52 439108.02 426750.04
372659.59 384942.81 390966.29 397897.92 399400.13 400171.85 397289.29 387580.69 375491.35 366083.55 356566.35 346664.29 340941.42 350518.47 359678.44 369440.79 378380.41 389335.98 397130.20 407171.61 415518.33 416844.52 413880.14 420751.26 430552.83 440308.35 448855.13 462566.48 468359.01 479633.28 481092.09 478355.88 480223.88 480826.31 477740.35 474468.77 475046.31 472612.92 469465.92 468655.11 466176.71 463359.96 462402.04 460969.84 461229.09 457542.57 455982.69 452687.05 438983.79 426440.92
375015.95 382430.49 386193.28 389531.42 388673.57 389784.23 393180.66 386049.58 377234.03 366349.98 355603.56 346069.82 342035.11 351785.19 361685.25 370918.77 381163.42 389883.05 401943.69 407115.79 409509.60 405407.14 408600.74 418273.30 428620.97 439718.19 449609.46 456542.92 466462.88 475007.77 471014.98 472815.43 471229.72 470697.44 468824.56 468695.95 465300.16 462897.58 459144.74 458012.15 455746.07 453631.00 452057.41 451644.26 448887.76 447853.42 444619.14 442550.92 439771.59 425980.25
371109.25 377814.47 378315.67 377700.65 379113.12 385156.43 384509.55 384755.49 377342.84 366286.12 355640.56 345279.58 342342.64 353000.45 362889.22 373177.79 382381.98 393240.64 399425.83 399998.29 396543.35 399466.50 408899.88 421530.23 430962.47 441095.74 449508.04 458875.92 464479.25 466418.76 467845.66 463293.49 462767.21 459762.13 460232.24 461868.33 458690.02 453238.64 450317.36 449492.44 449814.58 446357.23 442414.06 440287.01 439880.30 438065.66 434761.72 433262.78 430490.25 425504.58
366017.90 367227.90 366990.27 368552.25 373635.91 376817.17 378315.67 375374.49 372977.61 365880.45 355551.01 345211.03 344085.74 352977.18 364321.33 374230.93 385004.08 388979.32 387900.35 387528.42 390918.09 400352.66 412077.84 420848.75 431857.36 440282.52 449700.82 453298.80 457714.61 459411.49 457608.41 457790.51 453671.32 456218.64 453988.16 449811.70 448231.97 444928.11 440935.16 439202.84 441019.41 438928.53 435123.24 431527.26 429797.01 427777.99 428125.95 422465.19 420323.29 417302.46
356259.91 356510.46 358148.69 362517.88 365666.62 367298.40 368017.92 368816.23 364923.67 361642.36 354766.83 345049.15 343769.27 355327.51 363741.36 376037.20 380429.17 376440.74 377022.01 382173.33 392438.24 403187.16 411470.44 420680.24 430395.02 439275.53 440951.04 444473.02 450645.44 450388.52 449746.56 446986.53 448587.63 445872.63 444965.12 440640.03 436814.91 434833.22 432583.46 431631.62 432122.58 431632.79 426168.06 422254.90 419175.93 420256.91 419038.78 416081.49 410631.93 407633.31
346501.65 351353.33 353830.59 354806.75 356499.66 357499.26 359994.88 359809.14 359598.13 354487.81 350682.28 343987.37 344263.73 354497.02 367048.22 371579.19 370821.50 368663.86 373924.04 383588.10 394052.36 402134.19 409507.26 419133.85 427697.48 429717.85 431986.80 439889.94 440978.92 440009.55 441623.83 438513.62 436078.29 435125.70 432863.44 431450.82 427597.67 424057.92 421920.16 423727.26 421005.18 421289.16 418482.58 413603.00 409763.00 407593.00 410114.16 408210.38 405049.83 398615.19
341130.45 347793.98 345587.22 347998.32 347192.65 349554.09 352836.72 353205.78 350739.42 348691.02 344174.26 340060.28 343768.98 355342.45 363891.20 362723.99 360547.59 365068.83 375117.52 385637.60 392372.76 397751.74 408056.79 417160.80 418495.17 420037.50 429418.59 430550.61 431485.03 432441.02 430778.32 430687.31 425843.78 423338.74 422092.09 420084.99 418369.99 414973.02 414369.20 412960.06 412685.40 409923.96 408549.03 405734.07 401304.99 397670.37 398242.75 398154.98 398729.91 394453.11
336929.86 339487.05 340891.84 340881.14 340188.54 342348.82 344490.46 345115.91 345947.14 340813.60 338199.95 334041.10 343953.98 351718.26 351851.06 352534.13 354529.83 364049.09 376860.91 382567.96 386500.60 397220.48 405802.72 407583.09 408285.24 416120.91 421202.49 422165.68 422630.11 422962.11 421741.12 418526.86 417426.86 413360.50 410877.94 409439.08 407571.60 408401.79 405642.08 405203.05 402624.08 400973.53 397859.83 396165.38 393358.55 389294.58 386395.02 388118.11 389022.17 386385.77
329509.62 333434.69 336837.73 332024.21 335302.02 336003.53 335458.21 339189.32 339313.95 335585.17 330999.25 333023.10 340059.47 341105.00 341918.84 344462.97 353153.53 364596.57 370861.25 375674.05 386611.35 395960.36 397298.99 396782.72 403324.87 408229.12 409975.36 412507.90 414311.09 414026.78 411004.19 409015.62 406240.05 404653.65 401125.05 398697.52 397135.31 398569.78 398863.77 394370.35 393858.96 390711.99 388772.65 386013.44 384116.84 381334.21 377630.67 377088.22 376560.16 376773.98
323540.53 328272.12 326114.71 326276.16 328111.45 329234.58 328770.50 329266.80 329194.10 328869.87 325506.32 328867.66 330543.86 331595.95 334494.54 342499.49 352868.11 359620.02 366393.64 377984.23 386108.10 388566.94 385680.33 391006.38 395891.72 399980.23 403052.31 405328.07 402992.75 402097.70 401362.16 398772.23 396675.30 394166.76 392300.41 389154.47 386797.69 386803.26 386631.14 386340.65 382847.90 381729.92 379008.89 376936.55 374409.05 372387.49 369649.41 366482.55 365664.90 365078.47
317769.83 317331.23 318156.99 318269.53 319301.00 319108.97 319434.52 319438.63 319481.06 319394.58 318770.45 320203.61 321529.71 324659.81 332090.00 341600.39 348634.78 355696.74 366473.93 377842.58 378430.93 376664.56 379153.33 384095.01 390045.69 395350.26 395717.09 394126.07 393034.77 391024.64 390044.13 389093.74 386796.06 384678.51 382339.28 380321.55 377456.85 375356.66 375110.61 374920.54 374295.24 371457.09 369998.37 367548.01 365430.11 363059.45 360965.43 358312.13 355530.86 354424.78
307886.03 308593.34 308856.61 309649.80 309643.12 309873.40 309915.58 309945.50 309920.73 309940.70 310228.94 311699.69 314981.53 321924.99 330737.20 337909.55 345139.73 355179.96 365161.40 366821.43 366479.99 367913.05 372581.87 378499.76 386372.87 385891.43 384167.36 383680.86 382279.38 381077.21 379314.05 378272.35 377184.62 375091.00 372998.86 370774.09 368685.24 366053.98 364146.18 363728.67 363469.42 362654.81 360254.30 358615.32 356345.23 354229.88 351970.36 349843.05 347292.68 344670.63
299120.29 299534.13 300175.23 300277.24 300457.64 300517.76 300543.56 300529.68 300544.13 300622.53 302010.57 305363.00 311888.14 320119.03 327323.85 334621.43 344003.69 352929.66 355296.10 355388.59 356911.89 361235.67 366965.40 373639.19 374171.89 374453.40 373930.00 372512.82 371834.33 370565.73 369321.68 367734.69 366651.36 365477.89 363532.69 361489.24 359349.42 357242.40 354807.85 353049.23 352511.12 352165.75 351246.55 349146.65 347424.49 345282.77 343196.33 341021.23 338890.01 336361.56
