#Value Function.
61.8954 62.2165 64.5624 67.2654 68.7650 70.0062 71.2241 72.4371 73.6384 74.7959 75.8819 76.7920 77.5998 78.2593 78.8074 79.3425 79.9332 80.7511 81.7207 82.8159 83.9843 85.1894 86.4075 87.6295 88.8486 90.0574 91.2448 92.4028 93.4968 94.4983 95.3138 95.9915 96.4675 96.7270 96.9034 96.8019 96.7034 96.4604 96.0411 95.4953 94.7464 93.8662 92.8723 91.8156 90.7228 89.6172 88.4976 87.3718 86.2442 85.8836
60.2679 63.6148 66.2349 69.0305 70.2346 71.4493 72.6673 73.8810 75.0801 76.2258 77.2890 78.1509 78.9302 79.5376 80.0634 80.5683 81.2054 82.0752 83.0955 84.2313 85.4189 86.6342 87.8545 89.0773 90.2956 91.5019 92.6804 93.8196 94.8916 95.8313 96.5822 97.1418 97.5181 97.7340 97.8090 97.7339 97.6334 97.4162 96.9994 96.4627 95.7155 94.8146 93.8108 92.7434 91.6467 90.5382 89.4154 88.2883 87.1604 86.0048
61.3919 65.1399 67.6657 69.0503 70.2561 71.4747 72.6957 73.9167 75.1327 76.3331 77.4690 78.5319 79.3295 80.0924 80.6260 81.1523 81.5668 82.2986 83.2304 84.2893 85.4562 86.6611 87.8836 89.1065 90.3297 91.5482 92.7507 93.9238 95.0451 96.0767 96.9902 97.6282 98.1241 98.3993 98.5103 98.4064 98.2983 97.9312 97.5225 96.7977 95.9397 94.9477 93.8863 92.7901 91.6823 90.5574 89.4298 88.3017 87.1736 86.0180
62.4302 66.3279 67.8424 69.0670 70.2786 71.4982 72.7211 73.9449 75.1681 76.3817 77.5741 78.6973 79.7252 80.4269 81.0613 81.5730 81.9884 82.4937 83.3515 84.3564 85.4948 86.6922 87.9093 89.1346 90.3585 91.5821 92.7970 93.9865 95.1398 96.2331 97.1929 98.0069 98.4217 98.8397 98.9600 98.8638 98.6857 98.4109 97.7963 96.9798 96.0375 95.0101 93.9256 92.8226 91.6993 90.5712 89.4430 88.3149 87.1867 86.0311
62.7123 66.5895 67.8706 69.0831 70.3007 71.5221 72.7452 73.9718 75.1961 76.4176 77.6197 78.7894 79.8333 80.7262 81.2655 81.7843 82.1507 82.7216 83.4501 84.4179 85.5348 86.7226 87.9357 89.1598 90.3873 91.6103 92.8307 94.0339 95.2024 96.3012 97.3105 98.1168 98.7490 98.9733 99.1293 99.0914 98.9855 98.5683 97.9124 97.0680 96.0975 95.0474 93.9512 92.8372 91.7125 90.5843 89.4562 88.3280 87.1998 86.0442
62.7691 66.6385 67.8868 69.1031 70.3230 71.5447 72.7704 73.9960 75.2222 76.4398 77.6489 78.8018 79.8709 80.7018 81.3431 81.7403 82.2378 82.7388 83.4624 84.4426 85.5591 86.7475 87.9607 89.1851 90.4120 91.6358 92.8546 94.0596 95.2219 96.3286 97.3156 98.1533 98.7098 99.0658 99.1006 99.1277 98.9799 98.5779 97.9191 97.0792 96.1088 95.0600 93.9640 92.8502 91.7256 90.5974 89.4693 88.3411 87.2129 86.0573
62.7865 66.6564 67.9038 69.1227 70.3442 71.5691 72.7944 74.0214 75.2455 76.4657 77.6650 78.8245 79.8440 80.6240 81.2714 81.7418 82.1482 82.6278 83.4167 84.4666 85.5840 86.7717 87.9858 89.2100 90.4371 91.6599 92.8792 94.0802 95.2443 96.3350 97.3154 98.0082 98.6179 98.9621 99.0755 99.0654 98.8612 98.5498 97.9203 97.0852 96.1189 95.0712 93.9763 92.8630 91.7386 90.6105 89.4824 88.3542 87.2260 86.0704
62.8000 66.6720 67.9216 69.1433 70.3676 71.5927 72.8188 74.0424 75.2631 76.4695 77.6411 78.7217 79.6520 80.4023 81.0008 81.4308 81.9200 82.5055 83.4812 84.4858 85.6089 86.7967 88.0097 89.2350 90.4581 91.6793 92.8887 94.0681 95.2032 96.2496 97.1109 97.8811 98.3707 98.7494 98.7597 98.7701 98.6196 98.2970 97.7613 96.9872 96.0652 95.0488 93.9710 92.8651 91.7490 90.6229 89.4953 88.3673 87.2391 86.0835
62.8161 66.6894 67.9417 69.1658 70.3908 71.6159 72.8388 74.0568 75.2599 76.4242 77.5071 78.4700 79.2626 79.9225 80.4601 80.9669 81.5962 82.4980 83.5016 84.5653 85.6618 86.8349 88.0389 89.2596 90.4789 91.6888 92.8737 94.0070 95.0769 96.0101 96.8516 97.4516 97.9772 98.1395 98.1497 98.1527 98.0432 97.7963 97.3897 96.7421 95.9091 94.9766 93.9398 92.8551 91.7495 90.6315 89.5070 88.3799 87.2521 86.0963
62.8348 66.7092 67.9636 69.1884 70.4129 71.6347 72.8494 74.0457 75.1998 76.2721 77.2313 78.0357 78.7377 79.3265 79.8646 80.5251 81.4174 82.4572 83.5960 84.6810 85.7677 86.8862 88.0796 89.2865 90.4926 91.6743 92.8052 93.8704 94.8147 95.6760 96.3343 96.9133 97.1805 97.2894 97.2948 97.3032 97.2947 97.1152 96.7520 96.2898 95.6106 94.7774 93.8389 92.8083 91.7297 90.6286 89.5134 88.3906 87.2644 86.1082
62.8548 66.7306 67.9856 69.2097 70.4299 71.6409 72.8300 73.9728 75.0333 75.9811 76.7889 77.4966 78.1054 78.6906 79.3765 80.2662 81.3076 82.4605 83.6487 84.8140 85.9090 86.9955 88.1167 89.3225 90.4965 91.6206 92.6745 93.6117 94.4514 95.1440 95.7045 96.0236 96.1852 96.2542 96.2628 96.2693 96.2753 96.2034 95.9884 95.5954 95.1017 94.4293 93.6124 92.6865 91.6699 90.6020 89.5065 88.3946 87.2738 86.1164
62.8752 66.7522 68.0058 69.2245 70.4314 71.6132 72.7451 73.7940 74.7310 75.5384 76.2449 76.8684 77.4836 78.1985 79.0896 80.1307 81.2775 82.4745 83.6951 84.8873 86.0597 87.1406 88.2188 89.3289 90.4950 91.5313 92.4323 93.2348 93.9137 94.4477 94.7770 94.9667 95.0630 95.1121 95.1198 95.1280 95.1348 95.1007 95.0019 94.7698 94.3905 93.8887 93.2336 92.4360 91.5274 90.5282 89.4720 88.3830 87.2751 86.1150
62.8925 66.7711 68.0180 69.2210 70.3952 71.5167 72.5545 73.4822 74.2880 74.9947 75.6311 76.2686 77.0045 77.9012 78.9415 80.0836 81.2785 82.4990 83.7189 84.9475 86.1313 87.3040 88.3534 89.4165 90.5037 91.3926 92.1214 92.7415 93.2218 93.5270 93.7130 93.8174 93.8686 93.9047 93.9131 93.9210 93.9290 93.9094 93.8618 93.7528 93.5241 93.1603 92.6678 92.0315 91.2561 90.3659 89.3836 88.3396 87.2581 86.0928
62.8996 66.7801 68.0092 69.1762 70.2876 71.3149 72.2345 73.0383 73.7472 74.3961 75.0540 75.8070 76.7089 77.7486 78.8869 80.0792 81.2971 82.5206 83.7513 84.9659 86.1971 87.3555 88.5001 89.4862 90.5085 91.2210 91.7395 92.0790 92.3357 92.4676 92.5542 92.6084 92.6400 92.6576 92.6658 92.6741 92.6821 92.6809 92.6621 92.6073 92.4934 92.2711 91.9232 91.4455 90.8276 90.0731 89.2016 88.2362 87.2048 86.0300
62.8826 66.7652 67.9558 69.0579 70.0753 70.9875 71.7896 72.5019 73.1633 73.8396 74.6081 75.5157 76.5551 77.6902 78.8799 80.0957 81.3194 82.5485 83.7709 85.0013 86.2015 87.4188 88.4979 89.6198 90.4132 90.9075 91.1470 91.2439 91.2766 91.3084 91.3427 91.3677 91.3857 91.3944 91.4027 91.4109 91.4192 91.4231 91.4210 91.4017 91.3448 91.2310 91.0179 90.6843 90.2217 89.6218 88.8873 88.0346 87.0859 85.8966
62.8191 66.7026 67.8272 68.8358 69.7414 70.5421 71.2588 71.9322 72.6254 73.4081 74.3217 75.3611 76.4934 77.6806 78.8945 80.1179 81.3456 82.5709 83.8007 85.0162 86.2438 87.4080 88.5854 89.5098 90.0749 90.3038 90.2966 90.1534 90.1010 90.0995 90.1000 90.1100 90.1196 90.1272 90.1355 90.1438 90.1521 90.1568 90.1602 90.1573 90.1373 90.0820 89.9695 89.7645 89.4439 88.9964 88.4141 87.6989 86.8649 85.6563
62.6819 66.5633 67.5960 68.4961 69.2960 70.0175 70.7026 71.4115 72.2073 73.1268 74.1666 75.2966 76.4813 77.6934 78.9163 80.1432 81.3693 82.5980 83.8205 85.0483 86.2474 87.4423 88.4427 89.0785 89.4236 89.4068 89.3494 89.2553 89.0422 88.9132 88.8639 88.8484 88.8501 88.8571 88.8647 88.8728 88.8811 88.8889 88.8941 88.8972 88.8937 88.8733 88.8190 88.7087 88.5109 88.2025 87.7696 87.2044 86.5080 85.2770
62.4487 66.3225 67.2512 68.0510 68.7779 69.4744 70.1978 71.0057 71.9312 72.9716 74.0996 75.2820 76.4925 77.7146 78.9410 80.1675 81.3950 82.6195 83.8449 85.0462 86.2204 87.2274 87.9370 88.3289 88.4279 88.4470 88.3724 88.2560 88.0758 87.8472 87.6943 87.6237 87.5959 87.5912 87.5958 87.6028 87.6107 87.6184 87.6259 87.6314 87.6343 87.6302 87.6095 87.5561 87.4482 87.2572 86.9600 86.5414 85.9928 84.7385
62.1126 65.9724 66.8070 67.5399 68.2473 68.9844 69.8036 70.7349 71.7761 72.9024 74.0828 75.2917 76.5130 77.7388 78.9653 80.1922 81.4162 82.6364 83.8327 84.9812 85.9612 86.6768 87.0877 87.2478 87.3154 87.3182 87.2839 87.1847 87.0455 86.8480 86.6314 86.4695 86.3842 86.3467 86.3360 86.3375 86.3435 86.3495 86.3564 86.3632 86.3686 86.3713 86.3668 86.3459 86.2934 86.1880 86.0034 85.7167 85.3118 84.0352
61.6891 65.5289 66.3029 67.0214 67.7711 68.6009 69.5379 70.5802 71.7051 72.8835 74.0909 75.3113 76.5367 77.7631 78.9891 80.2118 81.4264 82.6122 83.7326 84.6849 85.3852 85.7982 85.9849 86.0714 86.1039 86.1147 86.0957 86.0446 85.9433 85.8026 85.6105 85.4079 85.2452 85.1509 85.1042 85.0872 85.0853 85.0873 85.0907 85.0955 85.1008 85.1059 85.1083 85.1034 85.0824 85.0307 84.9279 84.7495 84.4727 83.1768
61.2113 65.0316 65.7959 66.5581 67.3978 68.3403 69.3839 70.5076 71.6842 72.8901 74.1097 75.3346 76.5606 77.7857 79.0063 80.2145 81.3877 82.4817 83.4070 84.0886 84.5012 84.7050 84.7990 84.8362 84.8574 84.8645 84.8632 84.8444 84.7915 84.6916 84.5564 84.3769 84.1888 84.0364 83.9351 83.8800 83.8565 83.8423 83.8359 83.8333 83.8351 83.8388 83.8433 83.8454 83.8402 83.8191 83.7682 83.6681 83.4953 82.1841
60.6832 64.5301 65.3438 66.1934 67.1417 68.1871 69.3099 70.4849 71.6894 72.9081 74.1325 75.3580 76.5819 77.7995 79.0006 80.1598 81.2294 82.1295 82.7936 83.2042 83.4163 83.5159 83.5598 83.5814 83.5935 83.6024 83.6061 83.6039 83.5835 83.5349 83.4436 83.3260 83.1712 83.0125 82.8645 82.7583 82.6959 82.6468 82.6055 82.5870 82.5774 82.5751 82.5772 82.5809 82.5825 82.5770 82.5559 82.5059 82.4083 81.0863
59.6437 64.0103 64.8988 65.8953 66.9890 68.1116 69.2854 70.4887 71.7065 72.9303 74.1550 75.3774 76.5915 77.7846 78.9291 79.9757 80.8524 81.5007 81.9088 82.1266 82.2310 82.2782 82.3018 82.3147 82.3246 82.3326 82.3400 82.3443 82.3426 82.3272 82.2859 82.2229 82.1562 82.0526 81.9069 81.7642 81.6223 81.5192 81.4287 81.3713 81.3381 81.3211 81.3153 81.3159 81.3187 81.3197 81.3139 81.2928 81.2436 79.9149
52.7581 55.3902 59.9206 65.6953 66.8681 68.0748 69.2876 70.5049 71.7279 72.9518 74.1723 75.3821 76.5666 77.6959 78.7208 79.5757 80.2095 80.6148 80.8371 80.9460 80.9964 81.0212 81.0349 81.0449 81.0533 81.0617 81.0698 81.0774 81.0836 81.0861 81.0848 81.0803 81.0873 81.0712 81.0216 80.8968 80.7181 80.5010 80.3314 80.2153 80.1349 80.0893 80.0656 80.0563 80.0550 80.0567 80.0571 80.0509 80.0298 78.6972
51.2851 54.1382 56.1803 61.3021 65.7695 68.0461 69.2971 70.5252 71.7482 72.9664 74.1714 75.3465 76.4606 77.4649 78.2995 78.9199 79.3219 79.5478 79.6611 79.7145 79.7406 79.7551 79.7653 79.7739 79.7823 79.7905 79.7989 79.8078 79.8188 79.8329 79.8558 79.9200 79.9996 80.0793 80.0970 80.0587 79.8981 79.6401 79.3617 79.1442 78.9971 78.9022 78.8467 78.8174 78.7993 78.7948 78.7950 78.7946 78.7879 77.4535
51.2372 54.1616 54.8482 56.9192 62.9920 67.4891 69.2902 70.5431 71.7595 72.9593 74.1246 75.2234 76.2080 77.0237 77.6315 78.0301 78.2588 78.3760 78.4324 78.4600 78.4752 78.4857 78.4944 78.5028 78.5112 78.5198 78.5294 78.5430 78.5651 78.6071 78.7007 78.8384 78.9985 79.1049 79.1218 79.1330 79.0433 78.8080 78.4947 78.1851 77.9425 77.7768 77.6693 77.6052 77.5696 77.5493 77.5419 77.5351 77.5326 76.1964
51.5784 54.5434 54.9253 55.5389 57.5573 64.9433 69.2315 70.5312 71.7447 72.9009 73.9845 74.9503 75.7482 76.3443 76.7393 76.9701 77.0910 77.1502 77.1793 77.1953 77.2061 77.2150 77.2235 77.2319 77.2408 77.2514 77.2668 77.2936 77.3457 77.4484 77.6049 77.8016 77.9704 78.0464 78.1005 78.1105 78.0702 77.9030 77.6302 77.3136 76.9968 76.7429 76.5630 76.4444 76.3665 76.3236 76.2999 76.2891 76.2764 74.8908
51.9848 54.9722 55.3282 55.6912 56.2142 58.0306 67.2874 70.4175 71.6736 72.7424 73.6906 74.4731 75.0586 75.4501 75.6830 75.8072 75.8690 75.9000 75.9165 75.9283 75.9373 75.9451 75.9535 75.9620 75.9736 75.9912 76.0224 76.0818 76.1906 76.3525 76.5536 76.7415 76.8768 76.9660 76.9814 76.9892 76.9657 76.8896 76.7049 76.4379 76.1246 75.8122 75.5478 75.3565 75.2215 75.1353 75.0800 75.0509 75.0359 72.0878
52.3912 55.3956 55.7610 56.1141 56.4621 56.8859 58.2344 70.2940 71.3588 72.3133 73.1969 73.7729 74.1623 74.3966 74.5259 74.5913 74.6246 74.6425 74.6535 74.6655 74.6742 74.6799 74.6862 74.6963 74.7153 74.7500 74.8153 74.9278 75.0918 75.2918 75.4673 75.5836 75.5896 75.6439 75.6763 75.7833 75.8136 75.7773 75.6823 75.5025 75.2449 74.9418 63.5939 62.0157 61.7728 61.6960 61.6252 61.5338 61.3894 60.6881
52.7955 55.8156 56.1840 56.5500 56.9008 57.2399 57.5819 57.9879 59.2816 71.7656 72.3435 72.7295 72.9675 73.1031 73.1779 73.2143 73.2348 73.2514 73.2625 73.2778 73.2807 73.2783 73.2884 73.3040 73.3371 73.4032 73.5314 73.8063 73.9207 73.7052 72.1197 62.0344 62.2739 62.4242 62.5022 62.5456 62.5636 62.5613 62.5575 62.5493 62.5416 62.5345 62.5221 62.5024 62.4609 62.4016 62.3143 62.1779 61.9725 61.2587
53.2064 56.2431 56.6019 56.9728 57.3393 57.6879 58.0246 58.3606 58.6852 58.9719 59.2225 59.4574 59.6388 59.7730 59.8710 59.9424 60.0377 60.1386 60.1871 60.2027 60.1964 60.1605 60.0887 59.9336 59.6853 59.2538 72.0421 70.5332 60.9235 61.5497 62.0729 62.5053 62.8290 63.0452 63.1697 63.2336 63.2677 63.2768 63.2836 63.2775 63.2716 63.2666 63.2487 63.2123 63.1602 63.0821 62.9543 62.7582 62.4677 61.7462
53.6256 56.6808 57.0283 57.3882 57.7620 58.1289 58.4747 58.8094 59.1470 59.4727 59.7534 59.9943 60.2307 60.3979 60.5165 60.5946 60.6542 60.7690 60.8607 60.8955 60.8904 60.8224 60.6944 60.4667 60.0320 59.4432 58.7708 60.3309 61.0696 61.7643 62.3786 62.8912 63.2984 63.6079 63.8026 63.9106 63.9604 63.9788 63.9891 63.9842 63.9794 63.9744 63.9520 63.9000 63.8304 63.7181 63.5322 63.2474 62.8639 62.1350
54.0402 57.1152 57.4680 57.8128 58.1745 58.5518 58.9188 59.2610 59.5938 59.9332 60.2583 60.5278 60.7556 60.9733 61.1072 61.1886 61.2585 61.3137 61.4408 61.5055 61.4904 61.4039 61.2191 60.8037 60.2065 59.5259 58.8079 60.4075 61.1749 61.9123 62.5991 63.1929 63.6909 64.0791 64.3688 64.5368 64.6228 64.6529 64.6715 64.6672 64.6627 64.6553 64.6125 64.5587 64.4643 64.2885 64.0077 63.6356 63.1636 62.4293
54.4271 57.5213 57.9082 58.2541 58.5967 58.9610 59.3424 59.7089 60.0467 60.3764 60.7151 61.0333 61.2680 61.4693 61.6170 61.6919 61.7590 61.8372 61.8825 61.9606 61.9573 61.8573 61.5250 60.9539 60.2760 59.5553 58.8226 60.4705 61.2508 62.0121 62.7422 63.4147 63.9941 64.4704 64.8348 65.0913 65.2336 65.2969 65.3214 65.3175 65.3132 65.2855 65.2493 65.1740 65.0117 64.7549 64.3905 63.9184 63.3805 62.6424
54.7590 57.8702 58.3233 58.6998 59.0392 59.3801 59.7477 60.1339 60.4987 60.8286 61.1517 61.4773 61.7599 61.9496 62.0531 62.1101 62.1591 62.2008 62.2676 62.2957 62.2639 62.0967 61.6223 60.9985 60.2932 59.5680 58.8320 60.5133 61.3094 62.0817 62.8365 63.5525 64.2105 64.7687 65.2091 65.5536 65.7868 65.8937 65.9328 65.9297 65.9257 65.8906 65.8385 65.6943 65.4672 65.1126 64.6597 64.1280 63.5259 62.7861
55.0118 58.1350 58.6838 59.1238 59.4901 59.8233 60.1630 60.5347 60.9260 61.2862 61.6039 61.9088 62.1969 62.4041 62.4855 62.5155 62.5544 62.5525 62.5717 62.5718 62.4522 62.1496 61.5793 60.9704 60.2950 59.5719 58.8446 60.5523 61.3502 62.1355 62.8993 63.6413 64.3354 64.9664 65.5065 65.8952 66.2234 66.4220 66.4948 66.4947 66.4909 66.4449 66.3410 66.1372 65.7943 65.3657 64.8416 64.2638 63.6144 62.8760
55.1809 58.3102 58.9580 59.4965 59.9226 60.2792 60.6064 60.9453 61.3217 61.7166 62.0675 62.3564 62.6212 62.8351 62.9298 62.9440 62.9219 62.8816 62.8539 62.7564 62.5530 62.1850 61.6172 60.9464 60.2712 59.5685 58.8480 60.5902 61.3903 62.1749 62.9478 63.6969 64.4127 65.0789 65.6960 66.1932 66.5367 66.8186 66.9754 66.9889 66.9862 66.9179 66.7549 66.4137 66.0260 65.5295 64.9656 64.3345 63.6689 62.9324
55.2843 58.4164 59.1375 59.7810 60.3086 60.7196 61.0672 61.3885 61.7266 62.1063 62.5047 62.8361 63.0716 63.2703 63.3721 63.3748 63.3200 63.2696 63.1349 62.9531 62.6693 62.2181 61.6442 60.9447 60.2384 59.5413 58.8379 60.6150 61.4233 62.2092 62.9798 63.7333 64.4550 65.1438 65.7867 66.3651 66.8040 67.0957 67.2765 67.3683 67.3660 67.2707 66.9797 66.6322 66.1677 65.6405 65.0310 64.3766 63.6931 62.9565
55.3436 58.4768 59.2458 59.9648 60.6042 61.1198 61.5144 61.8544 62.1696 62.5057 62.8843 63.2746 63.5643 63.7225 63.8239 63.8307 63.8017 63.6887 63.4823 63.2248 62.8377 62.3096 61.6955 61.0072 60.2385 59.5132 58.8124 60.6373 61.4478 62.2440 63.0142 63.7643 64.4920 65.1848 65.8353 66.4351 66.9509 67.2755 67.4967 67.5741 67.5744 67.4199 67.1347 66.7327 66.2586 65.6808 65.0577 64.3981 63.7137 62.9873
55.3765 58.5101 59.3069 60.0751 60.7920 61.4280 61.9300 62.3066 62.6405 62.9460 63.2762 63.6424 63.9960 64.1909 64.2698 64.2600 64.2523 64.1153 63.8751 63.5073 62.9722 62.3958 61.7417 61.0505 60.3314 59.5277 59.7163 60.6536 61.4646 62.2616 63.0454 63.7847 64.5097 65.2019 65.8533 66.4518 66.9748 67.3690 67.5857 67.6011 67.6164 67.5110 67.2299 66.7988 66.2741 65.6900 65.0647 64.4060 63.7216 62.9952
55.3958 58.5291 59.3403 60.1370 60.9045 61.6192 62.2525 62.7390 63.0951 63.4248 63.7138 64.0278 64.3517 64.6330 64.6959 64.7090 64.6589 64.5220 64.2066 63.6798 63.1202 62.4792 61.7987 61.0788 60.3447 59.6052 59.8390 60.6702 61.4805 62.2784 63.0617 63.8205 64.5269 65.2188 65.8684 66.4678 66.9875 67.3836 67.5868 67.6244 67.6001 67.5179 67.2348 66.8053 66.2821 65.6965 65.0723 64.4133 63.7294 63.0006
55.4129 58.5468 59.3579 60.1707 60.9670 61.7340 62.4461 63.0782 63.5460 63.8716 64.1869 64.4369 64.7127 64.9360 65.1070 65.1052 65.0581 64.8602 64.3756 63.8574 63.2223 62.5519 61.8332 61.0932 60.3538 59.6134 59.8682 60.6863 61.4968 62.2936 63.0789 63.8343 64.5678 65.2279 65.8706 66.4556 66.9438 67.3154 67.4766 67.5578 67.5655 67.3660 67.1489 66.7549 66.2519 65.6822 65.0614 64.4054 63.7228 62.9815
55.4283 58.5627 59.3761 60.1863 61.0016 61.7969 62.5638 63.2682 63.8890 64.3091 64.5579 64.8716 65.0281 65.2795 65.4258 65.4228 65.3718 65.0081 64.5704 63.9586 63.3059 62.5903 61.8487 61.1032 60.3627 59.6220 59.8846 60.6957 61.5057 62.3036 63.0839 63.8513 64.5759 65.2659 65.8883 66.4169 66.8526 67.0986 67.2875 67.3752 67.3735 67.2536 66.9269 66.6185 66.1632 65.6230 65.0382 64.3921 63.7139 62.9693
55.4445 58.5798 59.3914 60.2055 61.0143 61.8332 62.6265 63.3772 64.0548 64.5524 64.8427 65.0459 65.3099 65.4230 65.6036 65.6005 65.4746 65.1527 64.6419 64.0474 63.3395 62.6028 61.8588 61.1119 60.3712 59.6306 59.8948 60.7046 61.5147 62.3098 63.0886 63.8507 64.5923 65.2789 65.8435 66.3208 66.6291 66.9135 67.0185 67.0917 67.0942 66.9811 66.7519 66.4032 66.0063 65.5113 64.9560 64.3470 63.6836 62.9277
55.4591 58.5951 59.4091 60.2198 61.0352 61.8414 62.6619 63.4151 64.1247 64.6106 64.8682 65.1255 65.3025 65.5033 65.6175 65.6019 65.5390 65.2385 64.7116 64.0610 63.3453 62.6120 61.8673 61.1207 60.3746 59.6381 59.8970 60.7063 61.5143 62.3086 63.0907 63.8620 64.5987 65.2227 65.7213 66.1024 66.4027 66.5835 66.7088 66.7207 66.7247 66.6518 66.4503 66.1558 65.7712 65.3259 64.8203 64.2468 63.6177 62.8486
55.4713 58.6088 59.4244 60.2385 61.0479 61.8657 62.6634 63.4578 64.0651 64.5607 64.8881 65.0403 65.3049 65.5017 65.5539 65.5938 65.4473 65.2292 64.7213 64.0665 63.3545 62.6188 61.8758 61.1292 60.3827 59.6429 59.8983 60.7050 61.5070 62.3040 63.0897 63.8422 64.5185 65.0520 65.4861 65.8118 66.0392 66.2019 66.2539 66.2844 66.2752 66.1994 66.0632 65.8090 65.4736 65.0715 64.6042 64.0872 63.5032 62.7192
55.4713 58.6049 59.4419 60.2528 61.0661 61.8644 62.6513 63.3286 63.8913 64.3306 64.6319 64.8321 65.0535 65.1370 65.2750 65.3683 65.2708 64.9276 64.5816 64.0110 63.3340 62.6170 61.8800 61.1368 60.3909 59.6507 59.8953 60.6918 61.4943 62.2876 63.0405 63.7269 64.2862 64.7736 65.1284 65.3653 65.5470 65.6625 65.7219 65.7427 65.7270 65.6667 65.5633 65.3719 65.0954 64.7384 64.3255 63.8531 63.3273 62.5270
55.4948 58.6204 59.4566 60.2664 61.0613 61.8300 62.5058 63.0797 63.5704 63.8928 64.1682 64.3447 64.4684 64.6933 64.7762 64.8468 64.7877 64.6024 64.2440 63.8174 63.2474 62.5810 61.8715 61.1386 60.3974 59.6532 59.8832 60.6767 61.4693 62.2204 62.9033 63.4823 63.9715 64.3468 64.6272 64.8098 64.9423 65.0165 65.0694 65.0857 65.0766 65.0458 64.9550 64.8245 64.6162 64.3316 63.9721 63.5526 63.0802 62.2621
55.6210 58.6443 59.4543 60.2445 60.9995 61.6693 62.2403 62.7203 63.0673 63.3422 63.5502 63.6959 63.9033 64.0315 64.0963 64.1200 64.1094 64.0147 63.8084 63.4621 63.0267 62.4713 61.8217 61.1224 60.3958 59.6574 59.8498 60.6325 61.3759 62.0560 62.6396 63.1296 63.5177 63.8071 64.0086 64.1493 64.2434 64.2998 64.3394 64.3505 64.3493 64.3288 64.2843 64.1785 64.0323 63.8210 63.5380 63.1825 62.7601 61.8868
56.8361 57.6897 58.5259 59.3173 60.0687 60.7390 61.3130 61.7922 62.1480 62.4280 62.6481 62.8087 63.0111 63.1571 63.2289 63.2764 63.2406 63.1416 62.9200 62.5682 62.1279 61.5752 60.9324 60.2376 59.5196 58.8601 58.9850 59.6940 60.4282 61.1065 61.6991 62.1989 62.5984 62.8995 63.1154 63.2668 63.3739 63.4387 63.4905 63.5111 63.5027 63.4688 63.4154 63.3033 63.1469 62.9275 62.6387 62.2806 61.8812 61.7999
