#Value_Function_Estimate.
87.63   89.23   90.66   92.41   93.71   95.31   96.77   98.06   98.50   98.54   98.72   98.57   98.59   97.37   96.49   95.86   94.21   93.48   92.46   91.12   89.51   88.52   87.23   86.00   84.75   83.89   83.44   81.83   80.31   78.72   77.21   75.68   74.19   72.74   71.81   71.92   72.25   72.09   72.25   71.97   71.99   71.81   71.70   71.37   71.15   70.96   70.74   70.50   70.22   69.87  
87.70   89.30   90.95   92.28   94.16   95.41   97.43   98.56   100.17  100.79  100.36  100.65  99.20   98.37   97.97   95.98   95.35   94.24   92.89   91.10   90.25   88.88   87.66   86.34   85.43   85.23   83.41   81.90   80.27   78.75   77.19   75.69   74.18   73.46   73.62   73.71   73.80   74.24   73.83   73.93   73.70   73.64   73.25   73.05   72.86   72.64   72.40   72.12   71.76   71.35  
87.77   89.36   90.99   92.69   94.16   96.00   97.07   98.86   98.86   99.30   99.44   99.34   99.59   98.43   96.85   97.20   95.30   94.39   92.67   92.03   90.56   89.22   87.89   87.00   86.06   84.61   83.52   81.83   80.31   78.72   77.21   75.68   74.20   74.80   75.42   75.52   75.62   75.66   75.89   75.57   75.59   75.12   74.94   74.75   74.53   74.29   74.01   73.64   73.22   72.87  
88.12   89.40   91.06   92.66   94.27   95.45   97.44   97.11   97.44   97.72   97.90   98.70   97.65   97.96   96.62   95.28   95.72   94.06   92.88   91.83   90.91   89.17   88.22   87.06   86.20   84.61   83.06   81.87   80.27   78.75   77.19   75.69   74.33   75.95   76.72   77.40   77.41   77.53   77.41   77.58   76.97   76.83   76.64   76.42   76.17   75.90   75.52   75.07   74.73   74.40  
88.09   89.86   91.03   92.77   93.79   95.39   95.41   95.62   96.14   96.72   97.23   96.74   97.72   96.11   96.35   94.75   93.87   94.49   93.50   91.87   90.30   89.30   87.91   86.63   86.25   84.58   83.00   81.51   80.25   78.71   77.21   75.78   75.29   75.94   78.03   78.61   79.41   79.30   79.43   78.88   78.75   78.56   78.32   78.08   77.80   77.43   76.94   76.60   76.28   75.90  
88.16   89.74   91.65   92.17   93.50   93.70   93.86   94.19   95.11   96.04   95.35   95.78   95.74   96.47   94.61   94.73   93.00   92.61   93.10   92.03   90.25   89.44   87.89   86.96   85.36   84.52   82.96   81.42   79.96   78.66   77.18   77.04   77.14   76.56   77.69   79.28   80.57   81.50   80.76   80.78   80.53   80.28   80.02   79.76   79.38   78.85   78.53   78.21   77.82   77.39  
88.08   89.81   90.55   91.68   92.01   92.17   92.44   93.61   94.46   93.97   94.59   94.02   94.56   94.43   94.43   93.19   93.41   91.45   91.22   91.75   91.25   89.46   88.73   87.00   85.40   83.83   82.84   81.37   79.86   78.43   77.11   79.20   78.43   78.49   77.83   79.31   80.97   82.66   82.84   82.53   82.27   82.15   81.78   81.41   80.82   80.51   80.20   79.80   79.35   79.04  
88.02   88.90   89.90   90.29   90.48   90.74   91.38   92.89   92.59   93.51   92.65   92.74   92.68   92.75   92.66   92.55   92.71   91.45   89.97   89.90   90.50   90.56   88.65   87.05   85.37   83.78   82.29   81.20   79.78   78.31   77.20   78.68   80.63   79.76   79.77   79.61   80.73   82.51   84.60   84.32   84.26   83.82   83.64   82.83   82.56   82.26   81.85   81.35   81.17   80.09  
87.24   88.15   88.59   88.80   89.07   89.74   91.32   90.99   91.63   91.51   91.80   91.02   91.00   90.95   90.99   90.91   90.82   90.74   89.55   88.75   88.85   89.07   88.68   87.00   85.40   83.76   82.19   80.76   79.60   78.22   76.79   78.58   80.37   81.89   81.47   81.45   81.50   82.48   84.09   86.44   85.89   85.85   84.86   84.59   84.37   83.97   83.36   83.39   82.14   81.16  
86.44   86.90   87.13   87.41   88.15   89.85   89.37   89.80   89.84   90.32   89.92   89.95   89.36   89.28   89.24   89.26   89.19   89.08   88.84   87.77   87.45   87.54   87.38   86.87   85.35   83.77   82.16   80.63   79.22   78.03   76.89   78.34   80.10   82.39   82.80   82.43   83.62   83.42   84.22   85.80   88.14   86.88   86.71   86.14   86.13   85.33   85.68   84.20   83.22   82.31  
85.24   85.49   85.78   86.62   88.62   87.84   88.02   88.17   88.55   88.60   88.57   88.25   88.18   87.72   87.60   87.56   87.56   87.50   87.36   86.95   86.05   86.56   85.95   85.70   85.12   83.71   82.16   80.59   79.08   77.70   77.63   78.78   80.27   82.00   84.26   83.77   83.99   85.65   85.26   85.87   87.10   88.96   87.93   87.97   87.19   87.58   86.28   85.37   84.46   83.73  
83.87   84.18   84.94   86.73   86.47   86.62   86.51   86.84   86.93   86.96   87.49   87.29   86.70   86.48   86.10   85.97   85.92   85.91   85.82   85.60   85.05   84.71   84.82   84.35   84.04   83.41   82.08   80.58   79.12   78.42   78.58   79.53   80.69   82.14   83.68   85.85   85.37   85.76   87.47   86.71   87.08   88.14   89.87   89.07   89.31   88.25   87.36   86.49   85.75   85.13  
84.45   84.93   85.18   85.47   85.39   85.41   85.45   85.48   85.54   85.77   85.74   86.39   86.47   85.60   85.48   85.45   85.46   85.44   85.43   85.36   85.22   84.98   84.73   84.43   83.95   83.11   82.03   80.81   80.17   80.06   79.71   80.47   81.43   82.60   84.11   85.49   87.19   86.98   87.62   88.89   88.50   89.02   89.72   90.60   90.25   89.40   88.51   87.74   87.21   86.13  
86.17   86.34   86.92   87.12   87.30   87.36   87.39   87.48   87.52   87.55   87.54   87.55   87.54   87.55   87.54   87.55   87.54   87.54   87.49   87.38   87.09   86.80   86.43   85.95   85.07   83.97   82.62   81.96   81.98   81.55   81.50   81.44   82.39   83.34   84.52   86.11   87.42   88.07   88.38   89.25   90.52   90.45   91.04   91.57   91.46   90.54   89.73   89.32   88.21   86.56  
87.96   88.17   88.31   89.02   89.19   89.35   89.42   89.47   89.66   89.71   89.75   89.73   89.75   89.73   89.75   89.73   89.75   89.71   89.61   89.29   88.95   88.51   87.97   87.15   86.02   84.48   83.75   83.96   83.39   83.44   83.08   82.94   83.30   84.35   85.27   86.44   88.16   89.15   89.68   90.15   90.72   92.23   92.44   93.16   92.61   91.68   91.06   90.59   88.63   87.77  
89.71   89.97   90.28   90.69   90.99   91.36   91.50   91.58   91.66   91.92   91.97   92.01   91.98   92.02   91.98   92.01   91.97   91.90   91.53   91.17   90.64   90.05   89.18   88.03   86.51   84.86   85.69   85.21   85.43   84.96   84.89   84.47   84.43   85.22   86.35   87.22   88.37   90.30   90.69   91.75   92.14   92.03   93.86   93.99   93.88   92.90   92.54   90.51   89.73   89.30  
91.73   91.77   92.09   92.53   92.90   93.17   93.59   93.71   93.80   93.87   94.22   94.23   94.29   94.24   94.29   94.23   94.20   93.79   93.42   92.82   92.19   91.25   90.07   88.50   86.74   85.60   85.83   87.34   86.84   86.90   86.34   86.43   85.86   86.26   87.18   88.40   89.18   90.29   91.94   92.43   93.96   93.91   93.63   95.02   94.84   94.56   92.39   91.69   91.58   89.27  
93.29   93.88   93.92   94.33   94.72   95.11   95.35   95.84   95.92   96.03   96.07   96.51   96.47   96.56   96.47   96.51   96.01   95.68   95.01   94.38   93.36   92.15   90.54   88.65   87.41   87.37   87.51   87.59   89.01   88.19   88.49   87.80   87.34   87.47   88.25   89.15   90.49   91.16   92.24   93.56   94.40   95.25   95.57   95.44   96.25   94.23   93.71   93.03   91.13   89.46  
95.48   95.32   95.72   96.08   96.52   96.90   97.32   97.51   98.11   98.11   98.25   98.23   98.82   98.66   98.82   98.20   97.93   97.19   96.60   95.51   94.30   92.64   90.62   89.06   87.89   89.61   88.76   88.99   89.44   90.32   89.74   89.35   88.61   88.66   89.49   90.25   91.13   92.65   93.15   94.21   94.85   96.57   96.82   97.26   96.18   95.91   94.71   93.14   91.02   89.13  
96.41   97.79   97.78   97.66   98.25   98.68   99.05   99.52   99.62   100.39  100.26  100.45  100.33  101.13  100.32  100.19  99.33   98.83   97.66   96.48   94.81   92.62   91.09   89.58   88.33   89.85   90.89   90.35   91.01   91.31   91.41   90.52   90.40   89.78   90.70   91.54   92.29   93.10   94.90   95.13   96.23   96.82   98.17   98.35   98.23   96.87   95.01   92.88   91.08   89.05  
97.42   98.47   99.13   98.80   99.77   100.40  101.03  101.14  101.72  101.66  102.68  101.92  102.58  102.37  102.46  101.41  101.06  99.77   98.67   96.99   95.01   93.21   91.64   90.17   88.98   90.29   91.88   92.49   92.19   93.11   92.41   92.52   91.48   90.71   91.85   92.77   93.62   94.35   95.05   97.26   97.08   98.47   98.56   100.32  99.29   96.76   95.01   93.03   91.10   89.35  
97.37   99.66   100.41  100.55  100.69  101.78  102.22  103.26  103.17  103.96  103.30  104.08  104.03  104.78  103.41  103.32  101.84  100.86  99.16   97.14   95.34   93.83   92.32   90.41   90.00   90.92   92.28   94.04   94.10   93.75   94.73   93.46   92.76   91.71   91.95   94.07   94.84   95.73   96.46   96.94   98.91   98.76   100.93  99.73   97.91   97.44   95.15   93.11   91.48   89.55  
97.52   99.40   101.73  102.67  102.30  102.67  103.53  104.25  105.36  105.17  105.32  105.28  106.38  104.97  105.67  103.87  103.06  101.32  99.24   97.46   96.00   94.52   92.67   90.69   89.81   91.80   92.89   94.26   95.43   95.77   95.34   94.84   93.78   92.38   92.04   94.00   96.37   96.86   97.97   98.61   98.90   101.10  99.75   98.43   97.27   95.79   95.02   93.70   91.91   89.51  
97.36   99.55   101.16  103.33  103.65  104.22  104.73  105.69  105.94  107.28  106.80  107.59  106.43  107.13  104.98  104.41  103.48  101.31  99.53   98.16   96.76   94.85   92.80   90.73   89.78   91.60   93.49   94.94   96.31   97.00   96.98   95.87   94.50   92.38   91.96   94.15   95.56   97.70   98.60   100.14  100.77  100.62  98.77   97.41   96.19   94.91   93.66   92.79   91.56   89.71  
97.41   99.14   101.18  102.92  104.77  104.80  106.02  106.56  107.98  107.83  109.03  108.34  108.48  106.62  105.83  105.75  103.37  101.59  100.29  99.01   97.07   94.96   92.82   90.78   90.10   91.63   93.61   95.09   96.79   98.14   97.81   96.68   94.39   92.49   92.00   93.62   95.84   97.23   99.38   100.54  101.87  99.44   98.40   96.59   95.13   93.96   92.70   91.62   90.68   89.38  
97.22   99.16   101.14  103.06  104.97  106.21  106.59  108.09  108.53  110.41  109.58  109.92  108.60  107.64  107.63  105.36  103.63  102.39  101.24  99.28   97.17   94.98   92.88   90.87   90.20   92.16   93.59   95.73   96.93   97.99   98.78   96.39   94.56   92.39   91.62   93.71   95.69   97.93   99.18   100.93  100.30  99.69   97.46   96.07   94.41   92.94   91.87   90.66   89.59   88.58  
97.43   99.28   101.23  103.24  105.18  106.94  107.55  108.67  109.98  110.35  111.67  110.46  109.70  109.53  107.41  105.69  104.48  103.49  101.45  99.36   97.16   95.03   92.97   91.03   90.98   92.11   94.29   95.53   95.95   97.01   96.91   96.52   94.37   92.49   91.63   93.62   95.83   97.16   98.89   99.15   99.74   98.39   97.45   95.36   93.84   92.34   90.93   89.81   88.65   87.58  
97.73   99.48   101.34  103.32  105.37  107.34  108.18  109.34  110.89  112.31  112.16  111.56  111.20  109.52  107.78  106.56  105.78  103.59  101.53  99.34   97.22   95.12   93.10   91.46   91.04   93.11   93.74   94.01   95.08   95.32   95.59   94.88   94.26   92.34   91.57   93.64   95.15   96.62   97.36   98.62   98.09   97.48   96.31   95.13   93.30   91.78   90.29   88.93   87.79   86.65  
98.11   99.79   101.54  103.42  105.43  107.53  109.13  109.82  111.56  113.04  113.86  113.31  111.69  109.90  108.63  108.14  105.71  103.69  101.48  99.40   97.32   95.22   93.50   92.42   92.76   92.06   92.13   93.52   93.70   94.44   93.69   93.48   92.84   92.08   91.51   93.05   94.54   95.35   96.53   97.05   97.73   96.17   95.41   94.21   92.97   91.26   89.74   88.28   86.94   85.80  
98.33   100.22  101.87  103.63  105.53  107.57  109.56  110.82  111.90  113.81  114.57  113.90  112.07  110.20  109.29  107.17  105.86  103.60  101.56  99.51   97.38   95.59   94.48   93.67   93.52   93.50   93.48   93.51   93.51   93.16   93.04   93.07   92.94   92.77   92.22   92.38   93.30   94.43   95.63   96.40   97.22   95.71   94.15   93.25   92.12   90.86   89.24   87.73   86.29   84.98  
98.23   100.21  102.53  103.81  105.75  107.48  108.67  110.30  112.47  113.15  114.24  112.81  112.14  110.34  108.20  107.01  105.57  103.69  101.68  99.53   97.69   96.60   95.62   95.52   95.51   95.51   95.53   95.54   95.53   95.25   95.12   94.95   94.83   94.25   93.55   92.80   92.42   94.05   95.04   96.03   95.16   96.34   94.01   92.23   91.18   90.06   88.78   87.23   85.74   84.33  
98.16   100.34  101.80  103.71  105.29  106.56  108.19  110.40  111.47  112.56  112.47  111.87  110.75  110.32  108.21  106.50  104.89  103.84  101.65  99.77   98.79   97.55   97.57   97.51   97.56   97.58   97.58   97.58   97.54   97.50   97.01   96.93   96.30   95.59   94.85   94.39   94.01   93.82   94.45   94.02   94.31   94.03   94.37   92.10   90.28   89.14   88.02   86.74   85.25   83.78  
98.18   99.76   101.57  103.14  104.47  106.08  108.13  109.66  110.60  111.40  111.29  110.56  109.66  108.69  108.75  106.36  104.64  102.87  101.89  99.64   99.35   99.62   99.62   99.65   99.62   99.65   99.65   99.59   99.64   99.19   99.39   98.47   97.67   96.92   96.62   96.32   96.15   96.16   95.80   95.43   93.97   92.88   92.12   92.19   90.41   88.54   87.16   86.01   84.73   83.28  
97.71   99.46   101.03  102.40  104.00  105.98  108.00  108.58  109.65  110.19  110.45  110.17  109.00  107.56  106.68  106.87  104.45  102.54  100.83  100.30  100.83  101.50  101.74  101.70  101.75  101.69  101.66  101.76  101.60  101.68  100.53  99.81   99.25   98.86   98.77   98.49   98.68   98.23   97.84   96.14   94.97   93.94   92.79   91.58   90.57   88.71   87.17   85.66   84.35   82.97  
97.37   98.94   100.35  102.02  103.89  106.08  106.56  107.67  108.90  108.44  108.43  109.01  108.45  107.37  105.55  104.68  104.46  102.36  100.50  101.42  102.47  102.91  103.68  103.89  103.80  103.83  103.43  103.31  103.98  102.57  101.89  101.35  101.07  101.02  101.13  101.02  100.93  100.40  98.34   97.17   96.10   94.85   93.68   92.17   90.78   89.18   87.59   86.28   84.88   83.51  
96.87   98.35   100.19  101.86  104.17  104.55  105.86  107.63  106.93  106.78  106.79  106.60  107.07  107.10  105.81  103.60  102.66  102.14  102.01  102.55  103.52  104.69  104.97  105.90  106.06  105.32  105.16  105.65  104.60  103.98  103.51  102.82  102.90  103.42  103.25  103.45  102.93  101.21  99.48   98.39   96.99   95.80   94.21   92.86   91.30   89.81   88.26   86.81   85.43   84.10  
96.38   98.54   100.06  102.33  102.60  104.06  105.78  105.56  105.30  104.83  104.67  104.95  105.40  105.12  105.29  103.65  102.04  102.67  103.81  104.10  104.61  105.64  106.97  107.02  107.40  107.26  107.46  106.65  106.08  105.80  104.25  104.41  105.17  105.09  105.80  105.35  103.84  101.64  101.21  99.40   98.08   96.24   94.96   93.35   91.86   90.25   88.78   87.36   86.07   84.53  
96.45   98.37   100.70  100.69  102.04  104.04  104.74  104.23  103.49  103.18  102.98  103.83  103.59  103.93  103.45  104.01  103.56  103.72  104.81  106.10  106.21  106.71  107.78  108.53  109.17  109.32  108.81  108.18  108.23  105.92  105.67  106.60  106.56  107.57  106.72  104.82  103.21  104.05  101.61  100.80  98.79   97.10   95.40   93.95   92.28   90.79   89.32   88.05   86.48   84.94  
96.33   98.40   98.80   100.04  101.88  103.17  102.86  102.60  102.11  101.44  102.52  102.01  102.65  102.15  104.25  105.72  105.42  105.52  105.81  106.98  108.46  108.32  108.84  110.03  110.48  111.05  110.33  109.98  107.93  107.07  107.83  107.81  109.03  108.16  106.02  104.28  102.63  102.12  103.62  101.06  99.58   97.48   96.07   94.32   92.84   91.31   90.09   88.43   86.93   85.16  
96.16   96.85   98.05   99.81   101.65  101.88  101.13  100.78  100.46  100.87  100.42  102.04  100.86  103.04  103.91  106.20  107.87  107.04  107.72  108.00  109.14  110.15  110.48  110.98  112.37  112.20  111.88  109.95  109.18  109.12  109.09  110.26  109.56  107.00  105.66  104.20  103.18  101.81  101.11  102.25  99.68   98.56   96.37   94.93   93.31   92.19   90.40   88.93   87.11   85.38  
94.85   96.05   97.75   99.68   100.32  99.65   99.67   99.03   98.75   98.87   100.53  99.86   101.27  101.96  103.97  105.69  107.57  109.47  109.31  109.71  110.26  111.40  111.91  112.78  113.07  114.12  111.98  111.44  110.51  110.41  111.51  111.14  108.62  107.09  105.80  104.71  103.95  102.10  100.24  100.06  100.97  98.56   97.11   95.31   94.36   92.38   90.98   89.06   87.35   85.53  
94.03   95.71   97.56   99.02   98.02   98.09   97.80   97.50   97.08   98.82   98.35   99.64   100.02  101.81  103.54  105.36  107.18  108.86  111.35  110.95  111.98  112.59  113.82  113.63  115.23  114.04  113.83  112.73  112.15  112.77  112.56  109.99  108.68  107.51  106.36  104.93  103.36  102.13  101.39  99.18   99.00   99.46   97.38   96.62   94.35   93.10   91.03   89.34   87.50   85.54  
93.62   95.51   97.92   96.73   96.75   96.19   95.95   95.66   97.39   96.69   98.18   98.14   99.71   101.44  103.25  105.41  107.01  109.45  110.59  113.15  112.40  114.25  114.62  116.16  115.41  116.33  114.98  114.32  114.61  113.77  111.31  109.99  109.02  107.90  106.41  104.52  104.38  102.02  100.42  100.06  97.83   98.21   98.00   96.03   95.32   93.01   91.36   89.49   87.49   85.60  
93.42   95.48   95.49   95.61   94.70   94.57   94.10   96.08   95.19   95.95   96.26   97.67   99.48   101.31  103.51  105.28  107.72  108.52  110.72  112.17  113.58  113.87  116.41  116.73  117.95  117.10  116.53  116.53  114.77  113.31  111.94  110.44  109.75  107.80  106.12  105.82  103.33  102.37  100.04  98.52   98.48   96.31   97.84   96.92   94.77   93.44   91.52   89.45   87.55   85.68  
93.13   93.38   93.48   93.48   93.38   92.66   94.04   93.70   93.84   94.35   95.69   97.60   99.44   101.63  103.37  105.75  106.62  108.49  110.66  111.82  113.24  114.66  115.89  118.16  118.66  118.67  117.74  116.34  115.18  113.98  112.01  111.62  108.98  108.17  106.57  104.42  103.49  102.01  100.20  98.16   96.63   96.19   95.57   96.03   94.92   93.60   91.43   89.52   87.64   85.75  
91.26   91.37   91.38   91.38   91.37   92.11   91.68   91.85   92.40   93.72   95.62   97.53   99.74   101.49  103.84  104.72  106.47  108.92  109.83  111.58  112.68  114.41  116.34  116.82  118.32  118.69  118.15  116.27  115.41  113.61  112.54  110.32  109.84  107.82  105.90  105.09  102.75  101.38  100.26  98.14   96.44   94.73   94.11   93.77   94.39   93.33   91.53   89.62   87.70   85.90  
89.28   89.31   89.38   89.65   90.27   89.79   89.93   90.44   91.75   93.59   95.57   97.73   99.57   101.93  102.78  104.58  107.01  108.25  109.68  110.79  112.14  113.99  114.66  115.76  116.44  116.70  117.33  116.75  114.28  112.97  111.39  110.48  108.22  107.38  105.54  103.81  102.78  100.73  99.33   98.59   96.33   94.99   92.86   92.22   92.09   92.54   91.64   89.66   87.88   86.00  
87.25   87.41   88.32   88.36   87.98   88.12   88.48   89.77   91.57   93.54   95.63   97.61   99.88   100.83  102.97  104.99  106.74  107.73  108.77  109.92  111.55  112.36  113.40  114.05  114.42  114.85  114.66  114.89  115.08  112.43  110.63  109.17  108.60  106.15  105.03  103.33  101.75  100.57  98.70   97.39   97.18   94.84   92.90   90.97   90.42   90.28   90.62   89.87   87.98   85.93  
85.38   86.13   86.28   86.24   86.25   86.55   87.78   89.55   91.52   93.57   95.53   97.45   99.06   101.41  102.80  104.42  105.23  106.34  107.72  109.16  110.09  111.03  111.73  112.17  112.50  112.42  112.56  112.68  112.60  112.40  110.09  108.27  106.94  106.11  104.03  102.78  101.20  99.70   98.41   96.68   95.46   94.89   92.80   90.84   89.07   88.55   88.38   88.35   87.53   85.96  
83.97   84.20   84.18   84.26   84.64   85.81   87.53   89.48   91.52   93.48   95.34   96.99   99.14   100.65  102.16  103.08  104.15  105.23  106.88  107.84  108.72  109.43  109.86  110.20  110.20  110.28  110.33  110.31  110.33  110.28  109.78  107.68  105.95  104.72  103.73  101.92  100.63  99.12   97.65   96.30   94.68   93.49   92.67   90.72   88.78   87.15   86.62   86.43   86.30   85.48  
