#Value Function.
548.48  570.74  587.10  603.74  620.49  637.88  653.93  670.14  683.36  688.48  688.28  687.53  680.25  668.63  653.14  638.07  623.34  609.06  595.25  581.70  568.18  554.53  540.81  527.15  515.38  521.15  524.25  525.31  525.88  525.79  525.43  524.41  522.92  520.31  516.98  512.81  508.77  505.08  502.37  500.45  499.17  498.26  497.63  497.27  497.02  496.79  496.55  496.22  495.75  489.12 
562.18  584.78  601.51  618.45  635.54  652.35  669.33  682.21  693.69  700.51  700.79  698.96  694.13  681.46  668.11  652.99  638.37  624.15  610.20  596.44  582.57  568.63  554.62  540.65  533.27  542.20  549.05  552.13  552.97  553.60  553.13  552.17  549.62  546.46  542.25  538.03  534.14  531.37  529.47  528.19  527.25  526.60  526.12  525.75  525.45  525.18  524.94  524.71  524.39  517.51 
562.15  584.78  601.36  618.29  635.23  652.20  667.59  682.40  692.30  697.03  697.55  696.70  688.96  680.22  666.36  652.11  638.00  623.95  610.17  596.29  582.44  568.49  554.51  540.84  535.95  547.49  557.10  564.62  567.38  567.63  567.97  565.69  562.97  559.06  554.91  551.09  548.56  546.81  545.59  544.74  544.12  543.66  543.30  542.99  542.73  542.48  542.24  542.00  541.67  534.57 
561.77  584.38  601.03  617.77  634.45  650.15  665.41  676.56  683.56  686.97  688.39  686.41  681.53  673.31  662.43  649.23  635.64  621.88  607.94  594.39  580.63  566.73  553.02  539.60  536.67  549.44  561.70  571.58  579.04  580.82  579.43  577.68  574.95  571.00  567.46  565.45  564.09  563.07  562.32  561.81  561.37  561.00  560.70  560.44  560.19  559.95  559.70  559.46  559.11  551.75 
561.31  583.99  600.42  616.72  632.11  646.81  658.22  666.68  671.66  673.79  675.14  673.43  668.52  662.62  654.34  643.79  631.61  618.58  605.24  591.65  577.97  564.12  550.56  537.46  536.39  549.69  562.73  574.74  584.55  590.31  590.40  588.97  586.34  583.57  582.08  581.42  580.80  580.30  579.90  579.55  579.18  578.89  578.62  578.37  578.13  577.87  577.63  577.36  576.98  569.33 
560.84  583.26  599.14  614.13  628.16  639.37  648.00  653.63  656.95  659.23  660.32  658.80  654.41  649.26  642.91  634.85  624.97  613.40  600.98  587.98  574.84  561.24  547.89  535.08  536.24  549.52  562.91  575.43  586.12  593.72  598.44  598.99  598.25  598.02  598.25  598.50  598.57  598.42  598.15  597.85  597.56  597.30  597.04  596.79  596.53  596.28  596.01  595.73  595.28  587.25 
559.91  581.77  596.29  609.67  620.69  629.12  634.98  638.88  641.63  644.06  644.85  643.51  639.99  635.00  629.38  622.98  615.27  606.01  595.03  583.13  570.36  557.48  544.24  531.87  535.66  548.99  562.23  574.54  585.04  593.55  601.47  606.95  609.52  611.82  613.63  615.10  616.12  616.72  616.86  616.73  616.47  616.21  615.96  615.69  615.44  615.17  614.88  614.54  613.94  605.34 
558.22  578.78  591.58  602.26  610.51  616.40  620.54  623.54  626.28  628.43  629.20  628.20  624.94  620.54  615.01  609.36  603.08  595.70  586.66  576.22  564.79  552.41  539.96  528.15  534.93  548.05  560.41  572.02  581.81  591.17  601.37  610.12  617.71  623.36  627.84  630.85  633.13  634.71  635.68  635.97  635.87  635.66  635.36  635.11  634.83  634.54  634.21  633.74  632.80  623.24 
555.09  573.79  584.19  592.18  598.09  602.34  605.60  608.37  610.82  612.95  613.74  612.75  609.86  605.74  600.64  595.00  589.35  583.20  575.86  567.12  557.14  546.17  534.58  523.49  533.43  545.71  557.38  568.18  578.29  588.43  600.67  612.67  623.39  632.79  640.25  645.92  649.46  652.11  654.11  655.30  655.62  655.55  655.32  655.03  654.73  654.41  653.97  653.19  651.51  640.24 
550.01  566.43  574.34  580.13  584.38  587.75  590.61  593.24  595.67  597.51  598.21  597.36  594.91  590.94  586.10  580.76  575.12  569.49  563.20  555.92  547.55  538.13  527.74  519.23  530.58  542.14  553.15  563.60  574.18  586.08  599.68  614.37  627.82  639.73  650.23  658.85  665.03  668.93  671.87  674.06  675.41  675.73  675.73  675.46  675.14  674.74  674.02  672.56  669.34  655.04 
542.73  556.78  562.55  566.87  570.21  573.06  575.74  578.22  580.56  582.28  582.89  582.12  579.86  576.15  571.58  566.44  561.02  555.37  549.63  543.43  536.36  528.34  519.38  515.69  526.70  537.64  548.23  558.93  570.88  584.10  598.60  614.55  629.98  644.65  657.82  669.01  678.57  685.10  688.99  691.95  694.39  695.87  696.24  696.23  695.86  695.40  694.08  691.18  684.76  666.26 
533.34  545.35  549.69  553.03  555.95  558.56  561.01  563.44  565.58  567.19  567.78  567.11  565.03  561.63  557.35  552.42  547.14  541.58  535.85  530.16  523.95  517.11  509.65  511.58  522.09  532.62  543.45  555.18  568.29  582.45  597.89  614.19  630.80  647.24  662.82  676.84  688.53  698.78  705.32  708.51  711.73  714.38  716.44  716.81  716.58  715.75  713.36  707.22  695.92  674.37 
522.36  532.90  536.29  539.14  541.72  544.23  546.58  548.85  550.95  552.37  552.90  552.32  550.56  547.47  543.48  538.75  533.48  528.06  522.58  517.21  511.80  506.13  503.60  507.06  517.19  527.96  539.49  552.27  566.28  581.27  597.08  613.58  630.89  648.32  665.49  681.74  696.38  707.52  718.06  723.63  726.46  729.79  733.43  735.69  734.73  734.60  729.72  717.57  704.20  679.02 
510.48  520.00  522.87  525.35  527.76  530.07  532.42  534.61  536.50  537.82  538.39  537.91  536.34  533.70  529.94  525.39  520.98  517.86  517.98  517.82  517.49  517.34  517.47  518.36  520.52  525.94  536.43  550.05  564.76  580.15  596.25  613.08  630.51  648.54  666.47  684.20  700.82  714.99  724.83  732.67  738.50  740.14  745.31  746.64  748.31  747.68  738.04  725.95  708.26  681.19 
498.29  507.13  509.56  511.89  514.06  516.26  518.45  520.54  522.40  523.65  524.19  523.87  522.58  520.35  522.32  526.99  530.14  532.10  533.21  533.73  533.87  533.80  533.67  533.57  533.95  535.59  540.35  549.36  563.48  579.18  595.57  612.57  630.12  648.20  666.58  684.93  702.49  717.88  728.90  736.36  741.59  747.34  751.73  753.94  753.89  751.25  742.95  728.34  709.95  682.02 
486.56  494.80  496.75  498.67  500.73  502.78  504.82  506.79  508.50  509.71  510.36  510.24  511.73  522.22  530.89  537.65  542.67  546.06  548.28  549.76  550.52  550.79  550.72  550.55  550.40  550.43  551.28  555.59  564.36  578.42  594.97  612.08  629.70  647.82  666.19  684.59  702.22  717.54  729.05  735.69  742.32  747.35  751.57  754.27  753.32  752.10  744.73  730.03  710.23  681.57 
476.21  483.80  484.99  486.38  487.99  489.68  491.52  493.36  494.93  496.12  496.88  501.04  514.39  526.78  537.59  546.57  553.68  558.88  562.61  565.21  567.03  568.08  568.36  568.27  568.04  567.80  567.54  567.52  571.28  579.74  594.48  611.61  629.31  647.42  665.80  684.15  701.46  715.02  726.67  734.77  739.23  744.52  749.18  750.17  751.41  747.20  740.34  725.29  706.39  677.79 
468.44  475.13  475.37  474.94  475.90  477.02  478.59  480.22  481.70  482.97  487.87  501.69  515.91  529.67  542.27  553.39  562.77  570.33  576.01  580.17  583.06  585.07  586.20  586.43  586.30  586.04  585.69  584.99  584.24  587.47  595.39  611.19  628.84  646.80  664.76  682.13  697.38  710.09  720.11  727.33  732.51  736.33  737.06  740.45  742.08  738.95  728.03  716.59  699.85  671.14 
463.85  469.32  467.14  465.87  464.66  464.94  466.04  467.43  469.14  474.57  487.12  501.78  516.59  531.15  545.16  558.15  569.79  579.77  587.85  594.02  598.40  601.47  603.66  604.86  604.97  604.75  604.10  602.79  601.44  601.71  604.09  611.04  628.06  645.44  662.25  677.39  690.21  700.72  709.00  715.44  719.17  720.16  723.35  724.38  726.54  722.28  714.74  703.49  690.08  661.36 
460.39  463.86  461.08  456.63  454.00  453.22  453.84  455.61  461.28  472.72  486.93  501.72  516.73  531.83  546.79  561.20  574.74  587.07  597.63  606.17  612.67  617.24  620.39  622.64  623.80  623.50  622.16  620.72  619.94  619.62  619.87  621.20  626.57  642.63  657.28  669.83  680.44  688.91  695.09  699.54  701.77  703.71  705.45  707.71  707.36  703.82  696.50  688.17  676.99  648.76 
455.25  458.85  455.37  449.15  443.70  441.93  442.53  448.14  458.72  472.20  486.69  501.52  516.67  532.05  547.55  562.92  577.88  592.09  604.98  616.11  625.12  631.90  636.60  639.70  641.68  641.60  640.36  639.77  639.37  639.06  638.84  638.74  638.91  640.17  649.87  660.04  668.30  674.48  679.04  681.62  684.24  685.91  687.81  689.10  688.38  684.62  678.05  670.61  661.64  634.13 
449.55  452.41  449.72  442.96  435.22  431.28  435.34  445.12  457.88  471.90  486.42  501.29  516.48  532.00  547.79  563.72  579.61  595.16  609.96  623.46  635.16  644.60  651.67  656.40  659.11  660.04  660.06  659.81  659.53  659.23  658.97  658.67  658.37  657.91  657.09  655.58  654.47  658.70  661.49  664.25  666.52  668.37  669.97  670.68  669.54  665.84  659.93  652.90  644.87  618.27 
439.98  443.10  439.60  434.91  427.50  423.13  431.95  444.00  457.49  471.63  486.14  501.01  516.23  531.81  547.73  563.93  580.32  596.73  612.88  628.30  642.43  654.70  664.59  671.91  676.66  679.26  680.17  680.38  680.22  680.01  679.68  679.41  678.96  678.18  676.47  673.35  668.25  661.24  652.50  647.22  649.18  650.99  652.34  652.65  651.25  647.66  642.15  635.39  627.82  601.97 
427.57  431.22  429.26  423.99  418.57  419.31  430.55  443.47  457.20  471.35  485.87  500.73  515.96  531.55  547.51  563.82  580.46  597.33  614.28  631.01  647.09  661.86  674.76  685.13  692.72  697.51  700.24  701.20  701.44  701.22  701.00  700.53  699.90  698.21  695.13  689.82  682.42  673.11  661.91  649.67  637.38  634.13  635.05  635.07  633.48  629.98  624.74  618.24  610.93  585.74 
414.11  418.60  417.26  413.00  409.19  417.56  429.83  443.13  456.92  471.08  485.59  500.45  515.67  531.26  547.23  563.58  580.31  597.38  614.73  632.22  649.56  666.31  681.76  695.33  706.24  714.20  719.11  721.98  722.72  722.97  722.55  722.07  720.46  717.45  711.95  704.18  694.51  682.75  669.79  656.89  644.77  633.68  623.13  618.13  616.22  612.75  607.73  601.47  594.35  569.82 
400.90  405.67  405.11  401.99  405.29  416.60  429.42  442.84  456.65  470.80  485.30  500.16  515.37  530.96  546.93  563.29  580.04  597.18  614.70  632.53  650.57  668.52  685.98  702.12  716.43  727.89  736.28  741.08  744.08  744.56  744.60  743.02  740.31  734.47  726.35  716.34  703.91  690.30  676.51  664.27  653.05  642.40  631.02  618.44  604.80  596.23  591.12  585.07  578.20  554.46 
388.11  393.03  393.26  393.87  403.81  416.07  429.12  442.58  456.38  470.53  485.02  499.87  515.08  530.66  546.62  562.98  579.73  596.88  614.45  632.42  650.74  669.33  687.90  706.11  722.93  738.04  749.89  758.74  763.16  766.02  765.12  763.34  757.22  748.28  738.55  725.10  710.55  696.12  682.95  672.26  661.65  650.49  637.76  623.79  608.39  592.18  578.28  570.42  562.96  540.43 
375.87  381.04  382.87  391.46  403.08  415.73  428.85  442.31  456.11  470.25  484.74  499.58  514.78  530.36  546.31  562.66  579.40  596.56  614.13  632.12  650.55  669.35  688.51  707.70  726.68  743.98  759.96  771.44  780.21  782.75  784.00  778.55  769.89  760.10  746.08  730.45  715.21  701.08  689.19  679.98  668.72  656.27  643.04  627.25  610.69  593.44  576.25  560.68  550.36  529.48 
364.70  371.71  379.52  390.46  402.68  415.45  428.59  442.05  455.85  469.98  484.46  499.29  514.49  530.05  546.00  562.34  579.08  596.23  613.79  631.79  650.22  669.11  688.39  708.10  727.80  747.48  765.04  780.84  788.49  795.43  792.69  788.47  780.05  765.32  749.42  733.24  717.83  704.40  694.25  684.42  673.09  661.05  645.91  629.26  611.69  594.06  576.70  559.74  543.65  523.14 
356.33  367.85  378.20  389.97  402.39  415.19  428.33  441.79  455.58  469.71  484.18  499.00  514.19  529.75  545.69  562.02  578.75  595.89  613.45  631.44  649.87  668.74  688.11  707.84  728.05  748.09  768.01  783.57  795.62  798.06  798.46  793.36  781.11  766.01  749.64  733.95  719.24  706.16  695.32  684.97  674.84  662.35  647.22  630.05  612.16  594.19  576.54  559.32  542.52  520.40 
352.28  366.23  377.59  389.65  402.13  414.94  428.07  441.53  455.31  469.43  483.90  498.72  513.90  529.45  545.38  561.71  578.43  595.56  613.11  631.09  649.50  668.39  687.69  707.52  727.53  748.00  767.05  784.63  792.67  798.23  798.09  792.72  780.03  764.13  747.81  732.17  717.61  704.93  694.31  684.07  673.17  661.40  646.19  628.97  610.94  592.94  575.27  558.03  541.17  518.84 
350.47  365.49  377.23  389.38  401.88  414.69  427.82  441.27  455.04  469.16  483.61  498.43  513.60  529.15  545.07  561.39  578.10  595.23  612.77  630.74  649.15  667.99  687.30  706.90  726.80  746.10  764.63  778.38  787.39  791.76  791.43  785.79  773.71  759.97  744.13  728.30  713.63  700.74  689.58  680.46  670.47  658.02  642.79  625.75  608.04  590.32  572.90  555.81  539.09  516.85 
349.64  365.07  376.95  389.14  401.64  414.44  427.56  441.00  454.77  468.88  483.33  498.14  513.31  528.85  544.76  561.07  577.78  594.89  612.42  630.38  648.75  667.54  686.62  705.89  724.60  742.39  757.04  767.60  776.43  777.88  777.18  770.29  761.72  750.44  736.47  721.97  707.28  694.78  683.74  673.63  664.06  652.07  637.89  621.67  604.51  587.22  569.94  553.03  536.45  514.35 
349.23  364.78  376.71  388.90  401.39  414.19  427.31  440.74  454.51  468.61  483.05  497.85  513.01  528.54  544.45  560.75  577.45  594.55  612.06  629.97  648.25  666.77  685.35  703.39  720.28  734.51  745.32  754.42  758.16  760.21  758.31  752.99  745.14  735.65  724.67  711.95  698.93  686.22  675.92  665.91  655.55  644.20  630.85  616.12  600.07  583.47  566.72  550.01  533.47  511.52 
349.00  364.53  376.47  388.66  401.15  413.94  427.05  440.48  454.24  468.33  482.77  497.56  512.72  528.24  544.14  560.43  577.11  594.18  611.63  629.40  647.37  665.29  682.61  698.69  712.33  723.06  731.48  736.01  739.14  740.39  738.62  733.65  726.30  718.44  709.25  699.01  687.78  676.72  666.57  656.80  647.03  636.06  623.30  609.26  594.46  578.88  562.85  546.67  530.34  508.43 
348.78  364.30  376.24  388.42  400.91  413.70  426.80  440.22  453.97  468.06  482.49  497.28  512.42  527.94  543.82  560.09  576.73  593.72  611.00  628.41  645.69  662.32  677.64  690.71  701.10  709.05  713.88  717.16  719.80  720.61  718.74  714.08  707.39  699.94  692.15  683.54  674.34  664.98  656.00  646.77  637.11  626.85  614.80  601.62  587.69  573.19  558.14  542.71  526.90  504.99 
348.56  364.07  376.01  388.19  400.66  413.45  426.54  439.96  453.70  467.79  482.21  496.99  512.12  527.62  543.48  559.70  576.24  593.03  609.90  626.56  642.52  657.15  669.67  679.68  687.26  692.18  695.59  698.47  700.70  701.17  699.24  694.86  688.63  681.54  674.24  666.75  658.86  650.87  642.76  634.77  626.01  615.64  604.84  592.77  579.89  566.41  552.40  537.91  522.83  500.96 
348.34  363.84  375.77  387.95  400.42  413.20  426.29  439.70  453.44  467.51  481.93  496.69  511.81  527.27  543.08  559.17  575.48  591.81  607.87  623.20  637.18  649.18  658.82  666.11  671.06  674.53  677.41  680.13  681.96  682.15  680.18  676.02  670.20  663.50  656.46  649.40  642.33  635.03  628.05  620.46  612.60  603.62  593.55  582.71  571.01  558.65  545.66  532.15  517.95  496.16 
348.12  363.62  375.54  387.71  400.18  412.95  426.03  439.44  453.17  467.23  481.63  496.38  511.46  526.85  542.51  558.33  574.14  589.63  604.35  617.74  629.24  638.52  645.55  650.48  654.01  656.91  659.71  662.13  663.64  663.60  661.60  657.64  652.17  645.81  639.08  632.23  625.49  618.75  612.00  605.13  597.84  589.94  581.16  571.48  561.00  549.78  537.89  525.41  512.15  490.49 
347.90  363.39  375.31  387.48  399.94  412.70  425.78  439.17  452.89  466.94  481.32  496.02  511.01  526.24  541.60  556.89  571.82  585.96  598.79  609.82  618.76  625.57  630.46  634.02  636.93  639.69  642.33  644.50  645.75  645.52  643.51  639.72  634.53  628.48  622.01  615.44  608.86  602.32  595.82  589.26  582.55  575.38  567.65  559.17  549.88  539.82  529.08  517.68  505.40  483.92 
347.69  363.17  375.08  387.24  399.69  412.45  425.52  438.90  452.61  466.63  480.95  495.54  510.35  525.25  540.05  554.44  568.03  580.33  590.92  599.52  606.13  610.96  614.53  617.45  620.16  622.83  625.30  627.26  628.27  627.90  625.87  622.24  617.30  611.50  605.29  598.93  592.53  586.18  579.84  573.45  567.06  560.45  553.49  545.98  537.77  528.87  519.24  508.94  497.68  476.42 
347.47  362.94  374.85  387.00  399.45  412.20  425.25  438.62  452.29  466.24  480.45  494.84  509.29  523.61  537.48  550.54  562.35  572.51  580.80  587.22  591.98  595.55  598.47  601.14  603.77  606.32  608.63  610.38  611.20  610.70  608.68  605.17  600.46  594.91  588.91  582.75  576.52  570.33  564.14  557.90  551.68  545.41  538.97  532.18  524.90  517.00  508.46  499.25  489.01  468.03 
347.25  362.72  374.62  386.76  399.20  411.93  424.97  438.29  451.89  465.72  479.70  493.71  507.55  520.93  533.49  544.83  554.59  562.59  568.81  573.50  577.05  579.96  582.60  585.17  587.72  590.16  592.31  593.88  594.52  593.92  591.91  588.52  583.99  578.67  572.90  566.90  560.86  554.80  548.74  542.66  536.56  530.50  524.39  518.10  511.51  504.47  496.88  488.67  479.44  458.77 
347.03  362.49  374.38  386.52  398.94  411.65  424.63  437.88  451.33  464.92  478.50  491.89  504.79  516.87  527.76  537.14  544.85  550.90  555.50  559.03  561.93  564.53  567.05  569.56  572.02  574.34  576.33  577.74  578.23  577.55  575.54  572.26  567.91  562.79  557.22  551.40  545.52  539.59  533.66  527.72  521.77  515.84  509.95  503.99  497.88  491.47  484.67  477.36  469.06  448.76 
346.79  362.26  374.14  386.26  398.65  411.31  424.20  437.29  450.49  463.66  476.59  489.03  500.66  511.12  520.15  527.59  533.47  537.98  541.48  544.35  546.93  549.39  551.84  554.28  556.65  558.85  560.71  561.95  562.32  561.57  559.58  556.39  552.20  547.27  541.88  536.24  530.50  524.72  518.92  513.11  507.30  501.51  495.76  490.02  484.22  478.28  472.08  465.50  458.00  438.12 
346.54  362.02  373.88  385.96  398.30  410.86  423.59  436.40  449.16  461.67  473.67  484.85  494.92  503.61  510.79  516.50  520.92  524.38  527.23  529.77  532.19  534.57  536.96  539.33  541.61  543.70  545.42  546.53  546.78  545.96  543.99  540.90  536.85  532.10  526.88  521.40  515.81  510.16  504.49  498.82  493.14  487.49  481.87  476.29  470.72  465.09  459.32  453.29  446.46  427.03 
346.25  361.76  373.58  385.60  397.83  410.21  422.65  435.01  447.10  458.68  469.44  479.13  487.49  494.43  499.97  504.31  507.72  510.54  513.05  515.42  517.75  520.08  522.41  524.70  526.89  528.87  530.46  531.44  531.59  530.73  528.77  525.77  521.86  517.27  512.22  506.90  501.45  495.93  490.39  484.85  479.30  473.78  468.29  462.85  457.44  452.02  446.55  440.94  434.61  415.64 
345.96  361.45  373.21  385.11  397.15  409.22  421.20  432.89  444.05  454.42  463.74  471.80  478.50  483.89  488.13  491.49  494.28  496.75  499.08  501.36  503.63  505.91  508.17  510.39  512.50  514.36  515.83  516.70  516.76  515.86  513.92  510.99  507.21  502.77  497.88  492.72  487.41  482.02  476.61  471.19  465.78  460.38  455.02  449.70  444.42  439.18  433.92  428.59  422.65  403.97 
345.42  360.84  372.46  384.16  395.89  407.51  418.83  429.62  439.64  448.64  456.44  462.94  468.19  472.36  475.68  478.43  480.87  483.15  485.38  487.60  489.82  492.04  494.25  496.39  498.41  500.17  501.53  502.29  502.27  501.33  499.42  496.56  492.90  488.61  483.87  478.85  473.68  468.43  463.14  457.85  452.56  447.29  442.05  436.85  431.69  426.57  421.48  416.35  410.58  389.81 
336.31  351.29  362.44  373.58  384.67  395.93  406.90  417.36  427.05  435.75  443.30  449.63  454.77  458.88  462.19  464.95  467.37  469.63  471.82  474.00  476.17  478.33  480.47  482.54  484.47  486.13  487.38  488.05  487.96  486.99  485.10  482.32  478.77  474.61  470.02  465.15  460.11  454.99  449.83  444.66  439.49  434.35  429.23  424.15  419.11  414.10  409.09  403.74  393.19  357.21 
