#Value Function.
54.26   70.21   83.56   94.99   106.32  118.12  130.56  143.70  157.62  172.33  187.89  204.32  221.63  239.86  259.07  279.39  300.98  324.09  349.09  376.49  407.01  441.60  481.40  527.62  581.49  644.18  716.79  800.29  895.20  1002.10 1117.82 1239.02 1352.25 1434.13 1475.41 1433.60 1338.80 1196.58 1035.71 875.05  727.25  600.17  493.18  403.81  329.09  265.90  211.18  161.75  114.01  62.43  
110.18  144.24  165.88  186.70  208.15  230.61  254.32  279.38  305.88  333.92  363.56  394.81  427.65  462.15  498.43  536.72  577.30  620.60  667.25  718.17  774.70  838.69  912.53  998.67  1099.45 1217.07 1353.70 1511.10 1691.25 1892.42 2111.64 2333.66 2543.19 2712.23 2792.29 2704.36 2514.74 2233.17 1917.54 1609.84 1336.69 1101.41 904.65  741.30  604.96  489.73  390.11  300.32  213.81  124.21 
171.09  224.71  257.36  287.64  319.02  352.12  387.09  423.99  462.94  504.37  548.09  593.99  642.03  692.32  745.06  800.56  859.14  921.29  987.78  1059.86 1139.34 1228.76 1332.09 1454.84 1598.76 1767.54 1964.63 2193.03 2452.96 2745.21 3060.12 3380.56 3666.55 3914.19 4033.49 3887.49 3602.25 3152.14 2691.93 2246.52 1862.29 1533.57 1260.58 1034.81 846.60  687.68  550.37  428.06  310.39  181.54 
239.48  315.31  360.70  402.33  445.44  491.01  539.19  590.01  643.51  699.73  758.60  820.05  884.06  950.74  1020.58 1093.97 1170.91 1251.88 1337.71 1429.68 1529.90 1642.21 1769.55 1916.46 2088.34 2291.34 2531.42 2813.47 3140.47 3511.12 3920.31 4340.38 4694.81 5012.98 5146.62 4957.56 4543.54 3993.64 3372.67 2810.00 2325.42 1918.24 1580.56 1301.15 1068.37 872.02  702.64  550.12  401.29  235.96 
317.61  418.80  478.84  533.62  590.38  650.53  714.28  781.61  852.42  926.61  1004.03 1084.56 1168.08 1254.62 1344.34 1437.44 1534.21 1635.15 1741.11 1853.14 1972.50 2100.84 2240.80 2396.91 2576.04 2787.65 3042.15 3349.00 3713.79 4136.65 4613.91 5113.53 5570.45 5839.23 5964.14 5777.06 5330.25 4658.64 3951.25 3294.22 2729.39 2258.42 1867.05 1542.57 1271.83 1042.77 844.30  664.28  486.65  287.05 
407.61  537.78  614.44  684.14  756.49  833.48  915.46  1002.36 1093.98 1190.08 1290.38 1394.62 1502.52 1613.88 1728.54 1846.41 1967.57 2092.31 2221.20 2354.91 2493.47 2636.50 2783.67 2936.68 3101.90 3289.63 3517.20 3802.41 4155.71 4578.43 5060.86 5574.27 6042.81 6340.80 6383.30 6213.61 5757.80 5086.90 4352.82 3658.08 3050.69 2538.85 2110.35 1752.63 1452.21 1196.42 973.30  769.40  566.26  334.92 
511.74  674.99  770.22  856.45  946.16  1042.11 1144.93 1254.67 1371.08 1493.74 1622.23 1756.10 1894.85 2037.99 2184.97 2335.25 2488.36 2644.02 2802.27 2963.62 3128.76 3294.08 3454.80 3606.70 3748.64 3885.86 4033.65 4232.10 4504.11 4856.94 5282.12 5713.27 6135.03 6427.05 6475.27 6321.07 5879.53 5295.98 4591.12 3902.14 3285.67 2755.65 2307.07 1928.64 1607.32 1331.28 1088.58 864.87  640.96  379.37 
632.55  833.63  949.35  1053.40 1161.84 1278.24 1403.97 1539.39 1684.56 1838.79 2001.49 2172.03 2349.69 2533.69 2723.10 2916.82 3113.62 3312.24 3511.68 3711.62 3913.84 4112.98 4298.56 4458.31 4582.48 4668.97 4729.33 4788.47 4881.33 5063.50 5343.68 5682.73 5988.18 6238.47 6281.36 6151.52 5798.26 5273.09 4644.86 4014.94 3431.33 2912.14 2460.93 2072.16 1737.31 1447.69 1190.39 951.12  709.06  420.16 
772.88  1017.63 1156.14 1278.87 1406.53 1543.61 1693.01 1855.64 2032.76 2223.08 2426.00 2640.79 2866.47 3102.10 3346.52 3598.21 3855.17 4114.90 4374.64 4631.94 4885.07 5136.21 5364.88 5549.01 5664.88 5698.86 5656.10 5563.78 5467.38 5414.09 5438.44 5568.98 5760.44 5902.58 5938.10 5820.43 5518.40 5085.51 4572.19 4020.64 3493.00 3006.65 2569.88 2184.41 1846.07 1547.82 1280.32 1029.40 770.19  456.71 
935.53  1231.11 1395.61 1538.09 1684.26 1840.36 2011.64 2200.82 2410.54 2640.03 2888.41 3154.38 3437.09 3735.58 4048.82 4375.33 4712.82 5057.88 5405.78 5750.56 6086.00 6408.42 6710.65 6947.39 7072.72 7051.27 6882.28 6604.93 6284.67 5989.39 5766.19 5647.66 5633.53 5647.91 5604.85 5467.77 5224.79 4861.94 4419.80 3957.44 3489.29 3045.59 2635.06 2263.18 1929.51 1630.19 1357.39 1097.07 823.64  488.61 
1122.30 1476.67 1671.21 1836.81 2001.77 2173.07 2361.27 2570.87 2810.35 3079.53 3375.41 3697.59 4044.37 4415.32 4809.98 5227.70 5666.99 6124.87 6596.05 7071.67 7539.12 7981.81 8395.08 8744.91 8910.66 8829.49 8490.85 7953.58 7353.60 6788.18 6312.84 5954.65 5703.38 5542.76 5389.22 5203.81 4955.38 4634.35 4262.82 3855.94 3445.85 3043.91 2663.82 2311.20 1988.27 1693.12 1419.24 1153.08 868.42  515.42 
1331.01 1754.81 1987.29 2180.32 2363.70 2544.38 2741.67 2961.53 3223.15 3525.43 3869.11 4247.96 4661.96 5110.73 5594.85 6115.46 6673.32 7268.10 7897.28 8554.01 9221.94 9876.22 10467.63 10967.71 11274.95 11127.07 10496.41 9622.81 8675.54 7795.41 7053.10 6451.80 5983.42 5620.38 5333.47 5062.64 4779.04 4464.71 4119.60 3756.70 3385.22 3019.40 2667.16 2334.95 2025.43 1737.68 1465.96 1196.96 904.20  536.94 
1555.79 2057.50 2331.38 2562.48 2765.84 2948.38 3144.65 3363.87 3630.87 3963.54 4345.92 4778.28 5256.67 5781.62 6355.19 6980.86 7662.87 8405.60 9213.10 10087.95 11027.35 11997.93 12918.15 13663.48 14164.13 13934.56 12935.15 11590.73 10203.96 8969.03 7936.46 7102.60 6430.83 5887.42 5437.45 5061.73 4712.72 4370.94 4026.39 3677.96 3330.03 2987.71 2657.19 2342.64 2046.21 1766.92 1499.13 1229.52 931.33  553.35 
1786.86 2368.69 2694.65 2948.80 3181.14 3364.36 3539.71 3751.76 4019.83 4370.64 4783.92 5259.68 5792.68 6383.57 7035.89 7755.59 8550.57 9430.60 10407.86 11497.64 12722.77 14066.26 15353.93 16556.30 17133.38 16815.82 15507.39 13562.24 11790.87 10193.81 8900.36 7863.77 7015.39 6308.56 5712.35 5201.10 4763.92 4366.98 3995.21 3638.92 3294.77 2963.01 2645.13 2342.89 2056.82 1785.06 1521.50 1252.48 950.89  565.25 
2011.66 2668.02 3030.91 3319.09 3557.55 3747.06 3923.75 4116.86 4378.58 4729.62 5162.75 5667.70 6238.47 6876.12 7584.92 8373.06 9251.45 10233.26 11336.65 12586.63 14016.87 15611.83 17301.15 18709.10 19287.53 18918.02 17418.76 15282.56 13141.99 11350.24 9895.26 8714.87 7717.35 6862.65 6122.32 5481.87 4928.21 4454.69 4032.65 3647.84 3290.62 2955.68 2640.49 2343.62 2063.48 1796.79 1536.46 1268.21 964.46  573.52 
2226.11 2949.83 3345.88 3651.19 3889.64 4075.72 4256.13 4444.03 4697.91 5044.65 5479.54 5991.95 6575.67 7232.00 7966.02 8783.08 9700.15 10728.51 11886.57 13201.11 14709.07 16404.26 18163.48 19619.77 20171.69 19789.26 18409.37 16305.10 14199.69 12394.33 10913.06 9661.17 8542.88 7537.74 6644.35 5868.21 5198.13 4626.41 4137.44 3708.00 3323.09 2972.70 2650.28 2351.31 2071.78 1806.65 1547.57 1279.37 973.91  579.24 
2425.27 3200.32 3609.05 3922.70 4170.66 4375.82 4555.06 4754.39 4998.95 5327.66 5741.61 6233.38 6798.13 7438.03 8156.55 8965.48 9867.24 10878.81 12010.69 13281.41 14721.69 16325.01 17978.64 19190.01 19913.59 19701.61 18401.01 16752.46 14945.37 13377.48 12005.61 10748.02 9491.97 8309.35 7257.41 6331.43 5539.65 4867.29 4301.65 3816.71 3393.13 3017.11 2678.71 2370.47 2086.04 1818.50 1558.08 1288.57 981.17  583.52 
2629.81 3452.67 3871.86 4182.90 4454.70 4667.87 4861.36 5067.85 5316.83 5616.06 5984.51 6422.45 6930.44 7510.99 8172.66 8927.05 9767.88 10702.82 11739.21 12878.79 14125.23 15454.54 16797.07 17848.36 18507.99 18499.10 17720.41 16521.66 15445.53 14329.44 13207.86 11893.74 10517.06 9159.80 7914.72 6835.95 5924.32 5155.52 4512.05 3966.28 3497.16 3088.25 2726.96 2403.39 2109.02 1835.14 1570.58 1298.04 987.93  587.36 
2853.95 3736.71 4178.03 4503.29 4787.18 5032.14 5251.11 5486.18 5718.70 5976.83 6271.38 6614.73 7019.82 7495.59 8056.01 8711.20 9448.62 10268.87 11163.97 12127.92 13140.87 14183.19 15146.33 15973.52 16619.73 16779.32 16483.18 16118.90 15713.89 15185.57 14345.81 13097.19 11509.17 9987.69 8557.48 7344.26 6321.87 5468.55 4750.91 4144.56 3627.52 3181.90 2793.31 2449.99 2141.67 1858.09 1586.77 1309.38 995.51  591.54 
3109.91 4073.59 4547.34 4908.22 5231.47 5528.73 5799.39 6051.59 6284.61 6491.57 6695.07 6904.90 7148.87 7460.77 7874.17 8381.32 8987.31 9666.24 10407.60 11190.87 11998.40 12792.66 13542.32 14222.98 14775.70 15134.77 15465.58 15782.89 15816.87 15694.19 15090.31 13936.30 12328.98 10640.66 9120.18 7811.24 6706.52 5778.26 4996.73 4335.57 3773.01 3290.68 2873.30 2507.94 2183.14 1887.44 1607.30 1323.45 1004.70 596.54 
3397.88 4457.52 4992.23 5411.45 5799.89 6157.60 6502.61 6800.44 7051.61 7237.99 7368.33 7438.75 7458.05 7510.15 7718.69 8046.79 8474.81 8994.68 9583.76 10208.09 10850.60 11493.90 12119.25 12717.30 13301.93 13907.15 14601.09 15289.70 15724.71 15681.16 15275.10 14257.72 12744.80 11087.27 9527.13 8179.38 7028.09 6052.42 5224.52 4520.51 3919.80 3404.76 2960.22 2572.96 2230.91 1921.93 1631.71 1340.28 1015.71 602.51 
3703.88 4874.33 5482.96 5978.68 6449.64 6896.59 7326.90 7695.76 8018.94 8213.02 8292.62 8236.59 8047.17 7852.15 7749.11 7830.59 8034.46 8371.03 8794.41 9273.07 9787.82 10328.42 10883.29 11457.04 12071.42 12758.98 13552.05 14361.10 14886.04 15207.93 14868.96 14017.66 12753.40 11185.20 9703.73 8388.18 7243.43 6257.39 5408.96 4679.78 4052.89 3512.88 3045.89 2639.28 2281.14 1959.13 1658.60 1359.13 1028.17 609.29 
4005.78 5289.61 5979.85 6557.40 7120.26 7680.00 8206.66 8707.04 9076.17 9334.13 9375.64 9200.39 8801.09 8326.39 7995.33 7813.44 7798.85 7917.28 8149.63 8470.93 8855.94 9304.52 9799.00 10340.75 10941.67 11606.12 12342.88 13104.58 13700.22 14075.80 13987.45 13299.73 12134.88 10892.33 9601.28 8401.90 7324.24 6368.31 5528.84 4795.86 4158.06 3603.80 3121.64 2700.44 2329.13 1995.78 1685.80 1378.62 1041.27 616.44 
4267.04 5653.35 6414.59 7064.34 7710.63 8366.95 9023.67 9640.14 10151.27 10423.20 10428.06 10156.08 9523.38 8859.85 8296.10 7929.45 7705.26 7630.80 7685.61 7850.14 8106.89 8435.97 8840.06 9320.85 9859.29 10450.85 11078.88 11687.41 12251.66 12637.36 12618.19 12118.66 11320.23 10311.57 9271.71 8236.39 7264.45 6373.80 5571.09 4855.99 4223.84 3667.70 3179.39 2750.03 2370.01 2028.29 1710.80 1397.08 1053.96 623.45 
4462.03 5924.72 6738.54 7440.06 8147.83 8879.17 9624.24 10338.52 10911.66 11171.24 11146.71 10791.61 10108.95 9316.49 8622.08 8066.82 7678.54 7441.35 7342.49 7367.28 7496.64 7716.73 8020.94 8398.26 8851.40 9346.64 9863.24 10383.19 10847.38 11160.26 11187.11 10894.11 10337.81 9612.85 8780.43 7923.87 7078.89 6276.31 5532.15 4853.81 4242.93 3697.42 3212.74 2782.67 2399.49 2053.46 1731.34 1413.07 1065.48 630.06 
4573.56 6076.22 6908.56 7623.56 8344.19 9089.05 9848.14 10576.24 11157.63 11421.73 11370.42 11036.52 10390.68 9587.35 8816.41 8165.60 7661.71 7300.92 7077.58 6981.82 6999.35 7115.33 7320.74 7606.64 7956.17 8355.57 8784.32 9214.91 9587.67 9838.47 9898.50 9735.05 9367.00 8838.80 8204.02 7507.26 6792.54 6088.83 5416.95 4789.47 4212.94 3689.47 3218.01 2795.08 2415.04 2069.64 1746.65 1426.57 1076.31 636.90 
4599.01 6101.62 6915.34 7602.53 8284.70 8978.18 9673.86 10327.56 10867.18 11129.23 11149.68 10921.67 10311.85 9570.49 8821.67 8168.53 7604.04 7162.99 6848.77 6658.77 6582.54 6606.64 6723.92 6919.69 7181.67 7493.95 7837.05 8178.92 8479.59 8689.06 8765.12 8683.73 8443.94 8066.44 7582.22 7027.38 6433.94 5830.05 5236.74 4669.09 4136.76 3645.09 3195.93 2788.28 2418.37 2079.46 1760.12 1441.28 1089.97 646.56 
4553.24 6019.44 6786.30 7416.88 8030.09 8643.21 9224.99 9779.13 10193.27 10477.99 10557.80 10386.98 9951.31 9317.85 8674.65 8029.59 7460.50 6984.95 6618.58 6365.81 6217.49 6169.32 6209.14 6326.81 6509.60 6743.04 7007.04 7275.90 7516.39 7693.57 7775.96 7742.77 7587.84 7318.58 6953.39 6515.68 6030.70 5521.47 5007.77 4504.99 4024.49 3573.52 3156.27 2773.09 2422.05 2096.55 1785.13 1469.13 1115.73 664.56 
4467.09 5870.73 6565.01 7114.92 7638.70 8142.92 8632.49 9061.09 9438.35 9687.45 9783.35 9686.57 9361.88 8900.22 8334.20 7777.29 7239.01 6765.89 6380.43 6089.61 5891.47 5784.54 5761.17 5811.64 5925.27 6088.35 6283.68 6489.18 6679.28 6826.85 6907.45 6903.20 6805.29 6614.88 6341.41 6000.32 5609.77 5188.63 4754.03 4321.26 3901.41 3504.05 3131.50 2788.07 2467.56 2160.27 1855.43 1534.92 1168.85 700.24 
4393.42 5721.53 6329.98 6788.31 7216.84 7621.08 8014.23 8361.41 8666.01 8889.26 8989.26 8936.01 8714.32 8357.13 7920.35 7435.26 6949.88 6504.96 6127.45 5819.59 5589.09 5440.01 5366.25 5361.09 5415.48 5517.95 5653.83 5805.35 5952.10 6072.87 6147.85 6161.15 6103.25 5971.73 5771.18 5511.46 5206.84 4871.92 4523.97 4174.33 3843.71 3524.57 3213.20 2908.92 2609.90 2310.95 2002.41 1666.82 1272.20 763.88 
4386.37 5642.77 6154.74 6516.01 6851.20 7175.38 7471.86 7742.79 7988.78 8170.40 8261.79 8238.72 8094.21 7826.29 7467.07 7052.49 6633.47 6227.44 5861.88 5550.72 5305.77 5127.39 5015.18 4964.87 4969.92 5021.26 5107.53 5214.85 5327.61 5428.57 5499.88 5527.33 5501.66 5419.84 5284.49 5106.28 4893.64 4675.92 4452.25 4218.50 3975.19 3721.50 3454.65 3174.59 2881.99 2575.27 2246.98 1879.57 1439.15 864.70 
4493.88 5692.81 6118.35 6380.41 6637.71 6889.75 7121.47 7329.78 7496.42 7627.90 7698.25 7684.93 7571.63 7353.48 7051.74 6702.85 6325.15 5953.05 5603.93 5298.63 5043.78 4844.94 4703.04 4616.57 4581.56 4592.72 4642.80 4724.90 4825.87 4923.84 5003.13 5052.09 5063.76 5038.58 5002.16 4943.13 4866.34 4774.22 4663.94 4530.05 4364.33 4159.03 3913.65 3631.57 3320.24 2981.93 2610.85 2189.69 1679.42 1009.56
4744.50 5899.25 6251.07 6456.59 6646.84 6857.06 7061.97 7228.01 7364.41 7439.74 7472.05 7425.82 7279.80 7064.80 6777.30 6442.28 6083.79 5722.95 5383.83 5077.07 4812.72 4595.96 4429.59 4314.15 4250.45 4238.58 4297.68 4419.31 4551.82 4680.85 4797.58 4896.86 4977.51 5044.04 5100.94 5154.85 5209.07 5245.32 5249.08 5200.04 5085.15 4899.48 4644.28 4329.23 3964.53 3557.70 3115.90 2613.12 2004.08 1204.62
5108.55 6295.05 6605.84 6749.10 6922.86 7130.70 7351.26 7532.94 7670.01 7766.82 7768.60 7661.48 7435.48 7125.35 6747.38 6357.64 5964.84 5584.00 5228.14 4906.26 4624.53 4387.63 4198.79 4063.01 3989.26 4040.74 4178.61 4349.22 4532.61 4718.61 4902.62 5082.59 5258.49 5431.20 5601.57 5770.66 5941.94 6098.97 6208.26 6230.87 6147.49 5950.69 5659.00 5280.35 4834.12 4330.83 3781.60 3164.71 2422.98 1455.42
5526.00 6800.11 7091.56 7246.79 7457.07 7728.17 8009.51 8283.40 8490.75 8645.86 8634.63 8435.17 8051.15 7579.31 7052.42 6521.69 6017.77 5568.08 5163.05 4804.03 4492.10 4228.93 4019.47 3878.50 3888.06 4037.14 4241.58 4475.00 4725.30 4987.61 5260.13 5542.32 5833.95 6133.84 6439.61 6745.39 7039.88 7320.35 7543.94 7635.70 7568.77 7331.88 6974.61 6501.61 5947.02 5318.16 4626.41 3856.48 2942.67 1765.23
6009.87 7393.88 7725.89 7936.10 8237.39 8621.38 9035.38 9427.60 9765.19 10007.59 9984.11 9685.98 9098.45 8390.52 7638.60 6923.35 6262.91 5690.97 5201.84 4782.46 4425.34 4129.36 3905.50 3811.72 3947.50 4173.04 4446.25 4749.62 5077.27 5427.93 5802.26 6201.49 6625.89 7075.16 7543.92 8011.63 8477.93 8897.87 9259.59 9424.00 9364.14 9057.38 8592.25 8020.92 7338.38 6547.32 5666.50 4694.21 3562.58 2131.82
6513.59 8047.74 8436.83 8757.06 9166.61 9716.04 10297.03 10899.53 11358.97 11677.73 11624.13 11216.06 10431.07 9427.99 8457.69 7507.89 6664.40 5939.06 5341.87 4843.41 4428.65 4096.86 3881.16 3892.42 4108.85 4404.99 4746.08 5121.93 5530.61 5973.68 6454.37 6976.52 7544.22 8156.27 8812.32 9491.98 10143.28 10775.96 11274.71 11521.34 11475.75 11071.30 10510.63 9814.82 9002.68 8031.85 6909.00 5672.55 4264.35 2544.45
7004.03 8688.32 9147.53 9562.27 10128.16 10846.70 11662.93 12382.18 13019.51 13346.43 13256.12 12674.09 11740.93 10613.92 9360.36 8182.83 7147.85 6277.32 5564.77 4977.33 4499.07 4135.43 3946.49 4047.01 4330.31 4688.98 5094.31 5539.93 6026.56 6557.87 7139.35 7778.39 8482.59 9259.03 10105.80 11012.13 11922.82 12701.17 13303.45 13723.43 13682.28 13208.24 12461.29 11800.62 10836.66 9692.58 8293.08 6721.09 5011.23 2981.88
7411.49 9196.69 9784.97 10265.78 10954.80 11846.64 12765.84 13660.92 14327.05 14633.08 14509.30 13932.51 12887.10 11648.74 10220.31 8849.85 7657.99 6663.18 5837.83 5164.36 4625.28 4235.40 4070.06 4232.68 4571.02 4983.92 5446.46 5954.45 6510.06 7118.11 7785.48 8520.81 9337.73 10247.92 11256.52 12361.39 13489.63 14426.87 15217.07 15597.20 15547.83 14983.96 14274.32 13453.15 12526.93 11175.27 9597.60 7738.67 5750.43 3408.84
7598.21 9505.38 10137.36 10693.95 11475.18 12463.94 13543.76 14516.59 15152.10 15342.74 15191.10 14689.50 13724.86 12361.49 10857.31 9405.91 8121.73 7031.57 6121.82 5376.84 4786.79 4373.41 4212.80 4415.05 4795.67 5252.82 5762.69 6322.02 6933.46 7602.06 8333.94 9136.82 10022.32 11004.91 12091.59 13288.84 14523.57 15655.55 16435.33 16676.68 16618.91 16136.08 15428.93 14652.58 13618.74 12334.08 10608.35 8586.38 6392.27 3772.68
7547.17 9499.43 10189.99 10791.23 11600.93 12615.63 13722.02 14704.98 15350.17 15537.01 15435.81 14991.40 14084.19 12770.64 11266.33 9790.82 8470.50 7334.81 6375.53 5583.48 4957.00 4521.99 4348.04 4565.65 4974.40 5463.99 6009.15 6606.47 7258.57 7969.44 8741.35 9582.86 10493.59 11479.24 12544.16 13709.25 14925.87 16033.65 16785.17 17013.34 16890.52 16522.32 15874.03 15143.23 14163.23 12835.43 11063.40 9036.21 6791.74 4016.65
7196.22 9118.66 9885.05 10513.32 11312.80 12250.77 13266.90 14204.51 14830.08 15198.07 15203.60 14795.14 13970.61 12722.53 11318.17 9923.68 8649.82 7533.39 6563.98 5754.43 5109.16 4657.47 4465.01 4662.80 5083.08 5591.59 6158.47 6779.17 7455.67 8190.56 8985.19 9833.05 10742.77 11675.11 12623.69 13626.36 14634.61 15573.89 16206.20 16534.08 16580.54 16110.27 15611.81 14866.80 14001.93 12682.66 11074.97 9195.34 6959.88 4125.42
6620.19 8487.33 9310.94 9942.21 10672.34 11504.67 12386.06 13171.35 13875.01 14297.15 14403.70 14051.74 13314.63 12309.21 11067.02 9841.69 8661.65 7597.80 6664.03 5865.88 5221.03 4762.24 4553.65 4691.53 5103.80 5615.85 6189.52 6818.33 7503.07 8244.53 9041.16 9888.04 10750.52 11627.40 12428.95 13204.01 13956.96 14604.25 15107.40 15524.00 15574.46 15311.65 14730.29 14113.09 13286.12 12196.80 10753.49 9005.39 6905.89 4109.48
5960.17 7752.57 8539.08 9162.24 9816.82 10534.00 11268.72 11955.06 12551.79 13031.00 13180.71 12936.67 12437.20 11561.11 10585.95 9527.47 8506.51 7536.58 6663.12 5902.18 5276.15 4821.00 4589.95 4645.84 5025.86 5523.42 6087.40 6707.46 7383.04 8114.00 8897.80 9704.42 10529.40 11310.56 11982.81 12572.62 13060.00 13555.70 13950.75 14253.84 14331.12 14104.28 13714.92 13151.31 12402.46 11429.76 10190.84 8653.87 6686.58 3993.52
5287.51 6932.54 7685.76 8267.94 8848.99 9453.14 10061.17 10636.59 11183.66 11615.05 11799.89 11729.19 11319.40 10710.45 9930.40 9076.47 8196.02 7349.34 6558.76 5853.61 5261.73 4817.89 4564.93 4547.29 4847.97 5308.25 5844.02 6436.84 7083.34 7782.18 8528.62 9306.56 10073.22 10759.60 11308.08 11772.83 12160.68 12498.26 12798.53 12979.30 13015.10 12871.01 12555.12 12091.88 11453.11 10615.62 9546.87 8178.82 6362.37 3805.63
4612.77 6091.28 6794.25 7329.03 7841.52 8358.89 8878.65 9384.16 9864.85 10241.27 10449.22 10432.92 10195.45 9750.27 9173.11 8490.94 7770.12 7043.37 6347.39 5710.82 5163.96 4739.65 4474.31 4415.29 4582.00 4973.54 5459.12 6005.29 6602.94 7248.46 7938.13 8652.06 9351.40 9949.32 10454.68 10847.89 11193.07 11441.35 11627.69 11742.36 11758.96 11650.65 11410.22 11027.77 10494.51 9783.28 8854.81 7629.28 5955.58 3562.84
3922.67 5225.28 5869.84 6363.03 6827.21 7286.12 7750.32 8211.62 8622.42 8951.29 9150.98 9191.94 9057.31 8758.53 8328.11 7804.80 7220.27 6612.92 6013.55 5452.55 4959.20 4564.14 4301.43 4198.50 4275.14 4535.93 4941.85 5419.78 5949.35 6521.30 7129.74 7758.10 8358.67 8933.54 9407.21 9787.67 10072.92 10296.62 10437.53 10520.70 10532.07 10448.97 10262.18 9954.90 9510.17 8905.35 8094.26 6995.94 5465.69 3259.77
3177.74 4294.25 4887.48 5351.79 5793.17 6224.20 6643.42 7040.01 7397.20 7683.92 7873.08 7939.80 7873.04 7675.99 7364.94 6963.40 6500.32 6003.40 5501.38 5021.47 4590.94 4237.63 3987.81 3864.83 3883.75 4041.21 4315.53 4695.34 5139.49 5625.03 6140.91 6675.59 7212.59 7727.00 8197.24 8543.46 8830.15 9010.06 9147.46 9220.29 9234.53 9172.84 9025.24 8776.77 8409.03 7894.73 7189.19 6214.08 4838.40 2858.36
2318.97 3236.41 3771.80 4250.43 4660.26 5037.24 5391.39 5720.41 6011.41 6247.44 6408.23 6477.88 6447.05 6315.95 6093.34 5795.30 5441.56 5054.55 4656.91 4271.66 3921.74 3629.59 3416.40 3299.67 3288.94 3383.80 3578.52 3853.49 4192.99 4578.26 4996.64 5434.12 5877.40 6309.94 6696.77 7006.16 7245.45 7421.64 7536.38 7602.26 7616.22 7570.24 7454.51 7256.10 6957.31 6532.23 5938.55 5106.97 3929.85 2263.95
1239.07 1956.68 2441.30 2783.44 3074.01 3332.82 3570.38 3786.70 3975.66 4126.82 4229.26 4273.50 4254.29 4171.47 4030.21 3839.88 3613.00 3363.64 3106.84 2857.83 2631.80 2443.50 2306.25 2230.34 2221.51 2280.86 2402.53 2578.67 2797.59 3049.97 3325.34 3616.22 3910.81 4189.14 4443.23 4646.72 4809.49 4925.71 5005.25 5048.12 5054.00 5019.96 4938.72 4800.64 4592.53 4294.25 3873.84 3281.58 2449.04 1316.43
