#Value Function.
13.1778 13.4643 13.8384 14.2645 14.7043 15.1607 15.6223 16.0755 16.1836 16.2162 16.2094 16.2054 16.1712 16.2350 16.2755 16.3088 16.3697 16.4345 16.5453 16.5904 16.5923 16.5902 16.5861 16.5806 16.5379 16.3950 16.2348 16.0652 15.8579 15.6074 15.4084 15.3128 15.2286 15.0547 14.7641 14.4278 14.1080 13.7978 13.4584 13.1781 13.1266 13.0705 12.8619 12.6774 12.5125 12.4556 12.3902 12.1931 11.8975 11.5763
13.3875 13.5851 13.8865 14.2821 14.7260 15.1759 15.6465 16.1204 16.6211 16.6524 16.6905 16.6050 16.5799 16.6425 16.7111 16.7472 16.7777 16.8468 16.9074 17.0401 17.0716 17.0674 17.0659 17.0363 16.8742 16.7077 16.5385 16.3297 16.0573 15.8418 15.7587 15.6901 15.5184 15.2086 14.8524 14.5246 14.2161 13.8586 13.5335 13.5202 13.4963 13.2478 13.0633 12.8749 12.8349 12.7917 12.5850 12.2685 11.9350 11.6215
13.6311 13.7997 13.9923 14.3163 14.7340 15.1959 15.6536 16.1404 16.6221 17.1945 17.0703 17.0526 17.0471 17.0058 17.1303 17.1920 17.2241 17.2507 17.3323 17.3817 17.5486 17.5544 17.5475 17.3569 17.1851 17.0172 16.8112 16.5124 16.2747 16.2091 16.1593 15.9919 15.6590 15.2801 14.9439 14.6426 14.2665 13.9041 13.7685 13.9431 13.6296 13.4597 13.2344 13.2173 13.2043 12.9841 12.6433 12.2945 11.9749 11.6941
13.8324 14.0632 14.2143 14.4068 14.7593 15.1988 15.6795 16.1420 16.6488 16.9735 17.5349 17.5442 17.4735 17.4646 17.4763 17.6370 17.6814 17.7122 17.7324 17.8339 17.8597 18.0815 17.8467 17.6727 17.5061 17.3094 16.9787 16.7105 16.6698 16.6417 16.4818 16.1202 15.7158 15.3692 15.0838 14.6859 14.2914 14.0410 14.1446 14.0040 13.8718 13.6219 13.4369 13.6347 13.3950 13.0252 12.6616 12.3317 12.0504 11.7967
13.9368 14.2852 14.4995 14.6360 14.8286 15.2174 15.6764 16.1779 16.5003 16.9928 17.3719 17.9405 17.9519 17.9680 17.9384 17.9554 18.1664 18.1761 18.2137 18.2213 18.3555 18.3399 18.1718 18.0038 17.8270 17.4573 17.1459 17.1420 17.1371 16.9902 16.5919 16.1600 15.7985 15.5427 15.1151 14.6980 14.3706 14.3766 14.3948 14.3050 14.0220 13.7891 13.8142 13.8178 13.4134 13.0366 12.6959 12.4111 12.1580 11.9167
14.0002 14.3886 14.7475 14.9441 15.0646 15.2567 15.6385 16.0052 16.4716 16.8901 17.4084 17.8893 18.4910 18.4174 18.4523 18.4132 18.4436 18.7242 18.5151 18.7676 18.6538 18.6851 18.5077 18.3666 17.9555 17.5490 17.5605 17.6448 17.5203 17.0729 16.6140 16.2275 16.0242 15.5523 15.1180 14.7426 14.7262 14.7165 14.7629 14.4310 14.1671 14.1223 14.1981 13.7804 13.4202 13.0673 12.7801 12.5246 12.2797 12.0606
14.0659 14.4488 14.8473 15.2259 15.3957 15.5003 15.6963 15.9863 16.4111 16.8988 17.3853 17.9330 18.3814 18.9920 18.9047 18.9370 18.8792 18.9431 19.0277 18.9741 19.2360 19.0126 18.9329 18.4698 17.9912 17.9244 17.9041 18.0774 17.5612 17.0763 16.6771 16.3071 15.8363 15.5434 15.1228 15.0581 15.0636 15.1736 14.8457 14.5547 14.4733 14.5459 14.1202 13.7829 13.4457 13.1576 12.9016 12.6434 12.4452 12.1307
14.1483 14.5133 14.9037 15.3178 15.7229 15.8519 15.9787 16.1546 16.4320 16.8889 17.4017 17.8699 18.4196 18.8672 19.4903 19.3864 19.4110 19.2501 19.4904 19.4698 19.4158 19.5350 18.9921 18.4852 18.0707 18.1699 18.4857 17.9207 17.5571 17.0807 16.6159 16.2211 15.8422 15.4198 15.2197 15.2931 15.5364 15.2720 14.9507 14.8450 14.8988 14.4668 14.1258 13.8365 13.5433 13.2912 13.0089 12.8411 12.5089 12.1451
14.1905 14.6092 14.9639 15.3710 15.7864 16.1880 16.3166 16.4411 16.6221 16.9089 17.3638 17.8761 18.3453 18.9042 19.3557 19.9939 19.7621 19.7684 19.7117 19.7147 20.0047 19.4447 18.9966 18.5157 18.4127 18.6007 18.1229 17.9086 17.4508 17.0255 16.6074 16.1694 15.7753 15.4897 15.6447 15.6521 15.7278 15.3488 15.2581 15.2622 14.8193 14.5306 14.2473 13.9352 13.6974 13.3709 13.2566 12.8908 12.5155 12.1513
14.2484 14.6430 15.0806 15.4209 15.8186 16.2692 16.5744 16.8127 16.9087 17.1020 17.3992 17.8287 18.3480 18.8198 19.3746 19.7398 20.3684 20.0606 20.1416 20.1745 19.8565 19.4429 18.9910 18.7310 18.7690 18.4178 18.0657 17.6651 17.3371 16.9621 16.5567 16.1476 15.8775 15.8938 15.9252 16.1647 15.7511 15.6328 15.6349 15.1352 14.9514 14.6829 14.3273 14.1281 13.7200 13.6992 13.2784 12.8891 12.5225 12.1543
14.3865 14.6872 15.1036 15.5697 15.8849 16.3066 16.8065 17.0312 17.3439 17.4356 17.5839 17.9084 18.2884 18.7946 19.2015 19.7254 20.0128 20.6706 20.2755 20.4173 19.8640 19.4993 19.1756 19.0542 18.7550 18.4036 17.9177 17.5204 17.1764 16.8464 16.4850 16.0968 16.2111 16.3647 16.3518 16.1254 16.0251 15.7978 15.3917 15.2514 14.8321 14.5810 14.4681 14.0715 13.9056 13.4846 13.2649 12.8983 12.5240 12.1595
14.7099 14.7981 15.1364 15.5769 16.0793 16.3493 16.7688 17.3368 17.5246 17.8862 17.9176 18.0766 18.4415 18.7637 19.1887 19.4824 20.0070 20.2531 20.9215 20.2738 20.0495 19.6261 19.2762 18.9056 18.8112 18.2350 17.8378 17.4299 17.0442 16.6999 16.3639 16.3168 16.5865 16.7138 16.2916 15.9551 15.7638 15.5803 15.4083 15.0245 14.7836 14.4564 14.1972 14.1808 13.7324 13.4759 13.1200 12.8600 12.5222 12.1608
15.1141 15.1368 15.2080 15.6047 16.0608 16.6144 16.7936 17.1591 17.7199 17.9458 18.4387 18.3964 18.5820 19.0027 19.3004 19.7811 19.9036 20.3702 20.3217 20.6634 20.0368 19.6014 19.1772 19.0706 18.4948 18.1932 17.7458 17.3479 16.9527 16.5774 16.3638 16.5085 16.8509 16.3688 16.1948 15.8395 15.5218 15.3086 15.1268 14.9635 14.7016 14.3689 14.0515 13.8120 13.7015 13.3541 13.0727 12.7502 12.4737 12.1495
15.5134 15.5615 15.5672 15.6183 16.0862 16.3876 16.9315 17.1762 17.5628 18.1358 18.4140 18.9330 18.8780 19.1011 19.5924 19.8344 20.4231 20.4051 21.0437 20.3884 19.9931 19.5212 19.2835 18.7292 18.3963 17.9776 17.6659 17.2614 16.8704 16.4802 16.6090 16.8747 16.3146 16.2823 16.0884 15.7497 15.4000 15.0935 14.8684 14.6862 14.6032 14.3641 13.9798 13.6602 13.4229 13.2618 12.9678 12.6849 12.3791 12.0964
15.8126 15.9921 16.0102 16.0081 16.0256 16.4090 16.7630 17.3164 17.5945 18.0530 18.5763 18.9341 19.3976 19.3731 19.6325 20.2185 20.3507 21.1279 20.4065 20.2865 19.7916 19.4420 19.0159 18.6473 18.1981 17.8686 17.4919 17.1626 16.7835 16.7572 16.9004 16.3441 16.2952 15.9118 15.7978 15.8229 15.3427 14.9774 14.6736 14.4412 14.2630 14.1751 13.9504 13.5930 13.2780 13.0374 12.8451 12.5551 12.3633 12.1000
15.8761 16.3383 16.4709 16.4659 16.4470 16.4469 16.7884 17.1660 17.7309 18.0509 18.6082 18.9990 19.5019 19.8444 19.8891 20.1721 20.8990 20.3870 20.3247 19.8469 19.5424 19.2328 18.8412 18.4495 18.1144 17.7114 17.3678 17.0109 16.8549 16.9218 16.3851 16.3117 15.9361 15.7827 15.4851 15.3500 15.2853 14.9147 14.5624 14.2623 14.0263 13.8495 13.8123 13.6260 13.2276 12.9065 12.6500 12.3944 12.1741 11.9750
15.9266 16.3746 16.9281 16.8970 16.9257 16.8858 16.8805 17.1920 17.5747 18.1495 18.4592 18.9235 19.4284 19.6068 20.1575 20.4368 20.4070 20.1665 19.7872 19.5826 19.2736 18.9338 18.6304 18.3050 17.9443 17.6031 17.2124 17.0349 16.8688 16.4531 16.3201 15.9668 15.8028 15.5036 15.3068 15.0542 14.9048 14.7899 14.4825 14.1524 13.8592 13.6224 13.4519 13.3893 13.2247 12.8583 12.5777 12.2818 12.0297 11.8062
16.0141 16.4197 16.8608 17.4271 17.3459 17.3721 17.3103 17.2999 17.6009 17.9942 18.5812 18.8715 19.3578 19.8396 20.0932 20.4228 20.0181 20.0301 19.6671 19.2503 19.0568 18.6902 18.4016 18.1049 17.7637 17.4073 17.1462 16.8861 16.5604 16.3029 16.0059 15.8199 15.5296 15.3244 15.0041 14.8404 14.6228 14.4659 14.3233 14.0542 13.7476 13.4636 13.2290 13.0664 13.0187 12.7954 12.4882 12.2060 11.9236 11.6701
16.2429 16.4828 16.9050 17.3506 17.8865 17.7874 17.8030 17.7258 17.7093 18.0235 18.4348 19.0298 19.3124 19.7755 20.3541 20.1062 20.3347 19.7912 19.4429 19.2752 18.7313 18.4949 18.1747 17.8843 17.5900 17.2209 17.0080 16.6614 16.3688 16.0886 15.8302 15.5595 15.3265 15.0389 14.8507 14.5849 14.3971 14.1968 14.0355 13.8778 13.6334 13.3485 13.0755 12.8454 12.6846 12.5947 12.3947 12.1188 11.8436 11.5683
16.5423 16.7211 16.9544 17.3705 17.8792 18.3279 18.2157 18.2198 18.1512 18.1654 18.5050 18.8960 19.4938 19.8604 20.2619 20.4926 20.0932 19.7394 19.5735 18.9977 18.7026 18.2557 17.9706 17.6675 17.3736 17.1677 16.7638 16.4880 16.1906 15.9043 15.6308 15.3271 15.0648 14.8614 14.6112 14.4053 14.1659 13.9696 13.7785 13.6146 13.4492 13.2218 12.9560 12.6948 12.4704 12.3073 12.1916 12.0051 11.7536 11.4855
16.8435 17.0358 17.2035 17.4376 17.8567 18.4425 18.7516 18.6470 18.6632 18.6092 18.6482 19.0596 19.3616 19.9568 20.4062 20.3212 20.2016 19.9017 19.3463 18.9959 18.5159 18.1712 17.7726 17.4643 17.4057 16.9260 16.6510 16.3025 16.0177 15.7301 15.4200 15.1723 14.8719 14.6317 14.4195 14.1872 13.9730 13.7087 13.5455 13.3671 13.2032 13.0346 12.8200 12.6678 12.6420 12.4455 12.2918 12.0113 11.6906 11.4072
17.1172 17.3505 17.5348 17.6961 17.9324 18.3674 18.7854 19.2047 19.1183 19.1341 18.9834 19.1613 19.6497 19.8414 20.3804 20.6715 20.3134 19.7373 19.3390 18.8503 18.4636 18.0278 17.6649 17.5471 17.0387 16.8557 16.4613 16.1708 15.8486 15.5245 15.4347 15.0124 14.7334 14.4501 14.2087 13.9924 13.7823 13.5525 13.3149 13.1377 12.9648 12.8169 12.8168 13.0399 12.7910 12.6682 12.3654 12.0288 11.7021 11.4072
17.4117 17.6227 17.8662 18.0451 18.1985 18.4379 18.9182 19.1491 19.7066 19.4907 19.4969 19.4887 19.6823 20.0028 20.2042 20.6099 20.1458 19.7395 19.2303 18.8067 18.3526 17.9511 17.7453 17.2282 17.0043 16.5863 16.3497 16.0047 15.7516 15.7824 15.2989 14.9821 14.6063 14.4320 14.3495 14.0415 13.6309 13.3808 13.1504 12.9943 13.0173 13.0958 13.1987 13.1269 13.0641 12.7266 12.3741 12.0367 11.7289 11.5195
17.7317 17.9227 18.1334 18.3986 18.5660 18.7109 18.9513 19.4264 19.6072 20.0493 20.0103 20.0084 20.0090 20.2242 20.4150 20.6894 20.0637 19.6089 19.1923 18.7221 18.2939 17.8418 17.4500 17.1933 16.7797 16.4960 16.1407 16.0080 15.9225 15.4334 15.2714 14.8919 14.8413 14.7316 14.2915 13.9475 13.6269 13.2612 13.2331 13.2749 13.3783 13.3776 13.4735 13.4880 13.0929 12.7263 12.3806 12.0527 11.8394 11.7515
18.0568 18.2531 18.4388 18.6551 18.9500 19.0959 19.2340 19.4734 19.8901 20.1300 20.3809 20.5926 20.3620 20.5794 20.7987 20.1324 20.0177 19.5337 19.0861 18.6654 18.2197 17.7784 17.3565 16.9842 16.7984 16.3449 16.3319 15.9991 15.5832 15.4101 15.1290 15.2994 15.0680 14.6238 14.2970 13.9001 13.5546 13.3900 13.4650 13.6329 13.6405 13.7803 13.6475 13.2974 13.0815 12.7351 12.3824 12.1598 12.0887 12.0550
18.4012 18.5827 18.7817 18.9663 19.1870 19.5241 19.6319 19.7693 20.0142 20.3431 20.6214 20.6532 20.9350 20.8404 20.2162 20.1180 19.6451 19.4168 19.0002 18.5711 18.1390 17.7208 17.2954 17.0622 16.5691 16.5450 16.2119 15.8409 15.5283 15.5094 15.5340 15.3825 14.9307 14.6200 14.2257 13.9235 13.6315 13.6719 13.7793 13.8388 14.0541 13.9701 13.5625 13.2650 12.9477 12.7005 12.4834 12.4301 12.4137 12.3465
18.7350 18.9413 19.1127 19.3253 19.5048 19.7281 20.1265 20.1685 20.3191 20.5784 20.7841 21.1366 20.9365 20.4342 20.2006 19.7289 19.5129 19.1303 18.8534 18.4548 18.0587 17.6444 17.4028 16.8975 16.6722 16.6120 16.1212 15.7590 15.6479 15.8335 15.7091 15.2422 14.9268 14.5252 14.3465 13.9288 13.9349 14.0268 14.0493 14.1843 14.2109 13.7985 13.5566 13.2041 12.9673 12.8124 12.7805 12.7769 12.7273 12.5257
19.0659 19.2827 19.4887 19.6526 19.8860 20.0535 20.2761 20.7660 20.6957 20.8882 21.1717 21.1906 20.6281 20.3288 19.9087 19.6144 19.2175 18.9495 18.6042 18.3020 17.9380 17.6720 17.2018 16.8820 16.8935 16.3918 16.1107 15.9337 16.1214 15.9597 15.4983 15.2304 14.8312 14.5384 14.1497 14.2055 14.2883 14.3218 14.4374 14.4269 14.0467 13.7936 13.5006 13.3255 13.1569 13.1414 13.1469 13.1232 12.8730 12.7738
19.3606 19.6302 19.8346 20.0517 20.2005 20.4671 20.6108 20.8274 21.1525 21.2519 21.4783 20.8290 20.5599 20.0993 19.7588 19.3715 19.0554 18.6823 18.3983 18.0867 17.9177 17.4738 17.1564 17.1985 16.7115 16.3934 16.2448 16.3561 16.3743 15.8868 15.5055 15.0915 14.7920 14.4223 14.4613 14.5562 14.6020 14.7011 14.7115 14.4246 14.0930 13.8605 13.7029 13.5309 13.3622 13.3608 13.5455 13.2126 13.1366 13.0851
19.6594 19.9266 20.2039 20.3963 20.6328 20.7528 21.0741 21.1736 21.3930 21.5830 21.0414 20.8165 20.3112 19.9768 19.5621 19.1770 18.9070 18.6539 18.5408 18.2889 17.7855 17.5307 17.4865 17.0251 16.6773 16.5325 16.6554 16.7057 16.2119 15.8901 15.4589 15.1098 14.6857 14.6361 14.8176 14.8625 14.9770 15.0025 14.8354 14.4725 14.2370 14.0926 13.9184 13.7160 13.6319 13.7621 13.5406 13.5038 13.4760 13.3416
19.8817 20.2517 20.4941 20.7968 20.9649 21.2368 21.3032 21.7163 21.6991 21.5593 21.0147 20.5213 20.2136 19.7787 19.3783 19.0119 19.0294 18.8787 18.7032 18.2209 18.0248 17.7320 17.4520 16.9884 16.6705 16.8283 17.0261 16.4988 16.1864 15.7566 15.4049 15.0311 14.8550 14.9551 15.0409 15.2648 15.2715 15.2859 14.8563 14.6190 14.4938 14.3189 14.0897 13.9735 14.0168 13.8774 13.8826 13.8780 13.7282 13.5729
19.9710 20.4988 20.8501 21.0681 21.4138 21.5349 21.8719 21.8707 22.1384 21.5414 20.9924 20.4665 20.1699 19.7775 19.3305 19.3729 19.1153 18.5906 18.5179 18.5052 18.0380 17.6801 17.2545 16.9788 17.1266 17.0684 16.5449 16.4361 16.0370 15.6998 15.3220 15.1226 15.1872 15.2722 15.3803 15.4612 15.4200 15.1109 15.0056 14.9074 14.7346 14.4674 14.3542 14.3014 14.0797 14.1150 14.2987 14.1140 13.9781 13.7151
19.9891 20.5890 21.1275 21.4616 21.6453 22.0628 22.0697 22.5114 21.8628 21.5030 20.9732 20.6804 20.2180 19.8106 19.6337 19.4971 18.9447 18.7604 18.2142 18.2708 17.9899 17.5528 17.1781 17.4608 17.1561 16.7088 16.4606 16.0726 15.9182 15.5854 15.3971 15.4386 15.5552 15.6077 15.7079 15.6177 15.4717 15.4216 15.3340 15.1699 14.8422 14.7656 14.5744 14.3930 14.4115 14.4821 14.4981 14.3948 14.1102 13.8200
20.0063 20.5995 21.2170 21.7763 22.0906 22.2369 22.7520 22.1436 21.8436 21.3531 21.1575 20.7113 20.3090 19.9881 19.8777 19.3088 18.9379 18.4813 18.3660 17.9417 17.8957 17.4934 17.4648 17.2792 16.9679 16.6093 16.2514 15.9759 15.6450 15.6459 15.7126 15.8403 15.8596 16.0131 15.8854 15.8783 15.8567 15.7686 15.6298 15.2179 15.1284 14.8111 14.7357 14.7425 14.8022 14.8062 14.8333 14.5061 14.2180 13.8959
20.0131 20.6204 21.2166 21.8632 22.4555 22.6205 22.6556 22.4318 21.9105 21.5917 21.2234 20.8400 20.4365 20.1108 19.6181 19.2940 18.8097 18.4131 18.0464 17.9477 17.7400 17.4596 17.2597 16.9554 16.7225 16.4441 16.1341 15.8026 15.7686 16.0109 16.0824 16.1075 16.3143 16.1276 16.3125 16.3238 16.1012 15.7445 15.5930 15.4517 15.1254 15.0627 15.1058 15.1516 15.1439 15.2268 14.9033 14.6223 14.2919 13.9602
20.0248 20.6247 21.2442 21.8466 22.5324 23.0529 22.5146 22.2080 22.2142 21.7170 21.2852 20.9034 20.4856 20.0602 19.5809 19.1740 18.7608 18.4160 18.0311 17.6639 17.5354 17.3435 16.9645 16.7317 16.4656 16.2345 15.9682 15.8363 16.0374 16.1971 16.3656 16.5502 16.3944 16.5114 16.5496 16.4175 16.0501 16.0276 15.7408 15.4897 15.4488 15.4572 15.4784 15.5274 15.5798 15.3086 15.0401 14.6921 14.3547 14.0321
20.0138 20.6426 21.2394 21.8660 22.3526 22.6236 22.7349 22.0964 21.7488 21.7568 21.4809 20.9122 20.5515 20.1057 19.7123 19.2701 18.9407 18.5373 18.1508 17.7424 17.2859 17.0851 16.8348 16.5034 16.2509 15.9969 15.7619 16.0213 16.3036 16.4529 16.6406 16.6625 16.7750 16.8476 16.6173 16.4195 16.4448 16.0031 15.7918 15.7710 15.8471 15.8786 15.8806 15.9037 15.7261 15.4738 15.1004 14.7535 14.4274 14.1207
19.9611 20.6374 21.2225 21.6949 22.0413 22.1245 22.4783 22.3903 21.7533 21.4854 21.3062 21.1526 20.5646 20.2730 19.7829 19.4846 19.0530 18.6637 18.2513 17.7778 17.3150 16.8805 16.6040 16.3442 16.0432 15.7855 15.8572 16.1565 16.4961 16.7887 16.8792 17.0831 17.1149 16.8831 16.6312 16.7370 16.3242 16.1733 16.0567 16.1932 16.1971 16.2968 16.3172 16.1672 15.9262 15.5152 15.1616 14.8262 14.5237 14.1980
19.8367 20.5939 21.0620 21.4414 21.5373 21.7729 21.8305 22.2643 22.1905 21.5476 21.1761 20.9569 20.8765 20.3042 20.0581 19.5762 19.1884 18.7753 18.2774 17.7999 17.3576 16.9291 16.5049 16.1536 15.8753 15.5900 15.8791 16.3509 16.6154 16.9914 17.1071 17.3578 17.1877 16.9129 17.0942 16.6974 16.6200 16.4638 16.4651 16.4872 16.6685 16.4825 16.3021 16.3998 15.9337 15.5801 15.2325 14.9325 14.6047 14.2470
19.7532 20.3634 20.7865 21.0159 21.1199 21.2396 21.5580 21.6415 22.0552 21.8297 21.1979 20.7864 20.7152 20.6729 20.0654 19.7294 19.3166 18.7871 18.2950 17.8460 17.4100 16.9712 16.5659 16.1585 15.7738 15.4601 15.9016 16.3538 16.8671 17.0485 17.5526 17.4939 17.2982 17.3337 17.0578 17.0202 16.8884 16.8688 16.6560 16.9859 16.5876 16.5563 16.7178 16.1833 16.0072 15.6454 15.3526 15.0179 14.6466 14.3082
19.5494 20.1445 20.3798 20.5032 20.6430 20.9048 21.0741 21.4804 21.3845 21.6428 21.3929 20.7742 20.3589 20.2321 20.3220 19.7118 19.3034 18.8003 18.3458 17.9039 17.4465 17.0395 16.6167 16.2288 15.8265 15.4620 15.9005 16.3845 16.8357 17.3624 17.3398 17.3208 17.4618 17.1518 17.1614 17.0426 17.0978 16.8058 16.8368 16.5309 16.8763 16.6183 16.2886 16.3251 15.9823 15.8063 15.4432 15.0502 14.7014 14.4351
19.3110 19.7603 19.9018 20.0531 20.2877 20.5101 20.9233 20.8362 21.1583 20.9515 21.0999 20.9440 20.4177 20.0319 19.7418 19.8658 19.2850 18.8569 18.4126 17.9292 17.5275 17.0830 16.6966 16.2786 15.8849 15.4906 15.9177 16.3599 16.7965 16.9388 16.8859 16.9281 16.9982 17.1973 16.8152 16.6945 16.6458 16.6306 16.4014 16.3278 16.3275 16.4061 16.2039 15.8989 15.9713 15.5939 15.4841 15.0955 14.8655 14.4544
18.9455 19.3128 19.4744 19.6980 19.9554 20.3811 20.2837 20.4795 20.4806 20.6007 20.6053 20.5798 20.6096 20.2323 19.7135 19.2981 19.3848 18.9390 18.4164 18.0329 17.5554 17.1790 16.7394 16.3421 15.9329 15.5581 15.8870 16.2640 16.4148 16.4158 16.4740 16.5143 16.6607 16.6724 16.8316 16.4189 16.2442 16.1736 16.1235 15.9537 15.9071 15.9040 16.1175 15.7749 15.5188 15.6703 15.2358 15.1120 14.8417 14.5433
18.5289 18.9077 19.1370 19.4151 19.8463 19.7471 19.8457 19.8891 19.9988 20.1377 20.1026 20.2640 20.0361 19.9664 19.6549 19.3761 18.8722 18.8633 18.5618 18.0295 17.6796 17.2071 16.8129 16.3827 16.0129 15.5875 15.7582 15.9104 15.9462 16.0431 16.0752 16.1531 16.1974 16.3077 16.3069 16.4913 16.0394 15.8154 15.7161 15.6435 15.5111 15.6039 15.5994 15.5953 15.3402 15.1805 15.1529 14.8376 14.6358 14.4114
18.1506 18.5939 18.9048 19.2974 19.2179 19.2465 19.3071 19.4187 19.6002 19.6145 19.8678 19.6335 19.6322 19.4739 19.3603 19.1002 18.8062 18.4141 18.3324 18.2047 17.6780 17.3004 16.8374 16.4828 16.0368 15.5982 15.4297 15.4815 15.5590 15.6082 15.7160 15.7219 15.8121 15.8463 15.9723 15.9710 16.1574 15.6748 15.4177 15.2779 15.1861 15.1347 15.1395 15.1371 15.1058 14.9134 14.7645 14.6803 14.4324 14.2183
17.8597 18.4029 18.7565 18.6833 18.7048 18.7371 18.8466 18.9960 19.0635 19.2692 19.2777 19.2486 19.0909 19.0394 18.9116 18.7812 18.5498 18.2641 17.9395 17.9227 17.8107 17.2924 16.9710 16.4951 16.0465 15.6022 15.2015 15.0975 15.1509 15.2355 15.2692 15.3655 15.3833 15.4833 15.5192 15.6452 15.6379 15.8209 15.3429 15.0643 14.8642 14.7559 14.6997 14.6909 14.6839 14.6406 14.4882 14.3487 14.2365 14.0218
17.6449 18.1073 18.1382 18.1744 18.1842 18.2859 18.4184 18.5162 18.7089 18.9054 18.7571 18.7106 18.6643 18.5448 18.4717 18.3576 18.2221 18.0096 17.7407 17.4713 17.5076 17.4853 16.9500 16.5059 16.0492 15.6084 15.1787 14.8154 14.7778 14.8206 14.8973 14.9387 15.0399 15.0614 15.1478 15.1970 15.3207 15.3261 15.5121 15.0386 14.7630 14.4806 14.3436 14.2768 14.2561 14.2424 14.1941 14.0681 13.9372 13.8080
17.3294 17.5845 17.6198 17.6468 17.7389 17.8623 17.9799 18.1805 18.5095 18.4410 18.3414 18.2205 18.1594 18.1028 18.0041 17.9225 17.8152 17.6798 17.4815 17.2329 17.0100 17.0489 16.9344 16.4899 16.0532 15.6116 15.1807 14.7672 14.4399 14.4496 14.4979 14.5791 14.6197 14.6977 14.9039 14.8498 14.8904 15.0190 15.0226 15.2172 14.7298 14.3765 14.1009 13.9452 13.8661 13.8343 13.8132 13.7631 13.6550 13.5278
16.8507 17.0794 17.1182 17.2045 17.3221 17.4511 17.6458 17.8973 17.9082 17.9364 17.8862 17.7967 17.6914 17.6227 17.5601 17.4728 17.3888 17.2855 17.1526 16.9665 16.7388 16.5513 16.5978 16.4040 16.0250 15.6087 15.1825 14.7632 14.3669 14.0725 14.1380 14.1870 14.2707 14.4215 14.4250 14.4541 14.5534 14.5946 14.7270 14.7225 14.6346 14.3200 13.9936 13.7260 13.5584 13.4675 13.4250 13.3967 13.3457 13.2459
16.3486 16.4994 16.5543 16.6376 16.7526 16.9170 17.1374 17.2928 17.3397 17.3599 17.3772 17.3378 17.2589 17.1653 17.0935 17.0275 16.9468 16.8631 16.7627 16.6335 16.4585 16.2509 16.0888 16.0640 15.8892 15.5567 15.1654 14.7559 14.3498 13.9730 13.7172 13.7303 13.8186 13.9386 13.9749 13.9901 14.0738 14.1253 14.2366 14.2717 14.2663 14.1726 13.9095 13.6095 13.3515 13.1768 13.0755 13.0231 12.9878 12.9332
