#Value Function.
13.4553 13.4807 13.4814 13.4845 13.4817 13.4841 13.4752 13.4585 13.4402 13.4502 13.4360 13.5881 13.2229 12.7984 12.4875 12.2961 12.1628 12.3711 12.7673 13.1817 13.6004 14.0406 14.4700 14.9144 15.2231 15.6033 16.0049 16.5126 16.8238 17.2795 17.7103 18.1551 18.5498 18.9087 19.3623 19.6754 20.0452 20.4138 20.7984 21.1824 21.3019 21.5940 21.5640 21.6073 21.3610 20.9069 20.3716 19.8244 19.3863 18.8164
13.8344 13.8887 13.9103 13.9077 13.9126 13.9035 13.8830 13.8812 13.7440 13.7319 13.8995 13.6555 13.1946 12.8733 12.6846 12.5545 12.4294 12.3956 12.7756 13.1836 13.6106 14.0375 14.4943 14.9303 15.4089 15.6916 16.0942 16.4922 17.0594 17.3217 17.8227 18.2541 18.7213 19.1224 19.4722 19.9747 20.2614 20.6545 21.0281 21.4260 21.8577 21.9104 22.2925 22.0314 21.5484 20.9926 20.4076 19.9970 19.3887 18.8711
13.8999 14.3166 14.3187 14.3473 14.3389 14.3095 14.3350 14.1634 14.0518 14.1920 14.0447 13.5810 13.2623 13.0783 12.9520 12.8278 12.6766 12.4932 12.7859 13.1872 13.6055 14.0463 14.4793 14.9560 15.3927 15.9505 16.1447 16.5987 16.9216 17.4637 17.8208 18.2599 18.7219 19.1533 19.7959 19.8390 20.2038 20.5256 20.8778 21.2074 21.5273 21.8257 21.7017 21.6527 21.5226 20.9914 20.6271 19.9588 19.4430 18.9546
13.9945 14.3272 14.8227 14.6057 14.6330 14.8090 14.5978 14.4665 14.4968 14.4657 13.9876 13.6609 13.4822 13.3601 13.2368 13.0839 12.8866 12.7303 12.8587 13.1893 13.6106 14.0372 14.4914 14.9034 15.4365 15.7615 16.2870 16.6162 17.0768 17.4187 17.7873 18.3180 18.7117 19.3294 19.4491 19.7475 19.9353 20.2706 20.6009 20.9811 21.4496 21.4282 21.3957 21.4756 21.0670 20.9981 20.5014 20.0207 19.5485 18.9324
14.1774 14.4239 14.6761 15.0865 15.0072 15.0397 14.8973 14.8958 14.8589 14.3779 14.0677 13.8964 13.7792 13.6564 13.5029 13.2933 13.0963 13.0251 13.1321 13.2434 13.6045 14.0394 14.4380 14.9497 15.3354 15.8394 16.1527 16.6408 16.9403 17.4203 17.9735 18.3025 18.8979 19.0601 19.2438 19.3730 19.6814 20.0177 20.4635 21.1241 20.9715 21.3197 20.9623 20.8173 20.9499 20.5109 20.4390 20.1581 19.4997 18.9609
14.2471 14.6412 14.8666 15.0940 15.5175 15.3334 15.3654 15.2147 14.7388 14.4863 14.3215 14.2096 14.0867 13.9345 13.7104 13.5023 13.3536 13.4126 13.4235 13.5484 13.6309 13.9872 14.4795 14.8802 15.3543 15.8069 16.3608 16.4708 16.9760 17.4598 17.9429 18.5550 18.6591 18.6794 18.8267 19.1220 19.5529 19.9432 20.5823 20.4708 20.6675 20.7491 20.7863 20.3871 20.2946 20.4596 19.9775 19.8290 19.5274 18.9300
14.3127 14.6922 15.1185 15.3209 15.5301 15.8704 15.5685 15.0966 14.9229 14.7575 14.6518 14.5274 14.3796 14.1375 13.9199 13.7507 13.7724 13.7508 13.8432 13.8261 13.9823 14.0244 14.4319 14.8846 15.3337 15.8245 16.0182 16.4672 16.9583 17.5039 17.9931 18.2993 18.1510 18.3118 18.7692 19.3531 19.5547 20.1670 19.9484 20.0653 20.2372 20.4975 20.5297 20.1815 19.8422 19.8172 20.0433 19.4504 19.2395 18.9159
14.4388 14.7530 15.1403 15.6173 15.7936 15.8936 15.4775 15.3825 15.2035 15.1067 14.9780 14.8396 14.5736 14.3530 14.1366 14.2073 14.1723 14.2093 14.1552 14.2943 14.1190 14.1403 14.4282 14.8675 15.3159 15.5623 15.9766 16.4555 16.9772 17.4714 18.0486 17.7334 17.8042 18.2292 18.7822 19.3307 19.9924 19.5548 19.5535 19.6796 20.0710 20.2134 19.9968 20.1220 19.6284 19.4265 19.3837 19.3859 18.9137 18.6604
14.4077 14.9151 15.1938 15.5952 16.1409 15.8977 15.8678 15.6572 15.5757 15.4372 15.3170 15.0169 14.8034 14.5351 14.5869 14.5633 14.6653 14.5811 14.6022 14.5050 14.5325 14.5581 14.5423 14.8294 15.1086 15.5006 15.9642 16.4657 16.9516 17.4433 17.4436 17.4724 17.7032 18.2281 18.7663 19.3283 19.3307 19.3531 19.1490 19.6002 19.6103 19.5999 19.9948 19.6117 19.5070 19.0826 18.8782 18.8235 18.7671 18.3694
14.4383 14.7487 15.1317 15.6298 15.9370 16.3412 16.1151 16.0610 15.9029 15.8153 15.4645 15.2726 14.9535 14.9257 14.9034 15.0600 14.9212 14.8889 14.8420 14.9757 14.9460 14.9828 15.0136 14.6603 15.0372 15.4847 15.9675 16.4384 16.8710 16.9306 16.9780 17.2088 17.6891 18.2087 18.7009 18.7663 18.7823 18.7692 19.1134 19.0496 19.0674 19.3812 19.4936 19.7351 19.1230 18.9105 18.5431 18.3418 18.2719 18.1719
14.3089 14.6878 15.1418 15.4556 15.8444 16.1660 16.5671 16.3708 16.3403 15.9117 15.7633 15.3913 15.2450 15.2852 15.4023 15.2965 15.2719 15.2874 15.2702 15.2835 15.4624 15.1672 14.6915 14.5855 15.0170 15.4819 15.9348 16.3254 16.4256 16.4933 16.7223 17.1660 17.6611 18.1029 18.2091 18.2317 18.2608 18.5990 18.5605 18.5469 18.8272 19.1262 19.3654 19.1286 19.0884 18.5967 18.3413 18.0126 17.8162 17.7248
14.3403 14.6733 15.0010 15.3644 15.6766 16.0615 16.3249 16.9016 16.3505 16.2808 15.8400 15.6423 15.6104 15.7210 15.7411 15.7330 15.7609 15.7344 15.7456 15.7161 15.4158 15.0146 14.6945 14.5610 15.0083 15.4421 15.8021 15.9307 16.0179 16.2443 16.6572 17.1255 17.5294 17.6623 17.6973 17.7525 18.0308 18.1729 18.0606 18.3033 18.7913 18.8008 18.9360 19.0472 18.6194 18.4844 18.0689 17.7935 17.4925 17.2949
14.6731 14.7582 14.9134 15.2159 15.5725 15.8508 16.3333 16.3630 16.8354 16.2858 16.1338 15.8234 16.0454 16.0769 16.1118 16.2380 16.2050 16.2505 16.0352 15.7272 15.2685 14.9464 14.7225 14.9134 14.9613 15.2981 15.4467 15.5516 15.7752 16.1615 16.6029 16.9770 17.1277 17.1769 17.2500 17.4990 17.7603 17.6090 17.8022 18.3313 18.2677 18.4059 18.7204 18.6526 18.6457 18.1628 17.9185 17.5464 17.2637 16.9773
14.7228 15.1779 15.1954 15.3536 15.3971 15.8115 15.9775 16.2983 16.4925 16.6420 16.2243 16.2947 16.2789 16.3552 16.5908 16.5843 16.7566 16.3654 16.0597 15.5811 15.2447 14.9919 15.1817 14.6952 14.8114 14.9742 15.0945 15.3154 15.6783 16.0937 16.4436 16.6059 16.6694 16.7563 16.9938 17.3338 17.1966 17.3222 17.8712 17.7550 17.8775 18.1322 18.1435 18.3990 18.2218 18.0708 17.6481 17.3755 17.0325 16.7436
14.7444 15.1795 15.7083 15.5294 15.8598 15.6462 15.8238 16.2021 16.1789 16.5783 16.5851 16.3557 16.4682 16.8056 16.8231 17.1325 16.6066 16.3793 16.0407 15.6545 15.4008 15.4349 14.9412 14.6978 14.5136 14.6465 14.8647 15.2070 15.5979 15.9274 16.0974 16.1742 16.2723 16.5011 16.8591 16.7777 16.8841 17.4191 17.2940 17.3590 17.5720 17.6313 17.8372 17.9069 18.1452 17.7743 17.5160 17.1373 16.8513 16.5228
14.7264 15.2103 15.4891 15.9987 15.8030 16.1359 15.9213 16.1634 16.5500 16.5614 16.6400 16.4996 16.9078 16.9263 17.3663 16.8431 16.8086 16.5342 16.1178 15.8440 15.7797 15.2752 14.9535 14.6630 14.3464 14.4235 14.7473 15.1154 15.4273 15.6021 15.6908 15.7979 16.0190 16.3535 16.5490 16.5024 16.9694 16.8494 16.8815 17.0346 17.1230 17.3054 17.4860 17.8360 17.5833 17.5719 17.2545 16.9822 16.6338 16.3374
14.8580 15.0483 15.4942 15.7591 16.2764 16.2021 16.3760 16.3573 16.6366 16.8807 16.8487 16.9464 16.9690 17.4800 17.0538 17.1813 16.8715 16.5815 16.3078 16.1517 15.6465 15.3302 15.1205 14.7888 14.4842 14.2988 14.6458 14.9421 15.1198 15.2190 15.3339 15.5511 15.8959 16.4152 16.1576 16.4814 16.4067 16.4431 16.5198 16.6222 16.7912 16.9827 17.2979 17.3596 17.4052 17.0976 17.0202 16.7411 16.4658 16.1338
15.2333 15.3058 15.4410 15.7744 16.1230 16.6508 16.6484 16.7975 16.8159 17.1245 17.1826 17.1616 17.4967 17.2937 16.9377 16.8158 16.7551 16.8211 16.5187 16.0959 15.7819 15.6039 15.2412 14.9343 14.6103 14.3831 14.4717 14.6540 14.7914 14.9075 15.1620 15.5012 15.9931 15.8781 15.9446 15.9283 15.9720 16.0274 16.1311 16.2918 16.4861 16.7636 16.9239 17.1269 17.2651 16.8951 16.6128 16.4923 16.2373 15.9590
15.6601 15.7020 15.7653 15.8861 16.1952 16.5231 17.0528 17.0432 17.3044 17.2812 17.6043 17.4966 17.3746 16.9723 16.7683 16.4960 16.4435 16.3140 16.5911 16.2395 16.1095 15.7005 15.3992 15.0481 14.8276 14.6043 14.3739 14.3406 14.4915 14.8064 15.1342 15.5235 15.4568 15.4919 15.4540 15.4917 15.5496 15.6513 15.8057 15.9982 16.2496 16.4286 16.6740 17.1043 16.9877 16.7461 16.3981 16.1327 15.9840 15.7388
16.1436 16.1378 16.1779 16.2380 16.3438 16.6888 16.9167 17.4688 17.3556 17.8869 17.4202 17.2761 16.9636 16.9655 16.5087 16.2706 16.0822 16.0590 16.0785 16.4200 16.0671 15.8815 15.4915 15.2881 15.0364 14.8392 14.4166 14.1289 14.3285 14.6534 15.0040 15.0006 15.0396 14.9972 15.0242 15.0833 15.1831 15.3320 15.5204 15.7531 15.9441 16.1956 16.6119 16.9452 16.8394 16.6396 16.2532 15.9145 15.6597 15.4871
16.2854 16.6921 16.5491 16.5642 16.7393 16.8034 17.2118 17.3658 17.9247 17.3558 17.2856 16.8959 16.7328 16.6812 16.5601 16.0581 15.8018 15.7746 15.8928 15.8914 16.1244 15.7791 15.6906 15.3098 15.0628 14.7999 14.4719 14.1494 14.1993 14.4842 14.5165 14.5731 14.5504 14.5728 14.6282 14.7262 14.8701 15.0534 15.2722 15.4707 15.7262 16.1253 16.5442 16.4602 16.6358 16.3666 16.2529 15.7839 15.4444 15.1900
16.5272 16.7636 16.9639 17.0466 17.0423 17.2647 17.1831 17.7687 17.3414 17.2764 16.8671 16.7393 16.4154 16.2638 16.4741 16.1473 15.7319 15.4134 15.4672 15.6155 15.5942 15.7662 15.5636 15.2561 15.1926 14.9163 14.5675 14.4403 14.0335 14.0800 14.2170 14.1092 14.1297 14.1846 14.2803 14.4197 14.5973 14.8057 15.0091 15.2712 15.6953 16.0927 16.0891 16.2153 16.0858 16.2716 15.9857 15.7998 15.3235 14.9809
16.9684 17.0084 17.2653 17.2783 17.5970 17.1731 17.5892 17.3418 17.2303 16.8501 16.7307 16.3867 16.2263 15.9612 15.9543 16.2244 15.7072 15.3996 15.1374 15.1767 15.2735 15.2504 15.3600 15.3377 14.8584 14.7479 14.9304 14.4599 14.3102 13.9294 13.7723 13.9992 13.7520 13.8453 13.9804 14.1523 14.3526 14.5596 14.8323 15.3026 15.6085 15.7417 15.7634 15.7286 15.7627 15.7615 16.1042 15.6119 15.3017 14.8640
17.2444 17.5153 17.4666 17.8284 17.5176 17.5718 17.6548 17.4729 16.9610 16.7094 16.4035 16.2185 15.9198 15.7363 15.7089 15.6913 15.8979 15.3749 14.9820 14.8133 14.8766 14.8876 14.8842 14.8972 14.8290 14.4606 14.4622 14.7947 14.3195 14.1117 13.6944 13.5453 13.6701 13.5446 13.7117 13.9120 14.1213 14.3971 14.8187 15.1394 15.2656 15.4007 15.3492 15.3554 15.3167 15.5740 15.5538 15.5575 15.2435 14.8779
17.6686 17.7444 18.0204 17.8679 17.8608 18.0657 17.7180 17.2269 17.1960 16.7752 16.2452 15.9348 15.8960 15.6198 15.3076 15.4164 15.5746 15.4580 14.9410 14.5594 14.4532 14.5206 14.4494 14.4404 14.4417 14.3497 14.3105 14.3196 14.5842 14.1062 13.8118 13.4052 13.2242 13.3062 13.4705 13.6735 13.9676 14.3509 14.6559 14.7979 14.8985 14.9064 15.1074 15.1410 15.0718 15.0861 15.0978 15.0842 15.0509 14.7644
18.0043 18.2225 18.1848 18.1682 18.4415 17.9107 17.6260 17.6822 17.1085 16.6914 16.2872 16.2355 16.0342 15.6078 15.3136 15.0904 15.0820 15.1946 14.9620 14.5027 14.1581 14.2467 14.1133 14.0238 14.0072 13.9962 13.9210 14.1106 14.0961 14.2635 13.8017 13.5803 13.1902 13.0558 13.2587 13.5412 13.8811 14.1876 14.3393 14.4349 14.4686 14.6191 14.6862 14.9544 14.9186 14.6609 14.6313 14.6354 14.6218 14.5589
18.3969 18.5392 18.5495 18.7597 18.3430 18.1103 18.0190 17.5395 17.1439 16.7481 16.6031 16.5381 16.0857 15.6480 15.2330 15.0098 14.7819 14.9358 14.8128 14.5591 14.0981 13.8526 14.1281 13.7249 13.6109 13.5845 13.6630 13.6865 13.8107 13.8016 14.0344 13.5802 13.3828 13.2225 13.2106 13.4446 13.7300 13.8743 13.9855 14.0356 14.1634 14.2541 14.4661 14.4786 14.7213 14.9054 14.4296 14.2104 14.1878 14.1634
18.7576 18.9591 19.1566 18.8468 18.6456 18.3924 18.0279 17.6622 17.2266 17.0439 17.0482 16.5740 16.1246 15.6931 15.3313 15.0658 14.6773 14.6485 14.6518 14.4645 14.3141 13.8599 13.7119 13.6575 13.3438 13.3900 13.4898 13.6271 13.6041 13.6393 13.6203 13.8001 13.6202 13.5991 13.5981 13.5967 13.5979 13.5966 13.6111 13.7235 13.8257 14.0022 14.0574 14.2607 14.4245 14.4035 14.5388 14.0690 13.8025 13.7489
19.2708 19.2999 19.3939 19.1202 18.8821 18.4513 18.2077 17.7121 17.5312 17.4926 17.0733 16.6143 16.1654 15.7837 15.5553 15.0773 14.6687 14.3518 14.2242 14.1920 14.0499 14.1732 13.7604 13.7218 13.7259 13.7115 13.8092 13.9070 14.0773 14.0171 14.0207 14.0232 14.0212 14.0232 14.0212 14.0232 14.0211 14.0219 14.0002 13.9574 13.8683 13.8258 13.8148 13.9626 13.9754 14.0734 14.0539 14.2062 13.7442 13.4877
19.2717 19.9277 19.4866 19.4291 18.9327 18.7951 18.2008 18.0328 17.8906 17.5815 17.1173 16.6516 16.2376 16.0695 15.5333 15.1097 14.7904 14.5172 14.2568 14.0197 13.9706 14.1362 14.1433 14.1567 14.1411 14.1133 14.0688 14.2502 14.3282 14.4259 14.4562 14.4562 14.4599 14.4564 14.4599 14.4564 14.4592 14.4489 14.4127 14.2941 14.2527 14.2405 14.2169 14.1374 13.9332 13.6879 13.7482 13.7383 13.9536 13.4592
19.3077 19.8163 19.7735 19.2008 19.0375 18.6374 18.4877 18.1320 17.7038 17.4417 17.1509 16.7160 16.3233 15.8276 15.5603 15.2404 14.9650 14.6976 14.4450 14.2892 14.3374 14.3907 14.6007 14.5776 14.5809 14.3212 14.5364 14.4015 14.5815 14.7855 14.8804 14.9066 14.9022 14.9082 14.9022 14.9080 14.8978 14.8712 14.7661 14.6902 14.6829 14.6636 14.5944 14.3721 14.1258 13.7957 13.5429 13.4919 13.4639 13.4567
19.2254 19.6177 19.5357 19.5643 18.9762 18.7307 18.2183 17.9416 17.5945 17.2030 16.9260 16.6273 16.2567 15.9733 15.7020 15.4250 15.1501 14.8882 14.6632 14.6468 14.7372 14.7799 14.8137 15.0892 14.6338 14.7645 14.5147 14.6742 14.8460 15.0290 15.2580 15.3462 15.3686 15.3586 15.3689 15.3568 15.3410 15.2186 15.1330 15.1369 15.1202 15.0677 14.8193 14.5795 14.2137 13.9794 13.6239 13.2931 13.0939 13.0450
19.0383 19.3665 19.4080 19.2671 19.3316 18.7348 18.4324 17.9265 17.6257 17.2700 17.0105 16.7338 16.4580 16.1826 15.8975 15.6143 15.3439 15.0999 14.9974 15.1080 15.0841 15.2007 15.2353 15.0184 15.0607 14.8399 14.7152 14.8721 15.1388 15.3003 15.4851 15.7476 15.8227 15.8428 15.8252 15.8271 15.6821 15.5840 15.6042 15.5854 15.5603 15.2720 15.0525 14.6335 14.4337 14.0464 13.7157 13.3416 13.0112 12.7117
18.7772 18.9097 19.2632 19.0785 19.0382 19.0170 18.4319 18.1650 17.7754 17.5262 17.2399 16.9568 16.6761 16.3823 16.0903 15.8118 15.5555 15.3730 15.4611 15.4417 15.5940 15.4073 15.3787 15.5089 15.2701 14.9262 15.1148 15.1538 15.3166 15.6215 15.7635 15.9531 16.3094 16.3012 16.3314 16.1588 16.0265 16.0733 16.0549 16.0871 15.6567 15.5410 15.0540 14.9100 14.4748 14.1522 13.7551 13.4199 13.0993 12.7867
18.4115 18.9929 18.8437 18.8918 18.8625 18.8298 18.7291 18.2870 18.0581 17.7587 17.4681 17.1828 16.8795 16.5784 16.2922 16.0238 15.8215 15.8109 15.7909 15.9574 15.7586 15.7319 15.8988 15.6339 15.2177 15.2790 15.3731 15.6028 15.5973 15.7687 16.1256 16.2687 16.4157 16.8615 16.6152 16.4102 16.5584 16.2421 16.6107 16.0657 15.9658 15.4587 15.4263 14.9185 14.6048 14.1766 13.8396 13.5109 13.1959 12.8812
18.3554 18.4563 18.6958 18.4938 18.5182 18.6947 18.8046 18.6087 18.2900 17.9920 17.7031 17.3895 17.0787 16.7856 16.5037 16.2916 16.1824 16.1595 16.3148 16.1908 16.1693 16.2528 16.1142 15.5824 15.4891 15.7034 15.7396 15.8253 16.1169 16.0004 16.2159 16.6527 16.7699 16.8997 16.6170 16.8558 16.5214 16.7596 16.2563 16.2923 15.7535 15.6815 15.2110 15.0479 14.6045 14.2709 13.9331 13.6094 13.3053 12.8904
17.9259 18.1224 18.1356 18.2630 18.1667 18.2594 18.5430 18.8422 18.5285 18.2378 17.9125 17.5912 17.2930 16.9937 16.7859 16.5710 16.5462 16.6953 16.4490 16.4696 16.7161 16.5508 16.0124 15.6200 15.8811 15.9432 16.2119 16.2081 16.2839 16.0681 16.5163 16.6724 17.2267 16.6790 16.4123 16.5234 17.0634 16.5975 16.5353 16.0764 15.7806 15.3453 15.5536 15.0472 14.7283 14.3666 14.0305 13.7402 13.3000 12.9018
17.5704 17.6190 17.7221 17.7677 17.9419 18.0314 18.2500 18.3513 18.8141 18.4490 18.1157 17.8159 17.4913 17.3055 16.9951 16.9449 17.0940 16.7758 16.8380 16.9598 16.9379 16.3987 16.0406 15.9892 16.0720 16.3980 16.3937 16.7494 16.2006 16.3097 16.5401 17.0888 16.6765 16.6598 16.2104 16.5053 16.5828 17.1223 16.5574 16.1869 15.7714 15.3772 15.0835 15.2035 14.7173 14.4575 14.1932 13.7116 13.3172 12.8918
17.1039 17.1997 17.2619 17.4095 17.5065 17.6877 17.8300 18.1946 18.2634 18.6778 18.3569 17.9930 17.8493 17.4748 17.4184 17.5006 17.2009 17.1439 17.2930 17.3359 16.7810 16.4184 16.1597 16.1981 16.5036 16.5213 16.9495 16.4196 16.2141 16.3027 16.8522 16.5495 16.5411 16.3656 16.1645 16.1358 16.5527 16.5494 16.6996 16.2508 15.8454 15.4690 15.0920 14.7574 14.9359 14.4290 14.0374 13.7410 13.3000 12.9018
16.6871 16.7645 16.8952 17.0040 17.1769 17.4041 17.6722 17.7278 18.0608 18.1038 18.5370 18.4246 17.9539 17.9351 17.8965 17.6956 17.5428 17.7045 17.6179 17.0938 16.8264 16.6169 16.5627 16.6573 16.6499 17.0517 16.5297 16.3918 16.0119 16.5295 16.3135 16.3185 16.0888 16.0411 15.9972 16.0198 16.0748 16.1816 16.1809 16.3251 15.9429 15.5586 15.1553 14.6946 14.4551 14.4286 13.9985 13.6218 13.3073 12.8907
16.2711 16.3967 16.5120 16.6810 16.9162 17.2869 17.2524 17.6171 17.5855 17.9092 17.9460 18.4736 18.4979 18.2675 18.2232 18.0099 18.0993 17.9678 17.5324 17.3293 17.0981 17.0539 17.0758 17.0051 17.1842 16.6588 16.4889 16.0663 16.3544 15.9959 16.0098 15.8382 15.9475 15.6472 15.5733 15.7007 15.6927 15.7188 15.8541 15.8088 16.0363 15.6330 15.1291 14.8141 14.3684 14.0548 13.9528 13.5743 13.2126 12.8845
15.9065 16.0315 16.1996 16.4481 16.8887 16.8047 17.2080 17.1263 17.4456 17.5159 17.8503 18.0354 18.6365 18.7922 18.5163 18.5210 18.2444 18.0185 17.8650 17.5424 17.5522 17.6278 17.3203 17.5035 17.0032 16.7081 16.2228 16.4292 16.1038 15.8574 15.5602 15.6722 15.4532 15.5855 15.2221 15.2543 15.4747 15.3664 15.3640 15.5194 15.4989 15.5130 15.2933 14.7965 14.4821 14.0486 13.7376 13.5108 13.1592 12.8063
15.5571 15.7340 16.0125 16.5138 16.3959 16.8002 16.6858 16.9493 17.2009 17.3237 17.5479 18.0373 18.2511 18.7329 18.9167 18.5437 18.5331 18.4322 18.0182 18.0908 17.9118 17.7358 17.8011 17.3583 17.0693 16.5437 16.5250 16.1488 16.1208 15.6542 15.5629 15.2138 15.4157 15.1167 15.2473 14.9831 14.9575 14.9954 15.0397 15.0558 15.1877 15.1117 15.0466 14.9514 14.4667 14.1784 13.7706 13.5346 13.1941 12.9544
15.2866 15.6724 16.2114 16.0303 16.3919 16.2819 16.4947 16.8975 16.8396 17.0598 17.4851 17.7557 18.2838 18.4028 18.9461 19.1141 18.7186 18.5092 18.3766 18.2467 18.1072 17.9184 17.6911 17.4346 16.9560 16.7054 16.3032 16.4891 15.9661 15.7988 15.2967 15.0828 14.9311 15.0633 14.7918 15.0055 14.5832 14.5873 14.6152 14.7142 14.6892 14.8035 14.8079 14.6687 14.6410 14.1732 13.9769 13.5922 13.3826 13.0259
15.2097 15.6684 15.6956 15.9449 15.9113 16.1221 16.4407 16.3800 16.5797 16.9661 17.3254 17.8726 18.0423 18.3580 18.5764 18.9820 19.0505 18.7332 18.5623 18.3893 18.0793 17.9425 17.5511 17.3874 17.0526 16.7120 16.6500 16.3573 16.0394 15.5330 15.2966 14.8666 14.6406 14.5776 14.7184 14.5088 14.5043 14.1843 14.2598 14.2612 14.3468 14.3627 14.3632 14.4311 14.4065 14.4446 13.9890 13.8257 13.4309 13.1549
15.1523 15.2508 15.4560 15.5760 15.7721 16.1664 15.9551 16.2257 16.6948 16.9571 17.5006 17.6812 17.8186 18.0531 18.3962 18.5022 18.8310 18.7743 18.4124 18.3538 18.1089 17.7123 17.6284 17.2827 17.0890 16.7653 16.5559 16.2473 15.9566 15.5515 15.0972 14.8208 14.4397 14.2561 14.2350 14.3649 14.1267 14.0386 13.8384 13.9058 13.9281 13.9358 13.9866 13.9797 14.0178 14.1275 14.2946 13.8318 13.5943 13.1546
14.8009 14.9896 15.1490 15.5666 15.6543 15.6558 15.9068 16.4142 16.6938 17.2343 17.3443 17.3132 17.5358 17.8377 17.9845 18.2455 18.2473 18.3253 18.2046 18.0471 17.9118 17.5979 17.3501 17.2112 16.8028 16.5755 16.3022 16.1892 15.7979 15.4733 15.0807 14.6628 14.3655 14.0239 13.9148 13.9105 14.2222 13.7658 13.6080 13.5043 13.5169 13.5567 13.5614 13.6009 13.7032 13.8400 13.8234 14.0503 13.5679 13.1700
14.5347 14.7191 15.0658 15.1823 15.2197 15.4610 15.9238 16.3850 16.9471 17.0746 16.8441 17.0292 17.3010 17.4694 17.6872 17.7233 17.7776 17.7321 17.7729 17.6819 17.7672 17.3967 17.1408 16.9927 16.6964 16.3261 16.0864 15.9203 15.7268 15.3367 15.0046 14.6246 14.2334 13.9275 13.6231 13.7515 13.7342 13.7355 13.3725 13.2017 13.1399 13.1523 13.1932 13.2880 13.4052 13.4261 13.5933 13.5678 13.5651 13.1514
14.2861 14.5884 14.7222 14.7892 15.0232 15.4503 15.9050 16.3986 16.5526 16.5126 16.5415 16.7826 16.9610 17.1507 17.2067 17.2490 17.2234 17.2500 17.2229 17.2408 17.1856 17.2010 16.8938 16.7047 16.4841 16.1947 15.8559 15.6253 15.4655 15.2389 14.8819 14.5492 14.1816 13.8111 13.5051 13.3198 13.3298 13.3179 13.2777 12.9795 12.8104 12.7947 12.8824 12.9863 13.0293 13.1584 13.1590 13.1740 13.1559 13.1022
14.1216 14.2693 14.3598 14.5881 14.9858 15.4258 15.8684 16.0385 16.0296 16.0697 16.2753 16.4557 16.6265 16.6938 16.7306 16.7176 16.7332 16.7177 16.7332 16.7163 16.7220 16.6824 16.6559 16.3995 16.2038 15.9833 15.7026 15.3897 15.1631 14.9922 14.7624 14.4301 14.1011 13.7457 13.3923 13.1013 12.9301 12.9175 12.9027 12.8377 12.5861 12.4821 12.5766 12.6320 12.7363 12.7522 12.7626 12.7539 12.7623 12.7408
