#Value_Function_Estimate.
47.24   48.65   49.42   50.72   52.11   53.57   54.84   56.03   57.14   58.21   59.27   60.63   62.21   62.43   62.54   62.45   62.51   62.15   62.08   62.73   63.28   63.71   64.34   65.54   66.22   66.21   66.28   66.21   66.25   65.91   65.82   65.55   65.45   65.48   66.01   66.11   66.16   66.12   66.15   66.10   65.89   64.80   63.32   61.97   61.00   60.32   59.83   59.48   59.25   58.98  
47.20   48.98   50.13   51.19   52.59   54.01   55.52   56.76   57.94   59.03   60.09   61.11   62.51   64.33   64.35   64.50   64.03   64.03   63.77   63.76   64.52   65.05   65.45   66.03   67.42   68.10   67.98   68.11   67.66   67.65   67.31   67.25   67.04   67.06   67.21   67.86   67.90   67.95   67.89   67.79   66.63   65.06   63.67   62.68   62.00   61.51   61.15   60.95   60.74   60.17  
47.30   48.86   50.76   51.63   53.05   54.51   55.92   57.48   58.67   59.86   60.93   61.99   62.96   64.38   66.57   65.91   66.02   65.70   65.68   65.23   65.49   66.33   66.84   67.19   67.70   69.34   70.00   69.39   69.50   69.06   69.07   68.82   68.66   68.61   68.84   68.91   69.75   69.67   69.72   68.46   66.81   65.36   64.36   63.68   63.18   62.81   62.64   62.49   61.95   61.00  
47.26   49.02   50.47   52.46   53.43   54.98   56.44   57.83   59.46   60.57   61.77   62.83   63.92   64.82   65.99   68.07   67.61   67.72   67.14   67.04   66.40   67.26   68.14   68.62   68.93   69.32   70.30   71.39   70.78   70.90   70.60   70.43   70.43   70.03   70.42   70.65   70.58   71.70   70.31   68.55   67.05   66.04   65.37   64.87   64.48   64.31   64.22   63.72   62.71   61.99  
47.45   48.91   50.82   52.03   54.06   55.31   56.94   58.38   59.72   61.45   62.28   63.74   64.74   65.80   66.69   67.57   69.79   69.02   69.11   68.05   67.81   68.12   69.03   69.97   70.41   70.69   70.96   71.67   72.76   72.39   72.19   72.30   71.77   71.77   71.74   72.24   72.48   72.16   70.30   68.75   67.74   67.08   66.57   66.15   65.98   65.95   65.49   64.35   63.88   62.09  
47.30   49.20   50.39   52.16   53.66   55.64   57.00   58.74   59.82   61.54   62.95   63.87   64.52   65.49   67.16   68.40   69.11   71.24   69.84   69.82   68.79   69.17   69.87   70.81   71.83   72.21   72.49   72.70   73.40   73.85   74.22   73.50   73.60   73.47   73.56   73.48   74.12   72.06   70.46   69.46   68.82   68.31   67.85   67.65   67.70   67.30   65.92   65.80   63.83   62.14  
47.43   48.70   50.31   51.83   53.68   55.34   56.88   57.96   59.59   61.11   63.12   62.93   64.33   65.15   66.24   67.36   69.11   69.79   71.88   70.59   70.10   70.06   70.99   71.62   72.61   73.74   74.04   74.33   74.45   75.24   75.02   75.47   75.31   75.16   74.67   74.61   73.31   72.17   71.45   70.60   70.10   69.60   69.35   69.47   69.17   67.47   66.41   64.61   63.91   62.09  
47.04   48.55   50.04   51.78   53.39   54.90   56.10   57.66   59.22   60.98   61.19   62.35   63.24   64.29   65.45   67.06   68.00   69.73   69.86   71.90   71.96   71.50   71.77   72.85   73.37   74.42   75.72   75.89   76.22   76.22   77.17   76.23   76.57   76.02   75.65   74.84   73.86   73.56   72.53   71.93   71.40   71.01   71.32   70.49   68.86   67.39   65.83   64.64   63.01   62.04  
46.86   48.32   49.95   51.50   52.95   54.22   55.74   57.31   58.90   59.40   60.43   61.36   62.38   63.55   65.04   66.14   67.67   68.18   69.82   70.28   71.49   73.18   73.07   73.51   74.77   75.26   76.42   77.80   77.74   78.18   77.61   78.00   77.38   77.09   76.21   75.68   75.67   74.44   73.84   73.21   72.68   72.85   71.84   70.16   68.71   67.17   65.69   64.18   62.88   61.34  
46.64   48.19   49.67   51.07   52.33   53.82   55.39   56.88   57.56   58.53   59.49   60.50   61.66   63.05   64.23   65.64   66.40   67.83   68.52   69.69   71.27   72.53   73.83   74.51   75.27   76.76   77.11   78.43   79.87   79.28   79.59   78.75   78.57   77.89   77.48   77.79   76.26   75.76   75.14   74.37   74.31   73.11   71.75   70.08   68.88   67.20   65.58   64.01   62.50   61.12  
46.49   47.92   49.25   50.50   51.94   53.46   54.88   55.70   56.65   57.62   58.65   59.79   61.11   62.31   63.64   64.56   65.87   66.72   67.90   69.47   71.41   72.98   73.46   75.43   75.67   76.60   77.84   78.25   79.44   80.97   80.40   79.87   79.77   79.31   79.01   78.01   77.68   77.09   76.20   75.87   74.77   72.97   71.56   70.69   68.90   67.27   65.59   64.12   62.59   61.07  
46.22   47.51   48.73   50.11   51.56   52.92   53.83   54.77   55.76   56.80   57.94   59.22   60.41   61.67   62.67   63.92   64.92   66.32   67.88   69.65   71.05   72.79   74.60   74.21   75.67   76.17   76.58   78.44   79.02   79.03   81.13   81.12   80.97   80.83   79.82   79.67   79.10   78.10   77.43   76.44   74.36   73.22   72.60   70.61   68.98   67.25   65.82   64.31   62.89   61.18  
45.83   47.04   48.36   49.74   51.02   51.96   52.90   53.91   54.97   56.12   57.40   59.02   60.77   61.47   62.49   63.81   65.17   66.85   68.39   69.79   71.87   73.00   72.84   74.32   75.16   75.80   77.74   77.30   77.29   78.75   79.55   81.28   82.27   81.82   81.67   81.13   80.04   79.00   77.99   75.92   74.75   73.89   71.97   70.73   68.90   67.52   65.98   64.65   62.97   61.27  
45.69   46.96   48.32   49.71   51.10   52.23   53.35   54.57   55.75   56.67   57.66   59.18   60.92   62.88   63.37   64.45   65.77   67.15   68.85   70.56   71.62   72.04   73.25   74.58   75.12   77.31   75.80   75.81   76.80   77.79   79.50   80.34   81.45   82.95   82.92   82.09   80.54   79.57   77.47   76.02   75.39   73.45   72.41   70.50   69.26   67.63   66.40   64.70   63.06   61.34  
46.13   47.39   48.72   50.12   51.57   53.03   54.17   55.31   56.55   57.72   58.57   59.47   61.06   62.85   65.10   65.25   66.24   67.71   69.26   70.80   71.22   72.55   73.89   75.06   76.55   75.21   75.16   75.44   76.73   78.68   78.82   80.28   81.01   81.74   84.36   82.03   80.60   79.06   77.64   76.76   75.05   73.51   72.11   71.06   69.27   68.16   66.39   64.80   63.13   61.41  
46.51   47.84   49.15   50.53   51.97   53.47   55.03   56.14   57.27   58.52   59.69   60.45   61.29   63.00   64.49   66.72   67.09   68.18   69.67   70.74   71.59   73.10   74.38   75.81   74.70   74.42   73.76   75.32   77.45   77.34   78.82   79.50   80.60   81.22   82.06   81.28   80.09   78.98   77.24   75.98   74.84   73.99   72.04   70.91   69.98   68.06   66.51   64.87   63.19   61.62  
46.84   48.21   49.61   50.96   52.38   53.87   55.42   57.09   58.11   59.22   60.47   61.66   62.36   63.13   64.61   66.28   68.51   68.95   70.38   71.05   72.72   73.33   75.23   74.45   73.78   72.91   73.87   75.46   76.33   77.63   77.86   78.98   79.18   79.45   79.99   80.24   79.31   78.20   77.00   75.41   74.12   73.21   72.79   70.87   69.71   68.21   66.58   64.90   63.44   61.76  
47.14   48.55   49.99   51.45   52.81   54.29   55.83   57.39   59.19   60.06   61.14   62.41   63.67   64.31   65.04   66.57   67.67   69.45   70.65   72.45   72.77   74.90   74.11   73.29   72.56   72.46   73.99   75.76   76.24   76.09   77.27   77.26   77.90   78.39   79.88   79.67   78.74   77.83   76.39   75.11   73.58   72.35   71.99   71.54   69.63   68.30   66.56   65.20   63.55   61.96  
47.41   48.85   50.33   51.81   53.33   54.71   56.25   57.83   59.37   61.32   61.97   63.06   64.36   65.76   66.32   66.98   68.69   69.51   71.41   72.49   74.68   73.13   72.94   72.03   71.55   73.36   74.26   74.69   74.37   75.39   75.52   76.26   76.54   77.74   78.66   78.57   78.03   77.06   76.26   74.79   73.32   71.80   70.68   70.75   70.08   68.20   66.95   65.27   63.80   61.98  
47.67   49.12   50.63   52.16   53.68   55.27   56.66   58.25   59.85   61.30   63.48   63.76   64.97   66.23   67.93   68.18   68.79   70.88   71.29   73.48   72.63   72.57   71.23   70.92   72.48   73.21   72.99   73.10   73.87   74.03   74.69   74.92   75.89   77.47   78.15   77.24   76.91   76.31   75.24   74.58   73.52   71.69   70.10   69.09   69.53   68.72   66.94   65.59   63.76   62.13  
47.90   49.38   50.90   52.46   54.03   55.60   57.29   58.64   60.27   61.78   63.06   64.38   65.03   66.37   67.15   68.24   69.97   70.46   72.73   72.28   71.47   70.61   70.48   71.80   71.64   71.74   71.80   72.37   73.50   73.97   75.16   75.82   76.78   77.67   76.60   76.11   75.42   75.59   74.43   73.44   72.71   71.70   70.34   68.65   67.80   68.57   67.37   65.47   63.98   62.04  
48.11   49.62   51.16   52.74   54.33   55.97   57.57   59.37   60.85   62.28   63.42   63.25   64.79   65.34   66.63   68.82   68.97   71.08   71.47   70.77   70.00   69.44   70.99   69.97   70.53   70.60   71.76   73.23   73.99   75.62   75.89   77.14   77.66   76.09   76.01   75.45   74.32   73.68   73.61   72.61   71.65   70.88   70.09   68.84   67.50   66.71   66.84   65.79   63.82   62.14  
48.40   49.81   51.42   52.99   54.62   56.26   57.96   59.74   61.45   63.00   61.57   62.75   63.59   65.24   67.49   67.49   69.67   70.26   69.24   69.09   68.66   70.46   69.09   69.45   69.38   70.46   72.20   73.66   75.45   75.79   77.79   77.69   75.75   75.59   75.05   74.63   73.87   72.80   71.96   71.69   70.79   69.89   69.13   68.30   67.12   66.16   65.61   65.29   63.97   62.04  
48.56   50.13   51.58   53.27   54.87   56.56   58.25   60.03   61.89   60.84   60.82   61.76   63.44   65.64   65.71   67.53   68.95   67.91   67.90   67.82   69.93   68.45   68.38   68.09   68.98   71.04   72.37   74.34   75.51   77.62   77.00   76.05   75.49   73.99   73.64   73.15   72.98   72.56   71.52   70.25   69.81   69.01   68.18   67.40   66.56   65.47   64.83   64.27   63.23   62.06  
49.04   50.23   51.96   53.38   55.17   56.80   58.40   60.08   59.63   59.71   59.92   61.56   63.72   64.08   65.60   67.53   66.60   66.62   66.60   68.30   67.79   67.80   66.88   67.58   69.73   70.90   72.79   74.24   76.40   76.83   76.02   74.97   74.46   73.45   72.16   71.68   71.26   71.03   70.62   70.11   68.61   68.03   67.29   66.49   65.72   64.87   63.89   63.89   62.53   61.41  
49.04   50.84   51.93   53.87   55.21   56.80   58.45   57.99   58.00   58.45   60.15   61.68   62.93   64.11   66.10   65.25   65.26   65.46   66.94   66.21   66.31   66.00   66.20   68.30   69.22   70.95   72.88   74.79   75.78   75.30   75.82   74.17   73.21   72.66   71.46   70.30   69.75   69.40   69.18   68.84   68.80   67.30   66.39   65.62   64.83   64.06   63.20   62.33   62.02   60.73  
49.10   50.74   52.75   53.65   55.76   57.06   56.31   56.40   57.29   58.95   60.36   62.12   63.11   65.21   64.43   64.03   64.17   65.61   64.83   64.95   65.06   64.86   66.88   67.82   69.13   71.36   72.86   74.60   73.73   74.90   74.23   74.50   72.55   71.52   70.65   69.47   68.43   67.91   67.64   67.44   67.21   67.52   66.24   64.82   63.97   63.18   62.40   61.54   60.70   60.14  
49.04   50.85   51.98   53.81   55.43   54.94   55.03   56.42   58.14   59.16   60.95   62.26   64.41   63.80   63.13   62.61   63.95   63.50   63.59   64.06   63.56   65.15   66.49   67.47   69.72   70.97   73.09   72.46   73.08   73.79   74.02   72.86   73.31   71.14   70.07   68.67   67.51   66.63   66.17   65.93   65.75   65.59   65.65   65.07   63.30   62.32   61.52   60.73   59.86   58.99  
49.06   50.28   51.99   53.80   53.39   53.71   55.25   56.99   58.31   60.22   61.02   63.15   63.39   62.34   61.70   62.15   61.87   61.98   63.01   62.24   63.39   65.28   66.14   67.90   69.02   70.81   70.87   71.65   72.31   73.02   73.00   72.23   71.27   72.32   70.02   68.46   66.69   65.62   64.87   64.43   64.18   63.99   63.85   63.87   63.99   61.97   60.66   59.82   59.01   58.12  
48.63   50.23   52.05   51.81   52.05   53.72   55.64   57.14   59.01   60.31   62.47   61.97   62.10   61.29   60.41   60.64   60.69   61.99   61.13   62.01   63.84   65.16   66.01   67.03   68.58   68.99   70.11   70.26   70.99   71.81   72.56   72.48   71.03   70.03   70.69   68.35   66.78   64.75   63.76   63.07   62.64   62.38   62.19   62.15   62.08   61.94   60.19   58.93   58.06   57.24  
48.53   50.13   50.42   50.47   51.91   53.78   55.59   57.64   59.03   61.21   60.34   60.42   60.07   60.04   59.50   59.26   60.57   60.03   60.89   62.55   63.77   64.64   65.09   66.43   67.09   68.72   68.26   68.92   69.88   71.64   71.18   72.08   70.89   69.76   68.79   69.02   66.66   65.08   63.10   61.93   61.25   60.82   60.55   60.36   60.30   60.22   59.90   58.37   57.14   56.25  
48.30   48.64   49.02   50.22   51.94   53.73   55.68   57.48   59.71   59.04   59.11   58.46   58.41   58.12   57.92   59.39   58.96   60.05   61.57   62.65   63.74   63.26   64.39   65.22   66.94   66.47   66.88   67.82   69.41   69.94   70.60   69.83   70.73   69.32   67.75   67.72   67.28   65.19   63.45   61.53   60.14   59.45   59.00   58.73   58.54   58.45   58.34   57.90   56.53   55.34  
47.04   47.45   48.55   50.16   51.90   53.78   55.57   57.47   57.48   57.64   57.16   57.08   56.57   57.01   58.05   57.77   59.04   60.91   61.81   63.80   61.96   62.45   63.39   65.19   64.71   64.87   65.81   67.45   68.46   69.90   69.45   68.55   68.45   69.33   67.76   65.94   66.28   65.68   63.58   61.98   60.00   58.51   57.68   57.22   56.94   56.75   56.63   56.48   55.97   54.72  
45.95   46.95   48.45   50.13   51.93   53.67   55.34   55.57   55.68   55.59   55.65   55.27   55.19   56.49   56.28   57.40   59.32   60.85   62.92   61.83   61.74   61.64   63.52   63.06   63.18   63.93   65.96   66.79   68.13   68.49   69.62   67.54   67.13   67.06   67.84   66.17   64.35   65.12   64.33   62.00   60.47   59.08   57.15   55.97   55.48   55.19   54.99   54.85   54.66   54.10  
45.43   46.81   48.42   50.13   51.81   53.30   53.67   53.78   53.73   53.78   53.72   53.71   54.95   55.17   56.37   57.57   59.25   61.24   60.86   60.92   60.08   61.90   61.46   61.58   62.52   64.51   64.98   66.08   67.29   68.33   67.61   67.99   65.86   65.73   65.73   66.29   64.50   63.12   63.68   62.62   61.13   59.00   57.65   55.97   54.32   53.78   53.47   53.27   53.12   52.89  
45.25   46.76   48.40   50.00   51.36   51.81   51.93   51.90   51.94   51.91   52.05   53.43   54.02   55.28   55.90   57.92   59.42   59.17   59.31   59.04   60.28   59.86   59.98   61.17   63.30   63.42   64.16   65.68   66.48   67.28   66.98   66.16   66.51   64.28   64.29   64.54   64.89   62.78   62.06   62.15   60.85   59.61   57.97   55.91   54.19   52.67   52.08   51.77   51.57   51.40  
45.19   46.73   48.24   49.49   50.00   50.13   50.13   50.15   50.16   50.40   51.79   52.90   54.04   54.37   56.38   57.39   57.41   57.90   57.43   58.66   58.24   58.37   59.38   61.16   61.52   62.30   64.33   65.03   66.23   66.19   66.81   65.38   64.28   64.13   62.61   62.96   63.54   63.30   61.40   60.85   60.40   59.95   57.82   56.17   54.26   52.66   51.09   50.40   50.08   49.87  
45.13   46.55   47.71   48.24   48.40   48.41   48.43   48.50   49.11   50.11   52.07   52.57   52.72   54.57   55.49   55.67   56.45   55.99   57.18   56.63   56.74   57.59   59.12   59.62   60.47   62.62   63.79   64.82   64.31   66.12   65.94   65.76   63.60   62.35   61.90   61.55   61.61   62.33   61.97   60.56   59.39   59.17   58.17   56.13   54.55   53.00   51.20   49.75   48.75   48.39  
44.93   46.01   46.55   46.78   47.13   46.71   46.87   47.46   49.03   51.10   51.29   51.23   53.14   54.03   54.09   54.89   54.54   55.93   55.17   55.24   55.78   57.14   57.79   58.80   60.89   62.22   63.63   62.54   63.59   63.84   64.42   63.69   64.07   61.80   60.38   59.85   60.30   60.24   61.05   60.88   58.84   57.95   58.00   56.50   54.96   53.04   51.65   49.88   48.38   47.13  
44.40   44.96   45.29   45.96   45.40   45.45   46.07   47.46   49.31   50.40   49.86   51.66   52.59   52.59   53.13   52.90   53.87   53.81   53.94   53.98   55.18   55.98   57.48   59.13   60.80   61.88   61.30   61.37   61.61   62.65   62.85   62.12   61.76   62.58   60.26   58.72   58.39   59.01   58.99   59.47   59.51   57.52   56.82   56.96   54.88   53.62   51.71   50.25   48.47   47.05  
43.45   43.89   45.03   44.34   44.38   44.49   46.21   47.64   49.12   48.91   50.04   51.06   50.77   51.17   51.14   51.87   51.95   52.06   52.20   53.23   54.18   55.98   57.44   59.59   59.98   59.54   59.69   59.49   60.45   61.17   61.02   60.56   60.34   60.25   60.94   58.63   57.14   57.09   57.47   57.63   58.02   58.88   56.69   55.13   55.66   53.54   52.18   50.24   48.84   47.43  
42.53   43.45   43.41   43.50   43.11   44.85   45.94   47.74   47.67   48.27   49.54   48.98   49.27   49.35   49.93   50.08   50.20   50.49   52.11   53.11   54.92   55.94   58.09   58.51   57.71   57.82   57.57   58.31   59.48   59.62   59.24   58.81   58.43   58.72   58.63   59.32   57.03   55.64   55.69   56.06   56.61   56.66   57.08   54.90   53.69   54.19   52.04   50.68   49.20   47.91  
41.98   42.06   42.12   42.07   43.12   44.73   46.73   46.19   46.66   48.26   47.86   47.68   47.57   48.04   48.26   48.58   49.59   51.14   52.31   54.16   54.95   57.06   57.35   56.28   56.36   55.78   56.30   57.57   57.47   57.79   57.85   57.01   56.64   56.63   57.14   57.05   57.75   55.67   54.24   54.58   54.71   55.07   54.89   55.29   53.20   52.20   52.59   51.01   49.78   47.93  
40.75   40.80   40.82   41.54   43.01   44.76   45.07   45.35   47.18   46.90   46.47   46.10   46.22   46.52   47.25   48.83   50.53   51.40   53.13   54.14   56.31   55.58   55.15   55.20   54.40   54.41   55.90   55.46   55.73   56.19   56.33   55.77   54.99   55.07   55.12   55.63   55.55   56.29   54.30   52.77   53.07   53.11   53.37   53.16   53.64   51.63   50.63   50.95   49.71   47.97  
39.50   39.54   40.03   41.33   42.93   43.84   44.04   45.79   45.78   45.44   45.14   44.74   44.83   45.61   47.23   49.09   50.68   52.56   53.18   55.21   54.19   54.23   53.63   53.24   53.14   54.46   53.70   53.80   54.14   54.53   54.50   54.96   53.80   53.20   53.61   53.66   54.20   54.05   54.07   52.83   51.23   51.48   52.02   51.66   51.58   52.29   50.23   49.03   48.97   47.84  
38.24   38.60   39.84   41.22   42.56   42.74   44.45   44.89   44.17   44.04   43.73   43.42   44.01   45.51   47.28   49.02   51.01   52.54   54.69   53.18   53.14   52.36   52.23   51.71   52.87   52.28   52.36   52.16   52.53   52.84   53.41   52.84   53.39   51.97   51.78   52.19   52.15   52.24   52.14   52.01   51.33   50.07   49.94   50.10   50.34   50.20   50.19   48.49   47.38   47.09  
38.04   39.49   39.84   41.49   41.68   43.08   43.16   43.02   43.12   42.56   42.37   42.46   43.85   45.53   47.23   49.11   50.86   53.00   52.51   52.56   51.40   51.15   50.51   51.59   50.78   50.86   50.42   50.59   50.91   51.28   51.21   51.37   51.29   52.08   50.26   50.27   50.32   50.27   50.32   50.23   50.07   49.92   48.47   48.50   48.43   48.51   48.41   48.21   46.77   45.73  
38.51   39.51   41.22   41.13   41.62   41.54   41.49   41.53   41.44   41.44   40.99   42.24   43.85   45.50   47.28   49.02   50.99   51.45   51.07   50.66   50.53   49.60   49.55   49.46   49.58   48.98   48.92   49.00   49.33   49.38   50.06   49.46   50.05   49.91   49.93   48.55   48.43   48.45   48.42   48.44   48.36   48.25   48.69   46.92   46.75   46.69   46.74   46.65   46.32   45.09  
38.40   40.14   39.68   40.01   40.01   40.06   39.99   39.95   39.96   39.90   40.67   42.22   43.83   45.53   47.23   49.08   50.69   49.47   49.52   49.19   48.82   48.57   47.83   47.70   47.63   47.65   47.19   47.41   47.55   48.06   47.94   48.09   48.07   48.14   48.05   47.91   46.85   46.64   46.63   46.61   46.62   46.83   46.68   46.69   45.34   45.07   45.00   45.02   44.92   44.53  
38.39   38.41   38.54   38.51   38.55   38.52   38.55   38.50   38.48   39.16   40.60   42.20   43.85   45.50   47.23   48.66   48.62   48.70   47.78   47.67   47.37   47.02   46.71   46.09   45.92   45.85   45.81   45.74   46.14   46.13   46.27   46.27   46.32   46.28   46.32   46.25   46.02   45.17   44.93   44.90   45.08   45.01   45.09   44.99   44.84   43.77   43.45   43.37   43.36   43.24  
