#Value Function.
13651.79 14116.81 14566.85 15003.37 15428.46 15848.08 16269.85 16699.57 17138.29 17582.35 18029.82 18496.82 19028.28 19629.85 20273.88 20940.53 21625.77 22326.32 23046.57 23777.63 24536.24 25288.55 26081.36 26782.67 27585.34 28117.77 28479.60 29208.24 29962.37 30678.97 31294.01 31774.05 32119.71 32345.81 32485.11 32592.60 32713.20 32847.45 32959.01 33025.69 33053.98 33062.42 33058.73 33052.71 33046.59 33040.18 33033.96 33026.52 33011.04 32978.00
13694.61 14179.23 14651.43 15111.12 15556.44 15989.99 16418.47 16850.13 17290.92 17741.32 18196.35 18652.33 19126.24 19674.35 20298.04 20962.04 21646.51 22349.55 23066.51 23805.38 24547.80 25324.89 26069.32 26864.50 27479.37 27894.82 28488.38 29250.70 30064.53 30873.48 31621.33 32247.61 32728.89 33069.43 33287.33 33417.15 33521.24 33647.55 33790.07 33902.97 33965.49 33989.10 33991.17 33986.32 33979.87 33973.69 33966.53 33955.02 33931.19 33873.68
13722.25 14220.66 14712.01 15194.88 15664.20 16118.25 16560.21 16997.62 17439.37 17891.53 18353.94 18820.13 19284.27 19763.61 20329.93 20977.42 21661.37 22362.87 23083.65 23815.96 24572.08 25313.76 26076.12 26695.80 27179.29 27757.93 28463.23 29248.30 30099.34 30970.83 31815.59 32584.90 33218.43 33697.03 34031.31 34239.77 34358.47 34459.72 34593.50 34745.45 34853.93 34912.26 34926.57 34926.72 34920.78 34913.99 34902.64 34883.75 34840.35 34736.40
13741.75 14249.38 14755.33 15258.49 15752.21 16231.25 16694.09 17144.57 17591.12 18043.32 18507.32 18982.22 19459.96 19932.10 20414.94 21001.91 21675.44 22377.63 23094.36 23829.51 24558.04 25280.75 25901.45 26419.14 26992.38 27677.31 28441.00 29255.29 30115.78 31015.15 31916.73 32789.59 33578.13 34214.36 34688.72 35015.85 35213.63 35319.84 35419.19 35557.98 35717.64 35823.36 35868.51 35877.87 35871.04 35865.23 35846.72 35814.72 35724.47 35541.97
13756.43 14269.49 14785.17 15303.80 15819.01 16323.76 16812.61 17284.29 17743.39 18199.31 18662.36 19138.68 19626.58 20116.31 20596.34 21079.88 21690.88 22387.95 23101.01 23809.58 24499.80 25108.80 25641.86 26218.39 26885.21 27628.29 28422.34 29255.32 30129.84 31037.70 31965.72 32896.26 33794.62 34599.56 35234.95 35703.87 36023.01 36209.42 36296.76 36392.64 36542.75 36706.16 36803.17 36827.23 36822.88 36815.17 36787.84 36710.62 36551.09 36224.06
13768.60 14284.54 14805.90 15334.80 15866.43 16393.95 16909.88 17408.62 17889.20 18357.02 18822.56 19296.87 19786.04 20287.48 20789.65 21277.69 21757.76 22391.61 23075.94 23736.97 24332.41 24872.39 25446.60 26100.32 26823.72 27598.02 28411.51 29261.58 30144.76 31055.92 31992.62 32947.64 33905.04 34827.77 35648.47 36279.76 36742.44 37048.79 37220.09 37289.99 37373.63 37526.88 37692.33 37762.25 37756.21 37752.48 37696.97 37556.62 37245.07 36761.88
13779.64 14297.00 14821.32 15356.16 15898.64 16443.59 16983.66 17510.95 18019.65 18509.14 18985.78 19461.22 19947.24 20449.82 20965.34 21480.49 21977.01 22448.17 22998.88 23579.43 24119.00 24687.35 25326.82 26033.61 26788.66 27582.78 28411.93 29271.29 30159.21 31073.20 32013.12 32975.93 33957.05 34941.22 35888.82 36725.93 37343.42 37802.12 38085.38 38216.75 38258.47 38310.95 38482.65 38635.48 38647.08 38636.58 38538.90 38238.59 37759.86 37196.57
13790.22 14308.31 14834.07 15371.96 15920.65 16477.06 17035.66 17588.54 18127.32 18646.04 19144.48 19630.04 20115.68 20613.90 21130.46 21660.61 22189.26 22695.44 23162.05 23592.85 24031.33 24575.28 25261.36 25996.42 26770.60 27579.46 28417.97 29283.75 30175.56 31091.93 32032.14 32997.10 33985.70 34993.66 36004.94 36977.97 37828.76 38416.54 38829.10 39088.17 39104.00 39127.84 39155.05 39324.17 39414.68 39419.47 39161.02 38725.29 38202.27 37448.08
13800.63 14319.15 14845.64 15385.00 15936.82 16499.72 17070.44 17643.02 18208.96 18759.39 19288.18 19795.55 20290.16 20786.32 21297.27 21828.42 22373.78 22916.37 23433.20 23905.39 24336.34 24773.88 25309.19 25980.91 26767.18 27584.36 28428.94 29298.93 30192.57 31110.06 32051.23 33017.04 34007.54 35021.98 36057.11 37096.46 38083.60 38912.41 39402.33 39693.06 39778.17 39651.72 39839.24 39891.47 40001.59 39849.82 39584.78 39128.80 38420.91 37587.59
13811.00 14329.83 14856.74 15396.84 15950.15 16516.26 17093.75 17679.16 18266.08 18845.33 19407.54 19946.42 20462.72 20966.48 21473.53 21997.78 22544.17 23105.30 23662.22 24189.78 24667.22 25097.30 25535.75 26089.60 26792.27 27595.32 28443.15 29314.92 30209.72 31128.22 32070.63 33037.14 34027.81 35044.06 36084.96 37143.55 38185.26 39107.34 39695.19 39951.70 40010.40 40077.48 40131.31 40233.59 40241.40 40152.65 39828.85 39272.31 38528.60 37650.54
13821.37 14340.47 14867.70 15408.22 15962.26 16529.88 17110.67 17703.13 18303.63 18905.25 19498.06 20072.17 20621.16 21146.35 21659.39 22177.73 22715.90 23278.21 23855.70 24427.30 24965.65 25447.93 25876.54 26314.31 26890.66 27628.22 28458.88 29331.35 30227.50 31147.08 32090.17 33056.99 34048.51 35064.61 36107.36 37163.03 38209.22 39112.50 39714.73 39917.64 40067.18 40078.99 40131.00 40238.90 40227.64 40216.91 39962.24 39384.15 38590.70 37679.74
13831.74 14351.10 14878.61 15419.44 15973.92 16542.28 17124.58 17720.42 18328.26 18944.27 19560.95 20167.54 20753.69 21312.78 21846.80 22369.26 22899.35 23452.09 24031.04 24625.49 25212.13 25761.30 26248.10 26674.14 27109.76 27712.85 28488.65 29349.70 30245.92 31166.11 32109.60 33077.07 34068.72 35085.63 36125.88 37177.53 38185.71 38941.43 39546.88 39873.41 39973.94 39895.47 39984.42 40038.71 40137.62 40012.81 39800.91 39268.40 38535.06 37664.66
13842.14 14361.74 14889.51 15430.63 15985.43 16554.22 17137.26 17734.63 18345.91 18969.55 19601.49 20233.62 20854.22 21452.51 22021.68 22564.44 23096.49 23638.82 24206.85 24803.18 25415.20 26017.22 26577.26 27068.23 27490.20 27920.66 28556.59 29373.80 30264.76 31185.10 32129.09 33096.66 34087.96 35099.58 36118.74 37100.88 37929.14 38601.08 39085.43 39392.46 39440.53 39433.06 39427.06 39718.02 39684.53 39688.71 39443.45 38988.65 38347.64 37586.99
13852.59 14372.40 14900.43 15441.82 15996.91 16566.02 17149.49 17747.60 18360.42 18987.55 19627.42 20275.74 20923.71 21558.52 22169.08 22748.27 23299.62 23841.45 24396.59 24980.69 25595.17 26225.40 26843.12 27414.04 27908.77 28324.95 28745.86 29423.54 30284.74 31204.10 32147.80 33113.60 34096.13 35078.33 36014.59 36826.27 37498.21 38054.07 38437.47 38533.09 38578.70 38583.38 38868.68 38947.49 38968.82 38951.63 38834.09 38529.65 38011.59 37360.13
13863.20 14383.10 14911.35 15453.01 16008.38 16577.79 17161.59 17760.13 18373.69 19002.37 19645.76 20302.29 20967.46 21631.69 22280.88 22903.83 23492.95 24052.71 24604.58 25173.15 25774.13 26407.57 27056.63 27690.37 28272.14 28770.24 29178.87 29583.68 30316.30 31222.60 32161.98 33115.24 34061.54 34956.86 35739.29 36393.84 36930.19 37305.95 37462.65 37529.63 37612.67 37840.61 37969.78 38040.59 38040.99 38052.45 37980.76 37816.35 37497.55 36973.27
13874.17 14393.92 14922.31 15464.21 16019.86 16589.56 17173.67 17772.54 18386.53 19015.94 19660.88 20320.95 20994.61 21677.11 22358.04 23021.71 23657.23 24256.15 24824.06 25386.29 25968.99 26587.72 27240.96 27909.50 28559.50 29152.08 29653.22 30052.73 30431.39 31238.83 32157.22 33068.42 33926.28 34679.60 35310.50 35818.61 36174.32 36347.65 36445.30 36560.25 36761.49 36906.22 36998.17 37038.01 37048.22 37052.07 37025.97 36934.97 36753.79 36427.06
13886.01 14405.04 14933.36 15475.44 16031.35 16601.33 17185.74 17784.92 18399.25 19029.09 19674.76 20336.39 21013.57 21704.82 22405.17 23103.28 23781.46 24429.78 25038.28 25614.01 26187.04 26784.61 27422.03 28095.91 28784.61 29451.09 30054.37 30558.32 30947.76 31284.64 32106.09 32923.71 33646.54 34253.27 34735.94 35073.03 35257.30 35367.10 35492.98 35676.95 35823.42 35926.68 35983.27 36014.76 36021.48 36028.18 36011.66 35977.59 35879.73 35682.13
13899.74 14416.88 14944.64 15486.74 16042.85 16613.12 17197.82 17797.30 18411.95 19042.13 19688.23 20350.58 21029.33 21724.06 22433.40 23152.13 23867.93 24560.52 25222.00 25839.76 26422.86 27007.32 27620.55 28277.65 28973.05 29682.58 30365.68 30979.55 31486.10 31866.00 32146.68 32652.58 33231.29 33687.61 34007.21 34194.32 34314.93 34447.24 34614.28 34759.79 34867.12 34930.25 34964.64 34986.62 34994.30 34996.85 34986.45 34967.62 34925.08 34812.92
13917.32 14430.36 14956.52 15498.21 16054.41 16624.91 17209.90 17809.69 18424.65 19055.16 19701.60 20364.38 21043.85 21740.17 22452.88 23180.81 23918.49 24652.58 25359.26 26034.51 26660.98 27250.90 27847.69 28476.68 29154.71 29872.46 30603.57 31303.33 31927.62 32437.10 32809.72 33051.34 33193.75 33287.30 33384.62 33523.80 33712.17 33928.55 34148.24 34313.31 34407.33 34446.87 34457.60 34459.95 34454.20 34448.43 34433.63 34418.21 34378.90 34257.80
13942.17 14447.28 14969.79 15510.15 16066.09 16636.74 17222.00 17822.09 18437.36 19068.19 19714.96 20378.09 21057.98 21755.00 22469.35 23200.48 23947.54 24704.74 25457.85 26177.95 26868.02 27501.66 28097.32 28707.87 29351.54 30052.37 30793.10 31546.63 32264.98 32899.00 33411.09 33778.32 34009.60 34141.38 34228.40 34326.02 34473.01 34673.01 34898.93 35125.17 35288.96 35369.86 35402.71 35403.76 35398.20 35390.59 35382.55 35350.82 35251.59 35013.89
13979.81 14470.87 14986.10 15523.27 16078.15 16648.66 17234.12 17834.49 18450.07 19081.22 19728.33 20391.80 21072.04 21769.48 22484.51 23217.36 23967.35 24734.11 25511.41 26284.47 27016.11 27722.45 28360.15 28959.15 29582.87 30243.10 30968.75 31732.78 32512.88 33250.13 33894.94 34408.76 34769.46 34989.41 35110.11 35190.80 35289.46 35445.60 35658.34 35893.67 36130.19 36281.88 36349.01 36371.86 36363.37 36357.22 36341.52 36252.23 36039.19 35604.87
14038.31 14506.49 15008.47 15539.04 16091.16 16660.86 17246.30 17846.91 18462.80 19094.27 19741.70 20405.51 21086.10 21783.90 22499.34 23232.84 23984.70 24753.96 25541.03 26338.36 27132.29 27869.12 28593.41 29226.96 29820.78 30465.06 31140.50 31894.04 32692.42 33503.04 34258.68 34916.50 35430.49 35783.51 35990.94 36100.03 36172.54 36273.42 36440.14 36665.68 36902.74 37152.44 37289.58 37333.65 37328.36 37319.10 37257.07 37071.42 36650.94 35941.31
14127.97 14562.27 15042.05 15560.27 16106.46 16673.83 17258.67 17859.37 18475.53 19107.32 19755.08 20419.23 21100.16 21798.32 22514.12 23248.03 24000.47 24771.88 25560.78 26367.72 27184.18 27996.46 28731.56 29454.84 30064.44 30666.04 31334.98 32022.50 32833.97 33680.68 34520.06 35295.49 35964.00 36477.32 36820.75 37012.51 37108.18 37174.31 37277.33 37455.41 37683.86 37912.02 38163.87 38255.22 38244.70 38236.78 38094.47 37693.04 36971.03 36097.26
14259.21 14648.99 15094.95 15591.84 16126.63 16688.73 17271.64 17871.96 18488.29 19120.38 19768.47 20432.95 21114.24 21812.75 22528.92 23263.19 24016.04 24787.91 25578.80 26387.34 27211.40 28039.55 28850.68 29564.71 30240.04 30853.21 31461.89 32161.56 32935.82 33801.50 34698.82 35567.11 36360.66 37036.34 37547.56 37878.13 38054.91 38134.26 38191.95 38294.57 38471.79 38687.88 38888.35 39056.81 39056.13 39010.07 38670.19 37974.54 37107.76 36173.40
14439.44 14778.05 15178.44 15641.77 16156.26 16707.94 17286.21 17884.99 18501.13 19133.45 19781.86 20446.69 21128.32 21827.18 22543.72 23278.37 24031.59 24803.88 25595.08 26404.05 27228.12 28056.32 28865.94 29628.04 30299.85 30944.69 31568.84 32238.97 33013.30 33883.20 34813.57 35751.70 36643.56 37451.72 38134.14 38637.77 38954.16 39109.42 39169.93 39214.60 39296.45 39447.13 39565.62 39707.26 39693.24 39436.24 38866.41 38067.14 37168.55 36205.18
14671.20 14957.72 15304.94 15721.73 16203.13 16735.70 17304.57 17899.29 18514.25 19146.56 19795.27 20460.42 21142.40 21841.62 22558.53 23293.55 24047.16 24819.76 25611.31 26420.33 27244.32 28071.84 28883.61 29637.74 30319.75 30941.76 31612.63 32308.86 33094.60 33961.56 34894.64 35862.22 36829.83 37740.38 38559.46 39248.85 39736.11 40033.17 40154.86 40196.10 40209.19 40260.57 40321.28 40269.24 40063.36 39520.49 38866.89 38081.44 37177.09 36217.35
14950.38 15191.45 15483.58 15845.36 16279.27 16779.46 17330.57 17916.91 18528.36 19159.84 19808.69 20474.17 21156.50 21856.07 22573.33 23308.72 24062.65 24835.53 25627.11 26435.95 27259.29 28085.99 28885.55 29600.11 30263.88 30914.28 31582.91 32367.53 33167.76 34040.19 34967.69 35942.09 36939.83 37937.62 38859.56 39683.58 40377.20 40822.67 41084.22 41177.96 41137.95 41094.24 40869.30 40666.38 40113.16 39456.30 38804.13 38007.00 37136.59 36201.53
15246.28 15480.16 15717.86 16022.80 16399.67 16851.46 17371.23 17941.29 18545.35 19173.80 19822.18 20487.93 21170.60 21870.52 22588.13 23323.80 24077.90 24850.46 25639.82 26445.16 27256.18 28051.52 28780.44 29493.99 30136.98 30812.96 31588.09 32369.58 33232.02 34116.85 35049.66 36014.45 37013.09 38037.95 39059.46 39984.40 40793.42 41481.00 41849.59 42013.86 41889.56 41631.03 41360.76 40783.01 40029.11 39318.05 38591.88 37867.10 37031.19 36141.16
15514.26 15791.81 16015.87 16254.94 16575.39 16966.50 17437.31 17977.41 18567.69 19190.41 19835.99 20501.71 21184.69 21884.93 22602.78 23338.49 24091.87 24861.50 25645.64 26433.52 27205.86 27930.07 28643.37 29306.84 29985.36 30750.26 31589.97 32432.30 33297.17 34200.55 35130.90 36096.05 37080.15 38102.41 39141.04 40176.59 41071.92 41844.98 42347.84 42513.48 42382.73 42172.68 41603.13 40847.19 39948.48 39123.84 38352.77 37602.38 36855.93 36023.81
15728.24 16074.86 16342.71 16561.60 16799.89 17136.22 17541.95 18033.18 18598.08 19210.42 19851.71 20515.49 21198.73 21899.15 22616.86 23351.50 24101.51 24863.76 25627.99 26375.95 27088.80 27782.67 28449.54 29147.34 29948.75 30789.55 31639.07 32500.48 33379.38 34284.11 35215.43 36165.07 37150.13 38151.17 39186.47 40225.38 41224.37 42045.24 42528.41 42587.85 42606.28 42359.00 41743.96 40883.24 39920.70 38994.34 38155.12 37359.68 36596.96 35837.39
15902.59 16294.42 16640.29 16899.88 17108.85 17338.73 17700.92 18118.50 18642.94 19232.70 19868.38 20529.86 21212.49 21912.58 22628.84 23359.46 24100.33 24841.31 25566.44 26262.81 26940.49 27609.74 28343.85 29170.88 30009.17 30853.90 31709.82 32581.01 33467.65 34367.27 35290.21 36243.60 37205.08 38214.52 39219.28 40260.13 41251.56 42073.80 42519.26 42607.55 42544.94 42370.78 41753.14 40890.99 39930.78 38972.60 38090.27 37280.52 36473.48 35687.41
16012.08 16480.34 16856.26 17204.26 17439.74 17619.98 17852.70 18248.28 18697.15 19263.69 19886.08 20544.02 21225.94 21923.48 22634.98 23355.03 24073.81 24777.61 25457.33 26122.53 26797.79 27574.93 28396.13 29228.52 30073.67 30926.64 31792.56 32661.90 33545.70 34452.47 35366.49 36305.98 37271.16 38245.99 39266.27 40248.99 41158.03 41854.61 42173.37 42337.90 42351.56 42114.12 41601.61 40823.39 39953.77 39079.36 38282.43 37463.64 36697.94 35863.79
16072.58 16586.74 17051.31 17377.49 17714.20 17886.24 18067.53 18353.73 18779.37 19298.41 19903.02 20558.92 21235.78 21927.71 22627.51 23325.12 24008.92 24672.94 25328.28 26007.63 26796.37 27619.13 28444.65 29287.28 30137.89 30998.01 31865.26 32740.99 33627.08 34518.83 35438.43 36358.80 37308.28 38295.58 39263.95 40162.51 40883.18 41387.01 41679.64 41705.64 41701.04 41557.59 41241.93 40698.52 40008.18 39268.65 38451.84 37716.26 36874.35 35976.41
16093.92 16641.86 17144.98 17564.56 17824.24 18053.89 18216.80 18478.52 18832.50 19329.63 19924.20 20570.81 21238.74 21917.46 22594.85 23259.86 23909.23 24556.02 25236.04 26019.57 26831.23 27654.08 28493.02 29336.71 30195.27 31060.25 31928.80 32812.57 33696.10 34593.83 35492.33 36412.23 37353.85 38307.67 39172.04 39881.79 40400.40 40711.15 40819.28 40812.49 40821.42 40777.89 40731.48 40503.93 40064.08 39368.32 38714.17 37876.64 36978.17 36033.88
16096.19 16664.28 17178.34 17610.38 17904.53 18082.24 18270.93 18488.33 18842.17 19342.96 19935.12 20572.08 21226.06 21882.65 22529.94 23165.57 23804.09 24480.48 25246.47 26044.46 26858.44 27684.51 28528.49 29382.67 30246.59 31113.50 31988.11 32864.20 33760.74 34636.31 35550.36 36452.37 37376.69 38223.60 38912.97 39415.15 39716.29 39851.72 39877.77 39879.89 39872.77 39905.63 39988.58 40067.53 39908.15 39500.50 38816.79 37954.61 37022.09 36083.64
16053.75 16657.08 17156.87 17575.68 17880.92 18091.12 18274.30 18493.65 18853.25 19351.57 19934.74 20557.26 21189.65 21818.68 22441.24 23071.15 23740.22 24484.02 25267.36 26065.54 26884.66 27712.35 28559.80 29418.91 30288.27 31161.06 32036.30 32914.17 33798.33 34697.00 35573.77 36485.88 37307.26 37986.07 38467.46 38769.82 38905.71 38945.18 38959.66 38964.13 39004.54 39148.13 39354.08 39468.87 39518.92 39319.91 38762.41 37946.69 37037.32 36120.41
15980.80 16633.56 17114.19 17483.20 17818.38 17997.49 18156.14 18434.88 18820.34 19349.05 19917.84 20519.64 21127.06 21735.54 22356.26 23015.51 23737.59 24499.89 25283.93 26088.00 26905.46 27740.38 28588.02 29451.26 30318.58 31198.62 32080.24 32950.09 33839.89 34717.74 35613.41 36413.94 37089.51 37560.65 37862.05 38010.14 38065.21 38094.30 38113.09 38154.74 38300.58 38509.82 38733.07 38840.56 38879.12 38884.68 38523.07 37900.36 37057.98 36138.44
15900.43 16554.28 16952.84 17337.08 17582.19 17758.88 18024.49 18346.02 18778.60 19309.57 19870.92 20455.82 21048.64 21658.73 22306.75 23009.20 23750.83 24515.65 25300.22 26104.45 26922.92 27761.70 28611.11 29473.80 30347.13 31222.19 32106.89 32985.67 33861.86 34745.65 35541.87 36195.44 36676.89 36987.35 37146.80 37219.63 37276.04 37306.62 37387.08 37527.31 37729.65 37939.70 38101.54 38169.20 38156.03 38150.23 38050.80 37637.71 37013.78 36185.49
15805.46 16388.57 16761.56 17034.06 17258.05 17516.73 17836.61 18227.54 18714.91 19240.53 19804.87 20379.99 20978.16 21614.04 22298.28 23020.10 23765.96 24531.50 25316.32 26121.01 26939.71 27779.39 28633.67 29497.73 30369.31 31253.55 32129.03 33013.09 33887.43 34676.95 35316.95 35809.19 36126.85 36303.29 36401.14 36474.51 36540.84 36660.94 36807.41 37008.18 37226.30 37376.77 37429.12 37451.98 37446.04 37420.43 37372.37 37205.77 36794.63 36162.93
15650.17 16180.49 16455.84 16696.34 16964.55 17281.47 17666.58 18122.22 18627.09 19170.16 19728.62 20314.83 20937.32 21604.33 22307.16 23034.43 23781.36 24547.23 25332.44 26137.40 26956.75 27796.50 28651.44 29514.63 30388.48 31268.84 32151.54 33019.49 33804.31 34450.26 34944.18 35278.81 35476.26 35592.80 35682.32 35776.58 35934.95 36123.55 36331.26 36558.68 36701.06 36761.90 36786.08 36786.27 36776.28 36752.41 36712.42 36623.57 36417.51 35963.77
15466.94 15918.61 16144.98 16404.54 16718.49 17093.43 17536.32 18024.29 18548.66 19093.81 19667.49 20276.48 20926.93 21611.54 22320.63 23049.36 23796.71 24562.94 25348.48 26153.95 26973.50 27813.64 28668.22 29532.39 30403.86 31284.31 32141.89 32923.55 33574.79 34079.34 34434.38 34650.92 34792.61 34908.03 35024.83 35210.92 35438.67 35690.42 35931.60 36080.68 36173.73 36192.78 36190.97 36190.48 36169.38 36140.66 36090.86 36013.86 35890.94 35636.75
15627.60 15716.59 15918.78 16189.75 16534.38 16960.61 17432.69 17940.84 18474.64 19035.79 19631.27 20265.71 20932.77 21624.12 22335.07 23064.33 23812.04 24578.61 25364.57 26170.25 26989.91 27828.97 28678.45 29539.94 30404.79 31248.15 32021.09 32672.26 33188.10 33563.03 33817.43 33987.20 34131.82 34277.07 34489.85 34746.28 35030.47 35298.72 35488.71 35586.87 35637.16 35648.70 35653.19 35632.83 35605.87 35568.06 35525.65 35451.83 35333.00 35163.37
15907.73 15936.99 15839.85 16048.09 16408.19 16859.61 17347.74 17869.05 18418.67 19001.36 19620.29 20270.40 20944.49 21638.05 22349.65 23079.29 23827.33 24594.26 25380.39 26185.92 27004.08 27838.73 28683.66 29533.20 30357.43 31117.29 31768.19 32289.62 32682.60 32955.00 33166.62 33345.33 33521.75 33761.63 34049.18 34362.13 34659.25 34886.52 34999.63 35085.31 35132.45 35136.14 35117.28 35093.98 35052.65 35011.99 34963.80 34907.53 34815.33 34654.86
16093.85 16042.71 15944.81 15978.97 16325.86 16776.58 17278.51 17816.44 18386.39 18990.30 19624.04 20281.31 20957.90 21652.25 22364.24 23094.20 23842.54 24609.56 25395.29 26198.98 27012.62 27839.94 28663.33 29469.35 30210.72 30850.27 31377.47 31782.92 32082.84 32309.28 32527.63 32739.40 33006.38 33312.17 33649.11 33971.45 34231.84 34399.46 34531.09 34602.63 34629.99 34623.43 34602.35 34549.30 34489.60 34440.31 34414.94 34361.59 34284.52 34145.95
16084.06 16095.37 15949.34 15901.57 16247.64 16710.52 17228.84 17786.05 18375.40 18993.27 19634.17 20294.19 20971.70 21666.46 22378.76 23108.97 23857.28 24623.52 25406.31 26200.54 27008.99 27808.27 28590.40 29314.75 29942.21 30457.43 30869.84 31187.91 31432.52 31677.58 31918.52 32216.80 32541.89 32890.68 33234.57 33525.10 33740.00 33906.32 34029.33 34093.15 34103.58 34114.83 34090.48 34018.44 33909.21 33858.56 33836.53 33817.82 33765.19 33651.08
15962.94 16079.74 15951.51 15827.34 16184.34 16663.53 17200.12 17775.22 18377.71 19002.70 19646.54 20307.59 20985.55 21680.61 22393.08 23123.08 23870.24 24632.91 25407.22 26191.96 26972.71 27726.42 28428.04 29038.86 29548.62 29955.17 30280.48 30551.79 30806.64 31077.05 31392.10 31731.32 32093.82 32447.95 32764.81 33019.35 33229.05 33402.48 33510.72 33555.77 33590.76 33593.74 33579.08 33509.79 33410.33 33322.13 33284.87 33255.44 33217.53 33118.68
15817.95 15892.56 15827.14 15717.45 16139.36 16636.13 17189.48 17776.99 18386.48 19014.55 19659.54 20321.08 20999.30 21694.45 22406.54 23135.03 23878.15 24632.43 25394.28 26150.53 26882.90 27556.58 28146.17 28644.96 29052.11 29378.12 29659.54 29922.83 30215.31 30535.28 30887.58 31258.40 31626.45 31966.33 32243.42 32490.36 32702.30 32864.73 32963.10 33035.79 33055.24 33065.48 33057.95 33029.03 32947.69 32858.86 32772.88 32721.98 32674.10 32579.67
15455.27 15525.76 15502.14 15631.91 16095.28 16622.17 17190.73 17785.14 18397.81 19027.12 19672.63 20334.40 21012.61 21707.19 22417.43 23141.45 23875.79 24615.36 25347.39 26052.71 26701.97 27275.96 27758.23 28158.65 28481.40 28771.13 29042.43 29340.77 29662.38 30019.78 30406.31 30763.49 31110.72 31412.43 31677.87 31915.65 32112.34 32270.58 32392.01 32465.41 32490.29 32513.87 32526.11 32515.49 32475.23 32398.30 32309.07 32214.41 32142.08 32029.80
14972.78 15088.54 15180.82 15566.67 16067.14 16616.78 17195.87 17793.43 18407.35 19037.11 19682.72 20344.29 21021.63 21713.92 22419.14 23133.64 23851.34 24559.58 25239.26 25864.74 26417.27 26885.02 27278.21 27598.09 27888.88 28166.58 28464.99 28788.71 29148.05 29524.96 29893.54 30237.96 30543.49 30830.46 31083.73 31294.62 31482.34 31655.48 31774.99 31856.82 31905.61 31938.25 31964.05 31966.38 31963.97 31914.86 31838.96 31740.15 31603.21 31478.04
14485.08 14615.14 14875.98 15343.57 15867.77 16424.75 17000.51 17592.20 18199.21 18821.48 19459.03 20111.60 20778.24 21456.83 22143.52 22831.62 23508.69 24156.41 24752.12 25278.47 25726.46 26103.54 26421.10 26703.44 26977.13 27272.72 27593.01 27943.09 28308.12 28665.93 29001.86 29311.72 29599.26 29888.74 30160.90 30394.78 30589.09 30805.66 30980.03 31101.93 31213.80 31282.56 31331.72 31354.29 31380.64 31353.83 31307.44 31211.36 31083.79 30892.57
