15.55696 15.77393 16.03867 15.13505 15.94597
13.37536 15.08718 14.45527 18.39882 12.96439
17.67174 18.17612 12.74358 15.39983 15.31630
13.85705 13.39582 12.54591 13.05887 11.52831
12.37326 12.08258 12.11053 15.30096 13.79161
12.13107 12.14715 14.97829 13.23554 14.80037
12.06750 12.09467 12.47456 10.65798 9.95045
12.02589 11.81120 11.87867 12.47607 12.05850
14.89665 20.33102 20.73724 11.12156 15.40310
13.67637 12.15937 12.10424 26.09238 16.24495
21.53515 15.90077 36.75945 26.32235 20.88939
42.50101 35.58777 19.83419 24.24448 20.96254
35.05472 23.47478 29.40584 30.69450 30.48125
34.40818 31.34015 23.92742 20.07558 35.98196
23.55439 34.27865 30.43269 29.69256 30.86668
30.65676 37.06441 32.68836 30.47038 29.70352
26.54603 26.69997 27.91892 32.00195 25.19613
48.76871 27.55708 36.91955 26.77179 19.51175
20.32237 32.93353 29.14824 23.77408 33.64608
22.95164 17.71321 23.87698 25.33020 30.77358
