#Value Function.
7.4782  7.4829  7.4820  7.4810  7.4814  7.4940  7.5684  7.6625  7.7190  7.7381  7.7411  7.7403  7.7390  7.7376  7.7367  7.7403  7.7819  7.9329  8.1478  8.3799  8.6205  8.8626  9.1032  9.1835  9.1895  9.1885  9.1847  9.1646  9.0923  9.0029  8.8756  8.7337  8.5741  8.4147  8.2666  8.1370  8.2086  8.3415  8.4576  8.5927  8.6745  8.7707  8.8108  8.8126  8.8123  8.8094  8.8045  8.7514  8.5788  8.3670 
7.6708  7.6851  7.6863  7.6850  7.6838  7.6832  7.6922  7.7814  7.8836  7.9356  7.9496  7.9507  7.9495  7.9481  7.9467  7.9453  7.9461  7.9865  8.1601  8.3885  8.6271  8.8749  9.1228  9.3868  9.4362  9.4334  9.4208  9.3389  9.2518  9.1167  8.9724  8.8057  8.6407  8.4870  8.3587  8.2213  8.3270  8.4380  8.5815  8.6927  8.8432  8.9103  9.0222  9.0516  9.0474  9.0481  9.0093  8.8173  8.5961  8.3745 
7.8445  7.8845  7.8917  7.8918  7.8902  7.8890  7.8873  7.8900  7.9998  8.1089  8.1539  8.1627  8.1624  8.1610  8.1595  8.1581  8.1564  8.1533  8.1906  8.3941  8.6334  8.8775  9.1330  9.3845  9.6830  9.6835  9.5854  9.5056  9.3591  9.2145  9.0393  8.8695  8.7079  8.5854  8.4330  8.3471  8.4391  8.5601  8.6684  8.8277  8.9268  9.1025  9.1420  9.2828  9.2917  9.2769  9.0570  8.8246  8.6004  8.3768 
7.9731  8.0705  8.0991  8.1026  8.1021  8.1001  8.0991  8.0965  8.0886  8.2282  8.3409  8.3759  8.3801  8.3789  8.3775  8.3758  8.3736  8.3638  8.3264  8.4041  8.6374  8.8849  9.1338  9.3985  9.5709  9.9169  9.7723  9.6047  9.4640  9.2775  9.1046  8.9310  8.8199  8.6567  8.5087  8.4721  8.5798  8.6677  8.8011  8.9011  9.0852  9.1593  9.3785  9.3670  9.5612  9.2992  9.0571  8.8288  8.6023  8.3796 
8.0090  8.2173  8.2970  8.3177  8.3178  8.3173  8.3147  8.3096  8.2793  8.2819  8.4708  8.5783  8.6014  8.6021  8.6004  8.5987  8.5918  8.5566  8.4719  8.4328  8.6447  8.8857  9.1307  9.3242  9.5752  9.5354  9.8801  9.7226  9.5192  9.3478  9.1541  9.0645  8.8845  8.7328  8.5982  8.6149  8.7025  8.8202  8.8987  9.0521  9.1335  9.3585  9.3844  9.6804  9.4240  9.2904  9.0628  8.8301  8.6055  8.3819 
8.0234  8.2466  8.4688  8.5252  8.5408  8.5375  8.5365  8.5049  8.4495  8.3912  8.5048  8.7253  8.8200  8.8301  8.8289  8.8249  8.7953  8.6929  8.6398  8.5947  8.6463  8.8743  9.0706  9.2732  9.3151  9.5387  9.4944  9.7894  9.6025  9.3730  9.3230  9.1130  8.9733  8.7623  8.8071  8.8275  8.8359  8.9406  9.0690  9.1301  9.3169  9.3606  9.6555  9.4631  9.3904  9.1919  9.0369  8.8285  8.6064  8.3844 
8.0503  8.2569  8.4871  8.7326  8.7525  8.7697  8.7366  8.6761  8.6142  8.5630  8.5537  8.7441  8.9921  9.0644  9.0621  9.0448  8.9151  8.8692  8.8211  8.7944  8.7267  8.8211  8.9945  9.0750  9.2362  9.2657  9.4475  9.3668  9.6046  9.6026  9.3376  9.2268  8.9810  8.8529  8.9916  9.0476  9.0619  9.0583  9.1877  9.3272  9.3582  9.6016  9.4623  9.3789  9.2264  9.1245  8.9549  8.7941  8.5982  8.3835 
8.1369  8.2729  8.4954  8.7323  9.0123  8.9744  8.9078  8.8425  8.7883  8.7565  8.7156  8.7722  8.9919  9.2733  9.3089  9.1355  9.1065  9.0503  9.0371  8.9548  8.9124  8.7671  8.7910  8.7169  8.8868  9.1453  9.1621  9.2319  9.2396  9.5277  9.5139  9.1242  9.0986  8.8968  9.0109  9.2707  9.2870  9.3032  9.2775  9.4470  9.5970  9.4454  9.3392  9.2577  9.1273  8.9880  8.8728  8.7189  8.5588  8.3698 
8.3217  8.3478  8.4995  8.7402  8.8698  9.1444  9.0763  9.0177  8.9919  8.9457  8.9176  8.8864  9.0046  9.1661  9.3207  9.3640  9.2308  9.2922  9.1814  9.1694  8.9953  8.8749  8.7354  8.6335  8.6081  8.7899  8.9615  8.9998  9.1322  9.1582  9.4239  9.3950  9.1030  9.0862  9.0218  9.2692  9.5668  9.4746  9.4485  9.5195  9.5143  9.4916  9.5303  9.2667  9.0384  8.8890  8.7529  8.6313  8.4892  8.3277 
8.5391  8.5431  8.5573  8.6459  8.8656  8.9693  9.2500  9.2353  9.1799  9.1558  9.1198  9.1070  9.0851  9.0902  9.1997  9.4536  9.4627  9.2724  9.4449  9.2222  9.1159  8.9565  8.8841  8.6487  8.5571  8.4971  8.6351  8.8609  8.9199  9.0554  9.0427  9.3575  9.3990  9.0553  9.0070  9.2650  9.3331  9.5768  9.5126  9.5278  9.6028  9.5475  9.3677  9.2549  9.0321  8.8423  8.7989  8.7324  8.4789  8.2751 
8.7655  8.7674  8.7673  8.7767  8.8355  8.9779  9.1241  9.4167  9.4018  9.3570  9.3511  9.3232  9.3209  9.3189  9.3102  9.2450  9.4398  9.4698  9.3125  9.5130  9.1701  9.1600  8.8258  8.6979  8.5403  8.4090  8.4373  8.6685  8.7827  8.8253  9.0191  9.0417  9.3274  9.1994  9.0770  9.0877  9.2856  9.3753  9.5724  9.7398  9.6753  9.4844  9.2852  9.1289  8.9567  8.7562  8.7400  8.4956  8.4554  8.2576 
8.9977  8.9994  8.9979  8.9970  9.0034  9.0663  9.1395  9.2856  9.5843  9.6037  9.5653  9.5677  9.5662  9.5613  9.5233  9.4027  9.3467  9.6014  9.4915  9.3686  9.4540  9.1382  8.9549  8.7792  8.5466  8.3577  8.3424  8.3896  8.5920  8.7451  8.8180  9.0073  8.9705  9.3750  9.0124  9.0386  9.1064  9.1808  9.6452  9.5600  9.4751  9.3971  9.2328  8.9793  8.8360  8.7451  8.5176  8.4315  8.4417  8.2373 
9.2352  9.2371  9.2354  9.2339  9.2322  9.2342  9.3115  9.3491  9.4644  9.6993  9.7943  9.8191  9.8170  9.7926  9.6370  9.6029  9.4743  9.5791  9.7675  9.5767  9.3818  9.1738  8.9797  8.7658  8.5681  8.4599  8.2773  8.2559  8.3584  8.5681  8.7291  8.7773  9.0630  8.9323  9.1494  8.9690  8.8264  9.1596  9.2461  9.3139  9.2862  9.2087  9.0560  8.7421  8.6214  8.4634  8.4551  8.4666  8.3220  8.2009 
9.4784  9.4803  9.4788  9.4769  9.4754  9.4733  9.4677  9.5705  9.5857  9.6143  9.8582  10.0314 10.0836 9.8437  9.8773  9.7049  9.6969  9.6927  9.6691  9.8065  9.5385  9.2939  8.9964  8.8144  8.7034  8.5085  8.2635  8.0840  8.2388  8.3353  8.5171  8.5526  8.8997  9.1887  8.7953  8.6391  8.6231  8.6459  8.8225  9.0225  9.0417  8.9075  8.6582  8.5172  8.3799  8.3521  8.3525  8.2375  8.2112  8.0946 
9.7262  9.7295  9.7275  9.7262  9.7241  9.7208  9.6978  9.6284  9.8666  9.6725  9.8579  9.9347  10.0563 10.1832 9.9319  9.9368  9.8928  9.9627  9.8662  9.7577  9.7280  9.4098  9.2117  8.8878  8.6249  8.3152  8.2124  8.0436  8.0903  8.3667  8.1828  8.4366  8.6631  8.6483  8.5864  8.3767  8.3050  8.3387  8.3807  8.7544  8.6569  8.4760  8.3793  8.4665  8.2606  8.2227  8.1318  8.1045  8.0200  7.9696 
9.9774  9.9836  9.9829  9.9805  9.9794  9.9623  9.8820  9.9111  9.9113  9.8596  9.8118  9.7878  9.8499  9.7837  10.2789 9.8019  9.8040  9.9108  10.1614 9.9155  9.7183  9.5429  9.2979  9.0818  8.6543  8.3637  8.2651  7.9604  7.9404  7.9682  8.0629  8.2618  8.1986  8.3173  8.1791  8.0502  8.0594  8.0727  8.1455  8.3315  8.2728  8.1366  8.0639  8.1511  8.0854  8.0256  7.9849  7.9133  7.8709  7.7984 
10.2208 10.2436 10.2429 10.2424 10.2391 10.1418 10.1835 10.1457 10.1265 10.1152 10.0884 10.0379 9.9390  9.8487  9.8203  9.5583  9.6414  9.8751  10.0500 10.1689 9.7862  9.6804  9.3881  8.9479  8.7465  8.3551  8.0057  7.8283  7.8198  7.5612  7.8855  7.9936  7.9614  7.8610  7.7709  7.8217  7.8417  7.8702  7.7369  7.6069  7.7916  7.8206  7.8811  7.8636  7.8965  7.8554  7.8028  7.7264  7.5883  7.6218 
10.4429 10.4971 10.5119 10.5075 10.5063 10.4696 10.4089 10.3904 10.3840 10.3642 10.3094 10.2064 10.0894 9.9619  9.8244  9.5763  9.5678  9.5624  9.7080  10.1201 10.1209 9.6911  9.3295  9.0039  8.5923  8.3667  8.1187  7.6576  7.4836  7.6126  7.7332  7.7289  7.6605  7.5764  7.5802  7.6131  7.6339  7.6226  7.5116  7.3886  7.4856  7.5568  7.5366  7.6211  7.4992  7.4176  7.4511  7.3614  7.3624  7.3686 
10.5244 10.7538 10.7701 10.7871 10.7495 10.6738 10.6602 10.6578 10.6409 10.5880 10.4760 10.3555 10.2240 10.0878 9.9484  9.8112  9.6625  9.4893  9.5916  9.5789  9.9452  9.4666  9.1563  8.9078  8.5272  8.2184  7.9968  7.6586  7.2225  7.4288  7.2584  7.2864  7.3929  7.4743  7.3875  7.4068  7.4023  7.4095  7.3739  7.0800  7.3532  7.1646  7.2833  7.2182  7.0709  7.2312  7.0792  7.1123  7.1292  7.1427 
10.6066 10.8176 11.0777 11.0393 10.9412 10.9365 10.9384 10.9240 10.8755 10.7508 10.6281 10.4921 10.3527 10.2086 10.0698 9.9224  9.7312  9.6032  9.4823  9.5244  9.2081  9.3478  8.6865  8.5885  8.0985  7.7356  7.4632  7.2694  7.2714  6.4958  6.4930  7.2977  7.4225  7.2553  7.2479  7.1909  7.1911  7.1888  6.8609  6.7124  6.7161  7.0249  6.8754  6.7685  6.8819  6.8161  6.9051  6.9168  6.9278  6.9217 
10.7429 10.8922 11.1133 11.2051 11.2110 11.2262 11.2128 11.1735 11.0300 10.9076 10.7663 10.6242 10.4745 10.3333 10.1927 9.9750  9.8535  9.7380  9.5753  9.4288  9.2602  8.8423  8.6055  8.4843  8.2099  7.7058  7.5933  7.2992  7.1085  6.5660  6.8244  7.4147  7.2041  7.1884  7.0740  7.0387  6.9935  6.9836  6.7239  6.5832  6.3692  6.4623  6.5344  6.4579  6.4825  6.6435  6.7110  6.7196  6.7173  6.7203 
10.9356 11.0267 11.1808 11.3409 11.5237 11.5059 11.4845 11.3119 11.1949 11.0463 10.9027 10.7463 10.6026 10.4619 10.3013 10.1191 10.0033 9.8241  9.6766  9.5299  9.3531  9.0042  8.6386  8.5219  8.3549  8.2864  7.9376  7.6706  7.4223  7.1977  7.4783  7.2694  7.1914  7.0343  6.9783  6.8871  6.6879  6.6991  6.7092  6.2081  6.0201  5.9614  5.9970  6.1183  6.3820  6.5034  6.5176  6.5176  6.5205  6.5180 
10.8592 11.2923 11.3203 11.4305 11.7401 11.8131 11.5934 11.4917 11.3317 11.1889 11.0238 10.8776 10.7386 10.5704 10.4057 10.2585 10.0758 9.9301  9.7844  9.6100  9.3602  9.0396  8.8798  8.7215  8.5618  8.3918  8.1691  7.9507  7.7852  7.5898  7.3942  7.2667  7.0936  6.9884  6.8564  6.7817  6.6163  6.3698  6.3185  5.8168  5.5303  5.4868  5.6961  6.1169  6.2954  6.3203  6.3234  6.3248  6.3251  6.3250 
10.8818 11.1527 11.2632 11.4030 11.5737 11.9366 11.8031 11.6212 11.4839 11.3069 11.1582 11.0237 10.8457 10.6735 10.5290 10.3680 10.1937 10.0442 9.8756  9.6115  9.3265  9.1314  8.9531  8.7907  8.6192  8.4200  8.2092  8.0000  7.7943  7.5932  7.3966  7.2114  7.0694  6.9137  6.7970  6.5094  6.2979  6.1512  5.6789  5.0987  4.8437  5.2767  5.7846  6.0778  6.0943  6.2167  6.1506  6.1389  6.1374  6.1354 
10.9256 11.1894 11.2129 11.3233 11.5712 11.6549 11.9888 11.7895 11.5951 11.4435 11.3182 11.1275 10.9454 10.8069 10.6368 10.4831 10.3270 10.1583 9.8301  9.5764  9.3756  9.1867  9.0246  8.8529  8.6462  8.4279  8.2134  8.0025  7.7967  7.5955  7.3988  7.2074  7.0294  6.8811  6.7344  6.5621  6.1658  5.7279  5.2066  4.1900  4.3748  5.3235  5.8299  5.9266  6.0132  6.1232  6.0436  5.9820  5.9612  5.9538 
11.1186 11.3598 11.5577 11.5874 11.5920 11.6333 11.7359 11.9804 11.7346 11.6239 11.4160 11.2203 11.0946 10.9105 10.7575 10.5939 10.4518 10.2859 9.9308  9.6336  9.4239  9.2639  9.0935  8.8777  8.6512  8.4317  8.2156  8.0051  7.7990  7.5978  7.4011  7.2089  7.0226  6.8497  6.6994  6.5339  6.1601  5.8556  5.3785  4.5594  4.3113  5.4052  5.8455  5.8900  5.9256  5.9251  5.9287  5.8915  5.8856  5.8799 
11.1505 11.4393 11.7502 11.8741 11.8861 11.8850 11.8816 11.8993 12.1014 11.7752 11.4956 11.3948 11.1876 11.0402 10.8652 10.7280 10.5598 10.3984 10.1840 9.7786  9.5087  9.3418  9.1146  8.8792  8.6553  8.4337  8.2184  8.0074  7.8014  7.6001  7.4033  7.2110  7.0233  6.8412  6.6473  6.3763  6.2895  6.0681  5.6102  5.3176  5.2062  5.5257  5.8441  6.0375  6.0507  6.0506  6.0493  6.0483  6.0460  6.0348 
11.1894 11.4652 11.7581 12.1031 12.1933 12.1895 12.1855 12.1043 12.1751 12.0148 11.7495 11.4649 11.3336 11.1393 11.0134 10.8336 10.6701 10.5025 10.2690 9.9684  9.5989  9.3568  9.1117  8.8844  8.6567  8.4367  8.2206  8.0099  7.8037  7.6024  7.4055  7.2132  7.0245  6.7825  6.5039  6.4184  6.2937  6.1154  5.8131  5.5872  5.7260  5.8456  5.8988  6.1528  6.2132  6.2166  6.2159  6.2140  6.2073  6.1733 
11.1206 11.5309 11.7777 12.0836 12.4762 12.5114 12.4371 12.3754 12.3208 12.1617 11.9964 11.7327 11.4134 11.3102 11.1124 10.9465 10.7876 10.5422 10.2672 10.0087 9.6939  9.3040  8.8944  8.7232  8.6250  8.4313  8.2217  8.0118  7.8061  7.6046  7.4078  7.2154  7.0161  6.7667  6.6081  6.4730  6.3100  6.1343  6.1305  5.9358  6.1162  6.1937  6.1438  6.1611  6.3578  6.3876  6.3855  6.3831  6.3468  6.3052 
11.0854 11.4372 11.6314 11.9766 12.1776 12.6430 12.5924 12.6883 12.6846 12.4545 12.2004 11.9255 11.6565 11.3951 11.2268 11.0837 10.8199 10.5450 10.1062 9.8174  9.6802  9.4126  8.9742  8.6230  8.4287  8.3678  8.2049  8.0093  7.8071  7.6066  7.4099  7.2175  6.8918  6.7927  6.6561  6.4856  6.3085  6.1488  6.3785  6.2354  6.3448  6.4372  6.4777  6.5169  6.4729  6.5442  6.5650  6.5217  6.4826  6.4291 
10.9731 11.1753 11.4864 11.7517 12.1664 12.1670 12.5317 12.5767 12.7892 12.6360 12.4326 12.0860 11.8485 11.5090 11.3935 11.1029 10.8164 10.5511 10.2079 9.7944  9.5859  9.3804  9.1347  8.6491  8.3978  8.2207  8.1302  7.9821  7.7997  7.6059  7.4113  7.2195  7.0266  6.8448  6.6646  6.4842  6.2628  6.4084  6.2919  6.4335  6.5639  6.5728  6.6353  6.6035  6.8237  6.7573  6.6994  6.6623  6.6094  6.5456 
10.7772 11.1479 11.3344 11.6105 11.7908 12.0966 12.0765 12.3607 12.5132 12.7757 12.4990 12.3366 12.0239 11.7676 11.3948 11.0652 10.8179 10.5498 10.3110 10.0244 9.6546  9.4908  9.1531  8.7696  8.3998  8.0297  7.6151  7.7021  7.4624  7.4535  7.3790  7.2138  7.0313  6.8457  6.6695  6.4592  6.3810  6.3856  6.6148  6.5140  6.6787  6.7053  6.8083  6.8418  6.6788  6.8957  6.8468  6.7934  6.7199  6.7052 
10.7160 11.0359 11.2703 11.3987 11.6009 11.7336 11.9445 12.1383 12.4020 12.5208 12.7150 12.3291 12.2194 11.8464 11.4535 11.1537 10.8022 10.5955 10.2477 10.0372 9.9030  9.5286  9.1326  8.8520  8.5077  8.1184  7.7403  7.1980  7.2759  7.1918  7.2017  7.1545  7.0156  6.8456  6.7063  6.5635  6.6020  6.6384  6.6925  6.8170  6.8018  7.0431  7.0567  6.9196  6.9276  6.8513  6.9844  6.8929  6.8896  6.8879 
10.6177 10.9484 11.0965 11.2723 11.4028 11.5918 11.7933 12.0539 12.2510 12.3925 12.6923 12.5985 12.0681 11.8647 11.5546 11.2464 11.0268 10.7396 10.3581 10.1891 9.9392  9.5810  9.2048  8.8562  8.5724  8.2415  7.9562  7.4389  6.4551  6.5059  6.6898  6.8679  6.9146  6.8676  6.8707  6.7570  6.6564  6.9335  6.8337  6.8308  7.0681  7.0135  7.1941  7.0583  7.0542  7.0686  7.0208  7.0739  7.0807  7.0669 
10.5205 10.7952 10.9598 11.1041 11.2989 11.6222 11.6368 11.9118 12.0669 12.4203 12.4397 12.6320 12.2839 11.9828 11.6341 11.5638 11.1872 10.9242 10.6182 10.2364 9.7467  9.5528  9.3025  8.9371  8.5900  8.2846  7.6947  7.0202  6.0561  5.0659  5.4519  6.3474  6.7866  7.0803  6.9468  6.8591  6.8221  6.9308  7.0113  7.0018  6.9737  7.2441  7.2952  7.3381  7.3919  7.3353  7.2232  7.2778  7.2607  7.2561 
10.3813 10.6567 10.8072 10.9839 11.1328 11.3692 11.6031 11.7003 12.0098 12.0972 12.4574 12.3889 12.5214 12.0515 11.9874 11.6154 11.2842 10.7395 10.6118 10.3389 9.9466  9.5577  9.2735  9.0681  8.6989  8.2194  7.5420  6.8763  6.3964  5.4543  5.0662  6.2084  6.9849  7.1298  7.0347  7.0240  7.0034  6.8830  7.0859  7.2139  7.1923  7.2260  7.5612  7.5747  7.6792  7.6105  7.5314  7.4433  7.4393  7.4598 
10.2463 10.5139 10.6820 10.8426 11.0578 11.2625 11.4261 11.6270 11.7206 12.0235 12.0132 12.4216 12.2360 12.2318 11.9447 11.6746 11.1893 10.8374 10.5215 10.3373 10.1211 9.7451  9.3532  8.9687  8.5901  8.0665  7.7264  7.5171  7.1046  6.4985  6.1550  6.9099  6.9611  7.2108  7.2161  7.2064  7.1121  7.0060  6.9688  7.0934  7.1751  7.4434  7.5364  7.9381  7.9051  7.8800  7.7419  7.6527  7.5142  7.6862 
10.1119 10.3889 10.5551 10.7555 10.9505 11.1169 11.2876 11.3774 11.7614 11.6455 12.0058 11.9635 12.5154 12.1494 11.9914 11.7642 11.2435 10.9179 10.6042 10.4335 10.2441 9.9816  9.5132  9.1013  8.5357  8.4914  8.3322  7.7718  7.5039  7.6172  7.4375  7.1624  7.4532  7.3966  7.4181  7.3094  7.1896  7.1295  7.0803  6.9554  7.1186  7.3849  7.6944  7.8432  8.2750  8.1797  8.0451  7.8578  7.9321  7.8847 
9.9908  10.2705 10.4609 10.6476 10.8128 10.9723 11.1014 11.3730 11.3655 11.6651 11.5575 11.9323 11.8334 12.2443 11.7901 11.5718 11.4734 11.0106 10.7069 10.5239 10.2553 10.0696 9.8081  9.2786  8.9229  8.9345  8.3822  8.0664  8.2003  8.2322  7.9496  7.6177  7.4035  7.6436  7.5117  7.3743  7.3207  7.2797  7.1894  7.1146  7.0498  7.3123  7.5770  7.9606  8.0241  8.4047  8.2246  8.1755  8.2400  8.0079 
9.8718  10.1291 10.3380 10.5137 10.6692 10.8142 11.0263 11.0868 11.2739 11.1696 11.5424 11.3985 11.7170 11.6768 11.9254 11.7723 11.3254 11.2948 10.8214 10.5029 10.3347 10.1328 9.6633  9.3397  9.3852  8.9601  8.5677  8.5889  8.4948  8.2814  7.9628  7.7169  7.6134  7.7182  7.5590  7.5155  7.4877  7.3813  7.3129  7.2078  7.1400  7.3393  7.5701  7.7630  8.1107  8.1466  8.3546  8.2254  8.1109  7.9992 
9.7326  9.9590  10.0365 10.3143 10.5237 10.7088 10.8279 11.1253 11.0311 11.1358 11.0884 11.4239 11.3628 11.5075 11.5717 11.5892 11.3773 11.0736 10.9227 10.5996 10.4652 9.9297  9.9883  9.9031  9.3379  9.0387  8.9334  8.7413  8.5158  8.2125  7.9226  7.9082  7.7226  7.7062  7.7134  7.7070  7.5730  7.5180  7.4056  7.2857  7.1477  7.3523  7.5268  7.7081  7.8910  8.0818  8.0879  8.0286  7.9204  7.8730 
9.5829  9.8563  10.0511 10.2329 10.3529 10.5492 10.7783 10.8257 11.1166 10.9043 10.8703 11.1127 11.2265 11.2970 11.1154 11.3071 11.3269 11.1019 10.8275 10.8058 10.4391 10.3307 9.9689  9.5846  9.5045  9.1904  8.9792  8.7421  8.5092  8.1201  7.9453  7.7442  7.7041  7.8517  7.9423  7.7607  7.7322  7.6068  7.4874  7.3377  7.2231  7.3175  7.4802  7.5977  7.6748  7.8520  7.8515  7.8489  7.7974  7.7077 
9.4811  9.7727  9.9499  10.1248 10.4085 10.4501 10.6113 10.8370 10.7298 10.7913 10.8682 10.8001 10.8328 10.8529 11.0954 10.9546 10.8952 10.6738 10.7764 10.5598 10.3881 10.2319 9.8944  9.6364  9.3312  9.2220  8.9686  8.6670  8.3861  8.0485  7.9466  7.9323  7.8137  7.7318  7.9207  7.9597  7.8097  7.6965  7.5303  7.4160  7.3197  7.2651  7.3783  7.4675  7.6019  7.6236  7.6259  7.6258  7.6184  7.5708 
9.3961  9.6787  9.8639  10.1130 10.3061 10.4436 10.6043 10.6659 10.6574 10.7118 10.4057 10.6466 10.5489 10.7350 10.6501 10.6153 10.4182 10.4855 10.3873 10.3862 10.5250 10.1138 9.7239  9.5671  9.3741  9.1175  8.8549  8.5102  8.2796  8.2128  8.1648  8.0286  7.8765  7.6931  7.8284  8.0106  7.9154  7.7245  7.6122  7.5247  7.3843  7.2642  7.2608  7.3668  7.3987  7.4031  7.4041  7.4058  7.4053  7.3929 
9.3390  9.6113  9.8774  10.1105 10.2291 10.4858 10.5787 10.6797 10.7345 10.6450 10.3008 10.2465 10.5480 10.5212 10.4084 10.3515 10.4005 10.2361 10.4424 10.4635 10.3084 9.9795  9.7368  9.4935  9.3183  9.0180  8.6738  8.4953  8.4694  8.4000  8.2457  8.0937  7.9005  7.7002  7.7598  7.9075  7.9195  7.8110  7.7391  7.5786  7.4707  7.2860  7.1466  7.1801  7.1859  7.1873  7.1889  7.1900  7.1914  7.1878 
9.3387  9.6114  9.8712  10.1672 10.4058 10.4881 10.7292 10.6013 10.6215 10.3327 10.1958 10.2950 10.2358 10.2471 10.2193 10.1328 10.0933 10.1246 10.1607 10.1371 9.9821  9.8925  9.7135  9.4890  9.2634  9.0667  8.8583  8.7363  8.6407  8.4641  8.3177  8.1135  7.9067  7.7031  7.6915  7.7865  7.9894  7.9667  7.7704  7.6871  7.4835  7.2915  7.1048  6.9778  6.9777  6.9779  6.9788  6.9802  6.9813  6.9800 
9.3428  9.6101  9.8893  10.1483 10.4676 10.6033 10.4868 10.6058 10.3771 10.2983 10.0824 9.9947  9.9981  9.9610  9.9576  9.9290  9.8617  9.9018  10.0273 9.9455  9.7874  9.7103  9.6153  9.4525  9.2453  9.1274  8.9673  8.8872  8.6818  8.5503  8.3307  8.1179  7.9091  7.7055  7.5732  7.6949  7.8263  7.8836  7.9175  7.6824  7.4886  7.2924  7.1040  6.9273  6.8067  6.7813  6.7762  6.7759  6.7769  6.7757 
9.3251  9.6199  9.8792  10.1522 10.2858 10.2964 10.4598 10.4050 10.2478 10.1123 10.0081 9.8341  9.7401  9.7185  9.6891  9.6775  9.6710  9.9415  9.8242  9.7126  9.6589  9.5348  9.4474  9.3484  9.1974  9.0167  8.9641  8.9117  8.7946  8.5512  8.3340  8.1200  7.9117  7.7077  7.5160  7.5926  7.6513  7.6797  7.6697  7.6598  7.4813  7.2943  7.1049  6.9213  6.7530  6.6355  6.5936  6.5814  6.5787  6.5767 
9.2617  9.6087  9.8501  9.9823  10.0258 10.1394 10.1439 10.1568 10.1060 9.9768  9.8487  9.7339  9.5846  9.4889  9.4513  9.4402  9.6478  9.7922  9.6717  9.5585  9.4587  9.3886  9.2824  9.1915  9.0904  8.9497  8.7951  8.7222  8.6593  8.5421  8.3330  8.1222  7.9138  7.7101  7.5116  7.4276  7.4515  7.4484  7.4551  7.4488  7.4212  7.2771  7.1026  6.9207  6.7429  6.5817  6.4658  6.4126  6.3931  6.3852 
9.2173  9.4474  9.5815  9.6718  9.7346  9.8212  9.8461  9.8557  9.8606  9.8139  9.7047  9.5847  9.4673  9.3337  9.2383  9.2583  9.3956  9.4806  9.4935  9.4043  9.2999  9.2044  9.1264  9.0300  8.9386  8.8373  8.7062  8.5687  8.4848  8.4128  8.2973  8.1119  7.9109  7.7089  7.5102  7.3284  7.2374  7.2338  7.2317  7.2349  7.2284  7.1930  7.0712  6.9106  6.7373  6.5659  6.4109  6.2962  6.2350  6.2073 
