#Value Function.
264.28  267.63  271.32  274.58  276.26  276.43  276.17  275.34  274.15  274.03  274.51  275.22  276.02  276.93  277.94  279.15  280.59  282.27  284.03  285.62  286.85  287.59  287.99  288.14  288.18  288.17  288.16  288.70  289.88  291.00  292.08  292.95  293.79  294.46  295.06  295.52  295.82  295.96  296.16  296.13  296.16  295.94  295.66  294.59  292.10  288.04  282.64  276.41  269.76  262.94 
270.87  273.15  276.11  279.08  281.37  282.39  282.58  282.39  282.13  282.41  283.06  283.84  284.67  285.54  286.47  287.49  288.73  290.21  291.96  293.80  295.45  296.73  297.46  297.86  297.95  297.97  297.85  297.66  298.41  299.71  300.83  301.87  302.65  303.45  304.03  304.57  304.94  305.18  305.29  305.35  305.29  305.08  304.16  301.72  297.63  292.11  285.75  278.98  272.11  265.27 
278.25  280.04  281.88  284.35  286.35  287.72  288.85  289.50  289.87  290.65  291.55  292.52  293.41  294.31  295.21  296.16  297.19  298.46  299.97  301.79  303.67  305.39  306.73  307.42  307.77  307.74  307.55  306.93  307.01  308.28  309.54  310.59  311.65  312.21  312.99  313.46  313.86  314.06  314.32  314.22  314.28  313.43  311.13  307.10  301.46  294.98  288.06  281.17  274.33  267.55 
286.23  287.63  289.05  290.60  292.35  293.87  295.30  296.49  297.78  298.96  300.21  301.30  302.33  303.28  304.22  305.12  306.10  307.13  308.39  309.94  311.84  313.80  315.51  316.77  317.26  317.32  316.88  315.76  315.59  316.97  318.23  319.46  320.32  321.39  321.82  322.31  322.60  323.06  323.01  323.18  322.60  320.27  316.31  310.60  304.07  297.10  290.21  283.26  276.59  269.87 
294.94  295.88  297.03  298.30  299.60  301.07  302.66  304.14  305.73  307.35  308.84  310.20  311.37  312.44  313.42  314.37  315.29  316.25  317.29  318.57  320.10  322.09  324.03  325.53  326.04  326.05  325.70  324.31  324.51  325.64  327.01  328.21  329.38  330.07  330.93  331.14  331.52  331.58  331.88  331.41  329.20  325.15  319.44  312.86  305.99  299.14  292.13  285.50  278.88  272.23 
304.14  304.88  305.67  306.67  307.80  309.14  310.66  312.32  314.01  315.77  317.51  319.11  320.52  321.71  322.82  323.81  324.75  325.68  326.60  327.66  328.93  330.41  332.28  333.82  334.42  334.53  333.89  332.77  333.33  334.52  335.69  337.00  338.18  339.01  339.53  340.12  340.01  340.34  340.03  337.76  333.76  328.08  321.42  314.61  307.76  300.87  294.27  287.76  281.22  274.62 
313.80  314.37  314.97  315.74  316.69  317.85  319.22  320.80  322.51  324.32  326.20  328.02  329.66  331.12  332.33  333.42  334.42  335.33  336.24  337.14  338.11  339.37  340.60  342.14  342.73  342.67  342.42  341.67  342.33  343.31  344.60  345.63  346.87  347.72  348.26  348.44  348.71  348.41  346.09  341.99  336.22  329.54  322.71  315.93  309.29  302.70  296.38  290.08  283.58  277.03 
323.84  324.30  324.75  325.34  326.10  327.08  328.26  329.68  331.30  333.09  334.98  336.92  338.82  340.49  341.95  343.17  344.25  345.23  346.11  346.90  347.72  348.59  349.63  350.36  351.02  351.14  350.80  350.81  351.27  352.25  353.31  354.67  355.29  356.23  356.67  356.98  356.67  354.37  350.04  344.03  337.24  330.38  323.56  317.19  310.87  304.67  298.59  292.28  285.95  279.42 
334.20  334.61  334.95  335.40  335.99  336.78  337.78  338.99  340.45  342.12  343.98  345.91  347.92  349.84  351.56  353.01  354.20  355.26  356.13  356.94  357.66  358.36  359.04  359.71  359.99  360.23  360.39  360.31  360.64  361.34  362.37  363.17  364.23  364.28  364.89  364.66  362.29  358.05  351.71  344.65  337.74  330.97  324.61  318.55  312.67  306.65  300.58  294.52  288.28  281.76 
344.82  345.25  345.53  345.88  346.33  346.93  347.74  348.76  350.01  351.50  353.23  355.14  357.13  359.16  361.11  362.88  364.27  365.33  366.35  366.98  367.71  368.25  368.84  369.30  369.58  369.77  370.04  370.12  370.24  370.61  371.23  372.02  372.25  372.91  372.47  369.99  365.61  359.30  352.06  344.99  338.02  331.71  325.70  320.05  314.29  308.56  302.80  296.84  290.69  283.73 
355.61  356.16  356.45  356.73  357.08  357.54  358.16  358.98  360.03  361.31  362.84  364.62  366.55  368.60  370.65  372.61  374.31  375.60  376.57  377.38  377.80  378.28  378.63  379.08  379.33  379.53  379.72  379.93  380.03  380.10  380.38  380.76  381.14  380.37  377.62  372.95  366.54  359.15  352.36  345.09  338.68  332.48  326.90  321.32  315.87  310.54  304.85  299.07  292.54  284.92 
366.39  367.25  367.65  367.94  368.22  368.57  369.04  369.66  370.50  371.59  372.89  374.47  376.26  378.19  380.32  382.34  384.24  385.82  386.85  387.66  388.22  388.42  388.58  388.81  389.18  389.33  389.54  389.63  389.81  389.82  389.98  389.83  388.72  385.67  380.55  373.77  366.08  359.51  352.32  345.76  339.20  333.54  327.88  322.62  317.65  312.37  307.11  300.92  293.58  285.75 
376.88  378.35  379.05  379.44  379.72  380.00  380.36  380.83  381.46  382.32  383.44  384.77  386.35  388.15  390.09  392.17  394.10  395.85  397.19  398.10  398.56  398.80  398.86  398.88  399.03  399.27  399.41  399.65  399.60  399.75  399.46  397.74  394.15  388.54  381.22  373.10  366.33  358.86  352.67  345.84  340.11  334.28  328.87  324.04  318.96  314.43  308.79  301.65  294.35  286.14 
386.67  389.17  390.48  391.16  391.53  391.80  392.09  392.44  392.92  393.57  394.44  395.55  396.91  398.48  400.25  402.11  404.10  405.97  407.47  408.54  409.12  409.26  409.30  409.27  409.25  409.35  409.63  409.63  409.86  409.60  407.82  403.79  397.70  389.58  380.51  373.00  365.33  359.03  352.27  346.37  340.40  334.60  329.56  324.57  320.54  315.75  309.35  302.51  294.83  286.25 
395.25  399.27  401.63  402.91  403.57  403.93  404.19  404.48  404.84  405.32  405.98  406.82  407.97  409.32  410.85  412.54  414.25  416.07  417.71  418.90  419.66  420.00  419.93  419.95  419.73  419.81  420.01  420.15  420.01  418.21  413.99  407.47  398.90  389.13  380.31  371.81  364.75  357.96  352.27  346.11  340.49  334.92  329.72  325.42  320.93  315.97  309.86  302.80  294.77  286.22 
402.22  408.12  412.05  414.41  415.67  416.30  416.65  416.90  417.19  417.55  418.04  418.66  419.52  420.66  421.96  423.39  424.98  426.44  428.05  429.41  430.27  430.80  430.97  430.85  430.75  430.73  430.95  430.81  429.07  424.81  418.02  409.04  398.85  388.87  379.60  371.05  363.20  356.80  351.00  345.58  340.00  334.59  329.71  325.08  320.73  316.10  310.15  302.87  294.81  286.24 
407.39  415.29  421.19  425.17  427.52  428.75  429.36  429.68  429.93  430.22  430.59  431.04  431.67  432.50  433.59  434.79  436.08  437.48  438.63  439.99  441.06  441.67  442.03  442.18  442.00  442.11  442.02  440.19  435.95  429.04  419.78  409.15  398.46  388.54  378.83  369.88  361.93  354.74  349.20  343.93  338.76  333.46  328.77  324.24  319.92  314.86  309.43  302.29  294.49  286.02 
410.81  420.57  428.55  434.60  438.63  440.97  442.16  442.74  443.06  443.29  443.59  443.91  444.38  444.97  445.72  446.73  447.78  448.83  450.01  450.77  451.89  452.72  453.12  453.37  453.45  453.38  451.61  447.34  440.35  430.83  419.94  408.92  398.32  387.86  378.23  368.90  360.38  352.74  346.32  341.22  336.32  331.48  326.17  321.71  317.60  313.14  306.99  301.04  293.62  285.57 
412.77  424.03  433.94  442.16  448.36  452.44  454.76  455.92  456.47  456.77  456.99  457.26  457.58  458.01  458.52  459.14  460.04  460.84  461.60  462.53  463.01  463.91  464.43  464.62  464.75  463.16  458.97  451.88  442.25  431.10  419.75  408.79  397.86  387.36  377.19  367.84  358.89  350.71  343.57  337.58  332.71  327.94  323.33  318.08  313.80  309.56  304.65  298.48  292.00  284.51 
413.72  425.97  437.45  447.67  456.12  462.49  466.62  468.91  470.02  470.55  470.84  471.04  471.27  471.55  471.96  472.33  472.82  473.57  474.06  474.50  475.17  475.30  475.88  475.97  474.45  470.32  463.31  453.74  442.51  430.88  419.50  408.42  397.48  386.80  376.65  366.59  357.51  348.89  341.09  334.28  328.55  323.85  319.15  314.55  309.56  305.20  300.64  295.51  289.38  282.63 
414.14  426.89  439.37  451.22  461.76  470.46  477.00  481.17  483.42  484.49  484.99  485.26  485.41  485.60  485.84  486.13  486.46  486.76  487.33  487.48  487.71  488.05  487.69  485.84  481.62  474.74  465.30  454.09  442.35  430.77  419.43  408.49  397.97  387.76  377.25  366.72  356.15  347.20  339.02  331.51  324.94  319.43  314.68  310.15  305.48  300.62  296.06  291.37  286.13  279.96 
414.35  427.28  440.24  453.11  465.35  476.22  485.18  491.91  496.09  498.31  499.32  499.79  500.01  500.16  500.29  500.45  500.62  500.88  500.91  501.27  501.21  500.41  498.19  493.44  486.29  476.91  465.65  453.81  442.47  431.01  419.91  409.45  399.29  388.46  377.73  366.73  356.07  345.93  337.27  329.33  322.94  317.88  312.29  306.11  300.94  296.19  291.29  286.73  282.01  276.67 
414.49  427.48  440.61  453.93  467.20  479.85  491.06  500.28  507.21  511.41  513.58  514.52  514.98  515.13  515.23  515.32  515.45  515.47  515.60  515.38  514.32  511.65  506.57  498.75  489.01  477.60  465.17  453.60  442.52  431.28  420.91  410.90  400.03  389.13  377.86  366.71  355.94  346.05  338.12  332.32  327.28  321.80  315.47  308.28  300.34  292.07  286.79  281.96  277.43  272.63 
414.61  427.62  440.79  454.27  467.97  481.66  494.74  506.29  515.77  522.94  527.12  529.23  530.11  530.50  530.63  530.68  530.71  530.73  530.43  529.29  526.36  521.00  512.53  502.04  490.15  477.37  464.98  453.45  442.45  431.95  421.88  411.62  400.61  389.34  377.89  366.72  356.23  347.88  342.09  337.02  331.54  325.22  317.92  309.90  301.43  293.22  285.59  278.75  272.84  268.12 
414.70  427.74  440.94  454.44  468.28  482.36  496.49  510.02  521.92  531.67  539.10  543.24  545.26  546.07  546.33  546.45  546.37  546.13  545.02  542.03  536.45  527.40  516.48  503.83  490.45  476.95  464.63  453.35  442.50  432.31  422.30  411.93  400.76  389.32  377.90  366.82  358.05  352.16  347.12  341.54  335.12  327.78  319.64  311.12  302.75  295.00  288.05  281.62  275.31  268.54 
414.78  427.83  441.06  454.59  468.44  482.64  497.11  511.69  525.70  537.96  547.95  555.69  559.67  561.56  562.17  562.41  562.21  561.16  558.20  552.61  543.13  531.79  518.63  504.54  490.34  476.75  464.03  452.82  442.27  432.24  422.24  411.86  400.77  389.25  377.80  368.53  362.65  357.58  351.89  345.30  337.79  329.53  320.89  312.40  304.54  297.54  291.15  284.75  277.95  270.57 
414.83  427.91  441.15  454.71  468.58  482.78  497.35  512.22  527.27  541.80  554.39  564.56  572.55  576.07  577.48  577.99  577.51  574.80  569.36  559.31  547.73  534.12  519.52  504.71  490.15  476.34  463.36  451.69  441.16  431.30  421.47  411.25  400.26  389.15  379.33  373.57  368.41  362.53  355.76  348.04  339.56  330.77  322.14  314.31  307.28  300.91  294.45  287.51  280.04  272.07 
414.88  427.96  441.23  454.79  468.68  482.91  497.45  512.42  527.71  543.23  558.25  571.03  581.15  588.48  590.53  592.01  590.51  585.86  575.88  564.14  550.13  535.08  519.82  504.71  490.01  475.91  462.65  450.28  439.54  429.29  419.57  409.94  399.31  390.36  385.09  379.89  373.71  366.62  358.70  349.93  340.90  332.14  324.28  317.24  310.90  304.39  297.31  289.65  281.57  273.05 
415.08  427.99  441.27  454.86  468.75  482.97  497.55  512.47  527.87  543.53  559.44  574.73  586.67  595.87  599.24  601.22  599.07  591.54  580.24  566.43  551.04  535.41  519.90  504.67  489.93  475.65  462.05  449.28  437.51  427.03  417.04  407.44  401.72  397.03  391.82  385.45  377.99  369.76  360.69  351.36  342.38  334.41  327.37  321.06  314.53  307.34  299.49  291.22  282.56  273.59 
416.07  428.11  441.28  454.88  468.77  482.99  497.55  512.53  527.86  543.63  559.54  575.23  589.30  599.64  603.66  603.66  602.11  594.76  582.48  567.29  551.38  535.53  519.90  504.66  489.83  475.49  461.71  448.61  436.49  426.25  418.96  413.78  409.44  404.20  397.69  389.89  381.36  371.84  362.20  352.88  344.74  337.70  331.47  324.96  317.62  309.58  301.11  292.21  283.09  273.87 
419.73  428.86  441.31  454.86  468.77  482.98  497.57  512.50  527.91  543.58  559.64  575.25  589.50  599.74  604.29  604.29  602.21  595.17  582.50  567.34  551.41  535.49  519.88  504.62  489.77  475.40  461.64  449.39  438.56  431.14  426.17  422.05  416.89  410.35  402.20  393.44  383.47  373.31  363.63  355.27  348.19  342.07  335.57  328.15  319.90  311.25  302.12  292.73  283.36  273.99 
428.35  432.34  441.79  454.83  468.74  482.96  497.53  512.51  527.86  543.67  559.30  574.45  588.22  598.61  602.73  602.73  598.88  592.80  581.37  566.96  551.26  535.45  519.84  504.60  489.80  475.53  462.36  450.99  442.87  437.88  434.50  429.67  423.23  414.77  405.94  395.39  384.61  374.60  365.70  358.41  352.62  346.29  338.83  330.43  321.64  312.27  302.62  293.00  283.47  274.03 
440.41  441.48  445.00  455.04  468.67  482.88  497.48  512.44  527.85  543.35  558.73  573.39  585.99  594.43  598.45  598.45  596.51  587.90  578.39  565.68  550.90  535.35  519.81  504.56  489.87  475.72  463.32  454.13  447.73  444.52  440.90  435.38  426.97  418.68  407.69  396.29  385.68  376.08  367.90  362.15  356.38  349.15  341.01  332.18  322.63  312.75  302.88  293.10  283.51  274.03 
453.83  454.12  454.77  457.84  468.64  482.79  497.38  512.38  527.57  542.79  557.74  571.41  581.41  589.19  593.42  593.42  591.99  585.33  574.22  562.60  549.48  534.93  519.68  504.52  489.84  476.16  464.52  456.31  451.56  447.82  443.92  437.90  430.72  420.08  408.26  396.70  386.23  376.90  370.29  364.46  357.82  350.97  342.33  333.03  323.04  313.00  302.97  293.14  283.51  274.03 
467.78  467.98  468.03  468.44  470.84  482.68  497.28  512.09  526.98  541.69  555.52  567.06  577.39  585.14  587.47  587.33  586.65  581.62  571.79  559.24  546.71  533.49  519.20  504.44  489.95  476.52  465.31  457.21  452.09  447.98  444.63  439.20  430.94  420.07  408.28  396.69  386.23  377.69  371.01  364.80  358.86  351.65  343.23  333.42  323.30  313.04  303.00  293.13  283.51  274.03 
482.12  482.30  482.33  482.33  482.51  483.93  496.97  511.48  525.82  539.41  551.47  562.91  572.88  578.81  580.25  580.93  580.16  576.16  567.97  556.51  543.55  530.87  517.76  503.83  489.68  476.15  464.52  456.31  451.56  448.29  444.45  439.31  430.88  420.10  408.26  396.70  386.23  377.69  371.01  364.88  358.50  351.86  343.11  333.50  323.26  313.07  302.98  293.14  283.51  274.03 
496.74  497.03  497.02  497.05  497.02  497.05  497.03  510.28  523.54  535.50  546.93  557.42  565.24  570.06  572.25  571.85  570.68  567.97  561.49  552.10  540.43  527.77  515.26  502.40  489.03  475.83  464.11  455.56  449.39  446.10  442.84  437.66  429.42  419.10  408.07  396.41  385.69  376.82  369.45  363.72  357.75  349.90  342.36  332.95  323.08  312.97  302.96  293.11  283.51  274.03 
511.76  512.01  512.14  512.10  512.16  512.09  511.90  510.23  519.79  531.02  541.40  549.47  555.54  558.85  560.09  560.32  558.64  556.28  552.54  545.39  535.92  524.58  512.30  500.05  487.57  474.85  462.95  452.60  445.42  440.92  437.57  432.82  426.36  417.04  406.75  395.84  384.97  375.05  367.62  360.59  354.82  348.11  340.08  331.82  322.42  312.75  302.86  293.08  283.49  274.03 
526.98  527.45  527.48  527.64  527.54  527.51  526.01  521.35  515.41  525.41  533.39  539.57  543.28  545.17  546.18  546.05  546.02  543.78  540.53  536.35  529.29  520.05  509.11  497.31  485.36  473.34  461.23  450.48  441.41  434.46  429.90  425.54  420.27  413.47  404.44  394.34  384.04  373.83  364.75  357.35  350.57  344.33  337.43  329.51  321.20  312.06  302.60  292.98  283.46  274.01 
542.70  543.00  543.34  543.25  543.42  542.13  537.36  529.80  520.91  517.64  523.63  527.41  529.65  530.66  530.99  531.07  530.97  530.38  528.06  524.81  520.45  513.65  504.75  494.36  482.97  471.33  459.78  448.13  437.94  429.12  422.32  417.30  412.87  407.49  400.60  391.96  382.26  372.37  362.72  353.96  346.64  339.85  333.51  326.67  318.96  310.77  301.89  292.69  283.34  273.97 
558.63  559.17  559.09  559.47  558.47  553.49  545.72  536.65  526.47  514.83  511.86  514.11  515.21  515.59  515.77  515.73  515.77  515.55  514.76  512.57  509.43  505.27  498.96  490.81  480.79  469.77  458.47  446.84  436.20  426.29  416.71  409.89  404.76  400.16  394.83  388.08  379.75  370.44  360.90  351.57  343.11  335.84  329.19  322.87  316.10  308.61  300.60  291.98  283.03  273.84 
575.16  575.34  575.71  574.62  569.39  561.15  552.24  542.17  530.23  518.04  504.27  500.05  500.45  500.67  500.66  500.68  500.66  500.61  500.36  499.59  497.58  494.98  491.27  486.69  478.91  469.25  459.15  448.96  439.35  428.37  416.36  404.65  397.59  392.42  387.78  382.50  375.89  367.83  358.87  349.63  340.62  332.38  325.23  318.71  312.44  305.80  298.51  290.69  282.31  273.51 
591.68  591.89  590.72  584.30  575.52  566.31  556.99  545.08  533.53  519.52  504.91  490.68  485.93  485.88  485.89  485.88  485.89  485.87  485.86  485.73  485.09  483.92  482.92  480.63  477.39  470.08  461.40  452.32  441.63  429.25  416.92  404.26  392.80  385.61  380.39  375.72  370.48  364.00  356.21  347.54  338.60  329.88  321.88  314.87  308.46  302.28  295.77  288.66  281.04  272.80 
605.42  606.26  598.52  587.84  578.35  568.85  558.74  548.15  534.62  520.04  505.09  490.31  477.19  472.12  471.52  471.47  471.45  471.47  471.52  471.65  471.95  472.43  473.48  475.32  474.51  471.17  463.26  454.19  442.15  429.78  416.87  404.32  391.99  381.15  373.93  368.67  363.97  358.77  352.43  344.88  336.50  327.84  319.40  311.64  304.76  298.47  292.38  285.99  279.07  271.53 
618.27  611.29  600.16  588.33  578.55  569.12  559.83  548.18  534.68  520.01  505.11  490.30  475.94  463.83  458.60  457.57  457.41  457.48  457.70  458.21  459.32  461.65  465.44  467.98  469.95  469.19  464.03  453.75  442.42  429.62  416.96  404.27  391.94  380.03  369.71  362.53  357.24  352.52  347.36  341.16  333.83  325.72  317.34  309.17  301.64  294.91  288.73  282.73  276.47  269.62 
614.51  611.63  599.12  587.91  578.35  569.34  559.70  548.26  534.63  520.04  505.09  490.31  475.79  461.96  450.69  445.38  444.00  444.04  444.66  446.01  448.88  453.60  458.45  463.04  463.81  464.26  462.07  454.06  442.14  429.78  416.87  404.32  391.90  379.87  368.39  358.51  351.40  346.09  341.36  336.25  330.19  323.07  315.22  307.11  299.20  291.88  285.29  279.23  273.32  267.09 
600.24  600.31  595.78  585.31  575.68  567.54  557.60  546.82  533.80  519.56  505.06  490.30  475.78  461.64  448.36  437.78  432.44  431.38  432.87  435.87  440.80  446.07  452.00  455.77  457.54  457.29  455.97  450.81  441.36  429.50  416.95  404.26  391.93  379.82  368.11  357.04  347.56  340.54  335.22  330.49  325.43  319.49  312.59  304.99  297.13  289.47  282.35  275.91  269.96  264.06 
584.07  583.96  583.59  579.43  570.71  562.49  553.39  542.95  531.67  518.41  504.42  490.15  475.74  461.59  447.86  435.12  425.12  419.95  422.94  427.72  433.15  439.04  443.91  446.67  447.82  447.97  446.51  443.92  437.62  428.18  416.52  404.22  391.87  379.83  368.05  356.66  345.97  336.84  329.93  324.62  319.90  314.89  309.08  302.37  295.01  287.40  279.97  273.06  266.76  260.83 
567.10  567.34  567.62  567.27  563.12  555.67  547.10  538.11  527.38  516.05  503.15  489.47  475.54  461.53  447.76  434.43  422.22  412.73  414.82  420.15  425.82  430.75  433.85  435.54  436.41  436.32  435.63  433.74  430.59  424.18  414.97  403.71  391.77  379.78  368.04  356.57  345.50  335.18  326.36  319.57  314.28  309.57  304.62  298.93  292.41  285.28  277.92  270.72  263.99  257.75 
550.59  551.03  550.92  551.23  550.54  546.73  539.50  531.22  522.17  511.73  500.49  487.97  474.68  461.12  447.51  434.11  421.20  409.49  407.23  412.66  417.41  420.56  422.38  423.43  423.75  423.80  423.38  422.43  420.47  417.09  410.81  401.87  391.04  379.50  367.85  356.41  345.25  334.50  324.53  316.01  309.35  304.09  299.40  294.50  288.94  282.61  275.70  268.57  261.59  254.99 
