#Value_Function_Estimate.
53.83   55.20   55.75   56.88   58.06   59.23   60.18   61.07   61.84   62.62   63.28   64.29   65.76   65.97   66.09   65.99   66.06   65.73   66.00   66.89   67.55   67.99   68.55   69.57   70.14   70.09   70.20   70.10   70.18   69.91   69.83   69.68   69.86   70.02   70.39   70.41   70.47   70.42   70.47   70.40   70.27   69.40   68.13   67.07   66.32   65.73   65.38   65.25   65.17   64.98  
53.75   55.58   56.55   57.37   58.53   59.73   60.95   61.90   62.81   63.58   64.43   65.06   66.13   67.90   67.91   68.07   67.63   67.65   67.44   68.01   68.99   69.61   70.01   70.52   71.69   72.28   72.12   72.29   71.93   71.91   71.63   71.58   71.68   71.87   72.00   72.45   72.42   72.50   72.41   72.38   71.46   70.09   69.04   68.31   67.70   67.30   67.15   67.07   66.91   66.36  
53.85   55.42   57.27   57.87   59.03   60.20   61.42   62.71   63.63   64.58   65.37   66.31   66.89   67.99   70.18   69.56   69.69   69.43   69.43   69.05   70.08   71.09   71.67   72.02   72.46   73.84   74.43   73.93   74.00   73.65   73.65   73.44   73.33   73.73   73.89   73.97   74.56   74.42   74.53   73.55   72.05   70.99   70.31   69.68   69.25   69.08   69.00   68.88   68.32   67.30  
53.78   55.56   56.96   58.80   59.46   60.72   61.90   63.14   64.52   65.39   66.42   67.21   68.28   68.77   69.80   71.83   71.44   71.57   71.04   70.94   71.01   72.16   73.18   73.72   74.02   74.36   75.18   76.12   75.63   75.72   75.48   75.30   75.35   75.30   75.81   75.93   75.94   76.72   75.67   74.01   72.95   72.32   71.66   71.20   71.04   70.95   70.89   70.33   69.17   68.47  
53.95   55.44   57.30   58.31   60.18   61.09   62.46   63.62   64.88   66.36   66.96   68.37   69.08   70.26   70.61   71.46   73.81   73.08   73.19   72.13   72.03   73.06   74.22   75.28   75.78   76.04   76.29   76.86   77.82   77.53   77.31   77.46   77.05   77.09   77.31   77.92   78.00   77.82   75.97   74.90   74.34   73.65   73.17   73.02   72.92   72.92   72.40   71.04   70.56   68.60  
53.79   55.70   56.83   58.46   59.70   61.49   62.56   64.19   64.86   66.41   67.78   68.51   69.04   69.55   71.50   72.29   73.04   75.55   74.15   74.19   73.28   74.09   75.10   76.30   77.41   77.86   78.10   78.30   78.86   79.28   79.63   79.06   79.09   79.04   79.14   79.33   80.09   77.92   76.86   76.39   75.66   75.14   75.03   74.91   74.99   74.55   72.86   72.75   70.52   68.65  
53.92   55.19   56.75   58.08   59.75   61.15   62.50   63.21   64.61   66.03   67.95   67.46   68.57   69.37   70.17   71.31   73.19   74.13   76.52   75.41   74.80   75.01   76.18   77.13   78.40   79.60   79.96   80.20   80.33   80.95   80.81   81.20   81.15   81.00   80.84   80.95   79.85   78.84   78.49   77.68   77.12   77.07   76.91   77.07   76.80   74.69   73.48   71.39   70.60   68.60  
53.53   55.05   56.44   58.05   59.45   60.73   61.56   62.87   64.28   65.89   65.95   66.62   67.42   68.20   69.31   70.97   72.11   74.08   74.46   76.74   77.15   76.57   76.99   78.31   79.17   80.53   81.83   82.07   82.33   82.38   83.15   82.40   82.67   82.46   82.25   81.60   80.82   80.65   79.73   79.17   78.78   78.65   79.22   78.28   76.34   74.68   72.77   71.40   69.57   68.54  
53.35   54.79   56.35   57.76   59.00   59.91   61.16   62.54   63.95   64.23   64.78   65.52   66.29   67.36   68.85   70.06   71.77   72.48   74.35   75.04   76.43   78.60   78.37   78.99   80.51   81.21   82.68   84.13   84.19   84.51   84.09   84.35   84.06   83.94   83.22   82.82   82.88   81.77   81.26   80.73   80.40   80.96   79.85   77.90   76.19   74.40   72.65   70.84   69.40   67.73  
53.12   54.66   56.07   57.30   58.28   59.48   60.81   62.09   62.51   63.01   63.69   64.44   65.45   66.81   68.04   69.55   70.45   72.06   72.96   74.34   76.31   77.64   79.12   80.07   81.02   82.71   83.23   84.83   86.42   86.09   86.24   85.67   85.70   85.16   84.79   85.21   83.82   83.38   82.85   82.30   82.61   81.31   79.77   77.79   76.45   74.46   72.52   70.68   68.93   67.46  
52.96   54.38   55.62   56.65   57.82   59.10   60.29   60.80   61.29   61.92   62.63   63.59   64.84   66.05   67.43   68.42   69.86   70.90   72.50   74.19   76.38   78.10   78.79   80.86   81.48   82.59   84.02   84.64   86.18   87.99   87.61   87.31   87.32   86.90   86.71   85.86   85.56   85.04   84.36   84.42   83.26   81.19   79.61   78.60   76.48   74.53   72.55   70.83   69.09   67.48  
52.68   53.93   55.01   56.18   57.42   58.53   59.11   59.60   60.20   60.89   61.78   62.94   64.12   65.39   66.42   67.77   69.19   71.14   72.61   74.72   76.05   77.97   79.92   79.81   81.70   82.34   82.81   84.94   85.68   86.33   88.66   88.58   88.58   88.58   87.73   87.60   87.07   86.34   86.28   85.22   82.82   81.55   80.85   78.50   76.58   74.51   72.82   71.01   69.43   67.59  
52.24   53.37   54.54   55.76   56.82   57.44   57.93   58.52   59.19   60.03   61.11   62.24   63.45   64.68   66.37   67.85   69.75   71.26   73.37   74.67   77.00   78.09   78.23   80.31   80.79   81.77   84.01   83.74   84.33   86.17   87.25   89.07   89.97   89.66   89.67   89.14   88.35   88.12   87.10   84.64   83.31   82.38   80.15   78.66   76.48   74.85   72.96   71.42   69.52   67.64  
51.71   52.89   54.09   55.13   55.78   56.29   56.86   57.52   58.34   59.34   60.42   61.65   63.44   65.45   66.59   68.46   69.88   71.95   73.32   75.67   76.47   76.36   78.14   79.71   80.69   83.19   81.81   82.33   84.05   85.33   87.52   88.28   89.57   91.01   90.95   90.32   89.97   89.00   86.53   84.80   83.92   81.72   80.68   78.42   76.93   74.91   73.46   71.47   69.56   67.63  
51.23   52.42   53.45   54.14   54.67   55.23   55.88   56.68   57.63   58.67   59.90   61.60   63.51   65.34   67.57   68.52   70.65   71.91   74.24   75.26   74.93   76.93   78.51   80.29   81.96   80.88   80.86   82.64   84.00   86.34   86.59   88.14   89.15   89.97   92.76   91.69   90.26   88.32   86.74   85.55   83.57   81.75   80.03   79.08   76.85   75.56   73.45   71.53   69.54   67.67  
50.74   51.77   52.50   53.06   53.63   54.33   55.61   56.63   57.74   59.10   60.43   61.67   63.44   65.46   66.71   68.92   70.51   72.94   73.74   73.61   75.38   77.23   79.19   80.68   79.98   79.66   80.56   82.51   84.92   84.85   86.61   87.64   88.69   89.54   90.22   91.18   89.74   88.43   86.32   84.72   83.30   82.20   79.93   78.52   77.73   75.43   73.53   71.48   69.58   67.74  
50.08   50.85   51.46   52.08   53.02   54.46   55.84   57.47   58.42   59.56   60.98   62.35   63.46   64.83   66.80   68.46   70.47   72.58   72.41   73.93   76.06   77.64   79.62   79.27   78.48   78.71   80.68   82.67   83.64   85.17   85.85   86.98   87.47   88.01   88.93   89.32   88.83   87.50   86.09   84.13   82.56   81.32   80.71   78.44   76.99   75.58   73.45   71.53   69.66   67.78  
49.19   49.90   50.88   52.11   53.37   54.62   56.15   57.62   59.49   60.32   61.56   63.00   64.35   65.24   66.45   68.35   70.22   70.95   72.90   74.99   76.19   78.61   78.40   77.42   77.41   78.83   80.87   82.87   83.52   83.83   85.21   85.58   86.38   87.18   88.93   88.62   87.76   86.98   85.33   83.80   81.98   80.48   79.67   79.15   76.88   75.30   73.52   71.63   69.68   68.01  
48.36   49.59   50.99   52.45   53.69   55.00   56.29   58.01   59.50   61.69   62.29   63.57   65.01   66.43   67.14   68.09   69.88   71.25   73.35   75.30   77.68   76.82   76.29   76.20   77.42   79.65   80.97   81.63   81.83   83.14   83.67   84.73   85.19   86.91   87.62   87.58   86.77   85.83   85.05   83.35   81.69   79.91   78.49   78.05   77.42   75.18   73.63   71.59   69.96   68.03  
48.48   49.80   51.12   52.54   54.09   55.33   56.71   58.18   60.04   61.45   64.09   64.18   65.55   66.89   68.56   69.03   70.10   72.36   73.52   75.92   75.57   75.14   75.17   76.11   78.38   79.43   79.49   80.21   81.37   81.95   83.00   83.34   84.77   86.35   87.15   85.96   85.64   84.85   83.74   82.98   81.69   79.72   77.90   76.56   76.45   75.73   73.52   71.97   69.93   68.20  
48.74   50.02   51.35   52.71   54.15   55.79   57.13   58.59   60.27   62.11   63.34   65.09   65.80   67.07   68.00   69.27   71.04   71.93   74.77   74.55   73.44   73.87   75.00   77.22   77.42   77.82   78.58   79.68   81.33   81.82   83.46   84.23   85.46   86.58   85.51   84.89   83.93   84.04   82.74   81.65   80.79   79.57   78.05   76.11   74.76   75.04   74.05   71.84   70.17   68.11  
48.99   50.28   51.59   52.95   54.34   55.81   57.58   59.17   60.73   62.39   63.82   63.98   65.60   66.45   67.59   69.80   70.04   72.53   73.37   72.37   72.83   73.82   76.04   75.42   76.24   77.27   79.16   80.66   81.88   83.83   83.95   85.78   86.46   84.86   84.64   84.27   82.81   81.93   81.77   80.63   79.55   78.63   77.65   76.20   74.55   73.13   73.08   72.20   70.00   68.21  
49.28   50.51   51.85   53.21   54.59   56.00   57.66   59.42   61.41   63.00   62.14   63.54   64.76   66.37   68.54   68.41   70.74   71.87   70.93   71.88   72.90   75.14   73.95   74.91   75.95   77.73   79.55   81.33   83.38   84.00   86.31   86.07   84.18   83.98   83.48   83.07   82.33   80.98   79.92   79.53   78.50   77.45   76.56   75.55   74.16   72.83   71.76   71.38   70.14   68.11  
49.55   50.82   52.04   53.45   54.86   56.28   57.84   59.83   61.65   60.83   61.59   62.99   64.62   66.80   66.89   68.51   70.43   69.58   70.70   71.86   74.21   72.94   72.92   74.56   76.16   78.29   79.82   82.02   83.40   85.78   84.98   84.18   83.47   82.04   81.80   81.33   81.16   80.70   79.43   77.95   77.37   76.37   75.39   74.51   73.49   72.16   71.15   70.26   69.29   68.11  
49.90   51.07   52.39   53.59   55.10   56.54   58.12   59.78   59.45   60.33   61.38   62.88   64.95   65.53   66.81   69.01   68.18   69.23   70.45   72.39   71.91   71.97   73.06   74.65   76.95   78.18   80.27   81.89   84.31   84.75   83.95   82.83   82.18   81.22   80.02   79.65   79.23   79.00   78.49   77.76   76.06   75.29   74.31   73.37   72.49   71.47   70.26   69.87   68.38   67.36  
49.88   51.49   52.59   54.02   55.20   56.55   58.11   58.09   59.47   60.69   62.15   63.12   64.68   65.54   67.63   66.86   67.86   69.08   70.91   70.14   70.26   71.80   73.14   75.47   76.39   78.25   80.33   82.49   83.53   83.07   83.35   81.86   80.79   79.90   78.97   77.94   77.48   77.08   76.80   76.34   76.08   74.40   73.29   72.30   71.39   70.50   69.50   68.41   67.82   66.51  
49.97   51.39   53.14   54.11   55.73   56.91   57.63   58.93   59.81   61.22   62.43   64.05   64.89   66.93   66.25   66.62   67.61   69.40   68.66   68.76   70.61   71.59   73.93   74.89   76.29   78.64   80.35   82.24   81.28   82.12   81.73   81.97   80.01   78.74   77.58   76.80   75.84   75.35   74.92   74.64   74.29   74.42   72.99   71.38   70.34   69.45   68.56   67.57   66.56   65.85  
50.00   51.53   52.89   54.13   55.70   56.87   58.18   59.27   60.69   61.46   63.04   64.20   66.25   65.74   65.12   65.91   67.60   67.18   67.33   69.33   69.94   72.01   73.42   74.54   76.88   78.27   80.51   79.86   80.13   80.84   80.96   80.17   80.65   78.15   76.80   75.54   74.70   73.81   73.27   72.84   72.58   72.30   72.24   71.52   69.58   68.45   67.55   66.66   65.67   64.71  
49.99   51.55   52.79   54.51   55.66   57.23   58.49   59.88   60.91   62.54   63.14   65.10   65.44   64.30   64.55   65.71   65.56   66.10   68.07   68.29   69.98   72.03   73.11   74.98   76.18   78.01   78.02   78.42   79.05   79.48   79.71   79.01   78.22   79.35   76.69   74.79   73.51   72.64   71.80   71.23   70.81   70.54   70.31   70.21   70.21   68.07   66.63   65.68   64.77   63.81  
50.05   51.48   53.15   54.26   55.70   57.26   58.90   60.13   61.65   62.67   64.59   64.15   64.26   63.44   63.75   64.40   64.98   66.95   66.82   68.28   70.37   71.87   72.98   74.06   75.59   75.92   76.69   76.73   77.24   78.01   78.58   78.81   77.71   76.82   77.24   74.61   72.74   71.49   70.59   69.79   69.22   68.81   68.55   68.35   68.27   68.05   66.23   64.83   63.83   62.92  
50.15   51.58   53.00   54.18   55.68   57.30   58.87   60.63   61.78   63.72   62.69   62.74   62.40   62.37   63.40   63.74   65.60   65.73   66.96   68.84   70.21   71.42   71.98   73.26   73.83   75.10   74.67   75.09   75.98   77.61   77.20   77.71   77.10   76.44   75.40   75.22   72.59   70.76   69.50   68.60   67.83   67.26   66.87   66.62   66.45   66.36   65.98   64.38   63.02   62.01  
50.07   51.72   52.74   54.15   55.70   57.26   58.94   60.50   62.44   61.80   61.83   61.05   60.96   61.76   62.77   64.64   64.97   65.98   67.65   68.83   70.23   69.98   71.06   71.80   73.24   72.79   73.05   73.96   75.16   75.63   76.11   75.66   76.03   75.39   74.34   74.11   73.16   71.00   69.07   67.60   66.67   65.90   65.35   64.97   64.74   64.58   64.45   63.97   62.54   61.23  
50.11   51.23   52.61   54.13   55.68   57.30   58.85   60.49   60.50   60.63   60.16   60.04   60.49   61.99   63.53   63.78   65.07   66.86   67.73   69.80   68.24   68.97   69.83   71.39   70.95   71.09   71.92   73.18   74.03   75.30   75.06   74.09   73.60   74.22   73.64   72.38   72.41   71.24   69.33   67.72   65.99   64.82   64.03   63.48   63.12   62.89   62.74   62.57   62.02   60.72  
49.72   51.08   52.57   54.11   55.70   57.22   58.65   58.85   58.94   58.87   58.91   59.14   60.38   62.21   62.39   63.57   65.37   66.81   68.87   67.74   67.67   67.91   69.55   69.12   69.26   69.94   71.47   72.25   73.45   73.89   74.96   73.09   72.06   71.76   72.42   71.87   70.52   71.07   69.92   67.80   66.30   64.53   63.12   62.24   61.67   61.32   61.09   60.92   60.71   60.13  
49.55   51.03   52.55   54.11   55.60   56.90   57.22   57.30   57.26   57.32   57.80   59.06   60.91   61.42   62.70   63.77   65.29   67.21   66.81   66.86   66.15   67.82   67.36   67.49   68.03   69.76   70.31   71.37   72.60   73.34   72.96   73.51   71.26   70.10   70.21   70.62   69.99   68.94   69.52   68.35   67.00   64.84   63.40   62.28   60.68   59.95   59.57   59.33   59.15   58.91  
49.50   51.01   52.54   53.99   55.20   55.60   55.70   55.68   55.77   56.44   57.86   59.58   60.45   61.79   62.28   64.10   65.49   65.23   65.36   65.07   66.19   65.73   65.84   66.17   68.19   68.51   69.37   70.93   71.52   72.42   71.98   71.42   71.85   69.54   68.35   68.77   68.99   67.98   67.81   67.98   66.62   65.05   64.05   62.32   60.86   59.25   58.31   57.87   57.61   57.42  
49.47   50.98   52.39   53.53   53.99   54.11   54.14   54.53   55.47   57.07   58.13   59.51   60.73   60.97   62.75   63.61   63.61   64.04   63.59   64.61   64.17   64.29   64.44   66.00   66.56   67.48   69.52   70.06   71.23   71.16   71.70   70.37   69.58   69.50   67.63   66.81   67.63   67.18   66.41   66.55   66.31   65.88   63.97   62.56   60.87   59.51   58.13   56.75   56.22   55.95  
49.43   50.81   51.90   52.40   52.55   52.62   53.15   54.62   56.34   57.08   58.89   59.47   59.55   61.16   61.92   62.04   62.71   62.29   63.24   62.70   62.79   62.79   64.03   64.74   65.94   67.94   68.94   69.93   69.46   70.98   70.82   70.71   68.87   67.76   67.37   65.82   65.44   66.24   65.68   65.49   65.12   65.18   64.30   62.49   61.16   59.80   58.25   57.01   55.54   54.66  
49.23   50.29   50.82   51.05   51.55   52.19   53.26   54.87   56.30   58.22   58.41   58.31   59.97   60.67   60.66   61.36   61.01   62.13   61.40   61.47   61.20   62.21   63.02   64.55   66.40   67.61   69.02   68.02   68.90   69.10   69.59   69.00   69.49   67.51   66.42   65.43   64.27   64.21   64.95   64.49   63.73   63.76   64.11   62.83   61.49   59.85   58.70   57.16   55.86   54.36  
48.69   49.26   49.63   50.49   50.64   52.19   53.57   54.93   56.61   57.70   57.12   58.74   59.42   59.37   59.84   59.60   60.32   60.25   60.36   59.82   60.48   61.44   63.32   64.84   66.37   67.45   66.96   67.03   67.33   68.21   68.39   67.71   67.51   68.44   66.37   65.05   63.63   63.06   62.94   63.42   63.13   62.41   62.73   63.23   61.42   60.42   58.77   57.55   55.97   54.71  
47.72   48.21   49.55   49.21   50.84   52.00   53.83   55.09   56.61   56.34   57.34   58.11   57.79   58.14   58.07   58.59   58.63   58.69   58.63   58.83   60.01   61.86   63.29   65.29   65.74   65.34   65.49   65.52   66.34   66.92   66.83   66.45   66.42   66.37   67.06   64.97   63.69   61.96   61.61   61.79   61.99   62.48   61.48   61.42   62.18   60.36   59.26   57.57   56.34   55.11  
46.76   47.83   47.93   49.21   50.83   52.60   53.57   55.36   55.21   55.76   56.81   56.38   56.47   56.50   56.91   57.00   57.06   57.09   57.90   58.99   60.76   61.80   63.85   64.32   63.65   63.75   63.71   64.47   65.46   65.58   65.26   64.91   64.58   65.05   64.98   65.65   63.60   62.36   60.73   60.20   60.58   60.30   60.79   60.41   60.37   61.02   59.16   58.00   56.74   55.63  
46.20   46.50   47.62   49.17   50.89   52.50   54.43   53.81   54.27   55.70   55.40   55.15   54.92   55.26   55.38   55.45   55.57   56.77   58.02   59.84   60.75   62.77   63.11   62.21   62.33   61.94   62.66   63.91   63.72   64.07   64.05   63.41   63.13   63.19   63.69   63.62   64.22   62.47   61.05   59.45   58.78   59.25   58.78   59.10   59.26   59.20   59.69   58.38   57.36   55.62  
45.06   46.08   47.55   49.21   50.82   52.52   52.76   52.97   54.70   54.54   54.06   53.75   53.62   53.77   53.85   54.08   55.86   56.95   58.69   59.78   61.86   61.42   61.05   61.14   60.48   60.99   62.43   61.98   62.26   62.68   62.84   62.26   61.64   61.84   61.90   62.34   62.26   62.84   61.27   59.34   58.05   57.55   57.83   57.63   58.01   57.94   57.86   58.28   57.25   55.68  
44.59   45.98   47.57   49.15   50.73   51.55   51.67   53.38   53.48   53.06   52.84   52.42   52.16   52.25   52.54   54.14   55.94   57.90   58.70   60.67   59.84   59.93   59.59   59.30   59.42   61.20   60.52   60.61   60.91   61.25   61.27   61.62   60.57   60.18   60.53   60.56   60.98   60.84   60.87   59.91   57.96   56.63   56.82   56.31   56.37   57.06   56.55   56.42   56.49   55.52  
45.36   46.03   47.51   49.04   50.27   50.35   52.07   52.60   51.81   51.76   51.41   51.15   50.77   50.96   52.22   54.04   56.16   57.84   59.96   58.70   58.70   58.08   58.04   57.96   59.73   59.26   59.34   59.16   59.49   59.87   60.26   59.74   60.24   58.97   58.84   59.15   59.10   59.18   59.09   59.00   58.50   56.55   55.25   55.07   55.30   55.20   55.32   54.94   54.80   54.73  
45.52   46.99   47.48   49.14   49.24   50.65   50.85   50.71   50.81   50.21   50.06   49.75   49.48   50.39   52.10   54.15   55.98   58.17   57.80   57.90   56.95   56.78   56.58   58.44   57.80   57.89   57.55   57.73   58.10   58.47   58.27   58.41   58.31   59.01   57.39   57.34   57.39   57.34   57.39   57.31   57.19   57.11   55.18   54.02   53.58   53.66   53.58   53.63   53.34   53.19  
45.94   47.00   48.74   48.59   49.12   49.16   49.08   49.16   49.08   49.07   48.60   48.39   48.66   50.21   52.15   54.03   56.09   56.55   56.22   55.92   55.86   55.11   56.42   56.42   56.56   56.10   56.08   56.32   56.64   56.62   57.46   56.62   57.12   56.99   57.02   55.78   55.60   55.61   55.58   55.61   55.54   55.46   55.92   53.89   52.40   52.01   52.04   51.99   51.99   51.75  
45.82   47.56   47.09   47.45   47.53   47.51   47.52   47.47   47.51   47.46   47.40   47.04   48.39   50.21   52.07   54.03   55.48   54.41   54.51   54.24   53.97   54.48   54.65   54.75   54.67   54.71   54.55   54.84   54.92   55.55   55.44   55.55   55.23   55.31   55.22   55.10   54.11   53.86   53.84   53.82   53.83   54.06   53.90   53.88   52.15   50.81   50.46   50.45   50.41   50.38  
45.81   45.82   45.95   45.95   45.95   45.95   45.94   45.94   45.91   45.93   45.88   46.65   48.35   50.14   51.98   53.30   53.23   53.34   52.55   52.50   52.62   52.85   52.94   52.89   52.94   52.89   53.03   53.18   53.67   53.66   53.73   53.66   53.70   53.47   53.50   53.42   53.21   52.40   52.12   52.08   52.24   52.16   52.25   52.14   51.92   50.44   49.26   48.94   48.90   48.86  
