#Value Function.
70.7801 71.0396 72.3162 73.4638 74.5796 75.6844 76.7967 77.9322 79.0931 80.2749 81.4714 82.6756 83.8834 85.0856 86.2760 87.4300 88.5225 89.4585 90.1515 90.5705 90.7673 90.9200 91.0206 91.1159 91.1932 91.1977 91.1217 90.9883 90.8019 90.5098 90.1620 89.7245 89.1629 88.4337 87.5251 86.4958 85.4124 84.3083 83.1979 82.0862 80.9742 79.8635 78.7548 77.6484 76.5444 75.4421 74.3455 73.2661 72.2201 71.8804
68.6841 72.5984 73.7489 74.8781 75.9880 77.0907 78.2052 79.3463 80.5129 81.6995 82.8991 84.1051 85.3136 86.5144 87.7020 88.8473 89.9227 90.8188 91.4500 91.7912 91.9407 92.0871 92.1700 92.2471 92.2925 92.2820 92.2195 92.0917 91.9022 91.5946 91.2345 90.7811 90.1902 89.4222 88.4728 87.4175 86.3233 85.2151 84.1035 82.9916 81.8795 80.7686 79.6604 78.5545 77.4510 76.3491 75.2537 74.1785 73.1409 72.0172
68.5821 72.6652 73.8330 74.9819 76.1089 77.2157 78.3162 79.4308 80.5750 81.7445 82.9334 84.1348 85.3414 86.5512 87.7515 88.9411 90.0814 91.1539 92.0287 92.6207 92.8928 93.0035 93.1588 93.2072 93.2538 93.2474 93.1612 93.0129 92.7228 92.3784 91.9366 91.3507 90.5835 89.6202 88.5523 87.4534 86.3432 85.2311 84.1187 83.0065 81.8947 80.7867 79.6807 78.5775 77.4750 76.3778 75.2998 74.2613 73.2721 72.1555
68.6175 72.7150 73.9017 75.0672 76.2149 77.3395 78.4430 79.5412 80.6561 81.8041 82.9760 84.1673 85.3704 86.5777 87.7892 88.9853 90.1705 91.2969 92.3343 93.1588 93.6748 93.8742 93.9735 94.0766 94.0833 94.0684 93.9906 93.7904 93.4798 93.0774 92.5059 91.7475 90.7676 89.6855 88.5829 87.4710 86.3586 85.2457 84.1330 83.0208 81.9121 80.8059 79.7027 78.5998 77.5006 76.4201 75.3800 74.3927 73.4515 72.3402
68.6531 72.7527 73.9521 75.1383 76.3011 77.4480 78.5699 79.6695 80.7653 81.8808 83.0325 84.2067 85.4006 86.6062 87.8137 89.0224 90.2112 91.3739 92.4342 93.4364 94.1775 94.5713 94.7332 94.7804 94.7794 94.7566 94.6938 94.5047 94.1573 93.6387 92.9106 91.9146 90.8166 89.7121 88.5984 87.4861 86.3726 85.2595 84.1468 83.0375 81.9309 80.8268 79.7227 78.6214 77.5374 76.4965 75.5102 74.5742 73.6628 72.5511
68.6824 72.7831 73.9901 75.1891 76.3750 77.5344 78.6810 79.7996 80.8944 81.9870 83.1022 84.2595 85.4353 86.6334 87.8417 89.0442 90.2398 91.3849 92.4752 93.4263 94.4055 95.0549 95.3560 95.4351 95.4242 95.4046 95.3345 95.1303 94.7191 94.0588 93.0549 91.9451 90.8413 89.7254 88.6138 87.4996 86.3860 85.2730 84.1625 83.0545 81.9502 80.8443 79.7390 78.6510 77.6081 76.6243 75.6943 74.7904 73.8699 72.7547
68.7083 72.8098 74.0204 75.2273 76.4260 77.6117 78.7654 79.9124 81.0258 82.1134 83.1993 84.3162 85.4806 86.6618 87.8659 89.0716 90.2593 91.4173 92.4768 93.4806 94.3345 95.3274 95.8268 96.0234 96.0440 96.0335 95.9571 95.6958 95.1647 94.1716 93.0632 91.9699 90.8519 89.7418 88.6264 87.5130 86.3994 85.2875 84.1781 83.0721 81.9644 80.8550 79.7590 78.7142 77.7309 76.8084 75.9139 74.9998 74.0372 72.9163
68.7326 72.8352 74.0470 75.2575 76.4644 77.6623 78.8468 79.9896 81.1360 82.2368 83.3096 84.3949 85.5256 86.6957 87.8903 89.0817 90.2567 91.3767 92.4213 93.3785 94.3537 95.1958 96.1965 96.5481 96.6570 96.6437 96.5174 96.1765 95.2267 94.1531 93.0934 91.9754 90.8690 89.7534 88.6400 87.5257 86.4131 85.3018 84.1938 83.0852 81.9689 80.8633 79.8115 78.8283 77.9102 77.0290 76.1231 75.1664 74.1517 73.0235
68.7557 72.8595 74.0724 75.2841 76.4942 77.7004 78.8954 80.0735 81.1998 82.3274 83.4039 84.4746 85.5794 86.7280 87.9017 89.0658 90.1938 91.2546 92.2596 93.2676 94.1814 95.2195 96.1294 97.0948 97.2826 97.2744 97.1078 96.2230 95.2142 94.1684 93.0830 91.9959 90.8791 89.7677 88.6524 87.5397 86.4267 85.3172 84.2064 83.0865 81.9669 80.9083 79.9206 78.9967 78.1250 77.2312 76.2873 75.2765 74.2012 73.0710
68.7742 72.8799 74.0975 75.3094 76.5207 77.7288 78.9310 80.1129 81.2677 82.3659 83.4544 84.5288 85.6208 86.7491 87.8837 88.9964 90.0589 91.0854 92.0996 93.0591 94.0986 95.1045 96.1388 97.0837 97.9296 97.9219 97.1564 96.2283 95.2247 94.1577 93.0817 91.9868 90.8921 89.7789 88.6662 87.5518 86.4412 85.3288 84.2048 83.0722 82.0057 81.0046 80.0722 79.1985 78.3206 77.3896 76.3868 75.3155 74.2203 73.0897
68.7776 72.8798 74.1219 75.3344 76.5450 77.7541 78.9540 80.1390 81.2853 82.3968 83.4726 84.5544 85.6364 86.7257 87.8091 88.8615 89.8895 90.9028 91.8899 92.9295 93.9721 95.0516 96.0945 97.0894 97.8969 97.9084 97.1470 96.2264 95.2135 94.1561 93.0717 91.9828 90.8866 89.7879 88.6774 87.5665 86.4532 85.3275 84.1776 83.1060 82.0964 81.1467 80.2611 79.3859 78.4600 77.4779 76.4182 75.3315 74.2355 73.1068
68.7971 72.9013 74.1467 75.3588 76.5695 77.7754 78.9663 80.1397 81.2913 82.4069 83.4844 84.5443 85.5886 86.6469 87.6757 88.6934 89.7036 90.7041 91.7470 92.8109 93.9102 95.0061 96.0676 96.9583 97.2730 97.2760 97.0043 96.1909 95.2064 94.1518 93.0717 91.9766 90.8819 89.7843 88.6850 87.5780 86.4546 85.2790 84.2077 83.1932 82.2355 81.3427 80.4559 79.5261 78.5461 77.4897 76.4222 75.3416 74.2457 73.1134
68.8200 72.9255 74.1706 75.3815 76.5877 77.7827 78.9663 80.1284 81.2737 82.3712 83.4274 84.4527 85.4856 86.5009 87.5025 88.5068 89.5151 90.5593 91.6340 92.7476 93.8680 94.9763 95.8973 96.3589 96.5280 96.5340 96.3880 95.9875 95.1636 94.1418 93.0707 91.9766 90.8774 89.7807 88.6839 87.5863 86.3742 85.3022 84.2855 83.3181 82.4331 81.5403 80.6019 79.6183 78.5611 77.4926 76.4226 75.3403 74.2503 73.1167
68.8424 72.9491 74.1923 75.3977 76.5930 77.7768 78.9421 80.0927 81.2001 82.2690 83.2984 84.3246 85.3251 86.3133 87.3144 88.3251 89.3706 90.4509 91.5693 92.7038 93.8233 94.7905 95.3678 95.7547 95.9003 95.9040 95.7806 95.4360 94.9325 94.0759 93.0517 91.9742 90.8776 89.7801 88.6831 87.4626 86.4043 85.3630 84.3845 83.5089 82.6267 81.6923 80.7053 79.6453 78.5563 77.4859 76.4106 75.3336 74.2460 73.1092
68.8617 72.9697 74.2071 75.4017 76.5842 77.7499 78.8962 80.0052 81.0777 82.1167 83.1389 84.1399 85.1253 86.1227 87.1351 88.1817 89.2634 90.3815 91.5154 92.6232 93.5963 94.2935 94.8473 95.2089 95.3574 95.3622 95.2331 94.9088 94.4110 93.7981 92.9426 91.9386 90.8714 89.7829 88.5499 87.5110 86.4415 85.4369 84.5638 83.6797 82.7750 81.7950 80.7377 79.6517 78.5658 77.4753 76.3957 75.3161 74.2354 73.0940
68.8739 72.9829 74.2098 75.3908 76.5547 77.6968 78.8049 79.8782 80.9186 81.9417 82.9433 83.9327 84.9294 85.9450 86.9928 88.0753 89.1898 90.3159 91.4063 92.3683 93.1238 93.7659 94.2912 94.6540 94.7908 94.7961 94.6787 94.3509 93.8748 93.2978 92.6373 91.7998 90.8258 89.6270 88.6272 87.5274 86.4827 85.6078 84.7165 83.8251 82.8523 81.8141 80.7430 79.6627 78.5680 77.4754 76.3825 75.2979 74.2155 73.0735
68.8743 72.9840 74.1968 75.3587 76.4972 77.6034 78.6757 79.7176 80.7394 81.7430 82.7357 83.7353 84.7537 85.8030 86.8858 87.9962 89.1111 90.1823 91.1330 91.9118 92.5939 93.2024 93.7063 93.9761 94.1648 94.1711 94.0047 93.7633 93.3082 92.7604 92.1528 91.4899 90.6847 89.7440 88.6136 87.5250 86.6726 85.7512 84.8748 83.8945 82.8727 81.7891 80.7375 79.6570 78.5684 77.4728 76.3775 75.2844 74.1974 73.0546
68.8588 72.9687 74.1619 75.2976 76.4016 77.4728 78.5149 79.5365 80.5412 81.5370 82.5397 83.5615 84.6126 85.6952 86.8007 87.9041 88.9572 89.8953 90.6839 91.3730 91.9969 92.5444 92.9447 93.2091 93.3295 93.3369 93.2377 93.0043 92.6456 92.1593 91.6079 91.0261 90.3835 89.6679 88.5227 87.7424 86.8037 85.9370 84.9333 83.9346 82.8515 81.8053 80.7135 79.6453 78.5598 77.4687 76.3720 75.2763 74.1830 73.0396
68.8214 72.9308 74.0977 75.2000 76.2702 77.3122 78.3335 79.3393 80.3380 81.3437 82.3686 83.4215 84.5033 85.6036 86.6954 87.7323 88.6586 89.4488 90.1409 90.7661 91.3087 91.7394 92.0338 92.2087 92.2892 92.2970 92.2368 92.0900 91.8359 91.4609 91.0020 90.4977 89.9963 89.4233 88.7394 87.7856 86.9875 85.9903 85.0051 83.9139 82.8465 81.7736 80.7084 79.6185 78.5421 77.4566 76.3648 75.2691 74.1736 73.0300
68.7558 72.8633 73.9981 75.0676 76.1095 77.1309 78.1378 79.1391 80.1479 81.1756 82.2299 83.3103 84.4048 85.4854 86.5077 87.4236 88.2133 88.9046 89.5229 90.0567 90.4854 90.7835 90.9730 91.0790 91.1248 91.1330 91.1058 91.0250 90.8730 90.6318 90.2945 89.9137 89.5221 89.1265 88.6003 87.9205 86.9839 86.0856 84.9900 83.9420 82.8363 81.7541 80.6753 79.6026 78.5166 77.4367 76.3514 75.2601 74.1654 73.0210
68.6577 72.7615 73.8648 74.9069 75.9285 76.9366 77.9405 78.9522 79.9824 81.0376 82.1162 83.2045 84.2742 85.2833 86.1898 86.9774 87.6667 88.2775 88.8016 89.2212 89.5186 89.7155 89.8272 89.8768 89.9014 89.9096 89.9025 89.8773 89.8053 89.6628 89.4614 89.2038 88.9384 88.6708 88.3088 87.8011 87.0714 86.0174 85.0363 83.9397 82.8507 81.7435 80.6534 79.5721 78.4957 77.4122 76.3308 75.2453 74.1549 73.0098
68.5288 72.6270 73.7039 74.7263 75.7358 76.7421 77.7565 78.7890 79.8455 80.9218 82.0038 83.0628 84.0591 84.9567 85.7412 86.4276 87.0312 87.5460 87.9566 88.2512 88.4469 88.5604 88.6169 88.6428 88.6573 88.6655 88.6758 88.6788 88.6758 88.6201 88.5084 88.3793 88.2185 88.0884 87.8751 87.4908 86.9364 86.0907 85.0251 83.9673 82.8532 81.7520 80.6451 79.5514 78.4677 77.3889 76.3067 75.2247 74.1394 72.9935
68.3746 72.4660 73.5240 74.5353 75.5438 76.5604 77.5940 78.6486 79.7280 80.8128 81.8614 82.8479 83.7286 84.5049 85.1875 85.7842 86.2902 86.6926 86.9838 87.1774 87.2915 87.3502 87.3791 87.3944 87.4055 87.4203 87.4418 87.4712 87.5671 87.5912 87.5708 87.5263 87.4538 87.3892 87.2980 87.0419 86.6109 85.9378 85.0310 83.9617 82.8740 81.7484 80.6480 79.5438 78.4490 77.3635 76.2828 75.2010 74.1186 72.9724
68.2029 72.2867 73.3342 74.3433 75.3514 76.3260 77.0361 78.2027 79.4520 80.4509 81.6952 82.5609 83.2815 83.9475 84.5364 85.0340 85.4290 85.7166 85.9083 86.0229 86.0835 86.1139 86.1305 86.1436 86.1625 86.2027 86.2883 86.4689 86.5864 86.6520 86.7049 86.6972 86.6522 86.6402 86.6528 86.5270 86.2120 85.6360 84.8596 83.9356 82.8682 81.7716 80.6369 79.5425 78.4415 77.3464 76.2594 75.1772 74.0953 72.9490
68.0211 72.0974 73.1402 74.1388 75.0898 75.9072 77.0381 78.2834 79.4177 80.6871 81.5568 82.1685 82.7384 83.2922 83.7777 84.1658 84.4495 84.6396 84.7546 84.8169 84.8489 84.8670 84.8826 84.9071 84.9617 85.0827 85.3233 85.5831 85.7503 85.9076 85.9226 85.9475 85.9335 85.9449 85.9556 85.9294 85.7224 85.2588 84.5809 83.7526 82.8090 81.7571 80.6627 79.5404 78.4393 77.3389 76.2436 75.1554 74.0719 72.9261
67.8303 71.9003 72.9260 73.8718 74.7570 75.8647 77.0849 78.2656 79.5234 80.5502 81.1669 81.6216 82.0769 82.5257 82.9028 83.1827 83.3713 83.4866 83.5504 83.5840 83.6040 83.6225 83.6532 83.7190 83.8581 84.1124 84.4373 84.7534 84.9883 85.1358 85.1920 85.1772 85.1767 85.2047 85.2256 85.2203 85.0970 84.7439 84.1803 83.4568 82.6153 81.6740 80.6380 79.5523 78.4402 77.3369 76.2364 75.1408 74.0515 72.9066
67.6178 71.6796 72.6637 73.5942 74.6907 75.8916 77.0822 78.2919 79.3103 79.9830 80.4560 80.8992 81.2861 81.6431 81.9180 82.1051 82.2206 82.2855 82.3194 82.3414 82.3634 82.4007 82.4770 82.6271 82.8802 83.2091 83.5594 83.8925 84.1247 84.2656 84.2869 84.2906 84.2630 84.2913 84.3592 84.3772 84.2965 84.0344 83.6040 83.0293 82.3022 81.4671 80.5350 79.5149 78.4403 77.3372 76.2343 75.1338 74.0379 72.8940
67.3813 71.4269 72.4231 73.5150 74.7006 75.8883 77.0558 78.0404 78.7287 79.2281 79.6663 80.0517 80.3903 80.6563 80.8448 80.9604 81.0260 81.0586 81.0812 81.1068 81.1493 81.2356 81.3957 81.6485 81.9723 82.3201 82.6563 82.9224 83.1476 83.1913 83.2125 83.2517 83.2494 83.3398 83.3479 83.3476 83.2955 83.1583 82.8520 82.4183 81.8444 81.1326 80.3116 79.3934 78.3891 77.3263 76.2320 75.1311 74.0311 72.8875
67.1837 71.2131 72.3369 73.5097 74.6874 75.8200 76.7760 77.4702 77.9829 78.4208 78.8053 79.1395 79.4028 79.5890 79.7096 79.7760 79.8105 79.8304 79.8563 79.9028 79.9974 80.1648 80.4211 80.7399 81.0852 81.4111 81.6805 81.8940 81.9783 82.0103 82.0501 82.0891 82.1584 82.1948 82.2005 82.2071 82.2025 82.1203 81.9414 81.6396 81.2116 80.6504 79.9579 79.1536 78.2501 77.2609 76.2103 75.1246 74.0271 72.8821
67.0930 71.1233 72.3175 73.4815 74.5843 75.5164 76.2129 76.7352 77.1743 77.5575 77.8883 78.1506 78.3406 78.4675 78.5428 78.5781 78.5938 78.6226 78.6697 78.7680 78.9379 79.2003 79.5188 79.8582 80.1875 80.4498 80.6371 80.7320 80.7714 80.8046 80.8526 80.9160 80.9575 80.9793 80.9886 80.9952 81.0005 80.9756 80.8863 80.7060 80.4137 79.9984 79.4538 78.7804 77.9930 77.1048 76.1303 75.0921 74.0153 72.8609
67.0531 71.0902 72.2718 73.3488 74.2605 74.9568 75.4864 75.9271 76.3080 76.6385 76.9052 77.1007 77.2363 77.3244 77.3740 77.3929 77.4121 77.4652 77.5592 77.7240 77.9875 78.3035 78.6514 78.9925 79.2778 79.4534 79.5176 79.5408 79.5637 79.6053 79.6563 79.7017 79.7236 79.7381 79.7458 79.7544 79.7613 79.7598 79.7296 79.6404 79.4656 79.1847 78.7851 78.2611 77.6070 76.8368 75.9602 74.9982 73.9720 72.6648
66.9815 71.0250 72.1129 73.0072 73.7019 74.2366 74.6777 75.0582 75.3859 75.6560 75.8624 76.0091 76.1217 76.1856 76.2192 76.2213 76.2880 76.3774 76.5393 76.7958 77.1066 77.4775 77.8423 78.1680 78.3980 78.4586 78.4187 78.3942 78.3979 78.4118 78.4472 78.4636 78.4784 78.4870 78.4954 78.5034 78.5117 78.5156 78.5113 78.4793 78.3927 78.2263 77.9687 77.5855 77.0919 76.4592 75.6918 74.8209 72.7814 71.5831
66.7967 70.8411 71.7557 72.4479 72.9862 73.4279 73.8062 74.1322 74.4043 74.6190 74.7847 74.9191 75.0011 75.0635 75.0833 75.0932 75.2422 75.3949 75.6269 75.9335 76.3039 76.7188 77.1447 77.4524 77.6124 77.5913 77.5347 77.4185 77.2789 77.2153 77.2126 77.2202 77.2253 77.2326 77.2406 77.2489 77.2570 77.2640 77.2677 77.2620 77.2308 77.1593 77.0178 76.7965 76.4719 75.9989 75.3235 73.8055 72.3701 71.2466
66.4355 70.4678 71.1944 71.7353 72.1776 72.5543 72.8786 73.1501 73.3719 73.5521 73.7047 73.8168 73.8944 73.9503 73.9971 74.1305 74.2885 74.4997 74.7833 75.1428 75.5796 76.0751 76.5226 76.7944 76.9731 76.9899 76.8110 76.6330 76.3693 76.1420 76.0201 75.9839 75.9776 75.9795 75.9857 75.9934 76.0015 76.0095 76.0164 76.0196 76.0184 76.0120 76.0084 75.9291 75.7630 75.4194 74.9098 73.4092 72.5156 71.3580
65.8944 69.9024 70.4838 70.9271 71.3025 71.6240 71.8950 72.1184 72.3067 72.4702 72.6051 72.7137 72.8049 72.8897 73.0235 73.1846 73.4030 73.6749 74.0145 74.4366 74.9364 75.4487 75.8912 76.2617 76.4115 76.4102 76.2912 75.9461 75.5911 75.2422 74.9707 74.8171 74.7549 74.7366 74.7346 74.7393 74.7463 74.7542 74.7621 74.7687 74.7776 74.8008 74.8635 74.9435 74.9075 74.7520 74.3723 73.7007 72.4057 71.2709
65.2152 69.1923 69.6763 70.0513 70.3714 70.6407 70.8656 71.0552 71.2247 71.3731 71.5056 71.6294 71.7551 71.9113 72.0847 72.3073 72.5812 72.9104 73.3106 73.7883 74.3095 74.8321 75.3408 75.6999 75.8351 75.8433 75.7210 75.3967 74.9234 74.4740 74.0823 73.7890 73.6115 73.5286 73.4983 73.4910 73.4933 73.4995 73.5070 73.5206 73.5610 73.6558 73.7924 73.8329 73.9129 73.8669 73.6317 73.1878 72.4722 71.2581
64.4417 68.3849 68.8012 69.1221 69.3931 69.6177 69.8093 69.9765 70.1288 70.2695 70.4138 70.5729 70.7604 70.9685 71.2038 71.4802 71.8040 72.1929 72.6428 73.1477 73.6896 74.2482 74.6753 75.0052 75.1235 75.1291 75.0315 74.7288 74.3353 73.8121 73.3234 72.9127 72.6030 72.4069 72.3056 72.2626 72.2488 72.2481 72.2653 72.3131 72.4144 72.5490 72.6557 72.7568 72.7661 72.8168 72.6923 72.4307 71.9726 70.7196
63.6019 67.5093 67.8737 68.1522 68.3822 68.5735 68.7397 68.8840 69.0297 69.1837 69.3617 69.5650 69.8033 70.0593 70.3533 70.6805 71.0560 71.4920 71.9829 72.5057 73.0513 73.5266 73.8833 74.0829 74.1801 74.1883 74.1086 73.9346 73.6078 73.1674 72.6492 72.1556 71.7365 71.4161 71.2040 71.0855 71.0296 71.0118 71.0644 71.1641 71.2941 71.4113 71.5302 71.5823 71.6169 71.6046 71.5966 71.4572 71.1951 69.9147
62.7121 66.5824 66.9062 67.1472 67.3450 67.5144 67.6569 67.7991 67.9482 68.1297 68.3415 68.5949 68.8690 69.1794 69.5239 69.9041 70.3390 70.8122 71.3095 71.8342 72.2965 72.6532 72.8754 73.0074 73.0704 73.0780 73.0348 72.9243 72.7283 72.4054 71.9721 71.4708 70.9828 70.5599 70.2297 70.0027 69.8686 69.8172 69.9132 70.0389 70.1590 70.2705 70.3332 70.3746 70.3735 70.3913 70.3779 70.3476 70.2153 68.9185
61.7844 65.6163 65.9060 66.1164 66.2913 66.4363 66.5776 66.7206 66.8952 67.1100 67.3651 67.6499 67.9763 68.3257 68.7216 69.1561 69.6264 70.1105 70.6101 71.0550 71.3986 71.6306 71.7754 71.8565 71.8712 71.8796 71.8818 71.8224 71.7020 71.4987 71.1858 70.7689 70.2868 69.8072 69.3825 69.0435 68.8035 68.6667 68.7845 68.9052 69.0112 69.0786 69.1198 69.1309 69.1439 69.1473 69.1571 69.1440 69.1036 67.7976
60.8193 64.6119 64.8691 65.0561 65.2144 65.3588 65.5040 65.6708 65.8783 66.1293 66.4212 66.7509 67.1106 67.5088 67.9504 68.4182 68.8997 69.3785 69.8059 70.1389 70.3687 70.5152 70.5976 70.6250 70.6344 70.6425 70.6506 70.6426 70.5839 70.4643 70.2647 69.9644 69.5644 69.0993 68.6289 68.2044 67.8587 67.5387 67.6508 67.7539 67.8268 67.8707 67.8916 67.9098 67.9157 67.9257 67.9249 67.9255 67.9094 66.6051
59.8234 63.5749 63.8078 63.9740 64.1273 64.2814 64.4466 64.6501 64.8949 65.1868 65.5175 65.8824 66.2869 66.7304 67.1967 67.6739 68.1413 68.5536 68.8764 69.1026 69.2479 69.3291 69.3622 69.3771 69.3857 69.3944 69.4030 69.4082 69.3979 69.3418 69.2268 69.0325 68.7426 68.3581 67.9089 67.4486 67.0256 66.4077 66.5035 66.5730 66.6246 66.6612 66.6910 66.7140 66.7233 66.7296 66.7236 66.7122 66.6976 65.3984
58.8018 62.5113 62.7214 62.8836 63.0452 63.2155 63.4168 63.6612 63.9519 64.2827 64.6507 65.0582 65.5009 65.9669 66.4392 66.8962 67.2981 67.6131 67.8367 67.9805 68.0602 68.0964 68.1128 68.1234 68.1325 68.1420 68.1507 68.1607 68.1671 68.1577 68.1050 67.9920 67.8024 67.5207 67.1503 66.7169 66.2675 65.8192 65.3293 65.3814 65.4249 65.4753 65.5212 65.5845 65.5918 65.5994 65.5765 65.5309 65.5019 64.2097
57.7612 61.4267 61.6311 61.7972 61.9747 62.1802 62.4274 62.7174 63.0489 63.4187 63.8272 64.2691 64.7326 65.2012 65.6487 66.0411 66.3499 66.5691 66.7117 66.7921 66.8304 66.8484 66.8596 66.8691 66.8790 66.8892 66.9014 66.9133 66.9265 66.9345 66.9240 66.8716 66.7581 66.5709 66.2982 65.9414 65.5235 65.0832 64.6353 64.1951 64.2520 64.3350 64.4467 64.5002 64.5364 64.5431 64.4883 64.4065 64.3312 63.0482
56.7171 60.3384 60.5467 60.7293 60.9397 61.1896 61.4819 61.8149 62.1866 62.5958 63.0368 63.4975 63.9602 64.3990 64.7824 65.0853 65.3019 65.4431 65.5242 65.5645 65.5839 65.5957 65.6056 65.6159 65.6273 65.6412 65.6570 65.6747 65.6882 65.6971 65.7035 65.6889 65.6329 65.5199 65.3376 65.0746 64.7320 64.3298 63.9003 63.0328 63.1257 63.2525 63.3735 63.4722 63.4971 63.5063 63.4644 63.3495 63.2258 61.9521
55.6809 59.2579 59.4830 59.6979 59.9510 60.2456 60.5806 60.9540 61.3640 61.8040 62.2615 62.7183 63.1487 63.5238 63.8210 64.0348 64.1749 64.2566 64.2985 64.3193 64.3318 64.3421 64.3526 64.3645 64.3789 64.3960 64.4156 64.4336 64.4485 64.4589 64.4668 64.4692 64.4487 64.3903 64.2799 64.1038 63.8513 63.5235 63.1376 62.6734 62.0441 62.1848 62.3380 62.4340 62.4588 62.4522 62.3935 62.2903 62.1532 60.8752
54.6675 58.1995 58.4557 58.7122 59.0091 59.3462 59.7214 60.1319 60.5706 61.0248 61.4755 61.8981 62.2653 62.5570 62.7680 62.9070 62.9892 63.0326 63.0547 63.0679 63.0785 63.0893 63.1016 63.1164 63.1339 63.1541 63.1742 63.1913 63.2069 63.2174 63.2236 63.2281 63.2264 63.2030 63.1455 63.0394 62.8706 62.6297 62.3175 61.9437 60.9729 61.1307 61.2574 61.3214 61.3512 61.3386 61.2967 61.2012 61.0861 59.8035
53.7043 57.1789 57.4732 57.7726 58.1117 58.4884 58.8993 59.3366 59.7871 60.2320 60.6470 61.0068 61.2931 61.5013 61.6393 61.7220 61.7667 61.7900 61.8039 61.8150 61.8261 61.8386 61.8536 61.8713 61.8914 61.9116 61.9296 61.9469 61.9595 61.9689 61.9780 61.9827 61.9849 61.9797 61.9559 61.9003 61.7983 61.6374 61.4086 61.1118 60.6904 60.0329 60.1005 60.1470 60.1644 60.1637 60.1364 60.0820 59.9868 58.6965
52.9492 56.2189 56.5299 56.8714 57.2491 57.6597 58.0951 58.5419 58.9811 59.3893 59.7428 60.0250 60.2313 60.3692 60.4530 60.4992 60.5239 60.5387 60.5503 60.5617 60.5745 60.5896 60.6073 60.6271 60.6471 60.6655 60.6825 60.6960 60.7067 60.7170 60.7255 60.7329 60.7371 60.7384 60.7321 60.7089 60.6555 60.5584 60.4058 60.1891 59.8979 58.8641 58.9103 58.9296 58.9424 58.9470 58.9445 58.9132 58.8519 57.5717
53.9890 54.7782 55.1720 55.5214 55.8987 56.3075 56.7408 57.1852 57.6221 58.0286 58.3818 58.6653 58.8744 59.0157 59.1027 59.1517 59.1783 59.1942 59.2062 59.2178 59.2306 59.2457 59.2633 59.2829 59.3027 59.3213 59.3383 59.3521 59.3636 59.3744 59.3830 59.3896 59.3935 59.3942 59.3869 59.3633 59.3093 59.2129 59.0628 58.8456 58.5132 57.6502 57.5925 57.6040 57.6206 57.6208 57.6157 57.5804 57.5056 57.4423
