#Value Function.
0.00    0.00    0.00    0.00    0.00    0.00    0.00    0.00    0.00    0.00    0.00    0.00    0.00    0.00    0.00    0.00    0.00    0.01    0.02    0.12    0.90    2.71    4.82    7.03    9.27    9.62    8.24    6.91    5.54    4.28    4.19    5.71    7.49    9.25    10.93   12.54   14.07   15.54   16.92   18.13   19.03   19.66   20.22   20.75   20.99   20.76   20.18   19.45   18.61   17.62  
0.00    0.00    0.00    0.00    0.00    0.00    0.00    0.00    0.00    0.00    0.00    0.00    0.00    0.00    0.00    0.00    0.00    0.02    0.06    0.28    1.62    3.63    5.79    7.96    9.22    9.58    9.27    7.92    6.56    5.25    5.11    6.96    8.93    10.83   12.64   14.37   16.02   17.61   19.10   20.42   21.39   22.02   22.61   23.23   23.50   23.25   22.59   21.80   20.92   19.94  
0.00    0.00    0.00    0.00    0.00    0.00    0.00    0.00    0.00    0.00    0.00    0.00    0.00    0.00    0.00    0.00    0.01    0.03    0.12    0.65    2.46    4.48    6.50    7.81    8.79    9.16    9.14    8.71    7.48    6.19    6.05    8.33    10.48   12.53   14.48   16.34   18.12   19.82   21.44   22.88   23.91   24.54   25.16   25.88   26.20   25.91   25.16   24.31   23.37   22.39  
0.00    0.00    0.00    0.00    0.00    0.00    0.00    0.00    0.00    0.00    0.00    0.00    0.00    0.00    0.00    0.00    0.01    0.05    0.24    1.34    3.22    5.07    6.39    7.39    8.25    8.62    8.70    8.62    8.12    7.02    6.99    9.57    12.09   14.36   16.45   18.46   20.37   22.20   23.94   25.51   26.62   27.21   27.87   28.69   29.07   28.73   27.90   26.97   25.98   24.87  
0.00    0.00    0.00    0.00    0.00    0.00    0.00    0.00    0.00    0.00    0.00    0.00    0.00    0.00    0.00    0.00    0.02    0.08    0.40    2.02    3.71    5.00    5.98    6.91    7.68    8.04    8.15    8.19    8.06    7.56    7.99    10.61   13.41   16.10   18.52   20.74   22.79   24.75   26.62   28.35   29.52   30.06   30.71   31.65   32.09   31.69   30.77   29.78   28.63   27.19  
0.00    0.00    0.00    0.00    0.00    0.00    0.00    0.00    0.00    0.00    0.00    0.00    0.00    0.00    0.00    0.01    0.03    0.16    0.90    2.44    3.67    4.65    5.57    6.43    7.13    7.48    7.60    7.66    7.68    7.53    8.96    11.59   14.48   17.50   20.40   22.95   25.32   27.48   29.50   31.37   32.60   33.04   33.64   34.69   35.22   34.74   33.75   32.58   31.11   29.20  
0.00    0.00    0.00    0.00    0.00    0.00    0.00    0.00    0.00    0.00    0.00    0.00    0.00    0.00    0.00    0.01    0.05    0.26    1.26    2.43    3.41    4.32    5.18    5.97    6.60    6.94    7.07    7.13    7.18    7.52    9.88    12.58   15.43   18.63   21.87   24.98   27.67   30.19   32.44   34.52   35.76   36.07   36.59   37.72   38.36   37.78   36.64   35.16   33.16   31.02  
0.00    0.00    0.00    0.00    0.00    0.00    0.00    0.00    0.00    0.00    0.00    0.00    0.00    0.00    0.00    0.02    0.07    0.33    1.27    2.25    3.16    4.01    4.81    5.54    6.11    6.43    6.57    6.65    6.85    8.29    10.80   13.49   16.47   19.60   23.06   26.52   29.88   32.65   35.22   37.56   38.84   38.95   39.33   40.47   41.29   40.56   39.19   37.23   35.07   32.47  
0.00    0.00    0.00    0.00    0.00    0.00    0.00    0.00    0.00    0.00    0.00    0.00    0.00    0.00    0.00    0.02    0.10    0.38    1.19    2.08    2.93    3.72    4.46    5.13    5.65    5.96    6.10    6.25    6.87    9.13    11.66   14.44   17.39   20.63   24.06   27.79   31.45   34.96   37.63   40.02   41.31   41.33   41.90   42.99   43.62   42.71   41.19   39.07   36.54   33.58  
0.00    0.00    0.00    0.00    0.00    0.00    0.00    0.00    0.00    0.00    0.00    0.00    0.00    0.00    0.01    0.03    0.12    0.41    1.11    1.93    2.71    3.45    4.13    4.75    5.22    5.52    5.69    5.98    7.58    9.95    12.55   15.32   18.35   21.58   25.09   28.80   32.74   36.37   39.42   41.32   42.58   43.11   43.33   44.56   44.88   44.42   42.56   40.47   37.58   34.67  
0.00    0.00    0.00    0.00    0.00    0.00    0.00    0.00    0.00    0.00    0.00    0.00    0.00    0.00    0.01    0.04    0.13    0.42    1.05    1.79    2.51    3.20    3.83    4.39    4.83    5.12    5.36    6.18    8.34    10.77   13.38   16.21   19.24   22.54   26.05   29.84   33.71   37.47   40.29   41.82   43.11   43.53   43.74   44.97   45.29   45.23   44.12   41.51   38.77   35.68  
0.00    0.00    0.00    0.00    0.00    0.00    0.00    0.00    0.00    0.00    0.00    0.00    0.00    0.00    0.01    0.04    0.15    0.43    0.99    1.66    2.33    2.96    3.55    4.07    4.47    4.77    5.15    6.83    9.10    11.55   14.21   17.06   20.14   23.45   27.02   30.76   34.65   37.77   40.38   42.14   43.32   43.40   43.73   44.77   45.40   45.06   44.39   42.43   39.55   36.64  
0.00    0.00    0.00    0.00    0.00    0.00    0.00    0.00    0.00    0.00    0.00    0.00    0.00    0.00    0.01    0.05    0.16    0.43    0.93    1.54    2.16    2.74    3.29    3.76    4.15    4.51    5.46    7.54    9.84    12.33   15.00   17.89   21.00   24.34   27.86   31.50   34.71   37.41   39.56   41.28   42.26   42.37   42.47   43.94   44.47   44.57   43.82   42.40   40.16   37.38  
0.00    0.00    0.00    0.00    0.00    0.00    0.00    0.00    0.00    0.00    0.00    0.00    0.00    0.00    0.02    0.06    0.17    0.42    0.87    1.43    2.00    2.54    3.04    3.49    3.87    4.35    6.08    8.23    10.57   13.08   15.79   18.70   21.82   25.11   28.48   31.51   34.13   36.41   38.30   39.34   40.17   40.35   41.13   42.10   42.62   42.85   42.59   41.65   40.01   37.81  
0.00    0.00    0.00    0.00    0.00    0.00    0.00    0.00    0.00    0.00    0.00    0.00    0.00    0.01    0.02    0.06    0.17    0.41    0.82    1.33    1.85    2.35    2.82    3.24    3.68    4.74    6.73    8.91    11.27   13.81   16.54   19.46   22.53   25.65   28.49   30.97   33.14   34.94   36.09   36.91   37.68   38.03   38.97   39.81   40.30   40.59   40.61   40.20   39.22   37.57  
0.00    0.00    0.00    0.00    0.00    0.00    0.00    0.00    0.00    0.00    0.00    0.00    0.00    0.01    0.02    0.07    0.17    0.40    0.77    1.23    1.72    2.18    2.62    3.03    3.57    5.31    7.36    9.57    11.95   14.51   17.25   20.12   23.01   25.67   28.00   30.03   31.71   32.84   33.68   34.45   35.16   35.73   36.59   37.36   37.84   38.15   38.31   38.24   37.77   36.78  
0.00    0.00    0.00    0.00    0.00    0.00    0.00    0.00    0.00    0.00    0.00    0.00    0.00    0.01    0.02    0.07    0.18    0.39    0.73    1.15    1.59    2.02    2.43    2.90    4.00    5.91    7.98    10.21   12.61   15.17   17.85   20.53   23.02   25.21   27.11   28.67   29.78   30.59   31.33   32.06   32.74   33.42   34.18   34.91   35.38   35.69   35.91   36.04   35.91   35.40  
0.00    0.00    0.00    0.00    0.00    0.00    0.00    0.00    0.00    0.00    0.00    0.00    0.00    0.01    0.03    0.07    0.18    0.38    0.68    1.07    1.47    1.88    2.28    2.84    4.55    6.49    8.58    10.83   13.22   15.72   18.21   20.54   22.60   24.38   25.83   26.89   27.69   28.43   29.13   29.81   30.48   31.13   31.84   32.54   32.99   33.29   33.53   33.73   33.81   33.64  
0.00    0.00    0.00    0.00    0.00    0.00    0.00    0.00    0.00    0.00    0.00    0.00    0.00    0.01    0.03    0.07    0.17    0.36    0.64    0.99    1.37    1.75    2.20    3.28    5.10    7.06    9.16    11.40   13.72   16.05   18.22   20.15   21.82   23.18   24.19   24.98   25.72   26.41   27.07   27.71   28.35   28.97   29.64   30.28   30.72   31.01   31.26   31.47   31.64   31.68  
0.00    0.00    0.00    0.00    0.00    0.00    0.00    0.00    0.00    0.00    0.00    0.00    0.00    0.01    0.03    0.07    0.17    0.34    0.60    0.93    1.28    1.66    2.20    3.80    5.64    7.62    9.70    11.87   14.02   16.05   17.86   19.42   20.70   21.67   22.47   23.20   23.89   24.53   25.15   25.75   26.36   26.96   27.60   28.19   28.60   28.89   29.14   29.35   29.53   29.65  
0.00    0.00    0.00    0.00    0.00    0.00    0.00    0.00    0.00    0.00    0.00    0.00    0.00    0.01    0.03    0.08    0.17    0.33    0.57    0.87    1.21    1.64    2.62    4.36    6.21    8.16    10.18   12.16   14.03   15.72   17.17   18.37   19.31   20.12   20.86   21.55   22.19   22.79   23.37   23.95   24.53   25.11   25.73   26.33   26.72   27.00   27.23   27.40   27.55   27.69  
0.00    0.00    0.00    0.00    0.00    0.00    0.00    0.00    0.00    0.00    0.00    0.00    0.00    0.01    0.03    0.08    0.16    0.31    0.54    0.82    1.17    1.69    3.21    4.99    6.82    8.70    10.55   12.23   13.74   15.09   16.20   17.10   17.92   18.68   19.38   20.06   20.99   22.48   23.90   25.08   25.66   26.13   26.66   27.04   26.54   25.75   25.58   25.67   25.77   25.85  
0.00    0.00    0.00    0.00    0.00    0.00    0.00    0.00    0.00    0.00    0.00    0.00    0.00    0.01    0.03    0.07    0.16    0.30    0.51    0.79    1.20    2.15    3.88    5.77    7.52    9.24    10.80   12.03   13.22   14.21   15.06   15.88   16.69   17.76   19.73   21.58   23.36   25.05   26.59   27.88   28.38   28.80   29.30   29.66   29.04   28.06   26.82   25.22   24.32   24.22  
0.00    0.00    0.00    0.00    0.01    0.05    0.01    0.00    0.00    0.00    0.00    0.00    0.00    0.01    0.03    0.07    0.15    0.29    0.49    0.79    1.32    2.87    4.81    6.64    8.28    9.72    10.77   11.73   12.48   13.27   14.03   14.95   17.27   19.84   22.09   24.08   25.98   27.80   29.47   30.87   31.21   31.55   31.76   32.01   31.26   30.20   28.71   26.52   24.25   23.00  
0.00    0.00    0.01    0.06    0.60    0.93    0.83    0.42    0.05    0.01    0.00    0.00    0.01    0.01    0.03    0.07    0.15    0.28    0.49    0.84    1.80    3.68    5.60    7.40    8.89    9.92    10.71   11.30   11.80   12.43   13.29   15.76   18.71   21.61   24.38   26.75   28.79   30.73   32.51   34.05   34.13   34.14   34.09   33.88   32.99   31.72   29.82   27.77   25.31   22.99  
0.00    0.01    0.08    0.72    1.53    1.91    1.80    1.31    0.63    0.10    0.01    0.00    0.01    0.01    0.03    0.07    0.15    0.27    0.49    0.95    2.52    4.42    6.30    7.96    9.15    10.09   10.64   10.92   11.22   11.83   13.88   16.80   19.97   23.11   26.22   29.19   31.68   33.79   35.69   37.44   37.20   36.86   36.27   35.56   34.43   32.52   30.97   28.72   26.36   23.87  
0.01    0.06    0.47    1.61    2.56    2.99    2.84    2.29    1.51    0.69    0.15    0.03    0.01    0.01    0.03    0.07    0.14    0.27    0.54    1.42    3.21    5.07    6.80    8.09    9.20    10.05   10.45   10.59   10.79   12.17   14.81   17.79   21.05   24.46   27.79   31.09   34.28   36.82   38.97   40.91   40.35   39.66   38.42   37.21   35.14   33.55   31.55   29.53   27.15   24.77  
0.02    0.18    1.26    2.61    3.69    4.15    3.97    3.35    2.49    1.56    0.68    0.18    0.04    0.02    0.03    0.07    0.14    0.28    0.64    2.02    3.77    5.44    6.75    7.99    8.94    9.72    10.10   10.12   10.67   12.98   15.75   18.81   22.06   25.57   29.21   32.72   36.16   39.57   42.06   44.03   43.33   41.97   40.40   38.17   35.81   33.79   31.98   29.94   27.79   25.48  
0.09    0.66    2.16    3.70    4.91    5.41    5.19    4.49    3.54    2.52    1.52    0.68    0.21    0.05    0.04    0.07    0.14    0.32    0.92    2.52    4.08    5.36    6.57    7.59    8.49    9.19    9.56    9.74    11.30   13.86   16.73   19.81   23.10   26.60   30.30   34.17   37.77   41.29   44.42   46.12   45.69   44.13   41.85   39.21   36.35   34.03   31.97   30.11   28.14   26.05  
0.22    1.42    3.17    4.86    6.22    6.75    6.48    5.71    4.67    3.56    2.47    1.44    0.67    0.23    0.07    0.07    0.15    0.39    1.35    2.79    4.02    5.16    6.15    7.12    7.95    8.61    9.03    9.78    12.11   14.80   17.70   20.81   24.11   27.63   31.34   35.21   39.17   42.73   45.59   46.90   46.86   45.51   43.22   40.22   37.15   34.38   32.13   30.09   28.25   26.36  
0.58    2.29    4.25    6.10    7.59    8.16    7.83    7.00    5.86    4.67    3.49    2.33    1.37    0.66    0.24    0.10    0.17    0.46    1.58    2.75    3.82    4.79    5.73    6.63    7.41    8.05    8.63    10.48   13.00   15.73   18.68   21.82   25.14   28.68   32.39   36.29   40.19   43.84   46.20   47.36   47.24   46.60   44.21   41.24   38.07   35.08   32.43   30.23   28.27   26.48  
1.30    3.24    5.38    7.34    8.96    9.56    9.14    8.31    7.07    5.84    4.50    3.28    2.20    1.30    0.64    0.26    0.20    0.52    1.56    2.57    3.53    4.45    5.33    6.16    6.92    7.62    8.98    11.31   13.91   16.70   19.68   22.84   26.18   29.73   33.44   37.17   40.89   43.89   45.65   47.01   47.14   46.43   44.76   42.00   39.10   36.14   33.51   30.88   28.49   26.54  
2.13    4.23    6.46    8.48    10.17   10.81   10.44   9.53    8.29    6.89    5.51    4.24    3.09    2.07    1.24    0.63    0.27    0.56    1.44    2.37    3.26    4.13    4.95    5.75    6.52    7.60    9.73    12.19   14.84   17.68   20.71   23.85   27.22   30.76   34.31   37.84   40.81   43.04   44.71   45.51   45.72   45.37   44.41   42.63   40.21   37.63   34.89   32.49   29.73   27.05  
3.05    5.27    7.52    9.56    11.01   11.71   11.48   10.68   9.34    7.94    6.52    5.19    3.98    2.90    1.95    1.18    0.61    0.61    1.34    2.18    3.03    3.84    4.62    5.39    6.30    8.25    10.58   13.10   15.83   18.70   21.70   24.91   28.26   31.64   34.93   37.77   39.99   41.65   42.64   43.31   43.60   43.67   43.60   42.86   41.35   38.89   36.63   33.73   30.93   28.07  
4.06    6.32    8.50    10.29   11.63   12.21   12.10   11.50   10.38   8.93    7.50    6.14    4.88    3.74    2.72    1.84    1.12    0.69    1.26    2.02    2.81    3.57    4.33    5.17    6.86    9.06    11.47   14.06   16.82   19.68   22.76   25.95   29.15   32.26   34.95   37.07   38.63   39.68   40.46   41.03   41.32   41.67   42.09   42.37   41.77   40.32   37.72   34.95   31.97   29.15  
4.98    7.12    9.04    10.68   12.00   12.63   12.57   12.09   11.15   9.88    8.43    7.06    5.76    4.58    3.51    2.56    1.74    1.08    1.22    1.87    2.61    3.33    4.13    5.54    7.61    9.91    12.40   15.02   17.78   20.75   23.78   26.85   29.78   32.35   34.36   35.87   36.88   37.66   38.40   38.92   39.24   39.76   40.56   41.29   41.48   40.72   38.76   35.88   33.02   30.19  
5.72    7.63    9.39    10.82   12.15   12.74   12.61   12.32   11.58   10.59   9.30    7.93    6.62    5.40    4.29    3.29    2.40    1.64    1.25    1.76    2.44    3.18    4.31    6.24    8.42    10.81   13.33   15.97   18.82   21.75   24.69   27.46   29.94   31.86   33.32   34.33   35.15   35.91   36.60   37.06   37.42   37.99   39.02   39.86   40.29   40.34   39.05   36.90   34.03   31.22  
6.18    7.88    9.33    10.77   11.85   12.41   12.48   12.21   11.69   10.93   9.93    8.71    7.43    6.21    5.07    4.03    3.09    2.26    1.57    1.71    2.31    3.15    4.92    7.00    9.26    11.68   14.23   16.96   19.79   22.62   25.28   27.63   29.51   30.95   31.96   32.81   33.65   34.37   35.08   35.53   35.93   36.59   37.56   38.41   38.77   38.92   38.64   37.17   35.03   32.30  
6.39    7.81    9.17    10.28   11.25   11.77   11.89   11.84   11.53   10.97   10.24   9.28    8.15    6.96    5.82    4.75    3.78    2.90    2.13    1.72    2.26    3.67    5.64    7.79    10.10   12.57   15.19   17.91   20.63   23.20   25.43   27.29   28.70   29.73   30.62   31.46   32.30   33.10   33.77   34.24   34.73   35.39   36.18   36.99   37.28   37.43   37.44   36.93   35.47   33.35  
6.35    7.62    8.68    9.62    10.51   11.01   11.15   11.20   11.11   10.80   10.27   9.57    8.67    7.62    6.52    5.45    4.46    3.55    2.72    2.04    2.51    4.33    6.38    8.58    10.93   13.45   16.07   18.69   21.17   23.34   25.16   26.57   27.61   28.51   29.38   30.22   31.12   31.98   32.66   33.22   33.70   34.32   35.05   35.75   35.99   36.11   36.19   36.06   35.42   33.86  
6.30    7.91    8.20    8.99    9.77    10.23   10.39   10.47   10.50   10.40   10.10   9.61    8.95    8.11    7.13    6.11    5.11    4.18    3.33    2.58    3.09    5.03    7.12    9.36    11.76   14.27   16.78   19.18   21.30   23.09   24.51   25.57   26.50   27.40   28.25   29.14   30.10   31.05   31.81   32.38   32.94   33.51   34.15   34.73   34.92   35.00   35.04   34.99   34.74   33.97  
7.60    9.42    8.95    8.59    9.11    9.50    9.66    9.74    9.82    9.83    9.73    9.45    8.98    8.36    7.58    6.67    5.72    4.79    3.92    3.14    3.73    5.72    7.84    10.11   12.49   14.89   17.19   19.25   21.02   22.44   23.57   24.52   25.46   26.36   27.26   28.22   29.23   30.22   31.07   31.66   32.27   32.84   33.41   33.85   33.97   34.04   34.09   34.04   33.85   33.48  
9.07    10.87   10.21   8.82    8.58    8.84    8.97    9.05    9.14    9.20    9.20    9.10    8.83    8.40    7.82    7.08    6.24    5.36    4.49    3.69    4.38    6.39    8.53    10.79   13.06   15.26   17.26   18.99   20.42   21.55   22.57   23.54   24.46   25.40   26.39   27.45   28.51   29.54   30.36   31.05   31.72   32.26   32.69   33.00   33.07   33.14   33.17   33.17   33.06   32.75  
10.48   11.87   11.22   9.92    8.51    8.28    8.34    8.41    8.49    8.56    8.62    8.62    8.51    8.26    7.86    7.31    6.62    5.84    5.02    4.23    5.01    7.03    9.14    11.30   13.39   15.29   16.98   18.40   19.57   20.57   21.59   22.54   23.52   24.52   25.61   26.72   27.81   28.84   29.76   30.51   31.19   31.65   31.97   32.13   32.15   32.20   32.31   32.32   32.25   32.01  
11.48   12.56   11.98   10.86   9.41    8.13    7.81    7.82    7.89    7.96    8.03    8.08    8.07    7.96    7.73    7.34    6.83    6.19    5.46    4.70    5.60    7.58    9.61    11.59   13.41   15.01   16.40   17.58   18.58   19.61   20.58   21.60   22.62   23.71   24.86   25.99   27.08   28.10   29.11   29.93   30.59   31.04   31.25   31.24   31.18   31.25   31.37   31.50   31.49   31.32  
12.17   13.01   12.61   11.58   10.27   8.86    7.72    7.36    7.35    7.40    7.46    7.53    7.57    7.55    7.45    7.22    6.87    6.38    5.79    5.11    6.12    8.01    9.87    11.60   13.13   14.46   15.61   16.63   17.63   18.62   19.65   20.67   21.77   22.91   24.08   25.22   26.31   27.42   28.44   29.30   29.99   30.42   30.55   30.51   30.41   30.40   30.53   30.62   30.68   30.54  
12.30   12.94   12.76   12.00   10.93   9.64    8.33    7.31    6.95    6.90    6.94    7.00    7.05    7.09    7.07    6.97    6.76    6.42    5.97    5.41    6.51    8.25    9.86    11.32   12.60   13.71   14.71   15.68   16.68   17.67   18.70   19.79   20.94   22.13   23.27   24.42   25.58   26.71   27.73   28.66   29.34   29.76   29.88   29.92   29.83   29.75   29.75   29.82   29.86   29.76  
11.73   12.35   12.32   12.01   11.26   10.23   9.03    7.83    6.92    6.55    6.48    6.51    6.56    6.61    6.64    6.62    6.52    6.32    6.00    5.58    6.71    8.24    9.61    10.83   11.88   12.86   13.79   14.76   15.72   16.72   17.83   18.91   20.08   21.24   22.39   23.57   24.73   25.86   26.90   27.89   28.58   29.05   29.21   29.28   29.27   29.18   29.10   29.06   29.07   28.94  
10.81   11.52   11.66   11.57   11.23   10.52   9.57    8.45    7.36    6.54    6.18    6.09    6.11    6.15    6.20    6.22    6.20    6.10    5.91    5.61    6.70    7.98    9.15    10.14   11.09   12.00   12.91   13.83   14.81   15.86   16.94   18.06   19.18   20.34   21.51   22.65   23.80   24.94   26.00   27.00   27.73   28.23   28.50   28.57   28.65   28.61   28.51   28.40   28.21   28.09  
9.86    10.65   10.85   10.93   10.82   10.48   9.83    8.94    7.92    6.92    6.18    5.82    5.72    5.73    5.77    5.80    5.82    5.80    5.70    5.52    6.46    7.55    8.52    9.42    10.30   11.17   12.04   12.96   13.95   14.98   16.05   17.15   18.26   19.41   20.56   21.70   22.78   23.92   25.00   25.95   26.80   27.36   27.65   27.75   27.89   27.88   27.84   27.67   27.47   27.12  
