#Value Function.
15.3320 15.7026 16.1229 16.4763 16.8540 17.2818 17.6555 18.1333 18.5522 18.9049 18.9193 18.9018 18.5577 18.2614 17.8976 17.5970 17.3272 17.0197 16.8175 16.4923 16.1210 15.8950 15.5406 15.1961 14.8276 14.4960 14.1792 13.8799 13.5159 13.1509 12.7890 12.4359 12.0903 11.7528 11.4247 11.1187 10.8755 10.6943 10.4120 10.1233 9.8382  9.5649  9.3323  9.1793  9.0682  8.9433  8.8268  8.7333  8.6722  8.6478 
15.3353 15.8210 16.1667 16.6236 16.9612 17.3534 17.8078 18.1625 18.6887 19.1031 19.4903 19.0607 18.7836 18.3857 18.0809 17.8238 17.4740 17.3116 16.9713 16.5449 16.3707 15.9794 15.6351 15.2454 14.9108 14.5828 14.2939 13.9088 13.5345 13.1627 12.8014 12.4474 12.1019 11.7647 11.4448 11.1911 11.0353 10.7518 10.4342 10.1415 9.8575  9.6104  9.4567  9.3527  9.2202  9.0981  9.0011  8.9367  8.9185  8.9088 
15.4864 15.8272 16.2642 16.6135 16.9922 17.3854 17.7491 18.2977 18.6152 19.0366 18.8871 19.0278 18.6377 18.2920 18.0890 17.7970 17.6361 17.1536 16.8733 16.8630 16.3235 16.0803 15.6617 15.3227 15.0200 14.7192 14.3040 13.9227 13.5405 13.1713 12.8087 12.4551 12.1094 11.7761 11.4986 11.3866 11.0702 10.7649 10.4489 10.1550 9.8897  9.7354  9.6435  9.5001  9.3724  9.2725  9.2031  9.1911  9.1858  9.1793 
15.3612 16.0079 16.2025 16.5795 17.1280 17.3094 17.8600 18.0957 18.4274 18.4730 18.7539 18.5868 18.5501 18.1584 17.8256 17.7097 17.5321 17.2555 16.7940 16.5338 16.5329 16.0537 15.7714 15.3763 15.1328 14.6930 14.3208 13.9266 13.5501 13.1782 12.8166 12.4624 12.1193 11.8020 11.7395 11.3815 11.0702 10.7624 10.4615 10.1733 10.0173 9.9456  9.7857  9.6525  9.5511  9.4736  9.4710  9.4665  9.4637  9.4550 
15.3699 15.8760 16.1978 16.7245 16.8875 17.4113 17.5958 17.8620 17.9788 18.2412 18.2501 18.4589 18.2312 18.0189 17.6763 17.3750 17.3471 17.2450 16.8473 16.4536 16.2933 16.1749 15.7017 15.4160 14.9974 14.7004 14.3069 13.9352 13.5556 13.1865 12.8237 12.4699 12.1241 11.8986 11.6046 11.3841 11.0673 10.7615 10.4611 10.3000 10.2621 10.0760 9.9381  9.8384  9.7454  9.7558  9.7539  9.7518  9.7463  9.7338 
15.3578 15.8438 16.3877 16.4697 16.9317 17.1563 17.3308 17.4775 17.6944 17.8093 18.1987 18.0502 18.2002 17.8238 17.5268 17.2053 16.9444 17.0399 16.7602 16.3987 16.0682 15.8943 15.8789 15.3963 15.0046 14.6134 14.2919 13.9238 13.5594 13.1889 12.7733 12.4249 12.1201 11.8003 11.5520 11.2844 11.0478 10.7554 10.5286 10.5980 10.3692 10.2290 10.1340 10.0340 9.9718  10.0274 10.0471 10.0403 10.0377 9.9833 
15.2411 15.8570 16.0490 16.4420 16.8294 16.8346 16.9837 17.1949 17.4182 17.8525 17.8251 17.8423 17.8491 17.8109 17.4018 17.0617 16.7494 16.5222 16.5066 16.2790 16.0049 15.6787 15.4765 15.3707 14.9869 14.6048 14.2311 13.8999 13.5473 13.1520 12.8045 12.4046 12.0429 11.7735 11.4757 11.2169 10.9629 10.8087 10.7233 10.6618 10.5249 10.4390 10.3277 10.2696 10.2159 10.2269 10.3403 10.3425 10.3175 10.0586
15.1945 15.6119 15.9622 16.2883 16.3646 16.5118 16.7501 17.1317 17.4519 17.4531 17.4844 17.4943 17.3745 17.5524 17.4881 16.9815 16.6163 16.3086 16.0922 16.0114 15.8284 15.6903 15.2953 15.0644 14.9038 14.5748 14.2124 13.8532 13.4776 13.1625 12.7801 12.4436 12.0474 11.7106 11.4394 11.1939 11.1223 11.0025 10.9856 10.8261 10.7558 10.6253 10.5755 10.5193 10.4758 10.5206 10.5137 10.6701 10.3529 10.1461
15.0019 15.4911 15.7798 15.9022 16.0770 16.3951 16.8510 16.9828 17.0828 17.1140 17.0989 17.0018 17.0123 17.0280 17.1483 17.0010 16.5528 16.1839 15.8795 15.6639 15.5480 15.4133 15.2448 14.9033 14.6587 14.4651 14.1674 13.8263 13.4763 13.0888 12.7860 12.4272 12.0891 11.7437 11.4543 11.4101 11.2631 11.3394 11.1258 11.0875 10.9250 10.8868 10.8300 10.7834 10.7641 10.7705 10.8393 10.5938 10.4436 10.2859
14.8638 15.2971 15.4642 15.7322 16.1910 16.5111 16.5126 16.7115 16.7622 16.7387 16.6383 16.5965 16.5738 16.8251 16.6670 16.6750 16.5130 16.1198 15.7603 15.4602 15.2422 15.1079 15.0666 14.8720 14.5189 14.2620 14.0474 13.7684 13.4462 13.1049 12.7442 12.3948 12.0733 11.7509 11.7620 11.5978 11.4568 11.3989 11.4398 11.2296 11.1715 11.1270 11.1068 11.0288 11.0277 10.9716 10.8765 10.7535 10.5988 10.4155
14.6703 15.0311 15.3105 15.7385 16.2114 16.0918 16.3426 16.4121 16.4199 16.2966 16.2470 16.1658 16.3071 16.3433 16.3170 16.2194 16.1950 16.0196 15.6838 15.3431 15.0495 14.8292 14.6926 14.7266 14.4551 14.1340 13.8734 13.6463 13.3791 13.0727 12.7435 12.3979 12.0365 11.7292 11.9490 11.7785 11.7586 11.6153 11.5284 11.4950 11.4641 11.3518 11.3360 11.3235 11.2238 11.1860 11.0723 10.9150 10.7391 10.4786
14.4423 14.8888 15.2832 15.6649 15.6997 15.9662 16.0633 16.0638 15.9529 15.9269 15.8346 15.8416 16.0375 15.8754 15.8594 15.8280 15.7543 15.7062 15.5434 15.2502 14.9315 14.6466 14.4263 14.2965 14.3789 14.0703 13.7564 13.4935 13.2590 12.9997 12.7068 12.3900 12.0557 11.9281 11.9048 12.1429 11.9361 11.9000 11.7567 11.6974 11.6168 11.6835 11.5669 11.5555 11.5232 11.4054 11.2369 11.0703 10.7956 10.5048
14.3087 14.8322 15.1643 15.2868 15.5536 15.7376 15.7166 15.6163 15.5834 15.5004 15.4557 15.5269 15.5161 15.5364 15.4548 15.4465 15.3702 15.3003 15.2359 15.0827 14.8220 14.5256 14.2511 14.0339 13.9236 14.0860 13.7047 13.3886 13.1229 12.8838 12.6302 12.3489 12.0440 11.8949 12.1272 12.0446 12.2848 12.0793 12.0539 11.8644 11.7399 11.7859 11.9047 11.7935 11.7045 11.5616 11.4145 11.1157 10.8159 10.5352
14.2307 14.6937 14.8731 15.1462 15.4950 15.3899 15.2945 15.2496 15.1704 15.1228 15.0532 15.0547 15.0658 15.0605 15.2125 15.0438 14.9916 14.9226 14.8549 14.7813 14.6360 14.4009 14.1257 13.8629 13.6523 13.6159 13.6106 13.3231 13.0250 12.7607 12.5196 12.3069 12.2390 12.0944 12.2073 12.3211 12.1759 12.4536 12.1861 12.1335 11.8832 11.8822 12.0463 12.0283 11.8898 11.7758 11.4409 11.1310 10.8391 10.6206
14.0894 14.4706 14.7802 15.2508 15.0822 15.0339 14.9439 14.8571 14.8005 14.7311 14.6775 14.6205 14.6282 14.7283 14.7121 14.7459 14.6189 14.5530 14.4861 14.4193 14.3407 14.2024 13.9880 13.7324 13.4822 13.2867 13.2210 13.1720 12.9393 12.6695 12.6325 12.6046 12.4547 12.4330 12.3670 12.4662 12.5296 12.2783 12.5547 12.1969 12.1334 12.0553 12.0655 12.2157 12.1275 11.7686 11.4548 11.1450 10.9261 10.7784
13.9050 14.3766 14.7451 14.7360 14.7661 14.6559 14.5910 14.5084 14.4275 14.3656 14.3009 14.2456 14.2698 14.2770 14.3155 14.4159 14.3147 14.2024 14.1280 14.0609 13.9940 13.9300 13.7904 13.5857 13.3466 13.2341 13.1019 13.0278 12.9897 12.9907 12.9834 12.8470 12.7998 12.7217 12.6641 12.5724 12.6106 12.5526 12.4518 12.5621 12.2759 12.1801 12.1978 12.2278 12.0629 11.7876 11.4556 11.2338 11.0948 10.9774
13.7952 14.2364 14.2980 14.3141 14.3030 14.3084 14.2297 14.1612 14.0835 14.0070 13.9429 13.8806 13.8508 13.8891 13.9594 13.9416 13.9638 13.8894 13.7915 13.7144 13.6466 13.5870 13.6855 13.6108 13.6176 13.4628 13.4081 13.2775 13.2233 13.3821 13.1964 13.1731 13.0820 13.0299 12.9555 12.8936 12.8605 12.8184 12.7476 12.6507 12.4774 12.4349 12.3083 12.1440 11.9381 11.7437 11.5470 11.4162 11.2998 11.2072
13.5621 13.8522 14.0100 14.0804 13.9274 13.8857 13.8718 13.8095 13.7426 13.6688 13.5958 13.5314 13.4735 13.5228 13.5210 13.5332 13.5265 13.5316 13.4728 13.3874 13.3112 13.3183 13.5959 14.0384 13.8228 13.8060 13.6403 13.6019 13.5340 13.4954 13.5629 13.4470 13.4068 13.3223 13.2684 13.2328 13.1950 13.1128 13.0413 12.8485 12.8071 12.6714 12.5074 12.3191 12.0946 11.8707 11.7476 11.6249 11.5405 11.4396
13.2787 13.5347 13.6345 13.6237 13.7474 13.5565 13.4844 13.4532 13.3982 13.3344 13.2642 13.1942 13.1306 13.1090 13.1162 13.1143 13.1210 13.1185 13.1149 13.3954 13.5156 13.5563 13.6377 13.8608 14.2292 14.0012 13.9942 13.9131 13.8753 13.8580 13.8129 13.7966 13.6993 13.6471 13.6087 13.5801 13.4831 13.4224 13.2923 13.1908 13.0390 12.8698 12.6785 12.4734 12.2230 12.0899 11.9557 11.8785 11.7819 11.6492
12.9688 13.1803 13.2244 13.3063 13.2958 13.4323 13.2070 13.1002 13.0510 12.9973 12.9362 12.8694 12.8022 12.7426 12.7482 12.7608 12.8860 12.9754 13.1990 13.4801 13.8197 13.9029 13.9305 14.0104 14.2395 14.4008 14.2988 14.2628 14.2557 14.2018 14.1683 14.0950 14.0321 13.9904 13.9796 13.8587 13.8049 13.7353 13.5754 13.4131 13.2412 13.0422 12.8397 12.5958 12.4653 12.2905 12.2258 12.1288 11.9993 11.8149
12.6262 12.7986 12.8884 12.9076 12.9984 12.9932 13.1851 12.8736 12.7323 12.6643 12.6078 12.5483 12.4758 12.4785 12.7350 12.8283 13.1700 13.2541 13.3321 13.5886 13.8768 14.2668 14.2894 14.3129 14.3910 14.6561 14.6435 14.6671 14.5967 14.5753 14.4911 14.4248 14.3028 14.3976 14.2374 14.1955 14.1409 13.9600 13.7943 13.6224 13.4137 13.2086 12.9851 12.8567 12.6386 12.5840 12.4835 12.3555 12.1629 11.9627
12.2682 12.4590 12.5569 12.5902 12.6207 12.7483 12.7376 12.7402 12.5197 12.3726 12.2907 12.3334 12.2417 12.4476 12.7097 12.8764 13.1169 13.5574 13.6258 13.6920 13.9953 14.2770 14.7442 14.5851 14.5980 14.7795 15.0984 14.9945 14.9972 14.8922 14.8421 14.6953 14.6318 14.6158 14.5935 14.5636 14.3504 14.1837 14.0145 13.7940 13.5786 13.4026 13.2383 13.0364 12.9535 12.8453 12.7230 12.5138 12.3134 12.1015
11.9409 12.1423 12.2238 12.3667 12.3371 12.3476 12.3551 12.3499 12.3262 12.1596 12.1623 12.3537 12.4878 12.5866 12.8163 13.0918 13.1482 13.3941 13.8182 13.7756 14.0264 14.4267 14.6095 15.0214 14.9458 14.9737 15.0815 15.4393 15.2942 15.2781 15.0923 15.0335 15.0233 15.0141 15.0082 14.7442 14.5812 14.4187 14.1832 13.9557 13.7795 13.6198 13.4173 13.3240 13.2363 13.1039 12.8704 12.6697 12.4485 12.2703
11.6336 11.8309 11.9637 11.9815 12.0995 11.9915 11.9738 11.9744 11.9685 11.9334 12.2808 12.5355 12.7246 12.8542 12.9340 13.1990 13.5055 13.4609 13.6984 14.1303 14.0530 14.3065 14.7760 14.9969 15.3668 15.3453 15.3719 15.4277 15.7400 15.4884 15.4547 15.3855 15.3823 15.4473 15.1371 14.9867 14.8367 14.5815 14.3395 14.1649 14.0080 13.8255 13.7008 13.6186 13.4930 13.2542 13.0376 12.7963 12.6303 12.4298
11.3375 11.5497 11.6203 11.7020 11.6941 11.8362 11.6728 11.6184 11.6546 11.9857 12.2927 12.6744 12.9151 13.1047 13.2302 13.2810 13.5973 13.8720 13.7506 13.9886 14.3164 14.3382 14.6508 15.1241 15.4214 15.7105 15.6909 15.8033 15.8026 15.9048 15.7383 15.6803 15.8336 15.5241 15.4011 15.2707 14.9886 14.7295 14.5586 14.4091 14.2063 14.0796 14.0088 13.8975 13.6261 13.4086 13.1866 12.9963 12.7980 12.5453
11.0597 11.2475 11.3238 11.3473 11.4432 11.4412 11.6371 11.4179 11.6985 12.0141 12.3611 12.6595 13.0870 13.2983 13.5531 13.5505 13.6340 14.0127 14.0823 14.0955 14.3769 14.5948 14.6829 15.0198 15.4770 15.8752 16.1459 16.0781 16.2677 16.1634 16.0617 16.1227 15.9154 15.8252 15.7242 15.4040 15.1250 14.9600 14.8254 14.5930 14.4654 14.4059 14.3216 14.0003 13.7904 13.5552 13.3664 13.1730 12.9079 12.6538
10.7838 11.0277 11.0063 11.0746 11.1083 11.2437 11.2519 11.4724 11.7739 12.0541 12.3833 12.7497 12.9841 13.3185 13.7151 13.9498 13.9084 13.9932 14.4019 14.4034 14.4673 14.8089 14.8596 15.0464 15.4267 15.7878 16.2984 16.5322 16.4803 16.5083 16.4529 16.3220 16.2581 16.2018 15.8263 15.5256 15.3675 15.2610 14.9835 14.8591 14.8066 14.7725 14.3714 14.1856 13.9300 13.7437 13.5619 13.2700 13.0338 12.6812
10.5400 10.6660 10.7231 10.7737 10.8836 10.9564 11.2410 11.5795 11.8159 12.1432 12.4152 12.7626 13.0508 13.3706 13.7128 14.1432 14.3059 14.2768 14.3532 14.7509 14.7915 14.8434 15.2068 15.2018 15.4687 15.8297 16.2261 16.6975 16.8263 16.7764 16.7705 16.6447 16.7107 16.2527 15.9314 15.7782 15.7223 15.3755 15.2532 15.2404 14.9496 14.7300 14.5985 14.3148 14.0779 13.9728 13.6317 13.4261 13.0441 12.7016
10.2177 10.3865 10.4627 10.5837 10.7282 11.0062 11.2855 11.5878 11.9558 12.1590 12.5300 12.7790 13.0567 13.4605 13.7680 14.1138 14.5731 14.5720 14.6017 14.7327 15.0822 15.2132 15.2136 15.5589 15.5878 15.9178 16.2502 16.6977 17.1898 17.0961 17.0678 17.0537 16.6257 16.3552 16.1031 16.2155 15.7637 15.6304 15.6717 15.2633 15.1002 15.0322 14.7127 14.4414 14.2529 14.0248 13.6391 13.3672 13.0589 12.7674
9.9537  10.1753 10.4652 10.5020 10.7879 11.0636 11.3500 11.6332 11.9411 12.3518 12.4951 12.8009 13.1820 13.4301 13.8137 14.1535 14.5266 14.7090 14.8848 14.9613 15.1248 15.3785 15.5742 15.5861 15.8675 15.9664 16.3906 16.7031 16.9244 17.4773 17.2779 16.9940 16.8088 16.4824 16.4443 16.0914 16.0198 16.0367 15.6092 15.4903 15.4104 15.0795 14.7907 14.6032 14.3808 13.9764 13.7525 13.3847 13.1222 12.9119
9.7705  10.1221 10.2786 10.5632 10.8337 11.1284 11.4067 11.7034 11.9890 12.2836 12.5769 12.8732 13.1815 13.4861 13.8322 14.2238 14.4826 14.7466 14.9084 15.0543 15.2966 15.4244 15.3876 15.7115 15.7625 16.0425 16.3173 16.5978 17.1450 17.1790 17.2418 17.0578 16.7629 16.6616 16.2791 16.1176 16.0716 15.8337 15.7106 15.5213 15.4283 15.1681 14.9133 14.7208 14.3051 14.1310 13.7417 13.4801 13.3072 12.9426
9.7691  10.0401 10.3301 10.6022 10.8994 11.1690 11.4797 11.7566 12.0675 12.3545 12.6595 12.9583 13.2443 13.5921 13.8868 14.2488 14.5578 14.6129 14.9373 15.1312 15.1729 15.0104 15.2492 15.4500 15.6103 15.8770 16.1879 16.7073 16.7293 16.9315 17.0718 16.8223 16.7504 16.4181 16.1936 15.8735 15.8404 15.8198 15.6877 15.3751 15.1886 15.2251 15.0188 14.6294 14.5058 14.0978 13.8744 13.5656 13.3121 12.9548
9.8163  10.0846 10.3578 10.6619 10.9319 11.2468 11.5094 11.8436 12.1117 12.4440 12.7270 13.0464 13.3403 13.6361 13.9801 14.2868 14.3897 14.7459 14.9278 14.7310 14.7020 14.8035 15.0008 15.1801 15.4405 15.7759 16.2825 16.2751 16.4437 16.6208 16.5985 16.6162 16.3903 16.3160 16.1050 15.8288 15.5131 15.5283 15.5605 15.4943 15.1022 14.9551 15.0140 14.7646 14.4023 14.3160 13.9346 13.7085 13.3237 12.9795
9.8925  10.1269 10.4060 10.6823 11.0053 11.2660 11.6081 11.8522 12.2239 12.4690 12.8444 13.1104 13.4458 13.7201 14.0423 14.0931 14.4172 14.7325 14.4618 14.4625 14.3872 14.5679 14.7668 15.0692 15.3855 15.8838 15.8321 15.9772 16.1723 16.4099 16.3488 16.1949 16.1234 15.9510 15.8540 15.7440 15.6125 15.1783 15.1178 15.3190 15.2401 14.7938 14.7158 14.7422 14.7748 14.3184 13.9751 13.6862 13.3402 13.0686
9.9608  10.2109 10.4394 10.7383 11.0122 11.3626 11.6014 11.9877 12.1923 12.5992 12.8400 13.2689 13.4378 13.8876 13.7861 14.2268 14.4093 14.2452 14.2585 14.0828 14.1521 14.3638 14.6782 15.0461 15.5438 15.4106 15.5350 15.7686 16.1746 16.1889 16.2558 16.2240 15.8393 15.6751 15.5162 15.4066 15.2965 15.1389 14.8404 14.8350 15.0036 14.7921 14.4533 14.4936 14.3573 14.3542 14.0889 13.6828 13.4603 13.0784
10.0674 10.2709 10.5370 10.7556 11.0840 11.3449 11.7382 11.9323 12.3322 12.4954 12.8616 13.1268 13.5571 13.5539 13.7815 13.9793 14.0212 13.9743 13.8577 13.8227 13.9700 14.2877 14.6505 15.1368 15.0574 15.1755 15.4487 15.9384 15.7436 15.7879 15.8583 16.0966 16.0262 15.5746 15.2759 15.0962 14.9740 14.8583 14.6971 14.5274 14.5137 14.6302 14.3806 14.1235 14.1353 13.9788 13.9204 13.8713 13.4476 13.0955
10.0861 10.4057 10.5776 10.8780 11.0720 11.4478 11.6591 12.0549 12.2034 12.5971 12.8011 13.2167 13.4882 13.3902 13.5868 13.8551 13.6282 13.6059 13.5575 13.5921 13.8914 14.2628 14.7351 14.6598 14.7847 15.1502 15.6585 15.4358 15.4454 15.4371 15.6520 15.7451 15.8774 15.6889 15.2432 14.9337 14.6996 14.5570 14.4329 14.2904 14.3356 14.1917 14.2308 13.9890 13.9069 13.7488 13.5974 13.5215 13.4265 13.0845
10.1000 10.4128 10.7557 10.8795 11.2404 11.3611 11.7378 11.9212 12.2311 12.5754 13.0131 13.1014 13.0583 13.1918 13.3990 13.3972 13.4096 13.2601 13.2358 13.5066 13.8716 14.3036 14.3066 14.4028 14.7498 15.1708 15.1409 15.1649 15.0751 15.2890 15.3578 15.4810 15.5508 15.5175 15.3686 14.9232 14.6366 14.3295 14.1573 14.0235 13.9064 13.8986 13.9206 13.8101 13.6183 13.6179 13.3854 13.2254 13.1313 13.0074
10.0934 10.4326 10.7409 11.1263 11.1001 11.3912 11.7103 11.8843 12.2167 12.5777 12.6917 12.6928 12.8070 12.9692 12.9946 13.0027 13.0006 12.9920 13.1324 13.4795 13.8540 14.0356 14.0361 14.3703 14.8116 14.7790 14.7574 14.7970 14.8826 14.9256 15.0639 15.2926 15.1680 15.2628 15.1215 15.0674 14.6278 14.3041 13.9715 13.7732 13.6304 13.5223 13.4997 13.6087 13.4262 13.2613 13.3007 13.0380 12.8640 12.7480
10.0758 10.4253 10.7465 10.8557 11.0842 11.4618 11.5595 11.8583 12.1677 12.2953 12.3275 12.4284 12.5600 12.5987 12.6079 12.6109 12.6306 12.7800 13.0948 13.4436 13.7177 13.6931 14.0098 14.3492 14.3802 14.4306 14.4276 14.4476 14.5088 14.6670 15.0053 14.8328 15.0452 14.9007 14.9188 14.8263 14.7198 14.2874 13.9308 13.6146 13.4016 13.2507 13.1834 13.1705 13.3201 13.0872 12.9253 12.9312 12.6914 12.5070
10.0241 10.4137 10.6627 10.8466 11.2159 11.2461 11.5061 11.7773 11.9115 11.9650 12.0570 12.1670 12.2117 12.2245 12.2348 12.2755 12.4303 12.7205 13.0492 13.3486 13.3852 13.6154 13.9436 13.9981 14.1033 14.0034 14.0289 14.1004 14.2605 14.5176 14.5356 14.8510 14.7893 14.6275 14.5087 14.6427 14.4665 14.2974 13.9174 13.5674 13.2618 13.0405 12.8870 12.8976 12.8950 13.1259 12.7858 12.6139 12.5123 12.3289
9.9927  10.3512 10.6414 11.0252 10.9484 11.1623 11.4030 11.5396 11.6074 11.6932 11.7878 11.8348 11.8522 11.8706 11.9270 12.0846 12.3554 12.6645 12.9477 13.1509 13.2365 13.5284 13.6854 13.7885 13.6547 13.6689 13.7009 13.8600 14.0971 14.3194 14.6368 14.6235 14.4493 14.3571 14.2179 14.1727 14.2445 14.0762 13.8760 13.5446 13.2105 12.9143 12.6892 12.5418 12.6956 12.6974 12.8688 12.4815 12.2755 12.1415
9.9413  10.3270 10.6305 10.6564 10.8286 11.0428 11.1789 11.2560 11.3374 11.4207 11.4683 11.4905 11.5171 11.5854 11.7442 11.9996 12.2943 12.5825 12.8783 12.8863 13.1655 13.5320 13.5537 13.3549 13.3597 13.3170 13.4713 13.7146 14.0537 14.2871 14.5396 14.2750 14.1915 14.0489 13.9427 13.8236 13.8824 13.9036 13.6949 13.4767 13.1755 12.8592 12.5726 12.3476 12.3374 12.4500 12.4366 12.4308 12.1514 11.9386
9.9015  10.2683 10.3508 10.5047 10.6952 10.8287 10.9115 10.9896 11.0647 11.1120 11.1390 11.1734 11.2510 11.4111 11.6605 11.9807 12.2429 12.6006 12.5780 12.8279 13.2520 13.1758 13.1418 13.1270 12.9934 13.0980 13.3567 13.7671 13.9309 14.3208 14.0850 14.0770 13.8915 13.7818 13.6529 13.5427 13.5475 13.6125 13.5028 13.3095 13.0917 12.8124 12.5135 12.2368 12.0601 12.0632 12.0711 12.0633 12.0270 11.8083
9.8184  10.0416 10.1877 10.3591 10.4885 10.5745 10.6499 10.7189 10.7659 10.7974 10.8389 10.9240 11.0850 11.3277 11.6325 11.9528 12.3737 12.2684 12.5510 12.9893 12.8565 12.8484 12.7926 12.7569 12.8507 13.0663 13.4930 13.7293 14.1918 13.8797 13.8686 13.7098 13.6507 13.5039 13.3864 13.2646 13.2014 13.2297 13.3921 13.1439 12.9374 12.7196 12.4566 12.1737 11.9123 11.7411 11.7080 11.7054 11.6957 11.6422
9.6263  9.8758  10.0335 10.1580 10.2452 10.3184 10.3829 10.4296 10.4652 10.5132 10.6044 10.7657 11.0019 11.2941 11.6077 11.9402 11.9717 12.1972 12.5344 12.5525 12.5759 12.4924 12.4634 12.5133 12.8315 13.2720 13.3857 13.8130 13.7296 13.7293 13.5221 13.4538 13.3282 13.2466 13.1197 13.0021 12.8901 13.0983 12.9671 13.0605 12.7964 12.5779 12.3593 12.1088 11.8407 11.5931 11.4244 11.3669 11.3520 11.3332
9.4636  9.7161  9.8366  9.9238  9.9951  10.0562 10.1028 10.1422 10.1960 10.2921 10.4532 10.6829 10.9632 11.2620 11.5446 11.6420 11.8463 12.1142 12.1706 12.1876 12.1802 12.1850 12.1856 12.4773 12.8721 13.0503 13.4427 13.3658 13.3864 13.3357 13.3020 13.1507 13.0601 12.9491 12.8580 12.7422 12.8680 12.6809 12.6871 12.6352 12.7222 12.4623 12.2394 12.0122 11.7697 11.5146 11.2791 11.1120 11.0373 11.0064
9.3027  9.5229  9.6103  9.6798  9.7384  9.7851  9.8279  9.8869  9.9869  10.1474 10.3705 10.6390 10.9212 11.1741 11.3080 11.4978 11.7187 11.7931 11.8115 11.8104 11.8207 11.8664 12.1253 12.4686 12.6866 13.0521 13.0030 13.0259 12.9822 12.9810 12.9436 12.8968 12.7772 12.6801 12.5765 12.4819 12.4436 12.4537 12.3331 12.3197 12.2990 12.3488 12.1375 11.9011 11.6748 11.4391 11.1954 10.9704 10.8047 10.7140
9.1149  9.3030  9.3712  9.4280  9.4752  9.5211  9.5843  9.6874  9.8467  10.0632 10.3200 10.5861 10.8200 10.9732 11.1519 11.3404 11.4223 11.4454 11.4505 11.4700 11.5424 11.7780 12.0853 12.3224 12.5898 12.6220 12.6481 12.6238 12.6289 12.6010 12.5903 12.5582 12.5074 12.4072 12.3106 12.2115 12.1241 12.0816 12.0660 11.9817 11.9618 11.9453 11.9237 11.7767 11.5649 11.3451 11.1166 10.8831 10.6673 10.4996
8.8841  8.9662  9.0341  9.0900  9.1372  9.1864  9.2836  9.4394  9.6467  9.8893  10.1378 10.3558 10.5165 10.6844 10.8500 10.9464 11.0249 11.0627 11.0864 11.0969 11.3017 11.5793 11.8190 12.0656 12.2806 12.2260 12.2387 12.2558 12.2439 12.2418 12.2217 12.2069 12.1770 12.1262 12.0388 11.9458 11.8513 11.7691 11.7221 11.6927 11.6287 11.6004 11.6508 11.5613 11.4221 11.2290 11.0184 10.7977 10.5736 10.3637
