#Value Function.
434.68  441.16  449.25  459.11  470.53  483.13  496.69  511.04  526.19  541.90  558.18  574.80  591.54  607.80  622.93  635.42  645.34  654.21  662.93  671.84  684.01  700.35  716.58  727.52  731.27  731.58  726.63  715.09  697.20  677.85  658.22  639.08  620.40  602.27  584.62  568.36  557.35  555.76  554.61  553.47  552.33  551.18  550.03  548.88  547.72  546.57  545.41  544.23  543.01  541.64 
441.60  447.21  453.88  462.47  472.82  484.81  497.78  511.95  526.71  542.43  558.60  575.40  592.45  609.57  626.07  641.25  653.27  662.79  671.57  680.15  688.59  701.44  717.14  728.18  731.25  730.72  727.39  715.12  697.85  678.22  658.76  639.59  620.98  602.82  585.73  573.63  572.21  571.03  569.87  568.69  567.53  566.36  565.20  564.01  562.83  561.63  560.43  559.19  557.93  556.44 
448.42  454.16  459.64  466.59  475.68  486.61  499.05  512.60  527.29  542.67  558.95  575.56  592.93  610.38  627.85  644.41  659.54  670.58  679.39  687.54  694.99  703.30  716.37  720.78  723.69  723.15  718.66  710.99  695.79  678.27  659.06  639.97  621.31  603.41  590.06  588.88  587.68  586.48  585.29  584.10  582.90  581.71  580.49  579.28  578.06  576.84  575.57  574.28  572.97  571.42 
454.24  461.35  466.54  472.10  479.44  489.04  500.45  513.59  527.75  543.07  559.08  575.92  593.01  610.95  628.68  646.34  662.56  677.28  685.54  692.98  699.03  706.48  708.46  712.01  709.43  708.24  706.79  700.37  690.01  675.48  658.41  640.07  621.61  606.71  605.88  604.71  603.50  602.27  601.05  599.83  598.61  597.36  596.13  594.88  593.63  592.33  591.02  589.67  588.32  586.68 
458.74  467.58  474.04  478.89  484.48  492.24  502.45  514.53  528.48  543.33  559.43  575.92  593.42  610.88  629.34  647.07  664.84  679.63  691.73  696.94  702.34  701.28  699.87  694.27  693.35  690.46  688.69  685.68  679.18  668.94  655.22  639.02  621.49  622.08  621.90  620.89  619.65  618.41  617.15  615.91  614.63  613.37  612.09  610.82  609.49  608.15  606.78  605.40  603.95  602.30 
462.30  472.41  480.75  486.58  490.94  496.72  505.15  516.08  529.00  543.91  559.44  576.35  593.31  611.45  629.08  647.97  664.88  681.14  691.80  699.18  697.86  697.20  692.27  685.43  677.65  673.91  670.57  668.02  664.47  658.17  648.44  635.49  632.75  636.69  637.87  637.34  636.18  634.89  633.63  632.31  631.03  629.71  628.42  627.06  625.70  624.28  622.89  621.39  619.94  618.22 
465.15  476.03  485.71  493.57  498.57  502.39  508.84  517.93  530.16  544.07  559.99  576.19  593.88  611.14  629.91  647.36  666.12  680.73  693.71  695.71  696.45  692.82  685.85  676.63  667.32  658.97  654.13  650.52  647.64  643.93  637.79  633.08  643.05  649.85  653.18  653.85  653.00  651.73  650.41  649.10  647.75  646.44  645.04  643.66  642.20  640.79  639.25  637.77  636.24  634.55 
466.14  479.44  489.47  498.41  505.35  508.93  512.87  520.15  530.93  544.70  559.92  576.76  593.50  611.99  629.25  648.51  664.66  682.21  688.00  693.46  692.81  688.62  681.23  670.50  659.31  648.79  640.25  634.83  631.00  627.90  627.44  639.35  651.11  660.92  667.17  669.86  670.04  668.91  667.57  666.21  664.88  663.45  662.04  660.54  659.12  657.53  656.02  654.45  652.97  651.18 
466.74  480.41  492.93  501.84  508.57  514.02  517.20  523.05  532.37  544.83  560.57  576.46  594.30  611.26  630.52  647.29  666.10  675.44  686.71  690.38  690.66  687.46  677.63  666.32  653.43  641.07  630.27  621.76  616.07  619.94  633.11  645.45  657.51  669.52  679.03  684.63  686.68  686.39  685.03  683.73  682.24  680.86  679.31  677.88  676.24  674.71  673.09  671.59  669.99  668.29 
467.00  480.93  493.60  504.04  511.03  515.78  519.56  524.65  532.91  545.76  560.18  577.21  593.58  612.46  629.12  648.55  659.84  675.53  685.15  687.50  688.10  685.20  676.07  662.65  648.81  635.21  622.77  612.09  608.52  624.05  638.16  651.37  663.78  675.97  688.20  697.31  702.17  703.58  702.91  701.43  700.09  698.48  697.08  695.38  693.85  692.16  690.65  688.99  687.52  685.70 
467.20  481.26  494.27  504.93  511.89  515.37  519.73  524.30  533.34  545.28  560.88  576.46  594.74  611.06  630.31  642.32  659.77  673.13  680.97  684.76  683.92  683.04  675.39  661.97  646.23  631.10  617.24  604.86  610.01  627.09  642.54  656.58  669.87  682.24  694.57  707.13  715.62  719.84  720.55  719.63  718.02  716.68  714.96  713.43  711.68  710.16  708.43  706.95  705.35  703.51 
467.10  480.96  493.47  503.73  509.04  514.79  517.75  524.62  532.83  545.94  560.11  577.59  593.37  612.23  624.21  642.14  657.22  668.79  675.18  679.07  679.30  676.89  670.24  658.81  643.99  628.13  613.16  599.53  610.83  628.67  645.92  661.14  675.11  688.42  700.60  713.28  726.16  734.02  737.41  737.72  736.60  734.89  733.41  731.63  730.13  728.33  726.83  725.19  723.64  721.33 
466.79  479.55  491.04  499.02  506.50  509.38  516.08  520.66  532.21  544.55  560.97  576.15  594.48  606.19  623.88  639.07  651.72  660.86  666.84  669.64  668.89  666.36  661.52  652.25  640.32  625.52  610.15  595.60  611.38  629.48  647.66  664.89  679.82  693.30  706.36  718.59  731.69  745.40  752.30  755.07  755.06  753.76  751.96  750.52  748.67  747.19  745.49  743.96  741.97  738.87 
465.16  476.77  485.55  493.72  497.74  504.28  508.75  518.81  529.38  544.99  559.44  577.24  588.57  605.86  620.77  633.37  643.16  649.82  653.76  654.69  654.35  652.01  648.24  642.41  633.17  621.25  607.11  593.52  611.56  630.07  648.41  666.73  683.54  697.82  710.65  722.84  735.36  750.07  764.67  770.37  772.73  772.41  771.23  769.37  767.95  766.21  764.75  762.80  760.11  755.24 
462.25  471.18  479.38  483.70  490.67  495.03  504.84  514.56  529.40  543.26  560.41  571.40  588.22  602.80  615.12  624.88  631.52  636.24  637.15  637.63  636.89  636.21  633.34  629.09  622.84  613.94  602.53  593.65  611.91  630.21  649.00  667.27  685.19  700.14  713.01  724.32  736.99  751.42  769.07  784.46  788.10  790.48  790.15  788.95  787.19  785.78  784.00  781.49  777.22  769.05 
456.73  464.96  469.27  476.17  480.67  490.24  499.72  513.94  527.36  544.00  554.66  571.02  585.24  597.25  606.80  613.31  618.12  619.16  619.97  619.25  618.72  618.05  616.79  613.98  609.76  603.60  595.12  593.89  611.92  630.52  648.93  667.69  684.96  700.71  712.49  725.07  737.10  751.54  769.24  788.14  800.98  805.76  808.43  808.11  806.84  805.10  802.94  799.15  791.81  778.87 
450.65  455.03  461.83  466.22  475.64  484.89  498.77  511.76  527.93  538.31  554.25  568.11  579.83  589.14  595.49  600.21  601.25  602.13  601.55  601.04  600.38  599.82  599.00  597.56  594.88  590.79  584.91  593.90  612.22  630.30  648.99  666.71  684.00  698.75  712.53  724.36  735.49  750.28  768.95  788.34  803.70  818.17  824.58  826.60  825.21  824.15  820.53  814.44  801.81  786.78 
440.94  447.73  452.04  461.23  470.27  483.81  496.48  512.23  522.36  537.88  551.40  562.83  571.92  578.11  582.72  583.73  584.59  584.05  583.58  582.94  582.39  581.77  581.15  580.27  578.80  576.25  576.14  594.10  611.88  630.37  648.04  665.25  680.92  695.54  708.63  719.55  732.62  749.09  768.08  789.05  808.23  824.09  837.82  841.83  841.74  840.12  836.02  823.98  809.98  792.32 
433.83  438.19  447.15  455.97  469.17  481.54  496.89  506.78  521.92  535.10  546.26  555.11  561.15  565.65  566.64  567.48  566.95  566.49  565.87  565.33  564.72  564.16  563.57  562.93  562.04  560.59  576.33  593.73  611.88  629.31  646.37  661.90  676.50  689.81  701.25  714.04  729.39  747.54  767.85  788.98  810.37  828.35  843.20  852.82  852.07  852.31  842.42  831.73  815.85  794.05 
424.52  433.42  442.02  454.90  466.96  481.94  491.58  506.34  519.21  530.08  538.73  544.62  549.00  549.97  550.78  550.27  549.83  549.21  548.69  548.10  547.55  546.98  546.42  545.84  545.19  558.96  575.97  593.68  610.77  627.57  642.84  657.36  670.58  681.74  694.57  709.57  726.98  746.68  767.48  789.04  810.31  830.33  846.58  855.26  856.98  855.15  847.90  836.94  816.94  795.80 
419.87  428.42  440.97  452.74  467.35  476.75  491.15  503.70  514.31  522.74  528.49  532.76  533.71  534.50  534.00  533.57  532.97  532.46  531.88  531.35  530.79  530.25  529.69  529.15  542.00  558.59  575.90  592.61  609.08  624.00  638.32  651.34  662.33  674.84  689.62  706.62  725.70  745.97  767.25  788.70  810.27  830.54  846.46  855.52  856.39  856.84  850.37  835.88  818.07  795.76 
415.00  427.39  438.87  453.11  462.30  476.34  488.57  498.92  507.14  512.75  516.92  517.84  518.62  518.13  517.71  517.13  516.63  516.07  515.55  515.00  514.47  513.93  513.41  525.45  541.63  558.52  574.86  590.98  605.62  619.66  632.37  643.19  655.41  669.90  686.47  705.08  724.73  745.58  766.81  788.52  810.34  830.38  842.60  851.64  855.34  852.04  847.27  833.73  815.44  795.25 
414.00  425.34  439.23  448.19  461.89  473.82  483.91  491.93  497.40  501.47  502.37  503.13  502.65  502.24  501.67  501.19  500.64  500.13  499.60  499.08  498.56  498.05  509.31  525.09  541.58  557.52  573.30  587.67  601.51  613.96  624.50  636.48  650.49  666.70  684.79  703.95  724.19  744.94  766.28  787.93  808.85  823.94  835.37  842.39  843.26  841.32  835.21  826.85  811.19  792.16 
412.00  425.69  434.43  447.79  459.43  469.27  477.10  482.43  486.40  487.28  488.02  487.56  487.15  486.60  486.13  485.59  485.09  484.57  484.07  483.56  483.07  493.56  508.96  525.04  540.61  556.04  570.14  583.80  596.03  606.45  618.16  631.73  647.36  665.00  683.59  703.30  723.47  744.33  765.48  786.20  801.70  813.68  821.89  824.65  825.47  823.45  820.97  812.58  802.69  787.10 
412.34  421.01  434.04  445.39  454.99  462.62  467.83  471.69  472.56  473.28  472.83  472.43  471.89  471.43  470.91  470.43  469.92  469.43  468.93  468.45  478.20  493.23  508.91  524.11  539.18  552.99  566.46  578.58  588.82  600.37  613.64  628.76  645.77  663.77  682.91  702.54  722.84  743.47  763.72  779.02  790.98  799.84  803.49  804.29  803.87  802.73  800.86  796.92  788.83  778.08 
407.78  420.63  431.70  441.07  448.51  453.58  457.35  458.20  458.90  458.46  458.08  457.55  457.10  456.59  456.12  455.62  455.14  454.66  454.20  463.22  477.88  493.18  508.01  522.72  536.22  549.42  561.38  571.57  582.94  596.01  610.76  627.23  644.58  663.11  682.16  701.91  721.98  741.72  756.65  768.46  777.38  781.49  782.91  782.50  782.56  781.16  779.90  777.35  772.81  764.68 
407.40  418.34  427.48  434.74  439.69  443.37  444.19  444.87  444.45  444.07  443.56  443.12  442.62  442.16  441.68  441.21  440.74  440.29  448.61  462.90  477.83  492.30  506.65  519.84  532.75  544.46  554.52  565.79  578.68  593.21  609.27  626.06  643.91  662.37  681.53  701.04  720.27  734.85  746.38  755.24  759.65  761.48  761.84  762.79  762.90  761.55  760.20  757.34  754.13  748.86 
405.17  414.22  421.30  426.13  429.72  430.52  431.19  430.78  430.41  429.91  429.48  429.00  428.55  428.08  427.62  427.16  426.73  434.37  448.30  462.85  476.97  490.98  503.85  516.46  527.92  537.77  548.87  561.59  575.98  591.73  608.11  625.44  643.16  661.76  680.69  699.39  713.58  724.83  733.56  738.06  740.49  742.35  744.57  746.29  747.01  745.34  742.58  739.69  735.51  731.10 
401.16  408.20  412.91  416.41  417.20  417.85  417.44  417.09  416.60  416.18  415.71  415.27  414.81  414.37  413.92  413.50  421.20  434.13  448.25  462.02  475.70  489.36  503.20  516.17  527.78  537.37  544.84  558.98  574.48  590.64  607.46  624.65  642.64  660.93  679.08  692.88  703.82  712.35  716.89  719.62  722.45  726.75  730.04  734.63  734.80  733.75  730.42  724.56  719.14  713.66 
395.28  400.02  403.43  404.20  404.83  404.44  404.30  403.82  403.42  402.96  402.54  402.09  401.66  401.22  400.81  409.87  421.98  434.48  447.57  461.17  475.40  489.93  504.44  518.47  531.50  543.04  552.34  558.99  573.53  589.97  606.73  624.16  641.79  659.36  672.73  683.35  691.64  696.09  698.91  702.02  707.23  712.58  720.59  724.27  724.10  724.23  721.05  714.14  705.83  698.45 
387.30  390.77  391.51  392.34  391.96  391.82  391.36  390.96  390.52  390.11  389.68  389.26  388.84  390.35  400.16  411.02  422.77  435.28  448.10  461.51  475.59  490.22  505.09  519.87  534.06  547.11  558.51  567.44  573.70  589.24  606.23  623.30  640.24  653.14  663.44  671.48  675.79  678.56  681.74  687.17  693.40  703.36  710.48  713.83  714.79  713.42  709.81  704.46  695.35  685.70 
378.28  379.35  380.16  379.79  379.65  379.20  379.02  378.61  378.21  377.79  377.43  377.08  384.07  392.78  402.21  412.36  423.68  435.84  448.76  462.10  475.88  490.38  505.42  520.63  535.65  549.96  563.00  574.20  582.63  588.65  605.25  621.67  634.10  644.08  651.85  656.01  658.68  661.81  667.26  673.69  684.40  692.25  698.38  703.20  701.87  702.07  697.38  692.05  684.46  674.69 
367.36  368.28  367.91  367.78  367.55  367.38  367.18  366.89  366.73  369.82  374.97  380.73  387.37  395.34  404.47  414.21  424.93  436.70  449.26  462.60  476.51  490.59  505.57  521.00  536.53  551.79  566.20  579.16  590.10  598.04  603.49  615.52  625.24  632.81  636.81  639.38  642.41  647.70  654.02  664.66  672.97  679.55  686.39  686.71  686.91  685.88  683.80  678.55  671.77  663.45 
356.56  356.33  356.41  356.19  356.23  359.21  363.38  367.10  370.86  375.05  379.82  385.20  391.20  398.16  406.81  416.29  426.56  437.67  450.11  463.03  476.82  491.11  505.71  521.16  536.96  552.82  568.29  582.75  595.64  606.26  613.75  617.36  618.06  618.36  620.85  623.77  628.90  634.91  645.21  653.43  659.92  667.25  668.17  669.26  668.26  667.92  666.12  663.19  657.95  650.91 
344.91  345.33  347.47  353.50  359.10  364.42  368.96  372.94  376.68  380.32  384.75  389.72  395.35  401.59  409.11  418.27  428.29  439.10  450.77  463.74  477.18  491.41  506.08  521.24  537.15  553.32  569.48  585.17  599.66  612.44  622.82  629.76  632.61  632.69  631.63  630.43  628.82  626.74  634.50  640.65  647.85  648.82  650.14  649.57  649.23  648.39  647.41  645.66  642.39  637.13 
336.72  344.24  351.09  357.52  363.40  368.86  374.07  378.33  382.34  385.90  389.65  394.37  399.52  405.40  412.10  420.23  429.88  440.47  452.04  464.25  477.75  491.73  506.39  521.43  537.22  553.55  570.08  586.56  602.44  616.94  629.61  639.54  645.79  647.69  646.89  645.77  643.61  639.89  633.30  629.05  629.76  631.16  630.57  630.35  629.53  629.01  628.22  627.11  625.23  621.76 
339.29  347.10  354.40  361.09  367.19  372.95  378.26  383.16  387.37  391.00  394.62  398.49  403.55  408.85  415.46  422.78  431.53  441.87  453.01  465.21  478.16  492.14  506.70  521.75  537.39  553.61  570.37  587.27  604.05  620.08  634.43  646.87  655.82  660.89  660.99  659.96  657.11  651.28  640.42  628.63  613.37  611.91  611.74  610.93  610.43  609.71  609.13  608.29  607.13  605.01 
341.56  349.58  357.20  364.18  370.76  376.68  382.12  387.09  391.67  395.46  399.15  402.84  406.84  412.30  418.13  425.54  433.44  443.06  454.07  465.96  478.76  492.52  506.90  522.10  537.49  553.80  570.42  587.65  604.89  621.92  637.85  651.54  663.32  669.17  672.05  671.45  667.62  657.38  646.98  631.02  613.53  597.79  593.63  592.46  591.58  590.97  590.30  589.66  588.83  587.45 
343.29  351.83  359.37  367.00  373.34  379.72  385.24  390.36  395.00  399.03  402.86  406.60  410.37  415.18  420.94  427.36  435.66  444.51  455.01  466.64  479.33  492.92  507.29  522.27  537.90  553.84  570.67  587.65  605.35  622.76  639.79  654.73  667.41  675.57  678.16  677.86  672.11  663.61  649.10  631.76  614.15  596.50  582.00  576.14  573.95  572.79  572.05  571.37  570.71  569.68 
344.68  353.47  361.62  368.98  376.01  381.90  387.71  392.63  397.51  401.55  405.68  409.54  413.35  417.86  422.85  429.40  437.01  446.15  456.01  467.37  479.80  493.31  507.49  522.49  538.06  554.11  570.64  587.98  605.23  623.24  640.31  657.10  669.30  677.46  679.05  679.28  674.13  664.33  649.12  632.25  614.39  596.81  579.83  566.19  559.22  556.13  554.59  553.68  552.96  552.07 
345.55  354.82  363.15  370.59  377.68  384.02  389.29  394.30  398.90  403.33  407.37  411.64  415.48  420.04  425.08  430.83  438.18  447.14  456.99  467.97  480.36  493.55  507.71  522.69  538.30  554.26  570.96  587.85  605.69  622.94  641.00  656.48  670.33  675.16  679.37  677.97  674.96  664.09  649.52  632.38  614.75  597.07  579.80  563.52  550.46  542.79  538.93  536.97  535.85  534.85 
346.09  355.57  364.24  371.84  379.00  385.17  390.63  395.54  400.07  404.36  408.51  412.63  417.05  421.28  426.47  432.25  439.21  447.93  457.62  468.62  480.75  493.96  507.92  522.92  538.28  554.57  570.84  588.27  605.25  623.20  639.38  655.41  664.89  672.19  674.11  674.74  667.97  660.96  647.48  631.66  614.57  597.21  579.99  563.19  547.56  534.91  526.78  522.29  519.90  518.36 
346.51  355.93  364.67  372.69  379.94  386.17  391.40  395.98  400.67  404.83  409.05  413.30  417.48  422.30  427.35  433.14  440.15  448.36  458.09  468.88  481.09  494.15  508.17  522.90  538.59  554.45  571.24  587.84  605.50  621.44  637.67  648.60  657.23  661.17  664.48  663.43  660.41  652.70  642.70  628.93  613.54  596.89  580.00  563.28  547.00  531.94  519.60  511.18  506.17  503.18 
346.90  356.37  365.03  373.14  380.26  386.65  391.92  396.40  400.67  404.95  409.19  413.51  417.85  422.53  427.73  433.74  440.71  448.99  458.47  469.38  481.28  494.54  508.32  523.20  538.47  554.85  570.83  588.05  603.66  619.61  630.61  639.44  644.97  648.20  648.68  648.51  646.08  641.74  633.95  623.59  610.44  595.52  579.52  563.20  546.97  531.20  516.65  504.59  495.96  490.35 
347.01  356.40  365.14  373.13  380.40  386.58  392.11  396.58  400.97  404.88  408.92  413.54  417.90  422.56  427.80  433.77  440.81  449.02  458.63  469.40  481.49  494.51  508.61  523.08  538.85  554.44  571.03  586.26  601.81  612.61  621.34  627.07  630.64  631.10  631.61  630.75  629.57  626.81  622.25  614.77  604.69  592.16  577.90  562.54  546.78  531.05  515.78  501.69  489.87  480.95 
347.04  356.52  365.13  373.27  380.33  386.76  391.95  396.86  400.67  405.11  409.12  413.58  417.92  422.62  427.81  433.85  440.82  449.15  458.62  469.60  481.46  494.79  508.49  523.46  538.45  554.64  569.28  584.45  594.99  603.54  609.16  612.75  613.36  613.85  613.20  612.76  611.79  610.47  607.67  603.02  595.87  586.25  574.33  560.69  545.95  530.73  515.51  500.72  487.06  475.30 
346.73  356.09  364.85  372.78  380.09  386.20  391.81  396.16  400.90  404.81  409.37  413.39  417.97  422.42  427.48  433.24  440.33  448.53  458.40  469.56  481.72  494.68  508.86  523.07  538.65  552.93  567.52  577.80  586.13  591.62  595.13  595.75  596.27  595.74  595.32  594.61  593.96  593.03  591.57  588.81  584.29  577.47  568.29  556.94  543.89  529.74  515.07  500.33  486.01  472.59 
346.32  355.82  364.38  372.55  378.92  385.44  390.71  395.76  400.19  404.64  408.98  413.03  417.16  421.68  426.47  432.34  439.72  448.31  458.36  469.40  481.41  494.82  508.27  523.26  536.99  551.21  561.03  569.16  574.51  577.93  578.54  579.04  578.53  578.15  577.46  576.95  576.28  575.60  574.66  573.16  570.46  566.07  559.55  550.80  539.97  527.50  513.91  499.76  485.51  471.47 
345.84  354.94  363.74  370.78  377.76  383.95  389.29  394.65  399.40  403.63  408.00  411.62  415.61  419.87  424.97  431.13  439.09  447.85  457.79  468.68  481.35  494.26  508.45  521.64  535.30  544.88  552.60  557.82  561.16  561.76  562.25  561.75  561.38  560.71  560.21  559.59  559.05  558.41  557.71  556.76  555.23  552.56  548.29  542.03  533.67  523.34  511.41  498.37  484.73  470.78 
344.70  353.77  361.47  369.11  375.56  381.80  387.65  392.70  397.45  401.71  405.65  409.13  413.28  417.63  422.60  429.94  437.87  446.72  456.51  468.24  480.62  494.05  506.49  519.60  528.94  536.27  541.36  544.61  545.19  545.67  545.19  544.83  544.17  543.68  543.08  542.55  541.93  541.25  540.32  538.83  536.23  532.06  528.52  524.25  518.26  510.32  500.53  489.21  476.81  463.69 
