#Value Function.
20670.36 21102.39 21595.60 22140.56 22726.83 23348.91 24002.29 24686.60 25401.35 26139.64 26894.92 27658.38 28410.20 29122.19 29755.06 30286.83 30768.01 31243.03 31729.50 32275.40 32952.19 33764.79 34622.33 35369.49 35729.67 35699.64 35249.37 34540.34 33592.76 32625.48 31695.92 30809.31 29934.34 29088.03 28259.66 27453.61 26667.51 25919.21 25284.67 24942.88 24856.23 24824.78 24807.71 24793.48 24779.22 24763.95 24746.62 24723.75 24678.51 24491.44
21243.05 21606.51 22046.77 22557.16 23120.03 23729.73 24370.10 25055.31 25765.09 26512.78 27283.41 28073.22 28870.81 29657.25 30404.67 31065.13 31604.47 32093.16 32576.69 33055.55 33570.75 34246.12 34992.99 35588.93 35720.78 35727.87 35531.81 34841.31 33969.09 33033.81 32128.78 31217.26 30340.20 29479.18 28642.66 27825.02 27042.94 26378.52 26020.27 25867.35 25807.17 25781.07 25765.37 25751.22 25736.75 25721.30 25704.28 25684.50 25659.77 25336.22
21631.85 21932.00 22288.73 22730.69 23249.36 23826.83 24446.87 25108.30 25812.97 26551.14 27322.90 28116.78 28932.81 29756.59 30567.91 31337.36 32017.07 32533.84 33001.83 33453.18 33859.88 34345.38 34979.79 35218.41 35379.28 35372.58 35181.68 34801.79 33967.46 33074.97 32143.49 31247.31 30362.94 29506.20 28666.48 27859.03 27166.71 26845.78 26724.76 26679.99 26659.59 26645.63 26631.54 26616.76 26600.89 26583.48 26563.34 26539.87 26510.47 26172.99
22040.15 22333.91 22614.30 22969.82 23416.07 23940.58 24527.03 25170.64 25855.60 26585.07 27353.57 28149.32 28968.94 29811.10 30656.88 31483.31 32254.92 32938.32 33334.87 33728.37 34065.01 34447.53 34602.44 34751.47 34671.91 34673.89 34645.88 34353.56 33851.35 33049.60 32167.38 31263.70 30387.13 29524.80 28692.28 27966.89 27694.58 27608.45 27577.53 27561.50 27548.67 27534.32 27519.15 27502.81 27484.93 27464.12 27439.66 27413.00 27379.99 27028.20
22394.04 22758.65 23030.36 23298.95 23645.13 24093.20 24627.42 25233.54 25905.10 26621.34 27382.65 28176.41 28999.86 29842.23 30704.29 31561.18 32397.55 33115.65 33688.53 33942.84 34213.91 34206.15 34079.30 33902.44 33902.23 33796.09 33776.04 33689.87 33397.08 32892.34 32132.83 31280.64 30403.79 29547.34 28785.13 28576.48 28522.50 28502.14 28488.79 28476.58 28461.67 28446.06 28429.22 28410.89 28389.38 28363.80 28336.34 28306.13 28268.56 27903.20
22667.79 23120.31 23476.45 23726.87 23972.26 24309.87 24769.93 25318.21 25953.03 26661.73 27411.31 28205.48 29026.80 29874.46 30733.25 31606.92 32434.81 33189.41 33710.07 34046.53 34047.23 34004.80 33781.61 33421.61 33101.68 32996.41 32874.76 32825.52 32723.28 32444.63 31957.71 31237.72 30415.79 29616.76 29495.92 29468.21 29454.05 29441.88 29429.96 29414.22 29398.19 29380.81 29362.04 29339.83 29312.98 29284.71 29253.62 29218.54 29177.82 28799.47
22920.45 23378.71 23831.79 24181.97 24400.65 24613.59 24958.85 25430.60 26021.65 26697.76 27446.07 28232.89 29056.09 29901.00 30767.72 31629.74 32480.13 33212.05 33790.55 33964.45 33965.03 33816.69 33482.07 33046.24 32580.51 32216.05 32067.89 31944.97 31886.66 31783.02 31516.72 31049.75 30456.28 30454.72 30443.44 30431.56 30419.49 30407.60 30392.59 30376.23 30358.24 30339.08 30316.17 30287.85 30258.85 30226.85 30190.30 30152.40 30109.02 29720.68
23147.55 23617.80 24083.71 24513.70 24836.05 24987.68 25191.91 25546.47 26085.16 26736.49 27476.49 28261.19 29082.65 29931.97 30791.42 31660.44 32475.27 33233.44 33616.00 33836.62 33841.73 33620.94 33284.66 32766.80 32231.25 31712.03 31332.55 31159.02 31037.48 30974.47 30868.81 31140.88 31356.95 31431.02 31433.29 31421.78 31409.79 31395.84 31378.77 31361.96 31342.45 31318.85 31289.07 31259.47 31226.57 31188.30 31149.37 31108.49 31066.63 30668.82
23262.81 23719.15 24307.44 24734.59 25055.39 25314.90 25447.51 25735.41 26165.13 26775.68 27509.90 28290.17 29110.52 29957.24 30822.61 31665.44 32455.72 33044.74 33530.20 33741.27 33742.65 33614.34 33112.83 32589.26 31965.19 31371.06 30841.11 30461.72 30274.78 30685.81 31257.95 31750.06 32136.50 32371.71 32437.68 32433.77 32421.00 32406.27 32389.17 32370.93 32346.48 32316.77 32287.04 32253.26 32213.26 32173.42 32130.74 32092.42 32052.25 31646.06
23324.64 23765.70 24374.54 24867.05 25213.94 25430.58 25610.05 25829.62 26231.27 26820.71 27532.93 28315.49 29134.01 29977.86 30812.20 31622.96 32330.38 33017.26 33495.46 33612.62 33659.63 33516.59 33092.84 32412.58 31764.83 31108.62 30507.89 29985.48 30315.45 31003.49 31647.28 32246.17 32757.62 33160.28 33405.91 33462.39 33451.32 33438.24 33421.53 33399.30 33370.30 33339.96 33307.41 33265.34 33225.11 33180.50 33141.76 33105.00 33068.33 32653.88
23384.36 23801.76 24424.02 24938.57 25254.27 25424.33 25609.66 25836.93 26244.14 26839.21 27554.96 28335.05 29147.89 29961.98 30760.40 31514.99 32274.67 32921.85 33321.35 33496.26 33466.83 33455.03 33084.44 32437.28 31642.54 30926.74 30260.38 29677.42 30492.27 31270.76 31973.47 32631.33 33252.06 33775.83 34194.65 34457.14 34499.69 34488.40 34468.40 34444.47 34417.95 34386.89 34344.52 34305.06 34257.96 34219.34 34181.80 34149.12 34116.64 33689.66
23396.17 23792.90 24393.03 24864.15 25138.45 25378.97 25544.70 25842.95 26259.90 26858.08 27570.42 28342.99 29127.41 29906.41 30664.13 31438.77 32158.51 32727.60 33040.49 33244.53 33270.62 33158.79 32875.68 32328.20 31601.93 30797.01 30080.23 29740.16 30599.27 31444.48 32245.26 32952.78 33622.96 34263.14 34790.88 35235.02 35517.90 35552.67 35534.88 35510.41 35488.36 35447.15 35411.02 35363.08 35325.85 35287.21 35254.30 35226.87 35194.25 34744.44
23376.74 23715.90 24245.74 24660.02 24968.65 25156.80 25429.69 25696.39 26216.68 26841.49 27561.70 28314.15 29068.06 29811.15 30565.23 31276.12 31885.05 32337.14 32630.60 32780.61 32785.68 32685.58 32469.88 32054.50 31483.12 30744.14 29955.07 29782.55 30663.60 31543.08 32413.18 33230.02 33941.33 34596.47 35241.10 35782.34 36254.14 36591.65 36613.49 36599.89 36566.93 36541.48 36492.60 36459.03 36421.38 36388.85 36362.30 36334.94 36292.00 35796.23
23277.85 23540.56 23989.19 24329.59 24589.81 24851.21 25144.31 25581.95 26131.55 26809.62 27524.26 28252.47 28973.67 29699.15 30381.74 30973.79 31444.47 31764.33 31965.82 32059.95 32088.48 32014.92 31859.67 31606.28 31183.36 30608.45 29884.33 29816.67 30702.87 31602.75 32500.15 33385.26 34200.81 34896.88 35521.77 36133.89 36692.89 37255.40 37668.23 37678.10 37678.48 37633.28 37614.74 37580.13 37549.83 37525.19 37501.21 37464.04 37385.49 36813.24
23085.83 23263.80 23609.42 23892.82 24181.96 24490.20 24919.55 25437.93 26074.33 26757.93 27455.79 28154.60 28849.06 29501.03 30064.76 30517.49 30833.20 31059.35 31155.64 31223.04 31243.86 31265.12 31161.29 30985.61 30715.59 30304.72 29739.70 29849.23 30738.94 31639.96 32552.13 33452.72 34321.77 35059.16 35689.46 36229.15 36874.58 37533.89 38269.08 38783.46 38744.82 38772.10 38751.14 38727.78 38707.82 38685.47 38657.93 38584.61 38444.97 37716.20
22799.46 22882.42 23173.10 23467.11 23798.38 24222.72 24738.49 25344.49 26003.76 26677.82 27352.70 28017.72 28638.73 29173.83 29601.07 29905.32 30121.90 30230.07 30304.55 30330.14 30357.11 30379.46 30377.75 30275.94 30102.72 29836.59 29433.77 29875.63 30767.26 31670.44 32579.38 33486.03 34340.59 35097.31 35678.94 36296.51 36867.42 37614.98 38438.87 39268.42 39727.23 39806.77 39883.23 39893.41 39875.71 39852.64 39788.51 39667.27 39365.15 38531.92
22424.37 22461.22 22761.47 23099.13 23525.20 24035.64 24626.38 25262.24 25914.26 26567.15 27204.75 27796.17 28303.76 28706.54 28996.32 29197.41 29307.36 29379.22 29413.77 29438.96 29462.78 29488.80 29505.05 29495.11 29401.08 29235.11 29059.06 29900.54 30794.40 31687.02 32586.04 33460.83 34291.25 35031.81 35687.75 36257.68 36839.65 37568.46 38521.92 39395.18 40080.26 40696.04 40936.44 41018.05 40998.13 40983.73 40864.23 40596.97 40047.80 39216.53
22016.62 22066.45 22412.20 22835.30 23340.38 23916.61 24534.75 25167.14 25798.61 26409.75 26972.97 27454.32 27834.60 28109.42 28296.68 28404.25 28470.93 28507.62 28533.82 28558.05 28582.47 28606.08 28629.65 28644.18 28632.15 28545.57 29042.13 29923.98 30803.32 31687.33 32553.44 33376.18 34157.25 34853.99 35489.35 36073.45 36733.02 37571.25 38530.57 39531.41 40424.36 41178.32 41813.27 41995.87 41987.88 41968.84 41773.46 41225.54 40532.11 39721.97
21636.84 21738.10 22161.14 22658.68 23221.06 23821.94 24435.84 25045.92 25632.45 26168.76 26625.17 26984.49 27244.58 27420.10 27524.01 27586.88 27623.27 27649.15 27672.90 27696.90 27720.59 27744.34 27767.54 27790.30 27804.54 28236.88 29064.92 29929.79 30793.14 31640.53 32450.95 33214.02 33909.68 34557.68 35181.65 35844.12 36631.04 37547.49 38526.71 39577.99 40614.54 41474.18 42206.73 42679.99 42665.23 42667.69 42194.87 41655.21 40893.43 40107.55
21323.02 21500.43 21992.69 22541.51 23125.53 23720.94 24309.90 24872.44 25383.19 25815.95 26155.61 26401.52 26566.68 26666.38 26726.20 26761.95 26787.53 26810.78 26834.07 26857.25 26880.61 26904.98 26938.01 27023.57 27450.85 28227.58 29071.36 29910.07 30734.91 31525.91 32268.96 32958.65 33602.30 34224.74 34904.96 35681.19 36561.55 37519.57 38549.85 39598.97 40646.24 41628.42 42421.79 42854.46 42943.71 42853.17 42492.73 41961.59 40988.01 40314.63
21093.74 21339.37 21877.60 22445.08 23022.10 23590.23 24129.49 24615.91 25026.24 25347.42 25579.83 25735.62 25830.94 25888.12 25923.10 25948.34 25971.10 25993.77 26016.52 26040.10 26067.88 26116.48 26251.80 26678.76 27411.24 28229.46 29046.07 29846.06 30614.09 31334.81 32011.34 32647.01 33272.05 33948.34 34721.25 35583.94 36517.29 37520.16 38557.83 39615.38 40672.49 41656.69 42438.15 42870.88 42926.25 42950.06 42640.40 41902.70 41057.57 40414.29
20935.89 21226.24 21780.19 22338.96 22886.61 23403.31 23866.56 24255.65 24559.41 24779.05 24926.24 25017.19 25072.02 25106.14 25131.01 25153.30 25175.43 25197.97 25222.51 25255.51 25321.18 25492.50 25920.51 26616.02 27406.64 28200.01 28976.02 29721.22 30423.10 31082.53 31707.04 32331.87 33004.99 33769.13 34614.66 35529.11 36502.08 37521.01 38568.39 39631.68 40684.75 41633.67 42240.56 42699.22 42836.22 42704.36 42506.64 41849.76 40922.62 40426.74
20821.95 21127.81 21671.20 22198.74 22693.62 23134.78 23503.77 23791.10 23998.71 24137.91 24224.63 24277.26 24310.51 24334.96 24356.81 24378.52 24401.13 24427.35 24466.82 24549.25 24747.34 25175.71 25840.20 26603.05 27373.19 28125.48 28849.03 29533.50 30180.94 30795.71 31414.30 32084.19 32830.49 33661.34 34554.51 35504.12 36493.99 37517.49 38558.27 39589.68 40552.96 41305.32 41851.45 42156.92 42256.81 42185.59 41908.73 41560.61 40782.03 40280.26
20720.56 21015.87 21526.36 22000.15 22420.24 22770.19 23042.04 23238.32 23370.06 23452.71 23503.27 23535.63 23559.66 23581.11 23602.52 23625.49 23654.05 23700.71 23798.77 24017.14 24444.78 25082.64 25818.29 26565.14 27294.86 27997.00 28665.55 29302.22 29911.18 30529.36 31192.13 31922.02 32727.78 33601.51 34524.73 35489.14 36482.39 37492.76 38485.96 39410.87 40165.18 40720.00 41079.29 41274.51 41358.83 41323.24 41244.28 40845.62 40429.55 40109.23
20604.27 20866.58 21322.62 21722.61 22054.52 22311.76 22497.38 22622.14 22700.90 22749.49 22780.98 22804.57 22825.66 22846.92 22870.54 22901.96 22956.15 23068.34 23302.25 23728.03 24342.49 25051.94 25775.79 26483.51 27164.87 27817.10 28443.69 29051.25 29666.05 30325.69 31045.01 31828.85 32673.74 33569.60 34506.15 35470.65 36445.39 37398.26 38275.43 38998.53 39539.79 39921.22 40148.29 40234.57 40290.59 40293.22 40262.81 40126.02 39732.18 39733.87
20449.51 20658.15 21041.55 21356.37 21599.84 21775.41 21893.62 21968.68 22015.40 22046.03 22069.16 22089.95 22111.20 22135.76 22170.42 22232.15 22356.91 22602.76 23025.64 23619.10 24303.48 25004.51 25690.63 26352.12 26987.17 27601.41 28204.86 28821.43 29477.05 30190.05 30957.96 31777.64 32643.10 33549.45 34482.37 35421.64 36331.86 37162.53 37848.43 38369.36 38742.77 38982.63 39101.30 39158.03 39216.79 39217.29 39218.61 39159.05 38991.87 39061.56
20235.52 20374.17 20675.38 20905.82 21071.94 21183.99 21255.54 21300.47 21330.24 21352.95 21373.49 21394.86 21420.61 21458.76 21527.83 21663.62 21918.59 22337.69 22911.92 23572.29 24251.19 24916.47 25558.53 26176.72 26777.49 27372.67 27986.91 28642.03 29348.82 30107.52 30908.60 31747.00 32619.73 33519.44 34421.28 35289.98 36076.55 36727.31 37223.25 37584.89 37830.77 37973.25 38073.72 38171.04 38237.34 38225.21 38225.14 38148.63 38058.98 38316.04
19947.46 20008.59 20229.31 20386.51 20492.76 20560.98 20604.19 20633.14 20655.43 20675.78 20697.42 20724.55 20766.34 20842.40 20987.78 21249.61 21664.16 22220.54 22858.10 23515.25 24160.40 24783.73 25385.69 25973.24 26559.69 27166.81 27817.15 28518.95 29272.03 30059.42 30877.86 31722.74 32582.42 33447.37 34273.68 35018.00 35633.63 36105.94 36454.13 36701.58 36884.20 37061.88 37220.78 37361.05 37438.27 37404.90 37319.67 37248.25 37206.75 37421.16
19580.57 19567.34 19718.68 19819.45 19884.51 19926.07 19954.23 19976.14 19996.38 20018.40 20047.07 20092.54 20175.14 20328.75 20595.60 21004.98 21544.59 22160.49 22796.54 23422.05 24027.46 24613.58 25188.28 25765.33 26365.17 27007.91 27702.29 28446.11 29223.27 30029.48 30847.67 31677.16 32502.33 33284.70 33987.50 34568.93 35017.30 35351.66 35601.55 35809.93 36042.91 36306.08 36534.39 36780.31 36828.60 36815.38 36692.31 36446.28 36372.69 36587.18
19141.23 19065.51 19163.64 19225.73 19266.01 19295.03 19325.68 19345.91 19368.47 19398.81 19447.90 19536.49 19697.02 19967.05 20369.10 20883.75 21479.04 22094.68 22701.26 23289.33 23860.43 24422.94 24990.62 25582.58 26216.67 26901.19 27633.72 28402.20 29196.23 29995.24 30798.33 31585.26 32323.91 32984.92 33532.82 33957.93 34277.61 34524.91 34746.77 35002.10 35316.40 35665.44 36053.05 36268.99 36296.86 36336.30 36215.02 35909.41 35600.52 35786.37
18647.17 18540.18 18586.18 18634.35 18663.40 18691.40 18712.65 18735.85 18768.05 18820.71 18914.69 19080.87 19352.66 19747.76 20249.61 20824.31 21420.15 22007.07 22570.23 23130.27 23695.82 24313.38 24967.57 25587.82 26171.26 26835.34 27590.71 28371.11 29154.41 29936.97 30693.03 31393.26 32012.06 32526.11 32927.91 33233.76 33476.69 33704.50 33971.46 34305.41 34709.58 35177.67 35557.61 35759.99 35819.40 35787.30 35651.59 35432.78 35007.94 35037.99
18138.63 18063.09 18018.28 18048.02 18074.46 18097.91 18131.14 18165.46 18221.82 18320.73 18491.36 18763.59 19151.62 19640.05 20193.97 20761.77 21331.56 21884.86 22439.99 23013.93 23682.23 24376.69 25071.56 25745.97 26382.73 26967.76 27553.95 28321.82 29082.35 29813.51 30482.81 31066.38 31547.37 31928.07 32219.93 32458.41 32688.65 32960.55 33303.23 33723.12 34210.04 34623.59 34966.68 35193.91 35184.17 35230.46 35025.43 34809.70 34480.98 34431.17
17669.55 17571.81 17498.00 17476.33 17510.86 17547.37 17608.59 17743.92 17987.16 18244.66 18531.84 18857.28 19238.28 19674.70 20149.58 20686.91 21234.15 21784.95 22401.08 23057.42 23734.25 24418.25 25135.11 25850.87 26545.57 27201.39 27795.83 28322.77 28943.27 29583.30 30138.73 30593.67 30956.18 31238.38 31472.13 31703.87 31977.24 32317.97 32733.22 33202.70 33633.86 33994.70 34296.39 34387.35 34425.91 34427.60 34379.01 34138.59 33846.63 33882.64
17190.67 17110.47 17027.77 17250.82 17490.85 17697.74 17890.14 18079.33 18295.33 18537.41 18802.24 19096.56 19427.74 19817.69 20279.04 20762.83 21279.30 21838.40 22458.39 23091.83 23768.22 24463.91 25173.52 25912.36 26649.12 27365.05 28041.34 28651.19 29166.47 29562.46 29818.90 30012.87 30290.56 30526.92 30759.90 31033.33 31370.11 31768.10 32210.16 32627.19 32978.48 33276.69 33409.05 33485.13 33502.57 33536.28 33499.19 33413.16 33168.38 33252.89
16788.99 16958.01 17264.03 17547.57 17808.65 18048.86 18249.90 18436.79 18628.32 18836.84 19086.63 19356.22 19656.15 19991.11 20400.24 20878.36 21384.12 21922.40 22503.42 23144.72 23801.18 24496.88 25210.88 25948.22 26708.88 27467.82 28204.68 28903.74 29532.95 30063.87 30473.12 30725.30 30819.31 30838.94 30831.07 30825.22 30843.51 31262.13 31649.48 31976.69 32246.73 32385.92 32468.82 32511.06 32543.31 32563.67 32573.03 32539.85 32430.74 32576.23
16830.69 17177.36 17507.91 17816.60 18097.18 18354.56 18593.86 18785.76 18976.74 19158.40 19369.52 19628.38 19902.16 20208.33 20556.84 20986.72 21480.82 22010.26 22583.48 23185.07 23848.25 24529.18 25244.26 25975.37 26743.43 27525.59 28306.73 29065.62 29788.87 30440.27 30990.48 31411.73 31666.71 31742.02 31732.18 31722.40 31661.47 31523.20 31260.08 31250.82 31377.91 31461.00 31502.91 31538.39 31562.73 31592.81 31613.42 31616.73 31591.36 31837.46
17013.07 17369.06 17726.34 18054.59 18349.67 18628.17 18881.04 19108.77 19301.88 19474.72 19657.81 19870.66 20140.66 20417.49 20754.36 21125.83 21577.63 22098.57 22650.20 23251.11 23885.17 24569.07 25276.33 26010.85 26769.69 27558.87 28363.08 29168.07 29949.06 30696.00 31363.09 31927.94 32335.75 32569.88 32580.74 32568.31 32456.20 32200.39 31717.16 31177.50 30479.20 30514.50 30549.02 30574.53 30602.87 30627.55 30656.00 30673.02 30841.56 31022.09
17187.14 17535.60 17909.88 18255.51 18584.32 18874.05 19138.74 19376.77 19590.96 19765.24 19941.23 20125.50 20338.58 20622.89 20921.96 21293.05 21686.87 22172.97 22721.40 23306.60 23934.58 24604.82 25307.08 26043.71 26795.63 27585.39 28395.11 29222.40 30052.13 30851.50 31611.89 32268.42 32824.81 33104.03 33253.29 33250.57 33074.16 32589.46 32098.53 31365.27 30547.53 29719.34 29618.32 29635.11 29659.15 29688.85 29730.17 29880.31 30061.65 30272.25
17342.38 17683.29 18055.69 18433.66 18750.72 19072.54 19345.82 19596.61 19818.98 20007.60 20184.90 20364.49 20549.80 20798.13 21093.32 21414.70 21824.69 22262.46 22783.81 23358.64 23980.45 24645.99 25343.91 26074.44 26831.04 27610.76 28422.05 29252.35 30101.60 30949.65 31753.16 32482.98 33105.48 33501.37 33632.91 33622.88 33343.39 32948.17 32258.46 31427.89 30578.22 29732.13 28938.64 28753.86 28749.03 28805.60 28945.76 29123.28 29321.58 29506.49
17469.24 17799.65 18199.39 18565.81 18916.70 19212.80 19505.69 19750.70 19989.39 20184.20 20379.61 20559.44 20743.33 20961.34 21213.00 21543.37 21920.72 22367.97 22853.39 23410.95 24022.41 24681.97 25375.23 26101.68 26862.60 27637.18 28448.00 29280.12 30127.60 30986.75 31830.12 32624.25 33233.80 33626.93 33688.50 33700.46 33473.87 32999.77 32267.62 31455.38 30594.71 29747.36 28914.14 28163.38 27917.55 28035.74 28207.67 28396.59 28579.49 28771.95
17575.45 17898.46 18304.12 18670.70 19025.27 19345.27 19609.63 19860.33 20087.79 20304.74 20502.41 20706.06 20887.45 21109.14 21352.31 21636.83 22000.61 22441.78 22922.18 23460.57 24065.81 24713.34 25401.08 26135.22 26889.08 27671.33 28474.51 29306.13 30156.63 31011.24 31862.94 32637.06 33272.73 33525.73 33699.65 33640.71 33515.88 32998.08 32299.00 31467.86 30619.38 29764.64 28928.66 28113.21 27396.51 27314.71 27495.89 27675.04 27859.50 28040.20
17646.62 17958.62 18384.71 18756.11 19109.77 19418.03 19695.75 19942.95 20167.80 20378.85 20581.41 20783.37 20997.17 21198.21 21450.78 21730.70 22073.43 22500.69 22975.41 23511.48 24105.14 24747.98 25433.76 26159.62 26913.55 27697.56 28499.52 29329.87 30169.77 31009.30 31811.89 32531.93 33031.63 33336.47 33461.70 33504.69 33164.36 32875.32 32219.86 31455.91 30621.69 29780.89 28945.97 28127.41 27333.08 26653.93 26793.18 26970.80 27147.12 27327.51
17689.85 17991.91 18421.34 18818.66 19175.56 19484.00 19743.55 19974.42 20209.59 20416.93 20623.45 20831.65 21036.86 21273.14 21516.98 21798.93 22139.29 22541.17 23014.15 23543.33 24136.93 24777.69 25457.90 26183.29 26938.62 27721.39 28520.22 29338.92 30156.20 30934.89 31644.31 32203.34 32570.74 32804.52 32962.45 32962.45 32852.71 32456.76 32026.74 31352.71 30601.74 29781.84 28958.86 28144.50 27344.95 26571.93 26104.70 26276.58 26450.58 26624.07
17742.21 18026.65 18454.48 18852.04 19205.41 19518.62 19780.85 20002.05 20215.10 20427.20 20640.12 20851.71 21066.20 21296.18 21552.12 21845.36 22187.40 22590.26 23054.71 23583.86 24168.31 24810.69 25488.88 26207.19 26960.93 27738.84 28523.64 29311.67 30061.85 30737.49 31280.94 31662.75 31960.44 32107.88 32193.72 32227.22 32158.53 31990.82 31596.42 31137.06 30488.17 29752.72 28957.54 28156.01 27361.73 26579.32 25832.63 25596.57 25764.86 25935.41
17774.45 18039.22 18468.43 18863.59 19217.78 19525.35 19794.27 20019.99 20235.76 20429.13 20630.28 20858.91 21074.12 21305.05 21562.47 21857.53 22201.58 22606.31 23073.55 23603.45 24189.39 24831.56 25512.28 26227.58 26974.80 27735.95 28485.14 29202.95 29842.25 30358.82 30734.68 31023.04 31187.58 31271.91 31335.70 31354.70 31350.06 31266.38 31088.08 30714.86 30255.89 29633.60 28921.84 28152.10 27371.88 26597.11 25831.17 25122.13 25092.66 25258.02
17789.01 18052.08 18479.91 18874.78 19225.63 19536.17 19798.71 20033.90 20229.19 20445.11 20644.62 20865.89 21081.25 21312.84 21571.29 21867.73 22213.54 22620.40 23089.39 23622.80 24209.04 24853.32 25530.67 26237.51 26965.12 27686.38 28362.45 28968.14 29456.77 29818.86 30087.05 30250.69 30341.36 30399.28 30431.73 30460.47 30470.97 30463.73 30378.56 30194.73 29843.11 29395.15 28798.69 28110.45 27365.15 26606.00 25850.04 25103.86 24438.02 24597.86
17779.52 18041.15 18468.26 18860.97 19212.96 19520.16 19787.20 20014.23 20238.55 20439.27 20659.51 20863.35 21086.58 21308.22 21557.39 21846.55 22194.76 22605.64 23089.05 23640.61 24229.11 24869.38 25536.37 26220.73 26904.72 27550.43 28114.63 28577.40 28922.41 29172.32 29328.21 29418.25 29475.22 29513.13 29540.29 29563.18 29584.49 29595.50 29584.57 29502.38 29322.65 28991.13 28555.85 27983.17 27318.07 26596.33 25857.87 25120.34 24393.28 24040.76
17768.70 18029.34 18454.04 18842.19 19165.45 19476.50 19749.38 19987.53 20215.57 20428.56 20646.44 20842.04 21050.27 21272.43 21516.54 21810.94 22182.70 22606.24 23101.41 23638.93 24231.55 24859.84 25503.21 26149.76 26756.35 27291.42 27719.78 28047.62 28281.73 28429.88 28516.91 28571.50 28608.32 28636.53 28659.72 28685.35 28706.43 28726.81 28737.82 28725.65 28647.42 28472.84 28158.87 27737.21 27186.73 26544.21 25845.25 25127.09 24404.69 23969.01
17743.43 17991.80 18407.98 18768.04 19100.55 19414.04 19673.64 19942.64 20170.17 20381.22 20590.55 20772.91 20970.88 21192.53 21452.62 21768.13 22161.73 22593.11 23079.67 23618.18 24209.04 24820.74 25421.18 25989.97 26487.69 26893.38 27194.24 27414.43 27555.06 27638.94 27691.41 27727.10 27754.46 27777.76 27802.22 27825.22 27849.73 27870.74 27890.36 27901.16 27888.22 27813.34 27644.47 27346.14 26938.56 26409.01 25788.44 25111.56 24410.17 23974.25
17687.74 17914.46 18310.37 18672.71 18998.16 19306.86 19591.60 19837.37 20070.68 20273.43 20471.51 20648.38 20863.70 21088.63 21355.00 21714.88 22107.50 22542.42 23029.57 23573.61 24151.63 24708.13 25230.46 25693.99 26075.88 26353.21 26559.67 26693.22 26773.86 26824.38 26858.94 26885.57 26908.76 26932.58 26955.50 26979.14 27001.83 27025.39 27046.18 27065.15 27075.62 27062.20 26990.28 26827.41 26543.30 26150.03 25640.47 25041.41 24383.00 23971.16
