#Value_Function_Estimate.
57.74   59.49   61.24   62.80   64.19   65.63   67.36   69.20   71.10   72.98   74.88   77.10   79.46   80.77   79.39   76.78   76.22   76.04   76.08   76.13   76.09   76.15   75.90   73.51   60.05   63.77   72.03   72.54   72.66   72.11   72.05   72.33   73.56   76.07   78.81   79.17   79.17   79.17   79.17   79.17   79.17   79.17   79.17   79.16   79.07   78.66   77.40   75.07   72.29   69.65  
59.87   61.65   63.40   65.09   66.50   67.89   69.53   71.59   73.62   75.77   78.29   80.23   82.50   84.90   81.67   80.93   80.04   79.28   80.27   80.90   80.53   80.67   80.76   58.68   50.36   57.47   67.21   77.06   73.29   73.08   75.84   74.98   73.78   76.88   79.30   82.47   82.47   82.47   82.47   82.47   82.47   82.47   82.47   82.41   82.07   80.88   78.48   75.59   72.81   70.49  
61.95   63.81   65.61   67.28   68.88   70.26   71.84   73.77   76.09   78.13   80.42   83.55   85.72   87.07   86.49   84.53   84.06   83.06   83.19   85.53   85.51   84.27   78.37   67.49   66.80   73.78   85.37   79.40   76.67   75.75   74.14   77.63   75.26   82.58   85.45   85.71   85.72   85.73   85.72   85.73   85.72   85.72   85.69   85.43   84.32   81.86   78.88   75.95   73.54   71.40  
63.94   65.93   67.80   69.53   71.09   72.72   74.23   76.10   78.23   80.63   82.46   84.68   89.44   91.86   88.80   88.93   87.29   87.21   86.56   88.63   90.82   90.68   87.85   80.06   83.50   85.25   83.81   81.56   78.59   75.96   76.80   78.77   77.94   81.56   87.48   88.79   88.93   88.93   88.94   88.93   88.94   88.92   88.74   87.74   85.20   82.16   79.11   76.57   74.43   71.80  
65.90   67.94   69.97   71.77   73.42   74.93   76.77   78.48   80.58   82.73   85.05   86.50   88.61   92.29   93.41   91.19   91.34   91.21   91.95   91.55   93.49   95.58   87.40   89.65   90.36   88.32   85.70   82.71   79.82   76.64   79.33   81.19   80.89   82.09   86.63   91.17   92.06   92.11   92.10   92.11   92.10   92.00   91.15   88.50   85.42   82.28   79.59   77.46   74.73   72.02  
67.88   69.91   72.01   74.01   75.71   77.36   78.95   81.13   82.95   85.13   87.14   89.30   90.34   92.26   94.77   95.49   93.72   94.29   94.61   99.56   95.37   92.16   94.78   95.50   93.63   90.46   87.02   84.05   80.77   77.70   79.70   82.52   84.65   84.53   85.85   89.77   94.86   95.26   95.27   95.26   95.23   94.56   91.76   88.67   85.46   82.63   80.50   77.64   74.92   72.07  
70.00   71.90   74.01   76.09   78.04   79.72   81.54   83.25   85.77   87.48   89.61   91.42   93.40   93.94   95.75   97.57   95.76   98.00   102.53  104.29  105.39  100.14  100.59  99.18   95.92   91.72   88.48   84.95   81.97   78.79   79.75   82.78   85.64   88.01   87.85   89.29   95.16   98.44   98.43   98.45   98.04   94.97   91.88   88.64   85.67   83.59   80.53   77.82   74.92   72.13  
72.21   74.03   75.99   78.12   80.18   82.19   83.99   86.06   87.74   90.51   91.91   93.96   95.54   97.25   97.28   99.36   99.99   100.82  100.22  110.72  111.87  105.37  104.39  101.70  97.27   93.39   89.33   86.21   83.05   79.98   79.79   82.79   85.81   88.71   91.42   91.92   94.62   101.59  101.66  101.64  98.16   95.07   91.82   88.72   86.76   83.41   80.74   77.77   74.99   72.10  
74.64   76.24   78.16   80.12   82.26   84.40   86.61   88.54   90.79   92.21   95.25   96.15   98.15   99.44   101.13  100.82  103.52  105.97  106.21  109.10  115.40  110.67  107.56  103.12  99.05   94.04   90.66   87.29   84.25   81.41   79.83   82.81   85.79   88.81   91.76   94.88   97.88   100.89  105.38  101.31  98.28   94.98   91.75   90.10   85.90   83.69   80.62   77.87   74.94   72.13  
77.03   78.72   80.35   82.33   84.30   86.54   88.85   91.30   93.23   95.60   96.54   99.94   100.15  102.05  103.18  105.21  107.13  109.98  113.21  110.86  115.96  112.90  108.39  105.03  99.60   95.55   91.74   88.46   85.75   82.66   80.15   82.82   85.82   88.77   91.85   94.82   98.05   100.64  103.31  101.25  98.11   95.07   91.63   89.74   86.80   83.48   80.77   77.78   75.00   72.10  
79.32   81.15   82.90   84.50   86.56   88.59   91.05   93.53   96.16   97.91   100.41  100.67  104.64  103.86  105.95  108.80  109.93  115.18  109.74  113.19  120.68  113.92  111.05  105.49  101.19  96.56   92.84   90.10   86.92   84.37   81.19   82.92   85.79   88.82   91.77   94.95   97.91   101.35  104.53  99.84   97.90   94.92   90.81   89.28   86.27   83.73   80.63   77.87   74.94   72.13  
80.64   83.60   85.35   87.15   88.71   90.95   93.09   95.79   98.32   101.06  102.51  105.20  104.02  109.36  108.50  109.94  115.08  111.28  115.00  118.10  121.06  116.25  111.15  107.13  102.28  97.60   94.71   91.09   88.85   85.28   83.35   83.28   85.86   88.77   91.85   94.83   98.12   100.97  102.21  99.15   96.69   94.62   91.27   89.66   86.01   83.29   80.75   77.78   75.00   72.10  
81.12   84.92   88.02   89.59   91.49   93.06   95.58   97.79   100.67  103.13  105.96  106.95  110.07  109.63  110.53  113.84  114.03  115.73  117.61  118.29  122.51  115.47  110.70  106.87  103.14  99.77   95.37   93.41   89.38   87.80   84.83   84.40   86.20   88.82   91.77   94.92   97.63   98.73   97.86   97.98   95.90   93.59   91.30   87.15   84.40   82.65   80.36   77.83   74.94   72.13  
81.20   85.34   89.29   92.53   93.82   96.00   97.57   100.46  102.57  105.59  107.88  110.78  111.34  110.76  114.14  115.86  115.25  115.76  118.16  119.73  122.03  115.38  109.34  104.52  101.73  100.35  98.34   93.31   92.42   89.04   87.18   85.90   87.41   89.13   91.77   94.36   95.79   96.18   96.47   97.16   94.47   90.55   89.64   85.42   83.03   80.46   79.57   77.47   74.94   72.10  
81.23   85.39   89.66   93.70   97.17   98.07   100.79  102.23  105.52  107.33  110.48  112.57  112.28  112.45  117.64  116.22  117.80  116.41  121.06  119.71  119.80  115.87  108.84  103.49  98.43   96.34   97.42   97.19   93.22   91.60   89.43   86.23   89.12   90.41   92.01   94.40   95.44   95.69   96.17   95.47   92.27   88.94   87.19   84.77   81.01   79.28   77.73   76.64   74.61   72.07  
81.22   85.42   89.66   94.02   98.17   102.04  102.34  105.92  106.91  110.69  112.11  112.05  112.60  119.36  115.85  117.67  117.74  122.07  118.51  115.57  116.87  113.00  108.68  103.06  97.84   93.12   93.09   95.25   95.26   94.20   89.21   86.29   89.28   92.45   93.29   94.86   97.37   95.12   98.73   95.63   90.82   85.85   85.61   82.30   80.37   78.39   76.76   75.12   73.86   71.78  
81.23   85.39   89.70   93.97   98.45   102.74  107.31  106.68  111.38  111.73  112.93  113.01  119.90  116.52  119.94  118.34  123.27  119.31  115.31  112.50  116.42  110.60  106.29  102.70  98.12   93.85   90.64   90.84   90.88   90.72   89.34   86.35   89.34   92.35   95.84   96.11   94.58   95.73   92.33   94.74   91.36   84.26   80.82   80.40   78.03   77.52   75.90   74.30   72.67   71.16  
81.22   85.42   89.66   94.04   98.33   103.04  107.45  113.07  113.49  111.42  114.53  119.56  119.83  122.97  122.98  125.86  120.87  116.34  113.42  110.61  113.91  112.16  106.38  103.55  99.39   95.01   90.85   86.66   86.49   86.50   86.30   87.15   89.27   92.44   93.20   93.05   94.04   94.18   91.92   85.19   87.51   83.96   78.58   75.44   76.93   74.69   74.01   73.40   71.93   70.28  
81.23   85.39   89.70   93.97   98.46   102.80  107.89  111.93  110.80  115.53  117.33  120.00  124.61  125.00  128.58  120.32  118.78  115.29  111.14  108.06  107.34  108.39  109.30  104.94  100.59  96.67   91.67   86.88   85.76   86.60   87.95   88.64   90.09   90.63   92.63   92.84   95.09   92.24   91.00   83.65   80.74   76.78   77.90   69.40   74.03   67.26   69.45   72.01   71.02   69.61  
81.22   85.42   89.66   94.04   98.31   102.96  107.72  109.97  114.06  117.10  122.41  123.80  125.07  130.23  124.62  117.38  117.39  113.95  110.34  106.48  103.46  104.40  106.44  106.03  102.38  97.73   92.80   86.87   87.08   88.75   89.38   91.02   91.54   93.33   93.45   95.75   92.77   92.11   89.67   84.63   76.16   74.58   68.96   58.12   40.55   47.18   67.57   68.42   69.97   68.80  
81.23   85.39   89.70   93.92   98.45   104.08  108.24  114.19  115.38  120.43  123.05  124.15  130.07  124.41  123.20  120.39  116.72  112.85  109.40  105.84  102.22  101.10  103.97  103.59  103.53  98.74   92.31   87.34   88.64   89.95   91.82   92.17   94.28   94.43   96.61   93.30   92.59   90.09   89.12   85.98   78.06   74.23   66.14   46.60   32.16   43.29   59.78   65.64   67.78   67.69  
81.21   85.40   90.08   94.24   99.70   104.38  110.50  114.04  121.09  121.61  120.99  126.57  123.28  119.80  118.29  118.28  113.70  111.48  108.01  104.68  101.35  98.20   100.98  98.22   100.35  98.08   92.82   87.73   89.32   91.70   92.77   95.06   94.95   97.74   94.37   93.30   90.51   89.44   87.00   82.27   79.82   76.54   68.60   55.56   54.34   51.17   62.16   65.61   67.21   65.96  
81.26   85.99   90.56   95.96   100.27  106.42  110.64  117.09  119.08  121.05  127.46  121.42  118.39  116.34  114.14  118.62  113.37  108.14  105.97  102.75  99.56   96.39   94.24   94.33   98.43   93.93   90.49   88.02   90.86   92.11   94.87   95.52   98.57   96.11   94.40   91.51   90.06   87.58   84.30   82.49   80.12   76.53   69.30   63.78   56.02   58.42   63.37   65.01   64.96   65.05  
82.46   86.69   91.77   96.35   102.47  106.65  113.58  117.10  124.89  126.11  121.97  115.59  114.22  112.14  112.29  115.31  110.32  107.06  102.60  100.06  97.00   93.94   90.58   92.98   97.11   92.17   87.35   88.08   91.01   94.04   94.82   98.25   98.62   94.35   93.00   91.20   88.62   87.20   84.73   84.67   78.20   76.35   69.34   65.37   60.95   61.86   62.85   62.99   63.05   62.99  
83.59   88.31   92.36   97.80   102.45  109.48  113.08  121.72  120.34  121.62  117.13  112.78  109.95  107.64  110.24  114.15  113.26  106.05  100.87  96.60   93.82   90.84   88.30   92.04   92.51   88.94   85.76   88.04   91.06   93.95   97.35   97.12   95.84   93.98   91.49   90.00   89.00   89.51   88.68   82.02   79.33   76.38   71.66   69.13   63.05   62.05   61.57   61.66   61.55   61.43  
84.85   89.48   94.30   98.10   104.27  108.78  116.95  119.04  120.44  121.21  115.46  109.82  105.10  103.77  108.04  112.45  112.06  106.51  99.95   94.75   90.53   87.53   85.25   90.15   87.39   85.69   85.02   88.08   91.00   93.98   94.29   95.06   95.08   91.98   91.14   91.35   94.38   91.65   85.10   82.75   79.63   76.08   70.98   66.00   64.00   62.77   63.59   63.46   63.49   62.41  
86.14   90.74   95.58   100.48  104.08  111.35  112.21  116.93  120.76  120.07  113.94  109.06  103.55  101.89  108.86  112.79  109.93  105.55  100.17  94.27   89.12   84.80   83.46   88.68   84.55   82.07   85.04   88.00   90.75   91.55   93.48   94.60   93.74   94.68   95.49   95.97   96.22   89.34   86.80   82.97   79.58   74.44   72.39   67.37   64.67   65.00   65.34   65.53   64.49   62.66  
87.43   92.09   96.74   101.87  107.00  108.47  109.98  114.68  123.61  119.09  115.19  113.51  107.31  102.17  106.99  110.29  107.12  103.34  99.43   94.32   88.96   83.24   83.85   87.57   83.14   81.91   84.93   87.63   89.57   91.22   94.50   95.32   97.13   98.61   99.63   99.85   94.05   90.83   86.57   82.98   79.11   76.01   72.75   69.69   66.34   66.90   67.63   66.54   64.78   62.80  
87.30   93.55   98.27   102.81  109.18  111.85  112.59  122.87  125.13  123.03  121.01  117.60  109.75  104.43  106.31  108.58  104.39  100.03  97.59   93.75   88.91   82.89   82.40   86.08   80.64   81.75   84.45   87.83   89.69   93.03   95.25   98.13   101.01  101.85  103.67  98.25   95.20   90.19   86.90   82.68   78.76   75.92   72.83   69.86   70.77   69.85   68.54   66.83   65.02   63.10  
87.57   93.10   99.87   105.96  110.67  115.29  116.82  120.75  128.53  127.73  124.36  118.10  111.15  104.41  104.99  106.52  101.55  99.12   95.05   92.28   86.94   83.76   85.20   87.15   80.50   82.34   86.40   89.50   93.08   93.53   99.77   102.92  103.45  106.41  100.72  98.37   93.66   90.40   86.20   82.05   79.22   75.67   72.71   70.54   72.26   70.49   68.83   67.23   65.31   63.79  
87.30   93.58   98.52   105.58  111.57  117.94  123.65  124.07  132.78  131.42  124.52  119.79  111.99  107.61  104.88  102.53  101.04  98.17   94.11   90.31   87.15   82.38   81.99   84.16   80.77   85.02   87.75   92.32   95.30   99.53   102.89  106.55  109.04  102.54  100.63  95.66   93.18   89.24   85.17   82.52   78.84   75.92   72.52   71.37   72.69   70.76   69.39   67.47   66.09   64.37  
87.44   91.96   96.51   103.58  111.47  118.19  123.98  129.90  135.42  132.12  126.64  120.70  113.70  109.17  103.36  100.22  98.52   96.22   92.62   89.42   85.78   82.41   80.38   82.53   83.41   86.17   91.01   93.22   98.24   101.31  106.21  109.35  102.56  102.22  96.70   94.61   90.63   88.61   85.47   81.77   78.89   75.50   72.50   72.13   72.56   71.56   69.52   68.43   66.59   65.40  
85.98   90.09   95.14   101.76  111.59  118.00  124.83  132.46  141.18  135.57  127.39  122.50  116.13  108.37  103.88  99.02   97.04   96.57   91.28   88.18   84.97   82.05   79.62   80.99   85.41   89.50   91.60   97.40   98.75   104.90  107.94  101.80  101.77  96.39   95.24   90.84   89.29   86.57   84.46   81.40   77.93   74.95   71.81   73.11   74.01   71.48   70.73   68.79   67.79   65.92  
84.55   88.98   92.80   101.10  109.90  118.05  123.18  132.83  140.85  135.68  129.40  122.87  116.20  108.37  103.32  99.01   94.84   92.88   91.70   87.71   85.73   83.42   81.11   84.00   86.71   91.29   95.78   96.88   103.91  104.73  100.25  100.24  95.56   94.48   90.55   89.03   86.27   84.59   82.03   79.84   76.83   73.54   70.81   72.02   72.32   73.06   70.84   70.24   68.29   65.91  
86.95   89.11   94.18   100.63  110.29  116.71  123.01  131.25  141.45  136.61  129.59  122.78  116.00  107.99  102.90  98.51   94.49   92.23   91.03   89.44   87.23   84.54   84.91   86.66   89.90   92.57   97.23   102.52  102.30  98.38   97.86   94.29   93.44   89.78   88.35   85.44   83.77   81.22   79.40   76.92   74.64   71.68   69.68   70.18   71.38   70.77   72.64   70.70   68.19   65.99  
87.87   91.94   94.20   100.50  107.57  115.54  122.03  131.15  141.40  136.73  129.39  122.87  116.05  107.60  102.78  98.24   95.53   94.57   93.15   91.02   88.36   85.44   86.37   91.26   92.43   95.95   98.51   99.26   96.37   95.26   92.21   90.93   88.08   87.10   84.29   82.56   79.93   78.07   75.68   73.71   71.29   69.07   68.02   69.07   70.30   70.69   73.15   70.48   68.32   65.91  
88.19   92.55   97.58   100.12  108.42  113.35  121.66  132.71  135.11  134.41  128.77  122.67  115.87  107.60  102.44  98.94   98.12   96.85   94.81   92.17   89.26   86.81   91.25   91.77   97.87   96.89   95.44   92.36   91.70   89.81   87.92   85.83   84.13   82.33   81.04   78.51   75.66   71.30   71.82   69.79   67.81   65.92   66.77   67.90   68.55   70.47   70.44   70.45   68.16   65.98  
88.12   92.93   97.76   104.26  107.09  113.32  120.22  129.22  131.07  131.88  128.43  122.13  114.76  107.67  102.71  101.71  100.54  98.57   95.95   93.09   90.13   92.43   91.26   98.18   94.74   90.59   89.28   88.05   85.83   84.56   83.25   81.45   80.06   78.33   74.91   72.26   68.27   68.19   65.81   65.73   64.21   64.48   65.55   66.35   67.92   68.11   68.13   68.11   67.86   65.83  
88.21   92.64   98.20   101.60  107.14  112.14  119.56  124.59  125.04  129.11  128.66  121.02  113.72  107.06  105.41  104.22  102.32  99.70   96.86   94.02   92.79   94.39   99.43   95.75   90.07   86.31   84.24   82.78   80.95   79.30   78.10   77.36   75.71   72.73   67.24   64.16   65.73   62.77   62.25   61.31   62.22   63.25   64.13   65.46   65.79   65.82   65.81   65.82   65.78   65.35  
88.13   92.92   96.96   101.59  106.30  110.91  118.39  121.11  122.30  125.59  125.00  120.13  112.48  109.36  107.90  106.06  103.42  100.60  97.80   95.07   92.56   100.02  97.50   91.15   87.27   83.94   80.44   78.68   76.73   74.55   73.45   72.27   71.38   66.03   61.79   59.38   60.60   59.77   59.03   59.99   60.98   61.90   63.06   63.47   63.53   63.53   63.53   63.53   63.53   63.45  
88.21   92.47   96.83   101.62  106.17  112.00  115.74  119.64  121.95  124.30  125.18  119.61  113.56  111.60  109.81  107.11  104.31  101.53  98.90   96.04   93.05   94.63   90.66   88.32   84.78   81.29   78.26   75.62   73.82   71.21   68.80   67.52   66.32   63.44   60.37   56.31   63.21   58.30   57.77   58.75   59.68   60.72   61.17   61.27   61.27   61.27   61.27   61.27   61.27   61.26  
88.07   92.37   96.96   101.40  106.56  110.15  112.02  116.46  120.91  122.68  126.43  121.02  116.54  113.59  110.76  107.98  105.23  102.70  99.86   96.99   93.43   89.92   85.64   84.59   81.74   79.05   75.68   73.57   70.56   67.97   65.37   63.03   61.59   58.97   56.93   58.87   58.56   58.28   56.53   57.46   58.42   58.90   59.02   59.03   59.04   59.04   59.04   59.04   59.04   59.03  
88.00   92.44   96.82   101.51  105.02  107.14  110.72  113.02  118.50  120.98  123.35  122.79  117.36  114.42  111.65  108.87  106.49  103.64  100.93  97.34   93.54   89.65   85.76   81.88   79.70   76.42   74.06   70.68   67.79   64.84   62.22   59.60   57.01   55.39   56.42   55.26   55.57   55.35   55.26   56.15   56.64   56.79   56.82   56.82   56.82   56.82   56.82   56.82   56.82   56.82  
88.04   92.34   96.77   100.23  102.54  105.74  109.20  112.86  117.08  118.62  122.17  121.89  118.32  115.33  112.47  110.28  107.35  104.87  101.23  97.44   93.54   89.66   85.76   81.88   78.19   75.43   71.65   68.55   65.20   62.23   59.30   56.61   53.64   53.61   53.74   55.18   54.29   53.24   53.90   54.40   54.57   54.61   54.62   54.62   54.62   54.62   54.62   54.62   54.62   54.62  
87.95   92.20   95.68   98.32   101.14  104.82  111.15  113.67  114.55  117.36  121.02  120.92  119.15  116.03  114.10  110.98  108.83  105.08  101.32  97.42   93.56   89.65   85.76   81.88   78.04   74.31   70.71   66.97   63.67   60.23   57.18   54.16   51.68   51.37   53.28   53.14   54.32   52.00   52.17   52.36   52.41   52.42   52.42   52.42   52.42   52.42   52.42   52.42   52.42   52.42  
87.81   91.38   94.32   98.19   102.21  106.14  108.24  110.80  113.50  115.58  117.63  119.95  118.53  118.01  114.50  112.82  108.89  105.18  101.28  97.45   93.54   89.66   85.76   81.88   78.02   74.20   70.42   66.70   63.05   59.50   56.08   52.85   49.87   50.88   54.08   52.66   53.18   51.65   50.16   50.22   50.23   50.23   50.23   50.23   50.23   50.23   50.23   50.23   50.23   50.23  
87.28   90.60   95.53   99.02   102.52  105.38  107.17  109.79  111.88  113.74  115.48  116.99  118.90  116.98  116.89  112.63  109.01  105.10  101.32  97.42   93.56   89.65   85.76   81.88   78.02   74.19   70.42   66.69   63.03   59.44   55.92   52.49   49.18   50.84   53.45   51.16   50.16   50.18   48.94   48.04   48.04   48.04   48.04   48.04   48.04   48.04   48.04   48.04   48.04   48.04  
86.89   90.42   93.87   99.93   101.96  103.60  106.13  108.22  110.05  111.72  112.90  113.34  116.97  117.41  113.70  112.72  108.88  105.17  101.28  97.45   93.54   89.66   85.76   81.88   78.02   74.20   70.41   66.69   63.03   59.44   55.92   52.48   49.11   50.05   53.65   50.36   48.28   47.32   47.13   46.22   45.85   45.85   45.85   45.85   45.85   45.85   45.85   45.85   45.85   45.85  
86.81   89.08   94.20   97.05   100.13  102.48  104.55  106.35  107.96  109.10  109.65  110.81  114.67  114.48  113.31  110.20  108.65  105.05  101.32  97.42   93.56   89.65   85.76   81.88   78.02   74.19   70.42   66.69   63.03   59.44   55.92   52.48   49.10   49.38   52.44   49.86   47.45   45.48   44.51   44.18   43.68   43.66   43.66   43.66   43.66   43.66   43.66   43.66   43.66   43.66  
86.78   90.26   93.53   96.36   98.80   100.85  102.63  104.17  105.29  105.98  107.28  110.39  110.69  110.80  110.55  109.27  106.55  104.62  101.17  97.43   93.54   89.66   85.76   81.88   78.02   74.20   70.41   66.69   63.03   59.44   55.92   52.48   49.10   49.23   49.22   49.28   47.05   44.81   42.93   41.89   41.63   41.49   41.49   41.49   41.49   41.49   41.49   41.49   41.49   41.49  
