#Value Function.
31559.88 32449.65 33332.78 34165.69 34872.26 35423.21 35885.07 36193.82 36408.61 36484.58 36529.35 36444.34 36287.06 35992.74 35678.72 35233.11 34610.57 33835.60 32984.50 32092.54 31195.99 30317.07 29482.02 28696.07 28001.67 28699.51 29364.83 29876.37 30292.62 30541.82 30804.05 31004.60 31122.55 31253.20 31360.13 31664.40 31998.31 32393.30 32894.99 33403.12 33728.58 33978.31 34085.11 34084.76 34080.62 34046.37 33995.80 33838.88 33577.25 33199.15
32217.45 32924.19 33869.40 34791.78 35670.24 36408.15 36962.77 37447.00 37652.76 37718.25 37737.88 37694.89 37549.50 37259.09 36798.72 36137.99 35314.45 34419.63 33484.59 32550.09 31625.48 30730.18 29863.35 29052.67 28343.79 29018.35 29620.00 30152.00 30501.24 30739.14 30940.77 31102.19 31209.82 31397.84 31623.14 31975.36 32465.53 32970.66 33572.02 34224.92 34839.28 35191.42 35311.97 35301.34 35301.25 35269.93 35236.37 35078.83 34711.17 33941.76
32355.05 32971.97 33928.87 34905.18 35853.73 36771.56 37520.91 38065.96 38526.52 38655.16 38721.41 38638.58 38376.92 37921.94 37247.45 36386.37 35463.31 34494.99 33533.96 32583.55 31655.25 30755.96 29884.05 29073.16 28349.53 29026.22 29669.85 30109.64 30489.62 30690.64 30862.77 30962.68 31105.85 31299.02 31514.72 31905.41 32357.35 33036.15 33737.13 34467.70 35201.87 35912.16 36275.63 36393.55 36377.38 36356.65 36205.12 35815.83 35194.11 34433.38
32409.05 33004.82 33971.76 34952.89 35957.81 36924.83 37869.17 38573.59 39056.19 39330.91 39455.07 39311.55 38927.67 38331.31 37460.01 36515.39 35521.62 34537.18 33560.38 32608.62 31677.01 30769.40 29899.06 29075.69 28315.57 28971.06 29488.26 29980.67 30263.40 30429.32 30552.83 30692.66 30786.56 30982.90 31260.98 31706.14 32333.20 33036.97 33834.79 34626.87 35398.71 36202.91 36978.62 37365.04 37441.79 37332.29 36933.06 36285.48 35410.53 34674.94
32443.65 33037.15 34003.80 34997.44 35997.36 37020.68 37970.76 38863.78 39348.82 39687.84 39761.35 39540.15 39242.33 38475.10 37571.89 36563.45 35563.74 34561.35 33586.22 32630.22 31699.89 30790.50 29913.19 29072.53 28289.28 28720.09 29251.65 29597.42 29829.65 29958.67 30095.35 30208.00 30346.15 30593.45 30971.51 31571.42 32270.30 33081.34 33868.78 34696.67 35503.82 36333.53 37176.03 37936.80 38229.11 37933.41 37377.64 36463.58 35472.56 34819.81
32475.31 33066.38 34037.53 35025.60 36037.93 37038.23 38030.31 38833.55 39494.90 39767.44 39752.80 39686.12 39220.15 38522.31 37581.12 36597.36 35582.42 34588.75 33607.41 32654.31 31721.30 30812.60 29925.10 29076.63 28281.32 28418.60 28785.12 29044.70 29221.66 29352.25 29473.75 29623.16 29839.18 30207.68 30768.71 31445.43 32251.98 33069.03 33915.38 34715.52 35534.71 36373.18 37228.90 37909.58 38331.93 38243.64 37478.99 36506.08 35502.81 34886.50
32504.36 33095.00 34066.94 35060.94 36061.10 37076.44 38001.53 38758.02 39371.08 39686.01 39695.96 39547.83 39275.95 38513.27 37618.90 36610.99 35612.46 34608.79 33633.03 32675.69 31744.40 30833.77 29947.86 29095.82 28273.73 27921.18 28205.93 28381.97 28537.59 28663.68 28823.36 29055.89 29411.15 29946.90 30608.36 31396.44 32226.59 33093.00 33909.46 34730.27 35553.24 36372.91 37151.51 37681.98 37859.85 37925.27 37428.84 36515.31 35515.38 34915.32
32532.70 33123.54 34095.47 35075.54 36065.65 36993.16 37821.52 38500.99 39060.56 39261.25 39272.96 39273.70 38827.20 38404.58 37551.00 36615.19 35619.65 34633.33 33653.48 32699.93 31765.72 30857.35 29974.35 29114.74 28311.39 27569.22 27526.29 27692.01 27825.44 27993.40 28238.21 28604.08 29118.28 29774.33 30534.12 31349.55 32208.20 33034.35 33881.68 34679.26 35463.98 36173.61 36674.27 37014.74 37059.52 37056.83 36965.73 36395.49 35511.61 34927.39
32560.19 33148.16 34105.56 35059.40 35960.75 36776.65 37489.53 38051.79 38346.50 38481.22 38507.29 38525.92 38390.07 37861.93 37374.99 36539.93 35616.75 34643.81 33677.41 32720.55 31790.00 30885.09 30000.28 29155.97 28380.46 27636.80 26903.43 26979.81 27156.13 27411.80 27785.60 28299.45 28944.97 29685.94 30476.95 31311.67 32131.37 32969.54 33762.90 34508.65 35166.09 35630.50 35933.09 36020.49 36028.39 36063.45 36029.22 35902.43 35356.38 34909.84
32581.07 33151.83 34073.59 34939.92 35726.31 36413.33 36941.29 37252.60 37422.84 37509.97 37539.60 37572.01 37538.56 37353.78 36864.43 36348.21 35550.04 34645.92 33694.73 32746.25 31819.49 30909.74 30037.97 29240.54 28469.93 27694.35 26926.94 26331.29 26597.11 26977.24 27489.59 28124.12 28847.36 29621.13 30430.22 31235.24 32045.28 32818.18 33536.38 34147.86 34583.55 34846.23 34935.14 34956.64 34996.73 35007.89 35029.25 34997.58 34854.31 34732.58
32577.62 33105.88 33941.87 34693.58 35341.62 35835.56 36148.45 36323.86 36428.12 36466.06 36502.35 36535.95 36571.00 36528.52 36365.39 35914.41 35394.96 34604.36 33709.01 32775.81 31842.81 30944.08 30124.29 29332.52 28533.65 27734.68 26946.78 26184.49 26189.02 26698.78 27322.30 28028.58 28783.78 29568.30 30353.12 31134.56 31879.64 32563.05 33137.78 33544.76 33785.47 33875.54 33899.53 33931.27 33951.89 33986.83 34001.06 34018.96 33985.39 34224.95
32519.10 32961.92 33683.15 34292.86 34754.68 35052.94 35224.76 35328.86 35381.82 35425.19 35470.36 35533.29 35577.73 35656.59 35686.18 35523.79 35109.84 34525.46 33687.64 32795.94 31871.60 31030.38 30217.66 29394.33 28572.21 27761.02 26966.29 26198.32 25922.74 26539.12 27228.92 27965.23 28726.69 29489.26 30242.47 30958.31 31607.30 32144.69 32525.93 32748.48 32838.26 32867.32 32896.21 32919.78 32948.82 32970.70 33002.18 33018.65 33192.04 33401.21
32363.00 32690.95 33269.21 33701.78 33983.81 34149.12 34247.76 34305.27 34356.84 34421.54 34515.80 34618.88 34816.15 34959.67 35079.18 35107.01 34826.64 34330.06 33681.05 32798.63 31953.81 31125.39 30276.51 29430.80 28597.63 27782.09 26985.55 26213.62 25765.75 26447.88 27165.25 27904.56 28644.32 29370.16 30055.98 30670.91 31174.36 31529.94 31737.43 31825.98 31858.46 31885.68 31912.13 31939.44 31963.30 31991.37 32034.34 32193.31 32396.98 32613.29
32079.61 32266.17 32676.06 32942.70 33101.31 33195.90 33255.24 33311.90 33388.47 33496.75 33657.40 33945.64 34298.46 34693.65 34871.67 34866.77 34719.56 34296.56 33650.83 32885.81 32045.98 31178.36 30310.85 29455.30 28618.68 27801.69 27004.60 26230.08 25673.29 26383.58 27101.25 27818.00 28517.10 29173.29 29755.66 30227.39 30559.25 30753.18 30839.95 30874.74 30901.16 30927.66 30954.15 30980.12 31010.99 31070.61 31221.11 31417.49 31625.40 31829.68
31644.28 31672.68 31928.88 32080.82 32172.30 32233.20 32293.36 32376.98 32503.87 32706.91 33064.72 33566.17 34180.70 34663.68 34805.34 34862.28 34791.32 34430.50 33779.49 32971.22 32094.56 31211.18 30334.54 29476.43 28638.59 27821.27 27023.55 26247.35 25606.05 26316.32 27009.98 27682.83 28310.02 28861.34 29303.69 29613.67 29795.49 29880.09 29916.38 29942.38 29968.20 29994.20 30021.56 30058.27 30128.84 30273.82 30462.62 30663.15 30862.69 31065.99
31048.76 30937.56 31087.14 31176.10 31238.52 31302.47 31392.30 31533.06 31765.15 32154.50 32723.18 33448.28 34152.31 34636.71 34862.59 34848.60 34801.13 34441.46 33802.19 32990.85 32117.23 31231.95 30355.91 29496.68 28658.71 27840.68 27042.61 26264.86 25534.24 26220.03 26866.97 27465.92 27987.71 28402.78 28692.61 28863.46 28945.65 28982.85 29008.63 29033.83 29059.82 29089.09 29131.37 29209.49 29350.43 29531.93 29725.61 29919.86 30116.42 30312.87
30325.55 30142.04 30206.60 30270.56 30338.63 30435.51 30588.82 30841.48 31251.96 31844.08 32605.82 33399.89 33995.71 34513.70 34788.88 34798.23 34667.89 34293.10 33701.44 32953.06 32111.54 31251.15 30376.12 29517.38 28678.55 27860.28 27061.58 26282.50 25539.08 26069.38 26640.72 27134.46 27524.18 27795.45 27956.28 28035.91 28073.60 28099.26 28124.05 28150.37 28181.85 28229.16 28312.54 28450.18 28624.86 28812.01 29000.76 29191.13 29382.05 29574.98
29559.75 29426.33 29328.56 29401.26 29505.81 29671.76 29940.95 30362.79 30959.86 31711.53 32499.30 33175.91 33750.68 34239.41 34415.82 34425.83 34278.97 34010.56 33476.28 32846.95 32070.50 31237.57 30390.94 29536.64 28698.59 27879.70 27080.68 26300.99 25555.07 25833.19 26301.29 26667.41 26921.58 27073.20 27150.20 27188.05 27213.66 27238.25 27265.16 27299.01 27350.71 27437.75 27572.45 27740.80 27921.69 28104.88 28289.38 28474.73 28661.64 28849.37
28841.83 28686.25 28555.26 28602.44 28780.85 29065.18 29497.17 30091.94 30820.96 31580.91 32253.78 32833.91 33354.18 33612.92 33731.24 33755.57 33662.07 33449.32 33131.37 32594.49 31951.38 31189.51 30378.21 29550.39 28717.81 27899.17 27099.66 26319.54 25570.73 25485.03 25832.04 26070.41 26213.50 26287.85 26325.66 26351.33 26375.93 26403.66 26439.87 26495.29 26584.79 26716.70 26879.15 27054.00 27231.67 27410.53 27590.36 27771.52 27953.68 28137.24
28117.87 27981.86 27832.13 27914.55 28213.20 28653.91 29244.96 29949.72 30675.82 31328.98 31898.56 32377.04 32653.62 32803.05 32881.05 32905.49 32878.19 32790.34 32563.40 32220.28 31701.82 31071.17 30330.00 29539.00 28729.95 27918.16 27118.62 26339.06 25585.07 25011.97 25241.48 25376.81 25449.68 25492.98 25547.62 25720.52 25870.54 25935.93 25953.50 25951.93 25954.61 26039.86 26208.81 26380.97 26554.30 26728.63 26904.16 27080.76 27258.63 27437.57
27418.50 27276.98 27140.99 27382.99 27831.56 28417.43 29099.58 29793.73 30421.04 30964.07 31404.53 31676.17 31827.62 31912.62 31962.14 31991.00 32003.44 31988.54 31910.02 31690.02 31349.38 30852.23 30225.46 29498.74 28726.01 27931.22 27138.93 26358.09 25600.97 24872.11 24568.96 24658.02 24800.53 25378.22 25875.69 26261.62 26529.84 26684.20 26748.06 26762.91 26758.02 26750.09 26742.58 26735.46 26727.21 26719.66 26711.35 26703.81 26695.19 26765.09
26724.90 26592.43 26578.71 27028.56 27608.10 28268.52 28932.90 29533.46 30047.85 30455.38 30715.54 30863.44 30950.75 31001.47 31043.92 31074.82 31114.76 31163.49 31184.58 31108.01 30903.08 30570.63 30056.00 29422.92 28691.38 27930.18 27153.14 26378.80 25619.67 24890.20 24189.21 24220.01 24891.23 25556.86 26175.17 26697.84 27099.07 27377.76 27536.15 27598.03 27610.56 27603.66 27594.14 27582.90 27572.92 27561.64 27551.67 27540.20 27528.40 27178.50
26047.45 25914.24 26242.77 26816.60 27455.65 28091.96 28665.84 29152.49 29531.61 29777.96 29920.35 30004.26 30057.51 30103.75 30150.53 30213.25 30309.78 30387.58 30508.94 30534.43 30468.37 30269.46 29828.39 29287.89 28627.51 27902.62 27158.16 26397.49 25641.56 24916.64 24221.55 24279.13 24963.51 25661.76 26351.61 26997.94 27541.30 27959.30 28249.03 28411.72 28470.78 28480.93 28472.03 28462.39 28450.34 28440.50 28428.36 28417.05 28388.86 28003.97
25423.36 25485.92 26041.39 26660.79 27270.30 27817.95 28278.07 28632.13 28865.05 29001.91 29083.10 29136.98 29187.26 29244.52 29325.40 29460.44 29623.25 29802.96 29989.76 30073.44 30099.48 29948.42 29665.53 29123.75 28522.36 27851.01 27138.70 26410.17 25666.80 24950.58 24266.98 24345.68 25022.61 25726.47 26448.44 27166.44 27840.80 28407.24 28842.66 29144.11 29311.47 29366.60 29374.43 29363.19 29353.88 29340.74 29330.61 29306.08 29249.44 28780.65
25030.02 25282.20 25883.50 26467.46 26989.50 27424.45 27756.06 27976.18 28107.58 28186.57 28241.27 28294.95 28359.53 28453.20 28607.03 28814.10 29077.82 29395.97 29659.59 29789.65 29788.25 29693.59 29465.31 29026.19 28404.45 27766.89 27103.23 26406.14 25691.99 24980.61 24322.07 24422.14 25081.28 25776.42 26503.41 27253.13 28002.13 28705.87 29296.23 29749.76 30063.67 30236.31 30285.88 30291.76 30277.61 30269.30 30244.14 30192.63 30057.81 29430.17
24821.66 25120.73 25683.04 26180.21 26591.38 26902.62 27110.68 27236.80 27313.93 27369.36 27424.87 27496.09 27600.88 27767.49 28000.20 28313.21 28702.02 29097.89 29407.45 29536.03 29548.93 29424.05 29226.89 28842.90 28314.91 27670.79 27030.55 26376.90 25704.74 25022.25 24396.52 24515.81 25145.03 25829.67 26549.42 27299.30 28077.70 28859.23 29593.77 30208.89 30681.17 31008.37 31187.25 31219.57 31225.59 31198.06 31157.62 31026.64 30709.10 30054.30
24651.70 24913.59 25389.84 25778.51 26071.15 26267.91 26388.96 26464.49 26520.76 26578.84 26656.60 26770.81 26947.22 27193.50 27530.79 27958.33 28416.12 28813.64 29132.37 29277.27 29282.73 29159.00 28924.65 28583.55 28125.73 27579.86 26957.52 26333.16 25707.75 25072.41 24504.50 24613.97 25222.90 25877.55 26590.44 27335.35 28115.35 28924.39 29738.04 30507.18 31147.51 31637.28 31960.17 32132.05 32151.63 32114.98 32003.48 31659.79 31297.33 30618.85
24435.54 24614.97 24985.53 25261.03 25447.23 25563.48 25637.65 25694.88 25755.68 25837.99 25960.77 26144.27 26401.86 26751.18 27189.20 27668.81 28139.38 28536.89 28918.10 29027.17 29036.25 28941.34 28630.16 28277.75 27870.02 27405.11 26877.07 26301.46 25718.10 25141.79 24646.68 24734.37 25286.15 25935.36 26629.63 27370.67 28148.18 28956.88 29791.55 30638.73 31445.30 32092.65 32586.59 32876.18 32979.98 32867.39 32598.34 32272.43 31636.88 30976.48
24129.99 24208.96 24471.71 24648.06 24759.78 24832.78 24891.11 24954.76 25041.63 25170.41 25361.58 25627.28 25984.32 26424.77 26913.92 27408.74 27886.63 28394.29 28657.50 28789.97 28872.82 28687.55 28444.25 28006.81 27581.39 27162.31 26718.94 26245.89 25721.22 25225.15 24721.63 24801.18 25360.85 25977.43 26665.06 27402.29 28177.56 28985.20 29821.69 30683.07 31553.78 32377.64 32917.07 33323.94 33451.25 33324.67 33134.46 32566.49 31799.01 31167.80
23720.64 23699.60 23869.85 23977.30 24049.33 24108.88 24175.48 24266.86 24401.28 24597.81 24870.38 25229.78 25669.72 26159.11 26666.22 27172.18 27707.18 28131.88 28493.85 28696.57 28679.40 28656.70 28280.72 27847.69 27349.92 26906.70 26512.06 26132.72 25737.99 25250.86 24775.09 24857.89 25383.09 26000.87 26689.46 27427.55 28203.39 29012.08 29848.74 30711.88 31580.54 32422.33 33101.29 33473.36 33513.26 33528.30 33280.29 32660.89 31941.41 31325.94
23213.00 23109.02 23215.54 23286.74 23347.63 23417.23 23513.03 23652.72 23854.00 24131.01 24493.65 24930.09 25419.63 25934.55 26461.60 26997.32 27478.91 27963.28 28358.06 28498.02 28514.60 28362.15 28196.17 27688.33 27183.18 26683.77 26266.73 25925.63 25591.22 25251.32 24782.44 24870.40 25401.23 26023.33 26713.29 27452.45 28229.27 29038.44 29876.42 30738.76 31609.95 32445.44 33124.29 33472.53 33528.00 33473.50 33180.52 32748.79 31915.76 31435.54
22636.54 22512.65 22544.52 22606.80 22679.44 22779.54 22924.16 23129.85 23409.98 23772.10 24207.71 24695.99 25226.44 25771.04 26324.95 26826.87 27318.46 27728.97 28039.78 28159.50 28161.11 28055.85 27823.27 27516.39 26996.70 26492.76 26021.84 25653.30 25346.11 25059.47 24715.96 24845.87 25394.33 26044.52 26736.35 27476.90 28254.80 29065.06 29902.14 30761.91 31609.47 32336.25 32942.51 33319.92 33301.88 33333.63 32952.18 32511.96 31897.44 31407.29
22053.57 21947.43 21885.51 21961.54 22065.79 22215.01 22424.65 22706.77 23067.49 23500.30 23991.31 24531.65 25092.03 25687.16 26223.86 26703.68 27092.13 27377.21 27512.32 27585.49 27601.24 27596.37 27378.79 27123.56 26784.18 26290.50 25814.03 25366.12 25045.25 24743.53 24451.05 24777.13 25389.87 26049.33 26749.52 27495.48 28276.96 29086.57 29914.88 30728.50 31450.70 32070.23 32577.40 32739.48 32771.48 32766.56 32627.10 32177.97 31635.76 31357.31
21492.03 21380.75 21278.91 21371.22 21524.71 21737.82 22021.38 22380.26 22809.34 23298.29 23843.69 24426.48 25030.46 25622.68 26148.57 26524.49 26761.16 26857.76 26901.72 26895.17 26907.60 26923.10 26873.92 26645.35 26387.88 26050.08 25587.17 25137.32 24720.16 24396.16 24165.21 24747.15 25375.67 26039.69 26759.35 27509.58 28290.19 29087.87 29860.76 30551.57 31145.78 31619.23 31831.88 31930.19 31946.61 31975.36 31905.28 31721.28 31285.44 31099.13
20934.57 20831.55 20722.75 20852.55 21068.82 21353.28 21709.74 22133.95 22618.06 23157.73 23743.29 24365.01 24993.09 25562.66 25964.38 26181.43 26270.95 26251.08 26211.53 26204.34 26180.99 26185.52 26181.08 26119.84 25908.60 25654.77 25324.47 24887.09 24457.62 24051.76 24082.51 24703.92 25346.29 26038.75 26760.00 27515.13 28277.51 29012.96 29671.31 30229.87 30657.90 30876.17 30976.58 31015.26 31045.31 31064.60 31072.43 31006.82 30805.36 30747.05
20390.98 20287.66 20198.40 20416.86 20702.05 21055.92 21474.91 21952.58 22484.54 23063.28 23682.46 24318.13 24908.80 25357.04 25594.80 25695.10 25675.79 25666.13 25590.49 25512.22 25478.67 25451.75 25444.01 25428.72 25364.48 25169.14 24920.02 24603.83 24192.42 23769.30 24022.25 24659.56 25328.09 26027.21 26755.59 27484.34 28184.16 28810.04 29335.02 29724.80 29935.17 30031.94 30073.78 30108.83 30131.52 30159.58 30179.36 30177.80 30109.54 30260.98
19854.64 19755.90 19779.53 20067.22 20418.39 20832.16 21302.77 21825.65 22394.08 22997.71 23614.30 24191.39 24654.36 24948.42 25073.56 25073.44 25082.75 25039.46 24975.10 24874.56 24787.05 24745.53 24715.09 24700.62 24681.97 24614.70 24435.04 24197.41 23890.92 23491.10 23970.39 24627.40 25306.38 26007.40 26708.08 27373.99 27968.99 28460.11 28818.00 29018.64 29112.67 29155.94 29188.33 29212.28 29238.60 29261.59 29288.22 29307.57 29363.21 29584.21
19328.86 19230.85 19446.18 19796.73 20205.22 20668.60 21181.75 21737.45 22324.13 22917.51 23468.04 23909.66 24211.79 24357.22 24400.65 24430.81 24409.85 24390.47 24335.34 24252.69 24150.04 24064.31 24016.33 23987.01 23969.26 23949.12 23882.21 23712.70 23485.10 23295.69 23932.42 24596.31 25274.12 25947.99 26581.64 27144.73 27605.61 27935.94 28126.26 28217.76 28261.57 28292.32 28316.62 28341.53 28364.93 28391.07 28420.43 28494.76 28686.34 28857.65
18835.06 18846.09 19189.61 19593.67 20049.63 20552.85 21095.32 21663.46 22231.02 22751.25 23167.02 23453.33 23600.97 23662.22 23706.43 23720.02 23746.39 23714.94 23674.64 23616.12 23532.60 23433.58 23349.98 23300.65 23270.37 23252.11 23230.16 23163.05 23003.31 23242.26 23896.56 24553.36 25201.04 25806.70 26339.07 26771.30 27077.52 27257.53 27346.45 27390.28 27419.94 27444.15 27468.19 27491.93 27519.33 27557.55 27642.94 27816.01 27989.82 28182.31
18471.03 18595.98 18996.94 19445.43 19938.48 20467.25 21016.44 21558.27 22048.53 22438.87 22705.87 22849.69 22918.89 22959.40 22984.22 23007.86 23025.54 23039.54 23008.44 22967.00 22907.15 22826.26 22731.52 22650.74 22598.59 22567.64 22550.26 22527.35 22603.03 23205.93 23846.45 24468.69 25047.09 25551.56 25955.66 26241.82 26411.83 26498.04 26541.59 26570.46 26594.39 26617.91 26642.20 26671.83 26717.53 26809.49 26970.17 27141.96 27324.52 27497.69
18224.44 18412.35 18855.60 19338.19 19852.90 20382.91 20899.74 21361.94 21727.51 21976.43 22115.00 22184.53 22224.99 22250.33 22274.44 22292.94 22314.27 22330.16 22339.54 22311.44 22270.88 22212.66 22134.75 22044.39 21966.12 21913.81 21882.47 21986.36 22531.27 23152.35 23750.73 24302.66 24780.50 25160.23 25427.91 25588.54 25671.92 25714.98 25743.23 25766.84 25790.11 25815.18 25847.51 25899.37 25995.18 26146.98 26314.64 26489.63 26660.23 26838.02
18045.04 18277.36 18751.62 19251.92 19762.73 20255.35 20691.22 21033.74 21266.48 21398.70 21466.75 21506.15 21532.17 21555.96 21574.88 21595.00 21613.50 21632.57 21648.02 21655.07 21630.45 21591.43 21535.23 21460.25 21373.95 21298.19 21373.05 21876.02 22472.96 23048.51 23574.93 24027.40 24384.42 24635.20 24787.03 24867.50 24909.91 24937.65 24960.97 24984.20 25010.29 25045.46 25102.28 25200.24 25345.22 25507.87 25676.50 25843.33 26014.29 26182.79
17912.92 18176.07 18664.06 19155.71 19624.98 20036.13 20357.26 20575.32 20701.29 20767.58 20805.75 20831.56 20854.12 20873.49 20892.73 20911.25 20930.65 20948.53 20966.92 20982.10 20987.86 20966.04 20928.65 20874.45 20802.39 20770.42 21236.86 21808.69 22361.67 22863.65 23292.00 23627.83 23863.11 24006.65 24084.19 24125.85 24153.16 24176.24 24199.62 24226.91 24264.86 24325.63 24424.61 24564.01 24721.37 24884.27 25046.78 25211.84 25376.15 25543.64
17811.67 18086.75 18561.73 19008.50 19396.42 19697.72 19902.36 20022.25 20086.60 20123.71 20149.10 20170.73 20189.82 20208.45 20226.71 20245.36 20263.56 20282.31 20299.94 20317.74 20332.52 20337.39 20317.85 20282.18 20229.52 20611.91 21159.36 21689.99 22168.53 22574.02 22890.07 23111.05 23246.82 23321.43 23362.28 23389.20 23412.12 23435.82 23464.41 23504.97 23568.84 23668.07 23802.66 23954.75 24112.29 24270.25 24429.94 24589.73 24751.64 24913.38
17718.68 17978.37 18405.78 18771.84 19054.74 19247.03 19361.08 19423.37 19459.50 19484.37 19505.25 19523.96 19542.06 19559.93 19578.01 19595.87 19614.00 19631.83 19650.00 19667.34 19684.60 19698.91 19703.20 19685.71 20005.93 20524.13 21033.26 21489.31 21873.14 22170.73 22378.49 22506.97 22578.69 22618.67 22645.24 22668.10 22692.23 22722.18 22765.11 22831.36 22930.31 23060.59 23207.53 23359.96 23513.31 23667.96 23823.13 23979.85 24136.98 24295.86
17603.18 17814.41 18162.16 18427.96 18608.83 18717.27 18777.47 18812.65 18836.94 18857.17 18875.45 18893.08 18910.52 18928.08 18945.54 18963.14 18980.60 18998.23 19015.68 19033.32 19050.34 19067.15 19102.44 19416.31 19903.43 20391.16 20825.72 21189.07 21469.41 21664.90 21786.54 21855.44 21894.52 21920.79 21943.66 21968.32 21999.63 22044.66 22112.69 22210.96 22337.26 22479.24 22626.76 22775.51 22925.34 23075.89 23227.70 23380.18 23534.03 23688.47
17430.84 17564.89 17817.01 17987.27 18090.35 18148.43 18182.68 18206.39 18226.03 18243.86 18261.04 18278.05 18295.13 18312.16 18329.27 18346.31 18363.45 18380.55 18398.00 18416.81 18445.28 18528.06 18837.47 19297.65 19763.47 20177.49 20521.48 20785.69 20969.79 21085.01 21151.16 21189.33 21215.33 21238.28 21263.54 21296.17 21343.04 21412.33 21509.62 21632.18 21769.41 21912.17 22056.38 22201.57 22347.56 22494.64 22642.52 22791.56 22941.36 23092.39
17175.05 17219.32 17381.91 17479.86 17535.84 17569.15 17592.28 17611.36 17628.75 17645.50 17662.08 17678.70 17695.30 17711.95 17728.57 17745.29 17762.20 17780.21 17802.94 17846.09 17963.14 18269.62 18705.97 19150.08 19544.34 19870.05 20119.17 20292.67 20401.85 20465.34 20502.61 20528.37 20551.47 20577.37 20611.25 20659.68 20729.82 20825.89 20944.89 21077.56 21215.70 21355.47 21496.16 21637.67 21780.18 21923.54 22067.93 22213.16 22359.47 22506.60
16827.84 16790.13 16885.39 16939.25 16971.63 16994.18 17012.75 17029.69 17046.02 17062.18 17078.36 17094.53 17110.74 17126.97 17143.38 17160.37 17179.79 17208.16 17266.69 17408.94 17712.74 18127.83 18550.80 18926.01 19234.44 19469.46 19633.07 19736.58 19797.51 19833.88 19859.44 19882.73 19909.30 19944.34 19994.05 20064.69 20159.37 20274.93 20403.23 20536.90 20672.30 20808.62 20945.75 21083.82 21222.75 21362.64 21503.39 21645.14 21787.73 21931.35
16397.60 16298.31 16352.26 16383.68 16405.64 16423.71 16440.22 16456.15 16472.03 16487.94 16503.71 16519.48 16535.26 16551.26 16568.68 16590.33 16625.49 16698.81 16859.74 17160.36 17556.10 17958.59 18315.36 18607.40 18829.14 18983.50 19081.65 19140.12 19175.60 19200.97 19224.48 19251.70 19287.77 19338.50 19409.29 19502.39 19614.59 19738.63 19867.91 19999.00 20131.01 20263.82 20397.52 20532.08 20667.54 20803.86 20941.13 21079.32 21218.78 21360.96
