#Value Function.
631.20  648.99  666.66  683.31  697.45  708.46  717.70  723.88  728.17  729.69  730.59  728.89  725.74  719.85  713.57  704.66  692.21  676.71  659.69  641.85  623.92  606.34  589.64  573.92  560.03  573.99  587.30  597.53  605.85  610.84  616.08  620.09  622.45  625.06  627.20  633.29  639.97  647.87  657.90  668.06  674.57  679.57  681.70  681.70  681.61  680.93  679.92  676.78  671.55  663.98 
644.35  658.48  677.39  695.84  713.40  728.16  739.26  748.94  753.06  754.37  754.76  753.90  750.99  745.18  735.97  722.76  706.29  688.39  669.69  651.00  632.51  614.60  597.27  581.05  566.88  580.37  592.40  603.04  610.02  614.78  618.82  622.04  624.20  627.96  632.46  639.51  649.31  659.41  671.44  684.50  696.79  703.83  706.24  706.03  706.02  705.40  704.73  701.58  694.22  678.84 
647.10  659.44  678.58  698.10  717.07  735.43  750.42  761.32  770.53  773.10  774.43  772.77  767.54  758.44  744.95  727.73  709.27  689.90  670.68  651.67  633.11  615.12  597.68  581.46  566.99  580.52  593.40  602.19  609.79  613.81  617.26  619.25  622.12  625.98  630.29  638.11  647.15  660.72  674.74  689.35  704.04  718.24  725.51  727.87  727.55  727.13  724.10  716.32  703.88  688.67 
648.18  660.10  679.44  699.06  719.16  738.50  757.38  771.47  781.12  786.62  789.10  786.23  778.55  766.63  749.20  730.31  710.43  690.74  671.21  652.17  633.54  615.39  597.98  581.51  566.31  579.42  589.77  599.61  605.27  608.59  611.06  613.85  615.73  619.66  625.22  634.12  646.66  660.74  676.70  692.54  707.97  724.06  739.57  747.30  748.84  746.65  738.66  725.71  708.21  693.50 
648.87  660.74  680.08  699.95  719.95  740.41  759.42  777.28  786.98  793.76  795.23  790.80  784.85  769.50  751.44  731.27  711.27  691.23  671.72  652.60  634.00  615.81  598.26  581.45  565.79  574.40  585.03  591.95  596.59  599.17  601.91  604.16  606.92  611.87  619.43  631.43  645.41  661.63  677.38  693.93  710.08  726.67  743.52  758.74  764.58  758.67  747.55  729.27  709.45  696.40 
649.51  661.33  680.75  700.51  720.76  740.76  760.61  776.67  789.90  795.35  795.06  793.72  784.40  770.45  751.62  731.95  711.65  691.78  672.15  653.09  634.43  616.25  598.50  581.53  565.63  568.37  575.70  580.89  584.43  587.05  589.48  592.46  596.78  604.15  615.37  628.91  645.04  661.38  678.31  694.31  710.69  727.46  744.58  758.19  766.64  764.87  749.58  730.12  710.06  697.73 
650.09  661.90  681.34  701.22  721.22  741.53  760.03  775.16  787.42  793.72  793.92  790.96  785.52  770.27  752.38  732.22  712.25  692.18  672.66  653.51  634.89  616.68  598.96  581.92  565.47  558.42  564.12  567.64  570.75  573.27  576.47  581.12  588.22  598.94  612.17  627.93  644.53  661.86  678.19  694.61  711.06  727.46  743.03  753.64  757.20  758.51  748.58  730.31  710.31  698.31 
650.65  662.47  681.91  701.51  721.31  739.86  756.43  770.02  781.21  785.22  785.46  785.47  776.54  768.09  751.02  732.30  712.39  692.67  673.07  654.00  635.31  617.15  599.49  582.29  566.23  551.38  550.53  553.84  556.51  559.87  564.76  572.08  582.37  595.49  610.68  626.99  644.16  660.69  677.63  693.59  709.28  723.47  733.49  740.29  741.19  741.14  739.31  727.91  710.23  698.55 
651.20  662.96  682.11  701.19  719.22  735.53  749.79  761.04  766.93  769.62  770.15  770.52  767.80  757.24  747.50  730.80  712.33  692.88  673.55  654.41  635.80  617.70  600.01  583.12  567.61  552.74  538.07  539.60  543.12  548.24  555.71  565.99  578.90  593.72  609.54  626.23  642.63  659.39  675.26  690.17  703.32  712.61  718.66  720.41  720.57  721.27  720.58  718.05  707.13  698.20 
651.62  663.04  681.47  698.80  714.53  728.27  738.83  745.05  748.46  750.20  750.79  751.44  750.77  747.08  737.29  726.96  711.00  692.92  673.89  654.93  636.39  618.19  600.76  584.81  569.40  553.89  538.54  526.63  531.94  539.54  549.79  562.48  576.95  592.42  608.60  624.70  640.91  656.36  670.73  682.96  691.67  696.92  698.70  699.13  699.93  700.16  700.58  699.95  697.09  694.65 
651.55  662.12  678.84  693.87  706.83  716.71  722.97  726.48  728.56  729.32  730.05  730.72  731.42  730.57  727.31  718.29  707.90  692.09  674.18  655.52  636.86  618.88  602.49  586.65  570.67  554.69  538.94  523.69  523.78  533.98  546.45  560.57  575.68  591.37  607.06  622.69  637.59  651.26  662.76  670.90  675.71  677.51  677.99  678.63  679.04  679.74  680.02  680.38  679.71  684.50 
650.38  659.24  673.66  685.86  695.09  701.06  704.50  706.58  707.64  708.50  709.41  710.67  711.55  713.13  713.72  710.48  702.20  690.51  673.75  655.92  637.43  620.61  604.35  587.89  571.44  555.22  539.33  523.97  518.45  530.78  544.58  559.30  574.53  589.79  604.85  619.17  632.15  642.89  650.52  654.97  656.77  657.35  657.92  658.40  658.98  659.41  660.04  660.37  663.84  668.02 
647.26  653.82  665.38  674.04  679.68  682.98  684.96  686.11  687.14  688.43  690.32  692.38  696.32  699.19  701.58  702.14  696.53  686.60  673.62  655.97  639.08  622.51  605.53  588.62  571.95  555.64  539.71  524.27  515.32  528.96  543.31  558.09  572.89  587.40  601.12  613.42  623.49  630.60  634.75  636.52  637.17  637.71  638.24  638.79  639.27  639.83  640.69  643.87  647.94  652.27 
641.59  645.32  653.52  658.85  662.03  663.92  665.10  666.24  667.77  669.93  673.15  678.91  685.97  693.87  697.43  697.34  694.39  685.93  673.02  657.72  640.92  623.57  606.22  589.11  572.37  556.03  540.09  524.60  513.47  527.67  542.02  556.36  570.34  583.47  595.11  604.55  611.19  615.06  616.80  617.49  618.02  618.55  619.08  619.60  620.22  621.41  624.42  628.35  632.51  636.59 
632.89  633.45  638.58  641.62  643.45  644.66  645.87  647.54  650.08  654.14  661.29  671.32  683.61  693.27  696.11  697.25  695.83  688.61  675.59  659.42  641.89  624.22  606.69  589.53  572.77  556.43  540.47  524.95  512.12  526.33  540.20  553.66  566.20  577.23  586.07  592.27  595.91  597.60  598.33  598.85  599.36  599.88  600.43  601.17  602.58  605.48  609.25  613.26  617.25  621.32 
620.98  618.75  621.74  623.52  624.77  626.05  627.85  630.66  635.30  643.09  654.46  668.97  683.05  692.73  697.25  696.97  696.02  688.83  676.04  659.82  642.34  624.64  607.12  589.93  573.17  556.81  540.85  525.30  510.68  524.40  537.34  549.32  559.75  568.06  573.85  577.27  578.91  579.66  580.17  580.68  581.20  581.78  582.63  584.19  587.01  590.64  594.51  598.40  602.33  606.26 
606.51  602.84  604.13  605.41  606.77  608.71  611.78  616.83  625.04  636.88  652.12  668.00  679.91  690.27  695.78  695.96  693.36  685.86  674.03  659.06  642.23  625.02  607.52  590.35  573.57  557.21  541.23  525.65  510.78  521.39  532.81  542.69  550.48  555.91  559.13  560.72  561.47  561.99  562.48  563.01  563.64  564.58  566.25  569.00  572.50  576.24  580.02  583.82  587.64  591.50 
591.19  588.53  586.57  588.03  590.12  593.44  598.82  607.26  619.20  634.23  649.99  663.52  675.01  684.79  688.32  688.52  685.58  680.21  669.53  656.94  641.41  624.75  607.82  590.73  573.97  557.59  541.61  526.02  511.10  516.66  526.03  533.35  538.43  541.46  543.00  543.76  544.27  544.76  545.30  545.98  547.01  548.75  551.45  554.82  558.43  562.10  565.79  569.49  573.23  576.99 
576.84  573.73  571.11  572.05  575.62  581.30  589.94  601.84  616.42  631.62  645.08  656.68  667.08  672.26  674.62  675.11  673.24  668.99  662.63  651.89  639.03  623.79  607.56  591.01  574.36  557.98  541.99  526.39  511.41  509.70  516.64  521.41  524.27  525.76  526.51  527.03  527.52  528.07  528.80  529.91  531.70  534.33  537.58  541.08  544.63  548.21  551.81  555.43  559.07  562.74 
562.36  559.64  556.64  558.29  564.26  573.08  584.90  598.99  613.52  626.58  637.97  647.54  653.07  656.06  657.62  658.11  657.56  655.81  651.27  644.41  634.04  621.42  606.60  590.78  574.60  558.36  542.37  526.78  511.70  500.24  504.83  507.54  508.99  509.86  510.95  514.41  517.41  518.72  519.07  519.04  519.09  520.80  524.18  527.62  531.09  534.57  538.08  541.62  545.17  548.75 
548.37  545.54  542.82  547.66  556.63  568.35  581.99  595.87  608.42  619.28  628.09  633.52  636.55  638.25  639.24  639.82  640.07  639.77  638.20  633.80  626.99  617.04  604.51  589.97  574.52  558.62  542.78  527.16  512.02  497.44  491.38  493.16  496.01  507.56  517.51  525.23  530.60  533.68  534.96  535.26  535.16  535.00  534.85  534.71  534.54  534.39  534.23  534.08  533.90  535.30 
534.50  531.85  531.57  540.57  552.16  565.37  578.66  590.67  600.96  609.11  614.31  617.27  619.01  620.03  620.88  621.50  622.30  623.27  623.69  622.16  618.06  611.41  601.12  588.46  573.83  558.60  543.06  527.58  512.39  497.80  483.78  484.40  497.82  511.14  523.50  533.96  541.98  547.56  550.72  551.96  552.21  552.07  551.88  551.66  551.46  551.23  551.03  550.80  550.57  543.57 
520.95  518.28  524.86  536.33  549.11  561.84  573.32  583.05  590.63  595.56  598.41  600.09  601.15  602.07  603.01  604.26  606.20  607.75  610.18  610.69  609.37  605.39  596.57  585.76  572.55  558.05  543.16  527.95  512.83  498.33  484.43  485.58  499.27  513.24  527.03  539.96  550.83  559.19  564.98  568.23  569.42  569.62  569.44  569.25  569.01  568.81  568.57  568.34  567.78  560.08 
508.47  509.72  520.83  533.22  545.41  556.36  565.56  572.64  577.30  580.04  581.66  582.74  583.75  584.89  586.51  589.21  592.46  596.06  599.80  601.47  601.99  598.97  593.31  582.48  570.45  557.02  542.77  528.20  513.34  499.01  485.34  486.91  500.45  514.53  528.97  543.33  556.82  568.14  576.85  582.88  586.23  587.33  587.49  587.26  587.08  586.81  586.61  586.12  584.99  575.61 
500.60  505.64  517.67  529.35  539.79  548.49  555.12  559.52  562.15  563.73  564.83  565.90  567.19  569.06  572.14  576.28  581.56  587.92  593.19  595.79  595.77  593.87  589.31  580.52  568.09  555.34  542.06  528.12  513.84  499.61  486.44  488.44  501.63  515.53  530.07  545.06  560.04  574.12  585.92  595.00  601.27  604.73  605.72  605.84  605.55  605.39  604.88  603.85  601.16  588.60 
496.43  502.41  513.66  523.60  531.83  538.05  542.21  544.74  546.28  547.39  548.50  549.92  552.02  555.35  560.00  566.26  574.04  581.96  588.15  590.72  590.98  588.48  584.54  576.86  566.30  553.42  540.61  527.54  514.09  500.44  487.93  490.32  502.90  516.59  530.99  545.99  561.55  577.18  591.88  604.18  613.62  620.17  623.74  624.39  624.51  623.96  623.15  620.53  614.18  601.09 
493.03  498.27  507.80  515.57  521.42  525.36  527.78  529.29  530.42  531.58  533.13  535.42  538.94  543.87  550.62  559.17  568.32  576.27  582.65  585.55  585.65  583.18  578.49  571.67  562.51  551.60  539.15  526.66  514.16  501.45  490.09  492.28  504.46  517.55  531.81  546.71  562.31  578.49  594.76  610.14  622.95  632.75  639.20  642.64  643.03  642.30  640.07  633.20  625.95  612.38 
488.71  492.30  499.71  505.22  508.94  511.27  512.75  513.90  515.11  516.76  519.22  522.89  528.04  535.02  543.78  553.38  562.79  570.74  578.36  580.54  580.72  578.83  572.60  565.55  557.40  548.10  537.54  526.03  514.36  502.84  492.93  494.69  505.72  518.71  532.59  547.41  562.96  579.14  595.83  612.77  628.91  641.85  651.73  657.52  659.60  657.35  651.97  645.45  632.74  619.53 
482.60  484.18  489.43  492.96  495.20  496.66  497.82  499.10  500.83  503.41  507.23  512.55  519.69  528.50  538.28  548.17  557.73  567.89  573.15  575.80  577.46  573.75  568.88  560.14  551.63  543.25  534.38  524.92  514.42  504.50  494.43  496.02  507.22  519.55  533.30  548.05  563.55  579.70  596.43  613.66  631.08  647.55  658.34  666.48  669.02  666.49  662.69  651.33  635.98  623.36 
474.41  473.99  477.40  479.55  480.99  482.18  483.51  485.34  488.03  491.96  497.41  504.60  513.39  523.18  533.32  543.44  554.14  562.64  569.88  573.93  573.59  573.13  565.61  556.95  547.00  538.13  530.24  522.65  514.76  505.02  495.50  497.16  507.66  520.02  533.79  548.55  564.07  580.24  596.97  614.24  631.61  648.45  662.03  669.47  670.27  670.57  665.61  653.22  638.83  626.52 
464.26  462.18  464.31  465.73  466.95  468.34  470.26  473.05  477.08  482.62  489.87  498.60  508.39  518.69  529.23  539.95  549.58  559.27  567.16  569.96  570.29  567.24  563.92  553.77  543.66  533.68  525.33  518.51  511.82  505.03  495.65  497.41  508.02  520.47  534.27  549.05  564.59  580.77  597.53  614.78  632.20  648.91  662.49  669.45  670.56  669.47  663.61  654.98  638.32  628.71 
452.73  450.25  450.89  452.14  453.59  455.59  458.48  462.60  468.20  475.44  484.15  493.92  504.53  515.42  526.50  536.54  546.37  554.58  560.80  563.19  563.22  561.12  556.47  550.33  539.93  529.86  520.44  513.07  506.92  501.19  494.32  496.92  507.89  520.89  534.73  549.54  565.10  581.30  598.04  615.24  632.19  646.72  658.85  666.40  666.04  666.67  659.04  650.24  637.95  628.15 
441.07  438.95  437.71  439.23  441.32  444.30  448.49  454.14  461.35  470.01  479.83  490.63  501.84  513.74  524.48  534.07  541.84  547.54  550.25  551.71  552.02  551.93  547.58  542.47  535.68  525.81  516.28  507.32  500.90  494.87  489.02  495.54  507.80  520.99  534.99  549.91  565.54  581.73  598.30  614.57  629.01  641.40  651.55  654.79  655.43  655.33  652.54  643.56  632.72  627.15 
429.84  427.61  425.58  427.42  430.49  434.76  440.43  447.61  456.19  465.97  476.87  488.53  500.61  512.45  522.97  530.49  535.22  537.16  538.03  537.90  538.15  538.46  537.48  532.91  527.76  521.00  511.74  502.75  494.40  487.92  483.30  494.94  507.51  520.79  535.19  550.19  565.80  581.76  597.22  611.03  622.92  632.38  636.64  638.60  638.93  639.51  638.11  634.43  625.71  621.98 
418.69  416.63  414.46  417.05  421.38  427.07  434.19  442.68  452.36  463.15  474.87  487.30  499.86  511.25  519.29  523.63  525.42  525.02  524.23  524.09  523.62  523.71  523.62  522.40  518.17  513.10  506.49  497.74  489.15  481.04  481.65  494.08  506.93  520.77  535.20  550.30  565.55  580.26  593.43  604.60  613.16  617.52  619.53  620.31  620.91  621.29  621.45  620.14  616.11  614.94 
407.82  405.75  403.97  408.34  414.04  421.12  429.50  439.05  449.69  461.27  473.65  486.36  498.18  507.14  511.90  513.90  513.52  513.32  511.81  510.24  509.57  509.03  508.88  508.57  507.29  503.38  498.40  492.08  483.85  475.39  480.45  493.19  506.56  520.54  535.11  549.69  563.68  576.20  586.70  594.50  598.70  600.64  601.48  602.18  602.63  603.19  603.59  603.56  602.19  605.22 
397.09  395.12  395.59  401.34  408.37  416.64  426.06  436.51  447.88  459.95  472.29  483.83  493.09  498.97  501.47  501.47  501.66  500.79  499.50  497.49  495.74  494.91  494.30  494.01  493.64  492.29  488.70  483.95  477.82  469.82  479.41  492.55  506.13  520.15  534.16  547.48  559.38  569.20  576.36  580.37  582.25  583.12  583.77  584.25  584.77  585.23  585.76  586.15  587.26  591.68 
386.58  384.62  388.92  395.93  404.10  413.37  423.64  434.75  446.48  458.35  469.36  478.19  484.24  487.14  488.01  488.62  488.20  487.81  486.71  485.05  483.00  481.29  480.33  479.74  479.39  478.98  477.64  474.25  469.70  465.91  478.65  491.93  505.48  518.96  531.63  542.89  552.11  558.72  562.53  564.36  565.23  565.85  566.33  566.83  567.30  567.82  568.41  569.90  573.73  577.15 
376.70  376.92  383.79  391.87  400.99  411.06  421.91  433.27  444.62  455.02  463.34  469.07  472.02  473.24  474.13  474.40  474.93  474.30  473.49  472.32  470.65  468.67  467.00  466.01  465.41  465.04  464.60  463.26  460.07  464.85  477.93  491.07  504.02  516.13  526.78  535.43  541.55  545.15  546.93  547.81  548.40  548.88  549.36  549.84  550.39  551.15  552.86  556.32  559.80  563.65 
369.42  371.92  379.94  388.91  398.77  409.35  420.33  431.17  440.97  448.78  454.12  456.99  458.38  459.19  459.68  460.16  460.51  460.79  460.17  459.34  458.14  456.53  454.63  453.01  451.97  451.35  451.01  450.55  452.06  464.12  476.93  489.37  500.94  511.03  519.11  524.84  528.24  529.96  530.83  531.41  531.89  532.36  532.84  533.44  534.35  536.19  539.40  542.84  546.49  549.95 
364.49  368.25  377.11  386.76  397.06  407.66  417.99  427.24  434.55  439.53  442.30  443.69  444.50  445.01  445.49  445.86  446.29  446.60  446.79  446.23  445.42  444.25  442.69  440.89  439.32  438.28  437.65  439.73  450.63  463.05  475.01  486.05  495.61  503.20  508.56  511.77  513.44  514.30  514.86  515.34  515.80  516.30  516.95  517.99  519.90  522.94  526.29  529.79  533.20  536.76 
360.90  365.55  375.03  385.04  395.25  405.11  413.82  420.67  425.33  427.97  429.33  430.12  430.64  431.12  431.50  431.90  432.27  432.65  432.96  433.10  432.61  431.83  430.70  429.20  427.48  425.96  427.46  437.52  449.46  460.97  471.50  480.55  487.69  492.70  495.74  497.35  498.20  498.75  499.22  499.68  500.21  500.91  502.05  504.00  506.90  510.16  513.53  516.87  520.29  523.66 
358.26  363.52  373.28  383.11  392.50  400.72  407.15  411.51  414.03  415.35  416.12  416.63  417.08  417.47  417.85  418.23  418.61  418.97  419.34  419.64  419.76  419.32  418.57  417.49  416.05  415.41  424.74  436.17  447.23  457.27  465.84  472.56  477.26  480.13  481.68  482.52  483.06  483.52  483.99  484.54  485.30  486.51  488.49  491.28  494.43  497.69  500.94  504.24  507.52  510.87 
356.23  361.74  371.23  380.17  387.93  393.95  398.05  400.45  401.73  402.47  402.98  403.41  403.80  404.17  404.53  404.91  405.27  405.65  406.00  406.35  406.65  406.75  406.36  405.64  404.59  412.24  423.19  433.80  443.37  451.48  457.80  462.22  464.94  466.43  467.25  467.78  468.24  468.72  469.29  470.10  471.38  473.36  476.05  479.09  482.25  485.41  488.60  491.79  495.03  498.27 
354.37  359.57  368.12  375.44  381.09  384.94  387.22  388.47  389.19  389.69  390.10  390.48  390.84  391.20  391.56  391.92  392.28  392.64  393.00  393.35  393.69  393.98  394.06  393.71  400.12  410.48  420.67  429.79  437.46  443.41  447.57  450.14  451.57  452.37  452.90  453.36  453.84  454.44  455.30  456.63  458.61  461.21  464.15  467.20  470.27  473.36  476.46  479.60  482.74  485.92 
352.06  356.29  363.24  368.56  372.18  374.35  375.55  376.25  376.74  377.14  377.51  377.86  378.21  378.56  378.91  379.26  379.61  379.96  380.31  380.67  381.01  381.34  382.05  388.33  398.07  407.82  416.51  423.78  429.39  433.30  435.73  437.11  437.89  438.42  438.87  439.37  439.99  440.89  442.25  444.22  446.75  449.58  452.54  455.51  458.51  461.52  464.55  467.60  470.68  473.77 
348.62  351.30  356.34  359.75  361.81  362.97  363.65  364.13  364.52  364.88  365.22  365.56  365.90  366.24  366.59  366.93  367.27  367.61  367.96  368.34  368.91  370.56  376.75  385.95  395.27  403.55  410.43  415.71  419.40  421.70  423.02  423.79  424.31  424.77  425.27  425.92  426.86  428.25  430.19  432.64  435.39  438.24  441.13  444.03  446.95  449.89  452.85  455.83  458.83  461.85 
343.50  344.39  347.64  349.60  350.72  351.38  351.85  352.23  352.57  352.91  353.24  353.57  353.91  354.24  354.57  354.91  355.24  355.60  356.06  356.92  359.26  365.39  374.12  383.00  390.89  397.40  402.38  405.85  408.04  409.31  410.05  410.57  411.03  411.55  412.23  413.19  414.60  416.52  418.90  421.55  424.31  427.11  429.92  432.75  435.60  438.47  441.36  444.26  447.19  450.13 
336.56  335.80  337.71  338.78  339.43  339.88  340.25  340.59  340.92  341.24  341.57  341.89  342.21  342.54  342.87  343.21  343.60  344.16  345.33  348.18  354.25  362.56  371.02  378.52  384.69  389.39  392.66  394.73  395.95  396.68  397.19  397.65  398.19  398.89  399.88  401.29  403.19  405.50  408.06  410.74  413.45  416.17  418.92  421.68  424.46  427.25  430.07  432.90  435.75  438.63 
327.95  325.97  327.05  327.67  328.11  328.47  328.80  329.12  329.44  329.76  330.07  330.39  330.71  331.03  331.37  331.81  332.51  333.98  337.19  343.21  351.12  359.17  366.31  372.15  376.58  379.67  381.63  382.80  383.51  384.02  384.49  385.03  385.76  386.77  388.19  390.05  392.29  394.77  397.36  399.98  402.62  405.28  407.95  410.64  413.35  416.08  418.82  421.59  424.38  427.22 
