#Value Function.
640.22  659.63  678.41  696.17  711.08  722.36  731.61  736.20  738.12  738.52  738.58  737.98  736.76  732.59  725.04  713.91  698.71  680.72  661.72  642.31  623.11  604.45  586.79  570.25  574.02  589.04  601.65  611.09  617.22  620.50  624.57  626.75  628.99  631.63  634.41  640.39  648.01  657.10  668.32  679.62  686.64  689.36  689.38  689.28  688.90  688.71  688.04  686.48  681.41  671.27 
639.68  659.39  679.22  698.54  716.98  732.27  743.40  753.09  757.23  758.55  758.88  757.99  754.53  747.53  736.67  721.27  702.78  683.29  663.31  643.58  624.18  605.46  587.39  570.71  572.97  587.74  600.28  610.00  616.38  620.94  624.15  627.18  628.31  630.68  634.27  639.51  647.95  658.99  671.95  685.94  699.16  706.84  709.49  709.34  709.34  708.70  707.60  702.92  693.07  678.14 
638.76  658.67  678.63  699.07  718.84  738.01  753.41  764.21  773.33  775.92  777.24  775.35  769.35  759.19  744.02  725.08  705.21  684.63  664.38  644.43  625.00  606.22  588.14  571.29  571.73  586.42  598.99  607.45  615.11  618.56  621.74  622.77  624.25  626.95  629.34  635.78  644.98  658.71  673.54  688.94  704.44  719.38  727.14  729.63  729.34  728.75  724.69  715.02  700.17  681.29 
637.82  657.69  677.91  698.32  719.34  739.42  759.07  773.50  782.96  788.39  790.85  787.63  779.45  766.44  747.62  727.50  706.47  685.74  665.23  645.29  625.79  606.85  588.70  571.66  569.49  583.33  593.61  603.80  609.28  612.32  613.93  615.46  615.89  617.95  621.92  630.48  642.97  657.37  674.00  690.54  706.72  723.53  739.55  747.55  749.12  746.49  737.35  722.52  703.34  682.64 
636.82  656.75  676.86  697.63  718.39  739.81  759.52  778.16  788.31  794.89  796.43  791.77  785.34  769.04  749.96  728.69  707.65  686.58  666.12  646.08  626.61  607.60  589.32  571.85  565.55  576.69  587.86  594.94  599.50  601.31  602.86  603.65  604.48  607.71  614.41  626.10  640.17  656.92  673.29  690.48  707.30  724.60  742.15  757.66  763.66  757.32  745.00  725.53  704.64  683.57 
635.86  655.70  675.92  696.44  717.63  738.37  759.26  776.13  790.31  796.39  796.06  794.61  784.96  770.31  750.49  729.77  708.42  687.53  666.92  646.94  627.40  608.40  589.88  572.23  559.01  569.79  577.51  582.79  585.76  587.26  588.23  589.40  591.75  597.90  608.48  621.84  638.35  655.27  672.86  689.48  706.51  723.93  741.75  756.27  765.12  762.85  747.05  726.75  705.56  684.46 
634.85  654.74  674.81  695.53  716.31  737.75  757.47  773.89  787.52  794.61  794.95  791.90  786.01  770.24  751.54  730.40  709.40  688.31  667.82  647.73  628.22  609.18  590.75  573.30  556.93  559.10  564.98  568.05  570.19  571.25  572.60  575.23  580.79  590.57  603.37  619.31  636.39  654.40  671.36  688.40  705.50  722.67  739.52  751.21  755.26  757.05  746.19  727.16  706.37  685.31 
633.89  653.69  673.80  694.19  715.14  735.07  753.23  768.44  781.16  785.95  786.67  786.65  777.52  768.24  750.42  730.80  709.91  689.18  668.60  648.59  629.01  610.04  591.81  574.75  559.31  546.58  550.02  552.46  553.69  555.17  557.98  563.54  572.59  585.06  600.21  616.87  634.69  651.84  669.48  686.09  702.68  718.30  729.70  737.71  739.29  739.97  737.93  725.20  706.62  686.06 
632.87  652.65  672.52  692.75  712.26  730.32  746.46  759.57  766.75  770.34  771.59  772.29  769.17  758.24  747.34  729.66  710.20  689.76  669.45  649.37  629.86  611.05  593.29  577.19  561.48  545.49  534.57  535.97  537.59  540.54  546.07  554.88  566.93  581.52  597.55  614.80  631.81  649.29  665.93  681.89  696.63  707.58  715.15  717.95  719.05  720.40  720.13  716.75  704.24  686.13 
631.84  651.39  670.93  689.81  707.40  723.24  735.91  743.77  748.34  751.02  752.45  753.73  753.10  748.67  738.26  726.51  709.35  690.18  670.17  650.24  630.86  612.36  595.73  579.63  563.22  546.64  530.28  520.40  523.33  528.82  537.40  549.04  563.11  578.68  595.33  612.02  628.96  645.30  660.88  674.88  685.51  692.53  695.60  697.01  698.60  699.70  700.68  700.12  695.99  683.59 
630.57  649.69  667.96  684.99  700.21  712.41  720.58  725.48  728.65  730.28  731.81  733.34  734.50  733.41  729.11  719.17  707.12  689.93  670.87  651.21  631.96  614.80  598.32  581.44  564.40  547.51  530.94  515.46  512.01  520.37  531.62  545.20  560.29  576.36  592.63  609.03  624.91  639.97  653.40  663.69  670.49  673.77  675.29  676.74  678.01  679.48  680.57  681.35  680.50  675.57 
628.79  646.70  663.16  677.78  689.52  697.61  702.62  705.90  707.89  709.57  711.25  713.13  715.04  716.90  716.94  712.37  702.86  689.33  671.07  652.04  634.41  617.59  600.19  582.65  565.28  548.26  531.64  515.50  503.77  514.65  527.76  542.37  557.92  573.73  589.59  605.00  619.53  632.38  642.35  648.97  652.39  654.08  655.46  656.78  658.16  659.43  660.81  661.86  662.46  661.07 
625.78  641.91  655.97  667.28  675.22  680.26  683.53  685.65  687.48  689.50  692.03  694.88  699.24  702.02  705.65  705.46  698.36  686.92  671.95  654.41  637.42  619.54  601.44  583.55  566.05  548.97  532.33  516.11  500.80  510.79  524.93  539.97  555.32  570.68  585.59  599.60  611.93  621.54  628.01  631.54  633.36  634.74  636.05  637.39  638.68  640.02  641.28  642.57  643.57  643.76 
621.00  634.77  645.67  653.46  658.50  661.77  663.96  665.87  668.06  670.78  674.55  680.67  687.94  697.12  700.72  701.32  697.43  687.80  674.10  657.60  639.30  620.78  602.34  584.33  566.78  549.68  533.01  516.77  501.01  507.95  522.51  537.40  552.27  566.70  580.20  592.03  601.32  607.64  611.24  613.17  614.56  615.85  617.16  618.44  619.74  621.01  622.30  623.54  624.77  625.48 
613.92  624.68  632.30  637.33  640.60  642.84  644.79  647.03  649.99  654.36  661.67  671.94  685.49  696.01  699.56  700.64  699.33  690.83  676.94  659.28  640.58  621.69  603.16  585.08  567.50  550.39  533.70  517.44  501.61  505.51  519.95  534.35  548.31  561.32  572.70  581.66  587.84  591.48  593.51  594.92  596.19  597.45  598.71  599.98  601.24  602.50  603.75  605.00  606.21  607.16 
604.05  611.73  616.73  620.01  622.29  624.27  626.54  629.62  634.30  641.96  653.40  668.92  684.27  695.13  700.18  699.87  698.96  691.59  677.42  660.16  641.31  622.50  603.91  585.82  568.23  551.09  534.39  518.11  502.25  502.96  516.91  530.41  542.95  553.90  562.56  568.60  572.26  574.37  575.80  577.05  578.28  579.51  580.74  581.97  583.21  584.44  585.67  586.89  588.10  589.08 
591.51  596.69  599.98  602.30  604.31  606.61  609.75  614.59  622.39  634.04  649.98  667.16  680.43  692.00  698.16  698.52  695.88  688.24  675.91  659.59  641.64  623.19  604.68  586.57  568.95  551.80  535.08  518.78  502.91  499.94  512.98  525.08  535.62  543.99  549.90  553.57  555.73  557.19  558.42  559.62  560.82  562.02  563.21  564.42  565.62  566.83  568.03  569.23  570.42  571.40 
576.97  580.48  582.83  584.89  587.22  590.43  595.34  603.11  614.60  630.03  646.95  661.99  674.89  685.96  690.20  690.84  687.98  682.36  671.30  657.97  641.12  623.36  605.31  587.29  569.68  552.51  535.77  519.46  503.57  496.03  507.69  517.85  525.94  531.71  535.38  537.59  539.07  540.29  541.47  542.63  543.80  544.96  546.13  547.30  548.48  549.65  550.83  552.00  553.18  554.14 
561.30  563.90  565.98  568.36  571.63  576.60  584.32  595.55  610.31  626.54  641.51  654.65  666.68  672.99  676.14  677.27  675.68  671.32  664.43  653.10  639.30  622.78  605.49  587.92  570.40  553.21  536.46  520.13  504.25  490.79  500.57  508.40  514.04  517.69  519.93  521.44  522.66  523.81  524.94  526.07  527.21  528.35  529.49  530.63  531.77  532.92  534.06  535.21  536.36  537.31 
545.26  547.59  550.00  553.33  558.36  566.02  576.98  591.12  606.61  621.18  634.25  645.62  652.58  656.59  658.96  660.19  660.12  658.43  653.57  645.94  634.74  621.05  605.00  588.14  571.01  553.92  537.15  520.84  504.93  489.60  491.37  497.00  501.50  509.86  518.09  523.89  527.38  528.96  529.40  529.37  529.20  529.01  528.82  528.62  528.43  528.23  528.04  527.84  527.64  527.17 
529.49  532.15  535.53  540.59  548.20  558.91  572.49  587.32  601.42  614.08  624.84  631.93  636.17  638.79  640.58  641.92  642.80  642.81  641.09  636.13  628.33  617.34  603.61  587.88  571.39  554.56  537.88  521.53  505.67  490.30  480.89  487.77  501.55  514.39  525.25  533.68  539.60  543.12  544.63  545.01  544.93  544.75  544.55  544.35  544.15  543.95  543.75  543.55  543.30  542.67 
514.58  518.20  523.30  530.84  541.31  554.38  568.61  582.25  594.47  604.71  611.75  616.08  618.85  620.70  622.33  623.70  625.19  626.67  627.22  625.32  620.44  612.60  601.06  587.10  571.28  555.01  538.54  522.24  506.44  491.20  476.50  487.96  502.34  516.56  529.83  541.05  549.66  555.72  559.26  560.68  560.99  560.87  560.68  560.47  560.27  560.06  559.86  559.63  559.27  558.14 
501.16  506.47  513.93  524.15  536.76  550.44  563.61  575.40  585.20  592.11  596.47  599.25  601.19  602.89  604.54  606.43  608.88  610.71  614.09  614.58  612.69  607.71  597.56  585.36  570.78  555.08  539.13  522.99  507.26  492.14  477.71  487.98  502.43  517.23  531.90  545.67  557.21  566.05  572.24  575.81  577.13  577.37  577.20  577.01  576.79  576.59  576.36  576.06  575.26  573.07 
489.91  497.48  507.45  519.61  532.76  545.47  556.85  566.26  573.02  577.39  580.19  582.17  583.93  585.74  587.90  591.07  594.72  599.09  603.26  605.67  606.03  602.28  595.40  583.17  569.69  554.85  539.38  523.74  508.04  493.26  479.29  488.07  502.33  517.17  532.42  547.63  561.89  573.78  582.86  589.19  592.78  593.98  594.14  593.93  593.74  593.50  593.26  592.57  590.82  586.54 
481.29  491.19  502.92  515.57  527.83  538.80  547.86  554.47  558.82  561.65  563.66  565.46  567.35  569.67  573.13  577.62  583.55  590.56  596.73  599.62  600.07  597.88  592.43  582.26  568.41  554.19  539.50  524.31  508.97  494.52  481.22  488.37  502.23  516.86  532.17  547.96  563.75  578.53  590.78  600.09  606.56  610.18  611.23  611.33  611.07  610.88  610.29  608.77  604.95  597.62 
475.18  486.68  498.85  510.66  521.24  529.98  536.43  540.76  543.60  545.64  547.45  549.40  551.85  555.44  560.34  567.10  575.55  584.46  591.42  594.66  594.98  592.77  588.41  579.68  567.64  553.33  539.07  524.58  509.88  496.08  483.89  489.03  502.25  516.63  531.76  547.52  563.88  580.28  595.60  608.22  617.76  624.38  628.05  628.71  628.79  628.24  627.14  623.63  616.36  607.03 
470.70  482.59  493.97  504.17  512.60  518.89  523.19  526.05  528.11  529.93  531.94  534.47  538.13  543.18  550.25  559.41  569.57  578.51  585.90  589.28  589.71  587.27  582.72  575.34  565.01  552.56  538.67  524.73  510.80  498.20  487.32  489.77  502.56  516.31  531.26  546.90  563.27  580.22  597.22  613.16  626.13  635.87  642.29  645.74  646.13  645.25  642.52  635.06  626.64  612.33 
466.58  477.73  487.56  495.71  501.85  506.10  508.96  511.05  512.88  514.90  517.51  521.18  526.31  533.47  542.72  553.25  563.78  572.83  581.52  584.27  584.61  582.88  576.69  569.65  560.83  550.27  538.13  525.14  512.01  500.82  491.01  490.99  502.60  516.20  530.74  546.26  562.55  579.49  596.95  614.58  631.18  644.14  653.81  659.50  661.57  659.11  653.55  646.28  631.99  615.56 
461.75  471.41  479.29  485.27  489.47  492.34  494.44  496.29  498.33  500.95  504.65  509.81  516.97  526.15  536.77  547.77  558.48  570.02  576.23  579.32  581.24  577.66  572.82  564.12  555.54  546.43  536.23  525.15  513.14  503.47  492.32  491.24  502.91  515.80  530.17  545.56  561.76  578.65  596.15  614.15  632.23  649.09  659.86  667.72  670.23  667.69  663.67  651.25  635.02  618.14 
455.53  463.32  469.15  473.30  476.16  478.28  480.15  482.19  484.83  488.52  493.68  500.75  509.80  520.32  531.50  542.77  554.90  564.61  572.77  577.46  577.37  576.79  569.34  560.67  550.79  541.82  533.16  524.19  514.62  503.56  494.11  491.39  502.29  515.10  529.41  544.76  560.92  577.78  595.25  613.29  631.46  649.00  663.02  670.50  671.25  671.58  666.16  653.27  637.81  618.84 
447.63  453.48  457.57  460.43  462.56  464.44  466.49  469.13  472.80  477.93  484.94  493.80  504.21  515.47  527.14  539.25  550.16  561.02  570.03  573.46  573.91  571.05  567.40  557.23  547.14  537.27  528.82  521.21  513.11  504.60  494.14  490.88  501.61  514.37  528.63  543.95  560.08  576.91  594.36  612.36  630.57  648.13  662.57  670.23  671.58  670.42  664.39  655.05  637.83  620.06 
438.08  442.26  445.11  447.25  449.15  451.22  453.86  457.51  462.58  469.46  478.19  488.44  499.93  511.93  524.38  535.73  546.84  556.30  563.61  566.51  566.92  564.87  560.28  553.65  543.17  533.13  523.88  516.41  509.47  502.30  493.83  489.34  500.30  513.61  527.84  543.13  559.23  576.04  593.46  611.45  629.42  645.10  658.54  667.19  667.11  667.72  659.93  650.79  637.63  619.92 
427.22  430.21  432.36  434.27  436.34  438.99  442.61  447.62  454.35  462.91  473.09  484.68  496.93  510.22  522.36  533.33  542.48  549.44  552.91  554.97  555.78  555.89  551.51  546.28  538.88  528.86  519.40  510.68  504.16  497.34  490.17  486.71  499.01  512.46  526.81  542.17  558.31  575.12  592.48  609.85  625.62  639.54  651.33  655.46  656.70  656.82  653.69  644.40  633.08  619.23 
415.56  417.87  419.79  421.87  424.51  428.11  433.04  439.63  447.99  458.00  469.58  482.22  495.63  508.99  521.11  530.18  536.32  539.19  540.77  541.16  542.01  542.72  541.72  537.02  531.57  524.11  514.66  505.77  497.72  491.14  484.41  484.82  497.47  510.97  525.70  541.13  557.30  574.06  590.68  605.95  619.55  630.92  636.47  639.34  640.40  641.46  640.06  635.75  626.57  614.92 
403.61  405.70  407.79  410.42  413.99  418.85  425.29  433.44  443.22  454.55  467.15  480.86  495.00  508.22  518.09  524.03  526.98  527.31  526.93  527.43  527.52  528.17  528.35  526.92  522.45  516.92  509.56  500.58  492.12  484.34  477.79  482.63  495.58  509.67  524.43  540.06  556.11  572.05  586.80  599.86  610.51  616.48  619.58  621.18  622.53  623.59  624.07  622.52  617.70  608.62 
391.83  394.08  396.71  400.24  405.02  411.32  419.25  428.78  439.83  452.19  465.77  480.09  493.90  505.01  511.60  514.99  515.37  515.45  514.60  513.55  513.51  513.56  513.91  513.75  512.12  507.83  502.26  495.13  486.64  478.40  470.90  480.41  493.93  508.19  523.25  538.65  553.94  568.16  580.72  590.76  596.80  600.01  601.74  603.21  604.40  605.68  606.66  606.81  605.05  599.92 
380.59  383.35  386.85  391.55  397.71  405.44  414.72  425.46  437.52  450.71  464.65  478.28  489.89  497.92  502.01  502.86  503.35  503.14  502.18  500.78  499.62  499.43  499.41  499.58  499.24  497.43  493.32  487.85  480.88  472.73  465.74  478.49  492.29  506.78  521.65  536.32  550.06  562.09  571.63  577.66  580.96  582.79  584.23  585.43  586.68  587.86  589.07  589.95  589.94  587.79 
370.21  373.82  378.44  384.46  391.99  401.01  411.46  423.17  435.97  449.45  462.61  473.92  482.32  487.01  488.87  489.84  490.15  490.10  489.56  488.25  486.79  485.71  485.40  485.40  485.44  484.97  483.07  479.04  473.67  466.84  463.32  476.70  490.72  505.10  519.19  532.40  543.96  553.08  559.04  562.42  564.34  565.76  566.97  568.17  569.34  570.54  571.70  572.84  573.63  573.25 
360.98  365.66  371.55  378.89  387.67  397.82  409.20  421.59  434.56  447.18  458.07  466.29  471.17  473.51  474.94  475.90  476.81  476.81  476.36  475.66  474.34  472.95  471.94  471.61  471.58  471.56  470.96  468.96  465.03  459.73  461.42  475.02  488.91  502.52  515.22  526.33  535.07  540.94  544.38  546.37  547.79  548.99  550.16  551.30  552.47  553.61  554.78  555.92  556.99  557.47 
353.09  358.98  366.13  374.68  384.54  395.59  407.57  420.04  432.12  442.59  450.53  455.44  458.06  459.53  460.69  461.69  462.66  463.31  463.23  462.75  461.95  460.70  459.38  458.45  458.07  458.01  457.95  457.25  455.17  451.33  459.69  473.12  486.26  498.50  509.16  517.58  523.35  526.82  528.87  530.30  531.49  532.63  533.75  534.88  536.00  537.13  538.26  539.40  540.50  541.31 
346.60  353.71  362.02  371.61  382.32  393.91  405.91  417.48  427.52  435.18  440.07  442.80  444.38  445.53  446.56  447.52  448.50  449.37  449.91  449.82  449.34  448.52  447.32  446.09  445.21  444.84  444.76  444.62  443.82  445.32  457.71  470.40  482.20  492.46  500.59  506.25  509.74  511.84  513.28  514.46  515.57  516.66  517.76  518.86  519.96  521.05  522.16  523.26  524.37  525.25 
341.48  349.70  359.01  369.40  380.61  392.16  403.25  412.88  420.27  425.11  427.90  429.54  430.70  431.74  432.69  433.65  434.59  435.51  436.32  436.79  436.70  436.23  435.41  434.27  433.11  432.29  431.92  431.81  432.06  442.79  454.97  466.34  476.23  484.09  489.63  493.12  495.26  496.71  497.88  498.97  500.04  501.11  502.17  503.24  504.31  505.39  506.46  507.54  508.61  509.51 
337.57  346.74  356.82  367.65  378.76  389.40  398.66  405.80  410.57  413.40  415.08  416.26  417.28  418.22  419.15  420.08  421.01  421.92  422.80  423.57  423.99  423.90  423.42  422.62  421.53  420.44  419.66  419.30  428.41  439.96  450.91  460.45  468.04  473.46  476.95  479.12  480.58  481.75  482.82  483.86  484.90  485.93  486.98  488.02  489.06  490.11  491.16  492.20  493.26  494.13 
334.67  344.56  355.03  365.72  375.93  384.83  391.74  396.43  399.29  401.00  402.20  403.20  404.12  405.03  405.93  406.84  407.75  408.65  409.54  410.39  411.11  411.48  411.39  410.92  410.13  409.09  408.07  414.52  425.37  435.91  445.10  452.45  457.75  461.22  463.41  464.89  466.05  467.10  468.11  469.12  470.13  471.15  472.16  473.18  474.19  475.22  476.24  477.26  478.28  479.14 
332.49  342.73  353.03  362.84  371.39  378.07  382.69  385.55  387.31  388.51  389.50  390.41  391.29  392.17  393.05  393.94  394.82  395.71  396.59  397.46  398.27  398.94  399.28  399.18  398.72  397.94  401.24  411.21  421.32  430.18  437.29  442.47  445.92  448.12  449.61  450.77  451.80  452.79  453.77  454.76  455.74  456.73  457.72  458.71  459.70  460.70  461.69  462.69  463.69  464.52 
330.64  340.68  350.10  358.33  364.79  369.32  372.19  373.97  375.18  376.16  377.06  377.92  378.78  379.63  380.49  381.36  382.22  383.08  383.95  384.81  385.65  386.43  387.06  387.36  387.26  388.60  397.48  407.13  415.67  422.56  427.62  431.03  433.24  434.74  435.89  436.91  437.88  438.84  439.79  440.75  441.71  442.68  443.64  444.61  445.57  446.54  447.51  448.48  449.46  450.27 
328.53  337.71  345.63  351.89  356.33  359.20  360.99  362.21  363.19  364.06  364.91  365.74  366.58  367.41  368.25  369.09  369.93  370.77  371.62  372.46  373.30  374.12  374.87  375.45  376.41  384.20  393.33  401.56  408.23  413.17  416.55  418.77  420.27  421.42  422.42  423.36  424.30  425.23  426.16  427.10  428.04  428.97  429.91  430.85  431.80  432.74  433.69  434.64  435.59  436.38 
325.54  333.29  339.35  343.70  346.55  348.36  349.59  350.56  351.42  352.24  353.06  353.87  354.68  355.50  356.32  357.13  357.95  358.78  359.60  360.42  361.25  362.06  362.85  364.45  371.34  379.94  387.84  394.30  399.13  402.47  404.68  406.19  407.33  408.31  409.24  410.15  411.06  411.97  412.88  413.79  414.70  415.62  416.53  417.45  418.37  419.29  420.21  421.14  422.06  422.84 
321.17  327.16  331.41  334.25  336.07  337.31  338.27  339.11  339.92  340.71  341.50  342.29  343.09  343.88  344.68  345.48  346.28  347.08  347.88  348.68  349.50  350.47  352.61  358.87  366.92  374.51  380.76  385.47  388.76  390.97  392.48  393.62  394.59  395.50  396.39  397.27  398.15  399.04  399.92  400.81  401.70  402.59  403.49  404.38  405.28  406.18  407.08  407.98  408.88  409.64 
315.10  319.35  322.15  323.98  325.23  326.18  327.01  327.80  328.57  329.35  330.13  330.90  331.68  332.45  333.23  334.00  334.78  335.56  336.35  337.19  338.33  340.81  346.61  354.15  361.41  367.45  372.05  375.29  377.48  379.00  380.13  381.09  381.98  382.84  383.71  384.58  385.44  386.30  387.17  388.03  388.90  389.77  390.64  391.51  392.39  393.26  394.14  395.02  395.90  396.68 
