#Value Function.
73.1393 73.2012 73.6763 74.3515 74.9175 75.2356 75.2941 75.3102 75.1797 75.2568 75.5326 75.6664 75.7562 75.7652 75.7828 75.7162 75.7196 75.6293 75.6835 75.5619 75.3266 74.7605 74.1650 73.0955 72.5246 72.0402 70.1986 57.9181 56.4971 56.1467 55.5615 55.3529 54.5445 54.4515 54.2837 53.7239 50.0703 48.9140 48.4800 48.3908 48.3593 48.3469 48.3003 48.3142 48.2608 48.2915 48.1798 48.1112 48.1752 48.1908
73.2253 74.5236 74.9982 75.6700 76.2369 76.5316 76.5918 76.6525 76.5174 76.6211 76.9642 77.0866 77.1826 77.1746 77.2056 77.1096 77.1438 77.0190 77.1240 76.9970 76.7943 76.1852 75.6542 74.4436 73.9325 73.6573 73.1282 57.7598 57.7577 57.5966 56.9226 56.8557 55.8565 55.8819 55.7601 55.5920 51.1277 50.2286 49.8493 49.8018 49.7759 49.7712 49.7108 49.7432 49.6679 49.7315 49.5929 49.5113 49.6015 48.2758
73.9197 75.3024 75.7148 76.1067 76.7663 77.3339 77.5611 77.6735 77.7717 77.6676 77.8003 78.2205 78.3113 78.4203 78.3793 78.4391 78.2858 78.3861 78.2316 78.0934 77.3948 77.0045 75.5859 75.1308 74.9058 74.5214 72.7438 62.2611 58.5167 59.0806 58.2443 56.9341 57.1480 56.9242 57.3599 53.0065 52.0975 52.5347 51.3667 51.0536 51.0414 51.0104 51.0177 50.9340 50.9989 50.8831 51.0020 50.9038 50.4861 49.0065
74.4659 75.8437 76.4785 76.8194 77.0991 77.7287 78.2285 78.5463 78.7337 78.9341 78.8316 78.9775 79.4887 79.5128 79.6200 79.5411 79.6236 79.4277 79.4132 78.5603 78.4103 76.6894 76.3300 76.1542 75.8195 74.9077 65.7653 70.3412 63.0344 59.1819 60.5852 58.4815 58.0806 58.4471 60.0207 54.8719 54.2811 53.1310 54.0349 52.4427 52.2713 52.2850 52.2420 52.2697 52.1484 52.2664 52.1759 51.8076 50.7307 49.3216
74.6260 75.9164 76.9964 77.5534 77.6838 77.7963 78.3892 79.0408 79.4737 79.8290 80.1614 80.4280 80.2808 80.7158 80.6431 80.7636 80.6752 80.7499 79.6431 79.8987 77.7326 77.5364 77.3967 77.1318 76.1565 75.0531 73.1023 65.4362 65.6596 64.5987 59.5720 62.4158 59.3558 62.1904 56.2985 55.8739 56.2218 55.5800 54.0585 54.1872 53.6320 53.4894 53.5340 53.4681 53.5310 53.4387 53.1519 51.9430 51.0687 49.7073
74.9079 76.1284 76.9681 78.0263 78.3438 78.2187 78.2440 78.9711 79.8932 80.5140 80.9814 81.3624 81.6638 81.7363 81.8164 81.8069 81.8896 81.7420 81.4992 78.6755 78.7593 78.6306 78.4644 77.3987 76.2833 75.0299 67.3674 66.9262 66.5511 66.0788 66.4608 59.5092 64.6441 57.6113 57.4996 57.5722 56.9791 55.0377 55.5331 54.8097 54.7304 54.7928 54.7114 54.7903 54.6847 54.5290 53.1438 52.2283 51.9729 50.4932
75.6190 76.9360 77.0669 77.8001 78.7626 78.8983 78.7343 78.7312 79.7806 80.9740 81.6789 82.1760 82.5427 82.8195 82.7745 82.9460 82.8238 82.6965 82.1396 80.0174 79.8489 79.8252 78.6304 77.5075 76.2882 74.6092 68.6500 68.5930 68.0675 67.7284 67.0871 67.5655 58.9257 58.5701 58.8516 58.3839 56.3666 56.9361 56.1003 56.0149 56.0638 55.9454 56.0549 55.9226 55.8170 55.2655 53.3573 53.3020 52.3264 50.8635
76.3145 77.6013 78.0713 77.9286 78.5311 79.4348 79.5089 79.3963 79.3936 80.8450 82.1817 82.8763 83.3319 83.6249 83.8632 83.7911 83.7534 83.4740 81.5212 81.2774 81.2219 79.8420 78.7441 77.4986 76.2315 71.0387 69.7059 69.8338 69.7921 69.1381 68.8449 67.9910 59.8679 60.1431 59.6299 58.8326 58.3622 57.3927 57.2951 57.3492 57.2279 57.3297 57.1485 57.1114 56.5600 55.5614 54.6688 53.5958 52.3715 50.9341
77.3542 78.5704 78.6560 79.2196 78.6857 79.2852 80.3557 80.3141 80.4214 80.6436 82.4393 83.3994 84.0311 84.3224 84.4917 84.6127 84.4774 84.1288 82.8499 82.6021 81.2392 79.9844 78.7199 77.3882 76.3869 73.7251 72.1703 70.6008 70.9565 70.8927 70.0254 61.2065 61.3854 60.8358 59.9645 59.6332 58.6887 58.6269 58.6299 58.5034 58.6130 58.3562 58.4141 57.8655 56.7806 55.9300 54.8537 53.6238 52.2859 50.8809
79.4956 80.9313 79.5712 79.7345 80.4581 79.4976 80.2562 81.5338 81.8258 82.0462 82.2304 83.6742 84.5206 84.9826 85.1149 85.1120 84.9795 84.2193 83.8875 82.6243 81.3957 79.9484 78.6041 77.5796 76.4344 74.3468 75.1598 73.1891 71.3472 71.9179 62.3718 62.4963 62.0026 61.0082 60.8806 59.9958 59.8675 59.9055 59.8392 59.8826 59.7416 59.7279 59.1868 57.9802 57.1978 56.1110 54.8811 53.4985 52.3606 50.9274
81.3698 82.8484 82.2367 80.5335 80.8606 81.8450 80.3541 81.8100 82.7969 83.0158 83.2403 83.1906 84.8105 85.3479 85.5030 85.5197 85.2232 84.9325 83.8467 82.7498 81.1459 79.8196 78.7921 77.6371 76.2259 76.6314 75.1911 76.6594 74.0460 63.1976 63.3441 63.0389 61.9421 62.0423 61.7267 61.2064 61.1868 61.0496 61.1474 60.9523 61.0269 60.5310 59.1507 58.4773 57.3669 56.1383 54.7557 53.6128 52.2846 50.8790
82.8010 84.2421 84.1351 83.6021 81.4176 82.0147 83.4141 82.4431 82.9657 84.1288 84.1970 84.4324 85.3537 85.6017 85.8990 85.8493 85.7017 84.7634 83.8591 82.2943 80.9823 80.0269 78.6691 78.5672 78.1016 77.1946 78.0006 75.7151 65.5484 64.0740 63.8363 63.4936 63.1668 62.8480 62.6638 62.4815 62.3724 62.4137 62.2344 62.3267 61.9133 60.2773 59.7764 58.6192 57.3958 56.0132 54.8701 53.5413 52.3567 50.9260
84.0736 85.4987 85.4887 85.4245 85.0573 82.2064 83.8204 84.8984 83.4170 84.1272 85.5000 85.5633 85.7598 86.2114 86.2565 86.3391 85.4261 84.7151 83.3542 82.5969 81.1192 81.0237 80.1874 81.4800 79.5435 79.2958 77.9997 65.0351 65.0573 64.9827 64.7914 64.5684 64.3917 64.1323 63.9142 63.8107 63.6516 63.5599 63.6046 63.3543 61.3370 61.1086 59.8638 58.6539 57.2712 56.1276 54.7988 53.6139 52.3176 50.8950
85.3157 86.7383 86.7376 86.7327 86.7025 86.6465 86.5406 85.3524 86.4603 84.2819 85.7276 86.8223 86.9134 86.9382 87.0550 86.9419 85.4538 84.4164 83.4968 82.2312 82.0517 83.1650 83.0147 80.9114 80.7615 80.5866 66.8210 66.0141 65.9843 65.9793 65.8528 65.6676 65.5271 65.4348 65.2422 65.0633 65.0145 64.8528 64.7640 63.1300 62.4950 61.0935 59.9138 58.5300 57.3858 56.0522 54.8710 53.5749 52.2570 50.8423
86.5461 87.9675 87.9776 87.9759 87.9743 87.9437 87.8910 87.9342 87.9671 87.9718 87.9795 87.9992 87.9706 88.0367 87.9655 87.3348 85.9302 84.3568 83.2477 83.0414 84.4746 84.4256 82.0167 82.6422 81.8462 78.9279 70.4745 67.4847 66.9548 66.9862 66.9859 66.8694 66.7273 66.6285 66.5871 66.4168 66.2508 66.2430 64.1972 63.8856 62.0447 61.1881 59.7211 58.6378 57.2923 55.9413 54.7538 53.4842 52.2512 50.8217
87.7735 89.1984 89.2050 89.2174 89.2136 89.2164 89.1840 89.1145 89.1754 89.2062 89.2046 89.1981 89.2190 89.1484 88.5755 86.9871 86.0766 84.6924 83.9931 85.8620 85.8208 83.9384 83.8096 82.9115 80.7449 70.3893 69.7675 68.8715 68.4859 67.9047 68.0754 68.0871 67.9932 67.8449 67.7952 67.7912 67.6237 66.4277 65.3581 63.1938 62.5022 60.9011 59.8922 58.5347 57.1537 56.0048 54.7141 53.5079 52.1266 50.7316
88.9741 90.4000 90.4407 90.4415 90.4578 90.4502 90.4595 90.4265 90.3327 90.4204 90.4457 90.4390 90.4149 89.9322 88.0867 87.2567 85.8297 84.8025 87.3448 87.1486 86.1838 85.0214 83.9133 82.8048 71.5204 71.4471 71.3365 70.7332 69.8182 69.5968 68.9004 69.2396 69.2253 69.1581 69.0054 68.9958 67.6323 66.6314 65.2483 64.0046 62.1084 61.1792 59.7752 58.3977 57.2653 55.9383 54.7564 53.4845 52.2512 50.8094
90.1417 91.5806 91.6404 91.6841 91.6764 91.6997 91.6851 91.7040 91.6723 91.5431 91.6712 91.6845 91.3439 89.3691 88.5655 86.9513 85.9661 88.9584 88.4856 87.4293 86.1956 85.0031 83.8917 72.3582 72.2955 72.4820 72.3642 72.4159 71.7930 70.7878 70.7947 69.8661 70.4465 70.3903 70.3629 69.1511 67.9208 66.4568 65.3593 64.0231 62.6948 60.9711 59.8992 58.5355 57.1871 56.0086 54.7146 53.5100 52.1285 50.7331
91.1871 92.6214 92.8385 92.8777 92.9296 92.9087 92.9439 92.9173 92.9501 92.9215 92.9398 92.8047 90.6802 89.9513 88.2468 91.0113 90.6849 89.8016 88.6894 87.4154 86.1996 84.9898 83.8211 73.3836 73.4570 73.2723 73.5471 73.3779 73.5860 72.8848 71.7196 72.0429 70.7583 71.7423 70.3703 69.1471 67.9221 66.6619 65.2594 64.1000 62.7836 61.4122 59.8014 58.6362 57.2965 55.9681 54.7598 53.4855 52.2532 50.8224
92.1419 93.6616 93.8565 94.1026 94.1101 94.1789 94.1368 94.1906 94.1421 94.1899 94.0514 93.7862 93.1673 93.1358 92.6863 91.9993 91.0697 89.9485 88.6607 87.2859 86.1729 84.9768 74.4470 74.7930 74.4917 74.6068 74.2942 74.7254 74.3787 74.7559 73.9257 72.5010 73.3769 70.7299 70.4047 69.1532 67.9198 66.6856 65.4099 64.0481 62.8474 61.5378 60.1465 58.6104 57.3839 56.0582 54.7437 53.5160 52.2516 50.8336
92.4178 93.8489 95.0236 95.0691 95.3681 95.3244 95.4223 95.3406 95.4319 95.2766 95.0674 94.2892 94.4154 93.9456 93.2673 92.3322 91.2090 89.9094 88.5325 87.4306 86.0912 84.9556 75.1020 75.6818 76.0581 75.5700 75.8101 75.2827 75.8905 75.2494 75.8766 74.9276 72.3915 71.9199 69.7544 69.1075 67.9192 66.6865 65.4453 64.1628 62.8272 61.5991 60.2896 58.8911 57.4053 56.1385 54.8207 53.5155 52.2750 50.8549
92.6254 94.0617 95.0652 96.4070 96.4729 96.5857 96.4932 96.6288 96.4402 96.3420 95.3133 95.6945 95.1861 94.5243 93.5853 92.4695 91.1573 89.7785 88.6728 87.5122 86.2090 85.1354 76.8279 76.1264 76.8867 77.3152 76.5680 77.0246 76.1234 77.0354 75.9687 74.8284 73.6354 71.4295 70.5487 68.6875 67.8365 66.6768 65.4488 64.2036 62.9185 61.6007 60.3533 59.0408 57.6422 56.1908 54.8975 53.5838 52.2850 50.8717
92.7293 93.9168 95.3332 96.6465 97.6825 97.4748 97.7735 97.4527 97.3893 97.2891 96.8783 96.3261 95.7258 94.8217 93.7232 92.3722 91.2191 89.9129 88.7691 87.4041 86.3402 85.2301 84.0954 77.1722 77.0911 78.0101 78.5240 77.3915 78.2712 76.9763 75.9658 72.6270 72.3104 72.1753 70.3351 69.2287 67.5607 66.5798 65.4308 64.2089 62.9610 61.6764 60.3702 59.1089 57.7924 56.3971 54.9698 53.6592 52.3475 50.9305
94.3718 95.9662 95.7201 97.1387 98.1144 98.4966 98.5050 98.2940 98.1564 97.7566 97.1806 96.7250 95.9668 94.9302 93.5468 92.5244 91.1733 90.0198 88.7550 87.5581 86.3682 85.2582 83.4603 83.2986 77.3217 77.9408 78.9566 79.6165 77.9592 77.1158 74.9115 74.4294 71.7319 70.8850 70.7400 69.1659 67.9396 66.5508 65.3503 64.1865 62.9673 61.7114 60.4347 59.1369 57.8653 56.5450 55.1545 53.7445 52.4225 51.0063
94.6730 96.0809 97.3067 97.7514 98.3641 98.7678 98.7831 98.6153 98.2877 97.7371 97.3247 96.8386 96.0398 94.6548 93.7679 92.3927 91.2714 89.9771 88.7821 87.5420 86.3779 85.2833 84.2563 82.6842 82.1069 78.6059 80.8178 78.8307 78.4060 76.9045 75.7983 73.3478 72.9267 70.6875 69.4889 69.3305 67.9512 66.6878 65.4693 64.1341 62.9448 61.7248 60.4530 59.1921 57.9014 56.6221 55.2986 53.9134 52.5161 51.1039
94.7724 96.1932 97.0773 98.1364 98.6024 98.7678 98.7831 98.6153 98.0513 97.7517 97.3274 96.8370 95.5312 94.9579 93.5839 92.5286 91.1955 90.0223 88.7550 87.5581 86.3673 83.2119 82.4885 83.2949 82.2344 81.9139 80.5780 77.5306 77.2115 77.0770 75.7376 74.4387 72.3374 71.5185 69.5542 68.1049 67.9406 66.7109 65.4555 64.1892 62.9078 61.7047 60.3239 59.1790 57.8508 56.6531 55.3781 54.0530 52.6733 51.2514
94.5809 95.9644 97.1742 98.0562 98.4435 98.5015 98.5486 98.2989 98.1304 97.5720 96.3010 96.1361 95.8422 94.6555 93.7302 92.4177 91.2799 89.9781 88.7735 87.5410 86.3767 81.5867 82.2998 82.3959 82.4886 81.6417 77.0438 76.3028 75.8871 74.8396 75.6054 74.4926 73.1195 71.2412 70.1720 66.6129 65.7233 66.4553 65.4423 64.0562 62.8846 61.6712 60.4469 59.0645 57.9276 56.6295 55.4084 54.1338 52.8082 51.3821
94.5031 95.9466 96.9436 97.4908 97.7529 97.7384 97.8119 97.7566 97.4243 97.2521 96.6322 94.9816 94.7349 94.5828 93.2978 92.4546 91.2020 90.0284 88.6351 87.3978 86.3262 81.0982 81.3221 81.4972 80.9085 81.4132 80.2983 74.7507 73.8803 74.2213 73.4958 74.1510 73.2064 71.8227 70.0892 64.6501 65.0451 64.4090 65.0126 64.1394 62.8351 61.6439 60.4317 59.1911 57.8522 56.6744 55.4019 54.1828 52.9070 51.4668
94.1992 95.6726 96.2612 96.5804 96.6851 96.7434 96.7196 96.7181 96.6898 96.3931 96.1400 95.4455 94.0044 93.5964 93.2480 92.1110 90.6572 88.8446 88.6423 87.2542 86.1796 84.6543 80.2896 79.9300 80.1735 79.4407 80.1057 78.6430 74.0242 72.4156 72.7516 72.0622 71.8225 71.7983 70.5271 63.7069 63.2997 63.6787 63.0779 63.5982 62.8331 61.6022 60.4042 59.1904 57.9417 56.6311 55.4277 54.1531 52.8127 51.4086
93.5360 94.9925 95.3384 95.4786 95.5374 95.5308 95.5393 95.5392 95.5514 93.3980 94.6482 94.8550 94.1531 92.8958 91.9688 91.8845 90.4919 89.3361 87.4670 87.2577 86.0461 84.9115 78.7872 78.9010 78.3967 78.7226 77.7590 78.6106 77.0395 71.4170 70.8808 70.6093 70.5462 70.4025 70.3997 68.6475 63.1176 61.9614 62.3194 61.7498 62.2057 61.5255 60.3601 59.1640 57.9483 56.6963 55.4044 54.0247 52.8892 51.4563
92.6299 94.0763 94.2318 94.3016 94.3042 94.3134 94.3201 94.3342 94.3256 94.0921 92.0416 93.2990 93.5217 92.8544 91.6950 90.6085 90.4858 89.2625 88.0190 86.4079 85.9295 84.8127 83.1244 77.2578 77.3810 76.7352 77.3093 76.1309 77.0626 75.3136 70.6969 69.3008 69.1783 69.1435 68.9963 68.9461 66.9607 61.0241 60.9268 61.0001 60.8219 60.8749 60.2226 59.1114 57.9227 56.7059 55.4534 54.1560 52.8130 51.4114
91.5496 92.9833 93.0562 93.0670 93.0752 93.0827 93.0931 93.0712 92.9091 93.0482 92.6524 90.7053 91.9406 92.1728 91.5500 90.4578 89.2204 89.1073 88.0064 86.7377 85.2936 84.6360 83.5065 76.0772 75.6222 75.9081 75.1376 75.8363 74.4315 75.4726 68.2090 67.9652 68.0381 67.7678 67.6950 67.5404 67.4662 65.2515 59.7377 59.6163 59.7257 59.6058 59.5602 58.9244 57.8580 56.6798 55.4634 54.2099 52.9123 51.4891
90.3829 91.8112 91.8287 91.8372 91.8445 91.8502 91.8210 91.7020 91.7836 91.7007 91.7547 91.2352 89.3653 90.5784 90.8247 90.2469 89.1962 87.9446 87.7541 86.7366 85.4765 84.1414 83.3557 81.5569 74.5690 74.0431 74.3952 73.4786 74.3147 74.0099 73.3931 66.7680 66.5846 66.7456 66.3132 66.2432 66.2875 65.9859 63.6156 59.0611 58.4674 58.4720 58.3745 58.2566 57.6307 56.6012 55.4355 54.2206 52.9665 51.5409
89.1669 90.5897 90.5990 90.6059 90.6074 90.5753 90.4847 90.5286 90.4756 90.4938 90.3667 90.4415 89.8370 88.4558 87.2551 89.2598 88.9190 87.9256 86.8223 85.4578 84.2817 82.8531 81.2563 81.8187 78.8962 73.0355 72.4241 72.9555 72.8336 73.0152 72.0273 71.3962 65.4458 65.1171 65.0145 65.0175 64.8089 64.9886 64.5086 62.1053 58.2377 57.3434 57.2354 57.1344 56.9614 56.3410 55.3421 54.1896 52.9773 51.5505
87.9386 89.3607 89.3668 89.3652 89.3323 89.2608 89.2810 89.2484 89.2800 89.1486 89.1781 89.0521 89.1186 88.5022 87.2273 85.9532 87.7511 87.5773 86.6636 85.5523 84.1184 82.4733 81.0411 79.7079 80.1541 77.2718 71.6477 71.6256 71.7391 71.6194 71.6484 65.4103 68.9559 63.7885 63.7790 63.7772 63.6804 63.3057 63.1030 62.9817 60.6703 57.3118 56.2289 56.0122 55.8900 55.6724 55.0548 54.0815 52.9424 51.5090
86.7034 88.1276 88.1234 88.0912 88.0327 88.0390 88.0269 88.0356 88.0168 88.0244 87.8343 87.8672 87.8276 87.8054 87.1818 85.9802 84.6287 86.2818 86.2302 85.3912 83.6825 82.2642 80.9490 79.5904 78.3034 77.0520 75.7145 74.5124 70.3952 70.3821 70.1866 69.6842 63.5947 66.6739 62.5261 62.4198 62.1435 62.3668 61.7682 61.8405 61.4948 59.2867 56.3133 55.1153 54.7989 54.6441 54.3886 53.7717 52.8199 51.3709
85.4461 86.8820 86.8511 86.8019 86.7998 86.7960 86.7949 86.7817 86.7850 86.7804 86.7644 86.6189 86.5720 86.5851 86.4994 85.8713 84.4825 83.2728 84.8391 84.8807 83.4860 82.1945 80.8191 79.5339 78.3055 76.9314 75.7602 74.4815 73.2567 71.8977 70.2570 69.0391 64.6753 61.7448 61.2034 61.2667 61.0448 60.6041 60.5880 60.5449 60.5572 60.0424 57.9386 55.2625 53.9975 53.5927 53.3985 53.1092 52.4914 51.0296
84.0858 85.6116 85.5693 85.5623 85.5635 85.5616 85.5455 85.5458 85.5396 85.5121 85.3821 85.4939 85.3884 85.2147 84.7602 85.1345 84.5336 83.1425 81.9324 83.2894 83.4463 82.0456 80.7599 79.5692 78.1375 77.0151 75.7095 74.5089 73.1721 71.5261 69.6393 68.4573 67.0347 60.0299 59.9947 59.7877 59.4142 59.3533 59.3629 59.3467 59.3128 59.2607 58.6193 56.6156 55.8226 54.5019 52.5742 52.1745 51.8359 50.3954
82.0013 83.2023 84.3091 84.1818 84.3085 84.3093 84.3069 84.2999 84.2797 84.2961 84.2271 84.1105 84.2278 83.6047 83.8006 83.4170 83.7751 83.1932 81.8019 80.5904 81.8654 82.0123 80.6117 79.3264 78.2822 76.9294 75.7606 74.4461 72.8132 70.7673 69.7372 68.2126 67.2598 66.0469 64.0452 58.1294 58.1231 58.1225 58.1120 58.1217 58.1064 57.4354 57.2210 57.1381 55.7326 54.4695 53.1042 51.8264 50.9985 49.6153
81.4333 82.9353 82.9695 83.0454 83.0709 83.0684 83.0608 83.0450 83.0501 83.0031 83.0442 82.9596 82.8376 82.9027 82.2521 82.4448 82.0728 82.4196 81.8510 80.4596 79.1935 80.4357 80.5789 79.1783 78.0942 77.0135 75.7148 74.1273 71.8389 71.0527 69.3559 68.5242 67.3324 65.7342 60.1632 59.3728 59.3658 58.3987 55.6606 56.8715 56.8806 55.9969 55.8916 55.7404 55.7243 54.3279 53.0749 51.7131 50.4460 49.0844
80.3045 81.7345 81.7922 81.7470 81.8298 81.8222 81.8093 81.8112 81.8081 81.7919 81.7195 81.6179 81.6404 81.5128 81.5746 80.9055 81.0917 80.7280 81.0667 80.5077 78.6379 77.7513 79.0013 79.1459 77.9573 74.4014 75.4922 72.8180 72.4228 70.4410 69.7996 68.5206 67.6386 60.7212 60.4812 60.6973 59.9410 56.5568 56.4960 53.8147 55.1870 54.6502 54.5180 54.4896 54.4992 54.3308 52.9359 51.6940 50.3469 48.9523
79.1118 80.5441 80.5223 80.5817 80.5839 80.5729 80.5724 80.5679 80.5474 80.4797 80.3923 80.3877 80.2934 80.3126 80.1845 80.2444 79.5591 79.7406 79.3827 79.7158 79.1097 77.2699 76.3427 77.6211 72.6013 73.9873 72.8181 73.8673 71.4161 71.0868 69.6322 68.9267 67.3896 61.7734 62.0070 61.6367 57.2482 58.1608 54.7100 54.7080 51.9646 53.2920 53.2541 53.2451 53.1269 53.2272 52.9512 51.5572 50.4284 48.9906
77.8384 79.2887 79.3018 79.3446 79.3361 79.3339 79.3287 79.3137 79.3259 79.3037 79.1409 79.0666 79.0603 78.9663 78.9943 78.9586 78.9240 78.2121 78.3861 77.9943 78.3554 77.7193 75.6953 73.2790 72.6292 71.4664 72.4244 71.4306 72.3807 70.6083 70.2201 68.4094 68.1731 59.1449 63.4987 58.1368 56.4756 55.3837 56.3642 53.0358 51.5754 50.4762 51.9971 51.9095 51.9533 51.7690 51.9335 51.5813 50.3342 48.9017
76.3601 77.7177 78.0148 78.0988 78.0955 78.0899 78.0784 78.0846 78.0703 78.0835 78.0495 77.8140 77.7413 77.7491 77.7193 77.6730 77.5346 77.5891 76.8344 77.0594 76.9618 77.0284 74.2468 73.9332 72.6767 71.4722 70.4944 71.2160 71.3075 71.2882 70.2867 69.3902 68.3179 66.1990 58.8445 57.5980 56.7965 54.2927 54.0075 52.7514 51.7447 50.3644 49.2086 50.6937 50.5665 50.6623 50.5643 50.6412 50.2367 48.7216
75.3166 76.7518 76.8510 76.8573 76.8515 76.8422 76.8446 76.8349 76.8410 76.8184 76.8387 76.5119 76.5066 76.4786 76.4270 76.3171 76.3401 76.3077 75.7850 75.7220 75.6094 74.2457 75.3056 73.9000 72.6752 71.4865 70.0477 70.3172 70.4097 70.3271 70.3203 69.3701 68.3298 58.4899 63.4372 58.1332 56.4751 55.3836 53.9792 52.7718 51.5125 50.4690 49.0911 47.9418 49.2720 49.3331 49.4031 49.3437 49.3511 47.8807
74.1718 75.6025 75.6180 75.6133 75.6055 75.6056 75.5990 75.6047 75.5832 75.5819 75.4535 75.5475 75.2375 75.1841 75.0929 75.0911 75.0265 74.6527 74.9641 74.2598 73.2646 73.9290 73.8940 73.8935 72.6722 71.4716 70.2993 69.3507 69.4198 69.4631 69.3348 69.2831 58.5388 57.4031 57.8564 61.1258 57.1899 54.3374 54.0125 52.7519 51.4455 50.2933 49.2005 47.8365 46.4931 47.8692 48.0779 48.1488 48.1114 46.6874
72.9561 74.3777 74.3751 74.3684 74.3670 74.3621 74.3638 74.3462 74.3321 74.2371 74.2783 74.1257 73.9429 73.8639 73.8430 73.7610 73.4788 73.6106 73.0091 72.2044 72.6133 72.6632 72.6847 72.6626 72.5286 71.4515 70.3138 68.3181 68.4611 68.4130 68.2965 68.2748 66.9763 58.3104 56.4770 56.9818 59.1239 55.9910 52.9876 52.6604 51.5000 50.2278 49.0694 47.6951 46.5772 45.5649 46.5370 46.8144 46.8959 45.4612
71.7321 73.1368 73.1310 73.1287 73.1246 73.1236 73.1070 73.0790 72.9449 73.0184 72.8858 72.7173 72.6315 72.5962 72.5048 72.2780 72.2893 71.7632 71.0983 71.3346 71.4216 71.4424 71.4293 71.4436 71.4178 71.2009 70.2258 69.0558 67.3031 67.2640 67.3334 67.1995 66.9841 64.9342 57.7693 55.5892 55.9712 57.3206 54.7069 51.6451 51.3211 50.2426 48.8737 47.7998 46.4888 45.3619 44.5593 45.2498 45.5496 44.1263
70.6162 71.8934 71.8906 71.8868 71.8836 71.8663 71.8280 71.6970 71.8098 71.6105 71.4765 71.3983 71.3505 71.2539 71.0600 70.9905 70.5208 69.9597 70.0789 70.1742 70.1862 70.0628 70.1997 70.1676 70.0393 70.1491 69.8913 68.9871 67.7999 66.3307 66.1431 66.1335 65.9859 65.5597 63.1071 57.0311 54.6991 54.8839 55.6566 53.3739 50.3081 49.9918 48.9668 47.6703 46.5454 45.2769 44.1711 43.5016 43.9915 42.7526
70.4878 70.4745 70.4703 70.4664 70.4613 70.4425 70.3995 70.2996 70.3575 70.1948 70.0634 69.9816 69.9239 69.8228 69.6475 69.5254 69.0938 68.6157 68.6634 68.7436 68.7525 68.6684 68.7623 68.7371 68.6410 68.6850 68.3962 67.5364 66.3821 65.0920 64.7930 64.7170 64.5140 63.8691 61.3011 56.0303 53.6206 53.5336 53.8945 51.8653 49.1877 48.5287 47.5204 46.2737 45.1239 43.8928 42.8298 42.2257 42.5399 42.5918
