#Value Function.
10.0280 10.1016 10.2089 10.3739 10.5365 10.7033 10.8087 10.8415 10.8557 10.8839 10.9190 10.9793 11.0264 11.1056 11.1736 11.2975 11.3268 11.3348 11.3349 11.3251 11.2186 11.1108 10.9332 10.7849 10.7026 10.6639 10.6227 10.5714 10.7230 10.7270 10.7514 10.7218 10.7250 10.7173 10.7205 10.7242 10.7585 10.7856 10.8101 10.8371 10.8873 10.9252 10.9782 11.0019 11.0324 11.0420 11.0545 11.1549 11.0479 10.9021
10.2413 10.3331 10.3981 10.5115 10.6932 10.8559 11.0354 11.1352 11.1560 11.1675 11.1995 11.2336 11.3030 11.3428 11.4345 11.4929 11.6458 11.6505 11.6603 11.5298 11.4354 11.2357 11.0767 10.9958 10.9637 10.9294 10.8409 10.7771 10.8760 11.0605 11.0118 11.0244 11.0116 11.0176 11.0170 11.0195 11.0247 11.0672 11.0919 11.1168 11.1424 11.2011 11.2336 11.2961 11.3110 11.3483 11.3515 11.3565 11.2077 11.0296
10.4058 10.5588 10.6381 10.6962 10.8177 11.0204 11.1768 11.3758 11.4650 11.4720 11.4825 11.5201 11.5503 11.6339 11.6591 11.7722 11.8093 12.0095 11.8362 11.7709 11.5397 11.3696 11.2914 11.2669 11.2408 11.1531 10.9878 11.0258 11.0797 11.1861 11.3303 11.3077 11.3191 11.3159 11.3223 11.3062 11.3234 11.3277 11.3820 11.4008 11.4276 11.4500 11.5214 11.5427 11.6217 11.6200 11.6711 11.5129 11.3424 11.0868
10.5129 10.7341 10.8801 10.9491 10.9992 11.1311 11.3609 11.5004 11.7309 11.8002 11.7928 11.8045 11.8499 11.8715 11.9781 11.9758 12.1267 12.1340 12.1265 11.8473 11.6669 11.5932 11.5771 11.5602 11.4777 11.2810 11.1763 11.2567 11.3460 11.3993 11.5209 11.6222 11.6200 11.6365 11.5990 11.5977 11.6218 11.6394 11.6353 11.7082 11.7144 11.7472 11.7623 11.8542 11.8536 11.9620 11.7919 11.6635 11.3866 11.1421
10.6151 10.8377 11.0691 11.2087 11.2658 11.3066 11.4518 11.7175 11.8224 12.1060 12.1376 12.0939 12.1147 12.1947 12.1942 12.3402 12.2779 12.5120 12.1553 11.9686 11.9014 11.8946 11.8870 11.8152 11.5907 11.3936 11.4457 11.4901 11.5566 11.6841 11.7177 11.8607 11.9623 11.9088 11.8977 11.9069 11.9171 11.9458 11.9637 11.8905 12.0614 12.0276 12.0784 12.0771 12.2032 12.0846 11.9924 11.6887 11.4283 11.2931
10.7258 10.9408 11.1661 11.4160 11.5440 11.5886 11.6178 11.7798 12.0947 12.1350 12.2240 12.4546 12.4241 12.4283 12.5589 12.5148 12.6397 12.3839 12.2750 12.2165 12.2200 12.2202 12.1679 11.9079 11.6807 11.6242 11.5983 11.7560 11.8189 11.8906 12.0354 12.0265 12.2309 12.1723 12.1672 12.2365 12.2323 12.0391 12.1221 12.1693 12.1956 12.2461 12.3769 12.4169 12.3919 12.3544 11.9974 11.7127 11.5921 11.5156
10.7996 11.0638 11.2684 11.5021 11.7766 11.8847 11.9179 11.9320 12.1148 12.4997 12.4446 12.4777 12.7186 12.7807 12.7576 12.8542 12.6711 12.6092 12.5007 12.5544 12.5573 12.5396 12.2313 11.9739 11.9141 11.6460 11.8361 11.9488 12.1142 12.1590 12.2348 12.3362 12.3608 12.4531 12.5182 12.4708 12.2206 12.3108 12.3908 12.4316 12.5289 12.5284 12.5783 12.7415 12.5056 12.1668 11.9972 11.8939 11.8360 11.7182
10.8845 11.1317 11.4098 11.6003 11.8459 12.1536 12.2283 12.2552 12.2477 12.2716 12.6218 12.8029 12.7888 12.9515 13.0947 12.9817 12.9619 12.8359 12.7566 12.7544 12.9362 12.5604 12.2644 12.2110 11.8674 11.8681 11.9677 12.2011 12.3146 12.5010 12.5026 12.5853 12.5550 12.7253 12.8013 12.4659 12.5055 12.5607 12.6016 12.7582 12.7633 12.8952 12.6745 12.6585 12.4518 12.2881 12.2036 12.1602 12.0617 11.7800
11.0242 11.2087 11.4693 11.7691 11.9342 12.1981 12.5509 12.5703 12.6035 12.5090 12.5540 12.8256 13.1457 13.1194 13.2788 13.3281 13.1897 13.0222 13.0185 13.1307 12.7578 12.5618 12.4670 12.1110 12.1591 12.0319 12.2296 12.3292 12.6216 12.6458 12.8903 12.7055 12.8865 12.8856 12.6554 12.6927 12.7036 12.7752 12.9280 12.9318 13.1444 12.8621 12.9246 12.7396 12.6033 12.5220 12.4908 12.4178 12.1031 11.7876
11.2060 11.3501 11.5358 11.8164 12.1445 12.2663 12.5599 12.9738 12.8339 12.8378 12.8409 12.8812 13.1546 13.4368 13.4733 13.5548 13.3556 13.3056 13.3992 13.0214 12.7673 12.7048 12.3436 12.3078 12.0160 12.2649 12.3989 12.6225 12.6524 13.0515 12.7953 12.9805 13.0522 12.8818 12.9896 12.9539 12.9789 13.0581 13.1209 13.3153 13.1014 13.2051 13.0542 12.9311 12.8475 12.8247 12.7950 12.4254 12.1050 11.7920
11.4013 11.5387 11.6791 11.8697 12.1733 12.5397 12.5904 12.9045 13.1804 13.1818 13.1951 13.1919 13.2168 13.5443 13.6981 13.7084 13.5969 13.6867 13.3018 13.0323 12.9575 12.5714 12.4747 12.1394 12.2415 12.3617 12.6808 12.7362 13.0296 12.9031 13.0336 13.1792 13.1355 13.2370 13.2204 13.2131 13.3293 13.3239 13.4263 13.3979 13.4447 13.3890 13.2696 13.1828 13.1211 12.9469 12.5856 12.4229 12.1097 11.7947
11.6144 11.7364 11.8763 12.0150 12.2100 12.5399 12.9607 12.8694 13.2392 13.5330 13.5463 13.5619 13.4563 13.5720 13.9720 13.9147 13.9822 13.5857 13.3125 13.1634 12.7751 12.6106 12.2716 12.2899 12.3484 12.6565 12.7200 13.0997 13.0923 13.1689 13.2993 13.4021 13.4684 13.4956 13.5342 13.5429 13.6053 13.7155 13.6797 13.7841 13.6730 13.6138 13.5475 13.3448 13.2469 12.8811 12.6028 12.2881 12.0803 11.7919
11.8498 11.9525 12.0756 12.2233 12.3577 12.5567 12.7705 13.1710 13.1825 13.5204 13.9766 13.6775 13.6746 13.8470 13.9212 14.2422 13.8378 13.5917 13.2870 12.9846 12.7738 12.4665 12.3584 12.4413 12.6861 12.6849 13.0769 13.0457 13.2563 13.3775 13.5555 13.6776 13.7830 13.8424 13.8619 13.9135 13.9243 13.9947 14.0693 14.0017 13.9703 13.9446 13.6348 13.5589 13.1738 12.8946 12.5641 12.2765 11.9857 11.7523
12.1208 12.1890 12.2952 12.4228 12.5809 12.7064 12.8572 13.0532 13.4519 13.5245 13.6662 14.0684 13.9023 13.9656 14.2762 14.1142 13.8429 13.4889 13.2156 12.9330 12.7118 12.4770 12.6332 12.7349 12.7344 13.1063 12.8660 13.1474 13.4664 13.6600 13.8279 13.9316 14.0633 14.1709 14.2255 14.2340 14.3058 14.2963 14.3862 14.1865 14.3744 13.9589 13.7581 13.3756 13.1749 12.8774 12.5651 12.2499 11.9636 11.6993
12.4040 12.4691 12.5304 12.6474 12.7777 12.9502 13.0659 13.2239 13.3667 13.7441 13.8443 13.9456 14.2245 14.2795 14.3363 14.0477 13.7592 13.4695 13.1481 12.9233 12.7065 12.8207 12.6792 12.9133 13.1315 12.7623 12.9297 13.2744 13.5715 13.8703 14.0487 14.2264 14.3131 14.4614 14.5690 14.6183 14.6106 14.7116 14.4665 14.6221 14.2210 13.9763 13.6761 13.3914 13.2264 12.8723 12.5633 12.2770 12.0233 11.7082
12.6250 12.7749 12.8179 12.8789 13.0104 13.1393 13.3331 13.4297 13.6077 13.7202 14.0323 14.2503 14.2156 14.4841 14.1653 14.0074 13.6896 13.4006 13.1206 12.9310 12.9427 12.8088 13.0264 13.0227 12.7725 12.7652 13.0916 13.3662 13.6695 13.9689 14.2898 14.4414 14.6403 14.6972 14.8749 14.9764 15.0216 14.7297 14.8653 14.4530 14.2353 14.0423 13.6544 13.6143 13.2054 12.8943 12.5957 12.3569 12.0152 11.7577
12.7460 13.0153 13.1494 13.1710 13.2347 13.3855 13.5059 13.7329 13.7936 14.0106 14.0801 14.2993 14.5914 14.1937 14.0338 13.7970 13.6112 13.3062 13.1165 13.1141 13.0186 13.1813 13.0243 12.7252 12.7246 12.9211 13.1865 13.4978 13.7508 14.0744 14.3742 14.7283 14.8332 15.0751 15.0782 15.3134 14.8478 14.9385 14.4924 14.4137 14.2243 13.9342 13.7676 13.3746 13.2391 12.9007 12.5977 12.2956 12.0800 11.7928
12.9767 13.1015 13.4213 13.5300 13.5278 13.5983 13.7750 13.8742 14.1553 14.1504 14.4447 14.4530 14.2035 14.1312 13.8361 13.6487 13.4051 13.2948 13.2255 13.2473 13.2684 12.9714 12.8164 12.6830 12.8764 13.1036 13.2910 13.5722 13.9056 14.1394 14.4951 14.7845 15.1916 15.2160 15.5408 15.0598 15.0399 14.6615 14.5227 14.1728 14.0300 14.0212 13.6230 13.3864 13.0627 12.9264 12.5831 12.2902 12.1002 11.8840
13.2136 13.3539 13.4514 13.8544 13.9124 13.8882 13.9701 14.1821 14.2381 14.6105 14.4231 14.1844 14.0340 13.8268 13.7153 13.5775 13.5053 13.3384 13.3906 13.2991 12.9465 12.8536 12.6334 12.8043 13.0639 13.2442 13.4930 13.6613 13.9701 14.3298 14.5278 14.9368 15.1939 15.6945 15.1395 15.1215 14.7250 14.6149 14.3703 14.1373 13.8330 13.6743 13.5916 13.2856 13.0299 12.7478 12.5609 12.2630 11.9833 11.7751
13.2615 13.6386 13.7289 13.7962 14.0438 14.2681 14.2589 14.3489 14.6122 14.4406 14.3195 14.1695 13.9698 13.7121 13.7704 13.7334 13.5259 13.5748 13.4846 13.0980 12.8978 12.6303 12.5684 12.9273 13.1812 13.4585 13.6142 13.9003 14.0310 14.3832 14.7730 14.9137 15.4122 15.1137 15.1402 14.9157 14.7736 14.3939 14.2733 14.2054 13.8022 13.4997 13.3225 13.1973 12.9412 12.6878 12.4280 12.2175 11.9460 11.6782
13.2762 13.6687 14.0801 14.1030 14.1487 14.3811 14.5661 14.6644 14.5695 14.4535 14.3634 14.1131 14.0376 14.0013 13.8857 13.6756 13.7899 13.7375 13.3461 13.1380 12.7856 12.5501 12.5886 12.9504 13.3310 13.5611 13.8707 13.9814 14.3328 14.3924 14.8209 15.2634 14.9284 15.0282 14.7637 14.7011 14.6378 14.4833 14.0804 13.9062 13.7808 13.4555 13.1684 12.9776 12.8270 12.5986 12.3551 12.1094 11.8891 11.6310
13.2798 13.6845 14.0780 14.5493 14.3812 14.5430 14.7638 14.7620 14.5469 14.7247 14.3083 14.3369 14.2429 13.9919 13.9507 13.9322 14.0073 13.5854 13.3556 13.0614 12.7836 12.5729 12.6200 12.9684 13.3417 13.7520 13.9390 14.3077 14.3361 14.8079 14.7521 14.7765 15.0061 14.7527 14.7150 14.4190 14.3149 14.3327 14.1600 13.7658 13.5516 13.3884 13.1082 12.8391 12.6404 12.4742 12.2621 12.0299 11.7949 11.5684
13.2886 13.6856 14.0996 14.3485 14.8120 14.6793 14.8844 14.6872 14.8473 14.5273 14.4946 14.5093 14.1910 14.1987 14.0823 14.0091 13.6381 13.5449 13.4220 13.0404 12.8775 12.8988 12.7722 12.9750 13.3637 13.7402 14.1951 14.3065 14.7867 14.4973 14.7284 14.5204 14.5432 14.8079 14.4567 14.4269 14.0949 13.9896 14.0096 13.7926 13.4424 13.2068 13.0191 12.7654 12.5129 12.3107 12.1354 11.9331 11.7116 11.4819
13.2693 13.7018 13.9692 14.3696 14.6703 15.1529 14.8848 15.1058 14.8021 14.7046 14.7875 14.5026 14.4239 14.2866 14.1820 13.8416 13.6222 13.5616 13.2467 13.1887 13.2182 13.1105 13.0093 13.0320 13.3573 13.7729 14.1427 14.6820 14.3019 14.4247 14.2832 14.4431 14.3056 14.3400 14.4796 14.2406 14.1990 13.8056 13.7771 13.7394 13.4921 13.1553 12.8787 12.6690 12.4300 12.1911 11.9884 11.8080 11.6123 11.3966
13.2640 13.6749 14.1380 14.2839 14.7299 15.0001 15.3233 14.9881 14.9838 15.0054 14.8504 14.6669 14.6170 14.3636 14.1971 13.9436 13.7887 13.5137 13.4406 13.3772 13.0444 13.0403 13.4473 13.0917 13.2672 13.6290 14.1800 14.1117 14.3338 14.1372 14.1399 13.9949 14.0116 14.0418 14.0323 14.2454 14.0793 13.8976 13.6588 13.6626 13.5045 13.1580 12.9003 12.5703 12.3365 12.1036 11.8749 11.6734 11.4906 11.2962
13.1585 13.6944 13.9263 14.3557 14.6716 15.0815 15.1080 15.0786 14.9746 14.7236 14.6719 15.0072 14.5332 14.4323 14.1131 13.9563 13.7544 13.6040 13.4037 13.1232 12.9859 12.9919 13.0394 13.4915 13.2090 13.4662 13.6680 13.8483 13.8740 13.9319 13.9525 13.8754 13.7166 13.6488 13.7610 13.8020 14.0008 14.0450 13.6513 13.4422 13.3598 13.2617 12.8789 12.6309 12.2906 12.0227 11.7877 11.5654 11.3657 11.1785
13.1333 13.5535 13.9342 14.2661 14.6343 14.8263 14.8730 14.7562 14.7804 14.6893 14.5218 14.5340 14.7299 14.2872 14.1422 13.8288 13.7507 13.4436 13.2892 13.0439 12.7922 12.7082 13.0201 13.0411 13.2185 13.3029 13.4113 13.4666 13.5157 13.5577 13.6781 13.6993 13.5682 13.5696 13.4581 13.5382 13.6545 13.8113 13.8304 13.4175 13.1354 13.0049 12.9873 12.6045 12.3445 12.0132 11.7227 11.4823 11.2632 11.0617
13.0527 13.5288 13.8606 14.1900 14.4043 14.6054 14.6324 14.5060 14.4142 14.5325 14.4451 14.2690 14.2617 14.4259 13.9905 13.8021 13.5717 13.6829 13.2707 13.0370 12.7170 12.6017 12.6726 12.8025 12.8992 13.0188 13.1729 13.1129 13.1669 13.2627 13.3213 13.4914 13.5543 13.2608 13.1943 13.2342 13.3503 13.4197 13.4303 13.5009 13.1055 12.8193 12.6744 12.6884 12.3277 12.0288 11.7523 11.4587 11.2764 10.9883
12.9922 13.4593 13.7671 14.0018 14.2600 14.3224 14.5662 14.5202 14.2240 14.1418 14.3675 14.2246 13.9857 13.9702 14.1007 13.6855 13.4655 13.2733 13.4155 13.0022 12.6969 12.4090 12.4195 12.5147 12.6094 12.7836 12.9495 12.9631 12.8590 12.9421 13.0745 13.1379 13.1346 13.3438 12.9757 12.9493 13.0179 13.1012 13.0965 13.1274 13.1370 12.7858 12.5075 12.3582 12.3425 12.0747 11.7419 11.5995 11.2873 10.9979
12.9207 13.3594 13.6079 13.8536 13.9328 14.1148 14.1985 14.5080 14.3324 14.0341 13.9319 14.1321 13.9892 13.8245 13.6742 13.8579 13.4347 13.1317 12.9917 12.9757 12.6660 12.3679 12.1476 12.2458 12.3947 12.5092 12.5781 12.6201 12.7551 12.6660 12.7372 12.7703 12.9141 12.9234 13.1080 12.7576 12.7038 12.7356 12.8577 12.7805 12.9685 12.7675 12.4631 12.1993 12.0439 11.9807 11.9442 11.5855 11.2988 10.9976
12.8221 13.2283 13.5501 13.5864 13.6927 13.8167 14.0756 14.1955 14.4145 14.0729 13.8259 13.8644 13.8632 13.8057 13.7235 13.4377 13.4090 13.0904 12.8082 12.6547 12.5777 12.3245 12.0504 12.0218 12.1282 12.2048 12.2946 12.3618 12.4233 12.4451 12.4483 12.5037 12.5591 12.6873 12.6915 12.8310 12.6147 12.4621 12.4604 12.6722 12.5634 12.5694 12.4045 12.1403 11.8938 11.7327 11.6533 11.5731 11.2881 11.0029
12.7053 13.1348 13.3115 13.3021 13.4335 13.6665 13.9031 13.9810 14.0173 14.2011 13.9168 13.6605 13.7095 13.6146 13.7192 13.6218 13.2345 13.0322 12.7484 12.4857 12.3208 12.2074 11.9864 11.7639 11.8405 11.9221 11.9951 12.0882 12.0871 12.1986 12.1284 12.1789 12.2817 12.3280 12.4241 12.4236 12.5860 12.4307 12.2677 12.2653 12.2890 12.2229 12.1948 12.0511 11.8196 11.5908 11.4279 11.3325 11.2283 10.9839
12.5964 12.9503 12.9393 13.0593 13.2747 13.5255 13.6156 13.6748 13.8134 13.7756 14.0291 13.8237 13.6141 13.3926 13.3868 13.4316 13.3984 13.0037 12.6975 12.4170 12.1666 11.9927 11.8570 11.6582 11.5651 11.6356 11.7123 11.7449 11.8724 11.8175 11.9560 11.9078 11.9683 12.0599 12.0720 12.1846 12.1939 12.3380 12.2272 12.0211 11.9546 11.9337 11.8826 11.8375 11.7078 11.5028 11.2909 11.1285 11.0201 10.8985
12.3888 12.5426 12.7023 12.8912 13.1210 13.3061 13.4703 13.4595 13.4856 13.6174 13.5990 14.0153 13.7114 13.4389 13.3044 13.2108 13.1649 13.0378 12.7047 12.4215 12.2149 11.9831 11.8479 11.6297 11.4427 11.3571 11.4017 11.4916 11.4977 11.6607 11.5824 11.6951 11.6883 11.7216 11.8012 11.8460 11.9512 11.9819 12.1204 11.9685 11.8098 11.6571 11.5996 11.5488 11.4941 11.3745 11.1908 10.9947 10.8345 10.7129
12.0511 12.3312 12.5189 12.7370 12.9551 13.3042 13.1251 13.1263 13.3560 13.3398 13.5432 13.5630 13.7350 13.7030 13.3058 13.1259 13.0309 12.9605 12.7424 12.5560 12.2881 12.1928 11.9436 11.7676 11.5066 11.2938 11.1390 11.1713 11.2834 11.2946 11.5262 11.3456 11.3948 11.4376 11.5016 11.5994 11.6358 11.7350 11.7382 11.9743 11.6832 11.6298 11.3863 11.2856 11.2249 11.1629 11.0508 10.8845 10.7026 10.5423
11.8371 12.1542 12.3695 12.6115 12.9759 12.9136 12.8995 12.9631 13.1856 13.4311 13.1806 13.3118 13.3497 13.4002 13.5053 13.1567 13.1217 12.9286 12.8727 12.5925 12.5575 12.2518 12.1106 11.8178 11.6060 11.3767 11.2194 11.0953 10.9844 11.1421 11.1430 11.1595 11.1068 11.2178 11.2374 11.2945 11.3743 11.4303 11.5866 11.6454 11.6039 11.4435 11.4004 11.1188 10.9866 10.9120 10.8431 10.7364 10.5843 10.4117
11.6674 12.0142 12.2737 12.6219 12.6858 12.6117 12.6055 12.8104 13.0741 13.1368 13.3855 12.9959 13.0068 13.1081 13.2600 13.5343 13.1252 12.9469 12.6984 12.9613 12.5702 12.4689 12.1427 11.9455 11.7073 11.5200 11.4151 11.2007 11.0903 10.9414 10.8451 10.8235 10.8705 10.9044 10.9695 11.1353 11.1010 11.2244 11.2809 11.2830 11.3391 11.3580 11.2333 11.0744 10.8410 10.6967 10.6096 10.5341 10.4310 10.2871
11.5683 11.9377 12.2917 12.4720 12.3082 12.3078 12.4403 12.6698 12.8101 12.9831 12.9721 13.2360 12.8764 12.8646 13.0705 13.1016 13.3297 12.9335 12.7785 12.5821 12.8519 12.4638 12.3063 12.0443 11.8336 11.7537 11.4879 11.4059 11.2333 11.1512 11.0164 10.9193 10.7846 10.6577 10.7780 10.7885 10.8783 10.9404 10.9908 11.0849 11.0417 11.0932 11.2927 10.9808 10.8893 10.6110 10.4238 10.3188 10.2355 10.1313
11.4773 11.9505 12.1463 12.0645 12.0821 12.0843 12.2837 12.4367 12.6055 12.6678 12.7763 12.8168 13.0396 12.6627 12.7233 12.8913 12.9674 13.1607 12.7671 12.6187 12.4650 12.6760 12.2891 12.1452 12.1261 11.7905 11.7405 11.5237 11.4708 11.3126 11.2292 11.0815 10.9567 10.7774 10.6313 10.5809 10.6159 10.6706 10.7454 10.7805 10.8269 10.9257 10.9394 11.2235 10.8793 10.7192 10.4360 10.2341 10.0543 9.9472 
11.4428 11.7605 11.8352 11.7921 11.7496 11.9124 12.0678 12.2206 12.3478 12.4204 12.4540 12.5896 12.6263 12.8464 12.4945 12.5798 12.7214 12.7848 12.9957 12.6182 12.4504 12.2920 12.5135 12.1242 11.8682 12.0957 11.8308 11.8095 11.6076 11.5524 11.3813 11.2710 11.0711 10.9189 10.8188 10.8536 10.8850 10.7784 10.6103 10.5393 10.7510 10.6462 10.8439 10.8569 11.0362 10.7024 10.5220 10.2566 10.0981 9.8342 
11.2675 11.5127 11.4874 11.4838 11.5553 11.7066 11.8531 11.9859 12.1431 12.1518 12.2016 12.2659 12.4012 12.4348 12.6541 12.3262 12.4183 12.5738 12.7500 12.8140 12.4769 12.3285 12.1150 12.1090 11.8136 11.8023 12.1796 11.9069 11.8947 11.6797 11.6000 11.3687 11.2144 11.1017 11.1116 11.1257 11.0876 10.9121 10.6922 10.5317 10.4158 10.4988 10.5518 10.6849 10.7358 10.8281 10.5120 10.3933 10.1047 9.8446 
11.0274 11.2134 11.2121 11.2181 11.3546 11.4971 11.6357 11.8084 11.8880 11.8859 11.9073 12.0170 12.0802 12.2171 12.2472 12.4969 12.2009 12.3565 12.4591 12.7748 12.6900 12.3689 12.0836 12.0431 11.7920 11.7840 11.9012 12.2947 11.9685 11.9501 11.6647 11.5339 11.3077 11.4132 11.4157 11.4314 11.2242 10.9764 10.8292 10.6331 10.4683 10.2502 10.3559 10.4205 10.5151 10.6618 10.7095 10.3735 10.1183 9.8428 
10.7732 11.0832 10.9248 11.0133 11.1508 11.2891 11.4403 11.5341 11.6214 11.7103 11.6476 11.7259 11.8382 11.9046 12.0736 12.0974 12.3999 12.1121 12.3248 12.3841 12.7035 12.3791 12.3034 12.0891 11.9952 11.7091 11.8810 11.9585 12.3466 11.9505 11.8738 11.5899 11.5450 11.5633 11.7734 11.5464 11.2475 11.1440 10.9199 10.7720 10.5216 10.3237 10.1166 10.2068 10.3247 10.3732 10.3618 10.3539 10.1026 9.8483 
10.5889 10.6982 10.7264 10.8135 10.9485 11.0858 11.1840 11.2742 11.3843 11.4377 11.4425 11.4779 11.5586 11.6950 11.7677 11.9759 11.9659 12.1178 12.0431 12.2515 12.3059 12.6701 12.3896 12.3589 12.0311 11.7229 11.6438 11.9203 11.9530 12.2490 11.8454 11.8953 11.6135 11.8419 11.8797 11.5133 11.4870 11.1506 11.1005 10.8007 10.6270 10.3209 10.1398 10.0052 10.0500 10.0492 10.0651 10.0601 10.0261 9.8225 
10.2555 10.4044 10.4902 10.6152 10.7430 10.8439 10.9423 11.0853 11.1349 11.1327 11.3230 11.2171 11.3371 11.4288 11.5866 11.6244 11.7365 11.7900 11.8569 11.9760 12.2290 12.3450 12.7525 12.3545 12.0436 11.7231 11.5397 11.6273 11.8345 11.8469 12.0741 11.6895 11.6934 11.8941 11.5925 11.6057 11.2751 11.4545 11.0975 10.8697 10.5633 10.4410 10.1374 9.9345  9.7628  9.7572  9.7574  9.7674  9.7625  9.7138 
9.9766  10.1725 10.2904 10.4106 10.5125 10.6127 10.7315 10.7837 10.8201 10.9528 10.9636 11.1840 11.0905 11.2196 11.2807 11.3730 11.4367 11.5146 11.6630 11.8261 12.0093 12.2845 12.3135 12.3735 12.0403 11.7299 11.4331 11.4572 11.5146 11.6710 11.6685 11.6865 11.4845 11.4893 11.5012 11.3092 11.2381 11.0949 11.1871 10.8417 10.6185 10.3748 10.2095 10.0214 9.7445  9.5300  9.4826  9.4743  9.4788  9.4684 
9.7516  9.9725  10.0878 10.1893 10.2882 10.3925 10.4549 10.5251 10.7115 10.6539 10.8066 10.8132 10.8686 10.9403 11.0229 11.0925 11.1775 11.3163 11.4770 11.6571 11.8588 11.9559 12.0802 12.0707 12.0041 11.7209 11.4239 11.1821 11.2953 11.3129 11.3254 11.3281 11.3184 11.1836 11.1598 11.1415 11.0031 10.9115 10.8288 10.9205 10.6414 10.3659 10.3189 10.0141 9.7524  9.4915  9.2925  9.2201  9.2006  9.1959 
9.5549  9.7726  9.8739  9.9706  10.0668 10.1409 10.2490 10.5534 10.3744 10.4479 10.4804 10.5369 10.6061 10.6840 10.7571 10.8467 10.9791 11.1359 11.3094 11.4874 11.5924 11.6728 11.7433 11.9474 12.0195 11.6992 11.4124 11.1296 10.9686 10.9771 10.9806 10.9899 10.9926 10.9719 10.8761 10.8382 10.8029 10.6941 10.6017 10.5619 10.6175 10.5648 10.2338 10.0244 9.7505  9.4917  9.2439  9.0547  8.9666  8.9329 
9.3602  9.5646  9.6592  9.7512  9.8347  9.9562  10.1800 10.1931 10.2101 10.2232 10.2151 10.2797 10.3537 10.4291 10.5212 10.6489 10.8010 10.9667 11.1288 11.2396 11.3398 11.5277 11.5656 11.6370 11.6224 11.6235 11.3808 11.1095 10.8483 10.6881 10.6604 10.6579 10.6638 10.6645 10.6405 10.5681 10.5241 10.4795 10.3883 10.3038 10.2671 10.2890 10.2224 9.9670  9.7451  9.4893  9.2377  9.0012  8.8187  8.7175 
9.1396  9.2452  9.3341  9.4228  9.5464  9.7287  9.8223  9.8631  9.8821  10.0136 9.9342  9.9356  10.0012 10.0822 10.2046 10.3497 10.5058 10.6550 10.7680 10.8760 11.0326 11.1334 11.1807 11.2440 11.2801 11.2781 11.2516 11.0562 10.8074 10.5652 10.4056 10.3536 10.3417 10.3431 10.3413 10.3171 10.2594 10.2134 10.1643 10.0845 10.0080 9.9702  9.9694  9.8972  9.6891  9.4710  9.2288  8.9861  8.7597  8.5805 
