#Value_Function_Estimate.
53.84   54.37   54.81   55.43   56.04   57.12   57.53   58.24   58.27   58.35   58.27   58.32   57.96   57.67   56.02   57.42   59.52   60.37   60.58   60.57   60.60   60.58   60.60   60.62   61.28   62.56   65.70   68.62   70.54   70.83   70.94   70.85   70.94   70.78   70.21   67.61   64.69   65.19   65.16   65.19   63.26   60.94   58.88   56.73   54.69   52.65   50.68   48.74   46.87   45.05  
55.29   55.63   56.22   56.62   57.28   57.84   59.10   59.40   60.49   60.40   60.56   60.10   60.06   58.06   56.94   58.08   60.42   62.97   63.85   64.06   64.02   64.07   64.02   64.07   63.97   64.71   66.61   70.49   73.41   75.05   75.02   75.21   75.00   74.64   71.64   68.62   64.87   65.62   67.79   65.56   63.11   61.05   58.82   56.77   54.67   52.66   50.67   48.75   46.93   45.40  
56.87   57.29   57.60   58.20   58.45   59.18   59.63   61.26   61.32   62.97   62.22   62.68   60.19   59.06   59.09   60.40   61.02   63.87   67.00   67.78   67.94   67.87   67.94   67.85   67.59   66.22   69.06   71.09   75.48   78.25   79.63   79.28   79.32   75.77   72.79   68.73   64.98   65.31   66.49   65.31   63.27   60.94   58.88   56.73   54.69   52.65   50.69   48.84   47.40   46.51  
58.24   59.37   59.60   59.82   60.25   60.28   61.13   61.41   63.70   63.26   65.62   61.91   61.37   60.33   63.25   57.77   64.58   64.11   67.80   71.05   71.49   71.62   71.51   71.42   69.86   69.45   70.12   74.06   75.56   80.31   82.89   84.39   80.06   77.27   72.75   68.88   64.91   64.24   66.66   64.24   62.95   61.03   58.82   56.77   54.67   52.67   50.76   49.41   48.75   48.25  
59.61   61.09   62.12   62.13   62.23   62.31   62.21   63.28   63.33   64.09   64.41   63.75   61.71   60.05   62.22   47.00   58.03   63.94   68.06   71.52   74.86   74.88   75.12   73.67   73.50   73.64   73.66   74.53   79.35   79.56   85.29   85.52   82.01   77.00   72.97   68.76   64.98   63.97   64.48   63.97   62.03   60.67   58.84   56.72   54.69   52.71   51.44   51.10   50.91   50.83  
61.05   62.68   64.00   64.60   64.40   64.41   64.36   65.62   66.36   66.42   66.37   66.18   60.56   65.48   61.15   45.59   56.34   64.32   67.96   71.75   74.89   79.31   78.29   75.50   77.36   77.28   77.41   78.42   80.96   82.55   84.94   87.80   81.09   77.37   72.76   68.88   64.90   62.04   62.88   62.04   61.45   59.83   58.46   56.69   54.66   53.74   53.76   53.72   53.75   53.64  
62.62   64.26   65.67   66.91   67.25   65.45   67.61   68.69   68.81   68.72   68.80   68.45   66.14   66.55   55.47   56.79   56.22   64.72   68.47   71.56   75.21   78.63   79.94   79.64   78.69   81.65   80.04   81.93   79.98   80.01   82.46   82.58   81.57   76.72   72.95   68.75   64.97   61.47   63.68   60.95   59.66   59.03   57.65   56.30   55.58   56.39   56.50   56.55   56.48   56.15  
64.11   65.92   67.26   68.68   69.78   70.35   70.68   71.41   71.30   71.48   71.16   69.96   69.51   65.91   62.83   61.73   60.29   62.79   69.09   72.15   74.32   75.70   80.36   79.80   82.62   81.36   87.49   83.23   77.62   79.03   80.20   78.36   76.57   76.56   72.50   68.83   64.89   60.94   63.97   58.97   60.01   59.01   58.03   57.82   57.88   57.44   59.14   59.07   59.06   56.49  
65.50   67.45   68.98   70.18   71.91   72.84   73.19   73.33   74.51   74.22   73.26   71.55   69.47   68.79   68.65   69.30   68.11   65.97   70.84   74.36   75.35   77.42   79.40   84.08   81.02   86.34   83.85   78.31   75.94   76.12   75.93   73.11   70.65   72.16   71.76   68.42   64.90   61.27   60.20   58.82   61.54   60.23   59.99   60.54   58.59   59.78   59.57   61.84   59.07   56.57  
67.10   69.04   70.76   71.97   72.99   75.22   75.99   76.09   76.11   77.46   74.91   73.13   74.18   70.61   73.48   74.38   74.88   75.11   76.44   77.61   77.75   79.04   82.20   83.38   87.49   84.44   80.29   77.34   75.66   73.32   70.08   67.29   66.20   67.69   67.89   67.33   64.24   58.83   59.71   58.99   58.87   60.06   63.12   59.91   63.09   58.76   62.47   59.81   59.16   56.50  
69.34   71.24   72.74   73.79   75.11   76.05   78.48   78.94   79.17   78.94   80.46   80.50   75.24   74.98   77.17   77.96   78.47   79.03   79.12   80.19   81.15   81.47   83.22   87.06   86.46   82.97   79.98   75.77   73.47   74.03   71.80   64.58   62.40   63.82   63.81   63.79   59.76   55.17   54.47   55.66   58.68   61.20   58.29   60.47   59.96   62.12   59.13   59.66   57.59   56.41  
71.37   74.12   75.44   75.99   76.68   78.48   78.83   81.74   81.97   84.29   81.90   76.89   76.79   77.92   79.62   81.63   82.12   82.58   83.34   83.09   83.75   85.04   85.92   87.79   81.52   81.45   78.47   74.96   72.28   72.90   72.07   62.59   61.58   58.18   60.02   59.16   54.22   50.92   51.85   55.43   59.90   58.62   59.39   59.67   60.11   59.46   59.27   57.22   57.03   55.14  
73.90   76.41   78.72   79.12   79.39   79.69   81.72   81.37   85.38   83.13   80.39   76.56   77.72   80.64   82.44   83.88   86.04   86.24   86.75   87.32   85.77   87.87   89.96   85.09   82.69   78.37   76.27   71.92   71.53   72.56   68.71   70.57   51.94   51.30   51.38   46.49   45.67   51.10   51.14   57.34   57.64   57.68   58.12   61.25   58.66   57.75   57.18   56.73   54.96   54.32  
74.74   79.52   80.97   82.55   82.46   82.72   82.69   85.09   83.88   81.58   78.15   77.28   80.21   82.37   85.35   86.81   87.96   90.51   90.33   90.69   91.32   90.61   87.04   85.35   81.46   78.19   72.97   70.37   69.37   69.17   68.69   63.68   58.86   32.44   14.41   20.11   43.22   48.93   54.02   58.55   55.45   55.91   58.42   58.47   58.49   56.43   55.46   54.90   54.22   52.51  
75.97   80.09   84.62   84.87   86.30   85.84   85.74   85.94   84.46   80.99   78.65   79.89   82.25   84.94   86.80   89.99   91.06   91.95   95.19   93.72   96.87   91.45   88.43   83.80   80.96   76.09   73.91   71.18   71.30   71.61   71.29   66.07   54.87   18.36   -20.24  -10.25  37.89   55.58   62.71   57.05   57.76   56.47   56.09   56.12   56.10   55.89   54.20   53.22   52.52   51.56  
76.84   81.47   84.73   88.89   87.65   90.12   89.08   88.53   86.31   81.57   79.87   81.79   84.64   86.91   89.69   91.00   94.60   95.26   95.86   100.74  95.28   92.71   87.94   82.81   78.10   76.69   73.99   73.07   74.38   74.92   74.33   69.97   60.01   23.34   -20.23  -7.12   48.58   64.86   63.68   62.27   60.31   58.08   57.94   56.77   55.06   53.89   53.42   51.98   50.92   49.94  
79.65   82.06   86.34   87.69   93.39   90.77   87.37   87.90   85.37   82.87   80.85   84.61   86.36   89.47   91.46   94.37   94.93   99.36   99.54   95.26   95.81   91.29   86.68   81.55   78.29   77.47   76.14   76.85   77.64   81.08   78.52   75.78   68.67   54.62   30.32   33.31   67.27   67.84   67.65   67.31   64.53   61.59   60.54   58.53   57.12   55.40   54.40   52.51   50.42   48.43  
80.63   85.55   86.43   91.59   91.69   89.79   87.34   85.34   83.46   82.25   81.54   85.53   89.64   90.89   94.36   95.80   99.07   98.95   94.89   94.67   91.47   90.91   84.76   82.11   81.87   80.30   81.91   81.79   84.10   83.11   84.26   80.58   75.66   59.02   43.46   60.08   72.63   72.26   72.60   71.10   68.82   65.40   62.31   60.80   58.57   57.68   55.87   54.04   52.04   49.45  
80.13   86.37   90.93   90.11   88.29   88.00   84.57   83.43   82.24   80.59   81.75   86.29   90.25   94.84   95.20   99.23   99.92   95.01   94.23   91.02   90.08   85.85   85.40   87.29   86.36   87.61   87.36   89.67   88.71   89.23   88.96   90.24   80.94   68.15   66.82   72.20   76.48   77.48   76.01   73.54   70.11   68.36   65.98   61.98   61.15   59.11   57.44   55.81   53.65   50.84  
80.42   83.35   85.33   86.27   85.97   84.14   83.65   81.27   80.15   78.93   82.68   86.35   91.16   94.93   100.23  98.97   95.06   94.88   90.94   89.59   86.68   85.53   88.82   92.11   94.47   93.18   94.96   92.91   93.42   95.43   96.28   91.47   85.44   78.78   77.90   77.65   81.93   80.80   78.57   74.46   72.63   71.13   68.18   64.93   62.42   60.70   59.28   57.46   55.07   52.18  
77.82   78.62   81.36   81.27   81.45   81.12   80.18   79.26   77.60   78.46   82.67   87.56   90.92   96.14   96.60   95.46   94.06   90.89   89.86   85.58   85.92   89.68   93.94   96.87   98.11   99.23   98.99   99.07   99.65   102.99  100.14  98.23   85.36   88.72   89.40   88.18   85.08   83.71   79.00   77.19   75.66   72.32   68.71   65.96   64.08   62.64   60.96   58.89   56.41   53.58  
73.91   76.13   76.49   76.73   76.64   76.75   76.61   76.39   75.23   78.32   83.34   87.30   92.58   94.14   92.66   91.81   90.65   88.86   84.71   88.03   90.77   93.39   96.54   98.52   101.88  103.75  104.99  105.07  106.69  107.84  109.15  99.90   91.86   96.38   96.41   94.48   89.97   83.59   81.97   80.59   76.71   72.67   69.76   67.73   66.14   64.34   62.38   60.23   57.85   55.01  
71.61   72.30   73.08   73.18   73.27   73.20   73.27   73.18   74.28   78.66   83.06   88.25   90.95   89.72   89.20   87.92   86.69   83.99   86.11   89.69   93.31   95.70   97.95   102.45  104.13  108.40  110.71  110.03  113.29  117.79  109.06  104.16  101.48  101.13  101.44  98.12   92.18   87.04   85.82   81.42   76.84   73.77   71.64   69.93   67.87   65.76   63.71   61.70   59.31   56.32  
68.80   69.88   70.23   70.32   70.29   70.32   70.29   70.60   74.20   79.09   83.45   87.78   87.24   86.11   85.03   84.11   83.06   85.21   88.78   91.29   94.85   97.77   102.33  104.45  107.70  111.43  114.63  117.99  117.95  118.84  111.71  112.39  105.82  106.37  104.23  100.64  97.66   91.48   86.36   81.30   77.98   75.74   74.00   71.67   69.28   67.08   65.22   63.20   60.64   57.54  
67.07   67.60   67.72   67.72   67.74   67.73   67.85   70.65   75.32   78.78   84.03   84.43   82.96   82.37   81.09   81.08   84.43   86.80   90.12   93.96   97.29   100.44  103.86  107.48  111.02  114.18  118.30  121.49  123.17  128.12  122.69  115.99  111.38  109.68  106.21  103.54  99.35   91.65   85.95   82.50   80.05   78.29   75.72   73.06   70.57   68.62   66.77   64.54   61.86   58.70  
65.12   65.30   65.33   65.33   65.33   65.43   67.90   71.92   75.29   80.29   82.25   79.86   79.46   78.33   79.16   83.01   85.96   89.00   91.27   95.17   98.56   102.07  107.59  112.34  113.84  116.96  121.19  127.29  125.81  133.59  126.57  120.39  114.61  112.26  109.67  105.37  99.47   90.97   87.25   84.64   82.84   79.98   77.11   74.31   72.16   70.22   68.11   65.77   63.02   59.90  
62.81   62.85   62.86   62.86   62.93   64.76   68.61   72.72   76.82   79.86   77.45   77.17   76.56   77.81   82.22   84.87   87.31   90.14   93.81   96.12   100.57  105.87  110.47  114.39  117.89  120.41  124.72  127.00  134.53  135.23  130.24  123.84  118.58  116.56  111.55  106.32  99.06   92.71   89.40   87.74   84.43   81.37   78.30   75.97   73.83   71.56   69.35   66.93   64.22   61.28  
60.21   60.23   60.31   61.15   62.80   64.92   69.41   73.40   77.56   76.24   74.91   75.93   76.67   81.21   83.55   86.66   88.90   91.51   94.73   99.18   102.80  107.90  114.45  116.75  122.24  123.17  126.36  133.76  134.88  138.80  134.58  126.89  123.66  118.15  112.97  106.86  100.40  94.58   92.93   89.15   85.85   82.47   80.03   77.71   75.15   72.82   70.52   68.12   65.66   62.54  
57.43   57.82   60.00   61.78   64.48   66.81   69.16   74.33   74.51   72.81   74.95   76.90   80.37   82.25   85.73   87.43   90.89   93.09   96.23   101.06  104.80  110.85  114.29  122.24  121.15  124.29  130.89  133.12  135.63  141.34  137.03  131.02  124.29  119.59  114.89  108.03  102.07  98.72   94.05   90.66   86.82   84.30   81.87   78.99   76.43   73.99   71.68   69.65   66.92   63.85  
56.60   59.49   60.81   62.94   64.72   68.26   71.38   72.79   72.63   74.64   76.19   79.09   81.58   84.84   86.01   90.13   91.22   95.55   99.05   101.00  106.26  110.74  117.88  119.23  121.84  127.51  129.31  135.08  139.73  141.71  135.13  133.29  127.14  121.82  114.46  110.64  105.52  99.16   95.74   91.42   88.78   86.25   83.08   80.31   77.61   75.10   73.32   70.87   68.27   65.06  
57.86   60.16   62.78   63.58   66.10   68.01   72.54   71.05   72.95   76.35   78.74   80.17   83.08   85.42   89.27   89.62   94.76   96.20   97.79   102.69  106.31  111.82  114.76  119.82  124.51  125.90  132.73  135.76  142.49  140.12  133.65  131.39  128.05  120.80  116.88  111.33  106.84  101.76  96.18   93.56   90.88   87.36   84.45   81.50   78.62   76.91   74.47   72.28   69.41   66.72  
58.10   61.68   63.18   65.97   66.25   69.80   68.71   71.33   74.18   76.96   80.05   82.25   83.81   87.19   89.29   94.07   94.69   96.02   100.15  102.99  108.27  111.35  117.71  120.39  123.42  131.22  133.68  140.70  136.96  137.27  132.49  128.26  127.16  120.97  115.20  112.61  108.08  102.61  99.35   95.87   91.81   88.80   85.69   82.36   80.69   77.93   76.00   73.30   71.27   67.66  
58.19   61.80   65.08   65.90   69.46   66.96   70.16   72.84   75.06   77.98   80.64   83.99   86.19   87.55   91.57   93.07   94.31   98.15   100.80  105.52  108.00  114.01  117.35  118.57  126.54  131.25  138.72  133.50  134.98  134.72  129.78  125.67  124.16  121.98  114.33  109.71  108.43  105.70  99.74   96.29   93.48   90.12   86.27   84.82   81.46   79.67   76.79   75.48   71.97   69.43  
58.12   61.88   64.97   68.38   66.32   68.05   71.06   74.10   76.73   78.72   81.82   84.31   88.15   90.34   92.89   92.27   95.92   98.40   103.08  105.62  111.32  113.85  115.01  122.00  126.24  134.37  131.19  130.20  130.92  132.96  127.03  122.87  121.45  119.66  114.69  107.24  103.15  104.09  101.88  96.88   93.19   90.82   89.34   85.16   83.57   80.05   79.48   75.77   74.12   69.82  
58.19   61.78   64.95   64.97   65.11   68.59   71.97   74.97   78.08   80.66   82.31   85.79   88.03   92.60   91.83   94.44   96.96   100.30  102.73  108.66  111.76  112.54  118.12  121.50  130.13  127.90  126.10  126.38  124.89  127.02  126.42  119.17  118.03  118.66  114.15  108.66  101.84  99.15   100.29  98.43   93.22   91.01   89.39   87.22   83.99   83.56   79.07   78.51   74.34   69.91  
58.03   61.35   61.84   62.27   64.96   68.68   72.50   75.94   78.92   82.12   84.65   85.83   90.04   91.14   94.72   96.71   98.67   101.12  105.19  108.43  110.12  115.66  118.13  125.56  124.78  123.03  121.77  119.06  118.55  121.27  121.29  115.18  111.67  112.40  112.27  107.81  102.09  98.91   97.02   97.81   96.55   91.45   87.38   85.23   83.26   82.45   82.72   78.42   74.41   69.85  
57.24   58.23   58.99   61.38   64.94   68.74   72.52   76.49   79.99   82.94   86.25   88.76   90.83   92.41   96.10   99.90   101.19  103.00  105.65  108.92  113.19  115.52  122.15  121.49  119.14  118.35  115.10  113.75  115.05  118.15  114.58  110.85  107.18  105.03  105.18  104.13  99.61   95.87   95.20   95.88   95.91   91.84   87.12   83.43   81.33   79.69   78.99   78.50   74.34   69.91  
54.07   55.25   57.75   61.24   64.96   68.70   72.60   76.42   80.57   84.11   87.00   90.49   92.01   94.66   98.12   100.55  105.30  105.60  108.75  111.72  115.26  118.61  119.98  116.40  115.31  111.84  111.68  109.31  112.42  113.94  112.40  107.06  103.72  102.70  99.51   98.53   96.36   92.24   91.59   94.70   93.52   91.08   87.34   83.06   79.72   77.73   76.24   75.35   74.07   69.81  
51.18   53.96   57.52   61.24   64.94   68.74   72.53   76.55   80.37   84.76   88.29   91.13   91.44   94.29   99.37   103.44  105.18  110.91  113.42  116.99  115.92  120.93  118.91  112.55  109.56  109.32  106.71  107.12  109.30  111.83  110.08  107.07  103.45  100.64  100.39  95.23   92.10   88.89   88.93   88.68   91.52   88.75   86.40   83.05   79.26   76.23   74.26   72.66   71.33   69.31  
50.06   53.72   57.50   61.22   64.96   68.70   72.60   76.42   80.60   84.37   89.07   89.41   91.16   93.96   97.50   104.40  110.02  112.81  117.73  119.09  122.50  121.28  112.96  110.98  107.43  104.64  103.84  104.22  106.35  108.46  107.62  105.48  104.53  101.68  97.84   95.29   90.19   86.01   83.80   86.05   85.87   86.14   84.00   81.93   79.03   75.69   72.83   70.68   68.74   66.87  
49.83   53.69   57.49   61.24   64.94   68.74   72.53   76.55   80.33   84.44   85.45   87.69   91.11   95.20   97.82   104.93  111.70  117.31  119.37  122.62  125.22  116.97  114.62  109.61  106.10  102.61  99.86   101.20  102.90  102.47  102.25  102.26  100.86  98.90   95.40   92.03   89.95   85.45   81.53   81.25   81.40   81.26   81.20   79.43   77.69   75.29   72.19   69.26   66.75   64.39  
49.78   53.68   57.50   61.22   64.96   68.69   72.59   76.33   80.04   81.63   85.17   89.44   93.62   98.03   102.70  108.50  113.54  119.45  123.02  125.19  119.90  117.95  113.18  109.88  105.47  101.66  98.29   97.76   97.72   97.91   97.37   98.94   97.28   94.08   92.31   90.39   87.43   85.07   81.17   77.85   76.91   76.82   76.66   76.40   74.96   73.85   71.64   68.53   65.33   62.41  
49.75   53.68   57.49   61.24   64.93   68.71   72.37   75.81   77.76   81.05   85.20   89.40   93.69   97.94   102.85  108.11  114.24  118.28  120.27  122.11  119.08  115.56  113.29  108.89  105.46  101.30  97.60   94.52   93.31   93.11   93.51   95.49   93.84   91.89   89.21   87.63   85.76   83.14   80.68   77.23   74.11   72.41   72.04   71.81   71.67   70.98   70.08   67.79   64.49   60.97  
49.74   53.68   57.50   61.22   64.92   68.48   71.74   73.91   77.01   80.99   85.17   89.44   93.62   98.03   102.69  108.44  113.09  115.77  120.00  120.89  118.82  113.50  110.95  108.40  104.16  100.80  96.89   93.56   90.82   89.18   89.97   90.72   90.67   87.06   86.04   84.60   83.18   81.47   79.12   76.65   73.43   70.39   68.41   67.72   67.51   67.42   67.10   66.02   63.55   60.02  
49.73   53.68   57.48   61.18   64.67   67.80   70.10   73.05   76.86   80.97   85.20   89.40   93.69   97.92   102.72  107.30  110.52  114.27  116.93  119.00  114.75  111.83  107.67  105.51  102.81  98.82   95.69   92.24   89.49   87.14   85.48   85.43   87.16   85.11   82.44   81.47   80.09   78.88   77.36   75.22   72.75   69.66   66.69   64.66   63.80   63.47   63.28   62.83   61.55   58.89  
49.73   53.66   57.42   60.91   63.96   66.35   69.18   72.82   76.83   80.98   85.17   89.43   93.58   97.82   101.69  104.76  108.21  110.83  112.67  114.48  112.47  108.60  105.45  101.67  99.32   96.62   93.17   90.50   87.73   85.52   83.30   84.30   84.01   80.30   78.98   78.24   76.83   75.60   74.62   73.30   71.31   68.87   65.83   62.87   60.72   59.63   59.11   58.78   58.17   56.71  
49.70   53.57   57.12   60.17   62.63   65.38   68.86   72.76   76.83   80.97   85.18   89.33   93.38   96.82   99.51   102.59  105.16  106.92  110.78  109.36  108.48  106.31  102.65  99.38   95.82   93.33   90.85   88.11   85.85   83.66   82.20   82.76   81.51   77.75   75.29   74.52   73.49   72.16   71.16   70.42   69.26   67.39   64.96   61.97   59.00   56.70   55.33   54.57   54.05   53.28  
49.59   53.24   56.35   58.89   61.60   64.96   68.76   72.75   76.82   80.96   85.07   89.02   92.32   94.96   97.80   100.26  102.14  104.86  107.85  105.53  104.08  102.96  100.73  97.40   94.28   90.95   88.49   86.29   84.02   81.84   79.28   79.46   76.58   75.20   72.28   71.13   69.97   68.78   67.62   66.90   66.34   65.27   63.45   61.03   58.09   55.13   52.70   51.05   50.03   49.30  
49.22   52.44   55.09   57.79   61.08   64.82   68.74   72.74   76.80   80.83   84.69   87.95   90.58   93.23   95.57   97.50   100.04  102.61  105.33  102.91  100.49  98.95   97.62   95.47   92.60   89.73   86.74   84.42   82.35   80.15   77.07   76.64   73.18   71.51   70.08   68.42   66.90   65.54   64.33   63.40   62.87   62.35   61.28   59.50   57.11   54.24   51.32   48.81   46.95   45.68  
48.40   51.19   53.93   57.18   60.88   64.78   68.72   72.70   76.64   80.41   83.63   86.27   88.78   91.00   92.95   95.34   97.88   100.40  101.77  100.41  97.99   95.63   93.90   92.34   90.23   87.67   85.11   82.55   80.39   78.28   75.97   73.45   71.87   69.47   67.80   66.05   64.37   62.78   61.36   60.21   59.42   58.95   58.41   57.34   55.60   53.27   50.50   47.66   45.13   43.12  
