#Value_Function_Estimate.
31.05   32.01   32.93   33.98   34.77   35.46   35.90   36.23   37.07   37.40   37.72   38.25   38.43   38.74   39.26   39.81   40.09   40.74   41.24   41.87   42.79   43.32   43.46   44.49   45.09   45.79   46.43   47.86   48.78   50.43   50.47   50.58   49.92   48.74   48.01   47.08   46.25   45.46   44.58   44.22   43.56   43.12   42.68   41.58   41.03   40.15   39.62   38.89   38.10   37.34  
31.30   32.15   33.16   34.08   35.18   36.00   36.61   37.04   37.28   38.26   38.49   38.77   39.38   39.49   39.83   40.44   41.08   41.28   42.01   42.45   43.05   44.10   44.66   44.64   45.92   46.43   47.27   47.84   49.52   50.24   52.13   51.63   50.31   49.67   48.63   47.76   46.96   45.81   45.50   44.67   44.24   43.88   42.80   42.20   41.19   40.75   40.01   39.21   38.46   37.63  
31.45   32.43   33.28   34.35   35.21   36.39   36.58   37.44   37.99   37.83   38.62   38.79   39.29   39.38   39.98   40.74   41.46   41.84   42.52   43.22   43.66   43.95   44.55   45.70   45.73   45.88   46.59   47.99   48.86   50.46   50.54   51.98   50.56   48.95   48.96   47.78   46.77   46.14   44.88   45.01   44.50   43.54   43.24   42.22   41.90   41.13   40.31   39.59   38.73   38.00  
31.69   32.55   33.60   34.41   35.55   36.27   37.49   37.34   36.91   37.77   37.87   38.25   38.45   39.11   40.30   40.37   41.42   42.30   42.93   43.35   43.62   43.64   44.80   45.15   44.79   45.29   46.48   47.42   48.80   49.31   50.86   50.47   50.25   49.35   47.70   48.37   47.16   45.96   45.68   44.32   44.43   44.14   43.10   42.45   42.25   41.41   40.73   39.84   39.12   38.45  
31.76   32.84   33.67   34.81   35.52   36.77   36.76   36.41   36.69   37.01   37.22   37.54   38.36   39.30   39.35   40.22   41.12   42.09   42.53   42.65   43.02   43.54   44.54   44.02   44.08   45.05   46.00   47.28   48.10   49.21   49.57   49.59   49.46   48.84   47.92   46.84   47.50   45.89   44.99   44.38   43.38   44.19   43.50   43.49   42.50   41.89   40.94   40.25   39.55   39.10  
31.91   32.86   34.04   34.78   36.06   36.20   35.72   35.66   36.18   36.38   36.92   38.10   38.25   38.66   39.14   39.95   40.88   41.84   42.05   42.33   42.39   43.17   43.08   43.20   43.75   44.65   46.00   46.52   47.50   48.54   49.72   50.01   48.73   48.77   47.82   47.13   46.13   46.51   44.96   44.21   43.25   43.56   44.78   43.57   43.07   42.02   41.39   40.63   40.32   39.18  
31.89   33.06   33.98   35.28   35.85   35.05   35.03   35.16   35.83   35.96   36.97   37.27   37.70   38.26   39.12   39.78   41.08   41.39   41.86   41.32   41.89   41.96   42.39   43.16   43.36   44.58   44.94   46.05   47.41   48.11   48.58   50.10   50.24   49.14   48.70   47.55   46.92   45.90   45.59   44.20   43.82   43.54   43.58   44.30   43.09   42.55   41.69   41.59   40.30   39.30  
31.97   32.99   34.26   34.67   34.54   34.61   34.48   35.30   35.56   36.08   36.76   37.26   38.10   38.63   39.39   40.33   40.80   40.59   40.48   40.70   41.03   41.63   42.95   42.21   43.30   43.81   44.92   46.29   46.72   47.24   48.51   48.86   50.61   50.40   49.11   48.56   47.27   46.86   45.35   45.13   43.86   43.38   43.12   43.10   43.77   42.55   42.12   40.98   40.43   39.51  
32.24   33.01   33.60   33.48   33.56   34.06   35.04   35.50   35.99   36.62   37.10   37.84   38.27   39.26   39.71   40.57   39.69   39.59   39.63   40.42   40.98   42.35   41.62   42.14   43.00   43.76   45.26   45.38   45.91   47.01   47.85   49.36   49.22   50.49   50.42   48.77   48.53   46.73   45.57   44.47   44.66   43.40   42.80   42.59   42.55   43.13   41.97   41.64   40.61   40.03  
31.90   32.43   32.46   32.86   33.59   34.29   35.11   35.82   36.60   37.01   37.70   38.12   39.06   39.29   40.53   39.37   39.33   39.23   39.65   40.82   41.66   41.03   41.18   41.81   42.93   44.42   44.11   44.64   45.88   46.86   48.40   48.00   49.00   49.46   50.24   49.53   48.08   47.00   45.82   44.42   43.66   44.03   42.79   42.18   41.96   41.93   42.91   41.69   41.26   40.07  
31.39   32.01   32.70   33.41   33.89   34.66   35.34   36.18   36.86   37.71   38.02   38.95   39.09   40.27   39.36   39.30   38.80   39.37   40.42   40.70   40.33   40.64   40.75   41.76   42.97   43.01   43.73   45.08   45.84   47.30   46.94   47.67   48.90   48.99   49.18   49.43   48.33   47.08   45.66   44.93   43.53   43.39   43.42   42.15   41.30   41.68   41.70   42.53   41.21   40.13  
31.33   32.19   33.10   33.76   34.51   34.92   35.75   36.37   37.27   37.90   38.90   39.03   40.18   39.15   39.11   38.86   39.32   39.88   40.42   39.78   39.64   39.77   40.63   41.67   41.90   42.59   43.82   45.00   46.49   45.94   46.79   48.28   47.91   48.40   49.08   48.65   48.14   47.00   45.89   44.61   44.05   42.60   42.46   42.50   41.23   40.67   41.29   41.16   41.06   40.09  
31.66   32.34   33.25   34.21   34.83   35.65   35.93   36.86   37.40   38.39   38.99   40.21   39.08   39.02   39.05   39.89   39.88   40.40   39.27   39.26   38.89   39.56   40.46   40.81   41.46   42.60   43.77   45.04   45.08   45.81   47.30   47.54   47.79   48.62   48.77   48.41   47.46   46.66   45.99   44.60   43.74   43.06   41.87   41.79   41.51   40.31   40.09   40.16   40.05   39.86  
32.25   32.65   33.38   34.33   35.36   35.88   36.83   36.91   38.00   38.16   39.30   39.01   39.02   39.39   39.94   40.03   41.12   39.82   39.28   38.32   38.53   39.39   39.73   40.35   41.41   42.55   43.68   43.95   44.82   46.26   46.33   47.23   47.59   47.85   48.22   48.21   47.23   46.11   45.35   45.08   43.72   43.14   42.17   40.82   40.78   40.58   39.42   39.05   39.05   38.95  
32.83   33.30   33.69   34.44   35.41   36.54   36.90   38.06   37.82   38.66   38.92   39.09   39.70   39.73   40.49   41.10   39.89   39.90   38.85   38.22   38.30   38.74   39.25   40.24   41.34   42.38   42.84   44.05   45.11   45.52   46.45   46.82   47.00   47.49   47.69   47.23   47.45   46.05   45.20   44.23   44.51   43.10   42.04   41.23   39.90   40.07   39.59   38.48   38.04   37.98  
32.93   33.95   34.45   34.80   35.53   36.50   37.77   37.53   38.23   38.99   39.23   40.12   40.10   40.89   40.72   39.95   39.90   38.98   38.77   37.88   38.33   38.17   39.07   40.15   41.14   41.82   42.84   43.95   45.39   45.86   46.37   46.02   46.37   46.51   47.00   47.45   46.57   46.55   45.16   44.30   43.31   43.35   41.94   41.03   40.32   38.99   39.18   38.84   38.37   37.22  
33.32   33.98   35.10   35.56   35.90   36.63   37.11   37.77   38.77   39.51   40.19   40.23   41.38   40.48   39.86   39.61   38.99   38.78   38.03   37.80   37.08   37.91   38.95   39.92   40.66   41.78   43.14   44.13   45.14   45.10   45.00   45.60   45.56   46.18   46.39   46.70   46.33   45.87   45.68   44.25   43.35   42.71   42.06   40.88   40.26   39.04   38.03   38.08   37.77   37.23  
33.60   34.44   35.09   35.89   36.77   37.03   37.71   38.31   38.95   40.02   40.65   41.41   40.86   40.17   39.40   38.86   38.54   38.01   37.70   37.07   36.91   37.76   38.71   39.50   40.59   41.88   43.03   44.51   43.94   44.48   44.64   45.24   45.30   45.54   46.50   45.96   46.13   45.09   45.08   44.78   43.31   42.40   42.20   40.86   39.73   39.35   37.85   37.02   36.99   36.68  
33.99   34.68   35.68   36.26   36.92   37.77   38.21   38.91   39.57   40.07   41.24   40.82   40.17   39.76   39.10   38.39   37.86   37.50   37.01   36.74   36.95   37.51   38.34   39.40   40.65   41.81   43.06   43.05   43.35   43.53   44.26   44.09   45.02   45.96   45.47   46.59   45.33   45.11   43.90   44.21   43.84   42.36   41.47   40.85   39.65   38.63   38.49   36.94   36.05   35.91  
34.17   35.13   35.84   36.98   37.45   38.07   39.04   39.38   40.14   40.78   41.13   40.13   39.68   39.11   38.67   38.03   37.36   36.84   36.42   36.03   36.40   37.20   38.23   39.43   40.59   41.70   41.84   42.08   42.65   43.01   43.03   43.61   44.46   44.79   45.81   45.16   47.04   45.14   44.77   43.37   43.35   42.89   41.40   40.56   39.60   38.75   38.01   37.26   36.34   35.74  
34.38   35.28   36.39   37.00   38.31   38.61   39.23   40.35   40.51   41.39   40.10   39.77   39.01   38.56   38.02   37.56   36.95   36.31   35.73   35.38   36.13   37.13   38.25   39.38   40.45   41.07   41.08   41.62   41.68   42.50   42.53   43.16   44.22   45.05   44.25   45.31   45.21   46.89   44.79   43.82   42.59   42.46   41.91   40.78   39.94   39.20   38.39   37.46   36.93   35.94  
34.79   35.49   36.47   37.70   38.10   38.78   39.85   40.36   41.72   40.40   40.01   38.92   38.58   37.90   37.43   36.91   36.43   35.77   35.22   35.42   36.33   37.24   38.28   39.48   40.25   40.65   40.42   40.37   41.12   41.61   42.49   43.98   43.65   43.52   43.60   43.56   44.79   44.75   45.27   43.90   42.94   41.76   41.41   41.21   40.42   39.60   38.67   37.80   37.10   36.09  
35.16   35.97   36.66   37.69   39.07   39.22   39.83   41.17   40.32   40.27   39.13   38.76   37.85   37.41   36.78   36.30   35.71   35.30   34.74   35.70   36.50   37.45   38.40   39.48   39.90   39.31   39.39   39.84   40.80   41.83   42.95   42.85   42.72   42.38   42.39   43.25   44.09   45.57   44.29   44.33   43.05   42.14   40.97   40.28   40.84   39.86   38.93   38.32   37.25   36.22  
36.04   36.41   37.25   37.86   38.88   39.28   40.44   40.26   39.90   39.08   38.94   38.05   37.57   36.77   36.27   35.69   35.64   35.56   35.47   35.78   36.83   37.60   38.62   39.13   38.60   38.65   38.92   40.19   41.10   42.09   41.89   42.02   41.61   41.42   42.22   43.18   44.33   44.13   44.15   43.60   43.51   42.30   40.95   40.07   39.57   40.08   39.56   38.42   37.35   36.58  
37.48   37.50   37.82   38.57   39.04   39.91   39.95   39.29   38.91   38.57   37.98   37.71   37.46   37.33   37.19   37.18   37.13   37.04   36.86   36.48   36.81   38.00   38.41   37.88   37.93   37.96   39.24   40.13   41.53   40.83   41.63   40.75   40.72   41.65   42.02   43.19   43.70   43.08   43.48   43.33   42.66   42.18   41.44   40.02   39.13   38.84   39.60   38.46   37.81   36.59  
39.04   39.08   39.23   39.17   39.85   39.44   39.03   38.98   39.00   39.01   39.00   38.99   38.93   38.83   38.80   38.74   38.66   38.48   38.11   37.38   37.43   37.62   37.18   37.24   37.05   38.30   39.18   40.58   40.15   40.28   40.18   40.26   40.74   41.01   42.37   43.12   42.34   42.84   43.62   42.52   42.45   41.46   41.07   40.52   39.05   38.37   38.36   39.07   37.73   36.66  
40.67   40.67   40.69   40.67   40.69   40.60   40.56   40.63   40.65   40.64   40.64   40.59   40.48   40.44   40.38   40.31   40.14   39.79   39.08   38.24   37.53   36.49   36.49   36.25   37.44   38.24   39.64   39.18   39.28   39.00   39.11   39.72   40.10   41.50   41.91   41.71   42.45   43.60   42.32   42.78   41.79   41.16   40.27   40.28   39.23   38.20   37.84   37.74   37.76   36.62  
42.34   42.36   42.36   42.39   42.39   42.33   42.30   42.34   42.32   42.34   42.31   42.17   42.13   42.07   42.01   41.84   41.54   40.78   39.98   39.22   38.09   36.82   35.56   36.30   37.47   38.77   38.46   38.35   38.01   38.02   38.52   39.42   40.55   41.12   40.83   41.79   43.05   42.11   42.03   41.53   41.65   40.70   39.87   39.12   39.62   38.09   37.01   36.72   36.63   36.51  
44.07   44.10   44.13   44.15   44.16   44.15   44.13   44.08   44.11   44.08   44.00   43.90   43.83   43.78   43.61   43.33   42.66   41.74   40.93   39.75   38.44   37.12   35.81   36.43   37.51   37.77   37.53   37.25   37.11   37.40   38.62   39.29   40.51   40.14   41.30   42.05   42.08   41.55   41.15   41.32   41.05   40.33   39.41   38.58   38.13   38.12   36.82   35.84   35.61   35.53  
46.00   46.01   46.00   46.01   46.00   46.00   45.93   45.98   45.93   45.86   45.74   45.80   45.64   45.46   45.18   44.64   43.61   42.68   41.46   40.13   38.77   37.40   36.01   36.54   36.99   36.45   36.54   36.33   36.60   37.85   38.27   39.64   40.23   40.34   41.37   42.21   40.99   40.72   40.25   40.68   40.55   40.18   39.06   38.13   37.34   36.89   36.68   35.56   34.72   34.53  
47.92   47.91   47.92   47.91   47.92   47.91   47.91   47.85   47.79   47.64   47.74   47.55   47.38   47.11   46.59   45.48   44.48   43.20   41.86   40.51   39.11   37.67   36.27   36.22   35.71   35.77   35.38   35.98   37.35   37.43   38.72   39.03   39.83   40.82   41.63   40.88   40.78   39.80   39.46   40.17   40.29   39.39   39.23   37.87   36.97   36.14   35.66   35.32   34.36   33.66  
49.82   49.87   49.85   49.87   49.85   49.86   49.82   49.73   49.79   49.73   49.49   49.33   49.07   48.56   47.64   46.37   44.99   43.62   42.29   40.90   39.44   37.96   36.48   35.17   35.05   34.68   34.88   36.03   36.41   37.62   37.93   39.10   40.36   41.09   40.91   40.35   39.70   39.44   39.37   39.30   39.27   38.97   38.24   38.31   36.93   36.14   34.99   34.45   34.03   33.22  
51.67   51.79   51.84   51.81   51.84   51.80   51.73   51.77   51.72   51.44   51.30   51.06   50.57   49.62   48.28   46.84   45.40   44.07   42.73   41.28   39.79   38.21   36.73   35.37   34.08   33.95   34.80   35.66   37.07   36.99   38.25   39.27   40.40   41.39   39.98   39.63   39.09   38.59   38.37   38.99   38.24   38.01   37.68   37.11   37.57   36.05   34.82   33.81   33.26   32.80  
53.15   53.71   53.78   53.83   53.78   53.76   53.77   53.74   53.40   53.29   53.06   52.60   51.63   50.23   48.75   47.24   45.88   44.54   43.13   41.68   40.07   38.41   36.96   35.56   34.21   33.61   34.47   35.71   36.14   37.55   38.32   39.65   40.59   39.93   39.93   38.81   38.36   37.77   38.04   38.09   38.91   37.43   36.80   36.36   36.07   36.08   34.70   33.48   32.61   32.07  
54.47   55.16   55.78   55.78   55.86   55.78   55.81   55.37   55.30   55.09   54.66   53.68   52.21   50.70   49.13   47.74   46.36   44.95   43.59   42.00   40.23   38.66   37.15   35.74   34.40   33.28   34.38   34.96   36.25   37.48   39.04   39.61   39.23   39.19   38.68   38.49   37.50   37.01   36.88   37.53   37.53   38.05   36.46   35.48   35.00   34.73   34.55   33.30   32.16   31.39  
55.38   56.54   57.19   57.91   57.78   57.92   57.35   57.35   57.14   56.75   55.76   54.21   52.68   51.05   49.65   48.23   46.83   45.46   43.88   42.17   40.47   38.83   37.33   35.92   34.60   33.32   33.97   35.02   36.27   37.64   38.64   38.42   38.23   37.92   37.80   37.26   37.04   36.22   36.13   36.57   37.28   36.52   36.88   35.30   34.34   33.62   33.32   33.00   31.88   30.87  
55.79   57.46   58.69   59.27   60.14   59.36   59.48   59.26   58.90   57.88   56.22   54.70   52.99   51.60   50.13   48.85   47.33   45.72   44.03   42.35   40.63   39.02   37.51   36.13   34.81   33.52   33.98   35.23   36.33   37.64   37.57   37.29   37.07   36.87   36.55   36.38   35.94   35.64   35.31   36.42   35.89   35.79   35.34   35.87   34.26   33.02   32.27   31.89   31.47   30.47  
56.25   57.80   59.63   60.92   61.37   61.69   61.43   61.14   60.08   58.22   56.75   54.95   53.60   52.05   50.81   49.22   47.56   45.85   44.22   42.50   40.83   39.20   37.73   36.34   35.02   33.69   34.25   35.18   36.59   36.65   36.34   36.22   35.97   35.73   35.52   35.24   35.03   34.64   35.85   34.84   34.97   35.00   34.43   34.25   34.48   32.92   31.76   30.98   30.51   29.99  
56.60   58.31   59.86   61.84   63.17   63.49   63.34   62.34   60.26   58.85   56.90   55.65   53.99   52.82   51.16   49.46   47.67   46.06   44.36   42.70   40.99   39.42   37.94   36.57   35.14   33.79   34.30   35.52   35.54   35.35   35.34   35.08   34.93   34.67   34.45   34.24   34.08   35.46   34.37   34.42   34.05   33.80   34.04   33.16   33.43   33.00   31.66   30.61   29.80   29.21  
56.43   58.72   60.43   61.91   64.10   65.56   64.46   62.39   61.09   58.83   57.76   55.92   54.90   53.14   51.41   49.52   47.92   46.18   44.58   42.86   41.23   39.62   38.18   36.69   35.21   33.80   35.03   34.90   34.39   34.32   34.17   34.12   34.29   33.74   33.48   33.27   34.45   33.98   33.99   33.16   33.02   32.96   33.03   33.11   32.13   32.80   31.71   30.58   29.59   28.72  
56.65   58.37   60.12   62.26   63.98   66.70   64.49   63.00   60.86   60.00   57.83   57.03   55.13   53.41   51.41   49.83   48.00   46.44   44.71   43.11   41.42   39.89   38.30   36.75   35.23   33.84   34.25   33.95   33.74   33.33   33.21   33.15   33.04   33.10   32.69   33.84   33.16   33.20   32.85   33.10   32.09   31.86   31.97   32.38   32.36   31.55   31.52   30.59   29.60   28.63  
56.38   58.10   60.15   61.96   64.38   64.70   64.35   62.44   61.30   59.39   59.47   57.13   55.47   53.33   51.81   49.84   48.31   46.53   44.99   43.28   41.73   40.00   38.36   36.77   35.25   33.79   33.09   33.16   32.91   32.68   32.33   32.18   32.11   32.02   32.65   32.62   32.70   32.19   32.11   31.94   32.38   31.32   31.30   31.41   32.09   31.76   30.74   30.43   29.58   28.65  
56.14   58.07   59.93   62.04   62.59   62.44   63.00   62.13   60.46   59.84   58.06   57.40   55.23   53.87   51.71   50.25   48.33   46.87   45.12   43.64   41.80   40.06   38.37   36.80   35.23   33.81   32.63   32.16   32.14   31.92   31.68   31.36   31.21   31.60   31.65   31.70   31.64   31.60   31.42   31.35   31.28   31.72   30.69   31.02   30.94   31.06   31.11   30.12   29.48   28.89  
56.07   57.89   59.79   60.45   60.56   60.85   60.70   61.52   60.03   58.52   57.71   56.37   55.68   53.49   52.28   50.15   48.77   46.92   45.56   43.68   41.87   40.06   38.40   36.75   35.29   33.81   32.48   31.63   31.22   31.14   30.94   30.70   30.59   30.68   30.72   30.69   30.71   30.95   30.64   30.46   30.69   30.63   31.07   30.09   30.09   30.14   30.11   30.25   29.97   28.82  
55.89   57.60   58.34   58.56   59.14   58.82   59.32   59.14   59.24   57.96   56.60   55.67   54.47   53.94   51.80   50.74   48.69   47.49   45.54   43.76   41.86   40.10   38.41   36.84   35.31   33.83   32.40   31.22   30.59   30.26   30.15   29.96   29.74   29.75   29.74   29.83   30.31   29.86   29.93   29.70   29.71   30.04   29.98   30.47   29.47   29.18   29.27   29.18   29.24   28.90  
55.49   56.27   56.57   57.04   57.03   58.28   57.18   57.28   57.16   57.09   55.94   54.66   53.68   52.59   52.23   50.15   49.46   47.37   45.65   43.73   41.91   40.11   38.45   36.86   35.34   33.85   32.41   31.04   30.01   29.55   29.30   29.17   28.98   28.80   28.96   29.39   29.18   29.26   28.94   28.93   29.03   29.06   29.43   29.40   30.11   28.96   28.31   28.29   28.23   28.23  
54.23   54.58   54.99   55.14   56.06   55.97   56.09   55.30   55.28   55.18   54.98   53.94   52.74   51.73   50.76   50.58   48.61   47.52   45.59   43.80   41.90   40.14   38.46   36.88   35.36   33.88   32.42   31.01   29.74   28.88   28.55   28.33   28.19   28.07   28.38   28.26   28.37   28.23   28.24   28.06   28.13   28.42   28.50   29.03   28.95   28.98   28.04   27.42   27.33   27.27  
52.61   52.98   53.21   53.94   53.98   54.06   53.98   53.99   53.39   53.31   53.21   52.93   51.96   50.82   49.82   48.99   49.19   47.13   45.65   43.76   41.95   40.15   38.49   36.90   35.38   33.90   32.44   31.02   29.67   28.53   27.86   27.58   27.50   27.41   27.34   27.41   27.33   27.40   27.30   27.27   27.46   27.60   28.02   28.03   28.06   28.01   27.93   27.14   26.55   26.40  
51.01   51.29   51.86   51.99   52.04   52.00   52.04   51.99   51.92   51.49   51.38   51.25   50.92   50.02   48.93   47.97   47.27   47.14   45.37   43.79   41.94   40.18   38.50   36.93   35.40   33.92   32.46   31.04   29.66   28.40   27.44   26.91   26.75   26.72   26.52   26.45   26.48   26.44   26.47   26.56   26.73   27.07   27.13   27.16   27.13   27.15   27.11   26.95   26.28   25.72  
49.40   49.87   50.03   50.08   50.06   50.08   50.05   50.07   50.03   49.93   49.61   49.47   49.33   48.95   48.11   47.09   46.18   45.55   45.18   43.57   41.94   40.18   38.53   36.94   35.42   33.93   32.48   31.06   29.67   28.36   27.24   26.46   26.06   26.21   25.90   25.70   25.61   25.62   25.72   25.90   26.19   26.28   26.30   26.29   26.30   26.28   26.29   26.24   26.05   25.46  
