#Value Function.
110.90  113.23  115.23  116.86  117.94  118.40  118.55  118.60  118.78  119.35  120.86  123.15  125.61  127.92  129.98  131.87  133.63  135.28  136.94  138.81  140.96  143.03  145.49  148.26  150.90  152.67  153.53  154.55  156.33  158.51  160.34  161.98  163.52  164.01  164.38  164.93  165.88  166.11  166.84  167.59  167.17  167.61  166.58  162.71  159.40  156.06  152.51  149.19  145.93  143.18 
111.93  114.52  116.89  118.95  120.65  121.76  122.18  122.31  122.34  122.49  123.00  124.59  127.02  129.58  131.96  134.06  136.00  137.79  139.47  141.15  143.06  145.32  147.36  149.92  152.82  155.63  157.42  158.16  159.13  161.03  163.36  165.21  166.87  168.60  168.94  169.30  169.84  170.98  171.01  171.86  172.79  172.02  167.54  164.22  160.84  157.12  153.76  150.31  147.72  144.14 
112.86  115.52  118.16  120.61  122.72  124.51  125.64  126.02  126.13  126.13  126.25  126.68  128.36  130.95  133.62  136.05  138.19  140.18  142.02  143.72  145.41  147.36  149.76  151.74  154.40  157.43  160.45  162.27  162.84  163.76  165.79  168.30  170.14  171.81  173.80  173.91  174.29  174.78  176.21  175.92  176.94  176.48  170.18  165.71  161.77  158.42  154.70  152.33  148.48  145.49 
113.72  116.48  119.16  121.90  124.43  126.59  128.46  129.63  129.95  130.04  130.02  130.11  130.42  132.22  134.99  137.75  140.26  142.43  144.47  146.35  148.08  149.77  151.76  154.35  156.20  159.00  162.16  165.41  167.26  167.61  168.48  170.67  173.40  175.18  176.85  179.21  178.96  179.42  179.79  181.67  180.92  174.46  172.55  166.71  163.24  159.11  157.16  152.81  150.12  145.73 
114.35  117.38  120.15  122.89  125.74  128.35  130.54  132.53  133.74  133.97  134.06  134.00  134.09  134.22  136.18  139.14  142.00  144.57  146.77  148.87  150.80  152.55  154.25  156.24  159.11  160.72  163.72  166.99  170.54  172.41  172.47  173.29  175.67  178.67  180.34  181.96  184.87  183.90  184.47  184.91  178.85  175.37  170.00  167.23  163.81  162.26  157.13  154.89  150.19  145.83 
114.62  118.04  121.10  123.91  126.71  129.68  132.37  134.59  136.72  137.97  138.07  138.19  138.08  138.19  138.07  140.24  143.42  146.36  149.01  151.21  153.39  155.37  157.14  158.83  160.80  164.07  165.28  168.59  171.91  175.84  177.73  177.42  178.20  180.80  184.13  185.62  188.39  187.79  187.64  181.91  179.22  173.95  170.14  165.35  162.38  161.27  159.91  154.66  150.32  145.75 
114.53  118.32  121.79  124.92  127.76  130.61  133.72  136.51  138.72  141.03  142.33  142.26  142.44  142.26  142.31  141.52  144.48  147.82  150.82  153.57  155.76  158.02  160.06  161.85  163.54  165.42  169.28  169.84  173.65  176.90  181.34  183.23  181.80  183.29  186.02  189.81  190.28  191.62  185.71  182.05  177.00  173.83  169.06  165.13  160.74  157.88  156.58  154.83  150.18  145.83 
114.63  118.15  122.08  125.64  128.84  131.71  134.60  137.89  140.76  142.93  145.47  146.83  146.51  146.82  145.37  143.41  145.74  148.82  152.35  155.40  158.26  160.41  162.79  164.87  166.69  168.38  172.36  172.76  175.75  178.73  182.09  186.26  185.43  186.67  188.55  192.09  196.47  190.27  185.98  180.63  176.70  172.10  168.67  164.25  160.29  156.22  153.46  151.98  149.98  145.71 
114.34  116.58  121.70  125.97  129.59  132.86  135.76  138.68  142.17  145.15  147.20  150.06  151.49  149.92  147.25  145.82  147.69  150.05  153.27  157.01  160.08  163.09  165.16  167.69  169.80  171.65  174.27  176.13  178.78  180.80  184.13  187.60  188.73  188.82  192.40  198.49  192.45  190.39  185.00  180.57  175.59  171.56  167.25  163.69  159.52  155.61  151.79  149.12  147.48  145.27 
112.91  114.70  118.77  126.07  129.90  133.64  137.00  139.91  142.83  146.59  149.67  152.27  154.78  151.57  149.85  149.90  150.01  152.12  154.46  157.82  161.82  164.86  168.09  169.98  172.74  174.85  177.91  178.47  182.63  183.94  186.12  190.81  190.94  192.30  197.41  190.88  191.99  187.31  184.64  179.78  175.33  170.63  166.59  162.49  158.88  154.89  151.07  147.46  144.86  143.04 
113.77  115.76  119.38  126.09  129.99  133.92  137.80  141.25  144.16  147.05  151.14  154.25  156.20  152.82  154.76  152.05  152.16  154.56  156.65  158.95  162.48  166.81  169.71  173.29  174.86  177.96  180.88  182.75  184.05  188.37  189.21  193.79  189.81  193.54  189.51  189.46  186.20  185.99  182.12  179.14  174.64  170.26  165.77  161.76  157.81  154.21  150.36  146.65  143.22  140.63 
114.51  117.53  120.33  126.10  130.00  134.00  138.05  142.08  145.62  148.53  151.33  156.19  157.16  155.23  157.20  153.76  154.07  156.76  159.24  161.31  163.53  168.47  170.06  176.13  178.50  179.78  183.58  185.00  188.68  188.94  195.29  190.85  195.02  188.63  187.08  181.94  180.19  180.79  180.27  176.96  173.84  169.60  165.32  161.01  157.06  153.24  149.66  145.95  142.35  139.03 
114.59  118.23  120.20  126.18  130.01  134.00  138.11  142.28  146.48  150.11  153.02  157.84  159.64  158.45  158.47  155.98  156.41  158.64  161.50  164.06  166.09  169.91  172.56  176.93  181.60  183.87  185.90  188.47  191.38  194.99  189.81  196.48  188.95  187.89  183.31  179.15  175.36  175.53  175.55  174.80  171.86  168.71  164.68  160.52  156.36  152.49  148.78  145.25  141.65  138.12 
114.59  118.24  120.80  126.40  130.06  134.01  138.10  142.33  146.60  151.00  154.73  160.23  163.70  160.89  159.95  158.49  158.53  161.14  163.28  166.38  169.01  171.45  174.95  179.39  181.86  187.34  189.73  192.63  194.89  190.45  195.86  187.59  187.74  181.90  178.68  175.09  173.72  173.28  171.61  170.56  169.54  166.85  163.73  159.87  155.84  151.82  148.03  144.42  140.95  137.41 
114.49  117.34  120.14  126.92  130.27  134.04  138.12  142.31  146.66  151.03  155.66  160.16  165.55  164.05  163.06  163.15  161.86  163.08  166.04  167.99  171.42  174.77  175.71  180.85  184.86  186.73  193.37  196.00  190.56  195.20  187.79  188.21  181.13  179.44  175.83  170.63  169.67  171.35  170.41  167.42  165.73  164.47  161.95  158.88  155.18  151.28  147.38  143.69  140.16  136.71 
114.00  116.31  119.33  127.24  130.88  134.23  138.12  142.33  146.62  151.11  155.55  160.43  164.72  168.44  167.22  166.57  166.19  165.63  167.84  171.14  172.73  176.56  178.24  182.71  186.10  193.01  195.85  190.76  195.64  187.74  187.00  180.51  180.01  176.31  171.92  170.13  166.19  166.04  168.55  169.11  163.94  161.13  159.59  157.17  154.17  150.61  146.83  143.05  139.60  135.98 
115.43  117.63  123.01  127.80  131.34  134.93  138.28  142.31  146.66  151.03  155.68  159.87  163.57  167.59  172.15  171.18  170.42  170.33  170.26  172.70  176.47  178.48  181.90  183.87  189.36  193.98  192.18  195.55  187.88  187.03  181.02  178.63  175.61  170.47  170.60  167.17  165.01  163.48  164.35  166.09  165.65  160.36  156.71  154.87  152.51  149.59  145.87  140.77  135.74  135.05 
117.21  119.05  125.12  128.49  131.81  135.38  139.11  142.40  146.61  151.07  155.16  158.85  162.78  167.04  170.40  176.02  175.70  173.55  173.84  175.15  177.64  181.98  184.28  187.66  194.21  192.54  193.63  187.27  187.26  180.76  178.62  173.18  170.01  167.68  165.80  165.32  162.43  160.30  161.09  161.25  164.99  160.90  156.59  152.43  150.32  147.97  144.32  140.33  134.82  131.92 
117.85  121.11  126.27  129.44  132.41  135.84  139.51  143.43  146.58  150.58  154.25  158.07  162.13  165.69  170.71  174.27  178.41  177.28  176.56  179.09  180.13  182.66  186.65  194.04  194.28  191.23  186.02  185.87  180.62  178.92  173.93  170.47  167.67  165.13  162.88  161.16  160.29  157.77  156.89  159.68  159.13  161.37  156.32  152.04  148.18  145.90  143.47  139.33  133.38  130.72 
118.54  121.56  127.05  130.45  133.43  136.42  139.98  143.73  147.91  150.63  153.48  157.37  161.04  165.74  170.28  175.94  178.78  180.12  178.60  179.58  184.88  185.34  192.58  191.82  186.39  184.63  182.68  182.55  178.85  173.72  171.88  168.81  165.61  162.85  160.38  158.21  156.57  155.45  154.70  154.76  156.38  156.83  156.14  150.03  148.23  143.86  141.58  138.73  133.04  130.03 
119.96  122.20  128.13  131.42  134.48  137.53  140.52  144.23  148.04  152.61  155.12  156.46  160.92  165.44  170.56  173.52  178.31  181.87  181.53  182.26  186.62  186.61  189.31  185.03  181.96  182.65  186.37  180.84  175.35  172.41  168.93  166.81  163.90  160.85  158.16  155.75  153.66  152.06  150.96  151.68  152.17  151.90  152.14  149.54  149.38  146.04  141.24  137.42  134.12  130.46 
120.50  123.90  128.95  132.43  135.45  138.61  141.75  144.69  148.61  152.41  157.52  159.90  160.65  165.42  168.70  173.00  176.27  179.50  185.61  184.13  188.27  188.06  181.18  180.67  182.19  185.82  181.09  177.49  173.92  170.39  167.39  164.19  161.91  159.12  156.21  153.58  151.23  149.22  147.67  147.64  147.51  147.66  147.50  146.53  150.60  146.81  142.25  137.19  134.41  131.28 
121.09  124.28  129.93  133.70  136.47  139.59  142.84  146.09  148.93  153.14  156.74  160.02  162.79  164.55  169.75  172.95  174.61  179.82  184.04  182.08  182.51  180.90  178.97  181.28  184.22  181.00  177.70  175.39  172.34  168.91  165.52  162.53  159.52  157.16  154.46  151.67  149.11  146.83  144.88  143.49  143.30  143.20  141.49  145.25  151.43  146.58  143.13  139.23  135.41  131.61 
122.46  124.80  130.07  134.78  137.84  140.59  143.84  147.19  150.58  153.22  157.87  158.94  162.60  165.43  169.51  171.23  174.82  172.26  177.40  191.44  182.65  178.74  183.01  183.63  182.22  178.16  175.67  172.02  173.03  167.72  164.22  160.79  157.81  154.94  152.54  149.96  147.67  145.58  143.18  140.74  139.39  139.09  140.29  145.14  150.47  147.85  142.43  139.87  135.50  133.05 
124.19  126.28  132.02  135.94  138.90  142.10  144.79  148.20  151.64  155.23  157.52  162.96  162.67  167.44  168.30  171.84  172.54  172.11  171.24  168.76  168.88  176.79  181.07  183.83  179.11  177.91  174.30  176.92  172.08  169.25  164.61  161.09  158.33  156.35  154.44  152.09  150.03  147.54  144.93  142.12  140.25  138.77  140.55  143.50  146.77  147.02  142.72  140.19  137.36  133.20 
127.03  127.94  132.09  137.10  140.10  143.10  146.51  149.07  152.70  156.18  160.09  161.64  166.79  167.51  172.99  172.75  175.16  175.38  159.77  161.12  169.86  177.83  184.57  181.66  184.10  178.37  180.43  175.74  174.63  169.36  165.81  162.96  161.02  159.15  156.62  154.62  152.02  149.37  146.31  144.46  143.05  141.12  140.21  143.26  148.34  143.31  143.69  141.73  137.14  134.15 
129.48  131.10  133.94  138.49  141.26  144.38  147.39  151.08  153.40  157.34  160.80  165.42  166.83  172.47  172.01  175.52  179.42  181.79  184.44  187.82  202.64  191.55  189.14  185.23  182.03  185.20  179.90  179.87  175.51  171.40  167.68  165.79  164.02  161.22  159.35  156.59  153.97  150.57  148.77  147.44  145.59  143.20  140.31  142.44  149.01  143.84  144.36  140.47  138.02  137.04 
130.05  133.78  136.61  139.58  142.77  145.50  148.79  151.75  155.84  157.74  162.16  165.42  170.84  169.81  174.21  177.76  183.11  187.40  188.78  196.81  200.91  199.52  191.66  187.97  183.43  183.63  184.55  180.51  177.03  175.35  170.69  169.07  165.87  164.24  161.24  158.74  154.88  153.18  151.96  150.08  147.59  144.88  142.91  142.28  147.51  145.24  143.89  141.93  141.47  138.58 
130.71  134.06  137.32  140.86  143.80  147.18  149.82  153.35  156.14  160.87  162.04  167.24  167.62  171.22  175.33  179.65  185.03  188.58  193.30  197.51  200.05  196.16  193.67  188.31  186.94  183.66  186.12  181.94  180.80  176.91  176.55  171.67  169.37  165.94  163.74  159.23  157.70  156.62  154.69  152.07  149.33  146.59  140.71  144.62  145.86  145.41  145.94  146.06  142.99  138.68 
131.68  134.74  138.19  141.49  145.25  148.08  151.76  154.19  158.09  160.53  166.24  164.68  168.22  172.73  176.30  181.79  184.77  190.75  194.22  197.28  197.36  199.84  193.17  192.86  187.88  184.50  184.91  186.69  181.39  182.36  177.17  176.70  172.17  169.03  163.56  162.33  161.42  159.43  156.67  153.84  151.01  148.58  145.74  139.31  132.24  144.35  150.89  147.49  142.88  138.82 
132.17  135.86  138.80  142.45  145.72  149.80  152.42  156.53  158.58  163.33  162.83  164.72  169.99  173.15  178.56  181.22  187.54  189.80  190.93  196.27  197.82  198.74  199.21  193.11  190.13  185.10  183.08  184.80  188.81  181.64  182.35  178.45  175.07  169.71  167.10  166.38  164.30  161.37  158.48  155.50  153.14  150.23  145.64  133.50  129.93  132.94  152.11  147.10  143.11  138.69 
132.41  136.30  140.12  142.92  146.85  150.01  154.55  156.75  161.58  159.36  162.27  166.76  169.64  174.90  178.07  184.25  185.60  187.31  193.21  193.67  192.35  194.66  195.20  196.06  190.03  188.84  183.72  181.87  188.16  188.42  183.61  180.36  176.02  174.95  171.50  169.32  166.17  163.25  160.06  157.83  154.74  152.07  149.11  142.29  143.55  139.98  146.18  146.97  142.82  138.82 
132.59  136.52  140.48  144.55  147.08  151.44  154.32  159.61  157.79  159.56  164.45  166.99  171.92  174.66  180.38  181.83  184.50  188.89  189.24  187.91  188.09  190.20  191.02  192.80  195.03  188.52  187.98  182.54  181.52  189.11  185.96  180.68  180.49  176.36  174.49  171.07  168.18  164.67  162.69  159.33  156.67  153.71  151.20  146.67  142.71  140.16  140.83  143.40  142.30  138.56 
133.73  136.57  140.72  144.75  149.16  151.22  156.27  156.03  156.75  161.78  164.08  168.33  171.44  177.40  178.14  180.63  184.59  186.34  183.81  184.22  184.18  184.73  187.76  190.27  192.17  194.27  187.42  185.62  181.59  181.43  186.75  186.44  181.19  179.88  176.04  173.29  169.32  167.76  163.98  161.42  158.25  155.87  152.88  148.29  141.72  141.20  138.53  139.87  139.15  137.78 
136.59  137.66  140.58  145.05  149.08  154.02  155.14  154.36  158.58  161.21  165.72  168.38  173.61  174.15  175.62  179.35  181.99  182.08  181.28  179.26  179.63  181.83  182.71  184.36  188.26  190.81  191.76  185.05  182.39  180.26  179.81  185.04  185.07  182.66  178.65  173.93  173.10  168.67  166.35  162.85  160.64  157.44  154.69  149.08  146.45  144.28  140.20  139.05  136.03  134.97 
136.74  141.25  141.52  144.69  149.55  153.44  152.58  156.39  158.88  163.58  165.71  170.97  170.52  170.81  174.13  177.17  177.47  177.10  177.40  175.94  176.50  177.66  180.06  180.83  182.92  186.83  190.13  188.87  184.91  181.03  179.20  179.79  179.79  179.82  180.65  178.80  173.33  171.50  167.50  165.60  162.08  159.42  155.93  152.66  148.91  145.00  141.43  138.87  135.03  132.18 
137.83  140.77  141.72  144.85  148.45  152.03  153.58  156.50  161.37  163.27  168.89  166.99  166.20  169.05  171.78  172.32  172.15  172.61  173.53  172.14  172.61  174.13  178.23  177.02  181.33  183.81  184.05  189.30  186.70  183.36  178.04  175.75  174.77  175.40  175.56  178.08  176.94  172.12  170.78  166.77  164.32  160.56  157.32  153.44  149.36  145.72  142.21  139.02  135.78  132.46 
136.60  139.96  140.01  144.13  147.11  151.14  153.72  157.98  160.94  166.67  163.99  163.80  164.13  166.58  167.29  167.27  167.73  168.88  171.35  168.57  169.32  172.43  174.52  175.51  178.35  179.11  181.98  183.26  186.84  183.91  181.23  177.00  174.32  170.76  172.80  173.85  177.03  176.27  171.46  169.42  165.27  162.13  158.09  153.80  150.13  146.49  143.27  139.96  136.55  133.43 
135.44  136.27  139.66  142.03  146.37  149.32  153.75  158.38  162.90  161.39  161.50  159.58  161.56  162.38  162.50  162.96  164.05  165.60  167.86  166.27  167.28  168.93  173.76  172.20  174.19  176.61  178.06  179.74  182.55  184.45  180.80  179.87  174.16  171.05  169.04  171.64  172.66  176.44  174.78  170.02  167.09  162.88  158.34  154.66  150.87  147.63  144.25  140.69  137.52  134.78 
132.43  135.42  138.01  141.91  145.05  148.98  152.05  158.61  158.55  158.05  156.87  156.73  157.60  157.83  158.31  159.35  160.85  162.79  165.20  162.88  164.19  166.90  170.97  169.67  171.43  172.99  174.69  177.11  178.30  180.18  179.03  178.27  176.41  170.86  167.23  167.86  170.18  170.32  175.94  172.23  167.81  162.95  159.34  155.33  152.12  148.66  144.93  141.66  139.00  135.85 
131.30  134.03  137.63  140.84  144.51  147.72  151.91  152.17  155.85  154.17  153.40  152.94  153.26  153.76  154.77  156.22  158.04  159.76  162.89  160.28  162.09  164.90  168.87  166.40  168.03  169.73  171.90  173.23  174.74  174.40  174.83  175.37  175.15  172.41  167.06  165.08  165.80  169.05  169.93  172.89  167.61  164.18  159.87  156.73  153.20  149.28  145.87  143.31  140.06  136.86 
130.07  133.49  136.70  140.19  143.42  147.05  147.88  149.66  151.77  152.60  149.90  148.97  149.32  150.29  151.70  153.43  155.23  157.90  159.35  157.96  160.09  162.61  165.39  163.67  164.87  166.85  168.24  169.53  169.47  169.81  170.27  170.30  171.52  171.71  168.71  164.19  163.92  165.14  166.90  170.81  169.23  164.47  161.47  157.87  153.73  150.14  147.77  144.31  141.19  137.20 
129.42  132.65  136.00  139.19  142.42  143.62  145.22  146.61  148.54  149.32  147.96  145.67  145.93  147.28  148.96  150.77  153.16  154.71  157.40  155.33  157.87  160.23  160.01  160.35  161.96  163.35  164.50  164.63  164.92  165.33  165.51  166.48  166.86  168.00  169.14  164.01  160.44  162.25  165.40  165.42  169.11  166.32  163.02  158.62  154.48  152.41  148.62  145.61  141.45  137.32 
128.64  131.91  135.02  137.98  139.42  140.91  142.32  143.99  144.40  145.82  144.80  143.49  142.98  144.60  146.40  148.59  150.30  152.78  156.31  153.10  155.30  155.43  155.82  157.22  158.57  159.62  159.88  160.15  160.52  160.79  161.61  162.12  163.22  164.97  167.31  164.91  159.60  160.31  160.97  163.70  163.08  167.47  161.82  158.39  158.13  152.97  150.20  145.75  141.58  137.28 
127.89  130.95  133.71  135.28  136.72  138.12  139.60  140.22  141.29  144.16  143.75  140.74  140.35  142.12  144.18  145.98  148.37  151.28  154.19  151.32  150.93  151.38  152.63  153.91  154.89  155.23  155.51  155.85  156.18  156.89  157.50  158.63  160.91  162.43  163.88  161.96  159.75  156.48  158.64  158.84  162.14  162.67  160.29  157.77  156.35  154.99  150.13  145.92  141.50  137.33 
126.93  129.57  131.22  132.64  134.01  135.38  136.19  137.84  141.73  142.25  141.25  139.37  137.93  139.89  141.74  144.05  146.82  149.48  152.82  149.55  147.13  148.15  149.37  150.29  150.69  150.97  151.31  151.66  152.31  152.98  154.14  156.26  158.72  160.13  159.12  158.91  157.20  154.98  154.51  157.12  157.85  157.54  157.64  155.60  155.00  154.56  150.38  145.77  141.59  137.28 
125.52  127.26  128.66  130.00  131.29  132.29  134.41  138.89  139.10  140.24  138.74  137.05  135.73  137.59  139.84  142.48  145.11  147.92  147.76  147.92  145.19  144.94  145.82  146.26  146.55  146.87  147.25  147.86  148.56  149.77  152.01  156.63  155.44  154.93  155.28  154.55  154.13  152.54  152.32  153.14  153.01  153.19  152.99  152.82  151.19  150.50  149.64  145.86  141.50  137.33 
123.34  124.78  126.08  127.34  128.47  130.60  134.30  135.07  136.10  139.92  137.87  134.79  133.54  135.72  138.25  140.81  143.24  143.45  143.54  143.45  143.26  141.47  141.93  142.24  142.56  142.94  143.52  144.26  145.50  147.76  151.62  152.64  154.01  151.04  150.51  150.64  150.06  149.49  148.56  148.56  148.67  148.57  148.67  148.51  148.18  146.84  146.07  144.92  141.45  137.26 
120.95  122.27  123.50  124.72  126.81  129.97  131.08  132.20  134.45  138.30  137.70  133.82  131.71  134.13  136.58  138.76  139.19  139.28  139.23  139.28  139.20  138.85  138.03  138.35  138.74  139.30  140.07  141.33  143.55  146.92  148.70  150.62  149.94  149.21  146.84  146.19  146.15  145.65  145.06  144.29  144.22  144.28  144.22  144.27  144.12  143.71  142.56  141.73  140.38  137.10 
118.48  119.72  121.01  123.02  125.79  127.12  128.32  130.50  133.66  133.67  134.02  133.18  130.07  132.41  134.39  134.97  135.08  135.06  135.09  135.06  135.08  134.98  134.62  134.59  135.15  135.93  137.20  139.35  142.36  144.26  145.88  145.62  146.01  145.46  144.59  142.62  141.92  141.75  141.29  140.71  140.05  139.93  139.96  139.92  139.94  139.78  139.33  138.32  137.43  135.91 
