#Value Function.
13.4490 13.8220 14.1674 14.5289 14.9336 15.3723 15.7896 16.2852 16.4635 16.7912 17.2174 17.6409 18.0874 18.5198 18.9710 19.4577 19.9728 20.4066 20.7791 21.2262 21.3916 21.7047 21.9947 22.3344 22.5174 22.4568 22.4373 21.7108 21.2511 20.6142 20.1582 19.6077 19.0571 18.6239 18.0760 17.6244 17.1883 16.6643 16.2400 15.9760 15.4695 15.0161 14.5457 14.1032 13.6674 13.3013 13.0938 12.6636 12.2987 11.9648
13.5155 13.8878 14.2722 14.6199 14.9879 15.4050 15.8630 16.2755 16.8439 16.9492 17.3046 17.7542 18.1831 18.6476 19.0854 19.5469 20.0475 20.5919 21.0314 21.3943 21.9078 22.0062 22.3630 22.6448 23.0258 23.2207 22.3225 21.9243 21.2121 20.7863 20.2110 19.6230 19.2174 18.6229 18.1685 17.7400 17.1775 16.7233 16.5183 15.9540 15.5000 15.0102 14.5601 14.1068 13.7087 13.5584 13.0736 12.7085 12.3354 11.9207
13.6120 13.9482 14.3291 14.7306 15.0778 15.4524 15.8820 16.3642 16.7106 17.2529 17.4387 17.8258 18.3008 18.7304 19.2174 19.6575 20.1299 20.6430 21.2231 21.6663 22.0063 22.4673 22.6278 23.0901 22.7835 22.7266 22.4953 21.8218 21.3255 20.7329 20.1885 19.8308 19.1710 18.7173 18.3065 17.6956 17.2191 16.8867 16.3303 15.9937 15.4792 15.0247 14.5540 14.1256 13.8626 13.3898 13.0815 12.6612 12.3151 11.9350
13.7283 14.0498 14.3858 14.7815 15.2035 15.5459 15.9283 16.3696 16.8916 17.1838 17.7119 17.9493 18.3603 18.8650 19.2880 19.8054 20.2425 20.7279 21.2503 21.8758 22.3204 22.6306 23.1291 22.3758 22.4744 22.2045 22.1325 21.8066 21.2481 20.7164 20.1543 19.6300 19.2498 18.6238 18.1712 17.7429 17.2432 16.7279 16.3581 15.8588 15.4922 15.0119 14.5630 14.2168 13.7286 13.4197 12.9843 12.7304 12.2752 11.9167
13.7838 14.1806 14.4927 14.8333 15.2448 15.6923 16.0236 16.4160 16.8658 17.4468 17.6680 18.1836 18.4770 18.9070 19.4494 19.8537 20.4143 20.8392 21.3423 21.8678 22.5595 23.0425 22.4196 22.3796 21.8200 21.8856 21.5987 21.5478 21.1653 20.6389 20.1295 19.7242 19.0876 18.6606 18.0896 17.6288 17.1959 16.7235 16.2403 15.8520 15.3906 15.0092 14.5767 14.1281 13.7548 13.3296 12.9784 12.5819 12.3063 11.8879
13.7991 14.2327 14.6944 14.9133 15.2851 15.7197 16.1990 16.5097 16.9171 17.3672 17.8384 18.1711 18.6600 19.0250 19.4642 20.0574 20.4165 21.0286 21.4483 21.9750 22.4829 22.3599 22.5386 21.8666 21.6896 21.2560 21.3212 21.0211 21.0048 20.5447 20.0392 19.5530 19.1223 18.5456 18.0958 17.5787 17.1092 16.6776 16.2190 15.7597 15.3642 14.9185 14.5276 14.1302 13.6960 13.3212 12.9139 12.5809 12.1972 11.8963
13.7963 14.2456 14.6764 15.1358 15.3525 15.7556 16.2045 16.7268 17.0018 17.4130 17.8375 18.3494 18.6988 19.1359 19.5946 20.0284 20.6615 20.9789 21.6623 21.9279 21.9210 21.9097 21.8123 21.8672 21.2893 21.0413 20.7005 20.8163 20.4549 20.3522 19.9366 19.4544 18.9856 18.5442 18.0034 17.5520 17.0588 16.6013 16.1735 15.7283 15.2720 14.8757 14.4949 14.0828 13.6885 13.2749 12.9260 12.5169 12.1774 11.8124
13.8045 14.2337 14.6793 15.1348 15.5322 15.8097 16.2432 16.6969 17.2803 17.4989 17.9446 18.3519 18.8411 19.2581 19.6278 20.2035 20.5220 21.1729 21.3949 21.5476 21.4235 21.3665 21.4516 21.2245 21.2460 20.7147 20.4257 20.1596 20.1671 19.8827 19.7278 19.3428 18.8835 18.4292 17.9826 17.4767 17.0247 16.5510 16.1051 15.6808 15.2382 14.8517 14.4259 14.0452 13.6476 13.2517 12.8576 12.5115 12.1261 11.7825
13.7963 14.2339 14.6726 15.0772 15.5619 16.0001 16.2779 16.7472 17.1390 17.6520 18.0133 18.4864 18.8425 19.1964 19.7133 20.0533 20.7047 20.8720 20.9545 21.0055 21.0130 20.8378 20.9210 20.9012 20.6582 20.6841 20.1446 19.8370 19.6023 19.5508 19.3126 19.1267 18.7639 18.3261 17.8845 17.3786 16.9452 16.5029 16.0751 15.6199 15.1913 14.7745 14.3916 13.9849 13.5869 13.2167 12.8353 12.4566 12.1103 11.7386
13.7945 14.2240 14.6294 15.0887 15.5204 15.9411 16.4631 16.7554 17.2381 17.6408 18.0610 18.4283 18.7930 19.1708 19.5989 20.2405 20.4170 20.4572 20.4937 20.5599 20.5318 20.3860 20.3049 20.3141 20.3497 20.1381 20.0382 19.5767 19.2671 19.0495 18.9603 18.7495 18.5455 18.2000 17.7817 17.3427 16.8213 16.4026 16.0007 15.5481 15.1431 14.7279 14.3243 13.9238 13.5489 13.1654 12.8007 12.4299 12.0641 11.7168
13.7831 14.1904 14.6307 15.0640 15.5042 16.0092 16.3798 16.8369 17.2530 17.6350 18.0504 18.3252 18.7338 19.1369 19.7742 19.8315 19.9795 19.9603 19.9729 20.0026 20.0164 19.9281 19.7991 19.7564 19.7332 19.7765 19.6994 19.4301 19.0168 18.7128 18.5046 18.3909 18.1962 17.9822 17.6509 17.2465 16.7936 16.2289 15.8776 15.5071 15.0788 14.6791 14.2573 13.8798 13.4936 13.1248 12.7535 12.3955 12.0349 11.6761
13.7701 14.2159 14.6326 15.0873 15.5371 15.9794 16.5244 16.8575 17.1365 17.6069 17.8259 18.3455 18.6973 19.3284 19.2849 19.4852 19.3916 19.4105 19.4901 19.6139 19.5133 19.4424 19.3430 19.2295 19.1957 19.1656 19.1866 19.1008 18.8419 18.4669 18.1724 17.9697 17.8398 17.6544 17.4353 17.1157 16.7216 16.2555 15.7317 15.3906 15.0481 14.5926 14.2223 13.8749 13.4536 13.0741 12.7120 12.3514 12.0008 11.6458
13.7937 14.2102 14.6717 15.0886 15.5628 16.0234 16.4611 16.6664 17.2104 17.3437 17.8218 18.3060 18.9366 18.7790 19.0020 18.8546 18.8980 19.1044 19.1467 19.1250 19.2098 19.0086 18.8823 18.7753 18.6739 18.6337 18.6088 18.6125 18.5194 18.2717 17.9279 17.6447 17.4456 17.3049 17.1248 16.9038 16.5939 16.1757 15.7426 15.3408 14.8991 14.5725 14.1243 13.7825 13.4353 13.0362 12.6648 12.3100 11.9718 11.6135
13.7856 14.2433 14.6538 15.1427 15.5530 16.0524 16.2061 16.6613 16.8703 17.3074 17.8311 18.3712 18.3341 18.5765 18.3895 18.4480 18.5567 18.7020 18.6868 18.8713 18.7174 18.6899 18.5890 18.3519 18.2257 18.1305 18.0869 18.0636 18.0535 17.9546 17.7183 17.4006 17.1291 16.9303 16.7846 16.6051 16.3865 16.0816 15.6414 15.2337 14.8595 14.4267 14.1085 13.6964 13.3538 13.0092 12.6280 12.3775 11.9609 11.5988
13.8187 14.2231 14.7030 15.1041 15.6314 15.7612 16.1484 16.4516 16.8313 17.3581 17.8100 17.8406 18.0980 17.9665 17.9882 18.0733 18.3389 18.3032 18.5842 18.3745 18.3821 18.2896 18.1553 18.2039 17.8392 17.6930 17.6000 17.5541 17.5303 17.5092 17.4059 17.1805 16.8588 16.5695 16.3631 16.2444 16.0844 15.8650 15.5719 15.0770 14.7278 14.3898 13.9897 13.6619 13.2758 12.9253 12.8103 12.3497 11.9861 11.6486
13.8604 14.2636 14.6632 15.1804 15.3689 15.6615 15.9785 16.4092 16.9835 17.3248 17.3625 17.6407 17.5044 17.5414 17.6704 17.8921 17.8726 18.1309 17.9806 18.0545 18.0521 17.8735 17.8454 17.6510 17.6237 17.3283 17.1748 17.0824 17.0348 17.0092 16.9790 16.8409 16.6064 16.3209 16.0528 15.8670 15.7285 15.5758 15.3525 15.0699 14.5727 14.2426 13.9298 13.5456 13.2151 12.8718 12.5448 12.3709 11.9602 11.6013
13.8433 14.3153 14.7150 15.0931 15.2062 15.5141 15.9324 16.4517 16.7859 16.8988 17.2511 17.0634 17.0956 17.2618 17.4234 17.4044 17.6467 17.5392 17.6251 17.7124 17.6829 17.5213 17.3915 17.3634 17.1494 17.0727 16.8235 16.6697 16.5775 16.5284 16.4898 16.3947 16.2934 16.0810 15.8276 15.5762 15.3925 15.2505 15.0603 14.8496 14.5813 14.1308 13.7467 13.4251 13.0833 12.7944 12.4666 12.1636 11.9533 11.5757
13.8677 14.2817 14.7806 14.7783 15.0605 15.4637 15.9393 16.2684 16.4386 16.8736 16.6839 16.7074 16.8422 16.9180 16.9735 17.1604 17.0659 17.1682 17.3176 17.1748 17.1896 17.2723 17.0261 16.9924 16.8464 16.6519 16.5449 16.3274 16.1767 16.1119 16.0206 16.0358 15.9050 15.7904 15.5890 15.3472 15.1099 14.9290 14.7384 14.5370 14.3677 14.1094 13.6974 13.2908 12.9470 12.6710 12.3857 12.0726 11.7854 11.5492
13.8449 14.2818 14.3632 14.6192 15.0041 15.4445 15.7686 15.9718 16.3180 16.2980 16.3319 16.3868 16.4387 16.5895 16.6408 16.6019 16.6876 16.9533 16.7528 16.7964 16.7513 16.7149 16.8360 16.5721 16.5515 16.3777 16.1652 16.0368 15.8308 15.6871 15.7352 15.5601 15.5380 15.4238 15.3023 15.1097 14.8792 14.6146 14.4564 14.2803 14.0291 13.8817 13.6507 13.2184 12.8223 12.5405 12.3365 12.0935 11.7003 11.4098
13.8056 13.9465 14.1896 14.5547 14.9657 15.2841 15.5055 15.7944 15.8326 15.9469 15.9583 16.0094 16.1812 16.1492 16.1444 16.2207 16.5067 16.3765 16.4032 16.2722 16.2858 16.3245 16.2681 16.3246 16.0970 16.0425 15.8788 15.6751 15.4879 15.3508 15.2321 15.2362 15.1015 15.0574 14.9527 14.8278 14.6007 14.4088 14.1724 14.0098 13.8229 13.5299 13.3921 13.1597 12.9431 12.6613 12.5157 12.0648 11.7036 11.3303
13.5278 13.7700 14.1158 14.5017 14.8135 15.0441 15.2963 15.3780 15.5444 15.5130 15.6564 15.7347 15.6909 15.8202 15.7678 16.0393 16.1271 16.0272 15.9024 15.8945 15.8479 15.9589 15.9296 15.7850 15.8027 15.6262 15.5369 15.3912 15.2002 15.0223 14.8857 14.7812 14.7580 14.6486 14.5915 14.4526 14.3573 14.1430 13.9586 13.7413 13.5552 13.3477 13.0613 12.8867 12.8625 12.7937 12.3458 12.0945 11.6855 11.3221
13.3545 13.6875 14.0515 14.3560 14.5902 14.8188 14.9292 15.1174 15.1448 15.2767 15.2564 15.2508 15.4235 15.3325 15.5510 15.7197 15.6826 15.6341 15.5393 15.4335 15.4809 15.5558 15.4661 15.4340 15.3176 15.2934 15.1578 15.0592 14.9169 14.7369 14.5673 14.4337 14.3372 14.2970 14.1691 14.1255 14.0023 13.9009 13.7071 13.5089 13.3152 13.1299 12.9208 12.6512 12.6332 12.5665 12.3683 11.9715 11.6924 11.3082
13.2649 13.6142 13.9108 14.1452 14.3585 14.4879 14.6752 14.8993 14.8593 14.8046 14.8190 15.0078 14.9177 15.0832 15.2889 15.3477 15.2507 15.2065 15.1545 15.0654 15.1861 15.1336 15.0791 14.9931 14.9470 14.8590 14.8161 14.6978 14.5944 14.4554 14.2851 14.1231 13.9882 13.8747 13.8414 13.7334 13.6802 13.5619 13.4349 13.2760 13.0870 12.8991 12.7150 12.4909 12.2839 12.2372 12.1544 11.9514 11.5978 11.3016
13.1845 13.4774 13.7101 13.9138 14.0617 14.2772 14.6007 14.4228 14.4366 14.4019 14.5581 14.5085 14.6332 14.8363 15.0050 14.8496 14.8664 14.7899 14.7424 14.8411 14.8154 14.7274 14.6690 14.6147 14.5385 14.4855 14.4083 14.3542 14.2472 14.1418 14.0061 13.8312 13.6770 13.5506 13.5250 13.4123 13.2833 13.2316 13.1355 13.0111 12.8563 12.6754 12.5455 12.5147 12.2133 11.9562 11.8505 11.7538 11.5504 11.2239
13.0509 13.2855 13.4841 13.6538 13.9493 14.2858 14.1097 14.1280 13.9967 14.1120 14.1355 14.1994 14.4012 14.6888 14.5013 14.5243 14.4110 14.4029 14.5377 14.5665 14.4035 14.3475 14.2771 14.2192 14.1633 14.0936 14.0373 13.9666 13.9061 13.8067 13.6404 13.5607 13.3839 13.2470 13.1385 13.0658 12.9872 12.8751 12.8130 12.7196 12.5981 12.4475 12.2823 12.4679 12.3737 11.9883 11.7175 11.4872 11.3661 11.1592
12.8669 13.0677 13.2524 13.5638 13.9983 13.8030 13.8211 13.6917 13.7159 13.7976 13.7836 13.9831 14.3186 14.1812 14.2111 14.0749 14.0649 14.1381 14.1532 14.1008 14.0778 13.9667 13.9043 13.8377 13.7803 13.7240 13.6588 13.6012 13.5346 13.4705 13.3699 13.2240 13.1281 12.9685 12.8486 12.7319 12.6553 12.5750 12.4744 12.4060 12.3143 12.1956 12.0674 12.1383 12.2407 12.1303 11.6970 11.4070 11.1350 10.9870
12.6585 12.8577 13.1574 13.5285 13.5021 13.5364 13.3942 13.4089 13.4177 13.3897 13.5797 13.9481 13.8289 13.8567 13.7589 13.7559 13.7134 13.8142 13.7152 13.8282 13.6802 13.6343 13.5382 13.4730 13.4090 13.3523 13.2962 13.2343 13.1765 13.1126 13.0460 12.9463 12.8143 12.7095 12.5639 12.4441 12.3342 12.2552 12.1745 12.0819 12.0098 11.9194 11.8708 11.9264 11.9682 11.9044 11.8056 11.3786 11.0516 10.7839
12.4654 12.7563 13.0768 13.1111 13.1130 13.0883 13.0904 13.0063 13.0039 13.1906 13.5834 13.4685 13.4976 13.4135 13.4145 13.3402 13.4669 13.3419 13.3856 13.3425 13.3764 13.2630 13.2051 13.1188 13.0528 12.9909 12.9349 12.8794 12.8200 12.7627 12.7007 12.6323 12.5348 12.4125 12.3036 12.1681 12.0504 11.9454 11.8651 11.7850 11.6981 11.6265 11.6731 11.6905 11.7717 11.7780 11.5641 11.4344 11.0237 10.6953
12.3553 12.6472 12.7177 12.7066 12.7007 12.7429 12.6823 12.6707 12.8139 13.2251 13.1136 13.1425 13.0618 13.0657 13.0025 13.1306 13.0024 13.0281 12.9410 12.9597 12.9329 12.9431 12.8519 12.7886 12.7089 12.6434 12.5831 12.5279 12.4733 12.4159 12.3593 12.2986 12.2294 12.1344 12.0193 11.9093 11.7815 11.6667 11.5657 11.4849 11.3905 11.4080 11.3412 11.4537 11.5887 11.6372 11.4077 11.2166 11.0074 10.6987
12.2180 12.2599 12.3066 12.3294 12.4445 12.3202 12.3319 12.4646 12.8845 12.7663 12.7937 12.7154 12.7198 12.6596 12.8133 12.6766 12.7000 12.6083 12.6080 12.5441 12.5483 12.5295 12.5252 12.4486 12.3835 12.3087 12.2442 12.1853 12.1310 12.0774 12.0218 11.9661 11.9063 11.8369 11.7446 11.6351 11.5256 11.4042 11.2927 11.1848 11.1371 11.0368 11.1938 11.3343 11.4503 11.3176 11.2460 11.0406 10.8476 10.6331
11.8722 11.9213 11.9685 12.1936 12.0124 12.0321 12.1701 12.6102 12.4415 12.4617 12.3774 12.3803 12.3218 12.5542 12.3709 12.3901 12.2912 12.2880 12.2181 12.2032 12.1535 12.1492 12.1340 12.1206 12.0540 11.9890 11.9182 11.8550 11.7975 11.7441 11.6914 11.6374 11.5827 11.5237 11.4544 11.3649 11.2600 11.1469 11.0742 10.9258 10.8278 10.8513 11.1304 11.0825 11.0718 11.1439 10.9670 10.8680 10.6803 10.4863
11.5432 11.6071 11.7797 11.7516 11.7794 11.8141 12.1618 12.1541 12.1865 12.0644 12.0571 11.9927 12.1304 12.1020 12.1305 11.9969 11.9859 11.9094 11.8908 11.8342 11.8112 11.7705 11.7611 11.7471 11.7281 11.6683 11.6048 11.5371 11.4755 11.4192 11.3668 11.3152 11.2625 11.2088 11.1506 11.0818 10.9949 10.9964 10.7919 10.7059 10.5733 10.7396 10.7368 10.7624 10.8907 10.7680 10.7633 10.6152 10.5032 10.3240
11.2446 11.3862 11.3866 11.4111 11.4703 11.7414 11.7760 11.7972 11.7735 11.7820 11.6897 11.7318 11.7272 11.7434 11.7220 11.7265 11.6246 11.5966 11.5335 11.5063 11.4578 11.4306 11.3536 11.3786 11.3686 11.3466 11.2919 11.2302 11.1654 11.1054 11.0504 10.9990 10.9484 10.8970 10.8442 10.7868 10.7188 10.6598 10.6177 10.4487 10.3752 10.3948 10.4259 10.5344 10.5877 10.6272 10.4353 10.3969 10.2681 10.1462
11.0050 11.0274 11.0539 11.1255 11.3437 11.4018 11.4201 11.4055 11.4145 11.3985 11.3931 11.3579 11.3663 11.3361 11.3605 11.3474 11.3383 11.2569 11.2198 11.1649 11.1145 11.0876 11.0451 10.9974 11.0079 10.9991 10.9754 10.9246 10.8651 10.8029 10.7445 10.6908 10.6403 10.5908 10.5406 10.4887 10.4320 10.3678 10.3114 10.2547 10.1123 10.0953 10.1897 10.2694 10.3981 10.5246 10.2918 10.1087 10.0452 9.9240 
10.6716 10.7061 10.7831 10.9641 11.0342 11.0535 11.0449 11.0491 11.0390 11.0430 11.0307 11.0214 10.9947 10.9948 10.9746 10.9894 10.9801 10.9632 10.8956 10.8540 10.8023 10.7449 10.7241 10.6816 10.6309 10.6408 10.6379 10.6140 10.5663 10.5092 10.4493 10.3926 10.3400 10.2906 10.2421 10.1930 10.1421 10.0864 10.0254 9.9698  9.9050  9.8580  9.9588  10.2316 10.1890 10.2387 10.3064 9.9698  9.7870  9.7023 
10.3628 10.4453 10.5991 10.6746 10.6965 10.6923 10.6937 10.6867 10.6878 10.6807 10.6816 10.6714 10.6603 10.6388 10.6343 10.6184 10.6286 10.6208 10.5996 10.5415 10.4980 10.4477 10.3884 10.3667 10.3293 10.2915 10.2908 10.2859 10.2620 10.2169 10.1621 10.1045 10.0494 9.9981  9.9496  9.9021  9.8541  9.8041  9.7497  9.6914  9.6357  9.6465  9.8647  9.8688  9.9257  10.1436 10.0281 9.9375  9.6498  9.4673 
10.1095 10.2468 10.3237 10.3485 10.3477 10.3478 10.3425 10.3421 10.3367 10.3361 10.3308 10.3298 10.3207 10.3089 10.2908 10.2837 10.2677 10.2770 10.2698 10.2466 10.1953 10.1510 10.1015 10.0462 10.0143 9.9861  9.9464  9.9489  9.9428  9.9006  9.8743  9.8235  9.7682  9.7147  9.6646  9.6171  9.5706  9.5237  9.4746  9.4216  9.3655  9.5175  9.5514  9.6136  9.7824  9.7597  9.7911  9.7945  9.6024  9.3323 
9.9021  9.9817  10.0092 10.0113 10.0108 10.0067 10.0052 10.0010 9.9995  9.9952  9.9936  9.9892  9.9870  9.9785  9.9667  9.9509  9.9420  9.9254  9.9344  9.9273  9.9033  9.8569  9.8129  9.7644  9.7137  9.6545  9.6486  9.6049  9.6093  9.6057  9.5599  9.5399  9.4931  9.4402  9.3883  9.3394  9.2929  9.2474  9.2014  9.1534  9.1891  9.2388  9.3045  9.4396  9.4434  9.4654  9.4715  9.4718  9.5903  9.2802 
9.6451  9.6783  9.6828  9.6823  9.6790  9.6770  9.6734  9.6714  9.6678  9.6657  9.6619  9.6597  9.6559  9.6529  9.6448  9.6332  9.6190  9.6089  9.5941  9.6006  9.5933  9.5693  9.5266  9.4832  9.4203  9.3842  9.3032  9.3114  9.2797  9.2738  9.2707  9.2255  9.2028  9.1643  9.1248  9.0705  9.0197  8.9555  8.9300  8.8870  8.9295  8.9997  9.1115  9.1312  9.1492  9.1574  9.1678  9.2538  9.2199  9.2245 
9.3522  9.3624  9.3622  9.3593  9.3571  9.3540  9.3517  9.3484  9.3460  9.3427  9.3403  9.3369  9.3343  9.3309  9.3273  9.3195  9.3083  9.2952  9.2844  9.2659  9.2748  9.2677  9.2308  9.2028  9.1599  9.0905  9.0598  9.3254  9.2959  9.1478  9.1224  8.9422  8.8994  8.9134  8.9435  8.9054  8.7546  8.7083  8.6701  8.6310  8.6939  8.7877  8.8247  8.8416  8.8516  8.8675  8.9322  8.9176  8.9327  8.9062 
9.0463  9.0500  9.0476  9.0453  9.0424  9.0400  9.0370  9.0345  9.0314  9.0288  9.0257  9.0231  9.0198  9.0171  9.0138  9.0099  9.0023  8.9915  8.9792  8.9677  8.9456  8.9569  8.9487  8.9062  8.9156  9.0232  9.2891  9.3340  9.0095  8.9839  8.8278  8.7769  8.7085  8.7553  8.8152  8.8255  8.6073  8.4614  8.4218  8.4012  8.4843  8.5310  8.6068  8.5535  8.5722  8.6227  8.6196  8.6279  8.6144  8.6186 
8.7424  8.7435  8.7412  8.7385  8.7361  8.7332  8.7307  8.7278  8.7252  8.7223  8.7196  8.7166  8.7138  8.7107  8.7079  8.7046  8.7004  8.6930  8.6722  8.6698  8.6584  8.6312  8.6464  8.7353  8.9272  9.2513  9.3009  9.0089  8.9803  8.7285  8.6642  8.5333  8.4938  8.5430  8.5739  8.5322  8.4983  8.3132  8.1779  8.1904  8.2417  8.3028  8.2905  8.4687  8.3235  8.3273  8.3322  8.3232  8.3264  8.3142 
8.4440  8.4448  8.4422  8.4397  8.4364  8.4003  8.4318  8.4292  8.4264  8.4237  8.4208  8.4181  8.4151  8.4123  8.4092  8.4063  8.4031  8.3987  8.3904  8.3655  8.3598  8.3809  8.6264  8.7150  9.0582  9.0999  8.9570  8.9494  8.7242  8.6501  8.4440  8.3583  8.2613  8.3893  8.3597  8.2910  8.2376  8.1856  8.0248  7.9580  8.0113  8.0233  8.1561  8.1489  8.3363  8.0788  8.0407  8.0392  8.0326  8.0303 
8.1525  8.1504  8.1244  8.1476  8.1448  8.1283  8.1353  8.1379  8.1354  8.1340  8.1435  8.2042  8.1324  8.1219  8.1183  8.1152  8.1071  8.1085  8.1045  8.0924  8.2398  8.5095  8.5115  8.8428  8.8522  8.7614  8.7699  8.6618  8.6193  8.4358  8.3368  8.1603  8.0869  8.0948  8.2188  8.1999  8.0187  7.9499  7.8852  7.7490  7.7563  7.8610  7.8856  8.0264  8.0225  8.2294  7.9095  7.7726  7.7557  7.7460 
7.8660  7.8648  7.8549  7.8553  7.8593  7.8426  7.8409  7.8603  7.8841  7.8726  7.9436  7.9701  7.9029  7.9283  7.8452  7.8809  8.0252  7.8743  7.9416  8.0419  8.2626  8.3115  8.6463  8.5609  8.5389  8.5362  8.4680  8.4551  8.3670  8.3050  8.1482  8.0366  7.8825  7.9229  7.9449  8.0082  8.0204  7.7610  7.6706  7.5966  7.5789  7.6214  7.7340  7.7635  7.9175  7.8959  7.8997  7.6428  7.5090  7.4779 
7.5874  7.5856  7.5834  7.5800  7.5927  7.5787  7.5824  7.6210  7.6455  7.6835  7.8632  7.6864  7.7284  7.6282  7.6982  7.8093  7.8134  7.7640  7.7918  8.0290  8.1097  8.3099  8.3025  8.3321  8.2656  8.2440  8.2320  8.1776  8.1522  8.0758  8.0032  7.8641  7.7473  7.6781  7.7539  7.9375  7.7595  7.8181  7.5288  7.4016  7.3595  7.4548  7.5027  7.6228  7.6242  7.6321  7.6169  7.5900  7.3776  7.2471 
7.3157  7.3160  7.3141  7.3223  7.3136  7.3185  7.3513  7.3793  7.4269  7.5726  7.5267  7.5545  7.4309  7.4382  7.5445  7.6276  7.5489  7.5530  7.7583  7.9875  8.0097  8.0203  8.0395  8.0175  8.0302  7.9789  7.9555  7.9379  7.8919  7.8592  7.7897  7.7117  7.5849  7.5323  7.8222  7.6323  7.6332  7.5247  7.6661  7.3523  7.1859  7.2434  7.3413  7.3561  7.3612  7.3519  7.3552  7.3411  7.2957  7.1132 
7.0527  7.0542  7.0597  7.0547  7.0606  7.0893  7.1199  7.1718  7.2885  7.2977  7.3271  7.2657  7.2665  7.2932  7.5225  7.3479  7.3439  7.5119  7.7320  7.7329  7.7424  7.7566  7.7429  7.7510  7.7366  7.7390  7.6978  7.6736  7.6525  7.6118  7.5748  7.5043  7.4209  7.6603  7.5094  7.5185  7.3757  7.3761  7.3495  7.3518  7.0963  7.0705  7.0930  7.0978  7.0914  7.0921  7.0855  7.0857  7.0700  7.0116 
6.7980  6.8043  6.8018  6.8086  6.8346  6.8668  6.9203  7.0180  7.0505  7.1669  7.0495  7.0522  7.0513  7.2262  7.2101  7.2270  7.2470  7.4212  7.4652  7.4711  7.4820  7.4735  7.4771  7.4677  7.4712  7.4609  7.4570  7.4227  7.3983  7.3752  7.3377  7.3977  7.3872  7.3510  7.3654  7.2536  7.2324  7.1219  7.1073  7.0859  7.0573  6.8581  6.8414  6.8369  6.8362  6.8311  6.8303  6.8251  6.8230  6.8023 
6.5517  6.5528  6.5603  6.5843  6.6174  6.6708  6.7557  6.8009  6.8898  6.8639  6.8844  6.8113  6.9446  6.9533  6.9679  7.0007  7.1443  7.2303  7.2041  7.2125  7.2074  7.2085  7.2018  7.2027  7.1959  7.1967  7.1885  7.1809  7.1514  7.1271  7.1256  7.1252  7.1260  7.1150  7.0884  7.0840  6.9965  6.9585  6.8691  6.8460  6.8244  6.7787  6.6213  6.5885  6.5809  6.5789  6.5747  6.5730  6.5687  6.5628 
