#Value Function.
55.8949 56.1062 57.8007 59.4784 60.6054 61.2244 61.4917 61.7113 62.0149 62.6177 64.1089 66.2192 68.1814 69.5997 70.4604 70.8980 71.0672 71.0839 70.9515 70.3901 68.8244 68.5212 69.2182 70.2733 70.6986 70.7566 70.7917 70.9338 71.1475 71.2035 71.2836 71.3286 71.3474 71.3513 71.3517 71.3490 71.3460 71.3429 71.3427 70.5651 70.3320 70.2519 70.1644 70.1138 70.1089 70.0765 69.8899 69.2187 68.4651 68.1996
54.2791 57.5059 59.2579 60.9259 61.9163 62.4227 62.6140 62.8296 63.1547 63.8301 65.5358 67.7784 69.6898 70.9775 71.7126 72.0577 72.1695 72.1542 71.9879 71.3228 69.5168 69.5545 70.4657 71.5879 71.8487 71.8321 71.8694 72.0380 72.2668 72.2818 72.3723 72.4074 72.4206 72.4214 72.4213 72.4178 72.4149 72.4117 72.4122 71.4442 71.3682 71.3099 71.2183 71.1773 71.1828 71.1425 70.9182 70.1299 69.3685 68.3948
54.5827 57.9554 58.4824 60.5199 62.1810 63.0747 63.5294 63.6585 63.8812 64.1899 64.8318 66.7169 69.0776 70.9580 72.1744 72.8450 73.1429 73.2272 73.2064 73.0635 72.4092 70.1358 70.5961 71.5852 72.8344 72.9037 73.0760 73.3659 73.3210 73.4373 73.4659 73.4776 73.4761 73.4764 73.4722 73.4695 73.4657 73.4658 73.4732 72.5340 72.4877 72.4032 72.3546 72.2476 72.2163 72.0767 71.1854 70.3602 69.9859 69.0536
55.3219 58.7771 58.9860 59.4142 61.8570 63.4284 64.2189 64.6345 64.6884 64.9396 65.2236 65.8061 67.9313 70.3992 72.2222 73.3634 73.9699 74.2224 74.2805 74.2557 74.1439 73.5498 70.5896 71.7613 72.8474 74.0990 74.4908 74.3428 74.5088 74.5234 74.5348 74.5301 74.5319 74.5264 74.5244 74.5197 74.5194 74.5251 74.5466 73.6264 73.5728 73.5326 73.4349 73.4039 73.2712 72.2354 71.3354 70.9986 70.9135 69.9957
55.9651 59.4896 59.8682 60.0140 60.2788 63.3107 64.6410 65.3520 65.7419 65.6978 66.0118 66.2553 66.7404 69.1967 71.7401 73.4776 74.5446 75.0872 75.2962 75.3297 75.3016 75.2253 74.7812 71.8376 73.0211 74.0859 75.3332 75.5930 75.5782 75.5926 75.5832 75.5879 75.5801 75.5795 75.5736 75.5727 75.5764 75.5951 75.6352 74.7190 74.6625 74.6082 74.5803 74.4593 73.4729 72.2889 72.0121 71.9634 71.9522 71.0359
56.1334 59.6336 60.6897 60.9417 61.0502 61.0382 64.9482 65.7669 66.4896 66.8534 66.6770 67.1095 67.2832 67.6162 70.5415 73.0897 74.7201 75.7192 76.1966 76.3648 76.3748 76.3436 76.2986 76.0463 73.0795 74.2746 75.4237 76.5589 76.6522 76.6345 76.6450 76.6330 76.6352 76.6267 76.6258 76.6256 76.6415 76.6733 76.7599 75.8595 75.7368 75.6951 75.6394 74.7092 74.7631 73.0302 73.0182 73.0143 73.0034 72.0881
56.1712 59.6640 60.7829 61.9155 61.9851 62.1158 65.2596 66.0609 66.8942 67.6326 67.9728 67.6113 68.2519 68.3024 68.4069 72.0106 74.4245 75.9495 76.8888 77.2969 77.4289 77.4161 77.3822 77.3581 77.3603 77.3441 75.6291 77.3232 77.6514 77.7044 77.6844 77.6921 77.6790 77.6802 77.6715 77.6863 77.7024 77.7876 77.8578 76.9563 76.8694 76.7300 76.3997 75.9012 75.4289 74.0832 74.0780 74.0643 74.0619 73.1439
56.1756 59.6626 60.8133 61.9236 63.1810 63.2508 65.4801 66.3947 67.1669 68.0247 68.7810 69.1064 68.4772 69.4705 69.5216 70.7723 73.2929 75.7830 77.1565 78.0578 78.3858 78.4900 78.4531 78.4189 78.3953 78.4004 78.6044 77.5744 78.5050 78.7283 78.7511 78.7305 78.7363 78.7188 78.7338 78.7318 78.7977 78.8557 78.9777 78.6813 77.7628 77.4594 76.9059 76.6182 75.2297 75.1613 75.1238 75.1276 75.1022 74.1824
56.2021 59.6900 60.8474 62.0633 63.1877 64.4467 65.5884 66.6278 67.5303 68.2633 69.1606 69.9337 70.2659 69.6893 70.6906 70.6803 71.7840 74.6275 77.1639 78.3285 79.2351 79.4580 79.5513 79.4848 79.4566 79.4518 79.4378 79.8079 78.7701 79.6953 79.7831 79.7961 79.7638 79.7847 79.7603 79.8128 79.8172 79.9778 79.7000 78.5240 78.3813 78.1904 77.8213 76.3831 76.2787 76.2736 76.1952 76.1649 76.1349 75.1934
56.2493 59.7369 60.9571 62.1074 63.3127 64.3619 65.6123 66.7409 67.7754 68.6674 69.3455 70.3063 71.0868 71.4207 71.6041 71.7607 71.7516 72.7459 76.0410 78.5611 79.4492 80.4371 80.5021 80.6198 80.5074 80.4955 80.4596 80.9729 80.9376 79.9640 80.9002 80.8052 80.8476 80.7924 80.8486 80.8292 80.9195 80.7316 79.0922 79.1358 79.0780 78.9012 77.6123 77.4407 77.3811 77.2940 77.3295 77.2260 77.0055 76.0753
56.3345 59.8300 61.0173 62.1964 63.2902 64.4815 65.5346 66.7771 67.8902 68.9231 69.8067 70.4067 71.4691 72.2370 72.4906 72.6616 72.8337 72.8260 73.6315 77.5754 79.9586 80.4984 81.6913 81.7070 81.7632 81.5010 81.5482 81.6839 82.0920 82.0625 81.9442 81.9508 81.8175 81.9089 81.8160 81.9143 81.6362 80.9192 79.8458 79.7885 79.7908 78.8178 78.5933 78.4918 78.4007 78.4090 78.3114 78.0441 77.9615 77.0239
56.4131 59.8981 61.0917 62.2130 63.4031 64.6556 65.6509 66.7029 67.9418 69.0342 70.0683 70.9500 71.4344 72.6624 73.3860 73.5434 73.7183 73.9101 73.9040 74.4006 79.2976 81.3221 82.3108 82.8252 82.8371 81.7633 82.7119 83.0313 83.1263 83.1375 83.1088 82.9563 83.0145 82.8111 82.9836 82.6685 81.7483 80.9565 80.4605 80.5851 79.9355 79.7114 79.5747 79.4649 79.4730 79.4060 79.0670 79.0319 78.8896 77.8472
56.6119 60.1389 61.2551 62.4185 63.5783 64.6907 65.8095 66.8249 67.8759 69.1001 70.1645 71.2090 72.0987 72.4128 73.9070 74.5243 74.5766 74.7781 74.9903 74.9852 74.9918 81.3153 82.4876 83.4883 83.9497 83.7212 82.9489 83.8978 84.1006 84.1808 84.1809 84.1597 83.9538 84.0994 83.7689 82.8058 81.8239 81.1045 81.3873 80.9892 80.7584 80.6494 80.5235 80.5161 80.4517 80.4238 80.2396 80.0871 79.0497 78.0065
56.6080 60.1232 61.2915 62.3907 63.5689 64.7291 65.8294 66.9604 68.0149 69.1422 70.2169 71.2811 72.3386 73.2709 73.3176 75.2424 75.6300 75.5910 75.8459 76.0731 75.9026 81.1938 82.4861 83.6505 84.6751 85.0873 84.8997 84.1418 85.0952 85.1427 85.2393 85.2200 85.2192 84.9267 83.8315 82.7841 81.8395 82.4256 81.7732 81.6649 81.6368 81.5807 81.5350 81.4866 81.4803 81.4466 81.2725 80.3035 79.1051 78.4557
56.5190 60.0739 61.2761 62.4449 63.5201 64.7229 65.8785 66.9575 68.0972 69.1690 70.2401 71.3168 72.3895 73.4682 74.4829 74.5386 76.6308 76.6828 76.7905 76.8824 77.1850 82.0041 82.5099 83.6248 84.8161 85.8722 86.2069 86.0848 85.3549 86.3066 86.2560 86.2876 86.1921 84.4901 83.8079 82.9160 83.6654 82.6088 82.6194 82.6125 82.5974 82.5696 82.5533 82.5355 82.5100 82.4435 81.5408 82.1398 82.1250 81.1680
55.9207 59.6161 61.3111 62.4091 63.6040 64.6377 65.8815 67.0179 68.1157 69.1972 70.2712 71.3409 72.4070 73.4997 74.6017 75.7164 76.8316 77.8537 77.9124 78.1708 78.9441 78.6252 83.9841 84.9065 84.8108 85.9736 87.0870 87.2976 87.3732 87.3181 87.3597 87.2790 86.9653 85.2615 84.0585 85.0474 83.6269 83.6246 83.6265 83.6178 83.6122 83.5965 83.5878 83.5696 83.5178 83.3591 83.3125 83.2360 82.9023 81.8982
53.2094 57.4178 61.1745 62.4862 63.5279 64.7758 65.9238 67.0350 68.1331 69.2163 70.2915 71.3531 72.4270 73.5216 74.6254 75.7374 76.8581 77.9844 79.0925 80.2379 79.5053 80.2998 84.0346 85.1442 86.1391 87.0443 87.1950 88.3142 88.3353 88.4288 88.3293 88.2213 86.5661 86.8824 86.5533 84.6660 84.6692 84.6691 84.6617 84.6574 84.6473 84.6405 84.6298 84.6012 84.3985 84.3729 84.3352 84.0112 83.3472 82.2901
42.3849 44.1327 61.1877 62.2929 63.6737 64.8246 65.9419 67.0459 68.1422 69.2243 70.2886 71.3553 72.4413 73.5392 74.6449 75.7622 76.8849 77.9991 79.1312 80.2299 81.5975 80.8617 84.0700 85.1769 86.3000 87.2761 88.2504 88.9288 89.4124 89.2667 89.4359 87.7841 88.7371 87.9133 85.5744 85.6829 85.7202 85.7153 85.7145 85.7019 85.7001 85.6875 85.6825 85.5184 85.4860 85.4401 85.1209 84.4618 83.4043 82.3440
40.9546 43.3200 43.3398 62.3712 63.5245 64.6795 65.9478 67.0468 68.1341 69.2065 70.2752 71.3552 72.4490 73.5527 74.6668 75.7847 76.8951 77.9936 78.9480 79.1927 81.5846 82.9587 84.0842 85.2174 86.3166 87.4616 88.3998 89.3793 89.9576 90.2189 90.2173 89.9741 89.3184 85.9501 86.4038 86.6597 86.7432 86.7741 86.7580 86.7613 86.7438 86.7473 86.7215 86.6899 86.5427 86.2298 85.5817 84.4957 83.4384 82.3770
40.8904 43.3117 44.1977 44.4804 47.1139 64.6125 65.7638 67.0317 68.1077 69.1821 70.2648 71.3554 72.4561 73.5541 74.6186 75.5847 76.6869 77.7616 78.3637 80.1343 80.5165 82.9455 84.1101 85.2260 86.3668 87.4515 88.6243 89.4235 90.2171 90.5379 90.5346 90.2211 89.4798 86.2612 87.0227 87.5110 87.7406 87.7944 87.8171 87.7901 87.8030 87.7769 87.7664 87.6261 87.3290 86.7504 85.3566 84.4995 83.4658 82.3993
41.2201 43.5565 44.8722 44.9143 45.0305 46.6176 65.6747 66.7669 67.8686 69.1628 70.2405 71.2628 71.9226 70.5229 57.4049 59.1938 76.3924 77.1971 78.6511 79.5331 81.6450 82.7762 84.1275 85.2556 86.3306 87.5280 88.5411 89.6380 90.3816 90.5314 90.5377 90.2250 89.4905 86.7931 87.2495 88.1897 88.6034 88.8003 88.8119 88.8427 88.7993 88.8267 88.6962 88.4214 87.8770 86.8335 85.6997 84.4219 83.4548 82.3910
42.8161 45.4732 45.5818 45.6076 45.6851 45.6698 45.6827 45.6817 67.7794 68.8491 69.7848 69.9228 67.2312 56.5195 57.4187 58.1827 58.4888 58.3482 61.6786 79.8218 79.2722 82.8029 84.1232 85.1039 86.3992 87.4554 88.5828 89.5216 89.9693 90.3341 90.2147 89.9588 86.0507 86.9668 87.8939 88.2603 89.3873 89.6512 89.8236 89.7481 89.8112 89.7164 89.4824 88.9902 87.9980 86.8833 85.8067 84.6672 83.4539 82.4284
43.2556 45.9099 46.2406 46.3306 46.3759 46.4952 46.4885 46.5083 46.5098 53.1354 54.0683 54.9795 55.8659 56.6332 57.3736 58.3243 59.0979 59.3488 60.3512 60.9397 62.7474 82.7293 83.7623 84.8551 85.2824 87.1564 88.1414 89.0000 89.4636 89.6000 89.5534 89.3960 85.8553 86.9133 88.0633 89.0656 89.4971 90.5006 90.5340 90.6563 90.5204 90.4827 90.0037 89.4241 88.1082 87.0019 85.8795 85.1845 83.7299 82.7195
43.2199 45.8352 46.8111 47.0419 47.1191 47.1660 47.3232 47.3206 47.3244 52.8483 54.0761 54.9449 55.8685 56.7602 57.5029 58.2742 59.2304 60.0217 60.0660 61.3310 61.6313 61.7525 61.7876 61.8048 61.9660 63.9311 87.5177 87.9966 88.1820 88.1467 87.6087 85.1684 85.7641 86.9475 88.0109 89.2089 90.1524 90.6818 91.2896 90.9875 91.2345 90.7854 90.4802 89.2644 88.3786 87.1473 86.2884 85.2685 84.1273 83.0761
43.4523 46.1278 47.1615 47.6601 47.8649 47.9213 47.9578 48.1611 48.0019 50.9110 54.1287 54.9483 55.8220 56.7604 57.6584 58.3628 59.1794 60.1346 60.9732 61.6876 62.1987 62.4713 62.5678 62.5909 62.5906 62.5867 62.5812 62.5789 62.5943 62.7097 63.7703 76.3437 84.6510 86.8860 88.1424 89.2282 90.2659 91.0514 91.3125 91.4840 91.0132 91.2266 90.5250 89.6546 88.4196 87.3641 86.3238 85.2713 84.2290 83.1667
43.6716 46.3925 47.2807 48.0495 48.5249 48.6895 48.7247 48.7437 49.0297 52.4382 54.1154 55.0213 55.8153 56.6996 57.6549 58.5618 59.2765 60.1380 61.0213 61.8638 62.5723 63.0657 63.3084 63.3802 63.3949 63.3916 63.3875 63.3808 63.3773 63.3766 63.3858 63.3999 79.4792 86.8266 88.1597 89.3247 90.3195 90.9989 91.4383 91.2427 91.4675 91.0171 90.4916 89.5733 88.5939 87.4534 86.3640 85.3041 84.2493 83.1858
43.6571 46.3577 47.2788 48.1729 48.9478 49.3917 49.5088 49.5277 49.5167 49.5177 53.8895 55.0463 55.9081 56.6767 57.5791 58.5517 59.4654 60.1619 60.9658 61.9208 62.7531 63.4578 63.9319 64.1417 64.1888 64.1982 64.1922 64.1887 64.1883 64.1893 64.2001 64.2350 64.3075 83.2490 88.0496 89.2969 90.1566 90.8541 91.1466 91.2636 91.1618 91.0712 90.3778 89.4498 88.5733 87.5668 86.4470 85.3508 84.2836 83.1285
43.6542 46.3678 47.2323 48.1691 49.0678 49.8525 50.2566 50.3200 50.3323 50.3146 53.1142 54.9158 55.9605 56.7915 57.5310 58.4622 59.4508 60.3721 61.0529 61.8666 62.8211 63.6403 64.3452 64.7971 64.9706 64.9935 65.0016 64.9921 64.9920 65.0007 65.0335 65.1049 65.1934 65.2777 87.9454 88.9203 89.8807 90.4053 90.6643 90.6177 90.6680 90.4609 90.1708 89.4003 88.4772 87.5450 85.9720 84.7489 83.6244 82.5552
43.5564 46.2631 47.2757 48.0986 49.0656 49.9618 50.7642 51.1169 51.1209 51.1384 51.0766 54.3524 55.9070 56.8609 57.6745 58.3757 59.3522 60.3511 61.2821 61.9559 62.7823 63.7194 64.5249 65.2357 65.6606 65.7944 65.7940 65.7962 65.7931 65.8230 65.8979 65.9920 66.0531 66.1463 66.2273 88.5278 89.1550 89.6732 89.7615 89.7876 89.7605 89.7654 89.4572 89.0747 88.3391 86.9499 85.7802 84.6653 83.5938 82.5304
43.4041 46.0988 47.1677 48.1892 49.0082 49.9595 50.8538 51.6862 51.9701 51.8598 51.9805 51.9812 55.6937 56.8296 57.7581 58.5585 59.2063 60.2544 61.2499 62.1953 63.0447 63.7017 64.6146 65.4066 66.1312 66.5214 66.6026 66.5833 66.6117 66.6819 66.7785 66.8301 66.9081 66.9882 66.9544 66.7208 88.3583 88.7067 88.7716 88.7649 88.7642 88.7394 88.6611 88.3655 87.9446 86.8175 85.7077 84.6373 83.6057 82.5418
43.2480 45.8847 46.8596 48.1749 49.0778 49.8673 50.8614 51.7402 52.6240 52.8171 52.7858 52.8336 55.2181 56.6548 57.7463 58.6525 59.4463 60.0160 61.0649 62.1670 63.0879 63.9429 64.7536 65.4759 66.2912 67.0232 67.3705 67.3925 67.4549 67.5496 67.5792 67.6623 67.7406 67.7180 67.4455 67.1488 87.4131 87.5171 87.7045 87.7195 87.7042 87.6907 87.6319 87.5188 87.2353 86.7609 85.6246 84.6577 83.6139 82.5486
43.5604 46.2878 47.0905 47.6412 49.0097 49.7737 50.7582 51.7676 52.6164 53.5860 53.6293 53.7871 54.1910 56.2697 57.6005 58.6590 59.5436 60.3420 60.8063 61.9809 63.0871 63.9736 64.8265 65.6377 66.3195 67.1737 67.9109 68.2062 68.3121 68.3014 68.3779 68.4753 68.4598 68.1409 67.8466 67.4549 67.0332 86.4505 86.5062 86.6237 86.6431 86.6215 86.5882 86.1641 86.2985 86.0761 85.5815 84.5949 83.6151 82.5377
43.5817 46.2811 47.1809 47.9899 48.3903 49.8540 50.5323 51.6773 52.7413 53.7093 54.5352 55.1220 54.7781 55.1960 57.3436 58.5315 59.5699 60.4295 61.2519 61.5553 62.9340 64.0036 64.8527 65.7013 66.5183 67.1392 68.0583 68.7798 68.9760 69.0355 69.1406 69.1860 68.7647 68.5004 68.0941 67.6716 67.2078 66.6045 81.4869 84.6630 85.3954 85.4732 85.5083 85.4388 84.9882 85.0946 84.9051 84.4207 83.5355 82.4296
43.6127 46.3187 47.1532 48.0778 48.9069 49.0908 49.0541 51.4467 52.5913 53.6963 54.6012 55.4362 56.0720 56.1031 56.1731 58.4555 59.5692 60.4552 61.3130 62.1859 62.2397 63.9519 64.9015 65.7180 66.5767 67.3951 68.1934 68.8576 69.5886 69.6144 69.8378 69.3306 69.0970 68.6731 68.2543 67.8091 67.2025 66.6644 66.1633 77.8935 82.5256 83.9816 84.3262 84.3839 84.2779 83.8092 83.8997 83.7302 83.2613 82.0958
43.6027 46.2998 47.2109 48.0179 48.9798 49.8517 49.9053 50.0059 52.2127 53.5341 54.5814 55.4934 56.3336 56.9914 57.0246 57.0974 59.6181 60.4682 61.3375 62.1911 63.1606 64.0794 64.9151 65.7784 66.5692 67.4364 68.2115 68.9863 69.5294 70.0855 69.6952 69.6031 69.1666 68.7691 68.3164 67.9116 67.3443 66.7534 66.1803 65.6117 75.1383 80.3515 82.4410 83.0826 83.2236 83.1084 82.7711 82.7337 82.5589 81.3560
43.6316 46.3349 47.1947 48.1232 49.0033 49.8582 50.8261 50.8798 50.9998 53.3190 54.4465 55.4910 56.3812 57.2306 57.9157 57.9513 59.5016 60.5305 61.3606 62.2867 63.0923 64.0544 64.9630 65.7691 66.6522 67.3911 68.2605 68.9421 69.6870 70.0224 69.8861 69.5611 69.2122 68.8019 68.3669 67.9752 67.5551 66.9248 66.3065 65.6965 65.1315 72.9530 80.5090 81.2781 81.8539 82.0347 81.9429 81.6844 81.5841 80.3761
43.6486 46.3425 47.2727 48.1586 49.0336 49.9683 50.8324 51.8006 52.0019 51.9642 54.0096 55.4092 56.3910 57.2652 58.1276 58.8460 58.8845 60.5276 61.4196 62.2688 63.1892 63.9882 64.9391 65.8397 66.6053 67.5004 68.2758 69.0458 69.5170 69.6513 69.7629 69.5756 69.2075 68.7652 68.3951 67.9849 67.5934 67.1289 66.5215 65.8649 65.1944 65.4818 71.5606 77.9080 79.7912 80.5700 80.8224 80.7766 80.5738 79.3523
43.7469 46.4197 47.3769 48.5334 49.3701 50.0052 50.9398 51.7941 52.7614 52.8168 52.9196 55.0795 56.3548 57.2826 58.1461 59.0244 59.7833 59.8254 61.5112 62.3242 63.1768 64.0990 64.9930 65.7876 66.7071 67.5294 68.3078 68.8373 69.0985 69.2822 69.2718 69.3051 69.1421 68.7993 68.3815 67.9974 67.5940 67.1916 66.7105 66.0899 65.3908 64.7650 65.4420 70.2801 75.6965 78.1584 76.8445 79.0753 79.4867 78.1539
44.1455 46.9054 47.7192 48.5595 49.4152 50.2703 50.9668 51.8988 52.7477 53.7402 53.7936 53.9843 56.1646 57.2750 58.1689 59.0238 59.9209 60.7295 60.7761 62.5672 63.4292 64.1586 64.9966 65.9123 66.7628 67.5487 68.1246 68.4418 68.5225 68.7757 68.7805 68.8291 68.8403 68.6783 68.3506 67.9548 67.5933 67.1988 66.7893 66.2801 65.6329 64.8974 64.3363 74.2831 76.3971 75.3122 76.5502 76.1624 77.6043 76.0777
44.1651 46.9007 47.7967 48.5890 49.4384 50.2955 51.1681 51.2219 52.8785 53.7497 54.7140 55.4564 55.4976 57.1718 58.1795 59.0521 59.8983 60.8168 61.6865 62.5909 63.4467 64.3142 65.1012 65.9779 66.7614 67.3606 67.7135 67.7700 67.8713 68.2860 68.3648 68.3905 68.3896 68.3496 68.1454 67.8640 67.5310 67.1858 66.8003 66.3569 65.8046 65.1123 64.3498 64.8581 74.4702 75.0798 74.5649 75.2191 74.0253 72.9826
44.0805 46.7822 47.8082 48.6868 49.4531 50.3204 51.1734 52.1428 53.0201 53.8592 54.7480 55.6046 56.4003 56.4466 58.2036 59.0576 59.9374 60.7679 61.7117 62.5609 63.4823 64.3082 65.1806 65.9766 66.5293 66.6047 66.7355 67.0381 67.1963 67.8607 67.9261 67.9415 67.9454 67.9268 67.8378 67.6703 67.4213 67.1189 66.7784 66.3682 65.8780 65.2678 64.5296 63.8641 65.0717 73.4713 73.4470 73.5469 73.8599 72.6382
44.1754 46.9089 47.7422 48.7060 49.5780 50.3443 51.2707 52.0807 53.0398 53.9031 54.7658 55.6294 56.4913 57.3566 58.2154 59.0866 59.9339 60.8266 61.6302 62.6154 63.4219 64.3663 65.1634 65.7580 65.9014 65.8958 66.0018 66.1301 67.2120 67.4007 67.4630 67.4806 67.4728 67.4497 67.4508 67.3723 67.2286 66.9963 66.6907 66.3151 65.8547 65.3019 64.6618 63.9039 63.3824 62.6053 70.3383 71.9487 72.3817 71.0854
44.1770 46.8951 47.8338 48.6424 49.6040 50.4677 51.3293 52.1827 53.0576 53.9205 54.7838 55.6463 56.5104 57.3714 58.2384 59.0940 59.9714 60.8067 61.7224 62.4786 63.5287 64.3450 64.9712 65.2266 65.2329 65.3579 65.3760 65.4651 66.8339 66.9009 66.9117 66.9866 67.0246 66.9993 67.0034 66.9963 66.9258 66.7878 66.5397 66.1969 65.7910 65.2764 64.6733 63.9793 63.2261 62.6021 62.7774 68.1044 70.3328 68.7923
44.2404 46.9745 47.8249 48.7457 49.6196 50.4851 51.3486 52.2107 53.0751 53.9383 54.8011 55.6646 56.5267 57.3916 58.2511 59.1210 59.9709 60.8592 61.6727 62.6255 63.2956 62.9557 64.5408 64.6755 64.7821 64.8441 64.9311 66.1512 66.3391 66.3407 66.3723 66.4094 66.5041 66.5338 66.5466 66.5549 66.5300 66.4478 66.2886 66.0003 65.6343 65.1692 64.6067 63.9604 63.2421 62.5030 61.9192 62.4818 66.3620 64.8376
44.2385 46.9630 47.8632 48.6944 49.6229 50.5032 51.3656 52.2296 53.0928 53.9558 54.8191 55.6816 56.5456 57.4069 58.2732 59.1298 60.0039 60.8385 61.7156 62.3220 62.3938 63.5577 63.7976 64.0015 64.2415 64.3786 64.4146 65.7458 65.6943 65.7278 65.7475 65.8266 65.8973 66.0329 66.0502 66.0635 66.0483 65.9983 65.8865 65.6952 65.3634 64.9728 64.4641 63.8690 63.2117 62.4831 61.7487 61.2490 61.9328 60.9001
44.2671 46.9997 47.8352 48.7578 49.5575 50.5203 51.3841 52.2474 53.1104 53.9736 54.8364 55.6998 56.5621 57.4265 58.2859 59.1512 59.9883 60.8094 61.3959 61.6812 62.5511 62.7010 62.8734 63.2204 63.5200 63.7751 63.8999 64.0164 64.8657 65.0194 65.0850 65.1429 65.4386 65.4782 65.5191 65.5186 65.4979 65.4776 65.3993 65.2302 65.0070 64.6642 64.2288 63.6984 63.1032 62.4304 61.7059 60.9916 60.5652 59.6964
44.2579 46.9813 47.8916 48.7004 49.6626 50.5386 51.4019 52.2650 53.1280 53.9909 54.8541 55.7168 56.5802 57.4400 58.2984 59.1291 59.9100 60.4921 60.8844 61.5480 61.6259 61.7205 61.9334 62.2488 62.6507 62.9742 63.1901 63.2396 63.3933 64.0177 64.2703 64.3899 64.8297 64.8984 64.8987 64.8715 64.8750 64.7974 64.7926 64.6990 64.5123 64.2418 63.8901 63.4412 62.9071 62.3024 61.6314 60.9192 60.2289 59.3978
44.2940 47.0166 47.8773 48.8067 49.6914 50.5561 51.4184 52.2785 53.1326 53.9913 54.8710 55.7336 56.5925 57.4443 58.2645 59.0163 59.5979 60.0363 60.5572 60.5960 60.6727 60.7645 60.9248 61.1758 61.5433 62.4689 62.4332 62.4604 62.4846 62.6651 63.1832 63.4730 64.1703 64.2081 64.1878 64.1779 64.1275 64.1548 64.0154 64.0157 63.9108 63.7184 63.4347 63.0728 62.6191 62.0943 61.4923 60.8245 60.1238 59.2912
44.3911 47.0320 47.9432 48.8298 49.6927 50.5312 51.2547 51.3282 51.4736 53.9955 54.8726 55.7313 56.5767 57.3856 58.1169 58.6988 59.1537 59.5774 59.5997 59.6626 59.7135 59.7975 59.9075 60.0928 60.3702 60.7880 61.6370 61.6533 61.6588 61.6994 61.8989 62.3413 63.4177 63.4368 63.4223 63.3844 63.3742 63.3692 63.3500 63.2382 63.1887 63.0790 62.8802 62.5920 62.2356 61.7878 61.2709 60.6727 60.0160 59.1042
45.3423 46.0529 46.9595 47.8460 48.7084 49.5362 50.2201 50.3837 50.7135 52.8504 53.8730 54.7471 55.5921 56.3976 57.1243 57.7119 58.1766 58.5723 58.6406 58.7045 58.7625 58.8496 58.9684 59.1650 59.4687 59.9026 60.6302 60.7276 60.7517 60.8182 61.0324 61.5080 62.4306 62.5667 62.5661 62.5332 62.5049 62.4945 62.4533 62.3537 62.2836 62.1538 61.9395 61.6530 61.2887 60.8436 60.3202 59.7291 59.1206 59.0217
