#Value Function.
11.4919 11.5219 11.5590 11.6065 11.6800 11.8111 11.9938 12.1456 12.2372 12.3182 12.4358 12.5922 12.7674 12.9283 13.0604 13.1918 13.3414 13.4683 13.5846 13.8072 14.1655 14.5816 15.0066 15.1529 15.1624 15.1621 15.1545 15.1286 15.0311 14.9392 14.8449 14.7450 14.6515 14.5829 14.5160 14.4501 14.3711 14.2862 14.1957 14.1882 14.2720 14.3662 14.4019 14.4012 14.4002 14.3950 14.3820 14.2822 13.9906 13.6863
11.8131 11.8410 11.8682 11.9075 11.9553 12.0303 12.1721 12.3728 12.5247 12.6067 12.6856 12.8110 12.9769 13.1610 13.3245 13.4534 13.5873 13.7474 13.8717 13.9775 14.2176 14.6066 15.0400 15.5069 15.6005 15.5924 15.5784 15.4632 15.3705 15.2749 15.1710 15.0711 15.0054 14.9365 14.8718 14.7895 14.7029 14.6076 14.5234 14.4810 14.6180 14.6910 14.7993 14.8239 14.8174 14.8142 14.7363 14.4061 14.0762 13.8768
12.1108 12.1739 12.1899 12.2190 12.2607 12.3082 12.3840 12.5382 12.7607 12.9090 12.9787 13.0566 13.1918 13.3673 13.5610 13.7263 13.8502 13.9871 14.1611 14.2799 14.3706 14.6346 15.0579 15.5024 16.0299 16.0398 15.8973 15.8071 15.7103 15.6029 15.4936 15.4340 15.3613 15.2997 15.2124 15.1253 15.0235 14.9396 14.8528 14.8248 14.8959 15.0591 15.1099 15.2438 15.2478 15.2082 14.8255 14.4626 14.2670 14.1976
12.3326 12.4934 12.5366 12.5454 12.5785 12.6228 12.6691 12.7449 12.9135 13.1630 13.3016 13.3568 13.4356 13.5829 13.7677 13.9723 14.1381 14.2546 14.3959 14.5885 14.6972 14.7669 15.0643 15.5259 15.8180 16.3405 16.2547 16.1562 16.0467 15.9228 15.8750 15.7945 15.7394 15.6444 15.5591 15.4481 15.3660 15.2779 15.1822 15.1297 15.2660 15.3141 15.5207 15.5285 15.7093 15.2519 14.8523 14.6593 14.6106 14.5932
12.3925 12.7472 12.8771 12.9059 12.9077 12.9475 12.9938 13.0381 13.1127 13.2982 13.5820 13.7012 13.7408 13.8230 13.9850 14.1781 14.3955 14.5600 14.6663 14.8137 15.0316 15.1230 15.1640 15.3898 15.8241 16.0845 16.6121 16.5044 16.3564 16.3309 16.2348 16.1926 16.0843 16.0057 15.8805 15.8031 15.7134 15.6138 15.5169 15.5080 15.5557 15.7260 15.7301 16.0108 15.5338 15.2441 15.0583 15.0304 15.0234 15.0149
12.4071 12.7972 13.1744 13.2637 13.2826 13.2763 13.3269 13.3738 13.4154 13.4870 13.6926 14.0207 14.1052 14.1310 14.2193 14.3990 14.5980 14.8318 14.9919 15.0844 15.2406 15.4930 15.5564 15.5726 15.6535 16.0740 16.2560 16.7747 16.8059 16.6791 16.6626 16.5300 16.4676 16.3193 16.2518 16.1597 16.0555 15.9554 15.8637 15.8023 15.9737 15.9812 16.2120 15.7514 15.5303 15.4652 15.4633 15.4597 15.4572 15.4467
12.4135 12.8100 13.2063 13.6227 13.6487 13.6692 13.6493 13.7186 13.7624 13.8013 13.8672 14.0964 14.4839 14.5091 14.5286 14.6247 14.8262 15.0264 15.2829 15.4336 15.5084 15.6765 15.9766 15.9937 16.0027 15.8526 16.2727 16.6386 16.9598 17.1548 16.9770 16.9490 16.7619 16.7133 16.6171 16.5075 16.4041 16.3109 16.2217 16.2332 16.2315 16.4658 16.0892 15.9482 15.8976 15.9076 15.9069 15.9049 15.9003 15.8819
12.4203 12.8157 13.2188 13.6228 14.0981 13.9086 13.9419 14.0545 14.1190 14.1599 14.1963 14.2523 14.5093 14.9785 14.7835 14.9428 15.0373 15.2688 15.4615 15.7516 15.8838 15.9372 16.1211 16.4882 16.2791 16.2596 16.2075 16.5513 17.0745 17.2121 17.4580 17.2031 17.1903 17.0857 16.9698 16.8633 16.7682 16.6819 16.5669 16.5628 16.7172 16.3997 16.3851 16.3639 16.2445 16.3437 16.3634 16.3582 16.3532 16.2795
12.4166 12.8253 13.2229 13.6376 13.8705 14.3351 14.2325 14.3510 14.4711 14.5275 14.5666 14.6012 14.6409 14.7936 15.2318 15.0994 15.4130 15.4453 15.7329 15.8987 16.2431 16.3401 16.3704 16.5736 16.7352 16.5996 16.5378 16.6467 16.9565 17.4821 17.6169 17.6872 17.5650 17.4424 17.3333 17.2349 17.1556 17.0273 16.9371 16.9543 16.7891 16.7431 16.8683 16.6041 16.6408 16.7077 16.8261 16.8268 16.7896 16.4655
12.3863 12.8260 13.2074 13.4858 13.8828 14.1763 14.6513 14.6156 14.7770 14.8984 14.9438 14.9831 15.0170 15.0462 15.1373 15.5577 15.4342 15.6016 15.7908 16.2402 16.3266 16.7671 16.7969 16.8085 17.0509 17.0025 16.9360 16.9162 17.1160 17.3658 17.8916 18.1158 17.9255 17.8143 17.7143 17.6208 17.5098 17.3323 17.2276 17.2203 17.2062 17.1316 16.9066 17.0162 17.0810 17.1091 17.1809 17.3266 16.9091 16.7791
12.3297 12.7972 13.0968 13.4578 13.7787 14.1939 14.5091 14.9947 15.0138 15.2214 15.3354 15.3673 15.4100 15.4435 15.4655 15.5327 15.9009 15.7726 15.9544 16.2096 16.4728 16.7803 17.3297 17.0153 16.9820 17.4188 17.2910 17.3088 17.3781 17.6074 17.7829 18.2864 18.3688 18.2052 18.1102 18.0175 17.8478 17.5285 17.7188 17.6087 17.5614 17.2102 17.3129 17.3999 17.5083 17.5693 17.5858 17.3332 17.2610 17.1394
12.3813 12.7114 13.0523 13.3817 13.7641 14.1082 14.5288 14.8511 15.3422 15.4297 15.6859 15.7804 15.7978 15.8485 15.8803 15.8956 15.9375 16.2405 16.1125 16.2639 16.5930 16.8489 17.2235 17.4848 17.2946 17.3168 17.8186 17.6628 17.7587 17.8526 18.1252 18.2419 18.6843 18.6814 18.4983 18.3923 17.8926 17.7007 17.7551 17.9643 17.5138 17.5901 17.7043 17.8093 17.8924 18.0149 17.7693 17.7563 17.6717 17.2860
12.4079 12.7857 13.0913 13.4298 13.7504 14.1225 14.5497 14.8690 15.1967 15.6923 15.8669 16.1721 16.2305 16.2353 16.2999 16.3271 16.3371 16.3580 16.5765 16.4385 16.3989 16.8437 17.1047 17.6510 17.7695 17.6126 17.6666 18.1858 18.1090 18.2664 18.3285 18.6739 18.7007 18.9917 18.8594 18.3315 17.9974 17.8365 18.1921 17.8223 17.8526 18.0288 18.0807 18.2134 18.3175 18.1274 18.1135 18.3056 17.7903 17.3262
12.4224 12.8104 13.1998 13.4916 13.8524 14.1673 14.5568 15.0170 15.2132 15.5521 16.0415 16.3311 16.6814 16.6816 16.6808 16.7663 16.7831 16.7905 16.7780 16.9044 16.6516 16.6717 17.1499 17.4889 18.0874 18.0194 17.9286 18.0906 18.6298 18.5664 18.8036 18.7960 19.2670 19.1644 18.5766 18.2943 18.0473 18.3743 18.2560 18.2044 18.2464 18.3538 18.5648 18.5731 18.6119 18.5002 18.6463 18.1174 17.7761 17.5892
12.4323 12.8252 13.2180 13.6290 13.8944 14.2922 14.5891 15.0027 15.5166 15.5882 16.0175 16.3467 16.6436 16.9235 17.1787 17.0636 17.2661 17.2425 17.2459 17.0951 17.0319 17.0352 17.0201 17.5199 17.8766 18.4265 18.3273 18.3278 18.5759 19.1346 18.9839 19.3911 19.1650 18.7682 18.5695 18.2026 18.4354 18.5471 18.6567 18.6571 18.7176 18.7494 18.8799 19.1479 18.9952 18.9844 18.4487 18.1929 18.0940 17.8882
12.4611 12.8314 13.2349 13.6344 14.0763 14.2945 14.7558 15.0108 15.2060 15.6709 15.9301 16.2571 16.6600 16.8897 17.2455 17.5616 17.4177 17.7638 17.5832 17.5664 17.2784 17.1306 17.3959 17.4351 17.8712 18.2304 18.8441 18.7851 18.8055 19.0433 19.4078 19.3574 18.8962 18.6214 18.4152 18.5622 18.7284 18.9818 19.1010 19.1113 19.1810 19.2493 19.2675 19.4430 19.2177 18.7478 18.6709 18.6204 18.4080 18.1316
12.5474 12.8534 13.2368 13.6566 14.0582 14.5471 14.5702 14.7915 15.1831 15.4715 15.7863 16.1517 16.4198 16.7369 17.0010 17.1917 17.5482 17.7556 18.1046 17.7668 17.6554 17.2480 17.3865 17.7700 17.8933 18.2521 18.5561 19.1284 19.1952 19.2740 19.5550 19.1999 18.8262 18.4274 18.7675 18.9482 19.0893 19.2536 19.5496 19.5664 19.6470 19.6296 19.8202 19.5280 19.1789 19.1839 19.1711 18.9334 18.6538 18.3239
12.8011 12.9200 13.2535 13.6453 14.0479 14.1603 14.3744 14.7208 15.0191 15.3277 15.6642 15.9430 16.2374 16.4966 16.7274 17.1010 17.3048 17.6178 17.7768 18.2416 17.6873 17.6305 17.6125 17.8690 18.1063 18.3961 18.7184 18.9918 19.4018 19.5287 19.5956 19.0731 18.7489 18.9112 18.9057 19.1902 19.5193 19.6195 19.7880 20.0551 20.0722 20.0721 19.9070 19.5352 19.5250 19.7483 19.4642 19.1776 18.8747 18.3307
12.8404 13.2524 13.2781 13.5908 13.7499 13.9625 14.2770 14.5754 14.8776 15.1937 15.4737 15.7533 16.0089 16.2543 16.5782 16.8106 17.0851 17.2907 17.6308 17.6459 18.2178 17.8167 17.8820 18.1011 18.2679 18.5464 18.8435 19.2841 19.3703 19.8923 19.4758 19.2193 19.1231 18.9988 19.2398 19.4435 19.7445 20.1154 20.1495 20.3323 20.4145 20.3109 19.9982 20.0265 20.0837 20.0051 19.6327 19.0857 18.6707 18.3219
12.8841 13.2589 13.7296 13.5517 13.5750 13.8537 14.1440 14.4368 14.7377 15.0142 15.2831 15.5352 15.7849 16.0784 16.3212 16.5771 16.7996 17.0762 17.1967 17.5952 17.6262 18.1995 17.9352 18.2307 18.6504 18.6593 19.0535 19.3309 19.7288 19.6441 19.7388 19.3630 18.8296 19.0961 19.5975 19.7861 19.9880 20.3122 20.7424 20.6712 20.7399 20.4985 20.4947 20.4646 20.3317 20.0519 19.5065 19.0860 18.5910 18.1696
13.0418 13.2824 13.5642 13.9201 13.9410 13.9495 14.0145 14.2992 14.5656 14.8258 15.0741 15.3234 15.6002 15.8654 16.2403 16.5319 16.5633 16.7309 17.0392 17.1770 17.5802 17.6250 18.1908 18.3143 18.3746 18.9382 19.0478 19.2273 19.2167 19.7639 19.5873 19.2104 18.8249 19.2050 19.6606 20.2224 20.3306 20.5456 20.8918 21.1507 21.0426 20.9073 20.9084 20.7265 20.4952 19.9300 19.4979 19.0010 18.5646 18.0948
13.2884 13.4398 13.6272 13.9857 14.3597 14.3468 14.3529 14.1767 14.3870 14.6272 14.8727 15.1396 15.4171 15.7901 16.2838 16.7649 16.7861 16.7536 16.7986 17.0361 17.2077 17.7148 17.8722 18.0187 18.6009 18.5126 18.6751 18.8494 19.1352 19.1031 19.1704 19.0061 18.7419 19.3137 19.7780 20.2329 20.8862 20.8624 21.1225 21.4592 21.3284 21.4878 21.1566 20.9677 20.3864 19.9329 19.4171 18.9689 18.4989 18.0553
13.5532 13.6996 13.8470 14.0490 14.3830 14.8156 14.5711 14.5484 14.4162 14.5340 14.7657 15.0651 15.4115 15.8178 16.2827 16.7986 17.2398 17.1728 17.1899 17.2657 17.3532 17.5349 17.5614 17.9737 18.0111 18.1340 18.3092 18.5287 18.5482 18.5871 18.5676 18.5820 18.7664 19.3072 19.9149 20.3612 20.7221 21.3542 21.4041 21.7251 21.9027 21.5587 21.3796 20.8113 20.3842 19.8610 19.3951 18.9235 18.4610 17.9997
13.7868 13.9798 14.1289 14.2838 14.4480 14.7602 15.0007 14.8238 14.7997 14.7843 14.9696 15.2109 15.5267 15.8833 16.3059 16.7657 17.3350 17.6658 17.6394 17.6747 17.7605 17.8391 17.8568 17.8562 17.8541 17.8604 17.9642 18.0086 18.0370 18.0352 18.0765 18.2810 18.7680 19.3412 19.8828 20.5412 20.9621 21.1528 21.8112 21.9639 22.0056 21.8463 21.3637 20.8188 20.3130 19.8469 19.4560 18.9311 18.4284 17.9617
13.9867 14.2226 14.4014 14.5813 14.7093 14.8453 15.1801 15.2478 15.1355 15.0983 15.2182 15.4173 15.6666 16.0019 16.3661 16.8099 17.2461 17.8239 18.1782 18.0802 18.1824 18.3167 18.3527 18.3589 18.3569 18.3535 18.3501 18.3466 18.3432 18.3402 18.3444 18.4496 18.8004 19.3322 19.9256 20.3801 20.8799 21.3063 21.6770 22.3232 22.3569 21.8673 21.3697 20.8104 20.2879 20.0211 19.4529 18.9411 18.4319 17.9368
14.1239 14.5209 14.6929 14.8349 15.0294 15.1452 15.2525 15.5659 15.5271 15.5422 15.5123 15.6674 15.8765 16.1324 16.4920 16.8587 17.2805 17.6923 18.2702 18.5081 18.5926 18.7519 18.8417 18.8700 18.8724 18.8694 18.8659 18.8623 18.8587 18.8552 18.8514 18.8459 18.9492 19.3443 19.8097 20.3047 20.8585 21.2743 21.7756 22.1648 22.2325 21.9699 21.3542 20.8388 20.2759 19.7829 19.4407 18.9376 18.4382 17.9377
14.1679 14.5817 15.0059 15.1294 15.2736 15.4940 15.5905 15.6750 15.8981 15.6706 15.9465 15.9385 16.1337 16.3467 16.6079 16.9992 17.3647 17.7166 18.1286 18.7202 18.9416 19.1361 19.2950 19.3788 19.3982 19.3974 19.3940 19.3902 19.3867 19.3829 19.3781 19.3654 19.3248 19.4625 19.7953 20.4067 20.6869 21.1733 21.6501 21.9559 21.8050 21.6835 21.4203 20.8256 20.2899 19.7518 19.2758 18.8946 18.4276 17.9554
14.2367 14.6194 15.0451 15.5153 15.5617 15.7235 15.9774 16.0425 16.1133 16.0316 15.9772 16.3234 16.3835 16.6178 16.8266 17.0925 17.5262 17.8885 18.1592 18.5936 19.1963 19.5173 19.6830 19.8535 19.9274 19.9374 19.9343 19.9308 19.9269 19.9228 19.9127 19.8750 19.7812 19.6154 20.0474 20.1397 20.5715 21.0482 21.5575 21.4285 21.4446 21.3316 21.2361 20.8237 20.2824 19.7560 19.3053 18.8354 18.4627 17.9913
14.3877 14.6752 15.0797 15.5175 16.0563 15.9798 16.1896 16.4823 16.4923 16.4541 16.2477 16.4223 16.6734 16.8585 17.1184 17.3151 17.5854 18.0766 18.4305 18.6241 19.0636 19.6715 20.1209 20.2317 20.4314 20.4862 20.4879 20.4837 20.4801 20.4727 20.4397 20.3401 20.2037 19.9558 19.8937 19.9972 20.4432 20.8744 21.0041 21.1362 20.9275 20.9158 20.8793 20.7904 20.2801 19.8479 19.3382 18.9954 18.5034 18.0069
14.4385 14.8639 15.1143 15.5566 15.9480 16.3337 16.3140 16.6897 17.0090 16.7060 16.6089 16.5192 16.8371 17.1271 17.3539 17.6359 17.8107 18.0853 18.6551 18.9886 19.1272 19.5701 20.1240 20.5130 20.8135 21.0273 21.0538 21.0504 21.0452 21.0207 20.9080 20.7940 20.5256 20.4691 20.2756 20.0001 20.2527 20.5258 20.8416 20.7626 20.5515 20.4873 20.4008 20.5121 20.4172 19.8376 19.5521 19.0191 18.5165 18.0113
14.4848 14.9016 15.4155 15.4642 15.8345 16.1515 16.3355 16.6504 17.1550 17.0862 17.0126 16.8269 16.8717 17.2002 17.6635 17.8518 18.1751 18.3102 18.4813 18.9708 19.5013 19.6385 20.1042 20.5632 20.9626 21.4500 21.6344 21.6292 21.6202 21.4859 21.3800 21.2021 21.0712 20.8529 20.5663 20.2193 20.0410 20.4859 20.2978 20.2482 20.3802 20.0404 19.9818 19.9927 20.0885 20.1422 19.5395 19.0324 18.5189 18.0186
14.5000 14.9573 15.3397 15.7361 15.6699 15.9660 16.4829 16.6167 16.9453 17.5250 17.2839 17.2811 17.0095 17.2814 17.6513 18.2536 18.3386 18.7462 18.8196 18.9621 19.4365 19.9759 20.1701 20.7114 20.9368 21.4504 22.1467 22.2423 22.0708 21.9862 21.7766 21.6686 21.4411 21.1458 20.7893 20.3751 19.9889 19.8714 19.9986 19.9775 19.7711 20.0156 19.5879 19.4974 19.5682 19.5875 19.5571 19.0292 18.5273 18.0228
14.5160 14.9681 15.4424 15.7988 16.0671 15.9635 16.2474 16.7627 16.9621 17.2492 17.8325 17.4552 17.4350 17.3364 17.6485 17.9945 18.5756 18.8524 19.3537 19.3248 19.4724 20.0124 20.4201 20.7185 21.2679 21.4822 21.9156 22.4657 22.6237 22.3532 22.2865 22.0431 21.7398 21.3689 20.9715 20.5755 20.1329 19.6457 19.5259 19.6168 19.5688 19.3996 19.7390 19.1983 19.0222 19.1297 19.2262 18.9709 18.5138 18.0259
14.5198 14.9880 15.4411 15.9471 16.2850 16.3866 16.3158 16.6004 17.1294 17.2623 17.5468 17.9461 17.8365 17.6975 17.6891 18.0075 18.3413 18.8454 19.2934 19.9153 19.8264 19.9919 20.5932 20.8688 21.3092 21.7754 22.0378 22.3757 22.9507 22.9304 22.6576 22.3486 21.9656 21.5307 21.2507 20.7077 20.1990 19.8384 19.3024 19.1732 19.3001 19.2562 19.1152 19.1578 18.8553 18.6286 18.6635 18.6280 18.4018 17.9938
14.5312 14.9883 15.4683 15.9224 16.4736 16.7951 16.6638 16.6834 17.0314 17.5241 17.4645 17.7730 17.9584 18.2180 18.0430 18.0243 18.3836 18.7597 19.3195 19.7797 20.4386 20.2519 20.5302 21.0930 21.4252 21.9389 22.2596 22.6791 22.9570 23.3403 22.9142 22.5844 22.0846 21.8856 21.2807 20.7132 20.1722 19.8022 19.5263 18.9849 18.8285 18.8513 19.0570 18.6648 18.5739 18.4596 18.2966 18.1454 18.0618 17.8449
14.5256 15.0051 15.4595 15.9499 16.2857 16.6087 17.1957 17.0032 17.0232 17.2350 17.7845 17.8279 17.9694 18.1519 18.5835 18.2516 18.2625 18.8018 19.2292 19.7799 20.0325 20.6818 20.7721 21.1030 21.6968 21.8808 22.5495 22.7261 22.9666 22.9769 23.0725 22.6552 22.2043 21.7370 21.2801 20.7266 20.1777 19.6626 19.4297 19.1901 18.6443 18.4832 18.4443 18.6509 18.2181 18.0512 18.0453 17.9505 17.6753 17.5231
14.5072 14.9998 15.4515 15.8010 16.1482 16.6418 16.9455 17.5265 17.4461 17.3827 17.5689 18.0340 18.2073 18.2529 18.3407 18.7724 18.5376 18.6692 19.1702 19.5007 20.0251 20.3099 20.9712 21.3731 21.6825 22.3842 22.3144 22.4821 22.5020 22.8914 22.8177 22.6832 22.2415 21.7016 21.2976 20.7343 20.1842 19.6488 19.1743 19.0068 18.6411 18.1866 18.1211 18.1802 18.2850 17.8025 17.5871 17.5853 17.6282 17.2228
14.5077 14.9751 15.3300 15.6891 16.1444 16.4818 16.9779 17.3326 17.9148 17.6121 17.6041 18.0016 18.3619 18.4733 18.5739 18.5540 19.0922 18.9401 18.9545 19.4216 19.7749 20.3357 20.7659 21.2403 21.9659 21.8450 21.9412 22.2184 22.5245 22.3068 22.6002 22.4316 22.2656 21.9139 21.3038 20.7409 20.1904 19.6529 19.1345 18.7145 18.5060 18.1267 17.7368 17.7517 17.8573 18.1171 17.5687 17.2083 17.0305 16.9753
14.7096 14.9330 15.2630 15.7077 16.1851 16.6619 16.8510 17.3357 17.5800 18.1509 17.8461 17.8517 18.3045 18.6092 18.7254 18.8291 18.9380 19.5149 19.1424 19.3090 19.7440 20.1810 20.6511 21.1888 21.4694 21.4835 21.8898 22.0756 21.8421 21.8907 21.8977 22.1027 22.1285 21.7236 21.2984 20.7446 20.1962 19.6587 19.1340 18.6355 18.3090 18.1223 17.6708 17.3457 17.5329 17.6513 17.6547 17.1417 16.7496 16.5527
14.8516 15.1818 15.3694 15.7282 16.2014 16.6936 17.2131 17.2457 17.5693 17.8007 18.3878 18.2061 18.1658 18.6004 18.9646 18.9708 19.1771 19.2731 19.6811 19.6044 19.8490 20.3392 20.7440 21.1651 21.1919 21.7040 21.5579 21.3941 21.3952 21.2867 21.4801 21.7042 21.6662 21.6988 21.1704 20.7145 20.1930 19.6624 19.1385 18.6274 18.1552 17.8234 17.6897 17.2261 17.1082 17.1352 17.2244 17.0767 16.7087 16.3881
14.7276 15.3760 15.6540 15.8023 16.2108 16.7101 17.2119 17.8053 17.6053 17.8051 18.0757 18.5747 18.6928 18.5394 18.8903 19.2938 19.2074 19.4883 19.7305 19.8901 20.1668 20.3933 20.9669 20.8770 21.3300 21.0325 21.0427 20.9304 20.7990 20.9186 21.3498 21.1562 21.0876 21.2184 21.1207 20.6163 20.1521 19.6521 19.1393 18.6296 18.1334 17.6811 17.3557 17.3013 16.8251 16.6873 16.6645 16.6781 16.5431 16.2320
14.7164 15.1868 15.5074 16.0351 16.2438 16.7133 17.2146 17.4196 17.9795 18.0708 18.2459 18.4544 18.8317 19.0722 18.8741 19.1446 19.5081 19.4818 19.7563 20.2571 20.1648 20.8172 20.6153 21.0147 20.8453 20.6988 20.4728 20.4198 20.3937 20.9619 20.7073 20.6964 20.5649 20.5542 20.8085 20.5104 20.0606 19.6048 19.1226 18.6269 18.1319 17.6506 17.2153 16.9134 16.9761 16.4480 16.2325 16.1740 16.1558 16.0242
14.5910 15.0680 15.5277 15.8697 16.4050 16.7172 17.0237 17.4479 17.8000 18.3190 18.3803 18.7144 18.9207 19.1232 19.3454 19.3070 19.4633 19.7177 19.8380 19.9975 20.5492 20.3899 20.4247 20.7426 20.4451 20.2581 20.0973 19.9087 20.2663 20.2985 20.3052 20.1375 20.0806 20.1447 20.1308 20.3036 19.9406 19.5139 19.0705 18.6046 18.1252 17.6449 17.1785 16.7601 16.4799 16.4042 16.0164 15.7875 15.6992 15.6498
14.6037 15.0603 15.4256 15.8984 16.2882 16.7482 17.1296 17.5419 17.8179 18.2273 18.4120 18.6366 18.8922 19.1720 19.1160 19.1774 19.4359 19.4843 19.8467 20.0387 20.0240 19.9370 20.3236 20.1007 20.0901 19.8710 19.6771 19.6719 19.8001 19.6981 19.6971 19.6828 19.5629 19.5676 19.7607 19.6505 19.7183 19.3780 18.9762 18.5480 18.0979 17.6341 17.1684 16.7168 16.3151 16.0374 15.8864 15.5739 15.3484 15.2335
14.6197 15.0749 15.5493 15.8883 16.3662 16.7826 17.1963 17.4752 17.9896 18.0524 18.1502 18.4844 18.5725 18.5816 18.6593 18.8849 19.0825 19.2534 19.4953 19.4476 19.5051 19.9242 19.6946 19.6904 19.5413 19.4618 19.2826 19.2233 19.1713 19.1907 19.1274 19.1118 19.0860 19.1426 19.1778 19.1677 19.2228 19.1157 18.8211 18.4469 18.0362 17.6019 17.1534 16.7022 16.2652 15.8778 15.5966 15.4035 15.1323 14.9103
14.6229 15.0945 15.5510 16.0584 16.3534 16.8932 17.2942 17.4456 17.6950 17.7774 17.9682 17.9997 18.0319 18.1203 18.3174 18.5099 18.6836 18.8727 18.8888 18.9991 19.4218 19.2940 19.2980 19.1469 19.0960 19.1075 18.9186 18.7440 18.6624 18.6131 18.6085 18.5641 18.5610 18.5957 18.6205 18.7797 18.6525 18.7763 18.5698 18.2807 17.9278 17.5349 17.1164 16.6829 16.2460 15.8233 15.4479 15.1623 14.9451 14.6921
14.6298 15.0950 15.5774 16.0355 16.5926 16.7599 16.9762 17.3453 17.4248 17.4038 17.4521 17.4944 17.5895 17.7670 17.9521 18.1222 18.2834 18.3447 18.5011 18.9363 18.8076 18.8203 18.7390 18.7079 18.5961 18.5437 18.6522 18.4835 18.2491 18.1270 18.0682 18.0479 18.0326 18.0727 18.1858 18.1924 18.4418 18.2067 18.3891 18.0586 17.7595 17.4206 17.0441 16.6412 16.2224 15.7996 15.3906 15.0256 14.7365 14.5005
14.6046 15.1101 15.5660 16.0422 16.2692 16.5272 17.0465 17.1181 16.8915 16.9197 16.9700 17.0684 17.2319 17.4085 17.5730 17.7209 17.8181 18.0237 18.4880 18.3375 18.3476 18.2662 18.2485 18.1877 18.1421 18.0671 18.0564 18.1539 18.2006 17.7905 17.6173 17.5399 17.5332 17.6225 17.6703 17.8414 17.8397 17.8505 17.7934 17.7897 17.5380 17.2505 16.9250 16.5639 16.1760 15.7717 15.3628 14.9668 14.6110 14.3154
14.5057 15.0961 15.5226 15.7833 16.0575 16.4632 16.5729 16.5559 16.5627 16.4588 16.5573 16.7086 16.8766 17.0354 17.1788 17.3065 17.5561 18.1193 17.9074 17.9097 17.8120 17.7892 17.7287 17.6976 17.6460 17.5968 17.5928 17.6330 17.6165 17.5987 17.3053 17.1209 17.0834 17.1460 17.2712 17.2929 17.3005 17.3008 17.3017 17.2638 17.2257 17.0199 16.7512 16.4402 16.0939 15.7208 15.3306 14.9352 14.5518 14.1998
14.4397 14.8496 15.1245 15.3991 15.7353 15.9006 16.0095 16.0467 16.0440 16.0365 16.0216 16.1653 16.3184 16.4665 16.6155 16.8670 17.3106 17.4951 17.5275 17.3947 17.3576 17.2829 17.2454 17.1943 17.1573 17.1101 17.0673 17.0602 17.0833 17.0753 17.0296 16.8062 16.6335 16.5930 16.6906 16.7315 16.7552 16.7652 16.7676 16.7646 16.7347 16.6806 16.5039 16.2553 15.9599 15.6283 15.2696 14.8934 14.5114 14.1367
