#Value_Function_Estimate.
40.79   42.64   44.36   46.25   48.09   49.81   51.56   53.38   55.22   57.08   57.06   57.15   55.83   54.58   53.26   51.76   50.71   49.55   48.39   46.81   45.07   43.25   41.31   39.39   37.64   35.80   33.73   32.05   30.08   28.38   26.53   24.86   23.16   21.59   20.07   18.45   17.26   17.32   17.35   17.33   17.35   17.33   17.35   17.32   17.25   16.96   16.62   16.30   15.98   15.67  
41.01   42.75   44.60   46.29   48.25   50.12   51.86   53.62   55.47   57.33   59.49   57.94   56.70   55.40   53.77   52.80   51.62   50.60   48.97   47.35   45.45   43.45   41.47   39.72   37.89   35.70   34.12   32.05   30.39   28.45   26.78   24.99   23.40   21.87   20.16   18.65   18.32   18.63   18.66   18.70   18.66   18.70   18.66   18.63   18.31   17.96   17.63   17.30   17.00   16.70  
41.14   43.01   44.68   46.59   48.23   50.30   52.19   53.92   55.70   57.21   58.58   57.55   55.87   54.65   53.57   51.97   51.06   49.87   48.59   47.67   45.28   43.27   41.31   39.39   37.64   36.25   34.01   32.46   30.39   28.75   26.87   25.24   23.71   21.92   20.25   19.15   19.34   19.67   20.03   20.01   20.06   20.01   20.03   19.66   19.30   18.96   18.63   18.33   18.03   17.75  
41.42   43.09   44.99   46.60   48.64   50.19   52.39   54.28   55.30   56.39   56.59   56.40   55.36   53.81   52.58   51.44   50.01   49.63   47.90   46.65   45.36   43.13   41.14   39.21   37.34   35.64   34.57   32.34   30.78   28.79   27.13   25.61   23.72   21.97   20.45   20.40   20.49   20.69   21.03   21.45   21.35   21.45   21.02   20.65   20.32   19.98   19.68   19.38   19.10   18.84  
41.54   43.44   45.00   47.00   48.53   50.75   52.12   53.21   54.22   54.69   54.53   54.62   54.23   53.21   51.77   50.53   49.36   48.06   47.41   46.03   44.90   43.14   41.01   39.04   37.15   35.31   33.69   32.86   30.74   29.05   27.58   25.56   23.78   22.00   21.44   21.72   21.77   21.85   22.05   22.41   22.92   22.41   22.03   21.71   21.36   21.07   20.77   20.49   20.22   20.07  
41.98   43.48   45.44   46.90   49.09   50.05   51.14   52.12   52.90   52.83   52.71   52.65   52.51   52.08   51.09   49.73   48.50   47.30   46.07   45.23   43.90   43.01   41.05   38.94   37.11   35.13   33.31   31.77   31.01   29.63   27.44   25.65   23.73   22.23   22.53   22.86   23.17   23.18   23.26   23.46   23.82   23.44   23.13   22.77   22.49   22.19   21.91   21.64   21.49   21.52  
41.93   44.05   45.36   47.50   48.05   49.09   50.06   50.96   50.82   50.84   50.76   50.71   51.14   50.48   49.97   49.00   47.71   46.48   45.25   44.02   43.04   41.80   40.93   39.20   37.14   35.18   33.32   31.46   29.87   28.96   27.57   25.56   23.83   23.38   23.70   24.01   24.35   24.69   24.64   24.72   24.91   24.62   24.24   23.98   23.67   23.40   23.12   22.94   23.02   22.88  
42.02   43.90   46.13   46.15   47.07   48.03   48.89   48.95   48.91   48.80   48.77   49.04   49.62   49.09   48.47   47.90   46.95   45.70   44.45   43.18   41.93   40.88   39.73   39.19   37.21   35.34   33.49   31.47   29.99   28.03   26.97   25.59   24.42   24.66   24.97   25.28   25.58   25.92   26.31   26.18   26.20   25.78   25.55   25.23   24.98   24.69   24.43   24.55   24.35   24.61  
41.92   43.93   44.29   45.09   46.01   46.86   47.21   46.91   46.92   46.87   47.08   47.66   47.96   47.57   47.05   46.46   45.85   44.90   43.68   42.40   41.09   39.82   38.75   37.73   37.38   35.56   33.40   32.07   29.96   28.06   26.27   25.89   25.99   26.13   26.36   26.68   26.98   27.26   27.59   28.06   27.55   27.24   26.90   26.67   26.39   26.10   25.98   26.00   26.26   25.97  
41.76   42.37   43.12   44.00   44.86   45.44   44.97   45.13   44.92   45.02   45.53   45.81   45.68   45.85   45.52   45.02   44.44   43.80   42.86   41.64   40.32   38.99   37.74   36.68   35.82   35.29   34.22   31.94   30.04   28.07   27.29   27.49   27.72   27.80   27.93   28.16   28.48   28.77   29.04   29.37   28.98   28.66   28.47   28.19   27.90   27.60   27.46   27.65   27.63   27.21  
40.39   41.13   41.97   42.77   43.28   43.45   43.33   42.97   43.03   43.52   43.71   43.92   43.74   43.64   43.72   43.43   42.96   42.39   41.73   40.78   39.55   38.22   36.90   35.70   34.66   33.84   33.21   32.05   29.96   28.55   28.90   29.19   29.40   29.67   29.67   29.80   30.09   30.44   30.73   30.97   30.70   30.38   30.08   29.80   29.48   29.16   28.96   29.19   28.91   28.70  
39.08   39.87   40.60   40.98   41.67   41.23   41.29   41.17   41.35   41.66   41.77   41.99   41.78   41.62   41.53   41.55   41.29   40.84   40.28   39.61   38.65   37.44   36.13   34.85   33.68   32.68   31.86   31.14   29.94   29.95   30.40   30.84   31.20   31.41   31.70   31.63   31.78   32.12   32.48   32.76   32.35   32.07   31.79   31.43   31.05   30.74   30.52   30.74   30.47   30.30  
37.72   38.39   38.80   39.20   39.18   39.39   39.08   39.18   39.48   39.87   39.83   40.18   39.84   39.62   39.46   39.38   39.36   39.11   38.68   38.14   37.47   36.53   35.35   34.08   32.84   31.70   30.71   29.88   30.56   31.26   31.77   32.25   32.77   33.21   33.40   33.76   33.60   33.77   34.11   34.52   34.03   33.77   33.39   32.93   32.58   32.34   32.14   32.28   32.10   31.86  
36.18   36.59   36.96   37.20   37.13   37.01   37.12   37.33   37.72   38.24   38.04   38.52   38.04   37.71   37.49   37.33   37.25   37.20   36.95   36.54   36.02   35.35   34.43   33.29   32.07   30.86   29.75   30.27   31.42   32.38   33.08   33.63   34.14   34.65   35.12   35.32   35.81   35.35   35.63   36.04   35.69   35.29   34.78   34.39   34.14   33.94   33.78   33.90   33.65   33.37  
34.41   34.77   35.02   35.31   35.04   34.97   35.24   35.62   36.06   36.02   36.35   36.18   36.35   35.96   35.64   35.41   35.26   35.17   35.10   34.85   34.45   33.93   33.27   32.37   31.27   30.41   30.58   31.06   32.06   33.25   34.23   34.98   35.57   36.05   36.62   37.15   37.34   37.28   37.21   37.57   37.17   36.60   36.19   35.94   35.74   35.58   35.39   35.44   35.17   34.76  
32.61   32.88   33.17   33.64   33.18   33.19   33.57   33.96   34.00   34.25   34.17   34.26   34.17   34.24   33.91   33.60   33.38   33.22   33.13   33.03   32.79   32.40   31.89   31.84   32.08   32.25   32.38   32.47   32.85   33.86   35.09   36.09   36.90   37.51   38.06   38.81   39.54   39.01   38.44   39.25   38.41   38.00   37.75   37.55   37.40   37.21   36.93   36.98   36.64   35.55  
33.26   33.25   33.27   33.25   33.27   33.25   33.27   33.25   33.26   33.22   33.19   33.09   32.99   32.85   32.72   32.56   32.36   32.09   31.81   31.55   31.32   31.67   32.78   33.46   33.82   34.09   34.25   34.38   34.40   34.68   35.68   36.98   37.98   38.81   39.59   40.21   41.34   40.39   39.86   40.40   39.85   39.59   39.38   39.25   39.06   38.73   38.72   38.58   37.37   36.14  
35.25   35.33   35.30   35.34   35.30   35.34   35.30   35.33   35.27   35.25   35.14   35.05   34.89   34.77   34.60   34.39   34.10   33.82   33.55   33.32   33.06   32.63   33.57   34.79   35.48   35.84   36.12   36.28   36.42   36.37   36.55   37.54   38.93   39.92   40.93   41.81   42.60   41.94   41.81   41.60   41.45   41.34   41.12   40.96   40.63   40.55   40.09   39.21   38.02   36.36  
37.22   37.40   37.49   37.43   37.49   37.43   37.48   37.41   37.40   37.27   37.19   37.01   36.90   36.73   36.52   36.21   35.93   35.67   35.47   35.24   34.82   34.02   34.07   35.59   36.89   37.55   37.89   38.19   38.34   38.50   38.37   38.48   39.42   40.91   41.90   43.06   43.99   43.91   43.48   43.47   43.29   43.20   42.90   42.62   42.21   41.68   41.12   39.94   38.20   36.42  
38.48   39.55   39.62   39.73   39.63   39.73   39.61   39.65   39.48   39.42   39.22   39.12   38.94   38.74   38.42   38.14   37.88   37.71   37.53   37.16   36.32   35.03   34.67   36.08   37.69   39.05   39.68   40.00   40.32   40.43   40.65   40.22   40.23   41.31   42.85   43.74   44.99   44.80   45.58   44.96   45.08   44.88   44.57   44.12   43.71   43.23   41.90   40.07   38.25   36.41  
38.86   40.87   41.95   41.87   42.04   41.85   41.95   41.73   41.71   41.47   41.39   41.20   41.01   40.66   40.38   40.11   39.98   39.84   39.53   38.72   37.37   35.67   35.08   36.77   38.14   39.84   41.29   41.87   42.17   42.52   42.36   42.34   42.34   42.24   43.16   44.85   45.57   46.35   46.55   46.99   46.85   46.52   46.04   45.57   45.04   43.89   41.95   40.12   38.24   36.43  
39.21   41.16   43.32   44.39   44.09   44.28   43.98   44.02   43.71   43.68   43.46   43.30   42.90   42.63   42.34   42.23   42.12   41.89   41.12   39.79   38.00   36.12   35.01   37.23   38.96   40.23   42.05   43.59   44.16   44.56   44.58   44.59   44.53   44.03   43.21   45.16   47.00   47.98   48.50   48.77   48.62   48.02   47.48   47.30   45.95   43.85   42.01   40.09   38.26   36.41  
39.02   41.59   43.46   45.84   46.69   46.25   46.41   45.99   46.03   45.77   45.66   45.19   44.96   44.62   44.55   44.44   44.27   43.52   42.22   40.40   38.45   36.45   35.12   37.06   39.47   41.20   42.34   44.30   46.33   46.76   46.94   46.93   46.42   45.05   43.23   45.23   47.19   48.89   50.11   50.45   50.03   49.54   49.18   47.83   45.76   43.95   41.96   40.12   38.24   36.43  
39.21   41.18   43.51   45.90   47.49   48.96   48.36   48.53   48.18   48.17   47.60   47.43   47.03   47.00   46.88   46.76   45.93   44.63   42.82   40.85   38.77   36.72   35.01   37.23   39.02   40.93   43.31   44.36   47.37   48.87   49.45   48.94   47.47   45.09   43.22   45.23   47.46   49.18   50.73   52.16   51.44   51.02   49.96   47.77   45.80   43.83   42.01   40.08   38.26   36.41  
38.92   41.19   43.49   45.72   48.63   49.82   51.20   50.69   50.83   50.10   50.03   49.53   49.57   49.43   49.40   48.49   47.10   45.22   43.29   41.16   39.05   36.90   35.10   36.88   38.77   41.00   42.80   45.27   47.31   50.94   51.52   49.62   47.34   45.29   43.23   45.23   47.38   49.56   51.13   53.21   52.94   52.29   49.85   47.86   45.76   43.83   41.93   40.11   38.24   36.43  
38.88   41.14   43.36   45.93   48.15   50.82   52.09   53.65   52.65   52.76   52.10   52.24   52.04   52.15   51.11   49.60   47.59   45.70   43.58   41.46   39.22   37.07   34.92   36.65   38.76   40.64   42.96   44.76   47.43   50.06   51.82   49.50   47.65   45.19   43.22   45.23   47.47   49.37   51.31   53.43   53.23   51.50   50.01   47.77   45.80   43.82   41.92   40.05   38.25   36.41  
38.83   41.04   43.44   45.58   48.33   50.76   53.06   54.30   55.58   54.67   54.83   54.65   54.98   53.80   52.20   50.00   48.15   46.03   43.91   41.61   39.41   37.12   35.11   36.58   38.49   40.68   42.58   44.91   47.54   48.80   50.48   49.76   47.45   45.35   43.40   45.22   47.33   49.36   51.23   51.59   51.45   51.01   49.36   47.81   45.76   43.83   41.91   40.04   38.20   36.42  
38.73   41.04   43.13   45.64   48.21   51.11   53.36   55.31   56.80   57.63   57.09   57.25   56.52   54.82   52.40   50.60   48.42   46.34   44.03   41.83   39.42   37.36   35.18   36.36   38.45   40.40   42.62   44.57   46.65   48.25   48.54   48.49   47.63   45.68   43.66   45.15   47.27   49.00   49.45   49.38   49.51   50.03   48.82   47.25   45.70   43.80   41.91   40.03   38.18   36.38  
38.67   40.76   43.14   45.58   48.34   50.87   53.84   55.40   57.71   59.23   60.00   59.30   57.53   54.81   53.14   50.86   48.81   46.46   44.31   41.77   39.72   37.38   35.33   36.28   38.23   40.37   42.34   44.40   45.72   46.11   46.35   46.57   46.35   45.99   43.54   44.98   46.78   47.42   47.36   47.56   47.87   47.73   48.23   46.71   45.21   43.68   41.88   40.03   38.17   36.36  
38.41   40.72   43.09   45.64   48.21   51.07   52.95   55.32   57.03   60.12   62.05   60.28   57.19   55.62   53.04   51.01   48.83   46.79   44.12   42.17   39.68   37.57   35.39   36.09   38.16   40.12   42.05   43.34   43.80   44.06   44.28   44.20   44.61   44.11   43.96   44.50   45.20   45.30   45.45   45.74   45.71   46.07   45.93   46.43   44.69   43.24   41.73   39.98   38.17   36.35  
38.33   40.67   43.13   45.57   48.26   50.39   52.70   54.66   57.38   59.06   61.23   59.91   58.05   55.28   53.19   51.27   48.63   46.45   44.70   42.03   39.93   37.55   35.82   36.00   37.93   39.74   40.98   41.51   41.78   42.01   42.28   42.58   42.28   42.30   42.44   42.97   43.18   43.34   43.60   43.65   43.92   43.90   44.27   44.15   44.70   42.80   41.33   39.82   38.12   36.34  
38.26   40.68   43.06   45.53   47.77   50.09   52.19   54.74   56.75   58.94   60.60   58.86   57.30   55.38   52.83   50.73   48.73   46.23   44.06   42.40   39.78   38.12   35.77   35.76   37.46   38.66   39.23   39.52   39.76   40.02   40.37   40.32   40.90   40.46   40.92   41.16   41.47   41.56   41.66   41.89   41.95   42.22   42.23   42.63   42.54   43.28   41.13   39.47   37.95   36.28  
38.24   40.61   42.98   45.15   47.45   49.67   52.14   54.37   57.17   58.25   58.12   58.21   56.56   54.78   52.82   50.42   48.33   46.27   43.84   41.72   40.58   37.96   35.86   35.25   36.40   36.99   37.31   37.55   37.82   38.12   38.61   38.51   38.69   38.98   39.28   39.56   39.70   40.08   39.98   40.08   40.31   40.37   40.69   40.73   41.27   41.13   41.11   39.28   37.64   36.11  
38.17   40.49   42.60   44.84   47.13   49.59   51.90   54.50   55.98   55.70   55.98   55.69   56.09   54.29   52.31   50.30   48.00   45.89   43.78   41.44   39.43   38.08   35.76   34.22   34.83   35.17   35.43   35.71   36.02   36.48   36.86   36.61   36.92   37.25   37.68   37.86   38.17   38.19   38.64   38.40   38.53   38.79   38.90   39.32   39.28   39.36   39.26   39.04   37.43   35.83  
38.05   40.16   42.33   44.60   47.04   49.43   51.86   53.32   53.63   53.48   53.27   53.51   53.32   53.85   52.39   49.93   47.85   45.61   43.48   41.33   39.08   37.18   35.74   34.34   34.27   34.37   34.31   34.38   34.45   34.80   34.71   35.06   35.39   35.72   36.28   36.30   36.39   36.73   36.64   37.04   37.12   37.09   37.42   37.44   37.50   37.45   37.49   37.40   37.04   35.59  
37.81   39.93   42.15   44.56   46.94   49.26   50.72   51.14   51.36   51.16   51.01   50.93   51.29   51.10   51.51   49.83   47.51   45.40   43.17   41.05   38.92   36.79   36.07   36.18   36.48   36.32   36.49   36.37   36.33   36.37   36.30   36.08   35.67   35.36   34.99   34.59   34.87   34.87   35.18   35.30   35.32   35.76   35.62   35.66   35.64   35.67   35.64   35.66   35.55   35.10  
37.65   39.80   42.11   44.45   46.67   48.11   48.63   48.88   49.19   48.88   48.68   48.75   48.68   48.99   49.12   48.85   47.29   45.09   42.95   40.76   38.66   37.96   38.02   38.15   38.23   38.64   38.35   38.37   38.48   38.41   38.20   37.81   37.57   37.35   36.38   34.32   33.11   33.37   33.50   33.58   33.92   34.03   34.28   33.89   33.87   33.85   33.87   33.85   33.86   33.72  
37.54   39.75   41.99   44.09   45.52   46.10   46.37   46.68   47.13   46.68   46.38   46.22   46.48   46.62   46.73   46.59   46.21   44.70   42.59   40.51   39.55   39.83   39.98   40.01   40.17   40.22   40.20   40.25   40.45   40.27   39.93   39.74   39.66   38.77   36.53   34.40   32.66   31.74   31.85   32.14   32.30   32.59   33.44   32.58   32.19   32.13   32.11   32.12   32.11   32.09  
37.48   39.60   41.57   42.92   43.55   43.86   44.17   44.53   44.32   44.53   44.17   43.94   44.09   44.19   44.18   44.14   44.04   43.57   42.15   40.35   41.16   41.61   41.88   42.03   42.03   42.23   42.12   42.30   42.33   42.01   41.84   41.93   40.81   38.60   36.53   34.86   32.66   31.23   30.42   30.61   30.92   31.60   31.50   31.60   30.91   30.52   30.44   30.41   30.41   30.40  
37.32   39.14   40.43   41.09   41.43   41.74   42.05   41.95   42.07   41.95   42.05   41.75   41.76   41.81   42.13   41.79   41.71   41.57   41.04   41.22   42.63   43.28   43.67   43.93   44.09   44.03   44.32   44.12   43.73   43.58   44.18   42.88   40.65   38.61   36.43   34.44   33.28   31.79   29.91   29.29   29.84   29.85   29.90   29.85   29.84   29.26   28.90   28.79   28.76   28.76  
36.84   38.06   38.73   39.10   39.41   39.69   39.66   39.73   39.66   39.73   39.66   39.69   39.58   40.17   39.60   39.74   39.49   39.37   39.88   41.84   43.59   44.92   45.41   45.76   46.03   46.20   46.07   45.79   45.43   45.83   44.72   42.42   40.73   38.51   36.57   34.61   32.59   31.85   30.31   28.35   28.22   28.26   28.23   28.26   28.22   28.14   27.66   27.31   27.18   27.15  
35.81   36.49   36.88   37.20   37.45   37.47   37.52   37.48   37.52   37.48   37.52   37.57   38.29   37.72   37.85   37.44   37.47   37.68   39.82   42.36   44.38   46.07   47.35   47.71   48.06   48.35   48.10   47.63   47.59   46.48   44.37   42.91   40.59   38.77   36.75   34.63   32.85   30.86   29.99   28.65   26.81   26.65   26.66   26.65   26.66   26.63   26.51   26.08   25.76   25.62  
34.37   34.78   35.10   35.35   35.40   35.44   35.42   35.44   35.42   35.47   35.81   36.47   35.93   36.06   35.65   35.66   35.57   37.45   39.94   42.17   44.91   47.00   48.66   49.99   50.19   50.93   49.97   49.39   48.35   46.15   44.61   42.35   40.97   38.95   36.70   34.97   32.85   31.12   29.36   28.54   26.83   25.35   25.13   25.12   25.11   25.12   25.08   24.93   24.55   24.25  
32.81   33.13   33.37   33.45   33.48   33.47   33.49   33.48   33.55   33.90   34.81   34.21   34.33   33.94   33.95   33.69   35.26   37.52   39.82   42.36   44.44   46.82   49.53   51.35   52.90   53.25   51.06   49.95   48.00   46.32   44.12   42.83   40.56   38.81   37.17   34.86   33.16   31.33   29.58   27.90   26.94   25.15   23.93   23.67   23.64   23.63   23.63   23.58   23.42   23.08  
31.27   31.50   31.59   31.63   31.63   31.64   31.64   31.73   32.11   33.38   32.65   32.74   32.30   32.29   31.99   33.23   35.22   37.44   39.91   41.95   44.28   46.83   49.16   51.83   54.50   53.80   52.38   50.12   47.84   45.93   44.25   42.11   41.05   38.66   36.90   35.27   33.36   31.56   29.76   28.61   26.67   25.31   23.58   22.53   22.26   22.22   22.21   22.20   22.15   21.98  
29.69   29.79   29.83   29.83   29.84   29.86   29.97   30.35   31.30   31.22   31.35   30.82   30.77   30.42   31.26   33.14   35.22   37.51   39.60   41.84   44.22   46.58   49.32   51.80   54.86   54.49   51.51   49.76   47.62   45.66   43.79   42.07   40.13   39.17   36.74   34.94   33.18   31.64   30.67   28.50   26.73   25.19   24.05   22.27   21.19   20.92   20.86   20.85   20.84   20.77  
28.02   28.06   28.07   28.08   28.11   28.23   28.60   29.33   29.38   29.46   29.38   29.41   28.99   29.37   31.10   33.13   35.22   37.35   39.55   41.75   44.06   46.65   49.17   52.06   53.17   52.21   51.29   49.39   47.91   45.53   43.84   41.71   39.97   38.12   37.13   34.88   33.17   31.21   29.73   28.61   26.66   24.95   23.49   22.72   20.97   19.93   19.61   19.54   19.52   19.50  
26.32   26.34   26.35   26.38   26.51   26.86   27.45   27.56   27.62   27.58   27.62   27.58   27.57   29.09   31.06   33.13   35.22   37.35   39.52   41.71   44.09   46.55   49.15   50.29   50.12   50.31   49.55   48.70   47.14   46.12   43.66   41.63   39.62   37.82   36.07   34.93   32.80   31.11   29.28   27.85   26.65   24.87   23.22   21.88   21.23   19.72   18.66   18.32   18.24   18.21  
24.63   24.65   24.69   24.83   25.15   25.64   25.79   25.84   25.82   25.85   25.82   25.91   27.16   29.03   31.06   33.13   35.22   37.34   39.51   41.70   44.00   46.33   47.48   47.49   47.61   47.49   47.55   46.94   46.17   44.95   43.77   41.47   39.44   37.50   35.69   34.02   32.61   30.77   29.12   27.41   26.02   24.78   23.11   21.54   20.34   19.47   18.24   17.39   17.05   16.95  
22.98   23.03   23.17   23.48   23.89   24.06   24.12   24.11   24.12   24.12   24.27   25.30   27.04   29.01   31.06   33.13   35.22   37.35   39.50   41.63   43.65   44.77   44.91   45.01   44.93   45.01   44.93   44.93   44.47   43.78   42.71   41.42   39.26   37.24   35.38   33.63   31.86   30.54   28.82   27.20   25.59   24.24   22.97   21.41   19.94   18.77   17.99   16.91   16.14   15.81  
