#Value Function.
324.06  334.29  344.99  355.70  365.89  375.13  383.33  390.52  397.25  404.49  413.06  423.35  435.14  448.05  461.76  476.18  491.17  506.68  522.59  538.83  555.21  572.12  588.91  605.57  621.67  637.47  652.13  665.73  676.60  686.27  692.74  698.22  701.06  702.18  702.64  702.25  701.90  701.13  699.61  697.43  693.22  689.40  683.22  675.72  667.68  658.75  649.70  640.92  632.64  624.80 
326.19  335.82  346.29  357.33  368.40  378.90  388.38  396.79  404.07  410.86  418.17  426.93  437.54  449.65  462.94  477.02  491.83  507.22  523.16  539.48  556.21  572.96  590.11  607.06  623.94  640.15  655.61  669.53  682.07  691.98  700.23  705.57  709.18  711.34  712.43  712.02  712.04  711.51  710.42  708.03  705.17  700.61  694.25  686.56  678.12  669.34  660.62  652.06  644.43  637.40 
329.09  337.90  347.66  358.46  369.87  381.29  392.11  401.83  410.46  417.83  424.66  432.01  440.96  451.86  464.32  478.01  492.46  507.66  523.46  539.82  556.60  573.51  590.71  608.08  625.17  641.70  657.54  672.10  684.41  695.61  704.64  711.02  715.70  718.55  720.23  720.87  720.84  720.47  719.88  718.03  715.54  710.85  704.55  696.93  688.74  680.06  671.44  663.88  657.16  651.20 
332.45  340.94  349.78  359.81  370.95  382.72  394.51  405.68  415.63  424.45  431.92  438.73  446.14  455.22  466.47  479.26  493.37  508.18  523.84  540.12  556.92  573.90  591.26  608.64  625.95  642.69  658.56  673.21  686.39  697.88  707.25  714.76  719.88  724.29  727.18  728.87  729.48  729.41  729.08  727.68  724.95  720.31  714.32  707.33  699.15  691.02  683.58  676.92  671.28  666.68 
335.44  344.50  352.96  361.94  372.26  383.75  395.91  408.08  419.56  429.75  438.79  446.26  453.05  460.40  469.68  481.24  494.40  508.96  524.20  540.41  557.14  574.19  591.60  609.20  626.50  643.49  659.59  674.25  687.42  698.80  708.52  716.55  723.34  728.48  733.13  736.63  737.65  738.33  738.17  737.29  734.61  730.39  724.25  717.36  710.03  703.21  696.92  691.39  686.98  683.08 
337.84  347.58  356.75  365.27  374.40  385.02  396.88  409.44  421.97  433.78  444.12  453.43  460.73  467.41  474.79  484.13  496.12  509.79  524.80  540.54  557.31  574.30  591.62  609.22  626.51  643.49  659.60  674.25  687.43  698.81  708.64  717.35  725.09  732.18  737.86  744.19  746.82  747.09  747.35  746.07  743.95  739.65  734.44  728.45  722.54  716.90  711.72  707.56  703.82  700.56 
339.61  350.04  359.91  369.34  377.90  387.12  398.07  410.26  423.25  436.10  448.29  458.60  468.17  475.29  481.79  488.92  498.46  511.23  525.24  540.94  557.32  574.38  591.66  609.23  626.53  643.49  659.59  674.25  687.42  698.81  708.62  717.39  725.88  733.84  742.43  749.88  755.56  756.65  756.20  755.79  753.14  749.96  745.58  741.15  736.45  731.88  728.24  724.82  721.81  718.69 
340.44  351.90  362.43  372.52  382.13  390.45  399.82  411.10  423.87  437.29  450.37  462.89  472.93  482.75  489.34  495.23  502.41  512.79  526.09  541.13  557.49  574.23  591.42  608.73  625.99  642.69  658.56  673.22  686.42  698.07  708.19  717.43  725.82  734.65  743.22  752.84  760.46  765.48  766.25  764.82  763.61  761.12  758.50  755.30  751.57  748.77  745.77  743.20  740.35  736.70 
340.69  352.69  364.36  374.97  384.68  394.00  402.22  412.47  424.37  437.61  451.43  464.69  477.33  486.19  495.92  500.81  506.84  515.45  526.96  541.35  557.49  573.98  590.96  608.18  625.21  641.70  657.47  671.46  684.67  696.64  707.37  716.48  725.95  734.43  743.60  752.19  762.53  770.36  775.73  776.61  775.68  774.93  773.43  770.77  768.85  766.71  764.39  762.10  759.07  753.91 
340.76  352.90  364.97  376.41  386.59  395.50  404.04  413.35  424.74  437.94  451.61  465.61  478.49  490.33  497.36  504.24  508.82  517.11  527.58  541.67  557.19  573.67  590.48  607.22  623.99  640.07  655.13  669.68  682.26  694.67  704.86  715.66  724.84  734.13  742.72  752.48  761.33  772.56  780.92  787.09  789.31  789.78  788.32  787.90  786.45  785.25  783.19  780.99  776.56  768.79 
340.75  352.96  365.16  376.98  387.06  395.44  404.06  413.33  424.79  437.86  451.74  465.38  478.87  489.68  498.48  503.58  510.16  517.03  527.71  541.45  556.86  573.17  589.54  605.74  621.87  637.37  652.47  666.42  679.45  691.39  702.74  712.90  722.89  732.14  741.48  750.57  761.23  770.79  783.75  793.48  800.93  804.62  805.78  805.18  804.87  803.92  801.85  798.24  791.88  779.81 
340.76  352.90  364.96  376.32  385.72  394.93  403.23  413.35  424.74  437.94  451.61  465.59  478.30  488.62  497.27  503.40  508.64  515.51  526.74  540.78  556.34  572.21  587.84  603.65  619.04  634.42  648.78  662.09  675.28  687.30  698.13  708.85  718.98  728.99  738.04  748.33  758.16  769.82  782.96  797.45  809.01  816.80  821.80  822.73  822.19  821.74  819.25  813.77  802.12  788.16 
340.68  352.54  363.88  374.22  383.97  392.38  402.07  411.87  424.37  437.61  451.37  464.31  475.20  485.64  493.31  498.55  503.87  513.32  525.54  540.19  555.19  570.23  585.68  600.85  615.77  630.27  643.88  657.39  669.75  681.91  693.32  703.94  713.74  723.71  733.60  743.57  754.97  767.24  781.45  797.96  813.17  825.30  833.18  837.99  837.85  837.40  833.90  822.57  810.30  792.68 
342.36  351.41  361.68  371.35  380.15  389.53  399.34  411.01  423.65  437.07  449.87  461.07  471.41  479.58  485.75  491.35  500.30  511.30  524.46  538.79  553.20  568.01  582.91  597.40  611.72  625.30  638.66  651.35  663.90  675.57  686.70  697.07  706.86  717.48  727.48  738.71  751.02  764.58  781.23  797.54  814.73  829.42  841.64  846.41  848.97  849.39  840.84  830.37  814.09  794.70 
351.94  352.80  358.71  367.49  376.72  386.43  397.73  409.97  422.96  435.46  446.65  456.74  464.94  471.43  477.63  486.21  496.88  509.22  522.81  536.59  550.86  565.17  579.25  593.39  606.68  619.89  632.58  645.03  656.93  668.06  678.72  688.95  699.87  709.96  721.04  733.23  746.85  762.54  779.44  796.88  814.08  831.07  844.85  852.77  854.39  852.68  845.71  832.66  815.23  795.41 
363.21  363.38  363.63  365.24  373.68  384.62  396.55  409.10  421.22  432.25  442.13  450.36  457.01  463.35  471.83  482.17  494.13  507.09  520.42  534.13  547.91  561.63  575.35  588.53  601.57  613.99  626.31  637.77  648.85  659.57  670.33  682.17  691.70  702.77  714.84  728.33  743.78  760.09  777.79  795.59  813.71  830.64  844.51  852.99  854.01  854.26  847.87  833.73  815.95  795.79 
374.86  375.00  375.02  375.17  376.30  383.42  395.54  407.31  418.09  427.69  435.85  442.60  449.12  457.47  467.52  479.09  491.65  504.51  517.77  531.09  544.45  557.83  571.11  584.35  596.51  608.67  619.90  630.67  643.95  661.32  676.94  689.29  701.29  708.69  715.40  726.16  741.25  757.92  775.94  794.49  812.82  830.05  844.03  849.49  852.29  849.40  845.12  832.59  815.23  795.41 
386.82  386.96  386.96  386.97  387.03  387.67  393.73  404.22  413.59  421.61  428.35  434.99  443.15  453.01  464.22  476.39  488.92  501.73  514.72  528.08  544.23  560.22  573.17  583.96  593.79  604.70  614.41  627.58  644.83  663.30  681.07  697.15  708.61  720.31  725.98  732.28  740.99  756.86  773.96  792.68  810.58  826.53  834.62  839.93  842.05  842.99  834.78  827.42  812.64  794.53 
399.08  399.23  399.23  399.23  399.23  399.24  399.31  400.06  407.67  414.43  421.08  429.07  438.65  449.59  461.38  473.59  486.06  498.72  512.00  527.68  544.48  561.48  577.80  590.18  600.02  607.90  616.76  629.62  645.37  663.93  683.04  701.33  717.13  726.54  734.47  739.72  745.83  756.47  772.11  789.48  805.64  815.12  822.65  825.14  827.86  827.31  825.22  816.47  806.34  791.13 
411.65  411.81  411.81  411.81  411.81  411.81  411.81  411.81  411.80  411.78  415.31  424.60  435.21  446.69  458.57  470.73  483.13  496.22  511.36  527.67  544.46  561.48  578.03  592.37  602.73  610.59  618.57  629.70  645.24  663.81  683.72  703.21  720.02  731.44  737.45  742.68  747.78  756.98  769.50  783.53  793.58  801.84  805.94  809.34  809.26  809.58  807.89  804.16  795.34  783.71 
424.55  424.71  424.71  424.71  424.71  424.71  424.71  424.70  424.68  424.58  424.23  423.34  432.30  443.90  455.76  467.91  480.80  495.42  511.25  527.61  544.45  561.48  578.04  592.36  602.75  610.55  618.63  629.59  645.14  663.88  683.60  703.07  719.92  731.27  737.40  742.41  747.68  753.86  763.07  771.95  779.78  784.74  788.55  789.79  790.01  789.82  789.19  786.67  781.82  772.81 
437.77  437.94  437.94  437.94  437.94  437.94  437.93  437.92  437.83  437.51  436.65  434.82  431.49  441.13  453.04  465.70  479.89  495.24  511.19  527.60  544.45  561.46  577.79  590.20  600.00  607.93  616.67  629.51  645.14  663.57  682.65  700.96  716.78  728.90  735.81  738.55  741.58  744.90  751.78  757.85  762.95  767.17  769.61  771.51  771.40  771.51  769.70  767.88  764.99  758.99 
451.34  451.50  451.51  451.50  451.51  451.50  451.50  451.42  451.14  450.31  448.50  445.13  439.89  438.54  450.96  464.74  479.65  495.18  511.17  527.57  544.15  560.20  573.31  585.49  595.41  604.03  614.26  627.10  644.21  662.44  680.48  696.69  711.39  720.96  726.54  726.75  729.85  732.08  736.87  741.35  745.85  749.30  754.24  757.15  757.21  757.15  754.21  750.63  746.72  742.57 
465.24  465.42  465.42  465.42  465.42  465.42  465.35  465.11  464.32  462.54  459.14  453.79  446.34  436.79  449.97  464.44  479.57  495.15  511.10  527.16  542.61  555.85  567.90  578.39  588.04  598.03  609.68  625.39  642.76  659.98  675.95  690.35  700.54  707.17  709.72  710.73  713.17  716.51  720.25  724.94  729.58  737.10  742.82  748.95  748.88  748.92  745.51  737.33  730.51  725.13 
479.52  479.68  479.70  479.68  479.70  479.64  479.43  478.68  476.95  473.51  468.06  460.44  450.57  439.13  449.62  464.34  479.52  495.04  510.60  525.51  538.53  550.26  560.68  570.41  580.52  592.07  606.87  623.44  640.04  655.55  669.34  679.49  686.16  689.77  695.96  703.66  708.47  710.30  711.60  713.29  717.63  726.76  737.64  743.28  744.08  743.08  740.32  730.98  718.91  709.77 
494.13  494.34  494.31  494.34  494.29  494.13  493.41  491.74  488.26  482.70  474.91  464.71  452.87  440.28  449.50  464.28  479.37  494.46  508.87  521.63  533.08  543.32  552.94  562.94  574.45  588.68  604.56  620.61  635.65  648.90  658.87  665.76  672.02  688.88  703.87  716.12  724.37  729.06  730.66  732.05  732.75  734.70  739.79  742.66  742.08  738.54  734.69  725.60  712.09  698.54 
509.18  509.32  509.36  509.30  509.20  508.50  506.92  503.40  497.71  489.77  479.23  466.97  453.96  440.88  449.42  464.09  478.71  492.67  505.16  516.35  526.41  535.92  545.80  557.13  570.86  586.16  601.68  616.24  629.02  638.84  646.07  653.95  673.35  692.41  709.67  724.81  737.52  745.07  749.15  750.47  750.30  751.25  748.27  747.57  738.63  734.17  727.46  717.54  705.29  691.16 
524.55  524.77  524.69  524.67  523.97  522.51  518.93  513.11  505.05  494.13  481.43  468.01  454.52  441.41  449.19  463.37  476.89  489.10  500.04  509.93  519.31  529.07  540.21  553.48  568.24  583.23  597.33  609.68  619.38  626.98  635.91  654.05  673.77  693.75  713.39  730.76  745.55  758.17  764.30  766.55  764.83  760.22  756.26  745.63  734.37  725.24  717.39  708.44  696.85  684.14 
540.49  540.43  540.51  539.82  538.52  534.88  528.90  520.75  509.42  496.25  482.40  468.52  455.02  442.23  448.42  461.53  473.45  484.15  493.86  503.12  512.75  523.68  536.53  550.76  565.24  578.90  590.87  600.47  608.41  618.01  634.88  654.06  673.84  694.06  714.42  734.41  750.79  764.69  773.54  776.33  773.94  770.18  759.06  744.85  728.25  716.26  705.79  696.97  687.58  675.85 
556.23  556.61  555.96  554.93  551.24  545.08  536.90  525.12  511.46  497.17  482.87  468.98  455.82  443.71  446.57  458.19  468.66  478.21  487.33  496.83  507.54  519.99  533.73  547.72  560.94  572.57  582.08  590.32  600.34  616.26  634.78  654.05  673.85  694.05  714.47  734.65  753.41  768.23  776.60  777.75  778.07  772.88  761.67  744.69  725.98  708.89  696.42  685.73  676.51  666.76 
572.40  572.03  571.50  567.87  561.56  553.52  541.22  527.05  512.31  497.59  483.30  469.76  457.29  446.25  443.33  453.57  462.94  471.94  481.29  491.78  503.85  517.12  530.64  543.45  554.75  564.20  572.68  582.96  598.14  616.00  634.76  654.06  673.84  694.06  714.45  734.69  753.35  768.34  776.41  778.07  776.58  773.40  761.25  744.61  725.23  705.91  689.11  676.36  665.80  656.31 
586.32  587.25  584.18  577.94  570.48  557.66  543.02  527.83  512.68  497.99  484.06  471.20  459.89  449.99  441.41  448.07  456.93  466.13  476.40  488.11  500.93  514.00  526.40  537.42  546.81  555.48  565.90  580.48  597.70  615.96  634.76  654.05  673.84  694.03  714.32  733.31  750.81  764.17  769.95  772.73  773.38  768.57  758.17  742.27  724.03  704.58  685.68  669.40  656.76  646.10 
598.91  597.61  593.54  587.23  574.25  559.21  543.71  528.15  513.05  498.72  485.46  473.88  463.72  455.00  446.94  442.29  451.34  461.38  472.75  485.14  497.78  509.81  520.56  529.88  538.70  549.18  563.25  579.88  597.62  615.95  634.76  654.04  673.74  693.58  712.53  730.57  744.80  754.98  760.61  761.39  761.01  758.14  750.89  737.87  721.25  703.27  684.17  665.88  650.13  637.44 
606.69  605.04  601.25  589.94  575.47  559.69  543.96  528.42  513.69  500.00  488.13  477.78  468.94  460.79  452.31  443.00  446.73  457.77  469.76  481.98  493.64  504.14  513.39  522.31  532.81  546.45  562.51  579.75  597.61  615.95  634.74  653.90  673.14  691.69  709.28  723.47  734.62  741.37  744.14  743.96  744.20  742.09  737.86  729.81  716.61  700.43  682.72  664.25  646.60  631.09 
607.79  607.57  601.39  590.03  575.45  559.84  544.10  529.07  514.73  502.61  491.94  483.15  474.92  466.38  456.83  446.48  443.16  454.75  466.58  477.89  488.15  497.34  506.33  516.79  530.04  545.58  562.33  579.73  597.60  615.91  634.55  653.22  671.26  688.20  702.13  713.18  720.09  723.47  724.36  724.56  724.45  724.43  721.73  716.79  708.54  695.73  679.96  662.72  644.84  627.56 
608.12  607.37  601.50  589.97  575.54  559.94  544.50  529.68  517.03  506.00  497.10  489.09  480.60  470.95  460.22  449.61  440.13  451.57  462.55  472.59  481.71  490.73  501.14  514.03  529.07  545.35  562.29  579.71  597.54  615.68  633.80  651.32  667.64  681.24  691.94  698.82  702.40  703.67  704.16  704.14  704.31  704.31  703.92  701.25  696.19  687.90  675.42  660.10  643.30  625.69 
604.41  605.02  598.41  589.70  575.47  560.10  544.65  531.44  519.26  510.30  502.17  494.26  484.84  474.12  463.55  451.81  439.29  447.62  457.44  466.47  475.50  485.83  498.40  512.98  528.79  545.29  562.27  579.64  597.28  614.88  631.88  647.62  660.86  671.21  678.01  681.68  683.15  683.70  683.95  684.13  684.31  684.40  684.50  684.02  681.35  676.31  667.96  655.78  640.75  624.15 
595.71  595.53  592.98  583.79  573.89  559.80  545.59  532.02  522.06  513.79  505.81  497.02  487.44  477.23  465.64  452.90  439.71  442.70  451.66  460.67  470.90  483.17  497.31  512.67  528.72  545.26  562.18  579.33  596.42  612.92  628.13  641.00  651.04  657.73  661.44  663.03  663.66  663.98  664.25  664.54  664.85  665.19  665.22  665.51  664.89  662.24  657.09  648.58  636.51  621.66 
582.12  582.40  580.74  576.82  567.68  558.11  545.18  533.02  523.56  515.38  507.40  498.68  489.21  478.91  466.55  453.26  439.97  437.32  446.28  456.40  468.38  482.10  496.98  512.58  528.68  545.15  561.83  578.43  594.43  609.15  621.65  631.39  637.98  641.73  643.42  644.11  644.48  644.78  645.16  645.63  646.20  646.57  647.05  646.97  647.15  646.36  643.61  638.20  629.57  617.41 
566.84  566.85  566.31  564.28  560.18  552.28  543.90  533.62  523.85  515.75  507.13  499.39  490.03  479.09  466.53  453.34  440.06  435.76  445.44  456.55  468.90  482.36  497.09  512.61  528.60  544.78  560.89  576.41  590.66  602.79  612.26  618.76  622.55  624.36  625.12  625.51  625.84  626.22  626.75  627.42  628.08  628.78  629.06  629.31  629.17  629.26  628.30  625.30  619.65  610.70 
550.71  550.87  550.68  549.96  548.05  544.49  538.45  532.11  524.17  515.45  507.54  499.15  490.17  479.02  466.58  453.35  440.10  440.12  449.71  459.41  470.88  483.55  497.34  512.67  528.25  543.84  558.85  572.64  584.41  593.63  600.05  603.90  605.87  606.81  607.22  607.56  607.95  608.40  609.01  609.80  610.68  611.28  611.78  611.85  611.95  611.85  611.65  610.32  607.01  600.95 
534.79  534.86  534.87  534.71  534.04  532.48  529.91  525.91  520.76  514.83  506.70  498.18  488.99  478.16  465.93  453.10  440.25  443.70  453.93  463.42  473.18  485.06  498.05  512.50  527.44  541.82  555.10  566.51  575.49  581.81  585.74  587.88  589.19  589.91  590.25  590.60  590.78  591.23  591.95  592.80  593.51  594.24  594.65  594.86  594.89  594.86  594.63  594.18  592.49  588.71 
519.07  519.25  519.21  519.27  519.08  518.64  517.77  515.87  513.61  509.78  503.97  495.26  486.00  476.16  464.59  452.55  440.30  446.91  457.22  467.39  476.28  486.15  498.50  511.94  525.59  538.15  549.12  557.82  564.03  568.00  570.35  572.00  573.08  574.15  574.47  574.65  574.69  575.02  575.41  576.04  576.76  577.41  577.75  577.95  578.07  578.09  577.90  577.40  576.69  574.54 
503.80  503.97  504.00  503.97  504.05  503.99  503.94  503.46  502.30  500.75  497.04  490.56  482.24  472.29  462.30  451.15  440.13  447.63  459.68  469.10  478.71  487.62  498.70  510.49  521.96  532.29  540.66  546.72  550.69  553.17  555.02  556.40  558.04  559.15  559.59  559.60  559.26  559.24  559.26  559.71  560.28  560.80  561.13  561.38  561.40  561.39  561.26  560.93  560.24  559.15 
488.92  489.12  489.10  489.16  489.13  489.22  489.32  489.37  489.14  488.45  486.79  483.08  476.46  468.12  458.53  448.84  438.74  447.87  459.28  469.84  478.42  488.57  498.16  507.54  516.50  524.16  529.94  533.82  536.34  538.27  539.93  541.99  543.82  544.88  545.00  545.05  544.64  543.66  543.30  543.56  544.01  544.38  544.70  544.85  544.85  544.85  544.72  544.49  544.08  543.17 
474.43  474.60  474.64  474.64  474.72  474.81  474.92  474.89  475.03  474.92  474.20  472.46  468.61  462.16  454.17  445.19  436.43  447.63  459.69  469.14  479.04  487.14  494.35  501.62  508.31  513.65  517.41  519.93  521.86  523.64  525.82  528.09  529.85  530.43  530.85  530.72  530.43  529.29  527.79  527.65  527.93  528.22  528.43  528.51  528.51  528.51  528.43  528.26  527.99  527.34 
460.29  460.49  460.50  460.57  460.66  460.75  460.76  460.92  460.86  460.92  460.77  460.02  458.20  454.34  448.25  440.65  434.52  446.92  457.28  467.66  476.44  482.49  487.83  493.64  498.11  501.52  503.96  505.86  507.64  509.79  512.08  514.08  515.11  516.21  516.46  516.24  515.72  514.99  513.42  511.92  512.10  512.30  512.41  512.45  512.45  512.45  512.41  512.33  512.13  511.65 
446.53  446.72  446.78  446.86  446.94  446.97  447.09  447.07  447.11  447.07  447.10  446.90  446.11  444.23  440.51  434.81  433.13  444.18  454.75  463.95  470.00  474.51  479.34  483.04  486.18  488.44  490.27  492.04  494.10  496.31  498.29  499.61  500.81  501.41  501.58  501.42  501.18  500.21  499.26  497.69  496.57  496.66  496.71  496.73  496.73  496.73  496.71  496.67  496.58  496.19 
433.11  433.33  433.41  433.48  433.52  433.62  433.62  433.64  433.62  433.64  433.62  433.61  433.38  432.55  430.67  427.06  430.33  440.74  449.86  456.36  460.91  465.03  468.39  471.24  473.38  475.11  476.83  478.81  480.92  482.81  484.20  485.37  486.07  486.39  486.46  486.39  486.23  485.80  484.85  483.79  482.34  481.34  481.36  481.38  481.38  481.38  481.36  481.34  481.30  481.03 
419.95  420.14  420.21  420.26  420.33  420.34  420.36  420.35  420.36  420.35  420.36  420.34  420.31  420.04  419.19  417.39  426.53  435.35  441.92  446.69  450.66  453.77  456.41  458.48  460.17  461.84  463.73  465.74  467.56  468.94  470.07  470.80  471.17  471.27  471.29  471.27  471.19  470.97  470.50  469.59  468.53  467.21  466.31  466.23  466.23  466.23  466.23  466.21  466.19  466.02 
