#Value Function.
6.4484  6.5242  6.5580  6.6019  6.6646  6.8402  6.9150  6.9173  6.9493  7.0565  7.0642  7.1511  7.2164  7.2168  7.2026  7.2767  7.2870  7.2874  7.1739  7.1009  7.0125  7.0175  7.0588  7.0607  7.1653  7.1733  7.1758  7.1867  7.1898  7.1037  6.8502  6.7723  6.9852  7.0418  7.1445  7.2458  7.2567  7.2599  7.3174  7.3818  7.3819  7.3867  7.3620  7.3058  7.4399  7.4518  7.4484  7.4473  7.4172  7.3508 
6.5644  6.6382  6.7195  6.7424  6.7903  6.9729  7.0360  7.1237  7.0972  7.1412  7.2769  7.2471  7.3653  7.4278  7.2627  7.3112  7.5146  7.3657  7.3077  7.1835  7.1040  7.2304  7.1874  7.2701  7.2253  7.3945  7.2842  7.3940  7.3839  6.7680  6.1723  6.5306  7.0351  7.2061  7.2332  7.3562  7.4656  7.4556  7.4110  7.5371  7.5967  7.5809  7.4712  7.4888  7.6247  7.6485  7.6598  7.6310  7.5578  7.4909 
6.6307  6.7671  6.8254  6.9209  6.9308  7.0779  7.2507  7.2347  7.3597  7.2383  7.3035  7.3777  7.4063  7.2797  7.4674  7.4354  7.5810  7.4103  7.4499  7.4287  7.4876  7.4915  7.3608  7.5683  7.5188  7.6234  7.5882  7.6383  7.6282  7.3959  6.7353  6.9549  7.3573  7.5325  7.5650  7.6033  7.7565  7.7766  7.8011  7.8743  7.8060  7.8622  7.8192  7.8326  7.7505  7.8767  7.8492  7.7648  7.6944  7.6607 
6.7213  6.8229  6.9772  7.0112  7.1330  7.2422  7.3439  7.3834  7.1588  7.2110  7.3005  7.2813  7.3220  7.5682  7.4807  7.3619  7.3750  7.4610  7.6122  7.7420  7.6793  7.4536  7.6907  7.6320  7.6110  7.7943  7.8751  7.8641  7.7749  7.7522  7.4985  7.5457  7.7989  8.0735  8.1720  7.9557  8.0702  8.2974  8.1742  8.2293  8.1547  8.0770  8.0538  8.1100  8.1203  8.0752  7.9760  7.8987  7.8704  7.8586 
6.8402  6.9137  7.0157  7.1999  7.1912  7.3473  7.4038  7.1648  7.1188  7.1849  7.1703  7.2569  7.4808  7.3795  7.3385  7.3721  7.4090  7.6135  7.6902  7.8468  7.5915  7.6299  7.6668  7.7264  7.7803  7.9435  8.0112  8.1069  8.0907  8.1106  7.6656  7.9226  8.1890  8.3428  8.4181  8.5762  8.4719  8.5510  8.6518  8.6506  8.6026  8.3957  8.2552  8.3506  8.3061  8.1909  8.1061  8.0817  8.0803  8.0453 
7.0015  7.0298  7.1094  7.2101  7.4402  7.3587  7.1552  7.1526  7.0806  7.0975  7.2114  7.4106  7.4466  7.3572  7.4623  7.4981  7.5885  7.6850  7.9119  7.6638  7.7574  7.8508  7.8356  7.8965  8.0109  8.1426  8.1540  8.3389  8.4638  8.4622  8.4216  8.2253  8.7125  8.6138  8.6922  8.7477  8.9397  8.8281  8.8376  8.8936  8.8641  8.7043  8.6029  8.5458  8.4095  8.3169  8.2946  8.3027  8.2908  8.1043 
7.1835  7.1962  7.2200  7.3121  7.3626  7.2681  7.2597  7.2449  7.1947  7.3161  7.3665  7.3959  7.4735  7.5557  7.6088  7.6857  7.6958  7.8087  7.7221  7.8587  7.9971  8.0724  8.0646  8.1679  8.2617  8.2797  8.4398  8.5857  8.6761  8.8453  8.7151  9.1846  9.0796  9.3170  9.1552  9.0706  9.1412  9.3102  9.1493  9.1085  9.0446  8.9544  8.8303  8.6263  8.5567  8.3695  8.3721  8.5494  8.3224  8.1608 
7.3936  7.3789  7.3946  7.4262  7.4646  7.4642  7.4383  7.3741  7.4732  7.4782  7.5899  7.5471  7.6011  7.7270  7.8428  7.7861  7.9483  7.9950  8.0756  8.1134  8.1940  8.2137  8.3260  8.3340  8.4675  8.5905  8.5934  8.7372  8.9578  9.1450  9.2309  9.2087  9.9508  9.7508  9.7463  9.4631  9.4385  9.5884  9.5810  9.2995  9.1972  9.0924  9.0103  8.8824  8.6668  8.6383  8.7033  8.5236  8.3872  8.2075 
7.5451  7.6114  7.6258  7.6386  7.6657  7.6735  7.5691  7.6766  7.6819  7.6816  7.6694  7.8338  7.8209  7.9811  7.9228  8.1600  8.0240  8.1365  8.3195  8.2832  8.3340  8.4846  8.4894  8.6582  8.7543  8.7987  8.8903  9.0075  9.2166  9.3878  9.3864  9.6866  9.7246  10.3235 10.1075 10.0993 9.8947  9.8657  9.8541  9.5613  9.3339  9.2474  9.1970  9.0514  8.8918  8.7994  8.6519  8.6253  8.4128  8.3587 
7.8531  7.8505  7.8531  7.8527  7.8542  7.8774  7.8946  7.8948  7.8944  7.8841  7.8643  7.9937  8.2013  8.1383  8.3464  8.1702  8.3285  8.3525  8.3382  8.5966  8.6452  8.6853  8.6245  8.8185  9.0645  9.0128  9.1117  9.2685  9.4206  9.5028  9.6708  9.8303  10.1326 10.1867 10.5323 10.6288 10.2331 10.2240 9.9016  9.7836  9.6377  9.4644  9.2924  9.1679  9.0141  8.9137  8.9002  8.6068  8.6044  8.4448 
8.0663  8.0691  8.0678  8.0662  8.0649  8.0646  8.0945  8.1112  8.1078  8.0735  8.1710  8.3214  8.3692  8.4710  8.3789  8.4705  8.4718  8.5693  8.5816  8.6956  8.6257  8.6328  8.7906  9.0342  9.1886  9.3386  9.4295  9.4690  9.5114  9.6997  9.8991  10.1797 10.1608 10.4174 10.5602 10.5078 10.6729 10.2701 10.1438 9.8589  9.6874  9.6688  9.4232  9.2542  9.1595  8.9695  8.8260  8.8714  8.6881  8.4444 
8.2794  8.2879  8.2866  8.2854  8.2836  8.2822  8.2787  8.3185  8.3328  8.2875  8.3882  8.5660  8.6826  8.4969  8.6557  8.6564  8.7099  8.6359  8.8720  8.7255  8.5897  8.7124  8.8909  9.1017  9.3009  9.4454  9.6075  9.6908  9.7212  9.8955  10.2317 10.2636 10.5454 10.5214 10.4574 10.5379 10.4681 10.5152 10.2045 10.0347 9.7480  9.5841  9.5598  9.4251  9.2025  9.0651  8.8562  8.6609  8.5812  8.4434 
8.4812  8.5091  8.5111  8.5090  8.5080  8.5051  8.4957  8.4758  8.5553  8.5668  8.7473  8.8409  8.7697  8.8605  8.8525  8.8981  8.8366  9.0095  8.6928  8.6203  8.6927  8.7148  8.9128  9.1581  9.3630  9.5727  9.7047  9.8872  9.9564  10.1564 10.2203 10.5646 10.6054 10.7570 10.5801 10.5457 10.3666 10.2971 10.3731 10.0969 9.9040  9.6897  9.5771  9.4731  9.3255  9.1022  8.9463  8.7991  8.6781  8.5138 
8.6395  8.7245  8.7397  8.7392  8.7364  8.7304  8.6936  8.6177  8.7656  8.9754  9.0171  9.0510  9.1226  9.1024  9.0234  8.9929  9.1767  8.7921  8.7219  8.6518  8.5605  8.6862  8.9232  9.1738  9.4296  9.6283  9.8553  9.9639  10.1811 10.2042 10.4774 10.5804 10.7327 10.7555 10.6845 10.3906 10.4408 10.1639 10.1496 10.2426 9.9891  9.7742  9.5996  9.4524  9.3293  9.1871  9.0313  8.9098  8.7406  8.6106 
8.8580  8.8674  8.9762  8.9725  8.9713  8.9350  8.8689  8.9074  9.0666  9.2040  9.3016  9.3828  9.3733  9.1957  9.3369  9.2939  8.9180  8.8689  8.6238  8.5364  8.5733  8.7405  8.9316  9.1843  9.4410  9.7104  9.8957  10.1521 10.2182 10.5090 10.5619 10.6441 10.6697 10.6237 10.5263 10.4081 10.3666 10.1985 10.0081 10.0310 10.1029 9.8133  9.6582  9.5480  9.4255  9.3006  9.1595  8.9687  8.8410  8.7397 
9.0741  9.1014  9.2026  9.2184  9.1837  9.0957  8.9750  9.2207  9.3785  9.4675  9.5614  9.6612  9.4749  9.6546  9.4434  9.1573  9.0138  8.7681  8.6193  8.4479  8.6330  8.7608  8.9553  9.1893  9.4530  9.7141  10.0026 10.1619 10.4691 10.5099 10.5647 10.5319 10.5608 10.5013 10.4327 10.5869 10.4873 10.2779 10.0644 9.9112  9.8862  9.8908  9.6291  9.5950  9.4686  9.2868  9.2057  9.0762  9.0007  8.7515 
9.2251  9.3364  9.4887  9.4397  9.3438  9.2287  9.3050  9.3626  9.5887  9.7579  9.8421  9.7701  10.0114 9.6381  9.2759  9.1575  8.9342  8.7656  8.5517  8.4841  8.5693  8.8540  9.0142  9.2078  9.4542  9.7298  9.9921  10.3094 10.3432 10.3989 10.4326 10.4979 10.5998 10.4067 10.5701 10.4591 10.5103 10.3509 10.2096 9.9435  9.8131  9.8404  9.7766  9.5374  9.5439  9.3604  9.1609  9.0519  8.9126  8.7481 
9.3594  9.4860  9.5823  9.6298  9.5151  9.4806  9.5852  9.5760  9.7349  10.0336 10.0178 10.3278 9.9121  9.5959  9.2630  9.0676  8.9067  8.7071  8.5304  8.4708  8.6522  8.9397  9.1059  9.2655  9.4665  9.7269  10.0154 10.2472 10.3321 10.3031 10.4920 10.6104 10.4773 10.6545 10.4651 10.3514 10.4099 10.4647 10.2298 10.1578 9.9885  9.7798  9.7317  9.5935  9.4451  9.4003  9.2927  9.1153  8.9259  8.7461 
9.4557  9.6312  9.7322  9.7976  9.7743  9.7745  9.8374  9.8519  10.0319 10.0538 10.3541 10.1635 9.7916  9.5150  9.3177  9.0691  8.8448  8.6695  8.5195  8.6149  8.8372  9.0528  9.1872  9.3661  9.5212  9.7316  9.9451  10.0628 10.2189 10.4691 10.5013 10.3902 10.4588 10.5218 10.4107 10.5115 10.4507 10.5033 10.3910 10.2815 10.1507 9.9504  9.8570  9.6687  9.5912  9.4174  9.3657  9.1639  8.9788  8.8305 
9.5173  9.7325  9.9086  9.9996  10.0001 9.9221  10.0499 10.2355 10.2455 10.3561 10.2780 9.8854  9.6744  9.5041  9.2766  9.0712  8.8394  8.6222  8.6183  8.7660  9.0189  9.1489  9.3111  9.4379  9.6364  9.7800  9.8718  10.0972 10.3532 10.3544 10.2424 10.2093 10.3332 10.4332 10.5401 10.3616 10.7179 10.5828 10.6913 10.4611 10.2509 10.1449 9.9033  9.8567  9.7595  9.5583  9.3948  9.2297  9.0601  8.9792 
9.5538  9.7971  10.0126 10.1946 10.2778 10.1695 10.2345 10.4386 10.5903 10.6137 10.1723 9.8510  9.5068  9.4028  9.2435  9.0373  8.8330  8.7205  8.7597  8.9781  9.1071  9.2970  9.3949  9.5803  9.6895  9.9217  10.0729 10.1340 10.1214 10.1951 10.1598 10.2548 10.4568 10.5518 10.3217 10.5060 10.3873 10.7769 10.8034 10.6918 10.3633 10.1303 10.1482 10.0341 9.8389  9.7713  9.4885  9.2990  9.2197  9.1637 
9.6199  9.8249  10.0830 10.2989 10.4896 10.4902 10.5114 10.5669 10.7315 10.3528 9.9745  9.6470  9.4884  9.2772  9.1467  8.9915  8.7846  8.7594  9.0047  9.0763  9.2722  9.3451  9.5771  9.6386  9.8884  10.0201 9.9792  9.9119  9.9375  10.0994 10.1703 10.4985 10.3692 10.1877 10.2126 10.2070 10.4523 10.6380 10.6377 10.4813 10.4276 10.1922 10.0551 10.1585 10.0598 9.8121  9.7349  9.5533  9.4281  9.2718 
9.7001  9.8939  10.0974 10.3800 10.5900 10.6782 10.6542 10.8163 10.4747 10.1319 9.8610  9.5989  9.4018  9.2330  9.0439  8.8852  8.7347  8.9685  9.0994  9.2803  9.3039  9.5582  9.5742  9.8915  9.9944  9.7882  9.7424  9.9045  10.1038 10.2020 10.3932 10.3570 10.1182 10.0487 10.1158 10.2703 10.4653 10.5967 10.5868 10.8102 10.4786 10.2550 10.1608 9.9937  10.0502 10.0180 9.7848  9.7485  9.5271  9.3390 
9.7802  9.9778  10.1712 10.3739 10.6909 10.7181 10.9717 10.6973 10.3194 10.0330 9.6574  9.5674  9.3544  9.1610  8.9647  8.7211  8.9418  9.0845  9.2420  9.3431  9.5650  9.5186  9.8854  9.8191  9.6739  9.6804  9.7786  9.9910  10.1820 10.4011 10.3076 10.0913 9.9897  10.0138 10.1647 10.4242 10.6031 10.5986 10.5014 10.3562 10.3947 10.4654 10.1612 9.9862  9.8149  10.0798 10.0447 9.7723  9.5998  9.3519 
9.8393  10.0646 10.1784 10.4739 10.6418 11.0137 10.9504 10.5229 10.1597 9.8811  9.6294  9.4318  9.2983  9.0517  8.8188  8.8926  9.0481  9.2112  9.3341  9.5103  9.5838  9.9065  9.7784  9.5833  9.5442  9.6966  9.8731  10.0491 10.2783 10.1344 9.9799  9.8814  9.9631  10.0836 10.4207 10.5276 10.5357 10.3393 10.4052 10.4608 10.1905 10.3443 10.2634 10.0153 9.9138  9.8006  9.9173  9.8690  9.6034  9.3544 
9.8652  10.1297 10.3098 10.5478 10.7428 10.9210 10.5951 10.4714 10.1954 9.9266  9.6838  9.4770  9.1282  8.9170  8.8883  9.0813  9.1406  9.3038  9.4761  9.5852  9.8143  9.7076  9.5823  9.4950  9.6121  9.8206  9.9623  10.1573 10.0548 9.9830  9.8588  9.9949  10.0791 10.3429 10.4735 10.4479 10.2987 10.3811 10.4941 10.2264 10.2748 10.0625 10.2602 10.2042 9.9294  9.7837  9.6959  9.7884  9.6012  9.3566 
9.9056  10.1487 10.4182 10.5929 10.6138 10.5923 10.5207 10.2557 10.1621 9.9307  9.7477  9.4336  9.2092  9.0877  9.0421  9.1438  9.3564  9.3710  9.5714  9.8012  9.5368  9.5238  9.4370  9.5054  9.7611  9.8660  10.1115 9.9172  9.8464  9.8168  10.0031 10.1271 10.3455 10.5035 10.4418 10.3338 10.3359 10.5382 10.2075 10.1961 10.0571 10.0625 9.9645  10.0760 10.0686 9.7960  9.5568  9.4926  9.4857  9.3311 
9.7927  10.2272 10.4377 10.4134 10.3266 10.4553 10.3814 10.3540 10.0839 9.8928  9.7455  9.5716  9.3476  9.2009  9.0687  9.3192  9.3778  9.6545  9.6976  9.5130  9.4913  9.3110  9.4332  9.5947  9.7644  10.0648 9.8169  9.7867  9.7656  9.9337  10.0862 10.2983 10.5609 10.5427 10.3781 10.3545 10.6617 10.2599 10.2404 10.1418 10.0907 9.9916  9.8160  9.8710  9.9658  9.7914  9.5486  9.3328  9.2443  9.2014 
9.7108  10.0506 10.1942 10.1522 10.1525 10.2252 10.1723 10.1026 10.1289 9.9301  9.6669  9.6329  9.4638  9.2046  9.1259  9.3229  9.6145  9.6186  9.4339  9.4038  9.2733  9.3161  9.5452  9.6956  9.9021  9.7096  9.7077  9.7097  9.8963  10.0326 10.2154 10.4709 10.6987 10.4714 10.4196 10.8001 10.4806 10.2222 9.9874  9.9789  9.8828  9.9443  9.7384  9.6678  9.6593  9.6587  9.5168  9.3030  9.1060  8.9989 
9.6222  9.7537  9.8622  9.8918  9.9196  9.9127  9.9133  9.8876  9.9206  9.8819  9.5896  9.4295  9.3547  9.1989  9.1174  9.4026  9.4497  9.3639  9.3282  9.1956  9.2090  9.3907  9.5759  9.8378  9.6316  9.5946  9.5995  9.8284  9.9805  10.1812 10.3823 10.5308 10.4572 10.4485 10.7597 10.5894 10.2957 10.1711 10.0755 9.7794  9.8009  9.8252  9.7483  9.5300  9.4204  9.3917  9.3696  9.2478  9.0595  8.8756 
9.3786  9.5687  9.6072  9.6298  9.6295  9.6353  9.6411  9.6622  9.7002  9.6132  9.5282  9.3431  9.1904  9.0918  9.1243  9.2911  9.1973  9.1741  9.1087  9.1229  9.3932  9.4471  9.7172  9.5388  9.5291  9.3893  9.5945  9.8854  10.1157 10.3735 10.3322 10.3301 10.5225 10.6837 10.7008 10.5170 10.2352 10.0387 9.9130  9.7623  9.7169  9.7432  9.7771  9.5948  9.3525  9.1905  9.1350  9.0953  8.9859  8.8159 
9.1827  9.3272  9.3491  9.3532  9.3621  9.3900  9.5001  9.6532  9.4469  9.4192  9.3466  9.2549  9.0968  8.9519  8.9993  9.0024  9.0102  8.9474  9.0519  9.2250  9.3663  9.7094  9.5455  9.4424  9.3026  9.3441  9.6115  9.8684  10.1823 10.2273 10.1947 10.3583 10.5890 10.8799 10.5713 10.3691 10.2203 9.9720  9.6938  9.8262  9.7249  9.5187  9.5644  9.5853  9.4433  9.2018  8.9788  8.8910  8.8343  8.7290 
8.9524  9.0756  9.0848  9.1006  9.1533  9.3414  9.4461  9.3327  9.3459  9.2096  9.1546  9.0851  8.9926  8.8529  8.7442  8.7497  8.7566  8.9375  9.1185  9.3155  9.6121  9.5125  9.4316  9.2952  9.1832  9.3486  9.6050  9.8864  10.0912 10.0591 10.2520 10.4118 10.6528 10.6803 10.4707 10.2895 10.1039 9.8271  9.7003  9.5711  9.5120  9.4495  9.3223  9.3936  9.4465  9.2043  8.9696  8.7635  8.6560  8.5819 
8.7111  8.8232  8.8479  8.9156  9.0877  9.3022  9.1856  9.1630  9.0877  9.0656  8.9649  8.8999  8.8301  8.7391  8.6159  8.6811  8.9072  8.9886  9.1971  9.4278  9.4269  9.3954  9.2646  9.1688  9.1354  9.3447  9.6002  9.7880  9.8679  10.1248 10.2704 10.5593 10.6416 10.3293 10.3457 10.1908 9.9425  9.8104  9.5548  9.4711  9.4572  9.4112  9.2188  9.1668  9.1536  9.1452  8.9578  8.7409  8.5476  8.4254 
8.4730  8.6011  8.6783  8.8334  9.0026  9.0114  9.0181  8.9400  8.9005  8.8400  8.8016  8.7200  8.6523  8.5820  8.5388  8.7970  8.9137  9.1882  9.2426  9.2657  9.3674  9.1982  9.1276  9.0759  9.2163  9.3908  9.5281  9.7419  9.9097  10.1478 10.4290 10.5628 10.3004 10.2486 10.0834 9.9431  9.8326  9.5409  9.4237  9.4750  9.4989  9.4250  9.2407  9.0351  8.9302  8.8985  8.8656  8.7112  8.5144  8.3297 
8.2665  8.4414  8.5819  8.7214  8.7493  8.7555  8.7540  8.7495  8.6927  8.6480  8.5945  8.5490  8.4781  8.4108  8.5515  8.7870  9.0737  9.0945  9.0156  9.0803  9.0765  9.0761  8.9568  9.1600  9.3366  9.4691  9.6624  9.7824  10.0286 10.1756 10.4363 10.1954 10.1972 10.0428 9.9479  9.8402  9.5893  9.5038  9.3021  9.2894  9.2767  9.3462  9.2715  9.0959  8.9043  8.7186  8.6550  8.6029  8.4684  8.2876 
8.1155  8.3362  8.4581  8.5089  8.5973  8.4729  8.4999  8.5009  8.4919  8.4476  8.4029  8.3532  8.3049  8.3262  8.5444  8.7775  8.8254  8.8182  8.8217  8.8141  8.8182  8.8166  8.9571  9.2057  9.4278  9.6043  9.7238  9.9475  10.0333 10.3341 10.0707 10.0383 9.9345  9.8845  9.6837  9.5623  9.5299  9.3514  9.1619  9.1560  9.1378  9.1954  9.1856  9.1514  8.9012  8.7496  8.5305  8.4259  8.3547  8.2287 
8.1664  8.3395  8.3919  8.4302  8.5643  8.6668  8.5760  8.5659  8.3794  8.2794  8.2143  8.1657  8.1205  8.3044  8.4996  8.5612  8.5631  8.5688  8.5657  8.5665  8.5933  8.7525  8.9820  9.2156  9.4779  9.7024  9.8795  9.9777  10.2518 9.9493  9.9502  9.8162  9.7530  9.5787  9.4741  9.3893  9.3064  9.1834  9.2443  9.1205  9.0536  9.0431  8.9757  9.0377  8.9989  8.7531  8.5745  8.3532  8.2101  8.1169 
8.1937  8.4181  8.5949  8.6223  8.6533  8.6018  8.6758  8.4644  8.3960  8.3311  8.2114  8.2066  8.2070  8.2406  8.3056  8.3137  8.3173  8.3178  8.3293  8.3944  8.5897  8.8030  9.0015  9.2443  9.4792  9.7595  9.9833  10.1639 9.8785  9.8749  9.7106  9.6619  9.5125  9.4314  9.2422  9.2007  9.1169  9.2912  9.1109  9.1194  9.0192  8.9619  8.9540  8.8614  8.8999  8.8137  8.5779  8.3561  8.1469  7.9960 
8.1728  8.4512  8.5320  8.7850  8.8700  7.9729  8.2674  8.4892  8.5817  8.4188  8.4256  8.4372  8.4201  8.2749  8.1491  8.0828  8.0806  8.1013  8.1849  8.4068  8.6455  8.8347  9.0612  9.2542  9.5160  9.7466  10.0525 9.8126  9.8233  9.6448  9.5868  9.4609  9.3190  9.2103  9.1502  9.0311  9.1859  9.0136  8.9919  8.9229  8.8955  8.8621  8.8715  8.8676  8.7712  8.7830  8.5809  8.3584  8.1423  7.9400 
8.1235  8.4299  8.6139  8.7172  9.0349  8.2157  8.4071  8.4661  8.5261  8.7693  8.6484  8.6772  8.4990  8.3755  8.2374  8.1011  7.9539  7.9766  8.1772  8.4154  8.6543  8.9055  9.0819  9.3300  9.5083  9.8001  9.7237  9.7104  9.5719  9.5302  9.3973  9.3172  9.2017  9.0719  8.9663  9.0669  8.9087  8.8991  8.7678  8.7698  8.8064  8.6688  8.6757  8.8103  8.8366  8.6181  8.5286  8.3496  8.1415  7.9713 
8.0905  8.3552  8.4811  8.7036  8.6569  8.6411  8.4967  8.3645  8.5087  8.6580  8.9999  8.7221  8.6089  8.4639  8.3270  8.1740  8.0237  7.9620  8.1832  8.4179  8.6645  8.9072  9.1760  9.3286  9.6132  9.5626  9.5180  9.4604  9.4243  9.3207  9.2568  9.1469  9.0582  8.9491  8.8289  8.7885  8.7855  8.6570  8.7072  8.6022  8.5874  8.5904  8.5432  8.5797  8.6839  8.6728  8.5294  8.3278  8.1925  8.0070 
8.0170  8.2444  8.4159  8.4331  8.5285  8.6490  8.6031  8.4168  8.3054  8.4936  8.5979  8.8500  8.6943  8.5591  8.4006  8.2368  8.1405  8.0213  8.1880  8.4251  8.6653  8.9208  9.1647  9.4599  9.4652  9.3824  9.3044  9.2523  9.1993  9.1530  9.0678  8.9957  8.8983  8.8073  8.7029  8.5973  8.5425  8.5560  8.5282  8.4210  8.4118  8.4684  8.4047  8.4197  8.4310  8.4750  8.5082  8.4248  8.2213  8.0702 
7.9166  8.1486  8.1968  8.2818  8.5064  8.4437  8.5084  8.5132  8.2570  8.3636  8.5336  8.5505  8.6622  8.6349  8.4502  8.3706  8.2397  8.1413  8.1948  8.4279  8.6739  8.9163  9.1740  9.3253  9.2734  9.2018  9.1241  9.0505  8.9949  8.9431  8.8923  8.8175  8.7435  8.6536  8.5632  8.4615  8.3931  8.4706  8.2972  8.2720  8.2152  8.2254  8.3774  8.2763  8.2281  8.2572  8.2657  8.3919  8.3056  8.0639 
7.8080  7.9631  8.0581  8.2320  8.3991  8.4985  8.2664  8.2606  8.2344  8.2643  8.3103  8.3910  8.4102  8.5551  8.6123  8.4595  8.3737  8.2251  8.1986  8.4332  8.6686  8.8978  9.0333  9.0368  9.0483  9.0086  8.9444  8.8716  8.8017  8.7445  8.6928  8.6401  8.5716  8.4984  8.3723  8.2779  8.3289  8.1959  8.2002  8.0840  8.0367  8.1069  8.0966  8.2077  8.1360  8.0424  8.1277  8.1285  8.1350  8.0505 
7.6470  7.8338  7.9900  8.1332  8.2562  8.4234  8.2599  8.0718  8.0256  8.0698  8.1376  8.1796  8.2899  8.3412  8.4866  8.6144  8.4619  8.2439  8.2011  8.4236  8.6305  8.7546  8.7749  8.7827  8.7798  8.7824  8.7497  8.6925  8.6247  8.5580  8.5006  8.4486  8.3954  8.2450  8.1761  8.2374  8.0588  8.0668  7.9812  7.9532  7.8655  7.8758  7.9511  7.9612  8.0815  7.9274  7.8914  7.8947  7.8933  7.8858 
7.5265  7.7548  7.8933  8.0131  8.1319  8.2172  8.1663  8.0270  7.8687  7.8962  7.9478  8.0406  8.1106  8.2349  8.3426  8.4497  8.4712  8.2434  8.1859  8.3715  8.4869  8.5173  8.5250  8.5246  8.5284  8.5275  8.5254  8.4971  8.4460  8.3832  8.3197  8.2627  8.2353  8.1515  8.1574  7.9773  7.9742  7.8566  7.8278  7.7621  7.7202  7.7120  7.7418  7.8253  7.8252  7.8249  7.7192  7.6737  7.6661  7.6605 
7.4421  7.6590  7.7774  7.8857  7.9582  7.9559  7.9651  7.9180  7.7989  7.7206  7.8020  7.8804  7.9921  8.0972  8.1914  8.2364  8.3845  8.2312  8.1232  8.2288  8.2651  8.2743  8.2754  8.2780  8.2786  8.2811  8.2808  8.2762  8.2510  8.2050  8.1469  8.0866  8.1130  7.9818  7.9091  7.8981  7.7767  7.7362  7.6469  7.6018  7.5445  7.5217  7.5834  7.5938  7.5960  7.5964  7.5846  7.5074  7.4603  7.4426 
7.3476  7.5449  7.6447  7.7091  7.7178  7.7236  7.7217  7.7222  7.6781  7.5817  7.6531  7.7555  7.8561  7.9439  8.0047  8.1120  8.1150  8.1160  8.0036  8.0196  8.0299  8.0322  8.0343  8.0354  8.0374  8.0385  8.0403  8.0400  8.0342  8.0112  7.9696  7.9003  8.0472  7.8727  7.7820  7.6989  7.6608  7.5682  7.5122  7.4366  7.3846  7.3529  7.3673  7.3699  7.3710  7.3727  7.3720  7.3556  7.2961  7.2484 
7.2199  7.3244  7.3936  7.4533  7.4727  7.4832  7.4890  7.4890  7.4845  7.4439  7.4361  7.5309  7.6148  7.6869  7.7734  7.8434  7.8642  7.8706  7.8603  7.7863  7.7844  7.7915  7.7948  7.7971  7.7985  7.8002  7.8015  7.8029  7.8024  7.7959  7.7748  7.7354  7.7793  7.7408  7.6512  7.5634  7.4860  7.4344  7.3563  7.2947  7.2261  7.1740  7.1437  7.1471  7.1497  7.1511  7.1525  7.1505  7.1327  7.0830 
