#Value Function.
0.00    0.00    0.00    0.03    0.50    2.51    4.71    6.82    8.70    10.23   11.31   11.88   11.95   11.59   10.90   10.00   8.95    7.81    6.63    5.43    4.24    3.12    2.21    1.84    2.68    5.95    11.04   16.26   21.61   27.12   32.66   38.15   43.58   49.03   54.55   60.30   66.44   72.05   77.32   81.72   85.23   86.90   87.79   88.75   89.25   88.90   87.71   86.08   84.24   82.15  
0.00    0.00    0.02    0.35    2.44    4.80    7.13    9.32    11.28   12.87   13.99   14.57   14.64   14.25   13.53   12.59   11.50   10.32   9.10    7.86    6.63    5.47    4.51    4.05    4.78    8.08    13.17   18.39   23.76   29.24   34.91   40.60   46.24   51.79   57.33   62.87   68.48   74.36   79.17   83.54   87.23   89.46   91.34   93.19   94.19   94.01   92.78   91.09   89.21   87.11  
0.00    0.02    0.22    2.23    4.70    7.21    9.63    11.90   13.93   15.59   16.75   17.35   17.40   16.99   16.23   15.25   14.12   12.90   11.64   10.36   9.09    7.89    6.88    6.34    6.93    10.16   15.25   20.48   25.83   31.36   37.06   42.89   48.73   54.51   60.14   65.73   71.14   76.11   81.25   85.52   89.43   92.55   95.42   97.79   99.29   99.26   97.97   96.21   94.29   92.20  
0.02    0.18    1.82    4.42    7.09    9.70    12.21   14.56   16.66   18.39   19.59   20.21   20.25   19.81   19.01   17.99   16.82   15.56   14.26   12.94   11.63   10.38   9.32    8.70    9.14    12.18   17.28   22.50   27.89   33.45   39.15   45.09   51.08   57.07   62.98   68.69   74.27   79.46   84.17   88.49   92.58   96.25   99.68   102.77  104.69  104.73  103.33  101.49  99.50   97.40  
0.11    1.19    3.93    6.79    9.58    12.27   14.86   17.30   19.48   21.27   22.52   23.16   23.19   22.71   21.88   20.81   19.59   18.30   16.95   15.59   14.24   12.95   11.84   11.14   11.41   14.16   19.26   24.51   29.93   35.50   41.27   47.20   53.32   59.47   65.61   71.65   77.40   82.90   88.01   92.51   96.75   100.84  104.64  108.12  110.38  110.41  108.85  106.91  104.87  102.58 
0.36    3.13    6.27    9.27    12.14   14.91   17.59   20.11   22.38   24.24   25.55   26.19   26.21   25.70   24.82   23.71   22.45   21.11   19.72   18.32   16.92   15.59   14.44   13.67   13.76   16.10   21.22   26.50   31.93   37.56   43.34   49.31   55.48   61.78   68.07   74.36   80.53   86.36   91.91   97.03   101.60  105.83  109.92  113.78  116.29  116.27  114.52  112.49  110.21  107.50 
1.83    5.36    8.72    11.83   14.78   17.64   20.39   23.01   25.37   27.31   28.66   29.33   29.33   28.78   27.86   26.70   25.39   24.01   22.58   21.13   19.69   18.31   17.11   16.28   16.22   18.01   23.15   28.46   33.94   39.58   45.40   51.41   57.57   63.99   70.45   76.89   83.34   89.64   95.62   101.26  106.53  111.19  115.48  119.60  122.39  122.26  120.30  118.00  115.26  112.13 
3.76    7.78    11.28   14.47   17.50   20.44   23.29   25.99   28.44   30.47   31.87   32.55   32.54   31.95   30.98   29.77   28.42   26.99   25.52   24.02   22.53   21.11   19.86   18.98   18.81   20.08   25.07   30.41   35.91   41.59   47.44   53.46   59.70   66.08   72.72   79.34   85.94   92.55   99.02   105.15  110.94  116.35  121.03  125.32  128.43  128.15  125.92  123.15  120.03  116.24 
5.99    10.33   13.93   17.19   20.30   23.32   26.26   29.06   31.61   33.72   35.18   35.88   35.84   35.22   34.19   32.94   31.54   30.06   28.54   27.00   25.46   23.99   22.70   21.78   21.53   22.54   26.97   32.33   37.87   43.58   49.44   55.52   61.75   68.22   74.83   81.68   88.47   95.22   102.02  108.68  114.93  120.87  126.32  130.88  133.96  133.46  131.07  128.03  124.22  119.86 
8.62    13.01   16.65   19.99   23.18   26.29   29.32   32.22   34.87   37.07   38.60   39.31   39.25   38.58   37.50   36.19   34.75   33.22   31.65   30.06   28.47   26.95   25.61   24.66   24.36   25.13   28.85   34.24   39.81   45.53   51.45   57.53   63.83   70.29   76.96   83.82   90.87   97.83   104.74  111.74  118.57  124.91  130.71  135.64  138.62  138.36  135.63  132.18  127.93  122.92 
11.38   15.77   19.46   22.86   26.14   29.34   32.47   35.48   38.23   40.53   42.12   42.85   42.76   42.04   40.91   39.55   38.05   36.47   34.85   33.21   31.57   30.00   28.60   27.62   27.31   27.86   30.71   36.13   41.72   47.49   53.42   59.55   65.85   72.35   79.04   85.93   93.04   100.30  107.42  114.49  121.67  128.55  134.53  139.60  142.67  142.47  139.81  135.98  131.04  125.46 
14.22   18.60   22.34   25.82   29.19   32.49   35.71   38.83   41.69   44.09   45.75   46.50   46.38   45.60   44.41   43.00   41.45   39.82   38.15   36.46   34.76   33.13   31.67   30.67   30.37   30.77   32.56   38.01   43.63   49.41   55.38   61.53   67.86   74.39   81.10   88.03   95.13   102.51  109.99  117.26  124.43  131.62  138.22  143.33  146.56  146.17  143.29  138.94  133.42  128.46 
17.13   21.52   25.31   28.87   32.33   35.72   39.05   42.27   45.26   47.76   49.49   50.26   50.11   49.27   48.02   46.55   44.94   43.27   41.54   39.79   38.04   36.35   34.83   33.79   33.55   33.90   35.14   39.87   45.51   51.33   57.32   63.49   69.85   76.40   83.15   90.08   97.26   104.62  112.21  119.90  127.21  134.36  140.98  146.71  149.89  149.72  146.44  141.18  136.64  131.13 
20.12   24.50   28.35   32.00   35.56   39.05   42.48   45.82   48.92   51.55   53.36   54.13   53.95   53.05   51.73   50.20   48.54   46.81   45.03   43.22   41.41   39.65   38.05   36.98   36.82   37.19   38.10   41.73   47.38   53.22   59.23   65.43   71.81   78.39   85.15   92.15   99.33   106.75  114.36  122.11  129.94  136.98  143.79  149.22  152.62  152.40  148.42  144.61  139.29  133.56 
23.19   27.57   31.49   35.23   38.88   42.47   46.01   49.46   52.70   55.45   57.34   58.13   57.91   56.93   55.55   53.96   52.25   50.46   48.62   46.75   44.87   43.03   41.35   40.23   40.18   40.61   41.24   43.58   49.25   55.11   61.14   67.35   73.76   80.35   87.16   94.17   101.40  108.84  116.47  124.26  132.02  139.61  146.27  151.62  154.27  154.07  151.33  146.97  141.67  135.74 
26.34   30.72   34.71   38.54   42.30   46.00   49.64   53.22   56.59   59.47   61.46   62.25   61.99   60.94   59.48   57.84   56.06   54.21   52.31   50.37   48.42   46.50   44.70   43.52   43.62   44.14   44.59   45.80   51.12   56.97   63.02   69.25   75.68   82.31   89.14   96.19   103.44  110.90  118.57  126.32  134.17  141.69  148.44  152.77  155.05  155.26  153.82  149.47  143.91  137.96 
29.57   33.95   38.02   41.95   45.82   49.62   53.38   57.08   60.59   63.62   65.70   66.51   66.16   65.02   63.49   61.79   59.95   58.03   56.07   54.08   52.05   50.03   48.11   46.83   47.12   47.77   48.13   48.91   52.96   58.83   64.88   71.13   77.59   84.24   91.11   98.18   105.45  112.94  120.58  128.39  136.20  143.68  149.54  152.84  155.33  155.02  154.13  150.99  145.84  139.94 
32.87   37.26   41.42   45.47   49.45   53.36   57.22   61.05   64.70   67.87   70.05   70.86   70.45   69.23   67.62   65.86   63.95   61.96   59.93   57.87   55.73   53.62   51.51   50.06   50.61   51.40   51.68   52.15   54.85   60.67   66.73   73.00   79.48   86.16   93.05   100.14  107.43  114.89  122.54  130.22  137.72  144.05  148.07  151.27  153.81  154.18  152.42  150.68  146.92  141.74 
36.25   40.66   44.92   49.08   53.18   57.20   61.18   65.11   68.91   72.24   74.52   75.33   74.85   73.52   71.83   70.02   68.03   65.98   63.86   61.71   59.49   57.23   54.89   53.21   53.91   54.88   55.26   55.57   56.85   62.51   68.57   74.85   81.35   88.05   94.96   102.06  109.34  116.78  124.25  131.53  137.79  142.11  145.89  148.40  150.54  151.11  150.74  148.80  146.43  142.60 
39.58   44.14   48.53   52.80   57.02   61.15   65.22   69.27   73.21   76.72   79.10   79.91   79.32   77.88   76.10   74.25   72.18   70.05   67.84   65.63   63.21   60.57   57.87   55.95   56.78   57.96   58.56   58.96   60.08   64.31   70.38   76.68   83.19   89.91   96.83   103.92  111.16  118.41  125.42  131.49  135.91  139.71  142.46  144.78  146.32  146.95  147.15  146.51  144.60  142.04 
42.65   47.58   52.24   56.62   60.97   65.20   69.38   73.53   77.60   81.28   83.80   84.54   83.83   82.28   80.41   78.52   76.35   74.15   71.88   69.41   66.60   63.60   60.53   58.41   59.35   60.73   61.70   62.50   63.59   66.07   72.16   78.48   85.01   91.74   98.64   105.67  112.71  119.46  125.32  129.77  133.47  136.27  138.58  140.30  141.74  142.42  142.86  142.93  142.19  140.30 
45.37   50.74   55.77   60.56   65.02   69.36   73.63   77.88   82.09   85.92   88.58   89.23   88.35   86.68   84.71   82.79   80.52   78.24   75.70   72.82   69.63   66.28   63.00   60.91   61.97   63.56   64.90   66.20   67.46   69.05   73.91   80.24   86.78   93.49   100.33  107.15  113.66  119.33  123.74  127.35  130.16  132.44  134.23  135.85  137.19  137.91  138.40  138.75  138.74  137.89 
47.79   53.52   59.03   64.18   69.07   73.61   77.97   82.32   86.61   90.62   93.40   93.92   92.82   91.02   88.94   86.91   84.59   82.04   79.14   75.86   72.34   68.76   65.08   63.70   65.02   66.79   68.45   70.06   71.61   72.95   75.62   81.97   88.48   95.12   101.72  108.01  113.50  117.86  121.39  124.17  126.44  128.26  129.97  131.59  132.87  133.60  134.08  134.49  134.72  134.57 
50.00   55.99   61.86   67.51   72.77   77.77   82.38   86.80   91.18   95.29   98.22   98.55   97.18   95.28   93.10   90.92   88.31   85.39   82.11   78.52   74.85   71.08   67.42   66.83   68.42   70.38   72.35   74.31   76.05   77.28   78.52   83.61   90.05   96.44   102.52  107.84  112.12  115.58  118.33  120.57  122.44  124.22  125.90  127.62  128.86  129.61  130.05  130.35  130.62  130.72 
52.08   58.25   64.38   70.40   76.18   81.56   86.64   91.26   95.71   99.98   103.05  103.07  101.50  99.41   97.13   94.55   91.53   88.26   84.65   80.92   77.17   73.45   69.92   70.43   72.27   74.44   76.63   78.80   80.68   81.96   82.71   85.11   91.29   97.16   102.32  106.53  109.92  112.63  114.84  116.72  118.51  120.28  122.11  123.86  125.10  125.81  126.24  126.49  126.65  126.78 
54.23   60.36   66.67   72.97   79.13   85.05   90.45   95.59   100.20  104.54  107.75  107.53  105.64  103.36  100.67  97.64   94.28   90.64   86.89   83.22   79.48   75.71   73.26   74.37   76.43   78.81   81.18   83.52   85.53   86.88   87.35   87.62   91.95   96.96   101.07  104.40  107.07  109.25  111.12  112.89  114.68  116.56  118.44  120.19  121.44  122.13  122.54  122.77  122.88  122.92 
56.29   62.48   68.81   75.31   81.75   88.01   94.01   99.34   104.42  108.87  112.19  111.67  109.45  106.81  103.66  100.29  96.62   92.81   89.17   85.41   81.75   77.91   76.74   78.39   80.75   83.33   85.90   88.39   90.56   92.02   92.42   92.08   91.75   95.76   99.02   101.64  103.80  105.65  107.40  109.17  111.05  112.97  114.77  116.54  117.76  118.46  118.86  119.08  119.20  119.21 
58.36   64.57   70.93   77.45   84.11   90.62   96.90   102.91  107.90  112.71  115.86  115.35  112.79  109.64  106.31  102.57  98.68   95.02   91.29   87.67   83.90   80.10   80.35   82.61   85.25   88.01   90.77   93.43   95.76   97.32   97.73   97.27   96.29   95.29   96.37   98.48   100.31  102.04  103.78  105.62  107.50  109.30  111.13  112.80  113.99  114.69  115.10  115.42  115.57  115.61 
60.42   66.64   73.03   79.58   86.28   93.00   99.50   105.68  111.27  115.66  118.34  118.06  115.45  112.26  108.59  104.59  100.83  97.07   93.47   89.76   86.05   82.53   84.13   86.94   89.88   92.85   95.81   98.64   101.13  102.80  103.21  102.69  101.63  100.28  98.80   97.35   97.05   98.54   100.34  102.17  103.96  105.73  107.43  109.06  110.21  110.91  111.35  111.70  111.98  112.07 
62.43   68.68   75.10   81.71   88.42   95.19   101.88  108.07  113.59  117.27  119.52  119.54  117.90  114.44  110.66  106.69  102.78  99.14   95.49   91.90   88.17   85.68   88.19   91.46   94.68   97.86   101.02  104.01  106.68  108.45  108.86  108.28  107.14  105.73  104.20  102.52  100.71  98.85   97.35   98.79   100.53  102.19  103.85  105.45  106.56  107.26  107.68  108.06  108.36  108.56 
64.43   70.71   77.18   83.80   90.53   97.34   103.98  110.26  115.15  118.09  120.41  120.44  119.39  116.70  112.71  108.71  104.81  101.07  97.49   93.89   90.25   88.84   92.32   96.03   99.54   102.97  106.32  109.51  112.36  114.29  114.69  114.02  112.81  111.34  109.75  108.01  106.12  104.13  101.92  99.19   97.77   99.03   100.63  102.21  103.27  103.94  104.26  104.57  104.86  105.07 
66.40   72.73   79.21   85.84   92.58   99.25   105.75  111.31  115.49  118.46  120.43  120.28  119.73  117.85  114.74  110.83  106.89  103.05  99.39   95.78   92.12   92.13   96.67   100.75  104.56  108.24  111.79  115.18  118.22  120.32  120.69  119.90  118.62  117.08  115.40  113.59  111.59  109.41  106.45  103.21  100.21  97.12   98.13   99.42   100.65  101.27  101.38  101.47  101.54  101.70 
68.35   74.71   81.19   87.79   94.40   100.79  106.51  111.21  114.69  117.31  119.26  119.61  119.16  117.94  115.88  112.70  108.91  105.06  101.28  97.57   93.96   95.13   100.96  105.74  109.83  113.73  117.47  121.05  124.29  126.56  126.86  125.94  124.56  122.93  121.12  119.19  116.95  113.75  110.05  106.92  103.89  100.71  97.66   97.83   99.08   99.58   99.12   98.89   98.63   98.55  
70.27   76.64   83.08   89.54   95.81   101.47  106.21  109.92  112.87  115.25  117.14  117.69  117.74  117.16  115.82  113.74  110.65  106.95  103.17  99.34   95.63   97.23   103.98  110.24  115.26  119.39  123.33  127.10  130.54  133.01  133.22  132.14  130.61  128.86  126.91  124.46  120.97  116.74  113.18  109.96  106.63  103.74  100.98  98.97   98.64   98.57   98.23   97.06   96.28   95.74  
72.14   78.46   84.73   90.83   96.38   101.10  104.89  107.98  110.59  112.64  114.41  115.23  115.53  115.55  114.93  113.58  111.51  108.46  104.84  101.06  97.15   99.26   106.14  113.35  120.05  125.25  129.36  133.32  136.98  139.70  139.77  138.48  136.78  134.86  132.27  128.31  123.59  119.19  115.57  112.17  109.13  106.08  103.41  101.23  99.14   98.45   97.76   96.47   94.76   93.57  
73.90   80.05   85.95   91.36   95.99   99.80   102.94  105.57  107.78  109.63  111.44  112.41  112.87  113.22  113.18  112.55  111.23  109.09  106.05  102.47  98.69   101.18  108.15  115.58  123.22  130.26  135.60  139.71  143.60  146.67  146.50  144.96  143.10  140.51  136.20  130.86  125.66  121.35  117.69  114.34  111.11  108.30  105.49  103.19  100.98  98.81   97.23   95.65   93.86   91.99  
75.42   81.18   86.45   90.96   94.73   97.86   100.50  102.74  104.66  106.56  108.31  109.37  109.96  110.42  110.72  110.66  110.03  108.63  106.52  103.50  99.88   103.07  110.21  117.60  125.47  133.45  140.90  146.32  150.41  153.92  153.44  151.62  149.05  144.50  138.70  132.95  127.61  123.02  119.14  115.93  112.89  109.34  106.85  104.24  102.21  100.02  97.13   95.13   93.08   91.05  
76.50   81.63   86.06   89.76   92.85   95.46   97.70   99.68   101.57  103.34  105.05  106.19  106.91  107.44  107.82  108.09  107.99  107.29  105.92  103.74  100.75  104.99  112.11  119.73  127.51  135.75  144.04  151.90  157.35  161.38  160.46  157.96  153.14  146.97  140.96  134.89  129.41  124.38  120.36  116.65  113.60  110.43  107.36  104.94  102.37  100.29  97.72   94.59   92.40   90.23  
76.92   81.26   84.89   87.94   90.51   92.73   94.70   96.58   98.36   100.13  101.80  103.00  103.74  104.34  104.75  105.10  105.34  105.21  104.44  103.01  100.84  106.77  114.13  121.67  129.65  137.82  146.35  154.93  163.14  168.33  166.88  162.05  155.57  149.40  142.84  136.92  131.15  125.88  121.20  117.25  113.69  110.62  107.57  104.76  102.28  99.81   97.48   94.81   91.82   89.52  
76.56   80.14   83.13   85.65   87.85   89.80   91.65   93.43   95.18   96.93   98.54   99.75   100.52  101.15  101.57  101.96  102.30  102.50  102.30  101.49  101.66  108.63  115.98  123.71  131.67  139.96  148.47  157.21  165.74  172.94  170.49  164.05  158.19  151.20  145.02  138.75  132.93  127.38  122.33  117.78  113.93  110.43  107.39  104.51  101.77  99.30   96.82   94.43   91.80   88.96  
75.48   78.44   80.92   83.08   84.99   86.83   88.57   90.31   92.02   93.73   95.29   96.52   97.30   97.94   98.37   98.77   99.14   99.46   99.61   99.34   103.29  110.42  117.92  125.67  133.74  142.03  150.53  159.15  167.42  173.19  171.15  167.03  159.81  153.53  146.85  140.74  134.69  129.02  123.65  118.73  114.33  110.54  107.15  104.17  101.33  98.68   96.22   93.80   91.42   88.81  
73.85   76.30   78.42   80.31   82.10   83.84   85.56   87.26   88.92   90.58   92.08   93.29   94.09   94.73   95.17   95.57   95.95   96.32   96.60   98.38   104.98  112.28  119.81  127.67  135.73  144.00  152.36  160.34  166.57  169.18  169.64  166.91  162.03  155.24  149.00  142.58  136.58  130.71  125.19  119.97  115.19  110.90  107.18  103.89  100.95  98.19   95.59   93.17   90.81   88.43  
71.78   73.88   75.74   77.50   79.24   80.94   82.62   84.28   85.90   87.50   88.94   90.13   90.93   91.55   92.00   92.40   92.78   93.19   94.05   99.72   106.75  114.11  121.75  129.58  137.63  145.71  153.33  159.27  162.20  163.87  164.61  164.53  161.84  157.08  150.73  144.59  138.39  132.52  126.82  121.44  116.36  111.71  107.54  103.90  100.68  97.80   95.10   92.57   90.20   87.86  
69.43   71.28   73.06   74.78   76.47   78.12   79.75   81.37   82.95   84.50   85.90   87.03   87.83   88.44   88.89   89.29   89.71   90.50   94.65   101.37  108.54  115.95  123.59  131.41  139.22  146.51  152.18  155.25  156.99  158.39  159.17  159.76  159.47  156.88  152.29  146.29  140.30  134.30  128.56  123.02  117.78  112.84  108.31  104.25  100.70  97.55   94.72   92.09   89.62   87.26  
66.92   68.73   70.46   72.14   73.78   75.39   76.97   78.54   80.07   81.57   82.91   84.00   84.82   85.42   85.87   86.30   86.97   89.86   96.12   103.08  110.31  117.74  125.34  132.88  139.86  145.31  148.46  150.28  151.75  153.07  153.87  154.54  155.03  154.58  152.05  147.64  141.95  136.13  130.31  124.71  119.32  114.21  109.41  105.00  101.05  97.57   94.50   91.72   89.15   86.71  
64.44   66.25   67.94   69.57   71.16   72.73   74.26   75.78   77.27   78.71   80.00   81.06   81.87   82.46   82.93   83.48   85.27   91.03   97.76   104.80  112.04  119.42  126.71  133.40  138.65  141.84  143.74  145.25  146.66  147.90  148.73  149.39  150.01  150.40  149.82  147.36  143.12  137.71  132.06  126.41  120.95  115.70  110.73  106.06  101.77  97.92   94.53   91.51   88.80   86.25  
62.02   63.83   65.48   67.07   68.62   70.14   71.64   73.11   74.55   75.94   77.18   78.21   79.00   79.59   80.12   81.11   86.10   92.58   99.43   106.48  113.64  120.68  127.12  132.18  135.39  137.35  138.89  140.35  141.72  142.90  143.72  144.38  145.01  145.59  145.88  145.21  142.81  138.73  133.56  128.09  122.60  117.29  112.18  107.33  102.79  98.62   94.87   91.55   88.61   85.92  
59.67   61.48   63.10   64.65   66.15   67.63   69.08   70.51   71.91   73.25   74.45   75.44   76.22   76.84   77.70   81.37   87.54   94.19   101.05  108.00  114.81  121.00  125.90  129.11  131.12  132.68  134.18  135.60  136.91  138.04  138.86  139.52  140.13  140.73  141.27  141.48  140.73  138.38  134.46  129.51  124.21  118.89  113.72  108.74  104.02  99.60   95.54   91.89   88.65   85.74  
57.37   59.19   60.78   62.29   63.76   65.19   66.60   67.99   69.34   70.63   71.79   72.76   73.54   74.36   76.89   82.64   89.09   95.76   102.51  109.08  115.04  119.79  122.99  125.04  126.63  128.15  129.60  130.98  132.24  133.33  134.14  134.80  135.40  135.98  136.56  137.06  137.19  136.37  134.07  130.30  125.56  120.44  115.27  110.23  105.39  100.80  96.49   92.54   88.98   85.79  
55.12   56.93   58.50   59.98   61.40   62.80   64.17   65.51   66.82   68.07   69.18   70.13   70.99   72.58   77.86   84.08   90.57   97.11   103.46  109.21  113.81  116.98  119.06  120.68  122.22  123.70  125.11  126.44  127.66  128.70  129.50  130.15  130.74  131.32  131.89  132.45  132.90  132.96  132.09  129.84  126.21  121.65  116.71  111.70  106.80  102.09  97.61   93.43   89.58   86.09  
