#Value Function.
11.8271 12.2026 12.5993 12.6224 12.6519 12.7045 12.8380 13.0915 13.4090 13.8178 14.1673 14.6027 14.8575 15.0271 15.3319 15.6755 15.9071 16.3293 16.7476 17.0472 17.2909 17.4819 17.6143 17.7508 17.9724 18.2187 18.2680 18.2829 18.2730 18.2830 18.2703 18.2417 18.0847 18.0200 17.9533 17.9249 17.9010 17.8189 17.6594 17.6130 17.2704 16.8747 16.4236 15.9799 15.6065 15.2163 14.9726 14.8932 14.8713 14.8235
11.8200 12.2288 12.6043 13.0700 13.0285 13.0659 13.1105 13.2434 13.5126 13.8334 14.2758 14.6097 15.1216 15.3364 15.4849 15.8158 16.1878 16.3782 16.8472 17.2879 17.5840 17.8350 18.0314 18.1579 18.2875 18.5255 18.8089 18.8306 18.8486 18.8314 18.8239 18.6284 18.5765 18.5016 18.4762 18.4597 18.3840 18.1828 18.2010 17.8142 17.4098 16.9396 16.4726 16.1056 15.6818 15.4265 15.3587 15.3465 15.3111 15.1727
11.8306 12.2106 12.6355 12.9150 13.3719 13.4441 13.4876 13.5208 13.6523 13.9419 14.2589 14.7558 14.8881 15.1579 15.4373 15.7738 16.0815 16.4690 16.8996 17.3696 17.8399 18.1259 18.3871 18.5901 18.7086 18.8279 19.0836 19.4174 19.3949 19.4244 19.1713 19.1440 19.0558 19.0344 19.0254 18.9639 18.7158 18.6712 18.3639 17.9537 17.4640 16.9666 16.6179 16.1507 15.8829 15.8309 15.8287 15.8010 15.6825 15.3204
11.8190 12.2200 12.5238 12.9354 13.2506 13.7174 13.8885 13.9200 13.9401 14.0686 14.3861 14.6298 15.0046 15.3536 15.6331 15.9125 16.2229 16.5799 16.9732 17.4161 17.9039 18.4122 18.6779 18.9545 19.1650 19.2735 19.3780 19.6519 20.0559 19.7152 19.7320 19.6217 19.6068 19.6032 19.5674 19.2645 19.1565 18.9178 18.5099 18.0273 17.4648 17.1530 16.6279 16.3467 16.3159 16.3239 16.3015 16.2060 15.8146 15.3816
11.8156 12.1356 12.5174 12.8487 13.2776 13.6451 14.0741 14.3606 14.3612 14.3690 14.4913 14.7365 15.0887 15.4816 15.8447 16.1202 16.4038 16.7204 17.0884 17.4897 17.9452 18.4490 19.0082 19.2375 19.5386 19.7570 19.8532 19.9373 20.2279 20.3449 20.2004 20.1763 20.1913 20.1972 19.8336 19.6200 19.4836 19.0853 18.5913 17.9894 17.5040 17.1116 16.8171 16.8146 16.8329 16.8108 16.7517 16.3141 15.8655 15.4557
11.7771 12.1172 12.4638 12.8539 13.2251 13.6391 14.0801 14.4095 14.5971 14.7457 14.8252 14.9321 15.1890 15.5595 15.9716 16.3508 16.6182 16.9076 17.2300 17.6106 18.0188 18.4875 19.0032 19.6330 19.8004 20.1418 20.3664 20.4486 20.5054 20.7625 20.7730 20.8054 20.6650 20.4329 19.9591 19.8359 19.6594 19.0174 18.5237 18.0289 17.6260 17.3197 17.1442 17.3575 17.3261 17.3240 16.8228 16.3560 15.9307 15.6289
11.8330 12.1698 12.5145 12.8653 13.2378 13.6460 14.0493 14.5458 14.7350 14.9822 15.2322 15.2853 15.3812 15.6526 16.0423 16.4746 16.8735 17.1263 17.4248 17.7515 18.1472 18.5603 19.0441 19.5630 20.0883 20.3783 20.7654 20.9937 21.0606 21.0885 21.3961 21.1432 21.0862 20.4387 20.2547 20.1272 19.4742 19.0559 18.4826 18.1533 17.8395 17.6189 17.6553 17.6415 17.9298 17.3379 16.8605 16.4058 16.1386 15.7061
11.8579 12.2324 12.5675 12.9228 13.2800 13.6606 14.0854 14.4839 14.9788 15.1469 15.4613 15.7378 15.7538 15.8386 16.1279 16.5374 16.9906 17.4145 17.6433 17.9564 18.2848 18.6993 19.1140 19.5921 20.0811 20.6575 20.9753 21.4107 21.6391 21.6901 21.6673 21.6191 20.9892 20.6600 20.6120 19.9417 19.5149 19.0088 18.7056 18.3738 18.1368 18.0772 18.0435 18.2185 17.8539 17.3822 16.8832 16.6651 16.1936 15.8219
11.8720 12.2542 12.6392 12.9740 13.3424 13.7050 14.0930 14.5342 14.9294 15.3883 15.6028 15.9540 16.2656 16.2291 16.3041 16.6156 17.0451 17.5193 17.9767 18.1667 18.5047 18.8287 19.2685 19.6826 20.1823 20.6527 21.2091 21.5894 22.0793 22.2947 22.2320 21.5256 21.1525 21.0758 20.4132 19.9828 19.5534 19.2786 18.9214 18.6688 18.5858 18.5582 18.6421 18.3984 17.8527 17.3568 17.2199 16.6797 16.3332 15.8590
11.8943 12.2663 12.6558 13.0588 13.3886 13.7742 14.1405 14.5352 15.0028 15.3899 15.7845 16.0155 16.4676 16.7961 16.6358 16.7886 17.1152 17.5658 18.0598 18.5641 18.6925 19.0728 19.3815 19.8568 20.2617 20.7942 21.2531 21.7455 22.2286 22.7851 22.1192 21.6263 21.5197 20.9244 20.5747 20.1176 19.8743 19.4822 19.2107 19.1424 19.1099 19.1413 18.8116 18.3968 17.8537 17.5537 16.9877 16.6682 16.3420 15.9952
11.9728 12.2826 12.6670 13.0668 13.4926 13.8100 14.2197 14.5863 14.9898 15.3949 15.5850 16.0502 16.3793 16.8582 17.1817 17.0679 17.2928 17.6258 18.1003 18.6102 19.1832 19.2141 19.6666 19.9393 20.4682 20.8485 21.4293 21.8866 22.1985 21.9470 21.8901 21.8988 21.4086 21.2109 20.6862 20.4956 20.0536 19.7773 19.6039 19.6600 19.7332 19.2121 18.9720 18.3461 17.9590 17.3788 17.0009 16.8403 16.5208 15.9929
12.1209 12.3624 12.6753 13.0792 13.4863 13.9431 14.2361 14.6810 14.9080 15.1457 15.5664 15.9180 16.4609 16.8107 17.2550 17.6189 17.5264 17.8174 18.1458 18.6503 19.1669 19.5661 19.7456 20.2921 20.4958 21.1128 21.4633 21.7452 21.6253 21.8628 21.8314 21.7545 21.8947 21.2492 21.1492 20.6311 20.3717 20.0889 20.0090 20.2152 19.5852 19.3725 18.7633 18.3773 17.8180 17.4050 17.2809 17.0634 16.4893 16.0114
12.3546 12.5124 12.7576 13.0763 13.5040 13.9128 14.4138 14.4661 14.7142 15.0878 15.4689 15.9481 16.3550 16.9144 17.2789 17.6696 17.9754 18.0178 18.3630 18.6729 19.2188 19.6621 20.0985 20.2939 20.9572 21.0324 21.3712 21.1769 21.2712 21.5417 21.8365 21.8225 21.7327 21.8460 21.2092 20.9865 20.6802 20.4781 20.6727 20.0275 19.8439 19.2741 18.8615 18.2486 17.8177 17.6869 17.4022 16.8401 16.5208 15.9929
12.6197 12.7607 12.9076 13.1635 13.4848 13.9296 14.1130 14.4791 14.8142 15.1767 15.5569 15.9401 16.3870 16.7840 17.3226 17.8112 18.0840 18.3931 18.5376 18.9309 19.2036 19.8164 20.0917 20.7454 20.5875 21.0177 20.7381 20.7698 21.1706 21.2060 21.2401 21.8677 21.8737 21.7818 21.6256 21.2884 21.0500 20.9801 20.4120 20.2312 19.8292 19.3325 18.7466 18.2963 18.1039 17.8085 17.2310 16.8592 16.3571 15.9968
12.6798 13.0659 13.1692 13.3109 13.5814 13.8888 14.2155 14.5586 14.9433 15.2772 15.6518 16.0435 16.4275 16.8720 17.2736 17.6979 18.3015 18.4503 18.8306 19.0215 19.5331 19.7105 20.3790 20.1836 20.7780 20.3546 20.3686 20.7867 20.6961 20.6987 21.3043 21.4200 21.8287 22.0157 21.6654 21.4566 21.2459 20.9067 20.6263 20.2695 19.7711 19.2974 18.8413 18.4486 17.9963 17.5873 17.2492 16.7335 16.3398 15.8714
12.7070 13.0969 13.5671 13.5395 13.7136 14.0157 14.3301 14.6658 15.0141 15.4227 15.7496 16.1397 16.5442 16.9276 17.4002 17.7404 18.1107 18.5318 18.7917 19.1231 19.3801 20.0561 19.8176 20.3409 20.0892 20.0957 20.4080 20.1441 20.1707 20.7431 21.0248 21.3305 21.5921 21.7824 21.7730 21.4552 21.0862 20.8847 20.4789 20.1277 19.7383 19.3310 18.8601 18.3449 17.9672 17.6401 17.0894 16.7159 16.2407 15.8335
12.6870 13.1312 13.5040 13.9882 13.9348 14.1396 14.4630 14.7822 15.1284 15.4783 15.9194 16.2300 16.6410 17.0595 17.4361 17.9557 18.2682 18.3274 18.5651 18.9319 19.5304 19.4793 19.8260 19.6886 19.7473 20.0294 19.7648 19.7736 20.2543 20.6125 20.8407 21.0946 21.3477 21.2238 21.5722 21.4775 20.9016 20.6586 20.2755 19.8900 19.6636 19.1795 18.7573 18.2973 17.8148 17.4395 17.0897 16.5929 16.2030 15.7501
12.7062 13.0891 13.5218 13.7465 14.2113 14.3472 14.5771 14.9242 15.2447 15.6042 15.9498 16.4367 16.7162 17.1572 17.5908 17.9494 17.8665 18.1474 18.5134 19.1295 19.0773 19.3636 19.1906 19.2299 19.6239 19.3968 19.4165 19.8734 20.2177 20.4516 20.6217 20.9130 20.7123 21.0300 21.1584 21.0805 20.9652 20.4327 20.0597 19.6831 19.3275 19.1971 18.6417 18.2051 17.7518 17.2951 16.9219 16.5611 16.1021 15.7013
12.7408 13.0907 13.4055 13.7930 14.0961 14.5076 14.7212 15.0331 15.3994 15.7170 16.0951 16.4257 16.9796 17.2040 17.6905 17.5307 17.7360 18.0594 18.6704 18.7559 18.9669 18.7322 18.7682 19.2561 19.0022 19.0162 19.5115 19.6764 20.0248 20.3332 20.5692 20.3573 20.5802 20.7225 20.7632 20.7395 20.5430 20.4436 19.9171 19.4813 19.1088 18.7925 18.7823 18.1579 17.6699 17.2224 16.7860 16.4155 16.0509 15.6139
12.7252 13.1712 13.5171 13.8298 14.1714 14.5311 14.9160 15.1080 15.5098 15.8887 16.1980 16.6041 16.8428 17.4260 17.1942 17.3528 17.6685 18.1230 18.4287 18.5620 18.3629 18.3993 18.7925 18.6357 18.6565 19.0930 19.1530 19.6684 19.8773 20.2600 19.9451 20.0093 20.2254 20.1868 20.2396 20.2484 20.2068 19.9885 19.9846 19.4123 18.9469 18.5560 18.2721 18.1644 17.6257 17.1474 16.7078 16.2880 15.9209 15.5512
12.7458 13.1359 13.6123 13.8399 14.1204 14.5221 14.8789 15.2696 15.5353 15.8783 16.3737 16.5385 17.0880 16.8727 17.0128 17.3474 17.7382 18.2141 18.2760 17.9767 18.0148 18.3887 18.1915 18.2160 18.4949 18.6371 19.0795 19.3879 19.8238 19.5734 19.6212 19.7928 19.6296 19.7186 19.9442 19.7910 19.6821 19.6345 19.4747 19.4366 19.0130 18.4827 18.1082 17.7605 17.5813 17.1008 16.6372 16.2069 15.8010 15.4326
12.7239 13.1600 13.4156 13.6944 14.0695 14.4309 14.8570 15.1141 15.4105 15.8641 16.2325 16.7741 16.5486 16.6634 16.9897 17.4269 17.8914 17.9548 17.7063 17.6607 18.0748 17.8073 17.8188 17.9369 18.1249 18.5495 18.9103 19.1853 19.1480 19.1916 19.2625 19.1583 19.1896 19.3871 19.4348 19.4320 19.2241 19.1760 19.1454 18.9287 18.8407 18.6903 18.0688 17.5958 17.2524 17.0258 16.5858 16.1388 15.7189 15.3198
12.7220 12.9984 13.2773 13.6361 14.0351 14.4056 14.7915 14.9662 15.4167 15.7930 16.3276 16.2234 16.3160 16.6402 16.9639 17.5279 17.7797 17.4100 17.3589 17.7583 17.4972 17.5046 17.4156 17.6263 18.1031 18.3962 18.5893 18.6069 18.7219 18.7294 18.8077 18.6945 18.8035 18.8837 19.0607 19.1556 18.9026 18.6807 18.6533 18.6231 18.3891 18.2801 18.1368 17.6379 17.0989 16.7515 16.4932 16.0822 15.6521 15.2378
12.5852 12.8689 13.2138 13.5993 13.9959 14.4984 14.5882 15.0799 15.3957 15.9170 15.7999 15.9526 16.2358 16.6360 17.1815 17.3387 17.1927 17.1639 17.3128 17.1695 17.1519 16.9956 17.1378 17.6446 17.8526 18.0232 18.0796 18.2516 18.2567 18.2406 18.1924 18.2467 18.3371 18.4977 18.6582 18.7691 18.7288 18.3662 18.1552 18.2101 18.0653 17.8572 17.7359 17.5619 17.1907 16.6388 16.2628 15.9805 15.5906 15.1714
12.4647 12.8023 13.1754 13.5671 14.0103 14.1810 14.6112 15.0449 15.5812 15.4304 15.5317 15.8271 16.2031 16.7620 16.9369 16.7693 16.7792 16.9416 16.7483 16.8405 16.6742 16.6674 17.1523 17.4637 17.5032 17.5630 17.7280 17.7292 17.7134 17.7138 17.7110 17.8042 17.9749 18.1492 18.4936 18.3239 18.3934 18.2624 17.8507 17.6516 17.7660 17.5409 17.3366 17.2030 17.0184 16.7726 16.2269 15.8996 15.4979 15.1073
12.3967 12.7625 13.1447 13.5480 13.7692 14.1608 14.5869 15.0427 15.0590 15.2074 15.4252 15.8426 16.3333 16.5428 16.3736 16.3955 16.6548 16.4383 16.4908 16.2942 16.3127 16.6527 17.1189 17.0753 17.0757 17.2735 17.2559 17.2066 17.2900 17.1976 17.2832 17.4456 17.6519 18.0528 18.1698 18.1211 17.8334 18.0034 17.8150 17.3554 17.2039 17.3680 17.0339 16.8277 16.6834 16.5148 16.4232 15.8650 15.4226 15.0217
12.3555 12.7306 13.1059 13.3583 13.7245 14.1347 14.5376 14.6343 14.8672 15.0674 15.4226 15.9170 16.1495 16.0452 16.0263 16.3840 16.2067 16.1104 15.9671 15.9696 16.2861 16.8451 16.6347 16.6470 16.7740 16.7464 16.7541 16.8551 16.7230 16.7757 16.9338 17.1667 17.6681 17.8709 17.9388 17.7420 17.5694 17.4370 17.6122 17.3870 16.8867 16.7917 16.8061 16.5319 16.3297 16.1795 16.0251 15.8773 15.3894 14.9517
12.3213 12.6807 12.9515 13.2999 13.6914 14.0591 14.2156 14.5425 14.8317 15.0592 15.5586 15.8432 15.7925 15.6615 15.8565 15.9179 15.8167 15.7174 15.6178 15.8515 16.3856 16.2858 16.3105 16.3649 16.2515 16.2653 16.3909 16.2866 16.3280 16.5955 16.9553 17.3691 17.6677 17.8128 17.5055 17.5230 17.2318 17.0631 17.0404 17.2080 16.9610 16.4649 16.3114 16.2724 16.0381 15.8425 15.6903 15.5402 15.3579 14.9153
12.2655 12.5510 12.8858 13.2587 13.6031 13.8095 14.2146 14.4816 14.8009 15.3378 15.5065 15.5355 15.3732 15.3725 15.5425 15.6179 15.4415 15.3374 15.4304 15.9435 15.8411 15.8750 15.9699 15.8408 15.8555 15.8853 15.9192 15.8905 16.2998 16.6203 17.1260 17.4713 17.5454 17.3592 17.3542 17.0403 17.0893 16.7419 16.6694 16.6433 16.8026 16.6012 16.1067 15.8466 15.7625 15.5541 15.3663 15.2138 15.0632 14.8550
12.1535 12.4817 12.8389 13.1825 13.5606 13.8954 14.2183 14.5090 14.9557 15.1037 15.0597 15.0403 15.0423 15.1376 15.3434 15.1042 15.1164 15.0589 15.5121 15.4112 15.4438 15.5757 15.4407 15.4669 15.4246 15.5978 15.5140 15.9491 16.2850 16.8332 17.1032 17.4221 17.3227 17.0320 16.8669 16.9382 16.6057 16.6504 16.2790 16.2748 16.2459 16.4291 16.2536 15.8397 15.4259 15.2767 15.0816 14.9011 14.7490 14.5905
12.0985 12.4384 12.8367 13.1638 13.5941 14.0047 14.2887 14.6864 14.6754 14.6073 14.6329 14.6004 14.7106 15.0704 14.8152 14.8338 14.7739 15.0551 14.9874 15.0201 15.2047 15.0589 15.0822 14.9911 15.2194 15.2400 15.5721 15.9274 16.4709 16.6785 17.1131 17.0479 16.9754 16.7947 16.5336 16.3905 16.4234 16.2538 16.1884 15.8312 15.9079 15.8807 15.9712 15.8253 15.6859 15.1595 14.8272 14.6230 14.4469 14.2903
12.0941 12.5096 12.8141 13.2688 13.5720 13.9732 14.4787 14.2433 14.2344 14.2176 14.1734 14.3224 14.7687 14.5353 14.5501 14.4240 14.5604 14.5426 14.5923 14.8857 14.6999 14.7196 14.6139 14.8673 15.0012 15.2596 15.7212 16.0666 16.3463 16.7617 16.7940 16.6888 16.8101 16.6577 16.3192 16.0513 15.9198 16.0138 15.9424 15.6923 15.4102 15.4711 15.4299 15.4649 15.3429 15.1659 14.7111 14.3868 14.1770 13.9987
12.1503 12.4853 12.9357 13.1609 13.5424 13.9698 13.9726 13.9997 13.8234 13.8761 14.0856 14.5507 14.2709 14.2617 14.1082 14.0960 14.1042 14.1647 14.3903 14.3716 14.4023 14.2761 14.5289 14.8570 15.0371 15.5393 15.7068 16.0418 16.3754 16.4228 16.4223 16.3609 16.4497 16.5828 16.4249 15.8980 15.5877 15.4874 15.5762 15.6491 15.2350 14.9796 14.9930 14.9671 14.9774 14.8665 14.6702 14.2683 13.9553 13.7378
12.1168 12.5678 12.7749 13.1208 13.4894 13.5406 13.5598 13.5440 13.6322 13.8748 14.3525 14.0529 14.0320 13.8508 13.8070 13.6905 13.8628 13.9200 13.9353 13.9774 14.1672 14.3508 14.7468 14.8756 15.3598 15.4732 15.6747 15.9095 16.1336 16.0654 15.9428 15.9577 16.0773 16.1583 16.1853 16.0135 15.4909 15.1440 15.1612 15.1358 15.3196 14.8296 14.5561 14.5333 14.5122 14.5054 14.3991 14.1944 13.8329 13.5278
12.1469 12.4551 12.7113 13.0320 13.1137 13.1351 13.1459 13.3327 13.6155 14.0988 13.8657 13.8458 13.6399 13.5814 13.4300 13.5409 13.4870 13.5154 13.6356 14.0362 14.1744 14.6547 14.7962 15.3032 15.2207 15.3230 15.4745 15.8850 15.6437 15.7090 15.5801 15.5859 15.6651 15.7079 15.8304 15.8141 15.6104 15.0880 14.7277 14.8275 14.8128 14.9869 14.4949 14.1863 14.0942 14.0673 14.0475 13.9421 13.7357 13.4013
12.0488 12.3092 12.5942 12.6948 12.7254 12.7736 13.0119 13.3384 13.7853 13.6162 13.6140 13.4520 13.3964 13.2193 13.2183 13.0833 13.1267 13.4276 13.8524 14.0455 14.5262 14.5674 15.0556 14.9374 14.9825 15.1312 15.5189 15.3152 15.3785 15.3205 15.2359 15.1856 15.2376 15.3362 15.3468 15.5098 15.3850 15.1680 14.6543 14.3757 14.5043 14.4891 14.6596 14.1704 13.8697 13.6777 13.6340 13.6025 13.4965 13.2874
11.9125 12.1733 12.2857 12.3293 12.4140 12.8213 13.0006 13.3051 13.3140 13.4534 13.2141 13.1740 13.0179 12.9477 12.8199 12.8254 13.1256 13.5437 13.8465 14.3464 14.3086 14.7739 14.6983 14.6986 14.7147 15.0827 14.9905 15.0264 15.0846 14.9309 14.9687 14.8635 14.8574 14.8933 15.0230 15.0687 15.1238 15.0284 14.6891 14.2262 14.0598 14.1855 14.1703 14.3350 13.8523 13.5402 13.2782 13.2127 13.1700 13.0577
11.7631 11.8870 11.9442 12.0507 12.3916 12.6006 12.8591 12.9316 13.2251 13.0642 13.0068 12.7976 12.7469 12.6154 12.5803 12.9485 13.2434 13.5513 13.9852 14.1161 14.5673 14.4249 14.5289 14.4112 14.5736 14.5580 14.7091 14.6153 14.6121 14.8150 14.5234 14.5766 14.6326 14.5537 14.6097 14.6740 14.8594 14.8571 14.6648 14.2561 13.8707 13.7482 13.8683 13.8407 13.9951 13.5170 13.1780 12.8893 12.8032 12.7447
11.4948 11.5686 11.6880 11.9823 12.2037 12.4357 12.5547 12.8005 12.7606 12.7867 12.6414 12.5760 12.4076 12.3914 12.6403 12.9867 13.3003 13.6975 13.9682 14.4461 14.1652 14.4383 14.1268 14.1098 14.1256 14.2402 14.2826 14.3346 14.3330 14.3170 14.5079 14.1713 14.1386 14.1688 14.2332 14.3830 14.4043 14.4799 14.4936 14.3187 13.8878 13.5613 13.4254 13.5211 13.5103 13.6189 13.1518 12.8254 12.5107 12.4003
11.1977 11.3286 11.5894 11.8134 12.0309 12.1883 12.5680 12.3734 12.3890 12.3491 12.3542 12.2460 12.1870 12.4559 12.8090 13.0361 13.4148 13.7159 14.1946 13.9724 14.0025 13.9411 13.9585 13.8248 13.7891 13.8445 13.9156 14.1872 13.9325 14.0336 14.0323 14.1454 13.7772 13.8003 13.9252 13.9653 14.0327 14.1038 14.0624 14.0831 14.0162 13.5279 13.1657 13.1071 13.2771 13.1627 13.2525 12.8357 12.4717 12.2177
10.9701 11.2100 11.4315 11.6404 11.8171 12.1215 12.1170 12.1419 11.9990 12.0833 11.9703 11.9592 12.3049 12.5879 12.8506 13.2456 13.4329 13.8955 13.8051 13.7777 13.5681 13.5611 13.5157 13.5376 13.5598 13.4751 13.7138 13.7098 13.9004 13.6048 13.6926 13.7391 13.7866 13.4834 13.5343 13.5964 13.6567 13.6479 13.7821 13.7167 13.7717 13.5512 13.1143 12.8365 12.8102 12.8424 12.7944 12.8627 12.6478 12.1921
10.8387 11.0587 11.2617 11.4464 11.7000 11.7320 11.7488 11.7343 11.8003 11.6652 11.6940 12.0035 12.3530 12.7176 13.0000 13.2484 13.7176 13.4993 13.6364 13.5119 13.3464 13.1658 13.1356 13.1359 13.1562 13.2512 13.3005 13.4431 13.4308 13.6105 13.3098 13.3456 13.4791 13.4112 13.1709 13.2245 13.2354 13.3341 13.3159 13.4638 13.3201 13.4353 13.1163 12.7169 12.4595 12.4148 12.4435 12.4072 12.4273 12.2127
10.6914 10.8933 11.0797 11.2981 11.3520 11.3688 11.3728 11.4921 11.4132 11.4051 11.7358 12.0856 12.3927 12.7566 13.1438 13.3807 13.2153 13.2578 13.1802 13.3103 13.2205 12.9490 12.7704 12.7501 12.8306 12.8876 12.9715 13.0253 13.1599 13.1318 13.1466 13.0404 13.0351 13.2918 13.0093 12.8281 12.9050 12.9140 13.0222 13.0053 13.1449 12.9919 13.0964 12.7058 12.3400 12.0889 12.0306 12.0419 12.0178 12.0029
10.5307 10.7188 10.9122 10.9793 10.9998 11.0165 11.1234 11.2702 11.1431 11.3613 11.7203 12.1314 12.4888 12.7893 12.9293 12.9060 13.0111 12.9447 12.8749 12.8589 13.0184 13.0204 12.5947 12.4228 12.4832 12.5598 12.6212 12.7511 12.7244 12.7408 12.7229 12.7205 12.8439 12.8500 13.1223 12.6830 12.5159 12.5999 12.6102 12.7121 12.6945 12.8271 12.6594 12.7522 12.3155 11.9919 11.7275 11.6554 11.6534 11.6295
10.3611 10.5399 10.6150 10.6407 10.6663 10.7632 10.8908 10.9334 11.0161 11.3465 11.7376 12.1017 12.5395 12.5163 12.5124 12.5995 12.7173 12.6095 12.6532 12.5923 12.6222 12.7464 12.7175 12.2985 12.1600 12.2265 12.3323 12.3385 12.4488 12.3459 12.3366 12.4280 12.4688 12.6748 12.6661 12.7615 12.3419 12.2189 12.2981 12.3065 12.4019 12.3733 12.4577 12.3699 12.3995 11.9703 11.6933 11.3796 11.2902 11.2724
10.1762 10.2594 10.2907 10.3229 10.4132 10.5409 10.6999 10.6914 10.9834 11.3556 11.7158 12.0911 12.1232 12.1368 12.2009 12.2965 12.2666 12.2976 12.2269 12.3564 12.3164 12.3187 12.3457 12.4596 12.0247 11.9295 11.9547 12.0369 12.0182 12.1486 12.0286 12.0876 12.2507 12.2743 12.3431 12.3200 12.4580 12.0298 11.9221 11.9947 11.9900 12.0480 12.0228 12.1187 12.0148 12.0979 11.6789 11.4461 11.0577 10.9325
9.9092  9.9494  9.9869  10.0746 10.2175 10.4696 10.3754 10.6316 10.9843 11.3346 11.6660 11.7339 11.7543 11.8129 11.8913 11.8812 11.8994 11.8813 11.9461 11.9408 12.0384 12.2179 12.0453 12.0120 12.0099 11.6697 11.6419 11.6471 11.7420 11.7258 11.8540 11.8419 11.8866 11.9415 11.9423 12.0409 12.0102 12.0090 11.6727 11.6115 11.6543 11.6492 11.7179 11.7076 11.9187 11.7066 11.8516 11.4203 11.0704 10.7204
9.6131  9.6588  9.7479  9.9151  10.2851 10.1184 10.2905 10.6230 10.9602 11.2599 11.3510 11.3799 11.4338 11.4999 11.5021 11.5141 11.5078 11.5563 11.5693 11.6585 11.8027 11.7794 11.8034 11.6717 11.6317 11.5882 11.3227 11.3531 11.3618 11.4579 11.4644 11.5559 11.5334 11.5681 11.6417 11.6312 11.6492 11.6277 11.5874 11.3215 11.2805 11.3338 11.3508 11.5074 11.4876 11.5073 11.4270 11.4183 11.0520 10.7048
9.3352  9.4293  9.5988  9.8980  9.9031  9.9652  10.2714 10.5938 10.8697 10.9758 11.0133 11.0636 11.1207 11.1307 11.1402 11.1410 11.1797 11.2039 11.2860 11.4050 11.4048 11.4189 11.4049 11.4070 11.3030 11.2565 11.1893 11.0015 11.0777 11.1010 11.1723 11.1829 11.2884 11.2542 11.2584 11.2697 11.2592 11.2693 11.2497 11.1877 10.9750 10.9952 11.1161 11.1196 11.1311 11.1196 11.1244 11.0630 11.0094 10.6844
9.1124  9.2806  9.5310  9.5762  9.6538  9.9262  10.2324 10.4896 10.6053 10.6507 10.6985 10.7489 10.7637 10.7726 10.7778 10.8107 10.8416 10.9175 11.0182 11.0323 11.0420 11.0339 11.0421 11.0326 11.0217 10.9366 10.8846 10.8073 10.7394 10.7987 10.8244 10.9133 10.9847 10.9212 10.8972 10.8912 10.8973 10.8911 10.8959 10.8747 10.8021 10.7368 10.7536 10.7620 10.7553 10.7620 10.7545 10.7506 10.6978 10.6133
