#Reward Function.
0.0000  0.0000  0.0000  0.0000  0.0000  0.0191  0.0191  0.0383  0.0574  0.0956  0.1350  0.1936  0.2369  0.3260  0.3888  0.5477  0.7431  1.0384  1.4502  1.7086  1.6899  1.5930  1.2121  0.8540  0.6038  0.4710  0.3375  0.2801  0.1959  0.1362  0.0956  0.0574  0.0383  0.0191  0.0191  0.0000  0.0000  0.0000  0.0000  0.0000  0.0000  0.0000  0.0000  0.0000  0.0000  0.0000  0.0000  0.0000  0.0000  0.0000 
0.0000  0.0000  0.0000  0.0000  0.0000  0.0191  0.0191  0.0383  0.0765  0.1148  0.1542  0.1936  0.2751  0.3642  0.4844  0.6051  0.8388  1.1340  1.5267  1.7078  1.7078  1.5267  1.1340  0.8388  0.6434  0.4844  0.3642  0.3134  0.2318  0.1542  0.1148  0.0765  0.0383  0.0191  0.0191  0.0000  0.0000  0.0000  0.0000  0.0000  0.0000  0.0000  0.0000  0.0000  0.0000  0.0000  0.0000  0.0000  0.0000  0.0000 
0.0000  0.0000  0.0000  0.0000  0.0000  0.0191  0.0191  0.0383  0.0765  0.1148  0.1542  0.2318  0.3134  0.4216  0.5287  0.6623  0.7951  1.0644  1.2297  1.4417  1.4417  1.4034  1.0644  0.8770  0.7008  0.5418  0.4216  0.3134  0.2701  0.1924  0.1339  0.0956  0.0574  0.0420  0.0228  0.0228  0.0000  0.0000  0.0000  0.0000  0.0000  0.0000  0.0000  0.0000  0.0000  0.0000  0.0000  0.0000  0.0000  0.0000 
0.0000  0.0000  0.0000  0.0000  0.0191  0.0191  0.0383  0.0574  0.0956  0.1339  0.1924  0.2701  0.3489  0.4523  0.5670  0.6375  0.7773  0.8907  1.1218  1.1218  1.1409  1.1218  0.9727  0.8155  0.7005  0.5670  0.4523  0.3489  0.2701  0.1924  0.1339  0.0994  0.0648  0.0581  0.0389  0.0389  0.0074  0.0074  0.0037  0.0000  0.0000  0.0000  0.0000  0.0000  0.0000  0.0000  0.0000  0.0000  0.0000  0.0000 
0.0000  0.0000  0.0000  0.0000  0.0191  0.0191  0.0383  0.0574  0.0956  0.1339  0.1913  0.2689  0.3466  0.4473  0.5555  0.6626  0.7771  0.8729  0.9481  0.9481  0.9290  0.9481  0.8729  0.7771  0.6626  0.5555  0.4473  0.3489  0.2701  0.1961  0.1413  0.1154  0.0933  0.0741  0.0748  0.0748  0.0359  0.0359  0.0198  0.0037  0.0000  0.0000  0.0000  0.0000  0.0000  0.0000  0.0000  0.0000  0.0000  0.0000 
0.0000  0.0000  0.0000  0.0000  0.0290  0.0290  0.0481  0.0574  0.0956  0.1339  0.1913  0.2689  0.3466  0.4445  0.5429  0.6512  0.7392  0.8096  0.8536  0.8344  0.8153  0.8536  0.8096  0.7583  0.6894  0.6053  0.5019  0.4040  0.3072  0.2370  0.1537  0.1513  0.1576  0.1385  0.1911  0.1911  0.1002  0.0557  0.0359  0.0198  0.0037  0.0000  0.0000  0.0000  0.0000  0.0000  0.0000  0.0000  0.0000  0.0000 
0.0000  0.0000  0.0098  0.0394  0.1175  0.1175  0.1367  0.0967  0.1055  0.1339  0.1913  0.2678  0.3455  0.4422  0.5402  0.6385  0.7201  0.7851  0.8157  0.8157  0.8157  0.8157  0.7851  0.7277  0.6385  0.5402  0.4422  0.3455  0.2764  0.2111  0.1896  0.1958  0.3382  0.3191  0.4608  0.4608  0.2808  0.1720  0.1002  0.0359  0.0198  0.0037  0.0000  0.0000  0.0000  0.0000  0.0000  0.0000  0.0000  0.0000 
0.0000  0.0098  0.0394  0.2067  0.4128  0.4128  0.2449  0.1558  0.1350  0.1339  0.1913  0.2678  0.3455  0.4411  0.4996  0.5976  0.6768  0.7342  0.7775  0.7775  0.7775  0.7775  0.7392  0.6768  0.6358  0.5379  0.4411  0.3492  0.2876  0.2272  0.2341  0.3765  0.4990  0.7013  0.9704  0.9704  0.6631  0.4416  0.1720  0.0557  0.0359  0.0074  0.0000  0.0000  0.0000  0.0000  0.0000  0.0000  0.0000  0.0000 
0.0000  0.0394  0.2067  0.3936  0.6594  0.9836  0.6785  0.4319  0.1749  0.1246  0.1530  0.2295  0.3061  0.4028  0.4985  0.5379  0.6335  0.6741  0.7123  0.7315  0.7315  0.7315  0.7123  0.6335  0.5953  0.4985  0.4028  0.3098  0.2493  0.2470  0.3059  0.5373  1.0087  1.3323  1.6645  1.6645  0.9513  0.6631  0.2808  0.1002  0.0359  0.0074  0.0037  0.0000  0.0000  0.0000  0.0000  0.0000  0.0000  0.0000 
0.0000  0.0394  0.2067  0.6594  1.2301  1.4067  1.2493  0.6976  0.2832  0.1541  0.1339  0.1913  0.2678  0.3443  0.4017  0.4985  0.5367  0.6335  0.6718  0.6718  0.6718  0.6718  0.6335  0.5941  0.4985  0.4400  0.3443  0.2752  0.2654  0.2532  0.3956  0.7396  1.3323  1.6645  2.0900  1.9212  1.6453  0.9513  0.4416  0.1720  0.0557  0.0198  0.0037  0.0000  0.0000  0.0000  0.0000  0.0000  0.0000  0.0000 
0.0098  0.0984  0.3936  0.9644  1.3876  1.3870  1.2514  0.6998  0.2662  0.1372  0.1361  0.1552  0.2317  0.3082  0.3443  0.4400  0.4973  0.5367  0.5941  0.5941  0.5941  0.5941  0.5367  0.4973  0.4400  0.3443  0.3061  0.2370  0.2272  0.2341  0.3765  0.7205  1.3323  1.9403  2.0529  2.0709  1.6453  0.9513  0.4416  0.1720  0.0557  0.0198  0.0037  0.0000  0.0000  0.0000  0.0000  0.0000  0.0000  0.0000 
0.0000  0.0394  0.2067  0.6594  0.9666  1.2514  0.9879  0.6828  0.2492  0.1202  0.1191  0.1382  0.1956  0.2338  0.3082  0.3465  0.4017  0.4400  0.4973  0.4973  0.4973  0.4973  0.4400  0.4017  0.3443  0.3061  0.2678  0.1987  0.1889  0.2150  0.2485  0.4799  0.9896  1.6645  1.9403  1.9212  1.2940  0.9513  0.4416  0.1720  0.0557  0.0198  0.0037  0.0000  0.0000  0.0000  0.0000  0.0000  0.0000  0.0000 
0.0004  0.0102  0.0988  0.3958  0.6615  0.6637  0.6828  0.2344  0.1474  0.0780  0.0873  0.1255  0.1447  0.1999  0.2338  0.2721  0.3082  0.3443  0.4017  0.4017  0.4017  0.4017  0.3443  0.3443  0.3061  0.2295  0.1913  0.1567  0.1346  0.1513  0.2293  0.3191  0.6822  0.9704  1.2940  1.2940  0.9513  0.4416  0.2808  0.1002  0.0359  0.0074  0.0000  0.0000  0.0000  0.0000  0.0000  0.0000  0.0000  0.0000 
0.0019  0.0019  0.0434  0.1013  0.2113  0.2153  0.2366  0.1348  0.0505  0.0598  0.0789  0.1172  0.1320  0.1511  0.2021  0.2382  0.2721  0.2700  0.3061  0.3061  0.3061  0.3061  0.2678  0.2678  0.2295  0.1913  0.1530  0.1148  0.1031  0.0933  0.1385  0.1911  0.4608  0.6822  0.6631  0.6631  0.4416  0.2808  0.1720  0.0557  0.0198  0.0037  0.0000  0.0000  0.0000  0.0000  0.0000  0.0000  0.0000  0.0000 
0.0054  0.0054  0.0056  0.0176  0.0499  0.0570  0.0609  0.0591  0.0579  0.0579  0.0770  0.0962  0.1258  0.1363  0.1511  0.1638  0.1999  0.1956  0.2317  0.2295  0.2295  0.2295  0.1913  0.1913  0.1530  0.1339  0.1148  0.0956  0.0611  0.0581  0.0741  0.1193  0.1911  0.2808  0.2808  0.2808  0.1720  0.1002  0.0557  0.0359  0.0074  0.0037  0.0000  0.0000  0.0000  0.0000  0.0000  0.0000  0.0000  0.0000 
0.0167  0.0188  0.0140  0.0140  0.0207  0.0235  0.0305  0.0495  0.0852  0.0852  0.0852  0.1043  0.1255  0.1709  0.1815  0.1877  0.2003  0.1568  0.1573  0.1552  0.1530  0.1530  0.1530  0.1339  0.1148  0.0956  0.0765  0.0574  0.0383  0.0420  0.0389  0.0550  0.0557  0.1002  0.1002  0.1002  0.0557  0.0557  0.0359  0.0074  0.0037  0.0000  0.0000  0.0000  0.0000  0.0000  0.0000  0.0000  0.0000  0.0000 
0.0429  0.0450  0.0316  0.0275  0.0313  0.0336  0.0503  0.0664  0.0897  0.1455  0.1455  0.1640  0.1837  0.2156  0.3559  0.3664  0.3726  0.2156  0.1747  0.1169  0.1148  0.1148  0.1148  0.0956  0.0765  0.0765  0.0574  0.0383  0.0191  0.0191  0.0228  0.0074  0.0198  0.0359  0.0359  0.0359  0.0359  0.0198  0.0074  0.0037  0.0000  0.0000  0.0000  0.0000  0.0000  0.0000  0.0000  0.0000  0.0000  0.0000 
0.0945  0.0966  0.0730  0.0445  0.0468  0.0442  0.0680  0.1267  0.1788  0.2599  0.2976  0.3347  0.4576  0.6289  0.9577  0.9305  0.9324  0.3279  0.1921  0.0972  0.0765  0.0765  0.0765  0.0574  0.0383  0.0383  0.0383  0.0191  0.0191  0.0191  0.0000  0.0000  0.0037  0.0074  0.0074  0.0074  0.0074  0.0037  0.0000  0.0000  0.0000  0.0000  0.0000  0.0000  0.0000  0.0000  0.0000  0.0000  0.0000  0.0000 
0.1618  0.1640  0.1009  0.0816  0.0574  0.0593  0.0932  0.1795  0.3654  0.4853  0.5039  0.4959  0.7800  1.4813  1.9034  1.8869  1.4042  0.9089  0.3066  0.0982  0.0404  0.0383  0.0383  0.0383  0.0383  0.0191  0.0191  0.0191  0.0191  0.0000  0.0000  0.0000  0.0000  0.0000  0.0000  0.0000  0.0000  0.0000  0.0000  0.0000  0.0000  0.0000  0.0000  0.0000  0.0000  0.0000  0.0000  0.0000  0.0000  0.0000 
0.2031  0.1907  0.1363  0.0859  0.0660  0.0758  0.1298  0.2606  0.4853  0.5866  0.6997  0.8463  1.2189  2.0161  2.5579  2.5177  2.2942  1.3722  0.5287  0.1348  0.0398  0.0191  0.0191  0.0191  0.0191  0.0191  0.0191  0.0000  0.0000  0.0000  0.0000  0.0000  0.0000  0.0000  0.0000  0.0000  0.0000  0.0000  0.0000  0.0000  0.0000  0.0000  0.0000  0.0000  0.0000  0.0000  0.0000  0.0000  0.0000  0.0000 
0.1995  0.1907  0.1363  0.0859  0.0660  0.0758  0.1298  0.2606  0.4853  0.6440  0.6903  0.8463  1.2189  1.9970  2.5387  2.5177  2.2942  1.3722  0.5287  0.1348  0.0398  0.0191  0.0191  0.0191  0.0191  0.0000  0.0000  0.0000  0.0000  0.0000  0.0000  0.0000  0.0000  0.0000  0.0000  0.0000  0.0000  0.0000  0.0000  0.0000  0.0000  0.0000  0.0000  0.0000  0.0000  0.0000  0.0000  0.0000  0.0000  0.0000 
0.1886  0.1640  0.1342  0.0816  0.0574  0.0593  0.0932  0.1795  0.3654  0.4853  0.6422  0.7451  0.7608  1.4622  1.9079  2.2945  1.8483  0.8707  0.2684  0.0600  0.0022  0.0000  0.0000  0.0000  0.0000  0.0000  0.0000  0.0000  0.0000  0.0000  0.0000  0.0000  0.0000  0.0000  0.0000  0.0000  0.0000  0.0000  0.0000  0.0000  0.0000  0.0000  0.0000  0.0000  0.0000  0.0000  0.0000  0.0000  0.0000  0.0000 
0.1277  0.0966  0.0730  0.0601  0.0468  0.0549  0.0680  0.1271  0.1788  0.2599  0.3840  0.3712  0.4393  0.9440  0.9203  1.3762  0.8758  0.5125  0.1156  0.0578  0.0000  0.0000  0.0000  0.0000  0.0000  0.0000  0.0000  0.0000  0.0000  0.0000  0.0000  0.0000  0.0000  0.0000  0.0000  0.0000  0.0000  0.0000  0.0000  0.0000  0.0000  0.0000  0.0000  0.0000  0.0000  0.0000  0.0000  0.0000  0.0000  0.0000 
0.0665  0.0450  0.0472  0.0275  0.0313  0.0423  0.0515  0.0901  0.1264  0.1264  0.1788  0.1466  0.2027  0.3302  0.3136  0.5390  0.2813  0.1243  0.0616  0.0030  0.0000  0.0000  0.0000  0.0000  0.0000  0.0000  0.0000  0.0000  0.0000  0.0000  0.0000  0.0000  0.0000  0.0000  0.0000  0.0000  0.0000  0.0000  0.0000  0.0000  0.0000  0.0000  0.0000  0.0000  0.0000  0.0000  0.0000  0.0000  0.0000  0.0000 
0.0272  0.0188  0.0210  0.0183  0.0207  0.0235  0.0391  0.0495  0.0661  0.0669  0.0914  0.0704  0.0925  0.1175  0.0981  0.1550  0.0787  0.0351  0.0122  0.0065  0.0008  0.0000  0.0000  0.0000  0.0000  0.0000  0.0000  0.0000  0.0000  0.0000  0.0000  0.0000  0.0000  0.0000  0.0000  0.0000  0.0000  0.0000  0.0000  0.0000  0.0000  0.0000  0.0000  0.0000  0.0000  0.0000  0.0000  0.0000  0.0000  0.0000 
0.0097  0.0076  0.0076  0.0078  0.0105  0.0180  0.0215  0.0302  0.0388  0.0404  0.0539  0.0510  0.0609  0.0681  0.0595  0.0913  0.0465  0.0264  0.0144  0.0079  0.0044  0.0008  0.0000  0.0000  0.0000  0.0000  0.0212  0.0212  0.0212  0.0212  0.0212  0.0212  0.0212  0.0212  0.0000  0.0000  0.0000  0.0000  0.0000  0.0000  0.0000  0.0000  0.0000  0.0000  0.0000  0.0000  0.0000  0.0000  0.0000  0.0000 
0.0035  0.0019  0.0041  0.0050  0.0047  0.0086  0.0108  0.0172  0.0224  0.0259  0.0424  0.0436  0.0835  0.1147  0.1082  0.1549  0.1017  0.0641  0.0379  0.0123  0.0079  0.0016  0.0000  0.0212  0.0212  0.0212  0.0212  0.0212  0.0423  0.0423  0.0423  0.0423  0.0212  0.0212  0.0212  0.0212  0.0212  0.0000  0.0000  0.0000  0.0000  0.0000  0.0000  0.0000  0.0000  0.0000  0.0000  0.0000  0.0000  0.0000 
0.0007  0.0004  0.0004  0.0022  0.0043  0.0043  0.0086  0.0151  0.0167  0.0273  0.0479  0.0813  0.1125  0.2185  0.2142  0.2898  0.2120  0.1484  0.0619  0.0379  0.0123  0.0255  0.0220  0.0212  0.0423  0.0423  0.0423  0.0423  0.0635  0.0635  0.0635  0.0635  0.0423  0.0423  0.0423  0.0212  0.0212  0.0212  0.0000  0.0000  0.0000  0.0000  0.0000  0.0000  0.0000  0.0000  0.0000  0.0000  0.0000  0.0000 
0.0000  0.0000  0.0000  0.0000  0.0022  0.0022  0.0129  0.0281  0.0316  0.0582  0.0882  0.1434  0.1735  0.2984  0.3716  0.4260  0.3629  0.2099  0.0974  0.0379  0.0334  0.0255  0.0220  0.0423  0.0423  0.0635  0.0847  0.0847  0.1270  0.1270  0.1270  0.1270  0.0847  0.0847  0.0635  0.0423  0.0423  0.0212  0.0212  0.0212  0.0000  0.0000  0.0000  0.0000  0.0000  0.0000  0.0000  0.0000  0.0000  0.0000 
0.0000  0.0000  0.0000  0.0000  0.0043  0.0086  0.0251  0.0446  0.0711  0.1307  0.1585  0.2158  0.2766  0.4067  0.4819  0.4611  0.4238  0.2854  0.1463  0.0831  0.0433  0.0502  0.0440  0.0635  0.0847  0.1270  0.1481  0.1481  0.1905  0.1905  0.1905  0.1905  0.1481  0.1481  0.1270  0.0847  0.0635  0.0423  0.0423  0.0212  0.0212  0.0000  0.0000  0.0000  0.0000  0.0000  0.0000  0.0000  0.0000  0.0000 
0.0000  0.0000  0.0000  0.0000  0.0086  0.0230  0.0646  0.1171  0.2039  0.3381  0.3637  0.2969  0.4094  0.4792  0.4984  0.4798  0.4281  0.2854  0.1674  0.0831  0.0644  0.0502  0.0863  0.1270  0.1481  0.1905  0.2328  0.2328  0.2963  0.2963  0.2963  0.2963  0.2328  0.2328  0.1905  0.1481  0.1270  0.0635  0.0423  0.0423  0.0212  0.0212  0.0000  0.0000  0.0000  0.0000  0.0000  0.0000  0.0000  0.0000 
0.0000  0.0000  0.0000  0.0163  0.0948  0.1365  0.1282  0.3386  0.5167  0.7816  0.7914  0.5743  0.4721  0.4849  0.4792  0.4046  0.2941  0.2099  0.1186  0.0803  0.0546  0.0890  0.1278  0.1481  0.2328  0.2963  0.3598  0.3598  0.4444  0.4444  0.4444  0.4444  0.3598  0.2963  0.2963  0.1905  0.1481  0.1270  0.0635  0.0423  0.0212  0.0212  0.0000  0.0000  0.0000  0.0000  0.0000  0.0000  0.0000  0.0000 
0.0000  0.0000  0.0120  0.0805  0.5927  0.6673  0.5414  0.5843  1.1173  1.5092  1.5234  1.1416  0.8667  0.6586  0.4094  0.2744  0.2328  0.1229  0.0831  0.0644  0.0969  0.1313  0.1913  0.2328  0.2963  0.3598  0.4444  0.5112  0.5992  0.5992  0.5992  0.5992  0.5112  0.4444  0.3598  0.2963  0.2328  0.1481  0.1270  0.0635  0.0423  0.0212  0.0212  0.0000  0.0000  0.0000  0.0000  0.0000  0.0000  0.0000 
0.0000  0.0000  0.0762  0.5740  1.1617  2.2067  1.4459  1.3204  1.5739  1.9132  2.2412  1.9310  1.1416  0.8312  0.4232  0.2137  0.1602  0.0917  0.0803  0.0758  0.1349  0.1498  0.2328  0.2963  0.4444  0.5112  0.5992  0.6949  0.7939  0.7939  0.7939  0.7939  0.6949  0.5992  0.5112  0.4444  0.2963  0.2328  0.1481  0.0847  0.0635  0.0423  0.0212  0.0000  0.0000  0.0000  0.0000  0.0000  0.0000  0.0000 
0.0000  0.0120  0.2199  1.1431  4.0419  5.0034  2.6028  1.6548  1.9807  2.4042  2.3639  2.2412  1.5234  0.8072  0.3637  0.1542  0.1007  0.0519  0.0546  0.0926  0.1498  0.2336  0.2963  0.4444  0.5112  0.6949  0.7939  0.8962  0.9994  0.9994  0.9994  0.9994  0.8962  0.7939  0.5992  0.5112  0.4444  0.2963  0.1905  0.1270  0.0847  0.0423  0.0212  0.0212  0.0000  0.0000  0.0000  0.0000  0.0000  0.0000 
0.0000  0.0000  0.0762  0.5740  2.1551  4.1768  2.6028  1.6548  1.9807  2.2289  2.4042  2.2333  1.5092  0.7816  0.3381  0.1285  0.0751  0.0589  0.0679  0.1286  0.1913  0.2963  0.3598  0.5112  0.6949  0.7939  0.9994  1.1269  1.2663  1.2663  1.2663  1.1269  1.1269  0.8962  0.7939  0.5992  0.5112  0.3598  0.2328  0.1481  0.0847  0.0635  0.0423  0.0212  0.0000  0.0000  0.0000  0.0000  0.0000  0.0000 
0.0000  0.0000  0.0719  0.2242  1.1617  1.2364  0.8769  0.9849  1.1157  1.9089  1.9089  1.5021  1.1053  0.5167  0.2039  0.0901  0.0672  0.0526  0.0863  0.1490  0.1905  0.2963  0.4444  0.5992  0.7939  0.9994  1.1269  1.2663  1.4521  1.6496  1.6496  1.4521  1.2663  1.1269  0.8962  0.6949  0.5992  0.4444  0.2963  0.1905  0.1270  0.0635  0.0423  0.0212  0.0000  0.0000  0.0000  0.0000  0.0000  0.0000 
0.0000  0.0000  0.0000  0.0805  0.2573  0.2802  0.4151  0.5843  0.7693  1.1037  1.1037  1.1037  0.5124  0.3266  0.1171  0.0866  0.0449  0.0466  0.0847  0.1481  0.2328  0.3598  0.5112  0.6949  0.8962  1.1269  1.2663  1.6496  1.9068  2.2124  2.2124  1.9068  1.6496  1.2663  0.9994  0.7939  0.5992  0.5112  0.3598  0.2328  0.1481  0.0847  0.0423  0.0212  0.0212  0.0000  0.0000  0.0000  0.0000  0.0000 
0.0000  0.0000  0.0000  0.0043  0.0349  0.0536  0.1282  0.1995  0.3258  0.5124  0.5124  0.5124  0.3258  0.1995  0.0646  0.0628  0.0298  0.0423  0.0847  0.1481  0.2328  0.3598  0.5112  0.6949  0.8962  1.1269  1.4521  1.9068  2.4835  2.6873  2.6873  2.2124  1.9068  1.4521  1.1269  0.8962  0.6949  0.5112  0.3598  0.2328  0.1481  0.0847  0.0423  0.0212  0.0212  0.0000  0.0000  0.0000  0.0000  0.0000 
0.0000  0.0000  0.0000  0.0000  0.0043  0.0230  0.0416  0.0646  0.1163  0.1995  0.1995  0.1995  0.1163  0.0646  0.0416  0.0298  0.0255  0.0423  0.0847  0.1481  0.2963  0.4444  0.5992  0.7939  0.9994  1.2663  1.6496  2.2124  2.6873  2.6396  2.7573  2.4835  1.9068  1.4521  1.1269  0.8962  0.6949  0.5112  0.3598  0.2328  0.1481  0.0847  0.0423  0.0212  0.0212  0.0000  0.0000  0.0000  0.0000  0.0000 
0.0000  0.0000  0.0000  0.0000  0.0000  0.0043  0.0230  0.0416  0.0416  0.0646  0.0646  0.0646  0.0416  0.0230  0.0086  0.0255  0.0212  0.0423  0.0847  0.1481  0.2328  0.3598  0.5112  0.6949  0.8962  1.1269  1.4521  1.9068  2.4835  2.7573  2.6873  2.4835  1.9068  1.4521  1.1269  0.8962  0.6949  0.5112  0.3598  0.2328  0.1481  0.0847  0.0423  0.0212  0.0212  0.0000  0.0000  0.0000  0.0000  0.0000 
0.0000  0.0000  0.0000  0.0000  0.0000  0.0000  0.0043  0.0086  0.0086  0.0230  0.0230  0.0230  0.0086  0.0043  0.0043  0.0212  0.0212  0.0423  0.0847  0.1481  0.2328  0.3598  0.5112  0.6949  0.8962  1.1269  1.4521  1.6496  2.2124  2.4835  2.4835  2.2124  1.6496  1.2663  1.1269  0.8962  0.6949  0.5112  0.3598  0.2328  0.1481  0.0847  0.0423  0.0212  0.0212  0.0000  0.0000  0.0000  0.0000  0.0000 
0.0000  0.0000  0.0000  0.0000  0.0000  0.0000  0.0000  0.0000  0.0043  0.0043  0.0043  0.0043  0.0000  0.0000  0.0000  0.0212  0.0212  0.0423  0.0847  0.1481  0.2328  0.3598  0.5112  0.5992  0.7939  0.9994  1.2663  1.4521  1.6496  1.9068  1.9068  1.6496  1.4521  1.1269  0.9994  0.7939  0.5992  0.4444  0.2963  0.1905  0.1270  0.0635  0.0423  0.0212  0.0000  0.0000  0.0000  0.0000  0.0000  0.0000 
0.0000  0.0000  0.0000  0.0000  0.0000  0.0000  0.0000  0.0000  0.0000  0.0000  0.0000  0.0000  0.0000  0.0000  0.0000  0.0000  0.0212  0.0423  0.0635  0.1270  0.1905  0.2963  0.4444  0.5112  0.6949  0.8962  0.9994  1.1269  1.2663  1.4521  1.4521  1.2663  1.1269  0.9994  0.7939  0.6949  0.5112  0.3598  0.2963  0.1905  0.1270  0.0635  0.0423  0.0212  0.0000  0.0000  0.0000  0.0000  0.0000  0.0000 
0.0000  0.0000  0.0000  0.0000  0.0000  0.0000  0.0000  0.0000  0.0000  0.0000  0.0000  0.0000  0.0000  0.0000  0.0000  0.0000  0.0212  0.0423  0.0635  0.0847  0.1481  0.2328  0.3598  0.4444  0.5992  0.6949  0.8962  0.9994  0.9994  1.1269  1.1269  0.9994  0.8962  0.7939  0.6949  0.5992  0.4444  0.2963  0.2328  0.1481  0.0847  0.0423  0.0212  0.0212  0.0000  0.0000  0.0000  0.0000  0.0000  0.0000 
0.0000  0.0000  0.0000  0.0000  0.0000  0.0000  0.0000  0.0000  0.0000  0.0000  0.0000  0.0000  0.0000  0.0000  0.0000  0.0000  0.0212  0.0212  0.0423  0.0635  0.1270  0.1905  0.2963  0.3598  0.4444  0.5992  0.6949  0.7939  0.7939  0.8962  0.8962  0.7939  0.7939  0.6949  0.5992  0.4444  0.3598  0.2328  0.1905  0.1270  0.0635  0.0423  0.0212  0.0212  0.0000  0.0000  0.0000  0.0000  0.0000  0.0000 
0.0000  0.0000  0.0000  0.0000  0.0000  0.0000  0.0000  0.0000  0.0000  0.0000  0.0000  0.0000  0.0000  0.0000  0.0000  0.0000  0.0000  0.0212  0.0423  0.0423  0.0847  0.1481  0.1905  0.2963  0.3598  0.4444  0.5112  0.5992  0.5992  0.6949  0.6949  0.5992  0.5992  0.5112  0.4444  0.3598  0.2328  0.1905  0.1270  0.0847  0.0423  0.0212  0.0212  0.0000  0.0000  0.0000  0.0000  0.0000  0.0000  0.0000 
0.0000  0.0000  0.0000  0.0000  0.0000  0.0000  0.0000  0.0000  0.0000  0.0000  0.0000  0.0000  0.0000  0.0000  0.0000  0.0000  0.0000  0.0212  0.0212  0.0423  0.0635  0.0847  0.1481  0.1905  0.2328  0.2963  0.3598  0.4444  0.4444  0.5112  0.5112  0.4444  0.4444  0.3598  0.2963  0.2328  0.1905  0.1270  0.0847  0.0635  0.0423  0.0212  0.0212  0.0000  0.0000  0.0000  0.0000  0.0000  0.0000  0.0000 
0.0000  0.0000  0.0000  0.0000  0.0000  0.0000  0.0000  0.0000  0.0000  0.0000  0.0000  0.0000  0.0000  0.0000  0.0000  0.0000  0.0000  0.0000  0.0212  0.0212  0.0423  0.0635  0.0847  0.1481  0.1905  0.2328  0.2328  0.2963  0.2963  0.3598  0.3598  0.2963  0.2963  0.2328  0.1905  0.1481  0.1270  0.0847  0.0635  0.0423  0.0212  0.0212  0.0000  0.0000  0.0000  0.0000  0.0000  0.0000  0.0000  0.0000 
0.0000  0.0000  0.0000  0.0000  0.0000  0.0000  0.0000  0.0000  0.0000  0.0000  0.0000  0.0000  0.0000  0.0000  0.0000  0.0000  0.0000  0.0000  0.0000  0.0212  0.0212  0.0423  0.0635  0.0847  0.1270  0.1481  0.1905  0.1905  0.1905  0.2328  0.2328  0.1905  0.1905  0.1481  0.1481  0.1270  0.0847  0.0423  0.0423  0.0212  0.0212  0.0000  0.0000  0.0000  0.0000  0.0000  0.0000  0.0000  0.0000  0.0000 
