#Value Function.
52.75   53.20   53.59   54.10   54.40   54.99   56.42   58.67   58.93   59.11   58.95   58.95   57.28   54.14   51.66   52.65   55.63   58.58   59.17   59.30   59.21   59.23   58.31   54.47   43.99   37.93   41.61   43.74   43.64   43.63   41.07   39.72   38.10   36.80   36.81   35.62   33.32   31.45   30.31   31.66   32.71   33.24   33.65   34.59   36.20   37.96   38.93   40.13   40.37   40.29  
55.88   56.29   56.78   57.16   57.76   58.00   58.56   60.10   62.92   62.85   63.12   61.37   57.69   55.19   52.20   53.21   56.16   59.37   62.86   63.12   63.28   62.47   59.47   44.78   38.83   37.85   40.31   44.67   46.96   43.64   42.41   40.78   38.07   39.43   38.19   35.52   33.50   32.06   30.80   32.36   33.82   34.98   35.47   35.82   36.83   38.63   40.63   41.48   42.96   43.09  
58.90   59.66   60.02   60.58   60.94   61.67   61.80   62.34   63.95   67.58   65.79   61.36   58.96   55.70   52.57   54.35   56.66   59.88   63.30   67.52   67.25   65.59   56.54   48.17   46.52   48.80   53.41   49.43   47.86   46.00   44.00   42.04   40.24   38.56   37.07   35.66   34.19   32.75   31.38   32.83   34.54   36.12   37.40   37.84   38.10   39.18   41.19   43.51   46.22   44.28  
61.41   62.94   63.68   63.98   64.66   64.93   65.87   65.84   66.34   69.19   65.17   63.03   59.43   55.98   53.26   56.20   57.87   60.32   63.86   67.40   72.70   67.80   60.13   55.51   56.80   55.72   53.31   51.21   49.08   46.93   44.82   42.91   41.10   39.55   37.92   36.47   34.94   33.47   32.10   33.25   35.01   36.87   38.58   40.01   40.36   40.52   41.67   43.91   47.41   44.10  
62.26   65.76   67.22   67.98   68.18   69.03   69.15   70.42   70.12   70.43   67.49   63.39   59.72   56.19   55.00   56.62   60.17   61.61   63.74   69.29   73.46   64.72   61.21   60.92   59.71   56.82   54.63   52.36   50.06   47.79   45.77   43.80   42.21   40.43   38.92   37.26   35.70   34.18   33.23   34.01   35.41   37.35   39.36   41.19   42.83   43.04   43.06   44.31   46.67   44.33  
62.60   66.47   70.46   71.75   72.57   72.61   73.74   73.56   75.36   73.64   67.61   63.70   59.97   56.13   54.86   58.96   61.59   62.56   65.32   69.63   72.65   67.23   65.09   63.96   60.50   58.28   55.86   53.40   50.94   48.82   46.66   45.06   43.08   41.54   39.74   38.08   36.47   34.84   34.92   35.40   36.19   37.71   39.84   42.01   43.96   45.89   45.89   45.74   46.51   45.00  
62.50   66.85   70.90   75.57   76.54   77.51   77.26   78.87   77.08   73.07   67.94   64.02   59.85   56.21   55.13   57.83   61.01   63.17   67.31   68.76   74.79   71.05   68.60   64.34   62.19   59.58   56.97   54.28   52.10   49.68   48.14   45.89   44.35   42.37   40.61   38.91   37.17   35.44   36.35   37.29   37.71   38.50   40.15   42.51   44.85   46.88   49.23   48.94   47.96   46.81  
62.79   66.62   71.38   75.55   81.19   81.55   82.86   78.90   75.90   72.22   68.36   63.78   59.98   56.14   54.29   57.43   61.03   65.32   65.79   68.63   75.07   75.56   69.60   66.47   63.55   60.80   57.82   55.63   52.84   51.47   48.83   47.38   45.17   43.32   41.52   39.65   37.83   35.81   36.87   38.91   39.83   40.15   40.95   42.75   45.36   47.89   49.96   51.87   50.09   47.68  
64.11   66.85   70.96   76.27   79.07   87.61   79.82   79.21   74.21   71.11   67.67   63.99   59.84   56.21   53.90   57.37   61.28   65.01   68.59   71.50   80.35   74.07   70.77   68.31   64.90   61.53   59.46   56.11   55.12   51.89   50.65   48.14   46.20   44.30   42.29   40.39   38.24   35.85   37.04   39.35   41.66   42.55   42.74   43.54   45.50   48.42   51.15   53.52   50.96   47.74  
67.00   68.21   70.06   72.30   72.12   80.54   83.27   76.86   74.09   71.03   67.23   63.46   59.93   56.13   53.98   57.46   61.14   65.41   69.36   74.94   80.46   74.96   73.59   69.56   65.88   62.70   60.06   59.18   55.02   54.23   51.27   49.27   47.28   45.10   43.12   40.84   38.22   35.90   37.01   39.53   41.98   44.65   45.45   45.47   46.28   48.42   51.70   54.69   50.88   47.93  
69.45   71.60   72.64   72.96   74.06   79.17   78.32   79.06   75.88   71.79   67.29   63.18   59.52   56.25   54.74   57.46   61.29   65.14   69.83   73.09   79.40   79.51   73.95   71.70   67.39   65.18   61.64   58.47   58.22   54.54   52.54   50.47   48.07   46.03   43.63   40.74   38.30   35.86   37.06   39.46   42.18   44.75   47.92   48.54   48.36   49.18   51.58   54.12   51.19   47.76  
71.38   74.17   76.53   77.61   81.89   89.78   85.96   81.08   76.66   71.75   67.38   63.23   59.91   57.33   55.47   58.40   61.13   65.32   68.55   71.83   78.94   77.34   76.83   71.54   69.74   65.73   62.99   60.30   57.60   56.26   53.89   51.22   49.15   46.63   43.39   40.87   38.22   35.95   37.02   39.54   42.05   45.04   47.65   51.50   51.82   49.98   51.99   53.50   50.73   47.91  
71.83   76.37   79.15   81.84   84.77   93.68   86.43   81.88   76.47   71.88   67.36   63.81   61.14   58.61   56.92   59.04   62.34   64.28   67.44   71.19   75.39   77.75   74.25   74.74   69.92   67.18   64.32   61.56   58.24   56.16   55.64   52.47   49.94   45.73   43.57   40.73   38.30   36.34   37.06   39.46   42.19   44.79   48.11   50.80   53.60   50.52   53.04   51.66   50.00   47.52  
71.90   76.66   81.74   84.75   90.68   93.89   87.51   81.47   76.71   71.75   67.96   65.20   62.60   59.40   57.29   60.87   62.78   66.72   67.85   71.50   69.81   79.16   74.05   72.36   71.68   68.57   65.74   62.18   58.66   56.02   53.75   53.82   49.39   45.14   42.72   40.75   38.77   36.63   37.02   39.54   42.05   45.03   47.62   50.17   52.42   52.80   52.66   51.41   49.45   47.12  
72.31   76.65   81.76   87.96   89.16   91.43   86.88   80.81   76.36   72.35   69.53   66.88   63.33   60.27   57.98   61.02   65.19   66.63   71.66   69.30   71.10   75.14   77.35   71.95   70.91   70.24   66.34   62.44   59.75   56.96   54.27   51.09   49.56   46.10   43.25   41.41   38.95   37.68   37.11   39.45   42.17   44.64   47.05   49.58   53.25   55.64   54.09   53.11   50.39   47.03  
71.96   77.26   79.79   83.67   85.34   88.87   85.60   80.16   77.02   74.12   71.51   67.49   64.35   60.79   59.09   61.78   64.94   71.25   67.43   67.38   68.31   74.53   73.26   76.30   71.65   70.79   66.42   63.76   60.73   57.97   54.49   51.22   47.98   45.24   44.30   41.38   40.20   38.77   37.70   39.50   41.84   44.13   46.58   49.74   51.71   52.86   52.39   53.86   50.11   47.19  
72.04   74.15   78.47   82.99   81.85   83.78   84.53   82.13   78.99   76.52   71.87   68.71   64.89   60.82   59.84   63.07   66.18   66.39   66.36   64.39   68.87   73.22   72.09   73.72   76.17   70.59   68.07   64.72   61.95   58.11   54.62   51.30   48.11   45.11   43.67   42.92   41.33   40.07   39.96   39.98   41.39   43.71   46.47   48.13   48.13   50.73   54.34   50.84   50.15   47.00  
69.71   73.57   79.33   82.51   79.00   79.28   80.37   82.72   81.99   76.45   73.40   69.29   64.86   60.88   58.90   61.83   63.76   63.40   62.38   64.33   66.66   68.56   72.64   70.77   72.49   73.73   68.92   66.25   61.95   58.25   54.71   51.30   48.12   45.58   46.04   44.06   42.57   42.60   42.57   42.59   42.43   43.34   44.12   45.21   49.53   53.49   49.17   50.37   47.89   46.78  
69.08   73.95   77.34   79.47   77.22   76.56   80.06   81.40   80.08   78.46   73.99   69.14   64.96   60.77   60.00   62.47   60.49   59.83   60.36   62.51   64.79   65.49   68.16   72.37   70.85   71.32   70.93   66.00   62.12   58.36   54.69   51.31   48.14   46.31   47.20   45.09   45.43   45.38   45.43   45.30   44.74   42.66   43.33   42.81   44.03   51.83   48.14   46.96   46.94   45.00  
69.13   72.44   76.43   76.49   74.35   76.18   78.85   81.43   80.77   79.01   73.67   69.32   64.86   60.89   58.40   59.82   58.50   56.85   58.62   60.73   62.78   63.33   65.31   69.59   71.38   70.23   68.87   66.25   62.25   58.31   54.72   51.30   48.41   48.43   48.37   48.47   48.37   48.47   48.33   47.97   45.34   44.61   40.30   32.59   26.18   37.66   47.60   46.95   45.16   43.93  
67.78   70.08   74.44   72.96   71.87   74.88   77.80   78.47   80.81   77.08   73.83   69.12   64.96   60.83   57.10   59.63   56.21   55.00   56.94   58.96   62.09   61.50   63.90   66.49   66.48   67.05   68.69   66.40   62.16   58.36   54.69   51.31   50.86   51.35   51.70   51.54   51.71   51.54   51.38   49.28   48.40   46.79   41.85   30.29   26.60   33.48   41.10   48.36   44.96   42.49  
65.70   68.11   71.17   71.60   71.35   75.55   75.03   75.77   78.68   75.80   72.24   69.05   64.82   60.88   56.98   57.79   55.56   53.40   55.32   57.61   59.72   59.68   61.93   61.93   63.56   64.29   64.77   63.72   61.85   58.27   54.72   51.30   52.21   54.45   54.75   55.20   54.90   55.17   53.02   53.65   54.39   46.95   45.05   43.75   49.77   39.88   40.87   44.49   44.90   42.18  
63.82   66.02   70.92   70.65   72.42   74.98   75.23   73.67   77.16   74.49   70.89   67.73   64.61   60.76   56.95   57.93   54.37   52.12   54.08   56.77   59.50   57.41   58.23   59.47   62.37   61.32   63.24   63.71   60.75   57.92   54.62   51.30   53.08   55.72   58.36   58.32   58.98   58.29   58.61   59.57   52.59   49.08   47.05   48.50   46.99   44.51   41.51   42.03   41.80   41.77  
62.11   66.23   68.87   71.29   71.39   72.67   71.57   71.11   74.93   71.95   69.69   66.48   63.49   60.48   56.19   57.12   54.15   51.08   53.33   56.74   57.79   55.73   55.91   58.29   61.10   59.18   61.58   62.27   59.52   56.94   54.24   51.55   54.01   56.58   59.44   62.64   60.96   63.40   64.44   58.02   54.22   50.36   48.39   47.32   47.19   44.28   44.14   41.15   39.57   39.22  
61.90   64.51   66.65   68.40   70.11   71.56   70.04   69.75   72.09   70.12   67.51   65.23   62.32   59.50   56.94   56.44   53.50   50.74   52.97   55.11   57.65   54.34   54.66   56.96   58.60   57.38   58.65   61.52   58.30   55.81   53.37   52.60   54.95   57.60   60.32   63.35   68.46   66.10   58.92   57.13   53.88   49.09   47.19   44.92   46.75   43.94   42.15   41.16   38.71   37.23  
60.40   62.42   63.92   67.39   69.40   70.42   68.27   67.28   70.41   67.53   65.66   63.31   61.08   58.38   55.71   55.34   52.84   50.16   51.65   53.64   55.44   53.84   53.37   55.27   57.82   55.93   57.58   60.40   57.54   54.71   52.33   54.31   56.00   58.58   61.43   64.29   66.91   62.02   59.54   54.80   51.10   49.66   46.29   44.51   47.11   44.91   43.39   41.28   38.86   36.72  
58.44   59.96   61.67   64.71   66.24   65.56   65.75   65.78   68.13   65.82   63.39   61.51   59.35   57.20   54.64   55.04   51.89   49.51   50.32   52.43   56.59   53.86   52.79   55.08   59.76   57.14   56.44   59.39   56.43   53.92   54.55   55.32   58.04   59.58   62.51   63.87   60.57   60.34   56.74   52.89   49.96   47.97   46.36   46.35   47.82   46.37   44.09   41.42   39.19   36.87  
56.22   57.93   60.60   63.84   65.76   62.43   61.96   64.38   67.36   64.38   61.73   59.48   57.63   55.63   53.51   54.50   51.52   48.70   49.61   53.25   56.03   56.61   53.04   55.52   58.97   58.52   55.91   58.35   54.98   53.76   55.26   58.48   58.66   62.15   61.46   58.98   58.31   56.94   53.47   51.45   49.44   46.92   45.12   47.15   49.75   47.10   44.12   41.82   39.35   36.89  
54.39   56.85   59.79   62.84   63.63   61.51   60.36   62.78   62.63   62.78   60.34   57.90   55.79   54.01   52.12   50.81   50.75   49.56   49.80   52.26   55.66   56.49   53.40   56.65   59.90   58.37   54.97   54.32   54.32   53.93   57.59   58.65   62.86   60.97   57.36   56.49   55.33   54.61   53.16   50.25   48.25   46.30   45.48   48.20   50.51   46.96   44.64   41.98   39.35   36.91  
53.31   56.03   58.71   60.02   62.30   59.72   58.60   58.75   58.84   58.75   58.59   56.53   54.30   53.18   53.10   53.01   52.81   52.03   50.74   52.03   54.01   55.88   54.42   57.16   57.67   56.16   54.53   51.80   51.03   53.99   57.48   61.83   60.50   57.26   55.15   53.79   52.94   51.93   51.14   49.69   47.19   45.25   44.95   48.61   50.06   47.68   44.79   41.96   39.37   36.89  
52.48   54.90   56.35   58.29   59.63   58.27   56.11   56.03   56.48   56.63   56.58   56.64   56.58   56.64   56.55   56.41   55.57   54.19   52.33   50.60   52.17   52.11   53.36   57.51   58.90   54.87   52.73   51.01   50.67   53.91   57.46   57.39   56.78   54.74   52.38   51.64   50.48   49.63   48.71   47.88   46.47   44.28   45.55   48.35   48.94   47.78   44.73   41.99   39.35   36.91  
51.35   52.87   54.63   56.44   58.94   56.57   56.57   58.24   59.92   60.27   60.43   60.32   60.43   60.31   60.27   59.35   57.89   55.85   53.72   51.56   49.56   50.29   53.60   55.04   54.77   54.76   51.58   49.49   50.53   53.50   53.74   52.93   51.01   51.03   50.47   49.19   48.39   47.37   46.54   45.69   44.84   43.74   46.81   46.69   45.54   45.62   44.57   41.93   39.37   36.89  
50.58   51.89   55.39   57.51   58.21   55.88   58.39   60.38   62.13   64.12   64.28   64.49   64.30   64.41   63.38   61.84   59.60   57.32   54.99   52.85   50.93   50.04   51.44   51.42   51.56   51.39   51.02   49.26   49.88   50.35   50.22   50.30   50.67   49.37   49.21   49.20   49.06   48.56   47.30   45.62   43.77   43.86   46.60   44.66   43.69   44.29   42.83   41.63   39.30   36.90  
52.25   54.03   54.88   59.55   58.11   57.63   60.15   62.30   64.45   66.24   68.68   68.51   68.85   67.68   66.08   63.60   61.17   58.65   56.36   54.36   52.23   49.67   48.23   48.34   48.38   49.87   51.64   52.29   52.48   52.46   52.50   52.46   52.50   52.46   52.49   52.36   51.91   50.52   48.71   46.67   44.95   44.03   43.31   42.59   43.46   43.20   41.55   40.18   38.91   36.80  
52.52   55.96   57.78   58.05   56.82   59.79   61.90   64.17   66.46   68.82   70.56   73.66   72.23   70.63   67.84   65.28   62.55   60.08   58.00   55.80   53.00   50.32   47.68   45.63   47.85   50.69   53.29   55.24   55.82   56.00   55.94   56.00   55.94   56.00   55.88   55.50   53.95   52.00   49.76   47.84   46.94   46.23   44.97   44.13   43.44   41.61   40.45   38.98   37.68   36.38  
52.66   56.02   60.00   59.30   57.32   61.40   63.81   66.02   68.46   70.90   73.50   75.90   75.53   72.33   69.67   66.71   64.04   61.89   59.63   56.53   53.70   50.82   48.48   46.27   48.16   51.04   54.13   56.95   59.12   59.57   59.75   59.63   59.75   59.61   59.36   57.60   55.53   53.07   50.90   50.02   49.41   47.94   46.92   45.50   43.39   41.68   39.24   37.91   36.56   35.32  
52.99   56.17   59.70   59.69   61.17   62.83   65.53   68.10   70.39   73.04   75.60   78.58   77.11   74.38   71.13   68.25   66.02   63.76   60.28   57.32   54.15   51.71   49.36   47.14   48.64   51.34   54.44   57.80   60.85   63.30   63.53   63.76   63.56   63.54   61.49   59.30   56.60   54.11   53.30   52.85   51.06   50.10   48.66   46.21   44.59   41.87   39.33   37.06   35.57   34.27  
53.05   56.58   60.13   63.35   64.80   65.36   66.86   69.95   72.69   75.03   77.94   81.06   79.44   75.85   72.71   70.41   68.22   64.24   61.21   57.68   55.17   52.66   50.27   48.22   49.37   51.85   54.73   58.05   61.72   65.00   67.83   67.71   68.07   65.60   63.34   60.39   57.48   56.79   56.42   55.61   53.65   52.09   49.16   47.75   44.66   41.94   39.46   37.75   36.07   34.66  
53.07   56.60   60.38   64.21   67.84   69.22   69.57   71.11   74.71   77.59   79.95   83.17   80.88   77.45   75.05   73.08   68.38   65.41   61.40   58.87   56.18   53.59   51.43   49.47   50.50   52.62   55.27   58.34   61.90   65.91   69.40   72.78   71.65   68.04   60.63   61.17   59.71   56.28   56.85   56.94   53.00   52.24   51.20   47.61   44.74   42.00   40.28   38.45   37.00   35.47  
53.06   56.63   60.37   64.43   68.54   72.71   73.93   74.00   75.58   79.86   82.82   85.15   82.59   79.93   78.41   72.68   69.98   65.29   62.83   59.93   57.12   54.84   52.83   50.39   51.56   53.89   56.05   58.92   62.18   65.98   70.41   74.04   78.30   74.61   59.96   63.51   58.75   59.43   56.84   55.64   53.21   51.08   49.09   47.74   44.66   43.01   40.97   39.49   37.87   36.17  
53.07   56.61   60.41   64.38   68.75   73.13   78.01   78.96   78.69   80.26   85.44   88.40   84.53   84.21   78.04   74.40   68.70   67.10   63.95   60.88   58.46   56.44   53.70   51.66   52.01   55.09   57.50   59.69   62.82   66.26   70.32   75.25   78.88   84.73   65.11   66.65   63.49   63.37   59.66   55.66   54.59   51.55   49.86   47.27   45.96   43.63   42.15   40.42   38.62   36.72  
53.06   56.63   60.37   64.44   68.64   73.37   77.95   83.82   84.30   83.62   82.37   91.96   86.76   84.61   79.45   73.85   70.98   68.23   64.87   62.30   60.34   57.18   55.20   52.40   52.13   55.50   58.87   61.36   63.54   67.00   70.61   74.90   80.50   77.96   73.33   75.66   69.44   65.74   61.10   58.57   54.78   53.36   50.22   49.20   46.43   45.01   43.14   41.21   39.24   36.95  
53.07   56.61   60.41   64.38   68.76   73.16   78.32   81.95   90.40   79.39   78.21   86.48   87.68   84.01   79.08   75.50   71.58   69.23   66.34   64.59   60.81   59.04   55.78   53.81   52.13   55.61   59.23   62.94   65.49   67.59   71.49   75.23   77.54   74.88   73.86   70.82   70.27   65.38   61.55   58.62   57.24   53.21   52.79   49.32   48.09   46.04   43.98   41.92   39.44   37.02  
53.06   56.63   60.37   64.44   68.60   73.01   74.55   80.05   89.29   78.48   78.92   84.69   83.31   86.53   80.73   76.45   71.65   69.21   69.31   64.55   63.25   59.30   57.58   54.17   52.15   55.59   59.33   63.18   67.33   69.89   71.83   76.33   76.92   73.46   72.32   69.70   67.71   65.57   61.35   57.81   56.62   56.83   52.26   51.43   49.13   46.91   44.80   42.09   39.51   37.01  
53.07   56.61   60.40   64.29   68.15   70.03   72.68   78.34   86.64   82.50   86.49   95.43   84.87   82.39   81.69   76.20   73.04   68.53   67.15   67.96   62.91   61.69   57.79   54.32   52.13   55.62   59.28   63.29   67.37   72.07   74.61   76.25   71.63   70.78   69.81   66.87   66.99   64.56   61.36   57.58   55.15   55.36   55.10   52.41   50.03   47.90   44.90   42.15   39.49   37.02  
53.05   56.60   60.22   63.71   65.93   70.00   74.42   80.29   80.68   82.42   88.64   90.50   89.70   83.06   80.82   78.13   73.09   68.63   65.18   66.13   66.23   61.60   57.98   54.23   52.15   55.59   59.33   63.20   67.53   71.79   77.22   71.42   70.21   67.40   66.38   65.24   63.91   64.82   61.22   58.94   55.64   53.41   55.99   53.32   51.24   47.88   44.98   42.12   39.51   37.01  
53.03   56.41   59.60   61.98   65.65   69.83   74.72   75.83   77.66   82.62   84.60   84.26   84.71   83.50   79.93   77.91   73.22   68.56   64.43   63.20   64.88   61.90   57.81   54.33   52.13   55.62   59.28   63.29   67.34   71.75   71.65   69.81   67.05   65.67   63.36   62.24   61.15   60.72   63.05   59.26   56.58   52.84   52.23   54.88   51.02   48.00   44.91   42.16   39.49   37.02  
52.82   55.79   58.23   61.58   65.47   69.66   71.19   73.08   77.11   79.09   79.09   79.35   79.10   79.27   78.02   75.06   72.77   68.60   64.30   60.69   60.34   60.46   57.86   54.22   52.15   55.59   59.32   63.10   66.81   67.21   67.26   67.00   65.33   62.99   61.48   59.51   58.37   58.85   58.89   60.54   56.29   53.00   51.13   51.01   51.00   47.85   44.98   42.12   39.51   37.01  
52.22   54.67   57.76   61.36   65.03   66.80   68.70   72.05   73.95   74.18   74.36   74.21   74.36   74.21   74.18   72.95   70.41   68.02   64.25   60.33   57.23   56.66   56.40   54.09   52.13   55.59   59.10   62.29   62.98   63.06   63.03   63.04   62.67   61.16   59.13   57.60   55.87   55.35   56.54   56.29   56.26   52.80   49.82   48.12   47.85   47.48   44.83   42.15   39.49   37.02  
51.27   54.16   57.47   60.73   62.62   64.50   67.35   69.14   69.52   69.67   69.59   69.67   69.59   69.67   69.57   69.41   68.22   65.98   63.59   60.16   56.59   53.89   53.16   52.65   52.08   55.31   58.11   58.97   59.10   59.09   59.11   59.09   59.05   58.62   57.25   55.45   53.96   52.85   52.81   52.95   52.78   52.37   49.48   46.81   45.26   44.85   44.26   41.97   39.48   37.00  
