#Value_Function_Estimate.
68.48   68.48   68.48   68.48   68.48   68.47   68.46   68.39   67.86   65.34   61.47   56.43   55.91   55.83   55.91   53.74   51.32   49.64   47.69   47.59   46.08   44.53   46.51   50.02   54.25   58.67   62.62   64.97   65.62   66.50   72.61   78.39   84.05   89.05   88.98   88.66   81.05   76.09   71.32   68.27   67.48   66.07   62.53   59.57   56.35   52.63   50.62   48.78   47.73   45.78  
71.99   71.99   72.02   72.00   72.03   72.00   71.99   71.70   68.99   65.12   59.42   57.27   56.97   59.20   56.69   54.08   52.70   50.00   49.99   48.34   47.76   47.38   48.14   50.59   54.38   58.74   63.08   66.45   68.28   68.53   69.94   77.63   83.50   89.66   94.92   85.78   80.96   76.02   72.34   71.78   70.47   66.60   64.06   61.43   56.94   54.51   52.18   51.53   49.11   47.88  
75.55   75.55   75.69   76.06   76.50   76.16   76.32   74.33   71.48   68.35   62.51   61.61   59.93   57.41   56.83   54.42   53.84   52.70   50.39   52.05   51.95   51.96   51.98   52.31   54.78   58.79   63.23   67.21   70.15   71.95   72.94   76.13   81.96   87.70   88.88   79.21   77.16   76.63   76.08   76.02   74.33   71.14   66.77   63.79   60.39   55.81   55.35   52.50   51.56   49.34  
79.94   80.73   80.27   80.76   81.56   82.08   79.56   75.76   73.76   70.17   67.26   64.03   60.11   60.40   57.10   56.88   56.98   56.97   57.01   56.97   57.01   56.97   57.01   56.96   56.92   59.07   63.27   67.57   71.15   74.04   76.04   78.50   83.98   92.78   94.41   82.69   81.73   78.83   80.58   76.61   73.23   70.54   68.23   66.04   62.15   59.91   55.79   55.51   53.04   50.79  
83.88   85.23   87.41   84.85   85.13   87.39   82.81   79.11   74.12   70.81   67.50   64.21   61.22   59.75   60.49   58.19   61.45   61.85   61.82   61.87   61.82   61.87   61.82   61.83   61.55   60.82   63.39   67.54   71.44   75.17   78.26   82.60   88.78   99.75   105.95  94.96   87.99   85.15   80.55   77.68   74.67   72.40   70.25   68.24   65.40   60.98   59.47   56.95   54.57   52.22  
88.76   90.44   91.95   89.27   91.33   88.38   84.47   78.81   74.50   71.02   67.68   64.75   62.98   62.30   60.17   59.82   64.40   66.25   66.48   66.40   66.48   66.40   66.46   66.22   65.57   63.90   63.90   67.67   71.43   75.25   79.55   83.89   89.70   97.90   101.22  99.29   94.66   87.66   83.20   79.43   76.63   74.27   72.99   70.14   67.53   64.01   61.11   58.54   56.14   52.77  
90.24   93.76   91.89   91.63   90.68   86.72   82.88   79.17   74.58   71.19   68.27   66.86   66.46   66.37   66.35   64.59   65.03   69.99   70.77   70.96   70.82   70.95   70.71   70.18   68.29   66.92   66.33   67.89   71.47   75.33   79.86   84.81   90.39   97.99   98.15   95.29   94.93   92.66   87.60   83.00   79.23   77.88   74.86   72.44   68.62   65.60   62.78   60.29   56.61   52.90  
90.74   92.15   93.60   93.54   90.37   86.04   82.29   78.15   74.72   71.74   70.81   70.76   70.76   70.76   70.76   70.76   69.01   69.99   75.01   75.26   75.49   75.21   74.88   72.71   71.29   70.79   70.56   70.22   71.57   75.26   79.67   84.97   90.28   97.04   95.92   92.42   90.14   92.58   90.86   86.39   82.67   79.28   77.47   73.28   70.29   67.25   64.76   60.62   56.71   52.89  
90.58   92.55   92.49   91.56   89.53   85.81   81.77   78.29   75.08   75.00   75.33   75.49   75.53   75.54   75.53   75.54   75.53   73.78   75.62   80.34   79.95   79.93   77.40   75.96   75.58   75.45   75.20   74.65   73.72   75.32   79.85   84.79   89.10   91.44   97.65   91.48   87.11   86.81   90.17   89.60   86.11   81.10   78.79   75.15   71.87   69.57   64.88   60.72   56.68   52.91  
90.10   85.15   91.69   94.90   91.75   85.57   81.95   78.34   78.07   78.94   79.90   80.47   80.70   80.74   80.76   80.75   80.76   80.73   79.07   82.10   83.39   83.09   81.02   80.77   80.71   80.51   79.94   78.81   77.87   77.71   79.37   83.29   85.69   87.37   90.48   92.96   86.37   84.58   84.95   87.82   87.88   82.32   77.51   76.91   74.70   69.35   65.00   60.65   56.71   52.89  
88.58   83.54   90.30   92.63   90.65   85.83   81.77   79.67   81.09   82.37   83.92   85.33   86.02   86.25   86.27   86.29   86.28   86.29   86.28   86.29   86.28   86.29   86.27   86.27   86.09   85.48   84.13   83.20   83.00   83.07   82.90   82.35   81.24   81.47   83.53   88.77   88.02   81.34   82.54   83.10   82.87   82.50   77.46   73.16   71.97   69.58   64.88   60.72   56.68   52.93  
86.66   86.99   90.77   89.82   90.80   85.44   81.90   80.88   83.46   85.33   87.23   89.28   90.96   91.65   91.87   91.86   91.89   91.86   91.89   91.86   91.89   91.86   91.88   91.72   91.16   89.56   88.59   88.46   88.60   88.43   88.09   85.86   83.61   80.96   80.18   83.01   87.45   83.33   78.04   78.07   78.18   78.00   77.10   72.67   68.74   67.16   64.76   60.62   56.71   53.08  
86.26   88.26   92.14   89.33   87.39   84.82   81.38   81.31   84.65   87.71   89.95   92.23   94.58   96.44   97.10   97.29   97.26   97.31   97.26   97.31   97.26   97.30   97.18   96.73   95.08   92.96   93.83   94.20   93.98   93.91   91.38   89.14   86.72   82.19   77.31   79.66   80.13   84.26   80.28   75.43   73.37   73.35   73.12   71.90   67.92   64.33   62.57   60.27   56.61   54.70  
86.33   90.34   92.48   89.44   86.64   83.41   81.02   81.40   85.04   88.79   92.31   94.76   97.26   99.81   101.83  102.38  102.58  102.49  102.59  102.49  102.58  102.45  102.19  100.59  97.98   97.84   98.65   99.59   99.88   96.91   94.66   92.52   87.72   82.60   77.80   74.87   75.90   77.34   81.54   76.49   72.62   68.88   68.58   68.25   66.83   63.28   60.06   58.30   57.93   57.87  
85.03   85.71   87.84   87.95   85.29   82.57   79.80   81.43   85.10   89.11   93.28   97.24   99.73   102.39  105.10  107.29  107.67  107.90  107.74  107.90  107.73  107.67  106.16  103.32  101.87  102.66  103.62  104.38  104.13  100.22  98.51   93.27   88.00   82.78   78.76   76.51   73.49   74.88   76.64   79.39   74.05   70.28   68.18   66.95   65.44   63.68   62.03   61.56   61.46   61.52  
81.85   81.11   84.04   84.57   83.98   81.57   78.91   81.42   85.12   89.14   93.54   98.08   102.50  104.87  107.68  110.52  112.93  113.06  113.36  113.08  113.27  111.84  108.70  106.71  107.00  107.56  108.37  109.39  106.79  104.74  98.91   93.51   87.99   83.38   80.65   79.31   78.39   76.09   73.58   74.57   76.25   72.52   71.10   69.65   67.97   66.17   65.40   65.28   65.40   65.16  
77.84   80.00   81.86   83.40   81.11   80.13   78.17   81.45   85.11   89.16   93.53   98.31   103.15  107.94  109.95  112.94  115.90  118.62  118.38  118.84  117.52  113.92  111.90  111.10  111.22  112.63  113.02  113.92  111.03  104.56  99.19   93.38   88.33   84.91   83.40   82.55   81.85   80.88   79.52   78.05   76.58   75.20   73.79   72.23   70.36   69.41   69.27   69.49   69.22   68.77  
76.35   78.29   81.18   82.36   80.00   77.65   78.57   81.51   85.13   89.14   93.57   98.24   103.37  108.28  113.77  115.28  118.54  121.51  124.64  123.45  119.25  117.40  115.92  115.47  116.85  116.61  118.41  114.96  108.96  104.99  98.93   93.55   89.33   87.59   86.68   86.06   85.23   83.94   82.46   80.88   79.39   77.93   76.42   74.66   72.52   72.69   73.78   73.38   73.38   69.67  
74.78   77.34   78.54   79.85   81.22   78.33   79.59   81.76   85.14   89.16   93.53   98.32   103.24  108.53  113.65  119.86  120.48  124.23  127.21  126.82  122.96  121.49  120.15  121.30  120.87  122.76  117.99  112.99  109.17  103.47  99.07   93.88   91.96   90.88   90.25   89.52   88.32   86.92   85.33   83.75   82.17   80.62   78.90   76.85   74.49   73.21   77.44   78.29   73.75   71.77  
76.20   76.27   76.25   77.41   78.45   78.82   81.53   82.55   85.28   89.15   93.57   98.24   103.38  108.31  114.05  117.73  123.80  125.11  130.02  128.72  127.04  125.41  125.89  125.53  127.16  121.23  117.04  112.33  107.58  103.29  98.61   96.54   95.23   94.49   93.80   92.62   91.34   89.81   88.25   86.56   84.92   83.14   81.12   78.85   76.27   75.44   78.56   78.42   76.52   72.94  
79.51   79.53   79.55   79.38   79.24   79.85   83.67   84.61   85.75   89.20   93.53   98.32   103.23  108.39  112.48  117.85  120.45  125.31  131.13  132.75  130.85  130.67  129.99  131.76  125.56  121.35  115.78  111.40  107.32  103.68  101.47  99.76   98.86   98.15   96.88   95.69   94.23   92.78   91.09   89.37   87.48   85.38   83.16   80.63   78.32   77.91   80.40   82.03   77.87   74.80  
82.76   82.93   82.92   82.95   82.55   80.81   85.32   87.46   88.03   89.42   93.57   98.21   103.15  107.16  112.09  115.30  120.37  125.15  131.77  135.91  136.14  134.22  136.00  130.05  125.90  120.17  115.60  112.66  109.04  106.77  104.57  103.36  102.65  101.17  100.04  98.59   97.28   95.65   93.97   91.99   89.72   87.45   84.92   82.81   82.55   82.53   83.24   84.74   80.17   77.20  
85.99   86.35   86.42   86.40   86.34   85.48   87.82   90.56   91.23   91.89   93.47   98.01   102.11  106.51  109.94  114.90  119.93  126.17  130.01  141.62  138.72  139.87  133.83  130.33  124.77  120.41  118.44  114.22  112.31  109.68  108.21  107.40  105.61  104.45  102.91  101.73  100.15  98.61   96.64   94.22   91.84   89.16   88.01   88.27   88.07   88.28   88.28   86.95   82.75   79.56  
90.08   90.12   90.21   90.17   89.49   89.91   92.64   93.25   94.55   95.36   95.92   97.12   101.30  104.84  109.56  114.61  120.40  124.89  128.92  133.01  147.36  135.01  133.34  126.08  124.47  124.49  119.56  117.82  114.99  113.41  112.53  110.23  109.04  107.25  106.17  104.57  103.19  101.34  98.84   96.39   93.52   91.31   93.78   93.93   94.32   93.97   93.55   91.60   85.47   81.87  
94.48   94.52   94.48   94.51   93.70   94.30   96.24   96.43   97.15   98.91   99.69   99.93   100.50  104.16  109.28  114.73  118.83  117.61  115.79  105.49  109.83  123.23  121.01  126.84  119.71  124.15  123.76  120.20  118.81  118.05  115.13  113.90  111.73  110.71  108.96  107.73  106.01  103.48  101.09  98.04   95.03   94.68   97.26   100.22  99.96   100.54  98.62   93.45   87.82   84.71  
98.86   98.78   98.86   98.62   97.52   99.69   99.94   100.07  100.28  101.42  103.50  103.98  104.11  104.44  109.18  112.90  112.99  112.37  100.14  92.76   93.55   100.97  117.62  117.09  121.64  118.66  127.26  124.12  123.92  120.25  119.09  116.36  115.44  113.39  112.25  110.65  108.05  105.87  102.70  99.57   96.32   97.79   100.88  103.37  106.92  106.00  101.66  96.17   91.13   85.14  
102.86  103.00  102.86  102.84  100.74  103.68  103.83  103.84  103.86  104.48  105.88  107.96  108.09  108.21  108.05  109.20  110.23  107.94  102.69  110.44  113.82  106.00  107.82  117.86  115.16  118.98  122.86  130.83  125.46  124.69  121.21  120.44  117.95  116.84  115.33  112.51  110.65  107.39  104.28  100.81  97.88   100.47  104.05  107.21  111.22  107.36  102.41  97.89   91.17   85.45  
106.93  106.74  106.96  106.42  103.69  107.26  107.60  107.74  107.66  108.07  108.94  110.10  112.21  111.99  111.73  110.72  113.92  113.67  115.51  113.11  110.61  114.00  112.48  113.92  114.12  118.00  124.01  123.39  130.85  126.22  125.79  122.62  121.55  120.13  116.87  115.44  112.01  109.06  105.42  102.47  99.10   101.83  106.90  110.40  115.14  110.47  102.93  97.15   91.61   85.20  
110.35  110.89  110.59  110.36  107.12  110.78  111.48  111.49  112.03  112.11  112.74  113.18  113.95  116.47  113.77  117.58  119.19  114.15  111.80  114.70  109.37  114.24  118.29  115.59  119.24  118.00  118.98  124.23  124.37  131.63  127.52  126.43  125.22  121.17  120.33  116.53  113.85  110.04  107.25  103.61  100.48  103.43  108.03  113.47  118.08  108.64  103.76  96.83   91.05   85.44  
112.99  114.51  114.98  114.01  112.51  114.54  115.48  115.60  115.67  116.95  117.00  117.32  117.13  117.59  121.68  121.38  114.28  112.40  113.23  120.03  116.58  112.95  120.15  121.91  119.93  121.05  118.59  120.44  125.56  126.34  131.66  130.68  125.37  125.44  120.93  118.67  114.56  112.14  108.25  105.09  101.54  104.68  109.77  114.25  108.55  106.31  101.93  97.11   90.78   85.01  
114.61  117.34  118.83  119.32  119.57  119.59  119.93  119.83  120.25  120.33  122.23  121.92  121.62  122.28  125.67  118.62  115.56  111.01  114.91  121.04  115.29  114.26  115.94  124.00  125.44  123.31  123.07  120.24  121.89  126.01  126.28  130.95  131.00  125.23  123.60  118.92  117.10  112.90  109.89  106.02  103.14  104.09  111.23  106.35  96.93   100.36  99.86   95.66   90.80   84.75  
116.17  119.11  121.81  123.27  123.62  123.96  123.98  124.71  124.58  125.41  125.20  127.49  127.49  129.92  123.08  118.85  113.04  112.67  117.68  122.02  118.22  113.69  116.25  120.45  128.76  126.01  125.63  122.48  121.29  121.91  125.58  126.17  126.33  128.82  123.08  122.15  117.45  114.83  110.59  107.89  103.69  103.82  102.03  99.02   94.35   97.28   94.58   93.33   89.43   84.59  
118.71  120.94  123.66  126.35  127.82  128.05  128.61  128.59  129.85  129.50  130.78  130.95  134.89  126.67  122.40  116.60  112.49  113.19  117.19  118.92  119.63  118.71  115.25  119.77  123.39  131.29  130.13  128.90  124.49  124.21  123.81  121.87  123.82  123.92  127.43  121.80  119.88  115.13  112.86  108.31  103.80  99.58   97.57   94.43   91.21   91.84   90.94   88.62   86.97   83.26  
120.62  124.21  125.69  128.21  130.96  132.51  132.65  133.59  133.35  135.35  133.77  140.05  132.28  127.44  120.31  115.53  112.05  112.42  113.42  115.88  118.72  115.44  115.34  117.81  122.82  125.36  131.41  132.96  128.92  129.41  124.06  121.29  119.60  122.28  122.09  125.09  119.51  118.02  113.06  108.40  103.77  99.35   95.05   89.43   87.41   86.67   85.83   84.78   82.69   80.77  
121.14  126.43  129.90  130.68  132.82  135.71  137.45  137.44  138.89  136.90  144.13  137.43  132.61  125.46  120.22  115.73  113.39  109.73  111.87  113.33  116.00  119.21  114.80  116.57  120.11  123.03  126.92  132.73  135.32  128.21  126.92  122.53  120.86  117.70  119.95  119.78  123.36  117.84  113.16  108.35  103.81  99.32   94.91   87.30   84.60   82.07   81.06   80.07   78.88   76.90  
121.11  126.86  132.37  135.86  135.84  137.39  140.66  142.69  142.38  147.47  141.50  135.84  129.64  124.64  120.43  117.51  113.56  109.45  109.55  111.21  112.35  115.94  115.49  113.08  118.14  121.78  124.83  130.23  133.55  134.67  127.53  127.27  122.69  121.39  116.71  118.05  117.85  117.83  113.04  108.40  103.77  99.34   94.90   90.48   86.38   83.67   81.55   78.76   75.20   73.48  
121.18  126.75  132.64  138.45  142.03  139.07  142.19  145.88  150.89  144.69  141.75  136.06  129.08  124.75  121.20  117.57  113.63  109.39  107.40  108.68  110.58  114.99  112.28  113.67  116.67  119.87  124.25  125.63  129.42  132.31  135.14  128.41  128.27  122.75  120.52  115.53  113.29  113.04  112.48  108.26  103.79  99.32   94.91   90.59   87.50   85.95   84.00   80.99   76.64   71.49  
121.11  126.84  132.45  139.29  144.53  142.35  144.63  146.88  146.12  145.05  138.57  134.57  128.89  125.23  121.34  117.61  113.57  109.44  105.59  106.87  109.19  110.31  112.49  112.86  112.74  118.33  120.09  122.36  124.23  129.08  132.02  137.03  128.56  127.34  121.68  118.98  112.54  108.88  108.28  107.37  103.59  99.31   94.90   91.11   89.82   88.63   86.40   82.58   77.64   71.92  
121.02  125.53  131.00  138.97  145.69  139.52  145.73  153.34  148.01  144.30  139.23  134.16  129.44  125.04  121.22  117.57  113.63  109.39  105.41  105.14  105.67  106.72  106.78  107.06  109.92  113.59  116.37  118.29  121.81  124.55  129.60  131.07  136.69  127.66  126.08  118.68  115.49  109.63  105.71  103.72  102.49  99.03   94.88   93.46   92.65   91.12   87.95   83.57   78.12   72.12  
120.75  125.80  132.88  139.07  139.12  137.73  149.80  152.93  149.37  144.79  138.24  134.26  129.44  125.25  121.36  117.59  113.54  109.43  105.37  102.07  102.70  103.03  104.53  105.26  108.71  110.13  112.60  115.85  118.42  120.72  123.43  129.28  130.18  134.07  125.15  122.62  115.81  111.78  107.78  103.19  100.50  98.44   97.23   96.35   95.20   92.54   88.89   83.99   78.30   72.17  
120.29  126.57  129.26  133.52  132.82  141.19  151.88  148.37  149.89  144.63  137.87  132.71  128.82  126.50  122.71  117.79  113.44  109.29  105.36  101.73  99.08   100.33  101.63  101.98  104.67  108.47  107.75  112.93  115.23  117.74  120.32  122.69  127.00  128.16  129.94  124.04  118.28  114.02  108.46  105.30  102.74  101.30  100.11  99.05   96.49   93.46   89.26   84.14   78.33   72.19  
120.52  123.79  128.69  131.07  136.97  145.36  153.03  148.71  144.80  146.07  139.86  133.83  131.58  128.89  124.23  118.57  113.55  109.08  105.26  101.69  98.28   97.12   97.66   98.91   100.66  102.57  106.62  108.16  112.05  114.41  116.91  119.72  123.12  124.63  124.06  124.87  122.16  114.29  110.72  107.35  105.71  104.11  103.10  100.20  97.45   93.80   89.39   84.15   78.35   72.19  
118.69  124.23  129.08  135.24  139.25  145.98  150.10  149.52  145.44  141.03  143.02  137.07  134.62  130.33  125.18  120.36  115.06  109.69  105.12  101.62  98.18   94.87   94.43   96.04   97.19   100.05  101.26  104.24  107.28  111.54  113.23  116.98  118.86  119.75  120.25  119.93  120.92  118.28  112.42  110.58  108.33  107.55  104.04  101.27  97.77   93.92   89.38   84.17   78.33   72.19  
120.44  124.97  130.66  134.98  141.53  143.95  146.48  147.43  145.89  141.95  137.88  140.17  135.71  131.37  127.24  121.88  116.42  110.66  105.09  101.48  98.06   94.60   91.68   93.05   95.55   97.07   99.77   102.12  105.52  108.81  112.18  114.27  115.79  116.30  115.95  117.16  115.87  120.05  116.28  112.68  112.46  108.14  105.29  101.53  97.89   93.90   89.41   84.15   78.35   72.19  
120.62  127.20  131.08  137.03  139.80  140.25  142.30  142.61  143.27  138.87  134.49  134.23  137.00  133.44  128.62  123.66  117.48  111.33  105.92  101.08  97.76   94.36   90.93   91.75   93.48   96.05   98.90   101.99  106.07  108.55  111.07  113.92  114.40  114.79  112.53  114.98  114.26  114.14  117.82  117.99  112.42  109.66  105.37  101.65  97.85   93.94   89.38   84.17   78.33   72.19  
120.67  127.08  133.99  135.09  134.33  136.48  139.69  138.58  136.98  134.77  132.19  130.82  130.83  135.01  130.69  124.26  118.25  112.52  106.45  100.48  97.10   93.82   90.48   90.29   92.76   95.72   98.80   101.98  105.29  107.95  110.37  112.32  112.76  110.45  110.60  110.71  114.05  112.30  113.19  114.63  114.44  109.42  105.57  101.58  97.90   93.90   89.41   84.15   78.35   72.19  
120.55  126.61  129.13  128.51  129.97  132.59  132.20  132.83  129.92  127.70  127.22  126.02  128.11  127.60  130.95  125.73  119.43  113.17  106.35  100.35  96.04   92.83   89.62   89.69   92.60   95.65   98.85   101.61  105.59  107.14  110.92  112.32  108.83  108.76  107.24  109.85  109.79  109.94  109.88  110.58  113.65  109.81  105.39  101.66  97.85   93.94   89.38   84.17   78.33   72.19  
119.61  121.92  122.17  123.30  125.46  125.50  125.99  126.44  123.37  122.64  121.39  121.60  121.87  124.23  126.14  125.38  121.56  112.89  106.49  100.08  94.78   91.38   88.26   89.52   92.49   95.59   98.62   102.19  104.95  108.62  108.70  107.83  108.32  105.70  106.06  106.32  106.36  106.32  106.52  108.91  108.75  108.83  105.51  101.57  97.90   93.90   89.41   84.15   78.35   72.19  
115.36  117.60  117.96  118.56  118.87  119.30  119.83  120.72  120.40  118.03  116.75  116.10  117.91  119.82  119.42  120.02  118.14  112.08  104.49  99.88   93.95   89.69   86.61   89.33   92.33   95.40   98.87   101.78  105.04  106.51  108.10  105.86  104.73  104.68  102.96  103.00  102.99  103.00  104.61  104.75  104.83  104.74  104.43  101.51  97.83   93.93   89.38   84.17   78.33   72.19  
111.11  111.75  112.29  112.65  113.03  113.55  114.28  114.23  114.36  113.96  112.11  111.78  113.59  113.58  113.91  113.60  113.69  111.07  105.04  98.34   93.53   88.31   86.16   89.07   92.15   95.55   98.55   101.59  103.23  104.57  104.36  104.49  102.66  101.59  101.24  99.85   99.79   100.72  100.93  100.99  100.95  100.99  100.90  100.33  97.62   93.85   89.40   84.15   78.35   72.19  
