#Value Function.
21.1941 21.6237 22.1635 22.7883 23.4960 23.5015 23.5646 23.6741 23.6250 23.6754 23.4619 23.4209 23.2993 23.2420 23.1552 23.1161 23.1395 23.3922 23.3996 23.4238 23.3952 23.3310 23.0549 23.0825 23.0609 23.0809 23.0438 23.0350 22.9917 22.8483 22.6783 22.3823 21.7325 21.0901 20.4661 19.9591 19.5539 19.1800 18.8376 18.4904 18.0972 17.8295 17.7264 17.5653 17.0618 16.4932 15.9567 15.4540 15.0957 14.8633
21.6078 21.8679 22.3128 22.8701 23.5114 24.3516 24.1333 24.1722 24.4727 24.1838 24.1822 24.0339 23.9906 23.8894 23.8550 23.8229 23.8219 23.8516 24.1799 24.1385 24.1399 23.5747 23.7748 23.7917 23.8288 23.7770 23.7764 23.7385 23.6144 23.4184 23.1569 22.4376 21.7791 21.1240 20.6042 20.1986 19.8144 19.4669 19.1203 18.6930 18.4083 18.3281 18.2109 17.6565 17.0586 16.5102 15.9783 15.6060 15.4159 14.9996
22.1568 22.2927 22.5425 23.0124 23.5866 24.1489 24.9264 24.8595 24.8972 24.9650 24.7721 24.7545 24.6310 24.6047 24.5741 24.5270 24.5371 24.5719 24.5584 24.9996 24.1951 24.1994 24.3057 24.5926 24.5172 24.5286 24.4968 24.3717 24.1434 23.9595 23.1446 22.4804 21.7887 21.2562 20.8540 20.4572 20.1038 19.7648 19.2964 18.9846 18.9711 18.5157 18.2574 17.6294 17.0744 16.5096 16.1140 15.9862 15.5111 15.2329
22.7171 22.8745 22.9853 23.2305 23.7317 24.3350 24.8616 25.7043 25.5032 25.5179 25.5455 25.3870 25.3741 25.3471 25.2825 25.3300 25.1415 25.1015 25.3770 24.8322 24.6931 24.7894 24.9674 24.9845 25.3007 25.2753 25.1506 24.9040 24.6182 23.8509 23.2046 22.4674 21.9223 21.5287 21.1161 20.7538 20.4330 19.9147 19.5659 19.5685 18.8662 18.4586 17.9409 17.6268 17.0553 16.6193 16.5920 16.0144 15.8024 15.2530
23.2273 23.4557 23.6045 23.6933 23.9312 24.4707 25.1121 25.5341 26.3216 26.2492 26.1550 26.1655 26.1351 25.9826 26.1670 25.8276 25.8645 25.9391 25.5247 25.3172 25.3059 25.4736 25.5507 25.7516 25.7042 25.9494 25.7035 25.2454 24.5817 23.8618 23.1593 22.6017 22.2243 21.7916 21.4150 21.1289 20.5458 20.1710 19.9955 19.3064 18.9028 18.2814 17.8633 17.3782 17.0202 16.8998 16.3446 16.3975 15.7832 15.2763
23.4421 24.0136 24.2006 24.3568 24.4167 24.6437 25.2295 25.9297 26.2504 26.6652 26.8730 26.9656 26.7624 26.7014 26.5736 26.6656 26.6022 26.2821 26.1128 25.8418 25.9290 26.0927 26.2792 26.3247 26.5900 26.4106 25.8653 25.0040 24.4525 23.8765 23.2934 22.9430 22.4850 22.0835 21.8587 21.1840 20.8159 20.4926 19.7874 19.3316 18.7111 18.4587 17.8064 17.3981 17.2867 16.7404 16.7079 16.1730 15.8198 15.2549
23.6399 24.1874 24.8251 24.9567 25.1348 25.1550 25.3665 26.0074 26.7918 27.0104 27.3082 27.5055 27.4966 27.3755 27.3882 27.2517 27.0705 26.9386 26.6286 26.4691 26.5915 26.7289 26.8980 27.1129 27.1032 26.2525 25.6217 25.0586 24.6463 23.9188 23.6823 23.1992 22.7477 22.6322 21.8212 21.4984 21.0160 20.2999 19.8175 19.1838 18.9837 18.3349 17.9512 17.7227 17.2251 17.2313 16.6013 16.1451 15.6508 15.3137
23.9673 24.3756 24.9364 25.6775 25.7177 25.9439 25.9069 26.0982 26.8025 27.7038 27.8131 27.9636 28.1679 28.1035 27.9866 27.8873 27.7953 27.4457 27.1680 27.1500 27.2880 27.4098 27.5489 27.7206 26.7945 26.2526 25.5835 25.4678 24.6180 24.3050 23.7105 23.4425 22.8898 22.2544 22.1582 21.5136 20.9137 20.3727 19.7660 19.4787 18.8403 18.5441 18.1389 17.7342 17.7294 17.0935 16.6430 16.0660 15.8203 15.7249
24.3408 24.7263 25.1176 25.6933 26.5821 26.4731 26.7928 26.5292 26.8580 27.6091 28.3035 28.6699 28.5827 28.8692 28.5769 28.6864 28.2788 28.0011 27.7374 27.9180 27.9741 28.1305 28.2483 27.3222 26.8265 26.0941 25.9855 25.3038 24.9463 24.2199 24.0273 23.2340 22.7324 22.1731 21.6157 21.5219 20.9302 20.3819 19.9742 19.3087 19.2041 18.5115 18.1478 18.2185 17.5695 17.1270 16.5469 16.3419 16.2760 16.1553
24.7517 25.1090 25.4986 25.8748 26.3552 27.2099 27.2405 27.3359 27.2813 27.5423 28.3502 29.0961 29.4942 29.3201 29.5122 29.0926 28.8668 28.5147 28.6107 28.5572 28.7952 28.8121 27.8632 27.3363 26.6255 26.4970 25.8006 25.5223 24.7937 24.3782 23.6647 23.4221 22.6420 22.1140 21.4917 20.9905 20.8837 20.4786 19.7930 19.5883 18.9157 18.5448 18.5562 17.9116 17.5876 17.0116 16.8796 16.8328 16.7624 16.2637
25.0649 25.5503 25.8842 26.2952 26.6622 27.0716 27.7823 27.9491 28.0788 28.0870 28.3078 29.0309 30.0404 30.2617 29.8546 29.7006 29.3377 29.3519 29.3360 29.5116 29.3366 28.3962 27.8778 27.1795 27.0016 26.4421 26.2267 25.3875 24.7508 24.3559 23.8000 23.0432 22.8493 22.0868 21.6320 20.9194 20.3914 20.3998 19.8147 19.2806 18.9128 18.8777 18.2307 17.9163 17.3577 17.4397 17.3979 17.3936 16.8306 16.2921
25.4124 25.8492 26.3673 26.6730 27.1177 27.4780 27.8424 28.4649 28.4845 28.9662 28.9104 29.0996 29.6619 30.4951 30.5222 30.1755 30.2630 30.0823 30.1557 29.7951 28.9403 28.4053 27.7599 27.4636 27.1183 26.9657 26.0595 25.4123 24.6352 24.0238 23.6422 23.2034 22.4592 22.3668 21.5849 20.9468 20.2786 19.8559 19.8974 19.2113 19.2025 18.5472 18.2298 17.8000 17.8377 17.8153 18.0622 17.3979 16.8601 16.2784
25.9246 26.1902 26.6420 27.2158 27.4714 27.9688 28.3191 28.6537 29.1854 29.1756 29.6839 29.6459 29.9330 30.4242 30.8094 30.8496 30.7590 30.8430 30.3090 29.6919 28.9779 28.2608 27.8871 27.8201 27.2222 26.3857 26.0821 25.2908 24.6278 23.8988 23.3211 23.0353 22.6126 21.8969 21.6111 20.9170 20.2836 19.6805 19.3497 19.5343 18.8806 18.5475 18.3438 18.3179 18.2881 18.4581 17.8152 17.4396 16.8357 16.2926
26.5919 26.7200 26.9752 27.4512 28.1022 28.2728 28.8536 29.1829 29.3625 29.9431 29.9243 30.4309 30.4683 30.8210 31.2962 31.3391 31.3280 30.8965 30.3984 29.8368 28.8796 28.5494 28.3538 27.5452 26.9773 26.3774 25.6441 25.2463 24.5300 23.8687 23.1800 22.6466 22.4055 22.0184 21.2862 20.8978 20.2595 19.7874 20.0066 19.3434 19.0022 18.9318 18.8943 18.7581 18.9549 18.2874 17.8375 17.2595 16.8448 16.2767
27.2691 27.4258 27.5236 27.7770 28.2739 29.0362 29.0662 29.4051 30.0028 30.1499 30.7301 30.7555 31.2069 31.3527 31.6975 31.8676 31.5317 31.2619 30.6668 29.6705 29.0911 28.9063 28.0686 27.4518 26.7395 26.1648 25.5663 24.9011 24.4476 23.7822 23.1321 22.4801 22.0622 21.8716 21.3153 20.6528 20.2155 20.4267 19.7820 19.5900 19.5483 19.5381 19.3382 19.3750 18.7064 18.3120 17.7133 17.2429 16.7300 16.2693
27.3650 28.2033 28.2626 28.3460 28.5962 29.1051 30.0330 29.8634 30.1364 30.7934 31.0007 31.5296 31.6288 31.8338 32.1746 32.1801 32.2394 31.4626 30.4507 29.7313 29.5031 28.5433 28.0033 27.2490 26.6202 25.9481 25.3728 24.7828 24.1639 23.6790 23.0499 22.4164 21.8106 21.5946 21.2191 20.6374 20.8197 20.2204 20.2106 20.1789 20.2107 19.9419 19.8813 19.1911 18.7297 18.1289 17.6982 17.2997 16.7710 16.2052
27.4428 28.2057 29.1812 29.1055 29.1901 29.4340 29.9356 30.7519 30.7096 30.9857 31.5797 31.8983 32.3276 32.5592 32.4828 32.8412 32.2352 31.3162 30.5114 30.1122 29.2365 28.6417 27.7396 27.1482 26.4423 25.8143 25.1726 24.6011 24.0231 23.4372 22.9361 22.3345 21.7217 21.1716 21.1099 20.8699 20.7187 20.5334 20.5303 20.9209 20.5328 20.4514 19.7516 19.2283 18.5970 18.1081 17.9020 17.3471 16.7620 16.2238
27.6102 28.2836 28.9893 29.8703 29.9801 30.0554 30.2934 30.7822 31.4193 31.6062 31.8724 32.3482 32.7337 32.9874 33.3737 32.8611 31.9223 31.2625 30.5352 29.9617 29.2516 28.4714 27.7703 26.9772 26.3276 25.6521 25.0313 24.4139 23.8494 23.2848 22.7236 22.2159 21.6369 21.0486 21.0846 21.0395 21.0895 20.9159 21.2397 21.0156 21.1227 20.3831 19.7915 19.1386 18.6009 18.1811 17.9379 17.3261 16.7769 16.2995
27.7627 28.4711 29.1391 29.8341 30.6364 30.9076 30.9380 31.1766 31.6743 32.1773 32.5658 32.7916 33.2496 33.5282 33.4417 32.4508 31.8616 30.9898 30.5521 29.7454 29.1577 28.4922 27.8160 26.9540 26.2777 25.5419 24.8808 24.2697 23.6725 23.1169 22.5663 22.0246 21.5168 21.5315 21.5100 21.8070 21.4502 21.6216 21.3166 21.7483 20.9940 20.4368 19.7501 19.1544 18.6340 18.4697 17.8116 17.3372 16.8565 16.4240
27.8949 28.6260 29.3461 30.0221 30.7197 31.4249 31.8889 31.8320 32.0828 32.6252 32.9256 33.4583 33.6327 33.9328 32.8630 32.4013 31.5041 31.1295 30.3304 29.6392 28.8872 28.2859 27.6526 27.1180 26.2201 25.5546 24.7821 24.1290 23.5283 22.9486 22.4033 21.9316 22.0584 22.0241 22.2539 22.0141 22.1620 21.7197 21.9970 21.2765 21.0092 20.3469 19.7763 19.2042 18.8388 18.2166 17.8488 17.4201 16.9985 16.4997
27.9623 28.7683 29.4999 30.2457 30.9283 31.6423 32.1788 32.8230 32.7396 33.0088 33.6369 33.7787 34.4713 33.3745 32.8597 31.9532 31.8839 31.0225 30.2057 29.4458 28.7557 28.0438 27.4402 26.9004 26.3717 25.5212 24.8092 24.1569 23.4089 22.8079 22.5199 22.6471 22.6010 22.7910 22.6311 22.7679 22.1741 22.4218 21.6765 21.2728 20.6530 20.3093 19.7031 19.2658 18.6194 18.4558 18.0043 17.5858 17.0647 16.5895
27.9902 28.8325 29.6560 30.3935 31.1716 31.8557 32.6158 33.0388 33.5860 33.6818 33.9321 34.5976 33.8979 33.4008 32.4585 32.4049 31.4306 30.9060 30.1096 29.3195 28.5808 27.8983 27.2174 26.6334 26.2979 25.5746 24.9350 24.1236 23.4396 23.0794 23.2063 23.2216 23.3940 23.2718 23.4112 22.6688 22.8667 22.2279 21.6993 21.0320 20.5845 20.0240 19.8565 19.1563 18.7367 18.5989 18.1930 17.6364 17.1521 16.7375
27.9986 28.8588 29.7142 30.5697 31.3058 32.1264 32.7998 33.6436 33.9695 34.4072 34.6315 34.5187 33.8614 33.1819 33.1021 32.1522 31.4290 30.5534 29.9720 29.2176 28.4546 27.7358 27.0647 26.4107 25.8708 25.7428 24.8670 24.1634 23.6030 23.7726 23.7965 23.9584 23.9301 24.0758 23.2992 23.0867 22.8292 22.1632 21.5478 21.0061 20.3918 20.2843 19.6153 19.1909 18.9876 18.8233 18.2203 17.7195 17.3237 16.8138
28.0270 28.8619 29.7400 30.6172 31.5119 32.2343 33.1146 33.7530 34.7266 34.9466 35.2212 34.8769 34.1107 33.8687 33.0800 32.1599 31.3033 30.4996 29.6838 29.0704 28.3473 27.6106 26.9111 26.2849 25.6573 25.1377 24.8871 24.2825 24.2269 24.2782 24.5523 24.5207 24.7532 23.9457 23.6418 23.2048 22.4446 22.0854 21.4736 20.9424 20.9054 20.2217 19.6907 19.4693 19.4920 18.8157 18.2963 17.9239 17.3929 16.8592
28.0804 28.8913 29.7360 30.6449 31.5407 32.4864 33.1747 34.1438 34.7042 35.8251 35.6693 35.0861 34.5441 34.0141 33.1139 32.2631 31.2565 30.3933 29.5996 28.8266 28.1973 27.5731 27.1008 26.4461 25.8764 25.5201 25.0095 24.6728 24.7328 25.0159 25.0028 25.3711 24.5233 24.1169 23.5634 22.9389 22.4554 21.8005 21.5556 21.4812 20.7569 20.3018 20.0260 20.1306 19.4195 18.8806 18.5471 17.9786 17.4411 16.8705
28.0875 28.9564 29.7660 30.6312 31.5750 32.4828 33.4992 34.1192 35.2267 35.6124 35.8558 35.2544 34.7739 34.0878 33.2574 32.1794 31.3054 30.3628 29.5996 28.8871 28.3937 27.9638 27.2572 26.6450 26.3380 25.7838 25.3158 25.1767 25.4738 25.4689 25.8452 24.9941 24.5402 23.9691 23.3830 22.8305 22.4413 22.2330 22.0622 21.3408 20.9446 20.6180 20.7174 19.9972 19.4696 19.1983 18.5750 18.0333 17.4474 16.8817
28.1002 28.9545 29.8478 30.6608 31.5477 32.5326 33.4401 34.5597 35.0608 35.3620 35.3378 35.3917 34.4202 33.9390 33.1018 32.2618 31.2564 30.4962 29.7380 29.2462 28.8627 28.0901 27.4178 27.1903 26.5790 26.0589 25.9405 25.9601 25.8945 26.3200 25.4624 25.0066 24.3533 23.7907 23.2316 23.1277 22.9555 22.6385 21.9759 21.6192 21.2304 21.3026 20.5680 20.0405 19.8843 19.1790 18.6434 18.0316 17.4619 16.8776
28.0908 28.9729 29.8308 30.7670 31.5753 32.4853 33.5212 34.2138 34.5412 34.7299 34.9831 34.7947 34.7540 33.6890 33.1136 32.1582 31.4237 30.6052 30.1113 29.8014 28.9423 28.2203 27.7141 27.3955 26.8108 26.7215 26.7805 26.6708 26.6358 25.9889 25.4835 24.8483 24.3854 23.8820 23.6548 23.3456 23.2110 22.6175 22.3269 21.8537 21.9007 21.1558 20.6114 20.2692 19.6769 19.2742 18.6282 18.0523 17.4526 16.8901
28.1005 28.9564 29.8599 30.7249 31.7176 32.5014 33.4020 33.7545 33.9753 34.4947 34.2432 34.4827 34.1618 34.1092 33.0310 32.3887 31.4882 30.9837 30.7893 29.8066 29.0746 28.4124 28.1500 27.5688 27.5184 27.6387 27.4377 26.9962 26.6836 25.8918 25.5294 25.0448 24.4957 24.3047 23.9191 23.7828 23.2825 23.0760 22.4848 22.5115 21.7617 21.2495 20.7040 20.2732 19.9461 19.2357 18.6602 18.0348 17.4676 16.9092
28.0908 28.9729 29.8315 30.7735 31.6342 32.7055 32.9180 33.1972 33.5815 33.5556 33.9225 33.9947 34.0335 33.4812 33.4310 32.3818 31.8912 31.4799 30.6756 29.9584 29.2259 28.8798 28.2117 28.1115 28.4650 28.2258 27.4710 27.2852 26.5838 26.2808 25.6173 25.2014 24.8871 24.6418 24.3807 23.8933 23.8530 23.0683 23.1305 22.3141 21.9520 21.2900 20.8095 20.2937 19.8022 19.2879 18.6297 18.0540 17.4898 16.9157
28.1004 28.9563 29.8591 30.7184 31.6591 31.9711 32.2710 32.8266 32.7492 33.0623 33.1214 33.8329 33.8432 33.4479 32.9419 32.8903 32.0935 31.5737 30.8755 30.0736 29.5858 29.0305 28.6644 29.0445 28.6705 27.9501 27.6873 26.8853 26.7444 25.9065 25.5656 25.1680 24.9897 24.5468 24.2110 24.1724 23.4061 23.4087 22.6790 22.4138 21.8453 21.2937 20.8280 20.3521 19.6780 19.1935 18.6556 18.0807 17.4879 16.9653
28.0904 28.9705 29.8142 30.6630 31.0398 31.3740 31.9641 31.8394 32.0801 32.2234 32.8401 32.9629 33.3311 33.9048 33.1477 32.8380 32.1761 31.8293 30.9420 30.4279 29.7776 29.4167 29.3392 29.0485 28.2144 27.7831 27.1608 26.8050 26.1426 25.8708 25.2377 24.8122 24.4906 24.2214 23.8653 23.5444 23.3648 22.8262 22.9270 22.1842 21.7071 21.1631 20.6340 20.1744 19.8505 19.1595 18.6894 18.0651 17.5510 16.9832
28.0952 28.9263 29.7083 30.1269 30.4873 31.0843 30.9937 31.1381 31.3355 31.9020 32.4164 32.3799 32.8829 33.2064 33.9354 33.0849 32.5001 31.8395 31.1860 30.6089 30.3048 29.8391 29.3835 28.5942 28.1289 27.4097 26.9354 26.3724 25.9680 25.3917 25.0526 24.4888 24.0690 23.7495 23.4711 23.1354 22.8355 22.6111 22.4277 22.4175 21.6589 21.1478 20.5120 19.9907 19.5609 19.3343 18.6514 18.1512 17.5478 17.1050
28.0471 28.7889 29.2337 29.6106 30.1355 30.4348 30.2465 30.4599 31.0008 31.7846 31.5151 31.9115 32.2955 33.0552 32.9036 33.4724 32.8108 31.9480 31.3529 30.9295 30.3658 29.9002 29.3969 28.5205 27.7787 27.2653 26.6117 26.1184 25.7584 25.1875 24.6469 24.4298 23.7865 23.3471 23.0259 22.7427 22.4242 22.1372 21.9270 22.0443 21.8583 21.1135 20.6155 19.9619 19.4800 19.0368 18.7758 18.1142 17.6873 17.2555
27.8906 28.3607 28.7470 29.2167 29.4955 29.4429 29.6022 30.1271 30.9253 30.7748 30.9827 31.4083 32.2012 32.2901 33.0677 32.8051 32.7730 32.1848 31.6553 31.0005 30.4602 29.7440 29.0308 28.4860 27.6804 26.9733 26.4346 25.8258 25.3493 25.1226 24.4442 23.9360 23.7832 23.2191 22.6734 22.3235 22.0353 21.7306 21.4566 21.3213 21.6102 21.3115 20.5867 20.1355 19.5163 19.1146 18.5013 18.2769 17.8719 17.2126
27.4981 27.8984 28.3259 28.5899 28.5998 28.7714 29.2860 30.0856 29.9346 30.1034 30.5527 31.3937 31.6490 32.3539 32.3028 32.5898 32.3626 32.0486 31.5755 31.0194 30.3488 29.5561 28.8631 28.1866 27.6107 26.9088 26.3701 25.7656 25.2402 24.6636 24.4836 23.7402 23.2488 23.1668 22.7625 22.0350 21.6431 21.3481 21.0546 20.8940 20.8519 20.8966 20.8222 20.1206 19.7761 19.1166 18.5209 17.9506 17.6693 17.2535
27.0567 27.4613 27.7148 27.7733 27.9725 28.5198 29.2555 29.1181 29.2945 29.8524 30.6115 31.0958 31.7115 31.6026 32.3562 32.0745 31.8093 31.9462 31.5444 30.9614 30.1992 29.6192 28.9934 28.3094 27.7134 27.1980 26.5536 26.0358 25.4307 24.8823 24.2885 23.8732 23.3740 23.0377 22.4955 22.2839 21.5292 20.9964 20.6819 20.4072 20.2506 20.2064 20.2502 20.4713 19.7379 19.1390 18.5078 17.9242 17.3969 17.0746
26.6117 26.8679 26.9675 27.2147 27.8916 28.3993 28.3089 28.5134 29.3854 29.8341 30.4319 31.1424 30.8140 31.5267 31.5263 31.5210 31.3162 30.9807 31.3495 31.1137 30.3701 29.8873 29.1649 28.5491 28.0577 27.3541 26.8579 26.2136 25.6686 25.0427 24.5046 24.0931 23.8111 23.1254 22.6633 22.1184 21.6628 21.1199 20.6058 20.1650 19.7891 19.6242 19.7906 19.7395 19.7341 19.1119 18.5203 17.9127 17.3457 16.8429
26.0383 26.1852 26.5009 27.3380 27.5085 27.5055 27.7322 28.4734 29.0013 29.8378 30.3250 30.2053 30.8294 30.8163 30.8964 31.1963 30.8261 30.5741 30.3814 30.7533 30.8758 30.0461 29.3976 28.9535 28.1619 27.7109 27.0095 26.4806 25.8145 25.2578 24.8268 24.6639 23.8444 23.3970 22.8243 22.3479 21.7995 21.2614 20.8374 20.2636 19.7142 19.2022 19.1208 19.1506 19.1144 19.0379 18.4930 17.9179 17.3319 16.7772
25.4208 25.8462 26.7185 26.6854 26.7134 26.9562 27.6050 28.1704 28.9328 29.5396 29.3951 29.8798 30.1123 30.1893 30.3502 30.3657 30.6615 30.0129 29.8680 29.9819 30.2429 30.2731 29.8955 28.9684 28.6027 27.8139 27.3223 26.6015 26.0408 25.5082 25.3968 24.5561 23.9683 23.5450 23.0671 22.5307 21.9266 21.5347 20.9193 20.3655 19.7589 19.2549 18.6910 18.5311 18.5320 18.4962 18.3742 17.8847 17.3306 16.7593
25.0929 25.8170 25.8929 25.9383 26.1894 26.7714 27.3511 28.0775 28.7592 28.6165 28.9925 29.3977 29.4923 29.5537 29.8700 29.8229 29.6825 29.9263 29.5034 29.3098 29.3836 29.5357 29.5375 29.5456 28.6185 28.2006 27.3993 26.8576 26.2126 26.1304 25.2734 24.6935 24.3255 23.7401 23.2697 22.5892 22.2869 21.5857 21.0385 20.3894 19.8996 19.2980 18.8190 18.2710 17.9699 17.9335 17.8888 17.7376 17.2891 16.7518
24.9569 25.1099 25.1807 25.4347 25.9682 26.5577 27.3071 27.9776 27.8471 28.1559 28.6833 28.8086 28.8906 29.0482 28.9747 29.2932 29.2540 28.9856 29.0558 28.7757 28.8561 28.7762 28.8828 29.0467 29.1264 28.2005 27.7126 26.9498 26.8482 26.0141 25.4501 24.9884 24.4604 23.8085 23.1667 23.0606 22.2564 21.7246 21.0265 20.5696 19.9137 19.4531 18.8727 18.3672 17.8483 17.4324 17.3540 17.2948 17.1243 16.7014
24.3324 24.4390 24.6941 25.1927 25.7963 26.6535 27.1582 27.0775 27.3629 27.9715 28.1301 28.2163 28.1700 28.1538 28.3899 28.4165 28.6091 28.8209 28.3832 28.2768 28.1539 28.0333 28.2343 28.3437 28.6270 28.6167 27.6933 27.5724 26.7778 26.2382 25.6967 25.2005 24.5605 23.8852 23.1942 22.5806 22.4551 21.6829 21.1541 20.5333 20.1115 19.4858 18.9811 18.4424 17.9413 17.4601 16.9948 16.8015 16.7165 16.5261
23.7044 23.9733 24.4832 25.1114 25.9712 26.2896 26.3175 26.6211 27.2512 27.4191 27.6282 27.3439 27.3674 27.5267 27.6125 27.8333 27.9980 27.8439 27.9270 27.5813 27.5375 27.3930 27.5539 27.7480 27.8011 28.3162 28.1444 27.5592 27.0384 26.4802 25.9081 25.2156 24.5941 23.9194 23.2920 22.7258 22.0033 21.8697 21.2078 20.6177 20.1074 19.6140 19.0506 18.5391 18.0465 17.5657 17.1277 16.6121 16.2770 16.1496
23.2598 23.7663 24.4261 25.2777 25.4753 25.5805 25.9553 26.4744 26.6545 27.2041 26.7482 26.7654 26.7099 26.8849 27.1668 27.2496 27.1703 27.3808 27.0587 27.0520 26.7845 26.9947 26.9199 27.0135 27.4093 27.4057 28.0083 27.6455 27.0089 26.5266 25.9399 25.3426 24.5345 24.0371 23.4761 22.6807 22.1166 21.5078 21.3039 20.6689 20.2688 19.6723 19.1521 18.6489 18.1486 17.7180 17.1828 16.6199 16.0861 15.7543
23.0479 23.7095 24.5350 24.7111 24.8665 25.4610 25.6627 25.9216 26.5156 26.3069 26.3299 25.9889 26.2699 26.4258 26.4260 26.4141 26.8036 26.4932 26.5184 26.2763 26.2152 26.1334 26.2313 26.5514 26.6424 27.0976 27.0892 27.3892 27.1234 26.2589 25.7531 25.2524 24.8365 23.9877 23.3188 22.8287 22.2138 21.4783 21.0579 20.6973 20.0517 19.7809 19.2689 18.7419 18.3274 17.7684 17.1846 16.6239 16.0714 15.5646
22.9797 23.6927 24.0041 24.1672 24.6470 24.8980 25.1957 25.9176 25.6487 25.6872 25.5358 25.6279 25.6172 25.6332 25.6559 25.9447 25.8992 25.9534 25.7270 25.6945 25.5008 25.4617 25.7309 25.8749 26.2373 26.3055 26.5280 26.4924 26.7278 26.2726 25.5043 25.0736 24.5203 24.0355 23.2655 22.6199 22.1214 21.7849 21.0163 20.5440 20.0440 19.5213 19.3432 18.9583 18.3689 17.7627 17.1900 16.6209 16.0724 15.5327
22.9114 23.2554 23.4587 23.8708 24.1486 24.4655 25.0439 25.0324 25.0784 24.8917 24.9955 24.8489 24.8607 24.9041 25.1254 25.1263 25.1590 25.1273 25.1400 24.9662 24.9013 24.9406 25.1126 25.4153 25.5264 25.7043 25.7206 25.8912 25.8568 26.1437 25.4691 24.7770 24.5750 23.8072 23.2706 22.5571 21.9346 21.4513 21.0586 20.4810 20.1852 19.4676 18.9527 18.9838 18.3539 17.7714 17.1850 16.6239 16.0706 15.5298
22.5178 22.7573 23.1240 23.4155 23.7389 24.2187 24.2800 24.3371 24.4806 24.3126 24.1654 24.2117 24.1628 24.3383 24.3658 24.3886 24.3702 24.3887 24.3681 24.3564 24.2164 24.3610 24.6240 24.7582 24.9104 24.9569 25.0898 25.1052 25.3124 25.2543 25.2697 24.6841 24.0730 23.7682 23.0939 22.5346 21.8640 21.2654 20.7901 20.3766 19.8609 19.5010 18.8611 18.4040 18.3078 17.7559 17.1893 16.6209 16.0723 15.5283
22.0525 22.3940 22.6905 23.0128 23.4235 23.5295 23.5914 23.6995 23.6362 23.6968 23.5599 23.4385 23.5698 23.6121 23.6313 23.6211 23.6319 23.6211 23.6316 23.6159 23.6191 23.8503 23.9960 24.1331 24.1972 24.3077 24.3513 24.5080 24.4905 24.5245 24.4858 24.4287 23.9116 23.3583 22.9924 22.3798 21.8150 21.1791 20.6034 20.1346 19.7131 19.2365 18.8411 18.2627 17.8422 17.6624 17.1622 16.6154 16.0643 15.5251
