#Value Function.
14.35   14.97   15.05   14.88   14.60   14.29   13.98   13.78   13.76   13.85   13.76   13.19   12.67   11.91   11.18   10.93   11.18   11.50   11.78   11.98   12.08   12.08   12.01   11.89   11.73   11.61   11.75   11.95   12.14   12.29   12.49   12.57   12.66   12.44   12.22   11.77   11.27   10.87   10.39   9.85    9.31    8.74    8.20    7.56    6.87    6.21    5.57    4.94    4.33    3.73   
15.27   15.88   15.93   15.72   15.43   15.11   14.77   14.42   14.25   13.97   13.79   13.54   13.02   12.26   11.53   11.62   11.95   12.30   12.59   12.80   12.90   12.91   12.83   12.69   12.53   12.37   12.40   12.47   12.51   12.65   12.88   13.11   13.24   13.12   12.93   12.40   12.01   11.52   10.96   10.41   9.81    9.28    8.61    7.90    7.23    6.56    5.92    5.29    4.68    4.08   
16.22   16.82   16.82   16.58   16.27   15.94   15.59   15.18   14.78   14.30   13.82   13.60   13.11   12.58   12.08   12.36   12.75   13.12   13.42   13.64   13.74   13.75   13.66   13.52   13.34   13.16   13.08   12.99   13.03   13.02   13.26   13.66   13.83   13.67   13.39   13.05   12.68   12.09   11.54   10.90   10.39   9.69    8.96    8.26    7.57    6.91    6.26    5.63    5.02    4.42   
17.19   17.79   17.73   17.47   17.14   16.80   16.38   15.86   15.24   14.51   13.88   13.42   13.15   12.69   12.76   13.16   13.57   13.96   14.28   14.50   14.61   14.61   14.52   14.37   14.19   13.98   13.77   13.67   13.57   13.52   13.79   14.26   14.30   14.11   13.81   13.47   13.10   12.71   12.01   11.54   10.80   10.04   9.31    8.60    7.91    7.24    6.60    5.97    5.35    4.75   
18.21   18.79   18.67   18.38   18.04   17.61   17.08   16.45   15.69   14.88   14.08   13.46   13.02   13.12   13.53   13.99   14.43   14.83   15.16   15.39   15.51   15.50   15.41   15.25   15.05   14.84   14.61   14.39   14.28   14.19   14.32   14.76   14.78   14.56   14.24   13.89   13.51   13.13   12.73   11.94   11.14   10.39   9.65    8.94    8.24    7.58    6.92    6.29    5.68    5.08   
19.26   19.83   19.64   19.31   18.87   18.33   17.69   16.90   16.06   15.22   14.42   13.66   13.52   13.90   14.37   14.85   15.31   15.72   16.07   16.31   16.43   16.42   16.32   16.15   15.95   15.73   15.49   15.24   15.00   14.89   14.86   15.28   15.27   15.03   14.69   14.32   13.94   13.54   13.10   12.28   11.50   10.73   9.99    9.27    8.58    7.90    7.25    6.61    6.00    5.40   
20.34   20.92   20.62   20.17   19.62   18.96   18.15   17.27   16.40   15.57   14.75   14.03   14.27   14.74   15.24   15.74   16.21   16.65   17.01   17.26   17.38   17.37   17.26   17.08   16.87   16.64   16.39   16.14   15.88   15.63   15.54   15.81   15.78   15.51   15.15   14.76   14.37   13.92   13.43   12.63   11.83   11.07   10.32   9.60    8.90    8.22    7.56    6.93    6.31    5.71   
21.29   21.77   21.50   20.93   20.26   19.42   18.51   17.61   16.75   15.91   15.09   14.73   15.10   15.61   16.14   16.65   17.14   17.59   17.97   18.24   18.36   18.34   18.22   18.04   17.82   17.58   17.33   17.06   16.79   16.51   16.26   16.34   16.30   16.00   15.62   15.22   14.77   14.24   13.47   12.93   12.17   11.40   10.66   9.93    9.23    8.54    7.88    7.24    6.62    6.01   
22.03   22.63   22.14   21.61   20.73   19.79   18.86   17.96   17.09   16.25   15.42   15.50   15.97   16.52   17.06   17.59   18.10   18.57   18.97   19.24   19.37   19.34   19.21   19.02   18.79   18.55   18.29   18.02   17.73   17.44   17.14   16.85   16.84   16.50   16.10   15.64   15.10   14.30   13.73   13.02   12.44   11.72   10.98   10.25   9.54    8.86    8.19    7.54    6.92    6.31   
22.48   22.99   22.76   21.94   21.10   20.13   19.21   18.30   17.43   16.58   15.97   16.33   16.88   17.45   18.02   18.56   19.09   19.58   19.99   20.28   20.41   20.38   20.24   20.03   19.80   19.54   19.28   19.00   18.71   18.40   18.09   17.76   17.41   17.00   16.53   15.97   15.33   14.63   13.87   13.23   12.56   11.98   11.28   10.56   9.86    9.17    8.50    7.85    7.22    6.73   
22.81   23.15   23.04   22.32   21.43   20.48   19.54   18.64   17.76   16.91   16.73   17.23   17.82   18.42   19.00   19.56   20.10   20.61   21.04   21.35   21.48   21.44   21.29   21.08   20.83   20.57   20.29   20.00   19.71   19.39   19.07   18.71   18.30   17.81   17.25   16.59   15.86   15.08   14.26   13.42   12.76   12.12   11.53   10.86   10.16   9.47    8.80    8.15    7.70    7.32   
22.98   23.20   23.20   22.60   21.79   20.81   19.88   18.97   18.09   17.23   17.56   18.17   18.80   19.41   20.01   20.59   21.15   21.68   22.13   22.45   22.58   22.54   22.37   22.15   21.89   21.62   21.34   21.04   20.74   20.41   20.05   19.63   19.13   18.56   17.88   17.13   16.33   15.48   14.62   13.77   12.96   12.31   11.68   11.09   10.44   9.77    9.10    8.60    8.31    7.95   
22.91   23.18   22.81   22.71   21.94   21.13   20.20   19.30   18.41   17.82   18.48   19.15   19.80   20.43   21.05   21.64   22.22   22.77   23.25   23.58   23.72   23.67   23.49   23.25   22.99   22.71   22.42   22.11   21.80   21.43   20.99   20.49   19.90   19.20   18.43   17.61   16.74   15.84   14.96   14.11   13.29   12.51   11.86   11.25   10.67   10.04   9.46    9.22    8.96    8.60   
22.39   22.65   22.70   22.31   22.00   21.30   20.50   19.61   18.73   18.60   19.43   20.16   20.83   21.48   22.11   22.73   23.33   23.90   24.40   24.75   24.89   24.83   24.64   24.39   24.12   23.83   23.53   23.21   22.84   22.39   21.88   21.27   20.56   19.76   18.92   18.02   17.10   16.19   15.31   14.45   13.62   12.82   12.07   11.43   10.83   10.26   10.08   9.89    9.62    9.27   
21.76   22.01   22.01   22.00   21.67   21.32   20.66   19.89   19.03   19.36   20.30   21.14   21.90   22.56   23.22   23.85   24.47   25.06   25.59   25.96   26.10   26.02   25.82   25.56   25.27   24.98   24.67   24.28   23.82   23.30   22.69   21.95   21.13   20.26   19.34   18.40   17.45   16.54   15.65   14.79   13.95   13.14   12.36   11.64   11.01   10.89   10.77   10.57   10.31   9.96   
21.02   21.26   21.36   21.37   21.33   21.03   20.66   20.04   19.29   20.03   21.07   22.04   22.91   23.68   24.35   25.00   25.64   26.26   26.81   27.20   27.35   27.26   27.03   26.76   26.47   26.16   25.77   25.29   24.77   24.14   23.37   22.53   21.64   20.70   19.72   18.75   17.80   16.88   15.99   15.12   14.28   13.46   12.68   11.92   11.63   11.60   11.49   11.28   11.01   10.66  
20.29   20.54   20.65   20.73   20.74   20.68   20.41   20.03   19.44   20.61   21.76   22.83   23.83   24.71   25.51   26.18   26.85   27.48   28.07   28.49   28.63   28.52   28.28   28.00   27.70   27.29   26.80   26.26   25.63   24.84   23.97   23.06   22.08   21.08   20.09   19.10   18.15   17.22   16.32   15.45   14.60   13.78   12.99   12.29   12.33   12.35   12.23   12.01   11.74   11.39  
19.59   19.84   19.96   20.05   20.12   20.13   20.05   19.80   19.79   21.11   22.36   23.54   24.64   25.67   26.57   27.38   28.06   28.75   29.37   29.81   29.96   29.83   29.57   29.27   28.85   28.35   27.80   27.17   26.34   25.45   24.51   23.51   22.48   21.46   20.43   19.45   18.48   17.55   16.65   15.77   14.92   14.10   13.30   12.96   13.09   13.12   12.99   12.77   12.48   12.13  
18.90   19.16   19.29   19.38   19.46   19.52   19.53   19.44   20.16   21.51   22.87   24.15   25.36   26.48   27.55   28.46   29.31   29.99   30.70   31.18   31.33   31.17   30.89   30.46   29.93   29.38   28.74   27.87   26.96   26.00   24.97   23.91   22.86   21.81   20.78   19.78   18.82   17.88   16.98   16.10   15.24   14.41   13.61   13.67   13.89   13.92   13.77   13.54   13.25   12.90  
18.24   18.50   18.63   18.73   18.81   18.89   18.94   19.24   20.50   21.89   23.27   24.68   25.99   27.23   28.38   29.49   30.41   31.30   31.95   32.46   32.61   32.42   32.11   31.56   30.99   30.37   29.45   28.51   27.54   26.47   25.37   24.31   23.22   22.15   21.12   20.12   19.15   18.21   17.30   16.41   15.56   14.72   14.17   14.45   14.71   14.74   14.58   14.33   14.03   13.69  
17.60   17.85   18.00   18.09   18.17   18.26   18.43   19.52   20.85   22.23   23.66   25.08   26.53   27.87   29.15   30.32   31.48   32.26   32.93   33.48   33.64   33.41   33.08   32.64   32.04   31.06   30.09   29.11   28.01   26.87   25.79   24.67   23.56   22.50   21.46   20.46   19.48   18.54   17.62   16.73   15.87   15.03   14.87   15.26   15.57   15.59   15.41   15.15   14.84   14.50  
16.97   17.23   17.38   17.48   17.57   17.73   18.57   19.85   21.19   22.58   24.01   25.48   26.92   28.44   29.80   31.13   32.17   33.14   33.94   34.54   34.70   34.42   33.97   33.35   32.70   31.72   30.73   29.59   28.41   27.31   26.15   25.01   23.91   22.84   21.80   20.79   19.81   18.86   17.94   17.04   16.17   15.33   15.63   16.11   16.45   16.46   16.27   15.99   15.67   15.33  
16.36   16.63   16.78   16.89   17.03   17.68   18.87   20.18   21.53   22.92   24.36   25.83   27.35   28.81   30.41   31.64   32.77   33.84   34.85   35.51   35.66   35.35   34.69   34.04   33.25   32.39   31.21   29.98   28.87   27.68   26.49   25.36   24.25   23.17   22.13   21.12   20.13   19.18   18.25   17.35   16.48   16.00   16.46   17.00   17.37   17.37   17.15   16.85   16.53   16.18  
15.77   16.04   16.20   16.35   16.82   17.93   19.19   20.51   21.87   23.26   24.70   26.18   27.69   29.27   30.74   32.03   33.31   34.45   35.41   36.22   36.37   35.91   35.41   34.59   33.71   32.74   31.58   30.48   29.24   28.02   26.85   25.69   24.59   23.50   22.46   21.44   20.45   19.49   18.56   17.66   16.78   16.74   17.32   17.91   18.33   18.29   18.05   17.74   17.40   17.01  
15.20   15.47   15.66   16.00   17.01   18.23   19.52   20.84   22.20   23.60   25.04   26.52   28.05   29.61   31.10   32.36   33.68   34.88   35.93   36.54   36.70   36.43   35.83   35.07   34.05   33.09   32.13   30.85   29.58   28.37   27.18   26.04   24.91   23.83   22.78   21.76   20.76   19.80   18.87   17.96   17.08   17.53   18.22   18.85   19.32   19.25   18.98   18.65   18.28   17.71  
14.65   14.93   15.21   16.13   17.30   18.54   19.83   21.16   22.53   23.93   25.37   26.86   28.39   29.96   31.43   32.72   34.01   35.27   36.22   36.69   36.85   36.72   36.22   35.40   34.42   33.43   32.49   31.19   29.94   28.71   27.52   26.37   25.25   24.16   23.10   22.07   21.08   20.11   19.17   18.26   17.49   18.38   19.15   19.82   20.35   20.24   19.93   19.57   18.97   18.37  
14.12   14.46   15.27   16.39   17.60   18.85   20.15   21.48   22.85   24.26   25.71   27.19   28.72   30.28   31.78   33.05   34.36   35.40   36.15   36.68   36.84   36.64   36.36   35.64   34.73   33.78   32.60   31.51   30.27   29.05   27.85   26.70   25.57   24.48   23.41   22.38   21.38   20.41   19.47   18.55   18.15   19.10   20.02   20.80   21.30   21.25   20.91   20.26   19.67   18.89  
13.71   14.45   15.50   16.68   17.90   19.16   20.46   21.79   23.17   24.58   26.03   27.52   29.03   30.51   32.10   33.34   34.38   35.24   35.98   36.29   36.44   36.48   36.08   35.65   34.95   34.08   32.91   31.67   30.57   29.38   28.19   27.02   25.89   24.79   23.73   22.69   21.69   20.71   19.76   18.84   18.55   19.81   20.75   21.57   22.12   22.02   21.56   21.00   20.18   19.36  
13.65   14.64   15.78   16.97   18.20   19.46   20.77   22.10   23.48   24.90   26.34   27.82   29.27   30.78   32.14   33.37   34.22   34.93   35.37   35.63   35.79   35.87   35.76   35.40   34.95   34.06   33.07   31.94   30.75   29.66   28.50   27.34   26.21   25.11   24.04   23.00   21.99   21.01   20.06   19.13   19.00   20.16   21.25   22.21   22.82   22.69   22.11   21.50   20.67   19.84  
13.81   14.90   16.06   17.26   18.49   19.76   21.07   22.41   23.79   25.20   26.63   28.05   29.51   30.83   32.02   33.00   33.90   34.35   34.62   34.86   35.02   35.12   35.18   35.06   34.73   33.93   33.05   32.08   30.99   29.85   28.77   27.64   26.52   25.42   24.34   23.30   22.28   21.30   20.34   19.42   19.34   20.52   21.59   22.58   23.14   23.09   22.63   21.85   21.18   20.16  
14.05   15.18   16.34   17.55   18.79   20.06   21.37   22.71   24.08   25.48   26.87   28.27   29.56   30.71   31.68   32.53   33.13   33.63   33.88   34.11   34.27   34.37   34.46   34.28   34.04   33.67   32.93   32.08   31.13   30.07   28.97   27.90   26.81   25.72   24.64   23.60   22.58   21.59   20.63   19.70   19.69   20.85   21.94   22.84   23.28   23.20   22.78   22.30   21.47   20.55  
14.31   15.45   16.63   17.83   19.07   20.35   21.66   23.00   24.35   25.71   27.06   28.31   29.44   30.38   31.20   31.80   32.28   32.56   32.89   33.11   33.26   33.39   33.49   33.44   33.28   33.03   32.64   31.95   31.12   30.19   29.17   28.11   27.06   26.00   24.94   23.89   22.87   21.88   20.91   19.98   20.01   21.18   22.19   22.98   23.31   23.33   22.90   22.37   21.75   20.84  
14.58   15.73   16.90   18.11   19.36   20.63   21.93   23.25   24.57   25.88   27.10   28.19   29.12   29.91   30.51   30.97   31.27   31.57   31.79   32.00   32.15   32.29   32.41   32.50   32.46   32.30   32.05   31.65   30.99   30.19   29.29   28.29   27.26   26.24   25.21   24.17   23.15   22.16   21.19   20.25   20.21   21.30   22.17   22.65   22.93   23.00   22.86   22.46   21.73   21.08  
14.84   16.00   17.18   18.39   19.63   20.90   22.18   23.47   24.74   25.92   26.98   27.89   28.66   29.24   29.69   30.00   30.29   30.52   30.73   30.92   31.08   31.21   31.34   31.46   31.53   31.49   31.34   31.09   30.69   30.06   29.28   28.40   27.44   26.44   25.44   24.44   23.43   22.44   21.47   20.52   20.31   21.16   21.87   22.18   22.54   22.52   22.55   22.19   21.77   21.10  
15.11   16.26   17.44   18.66   19.89   21.14   22.39   23.62   24.77   25.80   26.69   27.43   28.01   28.45   28.76   29.04   29.27   29.49   29.69   29.88   30.03   30.16   30.29   30.42   30.53   30.59   30.55   30.41   30.16   29.76   29.15   28.40   27.54   26.61   25.64   24.67   23.68   22.70   21.74   20.79   20.18   20.84   21.21   21.65   21.91   21.99   21.88   21.86   21.54   21.11  
15.56   16.70   17.79   18.91   20.12   21.34   22.53   23.65   24.65   25.52   26.24   26.81   27.24   27.56   27.83   28.05   28.27   28.49   28.69   28.87   29.02   29.15   29.27   29.40   29.52   29.63   29.68   29.64   29.50   29.25   28.85   28.26   27.53   26.70   25.80   24.86   23.91   22.95   22.00   21.06   20.17   20.25   20.65   20.93   21.16   21.27   21.34   21.26   21.19   20.89  
15.99   17.17   18.34   19.46   20.57   21.70   22.77   23.64   24.38   25.08   25.64   26.06   26.38   26.64   26.87   27.10   27.31   27.52   27.71   27.88   28.03   28.16   28.28   28.40   28.53   28.64   28.74   28.79   28.75   28.61   28.36   27.97   27.40   26.69   25.88   25.01   24.09   23.17   22.24   21.31   20.40   19.70   19.97   20.23   20.45   20.56   20.65   20.70   20.64   20.54  
16.41   17.61   18.82   20.03   21.03   22.06   22.89   23.49   24.05   24.49   24.91   25.23   25.49   25.72   25.95   26.16   26.37   26.57   26.76   26.93   27.07   27.20   27.32   27.44   27.56   27.68   27.79   27.88   27.92   27.88   27.74   27.50   27.11   26.55   25.87   25.09   24.24   23.35   22.45   21.54   20.64   19.77   19.38   19.55   19.75   19.87   19.96   20.04   20.08   20.02  
16.78   18.05   19.27   20.38   21.37   22.29   22.78   23.30   23.60   23.79   24.10   24.36   24.60   24.83   25.05   25.26   25.46   25.65   25.83   26.00   26.14   26.26   26.38   26.50   26.61   26.73   26.85   26.95   27.04   27.08   27.03   26.90   26.65   26.27   25.73   25.07   24.31   23.48   22.62   21.74   20.86   19.98   19.20   18.95   19.09   19.20   19.29   19.37   19.45   19.48  
17.12   18.43   19.73   20.71   21.69   22.22   22.69   22.88   23.02   23.01   23.27   23.51   23.74   23.96   24.18   24.38   24.58   24.76   24.94   25.10   25.23   25.36   25.47   25.58   25.70   25.81   25.92   26.04   26.14   26.22   26.25   26.21   26.07   25.83   25.46   24.93   24.29   23.55   22.75   21.91   21.06   20.20   19.36   18.65   18.48   18.56   18.64   18.72   18.80   18.87  
17.48   18.75   19.95   20.99   21.66   22.11   22.41   22.48   22.46   22.42   22.47   22.68   22.91   23.12   23.33   23.53   23.72   23.90   24.07   24.22   24.35   24.47   24.59   24.70   24.81   24.92   25.03   25.14   25.25   25.35   25.42   25.45   25.40   25.27   25.03   24.66   24.16   23.53   22.82   22.04   21.22   20.39   19.55   18.75   18.12   17.95   18.01   18.09   18.17   18.24  
17.78   18.97   20.19   20.97   21.42   21.73   22.00   22.08   22.02   21.89   21.85   21.90   22.10   22.30   22.50   22.70   22.88   23.06   23.22   23.37   23.50   23.62   23.73   23.84   23.94   24.05   24.16   24.26   24.37   24.48   24.57   24.64   24.67   24.62   24.49   24.35   24.00   23.51   23.01   22.23   21.46   20.56   19.74   18.93   18.16   17.60   17.44   17.48   17.55   17.62  
18.00   19.15   19.95   20.63   21.06   21.35   21.48   21.55   21.61   21.55   21.45   21.41   21.34   21.51   21.70   21.89   22.07   22.24   22.40   22.54   22.67   22.79   22.89   23.00   23.10   23.21   23.31   23.42   23.52   23.63   23.73   23.82   23.88   24.23   24.21   24.10   23.83   23.48   23.13   22.63   21.89   21.12   20.19   19.31   18.40   17.60   17.08   16.93   16.96   17.02  
18.14   18.95   19.60   20.05   20.44   20.71   20.95   21.04   21.11   21.27   21.23   21.14   20.88   20.78   20.93   21.11   21.28   21.45   21.60   21.74   21.86   21.98   22.08   22.18   22.29   22.39   22.49   22.59   22.69   22.79   22.90   23.00   23.27   23.74   23.83   23.82   23.70   23.45   23.12   22.76   22.26   21.56   20.66   19.73   18.74   17.82   17.06   16.58   16.43   16.45  
17.96   18.60   19.06   19.43   19.71   19.97   20.30   20.44   20.75   20.90   20.95   20.92   20.60   20.25   20.20   20.35   20.52   20.68   20.83   20.96   21.08   21.19   21.29   21.39   21.49   21.59   21.69   21.79   21.89   21.99   22.10   22.27   23.00   23.30   23.40   23.46   23.44   23.32   23.08   22.76   22.40   21.90   21.10   20.07   19.10   18.14   17.25   16.53   16.09   15.94  
17.63   18.08   18.45   18.73   18.99   19.30   19.56   19.76   20.24   20.53   20.61   20.64   20.37   19.95   19.64   19.63   19.78   19.93   20.07   20.20   20.32   20.43   20.53   20.63   20.72   20.82   20.91   21.01   21.11   21.21   21.37   21.94   22.59   22.87   22.99   23.04   23.09   23.07   22.95   22.72   22.41   22.05   21.43   20.43   19.43   18.48   17.55   16.70   16.02   15.60  
17.13   17.50   17.78   18.04   18.33   18.59   18.86   19.23   19.54   19.91   20.22   20.09   19.97   19.70   19.32   19.04   19.07   19.20   19.34   19.47   19.58   19.69   19.79   19.88   19.97   20.07   20.16   20.25   20.35   20.49   20.91   21.50   21.85   22.41   22.57   22.64   22.58   22.72   22.70   22.59   22.36   21.95   21.36   20.71   19.78   18.81   17.88   16.98   16.16   15.52  
16.56   16.85   17.11   17.38   17.65   17.92   18.26   18.58   18.92   19.22   19.46   19.55   19.45   19.32   19.06   18.71   18.46   18.51   18.63   18.75   18.87   18.97   19.06   19.16   19.25   19.34   19.43   19.52   19.64   19.92   20.46   20.84   21.33   21.62   21.88   21.98   22.14   22.07   22.22   22.22   22.00   21.76   21.25   20.68   20.02   19.13   18.20   17.30   16.43   15.64  
15.93   16.21   16.47   16.73   17.00   17.31   17.63   17.96   18.25   18.51   18.73   18.83   18.90   18.82   18.68   18.43   18.11   17.90   17.95   18.06   18.17   18.27   18.36   18.45   18.54   18.63   18.72   18.81   18.97   19.44   19.84   20.29   20.59   20.85   21.08   21.20   21.34   21.43   21.44   21.52   21.50   21.31   21.05   20.57   20.01   19.35   18.51   17.61   16.73   15.88  
15.31   15.58   15.83   16.09   16.39   16.70   17.01   17.30   17.56   17.81   18.02   18.13   18.21   18.27   18.19   18.05   17.82   17.53   17.33   17.39   17.49   17.58   17.67   17.76   17.85   17.93   18.02   18.14   18.46   18.86   19.28   19.58   19.83   20.08   20.30   20.43   20.56   20.66   20.74   20.77   20.83   20.80   20.62   20.35   19.90   19.35   18.70   17.89   17.02   16.16  
