#Value_Function_Estimate.
50.10   51.02   52.17   52.82   52.73   52.87   52.71   52.73   52.53   52.52   52.58   52.82   53.12   53.14   53.19   53.14   53.18   53.11   52.85   52.51   52.19   51.97   51.83   51.70   51.33   51.10   51.00   50.91   50.76   50.53   49.89   49.35   50.10   51.61   52.64   53.51   53.97   53.93   54.00   55.07   56.58   56.59   56.71   56.26   56.23   55.97   55.83   55.33   54.66   53.49  
50.81   51.57   52.52   53.79   54.49   54.23   54.32   54.05   54.09   53.93   53.77   54.14   54.36   54.72   54.68   54.75   54.67   54.55   54.05   53.71   53.50   53.36   53.28   52.84   52.61   52.52   52.45   52.29   52.11   51.38   50.83   50.34   50.75   51.79   53.21   54.21   55.14   55.60   55.48   55.41   56.61   58.41   57.79   57.87   57.54   57.48   56.94   56.32   55.09   53.68  
51.61   52.28   53.06   54.02   55.45   55.94   55.56   55.67   55.49   55.33   55.18   55.19   55.75   55.91   56.36   56.24   56.24   55.28   55.27   55.05   54.91   54.89   54.37   54.15   54.07   54.01   53.86   53.53   52.99   52.41   51.91   51.54   51.16   51.88   52.60   53.70   55.21   57.13   56.57   56.57   56.89   57.87   59.56   59.11   59.17   58.55   58.00   56.70   55.22   54.02  
52.15   53.13   53.78   54.57   55.52   57.01   57.30   57.07   56.91   56.73   56.85   56.27   56.53   57.44   57.46   58.05   56.42   56.24   56.55   56.44   56.56   55.91   55.70   55.64   55.59   55.46   55.12   54.58   53.96   53.41   53.09   52.81   52.26   51.67   53.22   54.14   55.43   56.35   58.33   57.14   57.93   58.44   59.36   60.91   60.15   59.74   58.35   56.77   55.61   54.30  
52.06   53.72   54.70   55.28   56.12   57.03   57.55   58.50   58.34   58.26   57.73   57.64   57.88   57.94   59.23   57.79   57.51   57.93   57.79   58.26   57.45   57.27   57.23   57.20   57.07   56.74   56.17   55.51   54.94   54.63   54.38   53.86   52.77   51.77   53.19   54.88   55.64   57.04   56.97   58.71   58.05   59.53   60.01   60.86   61.55   60.01   58.31   57.23   55.85   54.79  
52.29   53.41   54.73   55.99   56.92   57.62   58.39   58.30   59.32   59.42   58.97   58.42   58.96   59.76   59.20   59.01   59.21   59.04   59.54   58.95   58.84   58.82   58.80   58.69   58.37   57.78   57.09   56.48   56.18   55.97   55.49   54.35   52.93   52.03   53.29   54.72   56.60   55.76   57.38   57.31   58.63   58.99   60.34   60.61   61.34   59.84   58.90   57.39   56.44   54.88  
52.68   53.77   54.91   56.12   57.31   58.42   59.26   59.71   59.73   60.11   59.65   60.22   60.37   60.41   60.41   60.41   60.38   60.77   60.46   60.42   60.41   60.40   60.31   60.01   59.42   58.70   58.03   57.75   57.57   57.15   55.95   54.49   52.92   51.95   53.62   54.81   54.93   56.06   56.19   57.11   57.47   58.60   59.06   59.71   60.18   60.68   58.91   58.14   56.46   54.92  
53.10   54.17   55.28   56.46   57.69   58.93   60.11   60.97   61.40   61.38   61.48   61.47   61.90   61.99   62.00   62.00   62.00   62.00   62.00   62.00   61.99   61.92   61.66   61.07   60.34   59.60   59.34   59.19   58.86   57.55   56.06   54.46   52.88   52.58   53.16   53.56   55.05   54.93   55.96   55.97   56.91   57.46   58.09   59.13   59.85   59.14   59.90   58.05   56.51   54.89  
53.52   54.59   55.69   56.83   58.02   59.32   60.63   61.88   62.72   63.10   62.99   63.15   63.16   63.54   63.59   63.60   63.59   63.60   63.59   63.60   63.55   63.33   62.74   62.03   61.19   60.97   60.85   60.64   59.18   57.65   56.03   54.35   52.79   51.66   52.16   53.67   53.78   54.75   54.50   55.28   55.88   56.53   57.49   58.27   58.94   58.22   58.06   58.04   56.45   54.92  
53.96   55.01   56.11   57.24   58.40   59.63   61.01   62.39   63.71   64.53   64.87   64.63   64.88   64.93   65.23   65.25   65.27   65.25   65.27   65.22   65.04   64.43   63.76   62.80   62.65   62.52   62.50   60.84   59.27   57.63   55.88   54.48   52.97   51.46   52.34   52.84   53.54   53.10   53.69   54.31   54.99   55.95   57.12   58.48   57.23   57.23   56.67   56.48   56.27   54.85  
54.41   55.46   56.54   57.67   58.81   60.01   61.29   62.77   64.20   65.59   66.39   66.74   66.47   66.63   66.81   67.03   67.01   67.04   66.99   66.87   66.18   65.56   64.50   63.85   63.83   64.45   62.52   60.94   59.23   57.66   56.06   54.52   52.97   51.62   51.68   52.38   51.88   52.15   52.77   53.46   54.47   56.17   57.12   56.54   56.70   55.76   55.59   55.12   54.89   54.55  
54.84   55.92   56.99   58.10   59.25   60.42   61.67   63.02   64.58   66.04   67.53   68.32   68.60   68.24   68.48   68.73   68.80   68.77   68.71   67.97   67.46   66.30   65.13   64.62   65.70   63.83   62.65   60.86   59.27   57.63   56.08   54.51   52.97   51.45   51.31   50.73   50.79   51.24   51.96   52.97   54.50   55.48   55.27   55.44   55.45   55.05   54.26   53.99   53.57   53.32  
55.24   56.35   57.46   58.56   59.68   60.86   62.08   63.41   64.80   66.45   67.91   69.52   70.34   70.54   70.46   70.64   70.69   70.64   69.75   69.33   68.17   66.89   66.12   66.39   64.56   63.84   62.19   60.90   59.22   57.66   56.06   54.52   52.96   51.29   50.07   49.76   49.76   50.47   51.48   52.87   53.82   54.12   54.32   53.87   53.88   54.25   53.50   52.76   52.43   52.04  
55.62   56.76   57.90   59.04   60.15   61.29   62.51   63.80   65.20   66.62   68.35   69.76   71.53   72.56   72.71   72.63   72.69   71.63   71.35   70.07   68.69   67.89   67.37   65.48   64.54   63.58   62.12   60.54   59.21   57.62   56.08   54.50   52.83   51.44   50.25   50.06   50.22   50.43   51.27   52.20   52.60   53.13   53.10   53.23   52.63   52.56   53.14   52.04   51.27   50.89  
55.98   57.13   58.31   59.48   60.64   61.76   62.94   64.23   65.58   67.05   68.45   70.29   71.72   73.52   74.53   74.71   73.41   73.43   72.03   70.46   69.54   68.28   67.07   65.58   65.41   63.49   61.91   60.43   58.92   57.57   56.05   54.41   52.94   51.61   51.16   51.39   51.54   51.69   51.84   51.76   51.84   51.77   52.15   51.89   52.10   51.88   51.85   52.36   51.81   51.54  
56.31   57.50   58.68   59.90   61.09   62.26   63.41   64.66   66.02   67.41   68.96   70.42   72.20   73.55   75.61   75.15   74.40   72.76   72.00   70.79   69.45   68.20   66.84   66.31   64.37   63.60   61.85   60.24   58.77   57.33   55.98   54.47   53.03   51.99   52.42   52.66   52.90   53.04   53.19   53.37   53.23   53.27   53.13   53.28   53.39   53.25   53.40   53.28   53.05   52.70  
56.52   57.85   59.06   60.27   61.51   62.71   63.93   65.12   66.45   67.89   69.52   70.84   72.30   74.17   75.01   74.98   74.29   72.49   71.29   70.07   69.13   68.27   66.70   65.55   64.71   63.53   61.89   60.18   58.60   57.17   55.77   54.47   53.25   52.72   53.55   53.95   54.18   54.43   54.56   54.71   54.95   54.72   54.91   54.91   54.81   54.96   54.82   54.60   54.20   54.04  
56.62   58.06   59.43   60.66   61.87   63.15   64.38   65.66   66.89   68.48   69.74   71.49   72.70   74.28   74.01   73.43   74.14   72.78   71.29   69.89   68.31   67.32   67.41   65.45   64.04   62.99   61.78   60.19   58.54   57.18   55.96   54.71   53.49   53.46   54.23   55.14   55.50   55.70   55.99   56.10   56.24   56.56   56.52   56.59   56.52   56.55   56.18   55.70   55.58   55.38  
56.70   58.14   59.64   61.05   62.27   63.50   64.83   66.10   67.47   68.70   70.43   71.60   73.79   72.66   72.70   73.51   72.22   73.29   71.38   70.11   68.43   67.30   65.72   65.83   63.94   62.70   61.33   60.06   58.74   57.50   56.19   54.94   53.86   54.35   54.98   55.75   56.78   57.08   57.26   57.59   57.66   57.79   58.19   58.07   58.19   57.75   57.46   57.16   56.94   56.76  
56.78   58.22   59.71   61.26   62.69   63.91   65.16   66.58   67.89   69.35   70.53   72.69   71.57   71.55   71.79   71.83   72.41   71.24   72.13   70.21   69.29   67.34   66.54   64.89   64.45   62.67   61.59   60.34   59.10   57.71   56.41   55.24   54.88   55.35   55.89   56.52   57.31   58.49   58.68   58.83   59.24   59.24   59.36   59.88   59.34   59.06   58.74   58.52   58.37   58.05  
56.96   58.30   59.79   61.30   62.90   64.37   65.57   66.88   68.40   69.74   71.50   70.46   70.51   70.38   70.19   70.51   70.74   71.98   70.26   71.36   69.21   68.52   66.55   65.65   64.16   63.28   61.97   60.75   59.26   57.90   56.73   55.58   55.91   56.48   56.92   57.47   58.09   58.85   60.25   60.27   60.41   60.92   60.83   60.92   60.68   60.34   60.12   60.00   59.63   59.42  
57.19   58.48   59.84   61.39   62.91   64.57   66.09   67.29   68.67   70.38   69.36   69.43   69.70   68.61   68.79   69.30   70.05   70.16   71.30   69.43   70.59   68.41   67.54   65.78   64.82   63.62   62.45   60.83   59.43   58.23   57.10   55.75   56.44   57.63   58.13   58.52   59.05   59.65   60.35   62.06   61.82   61.75   62.64   61.88   61.93   61.69   61.63   61.20   61.03   60.64  
57.33   58.73   60.04   61.42   63.02   64.54   66.27   67.89   69.08   68.34   68.30   68.35   67.61   67.42   67.69   68.16   68.79   69.63   69.34   70.11   68.88   69.52   67.65   66.57   65.34   63.93   62.44   60.99   59.76   58.66   57.20   56.32   56.94   58.11   59.39   59.78   60.09   60.61   61.20   61.74   62.91   63.42   63.13   63.58   63.01   63.26   62.73   62.63   62.19   61.88  
57.62   58.83   60.33   61.63   63.02   64.69   66.19   68.04   67.15   67.17   67.52   66.53   66.10   65.85   66.54   67.29   67.97   67.55   68.07   68.05   68.84   67.66   68.39   67.10   65.64   64.09   62.58   61.33   60.27   58.72   57.24   57.86   57.94   58.55   59.77   61.17   61.40   61.63   62.15   62.76   63.15   63.83   64.84   64.39   64.70   64.22   64.24   63.74   63.44   63.13  
57.65   59.20   60.36   61.97   63.24   64.62   66.41   66.11   66.14   66.55   65.50   65.32   64.80   65.40   65.74   66.30   65.83   66.14   66.54   68.00   67.02   66.83   66.51   67.39   65.78   64.21   62.92   61.94   60.27   58.76   57.22   57.87   59.80   59.50   60.15   61.40   62.95   62.97   63.15   63.67   64.38   64.71   65.18   66.16   65.63   65.97   65.35   65.07   64.78   64.19  
57.69   59.18   60.84   61.89   63.66   64.87   64.58   64.97   65.45   64.81   64.44   63.87   63.58   64.22   64.45   64.06   64.25   65.18   66.24   66.12   66.73   65.33   65.53   65.43   65.55   64.53   63.68   61.84   60.33   58.73   57.24   57.99   59.08   60.92   61.08   61.71   62.98   64.77   64.24   64.69   65.25   66.11   66.37   66.76   67.48   66.99   66.75   66.51   65.85   65.30  
57.66   59.24   60.73   62.55   63.14   63.07   63.61   64.25   64.63   63.55   63.16   62.77   62.71   62.86   62.30   62.61   63.69   64.34   64.54   66.27   65.33   64.88   63.77   63.84   63.77   63.74   62.87   61.93   60.27   58.76   57.22   57.45   59.14   60.35   62.20   62.70   63.22   64.24   65.93   65.68   66.33   66.94   67.97   68.09   68.47   68.51   68.34   67.57   67.14   65.80  
57.69   59.17   60.79   61.45   61.51   61.98   63.44   63.36   62.80   62.83   61.97   61.39   61.43   60.87   61.33   62.08   62.57   63.00   64.81   64.49   66.01   64.17   63.14   62.23   62.19   62.13   62.00   61.23   60.25   58.72   57.24   57.39   58.72   60.44   61.74   63.57   64.33   64.73   65.40   67.02   67.26   68.08   68.64   69.88   69.81   70.22   69.27   69.04   67.57   66.20  
57.64   59.10   59.80   59.97   60.45   61.54   62.07   61.50   61.61   61.23   61.00   60.27   59.80   60.03   60.32   60.86   61.45   62.95   63.77   64.67   64.86   64.75   62.88   61.50   60.71   60.58   60.51   60.33   59.62   58.63   57.20   57.06   58.70   60.11   61.84   63.04   64.77   65.69   66.31   66.82   68.41   68.99   69.93   70.35   71.92   70.95   71.04   69.33   68.04   66.12  
57.48   58.19   58.46   58.99   60.27   60.45   60.46   60.40   59.96   59.91   59.50   59.27   58.84   58.69   59.22   59.91   61.42   62.33   63.52   64.45   64.71   63.40   63.18   61.30   59.94   59.20   59.03   58.93   58.70   58.03   57.06   57.01   58.64   60.13   61.71   63.13   64.60   66.26   66.82   68.02   68.29   69.91   70.29   71.63   71.98   73.13   71.07   69.57   67.85   66.23  
56.63   56.97   57.55   58.87   59.13   59.39   58.94   58.85   58.71   58.36   58.25   57.83   57.68   57.72   59.09   60.25   61.45   62.26   64.09   64.10   63.21   62.95   62.11   61.45   59.70   58.42   57.72   57.51   57.39   57.13   56.49   57.25   58.62   60.36   61.60   63.41   64.58   65.50   66.99   67.66   69.76   69.40   71.23   71.44   73.20   72.25   71.41   69.30   67.76   66.09  
55.52   56.13   57.33   58.19   58.53   57.76   57.85   57.41   57.33   57.22   56.88   56.71   56.35   57.81   59.18   60.82   61.55   63.34   63.43   63.17   63.17   61.75   61.24   60.89   59.76   58.19   56.95   56.28   56.02   55.87   55.77   57.46   58.94   60.26   62.12   62.98   64.01   65.59   66.79   68.71   68.19   69.65   71.05   73.11   71.31   71.45   70.49   69.45   67.57   65.98  
54.72   55.88   57.40   57.49   56.89   56.90   56.27   56.28   56.07   56.09   55.73   55.41   56.57   58.02   59.46   60.77   62.66   62.11   63.43   62.53   61.64   61.55   60.20   59.66   59.79   58.16   56.66   55.50   54.84   54.56   55.85   57.39   59.17   60.65   61.77   63.41   64.46   65.55   67.26   67.22   68.25   69.82   71.52   71.07   71.50   70.32   69.75   68.68   67.58   65.82  
54.43   55.82   56.68   55.99   55.92   55.67   55.36   54.85   55.57   54.69   54.58   55.45   56.78   58.25   59.66   61.14   61.25   62.82   62.85   61.62   60.83   60.26   59.79   58.62   58.09   58.01   56.56   55.14   54.04   54.66   55.99   57.48   59.02   60.92   61.86   63.52   65.11   66.07   66.23   66.98   68.59   70.01   69.63   70.82   69.79   70.16   68.65   67.91   66.89   65.74  
54.26   55.07   55.00   55.09   54.57   54.43   54.18   54.95   53.98   53.98   54.44   55.48   57.13   58.43   59.96   60.69   62.60   62.34   61.56   61.25   60.21   59.47   59.27   58.13   57.03   56.55   56.29   54.99   53.62   54.82   56.27   57.58   59.14   60.35   62.10   63.50   65.16   65.30   66.04   67.39   68.68   68.41   69.90   68.98   69.94   68.31   68.22   66.98   66.16   65.13  
53.50   53.54   53.60   53.54   53.55   53.13   53.37   53.22   53.34   53.41   54.60   56.06   57.13   58.94   60.10   61.78   61.62   60.95   60.59   60.11   59.73   58.81   57.91   57.46   56.43   55.40   54.97   54.59   53.80   55.13   56.37   57.90   59.18   60.63   61.98   63.82   64.33   64.85   66.47   67.67   67.02   68.63   67.99   68.03   68.02   68.48   66.70   66.36   65.31   64.43  
52.08   52.13   52.10   52.13   52.09   52.04   52.29   51.95   52.49   53.35   55.00   56.14   58.00   58.62   60.47   60.67   60.85   60.22   59.37   58.82   58.40   57.93   57.75   56.27   55.65   54.62   53.80   53.37   54.07   55.35   56.72   57.94   59.59   60.80   62.33   63.37   64.15   65.89   65.96   65.97   67.28   67.26   66.86   66.35   67.09   67.14   66.43   65.09   64.60   63.66  
50.68   50.66   50.68   50.66   50.69   51.29   50.77   51.14   52.41   54.08   54.66   56.27   57.34   58.97   59.60   59.15   59.03   59.86   59.54   57.82   57.16   56.72   56.28   55.93   54.64   53.85   52.88   52.94   54.27   55.64   56.91   58.36   59.52   61.34   62.42   62.96   64.67   64.43   64.79   66.35   66.36   65.66   65.52   65.54   66.22   65.83   65.96   64.62   63.48   62.87  
49.23   49.25   49.25   49.38   50.27   49.76   49.85   51.00   52.49   53.32   54.69   55.96   57.41   58.23   58.32   58.22   57.99   57.97   58.57   57.75   56.25   55.53   55.07   54.64   54.16   52.97   52.04   53.01   54.49   55.82   57.24   58.47   60.05   60.96   62.43   63.72   63.16   64.21   65.93   65.19   64.75   64.62   64.06   64.80   65.61   64.93   64.18   64.11   62.91   61.85  
47.84   47.87   48.10   49.19   48.73   48.79   49.65   51.01   52.15   53.51   54.84   56.27   56.70   56.74   56.68   57.41   56.90   56.83   56.73   57.11   56.10   54.73   53.97   53.48   53.04   52.47   51.93   53.33   54.50   56.09   57.37   58.88   60.02   61.12   62.61   62.14   63.13   64.88   64.18   64.22   63.60   63.19   63.03   64.49   63.71   63.81   63.01   62.46   62.27   61.19  
46.51   46.82   47.91   47.63   47.73   48.61   49.87   50.97   52.36   53.61   55.04   55.44   55.38   55.19   55.77   55.94   55.93   55.38   55.48   55.43   56.25   54.57   53.26   52.48   51.96   51.50   52.20   53.39   54.91   56.00   57.73   58.91   59.96   61.72   61.16   62.11   63.88   63.13   63.16   62.63   62.53   61.99   63.21   62.74   62.74   62.43   61.84   61.21   60.74   60.42  
45.52   46.43   46.62   46.51   47.52   48.61   50.00   51.28   52.35   53.87   53.98   53.87   53.90   54.18   54.41   54.60   55.14   54.42   53.98   54.60   54.50   54.50   53.07   51.83   51.03   51.14   52.24   53.75   54.86   56.55   57.42   58.79   60.61   60.06   61.13   62.90   62.12   62.15   61.58   61.48   60.98   62.02   61.44   61.40   61.12   61.10   60.51   59.99   59.45   58.99  
44.92   45.23   45.37   46.47   47.55   48.94   49.93   51.41   52.73   52.86   52.46   52.48   52.69   52.92   53.15   53.67   53.53   54.00   53.02   53.03   53.09   53.02   52.85   51.62   50.46   51.21   52.65   53.69   55.36   56.31   58.05   58.94   59.78   60.01   61.07   61.06   61.16   60.58   60.47   60.01   61.47   60.39   60.30   59.80   60.12   59.58   59.30   58.69   58.31   57.78  
43.91   44.43   45.52   46.54   47.92   48.88   50.38   51.24   51.83   51.38   51.38   51.26   51.49   51.74   52.22   52.65   52.65   52.44   52.86   51.77   51.62   51.64   51.58   51.30   50.26   51.75   52.60   54.23   54.86   56.39   57.36   58.21   58.77   59.42   59.47   59.54   59.48   59.48   59.18   60.79   59.67   59.71   58.89   58.63   58.56   58.46   57.95   57.49   57.11   56.72  
43.08   44.30   45.55   47.01   47.88   49.38   49.87   50.73   50.30   50.37   50.04   50.10   50.38   50.87   51.62   51.25   51.40   51.39   51.30   51.56   50.66   50.28   50.24   50.16   50.31   51.66   53.32   53.47   54.80   55.80   56.69   57.93   58.04   57.89   57.94   57.91   57.94   57.90   59.38   59.02   58.93   58.19   58.04   57.37   57.86   57.13   56.81   56.36   55.94   55.56  
42.87   44.25   45.79   46.95   48.51   48.59   49.47   49.17   49.28   48.97   48.96   49.04   49.60   50.63   50.11   50.16   50.20   50.04   50.12   50.01   50.15   49.66   48.99   49.07   50.25   51.69   52.12   53.26   54.27   55.18   56.25   56.46   56.40   56.45   56.36   56.40   56.54   58.02   57.71   58.34   57.52   57.29   56.68   56.43   56.18   57.30   55.73   55.20   54.82   54.41  
42.82   44.36   45.68   47.29   47.29   48.02   48.27   48.07   47.83   47.86   47.74   48.33   49.79   49.12   49.16   48.88   49.07   48.82   48.68   48.74   48.65   48.81   48.26   48.90   50.17   50.76   51.78   52.77   53.68   54.63   54.90   54.88   54.92   54.88   54.91   55.21   56.69   56.34   56.69   56.58   56.66   56.02   55.71   55.22   55.68   55.34   55.49   54.27   53.70   53.30  
42.87   44.28   45.86   46.01   46.64   47.27   46.74   46.82   46.65   46.46   47.01   48.19   48.18   48.28   47.78   47.72   48.11   47.68   47.43   47.35   48.13   47.36   47.63   48.74   49.42   50.36   51.31   52.21   53.06   53.37   53.39   53.41   53.40   53.45   53.85   55.35   55.01   55.11   55.07   55.13   55.07   55.05   54.52   54.17   54.04   54.52   53.86   53.79   52.82   52.22  
42.79   44.05   44.77   45.29   46.39   45.71   45.76   45.35   45.36   45.63   46.61   46.74   46.81   46.75   46.76   46.60   46.48   46.59   46.25   46.57   46.49   46.58   47.36   48.09   48.97   49.90   50.76   51.54   51.88   51.93   51.95   51.95   52.03   52.48   53.72   54.31   53.85   53.58   53.62   53.58   53.62   53.57   53.50   53.04   52.93   53.37   52.92   52.45   52.23   51.38  
42.52   43.28   43.86   44.76   44.71   44.81   44.30   44.24   44.23   45.04   45.25   45.31   45.28   45.31   45.27   45.26   45.12   45.03   45.07   45.07   45.23   46.04   46.79   47.63   48.52   49.36   50.08   50.43   50.50   50.52   50.54   50.65   51.12   52.18   52.80   53.10   52.82   52.40   52.15   52.15   52.13   52.14   52.10   51.99   51.61   51.88   51.60   51.20   51.00   50.71  
