#Value Function.
45.1869 45.2084 45.4162 45.4753 45.9681 45.8720 46.5271 46.7482 47.2136 48.9379 49.9894 50.4031 50.4717 50.4035 50.4674 50.4364 50.5128 50.6426 51.4602 58.6027 61.6897 64.4055 64.9752 66.8626 68.8436 69.8611 70.1449 70.1102 70.4360 72.7399 73.5882 74.1293 74.0460 74.9367 75.1634 75.3027 75.4139 75.4866 75.4281 75.4994 75.4870 75.6010 75.7911 75.8168 75.7484 75.8200 75.8192 75.8369 75.8219 75.8308
45.2118 46.3870 46.6434 46.6180 47.2590 46.9688 47.7956 47.9184 48.2368 50.2411 51.2876 51.6590 51.6973 51.5902 51.6870 51.6266 51.7103 51.7468 51.7445 60.3807 62.9239 65.8765 65.9019 67.8928 69.5448 70.5289 71.2350 71.1760 71.3093 74.1307 74.8206 75.4128 75.0996 76.2292 76.3729 76.5036 76.6163 76.7025 76.6062 76.7084 76.6655 76.7822 77.0072 77.0227 76.9204 77.0228 77.0088 77.0339 77.0153 75.9401
45.4461 46.6846 47.5105 47.7251 47.9217 48.4088 48.1584 48.9290 48.9295 49.0496 51.4660 52.4118 52.7481 52.7643 52.6563 52.7672 52.8029 52.7882 52.8186 52.8049 52.8660 65.1318 67.1382 68.2996 69.3788 70.3568 71.3820 72.2633 72.8432 74.2296 75.1932 75.8656 76.5824 77.0509 77.2823 77.4159 77.5488 77.6623 77.7710 77.6833 77.8049 78.0162 78.0648 78.0362 78.0753 78.0369 78.0744 78.0533 78.0401 76.8571
45.4538 46.6540 47.7731 48.6451 48.7670 48.9323 49.5730 49.0454 50.1158 50.1179 50.2718 52.7057 53.5242 53.8370 53.8282 53.8623 53.8304 53.8751 53.8376 53.9080 53.9217 53.9744 66.8158 68.1572 69.2790 70.3337 71.2936 72.3823 73.3023 73.7442 75.3370 76.2597 76.8945 77.6611 78.1219 78.3350 78.4571 78.5943 78.7051 78.8375 78.9745 79.0607 79.0333 79.1041 79.0457 79.1101 79.0762 79.0845 78.9945 77.8071
45.4987 46.7161 47.6865 48.8630 49.7996 49.7971 49.9179 50.8032 50.2515 51.2996 51.6388 52.6566 53.7980 54.6429 54.9252 54.8680 54.9398 54.8702 54.9635 54.9570 55.0132 55.0430 64.8859 68.0588 69.1492 70.2853 71.3418 72.2737 73.4217 74.3977 74.6001 76.4975 77.3244 77.9134 78.7508 79.1936 79.3865 79.4962 79.6367 79.7354 79.8721 80.0074 80.0973 80.0240 80.1219 80.0774 80.1051 80.0216 79.8897 78.6980
45.4622 46.6556 47.7879 48.7773 49.9434 50.9829 50.9949 51.1157 52.0416 52.2734 52.3131 52.5973 53.7035 54.8930 55.7695 56.0148 55.8952 56.0293 55.9956 56.0637 56.0826 56.1204 56.2051 66.8633 69.2428 70.2982 71.2629 72.3626 73.3181 74.4769 75.5442 76.5688 77.5591 78.3981 78.9149 79.8565 80.2633 80.4326 80.5246 80.6783 80.7489 80.8806 81.0106 81.0958 81.0670 81.0964 81.0222 80.9185 80.6304 79.4609
45.5094 46.7226 47.7443 48.8781 49.9346 50.9977 52.1829 52.1789 52.3588 53.1658 53.3421 53.3264 53.5350 54.7592 55.9891 56.9059 57.1068 57.0300 57.1210 57.1291 57.1594 57.2503 57.3187 57.4119 69.2523 70.2405 71.3219 72.3928 73.4110 74.3676 75.5279 76.5899 77.6146 78.6225 79.4844 79.8895 80.9819 81.3237 81.4665 81.5113 81.6781 81.6908 81.8327 81.9407 81.9890 81.9463 81.8977 81.6252 81.2076 80.0621
45.5043 46.7046 47.8184 48.8856 49.9611 51.1407 52.3986 53.3559 53.9642 54.0918 54.2098 54.4223 54.3411 54.4444 55.8520 57.0799 58.0554 58.1842 58.1776 58.1998 58.3035 58.3630 58.4600 58.5313 58.6255 70.2795 71.3471 72.3756 73.4375 74.4748 75.5428 76.5643 77.6381 78.6588 79.6860 80.5901 81.5057 82.0328 82.3268 82.4416 82.3582 82.5600 82.5069 82.6398 82.6740 82.7458 82.5171 82.1791 81.6531 80.5116
45.5363 46.7620 47.8366 48.9220 50.0943 51.3132 52.3022 53.4776 54.4539 55.0785 55.1354 55.2486 55.5181 55.4441 55.5481 57.0232 58.1505 59.2267 59.2378 59.3611 59.4066 59.5141 59.5767 59.6763 59.7529 70.3010 71.3362 72.3819 73.3316 74.4943 75.5117 76.4544 77.6182 78.6868 79.6995 80.7466 81.6156 82.5490 82.9710 83.1392 83.0738 82.9115 83.2414 83.1820 83.2582 83.1378 83.0176 82.5752 81.7446 80.6749
45.4289 46.7876 47.8807 49.0455 50.2381 51.2690 52.4013 53.3797 54.5540 55.5527 56.2052 56.1677 56.2800 56.6221 56.5466 56.6830 57.7830 59.2515 60.4253 60.4473 60.5723 60.6209 60.7306 60.7981 60.9122 61.0502 71.3314 72.3116 73.4348 74.4632 75.4338 76.5499 77.5103 78.6727 79.7357 80.7316 81.7829 82.5173 83.2723 83.4356 83.3677 83.2667 83.2866 83.5820 83.4235 83.5267 83.2414 82.5480 81.8897 80.8063
44.2652 45.2874 47.9954 49.1701 50.2319 51.3755 52.7092 53.4844 54.5146 55.6187 56.6523 57.3497 57.3173 57.4308 57.7195 57.9728 57.7760 58.7748 60.3542 61.6361 61.6625 61.7885 61.8423 61.9619 62.0836 62.3548 71.2835 72.3810 73.4160 74.4072 75.5042 76.5953 77.6184 78.6881 79.7100 80.7760 81.7084 82.6424 83.3077 83.3764 83.4386 83.3296 83.1813 83.2431 83.5125 83.5388 83.3841 82.7466 81.8378 80.8116
44.3668 45.4700 46.0721 48.8151 50.3564 51.7558 52.7469 53.7951 53.9788 55.6054 56.6746 57.7517 58.4999 58.4736 58.5885 58.7606 59.0909 58.8148 59.7438 61.5282 62.8518 62.8838 63.0154 63.1177 63.3752 63.8892 63.7761 72.3696 73.3764 74.4609 75.5518 76.5918 77.6412 78.6727 79.7358 80.7327 81.7930 82.6071 83.1188 83.3639 83.3475 83.0845 83.1209 83.1646 83.3069 83.3825 83.2267 82.7326 81.7970 80.7387
45.1745 46.3814 46.4544 46.8227 50.0843 51.6844 52.8263 53.7872 54.9733 55.6091 56.5665 57.7379 58.8490 59.6568 59.6373 59.7539 59.7725 60.2358 60.4029 60.5933 62.6987 64.0731 64.1542 64.3744 65.0433 64.7448 65.2819 65.4819 73.4182 74.5035 75.5497 76.5950 77.6329 78.6866 79.6970 80.7168 81.2794 82.2767 82.6880 82.8871 82.7428 82.6980 82.6523 82.8379 82.8770 82.9938 82.8919 82.4764 81.8154 80.7101
45.9729 47.2540 47.4481 47.4606 47.4612 51.4363 52.7587 53.9005 54.9172 56.0931 56.6814 57.8121 58.7698 59.9472 60.8213 60.8108 60.9322 61.0065 61.3036 61.4485 61.3678 63.5727 65.3377 66.2534 65.6684 66.3786 66.5574 66.5638 66.5935 74.5068 75.5517 76.5915 77.6387 78.6504 79.6291 80.2924 81.2063 81.7514 82.0472 81.9744 81.9632 81.9039 82.1147 82.0635 82.2017 82.2607 82.2468 82.0441 81.5320 80.4009
46.2510 47.4822 48.3966 48.5125 48.5118 48.5161 52.8717 54.1920 55.0530 56.3177 57.1790 57.8461 58.8721 59.8617 61.0366 61.9954 62.0232 62.3714 62.5385 62.3776 62.6248 63.2947 64.5609 66.5214 67.5032 67.6343 67.6118 67.6438 67.6790 74.5084 75.5492 76.5913 77.6005 78.5536 79.2722 80.1124 80.5902 80.0793 81.0169 81.0111 81.0199 81.1903 81.2200 81.3613 81.2797 81.3834 81.3839 81.3078 81.0553 79.8715
46.3526 47.5764 48.5398 49.5628 49.5641 49.5927 52.8084 54.1757 55.2734 56.3847 57.3869 58.2559 58.8417 59.9746 61.0649 62.0973 63.1804 63.6465 63.3661 63.7009 63.7521 63.7800 64.2446 65.5263 67.7271 68.6556 68.6932 68.7399 68.6989 68.7801 75.5438 76.5486 77.4854 78.2374 79.0184 79.4539 79.1922 79.8784 79.9948 80.0127 80.1886 80.2592 80.3928 80.3817 80.4309 80.3850 80.4308 80.4054 80.2946 79.0771
46.3284 47.5252 48.6480 49.5795 50.7639 49.8449 52.3358 53.8826 55.2628 56.3176 57.4529 58.4552 59.3458 59.8082 61.0508 62.1210 63.1406 64.3224 64.7930 64.8061 64.8361 64.8262 64.9890 65.1546 66.4649 68.9792 69.8070 69.7288 69.8565 69.7373 72.2631 72.5556 72.6572 72.7546 72.8816 73.7191 78.7746 78.9471 78.9930 79.1275 79.0276 79.1742 79.4002 79.4538 79.4283 79.4542 79.4071 79.4307 79.3893 77.8679
46.3645 47.5785 48.5585 49.7296 51.0487 52.0597 52.8174 53.2455 54.9786 56.3548 57.3514 58.5261 59.5195 60.4574 60.7377 62.1054 63.2522 64.2848 65.4635 65.8976 65.8473 66.0768 65.9509 66.0888 66.0329 67.3668 70.2968 70.9511 70.7369 71.0253 71.4147 73.5474 73.6007 73.7098 73.8012 73.8302 74.1726 74.3406 74.4140 74.4060 74.4390 74.4206 74.4481 74.4478 74.5090 74.5538 74.6354 74.7353 74.8501 74.2579
46.3426 47.5300 48.6903 49.9559 50.9471 52.1207 53.1448 53.9117 54.1014 56.1100 57.4496 58.4260 59.6004 60.5756 61.6033 61.6177 61.7585 64.4199 65.6601 66.5758 67.0104 66.9589 67.1710 67.0609 67.1840 67.3032 68.1544 71.7156 72.0746 72.3789 73.4561 74.5683 74.5955 74.6444 74.7648 74.8610 74.8348 75.2559 75.3962 75.4716 75.4407 75.4805 75.4489 75.5204 75.5544 75.6579 75.7588 75.8895 75.9624 74.8126
46.4466 47.6475 48.8758 49.9145 51.0534 52.1003 53.1790 54.2324 55.0414 55.2362 57.2462 58.5288 59.5436 60.6710 61.6166 62.8031 62.9965 64.8290 65.2561 66.7897 67.6856 68.1231 68.0718 68.2589 68.1733 68.2684 68.2403 68.8262 73.2850 74.7317 74.0373 75.5374 75.6277 75.6425 75.6860 75.8211 75.9294 75.8188 76.3576 76.4450 76.5339 76.4692 76.5545 76.5700 76.6834 76.7881 76.9340 77.0252 76.9311 75.7265
46.5833 47.8043 48.8733 49.9920 51.0522 52.1248 53.1805 54.2298 55.3192 56.1767 56.3772 58.3900 59.6022 60.5920 61.7491 62.9147 63.9626 65.0010 65.9460 66.1375 67.9574 68.7853 69.2351 69.1877 69.3313 69.2714 69.3398 69.3191 69.3063 74.8527 76.0175 76.3823 76.6056 76.6876 76.6885 76.7248 76.8781 77.0116 76.7716 77.4887 77.4833 77.5984 77.5817 77.7118 77.8079 77.9637 78.0887 77.9704 77.8946 76.6391
46.6139 47.8268 48.9342 50.0020 51.0715 52.1288 53.1819 54.2583 55.2716 56.4056 57.3182 57.5255 59.5434 60.6972 61.8502 62.9122 63.9669 65.0153 66.0658 67.1039 68.1250 69.0111 69.8821 70.3356 70.2778 70.3784 70.3527 70.3588 70.2723 70.2235 76.5528 77.0897 77.4505 77.6750 77.7481 77.7334 77.7581 77.9329 78.1146 77.6735 78.6561 78.5848 78.7155 78.7989 78.9627 79.1228 78.9765 78.9960 78.4460 77.1736
46.5943 47.7871 47.9952 49.9334 51.0697 52.1325 53.2011 54.2314 55.3333 56.3020 57.4921 58.4667 58.6831 60.7046 61.8599 62.9151 63.9665 65.0188 66.0662 67.1178 68.1544 69.1869 70.0467 70.9502 71.3862 71.3313 71.3808 71.3008 71.2812 71.1167 76.8890 77.6269 78.1621 78.5186 78.7458 78.8073 78.7738 78.7853 78.9816 79.2502 79.5772 79.7011 79.7134 79.8917 80.0489 80.0812 80.0679 79.5528 78.3478 77.1788
46.6629 47.8740 48.9481 50.0038 50.9622 52.1349 53.1867 54.2695 55.2730 56.4187 57.4348 58.5629 59.6251 59.8528 61.8643 62.9153 63.9673 65.0175 66.0702 67.1158 68.1657 69.1905 70.2195 71.0220 71.9245 72.3641 72.2742 72.3108 72.1453 72.0449 76.6976 78.0079 78.6966 79.2341 79.5837 79.8152 79.8658 79.8095 79.8009 80.0114 80.2627 80.5996 80.6746 80.8556 80.8557 80.9851 80.5801 79.2974 78.5238 77.3250
46.6937 47.8910 48.9196 50.0030 51.0687 52.1241 53.1878 54.2362 55.3541 56.3952 57.5038 58.5710 59.6115 60.7978 61.8640 62.9158 63.9665 65.0189 66.0679 67.1195 68.1577 69.1939 70.1722 71.1579 71.8633 72.8039 73.2476 73.1142 73.1013 72.7656 73.0436 78.2321 79.0762 79.7649 80.3062 80.6411 80.8818 80.9143 80.8318 80.7932 81.0056 81.2015 81.4768 81.4209 81.6400 81.3078 80.6282 79.7414 78.4362 77.3105
46.7825 47.9949 48.8666 49.9740 51.0564 52.1042 53.1765 54.2412 55.3290 56.4477 57.5182 58.5733 59.7179 60.6787 61.8643 62.9153 63.9673 65.0175 66.0702 67.1156 68.1642 69.1821 70.1851 71.0754 72.0019 72.5714 73.6378 74.1446 73.6964 74.1179 74.0994 78.3208 79.2883 80.1375 80.8209 81.3695 81.6770 81.9302 81.9307 81.8209 81.7269 81.9457 82.0066 82.1771 81.8596 81.2541 80.6990 79.8381 78.7815 77.4842
46.8250 47.9656 49.0765 49.8794 51.0345 52.1115 53.1514 54.2295 55.2890 56.3764 57.4315 58.5268 59.5717 60.6844 61.7180 62.8663 63.9660 65.0151 66.0341 66.8191 68.1576 69.1932 70.1665 71.1067 71.8047 72.7635 73.3685 74.5376 75.2005 75.1314 75.1383 78.3772 79.3618 80.3465 81.1946 81.8636 82.4217 82.6700 82.9303 82.9002 82.7031 82.6990 82.7292 82.3872 81.5804 81.0528 80.0721 79.7632 77.7721 76.6628
47.3163 48.5766 49.3756 50.1206 50.9396 52.0959 53.1667 54.1967 55.2845 56.3357 57.4331 58.4763 59.5863 60.6121 61.7488 62.7508 63.9274 64.6893 65.6534 66.9177 67.8054 69.1440 70.0279 70.2528 71.8156 72.5166 73.5716 74.2902 75.5181 76.2888 75.3855 78.4314 79.4088 80.3929 81.3901 82.2305 82.8600 83.4248 83.5698 83.7896 83.5980 83.4517 83.0012 82.0926 81.6855 80.7599 79.7771 78.6497 77.4085 76.2841
47.4307 48.5677 49.6658 50.4284 51.1600 52.0017 53.1562 54.2209 55.2383 56.3425 57.3794 58.4934 59.5166 60.6515 61.6453 62.8224 63.5749 64.5096 65.7786 66.6545 68.0250 68.7669 67.8816 68.9350 71.5708 72.5575 73.3584 74.4727 75.3308 76.5769 77.5509 78.5062 79.4559 80.4308 81.3977 82.3996 83.2029 83.7633 84.1688 84.0594 84.1402 83.6701 83.1642 82.4895 81.5196 80.6418 79.5851 78.3606 77.5027 76.3401
48.0188 49.2750 49.9230 50.7199 51.4790 52.1868 53.0631 54.2105 55.2739 56.2750 57.4048 58.4180 59.5598 60.5496 61.7260 62.5473 63.4878 64.6557 65.5082 66.8934 67.6218 67.5825 67.6138 67.0642 71.5204 72.3766 73.4338 74.3530 75.5299 76.5490 77.6108 78.5715 79.5176 80.4573 81.4192 82.3512 83.3107 84.0362 84.2640 84.2708 83.9082 83.8026 83.3194 82.4202 81.5542 80.5720 79.3042 78.5028 77.8052 76.6103
48.2456 49.4865 50.3494 50.9408 51.7681 52.5141 53.1919 54.1303 55.2582 56.3262 57.3028 58.4747 59.4480 60.6363 61.5100 62.4421 63.5582 64.5072 65.7574 66.4744 66.4406 66.5539 66.5474 66.5119 71.3670 72.3913 73.3566 74.4982 75.5418 76.5905 77.5281 78.6390 79.5693 80.5112 81.4281 82.3702 83.2154 83.9987 84.3521 84.1299 83.9235 83.8406 83.2630 82.3892 81.2904 80.2145 79.4987 78.8483 78.1102 76.9070
48.1966 49.3628 50.5697 51.4113 51.9149 52.7747 53.5140 54.2861 55.3043 56.2763 57.3869 58.3748 59.5509 60.4645 61.3850 62.4581 63.4818 64.6354 65.3278 65.2922 65.4051 65.4103 65.4981 69.8945 71.3516 72.3470 73.4707 74.5302 75.5818 76.5618 77.6571 78.6943 79.6199 80.5412 81.4631 82.3452 83.2287 83.8505 83.9359 84.2365 84.0646 83.7155 83.1967 82.2140 81.1304 80.4854 79.8767 79.1437 78.4094 77.1994
48.3274 49.5238 50.4869 51.5957 52.4087 52.7623 53.7130 54.4703 55.3057 56.3254 57.2877 58.4531 59.2293 58.6844 61.3558 62.4374 63.5165 64.1365 63.7240 64.2103 64.2501 64.3482 64.3738 70.2637 71.3301 72.4447 73.5170 74.5760 75.5870 76.6763 77.7336 78.6792 79.6574 80.5678 81.4642 82.3577 83.0259 83.3634 83.7401 83.6477 83.7429 83.4417 82.7033 81.9510 81.3901 80.8641 80.1516 79.4652 78.5933 77.3893
48.3557 49.5183 50.6668 51.6384 52.5153 53.2333 53.8136 54.5626 55.3795 56.2443 57.3600 58.0281 57.5609 60.1249 61.3784 62.3995 62.9599 62.5904 62.9832 62.7622 63.1244 63.2071 63.3011 70.2976 71.4151 72.5030 73.5722 74.6097 75.7095 76.7723 77.7479 78.7357 79.6690 80.5881 81.4676 82.1510 82.5632 82.9290 82.9617 82.9889 82.7488 82.6174 82.7049 82.1137 81.6270 81.0624 80.4715 79.6306 78.6316 77.4513
48.5147 49.7013 50.7924 51.8015 52.6039 53.2048 53.8932 54.5000 55.3446 56.3028 56.9051 56.8401 58.9239 60.2936 61.2836 61.7953 61.4613 61.8168 61.6144 61.8714 61.7751 62.0546 68.5985 70.3805 71.4822 72.5642 73.6293 74.7314 75.8149 76.8258 77.9292 78.8129 79.7098 80.5796 81.1428 80.4517 81.3775 82.1613 82.1806 81.9710 81.8485 81.9454 82.0072 82.1413 81.6685 81.2281 80.5806 79.6253 78.6416 77.4960
48.5192 49.7055 50.7883 51.6971 52.5707 53.2670 53.8638 54.5494 55.2617 55.1961 55.3318 57.7936 59.1940 60.1703 60.6716 60.6118 60.6916 60.4816 60.7108 60.6085 60.7911 60.7687 69.2665 70.4552 71.5509 72.6350 73.7543 74.8479 75.9035 77.0410 77.8578 78.8479 79.6906 80.1789 79.5748 80.3715 81.2721 81.3594 81.1958 81.0822 81.1584 81.2955 81.5468 81.6472 81.6854 81.2076 80.4515 79.5949 78.5813 77.4846
48.4903 49.6865 50.6873 51.7148 52.5478 53.1270 53.4679 54.3166 54.2840 54.5826 56.6364 58.0951 59.0601 59.5587 59.5743 59.6241 59.5766 59.6095 59.4761 59.6329 59.5920 67.4059 69.4137 70.5317 71.6339 72.7675 73.9009 75.1248 76.1322 76.9768 77.9704 78.7960 79.2409 78.7086 79.5092 80.4012 80.5721 80.5304 80.3529 80.4032 80.5529 80.8010 81.0217 81.0879 80.8227 81.0946 80.4807 79.5124 78.6865 77.5799
48.3607 49.5513 50.6969 51.5213 51.4467 52.4644 53.3655 53.4216 53.7765 55.5446 56.9925 57.9540 58.4541 58.5257 58.5627 58.5335 58.5515 58.5319 58.5403 58.4612 58.5695 69.0527 70.1028 71.1105 72.1707 73.1246 74.1836 75.1900 76.0581 77.0733 77.8974 78.2931 77.8204 78.6357 79.5200 79.5433 79.6727 79.6495 79.7119 79.8608 80.0995 80.3149 80.4266 80.2764 80.4143 80.2421 80.2956 79.6223 78.6112 77.5793
48.2418 49.5310 49.6051 50.1643 51.2300 52.3046 52.3949 53.3571 54.4708 55.7754 55.8219 56.0372 57.4696 57.5045 57.4870 57.4965 57.4858 57.5866 58.3667 65.8459 67.9735 69.0547 70.0898 71.1409 72.1203 73.1932 74.0930 75.1540 76.1438 76.8321 76.0088 76.9210 77.7402 78.6346 78.6630 78.7684 78.9450 79.0459 79.2008 79.4364 79.6673 79.7755 79.7045 79.7786 79.6621 79.7199 79.5155 79.4603 78.5598 77.5950
47.4871 48.6281 49.1652 50.0116 51.1679 51.2819 52.3578 53.4455 54.5975 54.8098 55.1064 56.2613 56.4476 56.4385 56.4432 56.4376 56.5939 57.1579 56.6933 66.8096 68.0005 69.0097 70.1007 71.0414 72.1739 73.1033 74.1933 75.1771 75.7941 75.2985 76.0706 76.8341 77.7429 77.7802 77.9931 77.9421 78.3596 78.5578 78.7992 79.0472 79.1539 79.1050 79.1627 79.1259 79.1422 79.0435 78.7976 78.6769 78.6207 77.6207
47.0810 48.1896 49.0018 49.9873 49.9991 50.1267 52.4009 53.4498 53.7813 54.1405 55.0994 55.3744 55.3886 55.3909 55.3874 55.3908 55.9927 55.6568 64.7537 66.9358 67.9730 69.0487 70.0353 71.1351 72.0695 73.2023 74.1744 74.7496 74.3802 75.2051 75.9083 76.8304 76.8847 77.2053 77.1980 77.6232 77.8907 78.1512 78.1849 78.5695 78.5795 78.6091 78.5700 78.5990 78.4968 78.5266 78.3996 78.1474 77.9908 77.1446
47.0483 48.0827 48.9014 49.0214 49.3119 51.2107 52.3228 52.7412 53.1490 53.9686 54.2936 54.3358 54.3389 54.3368 54.3388 54.8198 54.4614 62.9109 65.7568 66.9313 67.9956 69.0081 70.0863 71.0577 72.0573 72.1029 72.3717 73.4021 74.2899 75.0497 75.8866 75.9546 76.3831 76.3957 76.8749 77.1914 77.4683 77.5137 77.9694 78.0335 78.0809 78.0663 78.0881 78.0413 78.0247 77.8843 77.9121 77.7622 77.4889 76.6901
47.1658 48.0696 48.2043 48.4975 50.0783 51.2019 51.6938 52.1373 52.8580 53.2099 53.2798 53.2855 53.2720 53.1643 53.2720 53.3400 61.2084 64.5161 65.8677 66.9454 67.9697 69.0355 70.0181 70.9338 71.1161 71.3251 72.2640 73.3410 74.1448 74.9209 75.1450 75.5182 75.5496 76.0988 76.4642 76.7527 76.7585 76.8779 77.4634 77.5432 77.5725 77.5833 77.5161 77.4746 77.4644 77.4235 77.2522 77.2764 77.1115 76.3149
46.9466 47.5734 47.8694 49.0873 50.1127 50.6470 51.1106 51.7496 52.0199 51.2769 52.2306 52.2085 52.0983 52.1948 52.2751 52.2349 63.2412 64.7850 65.8892 66.9281 67.9799 68.9629 69.8155 70.1031 70.3898 71.2176 72.3364 73.1877 73.9427 74.2560 74.6225 74.7697 75.2737 75.6731 75.9562 75.8182 76.0687 76.1564 76.3738 77.0495 77.0753 77.0139 77.0339 76.8761 76.8032 76.7303 76.7928 76.6586 76.6230 75.8330
46.9803 47.6261 48.2933 49.1248 49.6196 50.0527 50.3998 48.6820 49.2219 51.0683 51.1458 51.0348 51.1310 51.2075 51.1600 61.1207 63.6833 64.8305 65.8772 66.9191 67.8962 68.7086 69.0730 69.4292 70.2340 71.2995 72.1858 72.9318 73.3114 73.6738 73.8098 73.4716 74.8272 75.1110 75.0827 75.1989 75.1747 75.4122 75.5806 75.8801 76.4503 76.5315 76.4729 76.1876 76.0708 76.1262 76.0919 76.1542 76.0476 75.2903
46.9745 47.6396 48.3197 48.6774 49.0029 49.1579 47.9354 48.6246 49.8156 50.0719 49.9709 50.0681 50.0038 50.0798 50.1428 62.4714 63.7677 64.8242 65.8578 66.8214 67.6138 68.0338 68.4447 69.2298 70.2580 71.1534 71.8918 72.3314 72.6797 72.8000 72.3719 73.8154 74.2082 74.1747 74.2934 74.3355 74.4693 74.5451 74.8003 75.0182 75.9727 75.9279 75.9569 75.4694 75.4705 75.4659 75.5034 75.4825 75.5013 74.7103
46.6996 47.5251 47.8148 47.9867 48.0099 47.1111 47.6173 48.6544 48.9776 48.8947 48.9950 48.9389 49.0008 48.9667 60.1770 62.6888 63.7691 64.7959 65.7463 66.5218 66.9928 67.4446 68.2110 69.2033 70.1059 70.8332 71.2670 71.2563 71.7369 71.1695 72.1782 73.2337 73.2067 73.3321 73.3562 73.4934 73.5982 73.7750 73.9261 74.2071 75.3541 75.2982 75.3491 74.8792 74.8583 74.8878 74.8604 74.8785 74.8513 74.0618
45.8875 46.8710 46.9781 46.9076 46.2382 46.6197 47.5179 47.8824 47.8601 47.9095 47.8621 47.9282 47.8992 47.9405 61.4755 62.7104 63.7333 64.6714 65.4364 65.9436 66.4320 67.1899 68.1462 69.0433 69.7579 70.1966 70.2819 70.6305 70.3291 71.0312 72.1464 72.1568 72.2807 72.3141 72.4404 72.5188 72.6799 72.8520 73.0746 73.2975 73.6808 74.7423 74.6848 74.6936 74.3168 74.2561 74.2634 74.2300 74.2221 73.4047
44.9308 45.9373 45.8372 45.3256 45.6228 46.4017 46.7884 46.8157 46.8481 46.8187 46.8484 46.8224 46.8677 59.0388 61.6337 62.6699 63.5974 64.3563 64.8938 65.4133 66.1599 67.0861 67.9738 68.6784 69.1214 69.2730 69.5452 69.4269 70.0555 71.0079 71.0382 71.1642 71.2079 71.3389 71.4163 71.5469 71.6670 71.8776 72.1013 72.3733 72.6444 74.0470 74.0710 73.9946 74.0280 73.7177 73.6310 73.6081 73.5278 72.7479
44.7672 44.7285 44.6033 44.2182 44.4776 45.1537 45.5370 45.6048 45.6358 45.6203 45.6544 45.7689 46.9333 56.8670 60.1384 61.4158 62.3636 63.1217 63.6854 64.2348 64.9763 65.8758 66.7486 67.4427 67.8867 68.0866 68.3264 68.3331 68.9194 69.7446 69.8815 70.0158 70.0882 70.2296 70.3453 70.4982 70.6414 70.8980 71.1838 71.5056 71.9392 73.1175 73.2749 73.2291 73.2411 72.9618 72.8553 72.7853 72.6783 72.6188
