#Value Function.
10.6203 10.6995 10.8126 10.7806 10.8129 10.8222 10.8361 10.8492 10.8650 10.9978 11.1913 11.4466 11.4705 11.4793 11.4673 11.4499 11.2538 11.1972 11.1203 11.3662 11.4740 11.7602 12.0227 12.3204 12.6583 12.8651 12.9725 12.9492 13.1335 13.4424 13.7711 14.0790 14.5046 14.6935 14.7818 14.8553 15.1604 15.1994 15.2241 15.1992 15.2077 15.0902 15.1080 15.2117 15.1678 15.2075 15.0975 15.0514 15.0197 14.9317
10.7989 10.9877 11.0453 11.1910 11.0786 11.0843 11.1899 11.1910 11.2059 11.2053 11.3526 11.5496 11.8546 11.8406 11.8559 11.6045 11.5702 11.4875 11.4146 11.3648 11.7655 11.8072 12.1407 12.3956 12.7025 13.0740 13.2775 13.3930 13.2967 13.5312 13.8572 14.1992 14.4942 14.9858 15.1509 15.2328 15.2737 15.6648 15.6559 15.6934 15.5377 15.5335 15.5184 15.5583 15.6957 15.5509 15.5091 15.4877 15.3928 15.3073
10.8244 11.1749 11.3602 11.3882 11.4502 11.4301 11.4193 11.5704 11.5477 11.5708 11.5452 11.7148 11.9059 12.2827 11.9480 11.9529 11.8591 11.7877 11.7301 11.7082 11.6844 12.0190 12.1588 12.5057 12.7865 13.1201 13.5457 13.7091 13.6259 13.6766 13.9351 14.2781 14.6368 14.8868 15.2104 15.5610 15.5721 15.6925 16.1971 15.9825 16.0070 15.9562 15.9730 15.9772 16.0092 15.9715 15.9655 15.8550 15.7747 15.6908
10.8396 11.1791 11.5610 11.7460 11.7159 11.7514 11.7169 11.7079 11.9789 11.7418 11.7493 11.9153 12.0873 12.2598 12.3527 12.2400 12.1590 12.1616 12.0915 12.0637 12.0293 11.9928 12.2898 12.5259 12.9088 13.1797 13.5100 14.0001 14.0629 13.9766 14.0720 14.3495 14.7099 15.0946 15.3083 15.5776 16.0220 15.9635 16.1155 16.5053 16.3830 16.4491 16.4256 16.4506 16.4478 16.4603 16.3267 16.2481 16.1707 16.0683
10.8307 11.1999 11.5344 11.9630 12.1359 12.0658 12.0966 12.0389 11.9928 12.1497 11.9934 12.0206 12.3103 12.4702 12.6344 12.5354 12.5635 12.4738 12.4526 12.4156 12.3853 12.2961 12.3167 12.6879 12.8897 13.3263 13.5769 13.8686 14.3401 14.4251 14.3517 14.4792 14.7746 15.1515 15.5736 15.7551 16.0196 16.4870 16.3911 16.5535 16.8838 16.8522 16.9518 16.9027 16.9388 16.8070 16.7337 16.6566 16.5635 16.3996
10.8434 11.1833 11.5680 11.7780 12.0983 12.5042 12.3854 12.3885 12.2954 12.3295 12.3833 12.3659 12.3666 12.7257 12.8608 12.9831 12.8618 12.8531 12.8103 12.7900 12.6911 12.5912 12.5476 12.6680 13.1092 13.1897 13.4782 13.9021 14.2164 14.6992 14.8321 14.7354 14.8991 15.2106 15.6015 16.0754 16.2077 16.4652 16.9160 16.8430 17.0199 17.2654 17.3429 17.4748 17.2858 17.2327 17.1547 17.0638 16.9209 16.5568
10.8331 11.1914 11.4267 11.7336 12.1074 12.3895 12.8302 12.4739 12.4653 12.5249 12.6381 12.6061 12.6901 12.7160 13.1666 13.2573 13.2669 13.2123 13.2079 13.0967 12.9837 12.9530 12.8673 12.7868 12.8235 13.0940 13.4859 13.8398 14.2508 14.5643 15.0545 15.1906 15.1486 15.3301 15.6580 16.0575 16.6058 16.6633 16.9248 17.3454 17.3093 17.5123 17.6218 17.7782 17.7474 17.6655 17.5740 17.4559 17.0623 16.6543
10.8259 11.0797 11.3766 11.7265 12.0255 12.4254 12.7440 12.8883 12.7122 12.7099 12.8767 13.0334 12.9249 12.9452 12.9618 13.3742 13.6199 13.6405 13.5136 13.3820 13.3722 13.2733 13.2064 13.0197 12.8927 13.0842 13.4391 13.8363 14.2619 14.6060 14.9366 15.4084 15.4854 15.5885 15.7699 16.1183 16.4499 16.9329 17.1413 17.3997 17.7664 17.7920 18.0403 18.0725 18.1762 18.0922 18.0141 17.5699 17.1699 16.6575
10.7347 11.0276 11.3590 11.6648 12.0356 12.3525 12.6392 13.0908 13.0852 13.1080 13.0819 13.1493 13.3844 13.2376 13.2471 13.2316 13.6455 13.9469 13.7837 13.8078 13.6848 13.6429 13.4222 13.3128 13.0974 13.0469 13.4316 13.8396 14.2183 14.7121 14.9515 15.2669 15.8158 15.7916 16.0608 16.2150 16.6042 16.9063 17.3091 17.6532 17.8151 18.2986 18.2752 18.6060 18.5721 18.6012 18.0822 17.6975 17.1553 16.6803
10.8173 11.0031 11.3096 11.6587 11.9722 12.2675 12.6600 12.8316 13.2690 13.3643 13.5448 13.4698 13.4999 13.7023 13.5412 13.5376 13.5423 13.9199 14.2643 14.0983 14.1006 13.8264 13.7500 13.5024 13.3592 13.1469 13.4302 13.8110 14.2566 14.5273 14.8446 15.3165 15.5100 16.0107 16.0898 16.4959 16.6419 17.1084 17.3540 17.6662 18.1406 18.2688 18.7802 18.6984 19.1741 18.5932 18.2468 17.6546 17.1896 16.6655
11.1236 11.1535 11.2934 11.6021 11.9005 12.2654 12.5827 12.8346 12.9977 13.4172 13.6744 13.9487 13.8177 13.8432 14.0145 13.7893 13.7835 13.8283 14.0873 14.5864 14.2268 14.2092 13.9105 13.7929 13.5496 13.4371 13.4096 13.8208 14.1099 14.4273 14.8560 15.1856 15.5304 15.8687 16.2393 16.4182 16.8535 17.0222 17.2855 17.6844 18.0990 18.4724 18.7182 19.2311 18.8280 18.5821 18.0767 17.7104 17.1601 16.6997
11.4625 11.4869 11.4976 11.5704 11.8863 12.2222 12.5955 12.9991 13.0198 13.2893 13.7529 13.9986 14.2993 14.1445 14.1637 14.2369 14.1217 13.9318 14.0929 14.2445 14.6980 14.3165 14.2469 13.9556 13.8685 13.6887 13.6197 13.7006 14.0170 14.4179 14.7924 15.2219 15.6510 15.8690 16.2753 16.5546 16.6531 16.8416 17.3707 17.6037 17.9406 18.2321 18.6620 18.6074 18.6268 18.3032 18.0223 17.5580 17.2146 16.6649
11.7548 11.8435 11.8563 11.8579 11.9078 12.2185 12.6128 12.9896 13.4646 13.3166 13.6183 14.0921 14.4065 14.6331 14.4628 14.4813 14.3469 14.3488 14.2443 14.3695 14.3489 14.7992 14.3645 14.3188 14.1023 14.0466 13.9823 13.9064 13.9943 14.3683 14.7883 15.2400 15.6789 16.1498 16.2769 16.2074 16.4911 17.0380 17.1227 17.4482 17.8531 18.0834 18.0919 18.1146 18.0779 18.0529 17.7740 17.4794 17.0574 16.6850
11.8493 12.1638 12.2284 12.2356 12.2294 12.2509 12.6007 13.0155 13.1381 13.5772 13.6535 13.9848 14.3560 14.8804 14.9585 14.7895 14.8062 14.6788 14.6665 14.5835 14.5095 14.4972 14.8328 14.5233 14.4863 14.4215 14.3385 14.2845 14.1758 14.3607 14.7968 15.2307 15.7000 15.7930 15.7829 16.0411 16.5042 16.6638 16.9835 17.4700 17.5505 17.5806 17.5963 17.5739 17.5846 17.5552 17.5023 17.2527 16.9557 16.5570
11.8727 12.2386 12.5862 12.6199 12.6253 12.6099 12.5930 12.7783 13.1546 13.4775 13.8148 14.0274 14.3983 14.6184 15.1306 15.2954 15.1275 15.1401 15.0373 15.0034 14.8618 14.7209 14.8287 14.9666 14.8734 14.7793 14.7369 14.6211 14.4843 14.3655 14.7891 15.2165 15.3437 15.3592 15.5980 16.0007 16.2132 16.5825 17.1450 17.0560 17.0791 17.0927 17.0779 17.0819 17.0665 17.0697 17.0418 16.9713 16.7417 16.4422
11.8698 12.2590 12.6300 13.0300 13.0155 12.9696 12.7906 12.8708 13.1706 13.5655 13.8075 14.2135 14.4393 14.6479 14.8703 15.2995 15.6529 15.4936 15.4819 15.3259 15.1774 15.0615 15.0616 15.1215 15.0587 15.2037 15.0781 14.9327 14.8058 14.7058 14.7505 14.9077 14.9409 15.1630 15.5212 15.7655 16.1200 16.5867 16.5860 16.6288 16.6026 16.5929 16.5930 16.5818 16.5816 16.5703 16.5684 16.5393 16.4573 16.2362
11.8776 12.2511 12.6517 13.0251 13.5009 13.0588 13.0901 13.1829 13.2452 13.5744 14.0127 14.1872 14.5400 14.8144 14.8346 15.1521 15.4830 16.0271 15.8019 15.6395 15.5337 15.3880 15.3571 15.3590 15.3043 15.2974 15.3922 15.2604 15.1596 15.0715 15.0012 15.0950 15.1907 15.3122 15.5165 15.7871 16.0613 16.1155 16.1463 16.1318 16.1380 16.1178 16.1087 16.1063 16.0974 16.0949 16.0858 16.0801 16.0484 15.9532
11.8737 12.2631 12.6363 13.0565 13.2251 13.4538 13.2901 13.3031 13.5352 13.6250 13.9873 14.4878 14.5853 14.9478 15.1518 15.0361 15.4680 15.6244 16.1345 16.0455 15.8459 15.8485 15.6957 15.6883 15.5789 15.6037 15.6887 15.6289 15.5408 15.4473 15.4313 15.4507 15.5579 15.6509 15.7681 15.9813 16.2665 16.3686 16.3959 16.3869 16.3939 16.3831 16.3899 16.3754 16.3538 16.2542 16.1529 16.0037 15.9148 15.8539
11.8812 12.2526 12.6345 12.8384 13.1104 13.5751 13.6415 13.6992 13.6254 13.8357 14.0227 14.2465 14.7251 15.0125 15.4196 15.3834 15.4176 15.6072 15.9157 16.2656 16.3937 16.1568 16.1891 16.0525 16.0362 15.9080 15.9032 16.0248 15.9098 15.9406 15.6455 15.7796 15.9263 16.0329 16.1232 16.2338 16.4576 16.7868 16.8697 16.8949 16.8783 16.8916 16.8729 16.8631 16.7485 16.6539 16.4844 16.3964 16.3433 16.2918
11.8716 12.2305 12.4570 12.7292 13.1257 13.2576 13.5649 13.8448 14.0827 13.9631 14.1120 14.2684 14.5861 15.0161 15.3854 15.9501 15.5497 15.6697 15.8137 16.3162 16.5527 16.6906 16.5226 16.5426 16.3927 16.3960 16.3009 16.2416 16.4810 16.0906 16.0653 16.1014 16.2602 16.4153 16.5203 16.6080 16.7088 16.9417 17.3304 17.3797 17.4082 17.3802 17.3900 17.2518 17.1722 16.9746 16.8904 16.8391 16.7982 16.7134
11.8374 12.0820 12.3517 12.7012 12.8754 13.1537 13.4348 13.7547 14.0922 14.4326 14.3010 14.3875 14.5659 14.9468 15.4362 15.6567 16.0381 15.9003 16.1560 16.1781 16.6208 16.7953 17.0789 16.8668 16.9098 16.7941 16.7538 16.5962 16.5434 16.5805 16.3577 16.4301 16.5886 16.7526 16.9182 17.0201 17.1064 17.1930 17.4314 17.9027 17.8952 17.9378 17.7612 17.7109 17.4725 17.3974 17.3477 17.3073 17.2657 16.8715
11.8044 11.9798 12.2962 12.4954 12.7560 13.0336 13.3432 13.6727 14.0239 14.3645 14.7879 14.4989 14.7326 14.9532 15.2130 15.5664 15.9319 16.2150 16.2759 16.6904 16.5227 16.9688 17.1155 17.4235 17.2896 17.2791 17.1012 17.0870 16.8934 16.8196 16.8112 16.7487 16.9284 17.0878 17.2570 17.4362 17.5320 17.6195 17.6864 17.9229 18.5118 18.2722 18.2748 17.9758 17.9182 17.8705 17.8225 17.8360 17.4058 16.8766
11.8440 12.2102 12.2212 12.4227 12.8233 12.9423 13.2633 13.6026 13.9392 14.3009 14.5473 14.9473 14.7233 15.0413 15.1084 15.4600 15.7857 16.2510 16.5259 16.5820 17.0069 16.8553 17.1906 17.3711 17.8778 17.5946 17.6314 17.3968 17.3586 17.1437 17.2087 17.1361 17.2387 17.4424 17.5986 17.7732 17.9705 18.0556 18.1489 18.1892 18.3286 18.8719 18.4772 18.4751 18.2654 18.2278 18.4353 17.9463 17.3904 16.8884
11.9002 12.2209 12.6509 12.4956 12.8040 13.2707 13.1893 13.5222 13.8611 14.1145 14.4813 14.7838 15.1754 14.9849 15.3837 15.5277 15.8782 16.1641 16.6210 16.8825 16.8569 17.3721 17.2401 17.5329 17.6953 18.1810 17.8932 17.9091 17.6568 17.5703 17.4521 17.6538 17.5764 17.7514 17.9722 18.1209 18.3010 18.5230 18.5895 18.6970 18.7143 18.8035 19.0611 18.7898 18.7542 18.7753 18.4977 17.9070 17.4103 16.8738
12.1649 12.2551 12.5977 12.8483 12.8384 13.0784 13.5090 13.4370 13.7035 14.0428 14.3475 14.6976 14.9110 15.4378 15.3120 15.7362 15.9877 16.3677 16.5388 16.9720 17.1821 17.2168 17.6390 17.7132 18.0161 18.0803 18.5086 18.1579 18.1414 17.7508 17.5989 17.8295 18.0692 18.0672 18.2798 18.5188 18.6542 18.8400 19.0963 19.1312 19.2655 19.2558 19.3197 19.3153 19.2946 19.0195 18.4010 17.9393 17.3862 16.8846
12.1489 12.6019 12.5935 13.0038 12.9955 13.0956 13.4693 13.8200 13.7659 13.9227 14.2484 14.4930 14.9274 15.0654 15.5581 15.7003 16.0648 16.2945 16.6695 16.8315 17.0994 17.3907 17.6495 17.9265 18.1096 18.1078 18.3937 18.7811 18.2504 18.1565 17.8114 17.9884 18.2955 18.4651 18.5941 18.8213 19.0841 19.1975 19.3892 19.6946 19.6767 19.8580 19.8095 19.8926 19.5209 18.8944 18.4433 17.8742 17.4009 16.8692
12.1850 12.4065 12.8149 12.9436 13.3918 13.3011 13.4813 13.8930 14.1344 14.1746 14.3105 14.5846 14.7455 15.1170 15.3989 15.7320 15.9354 16.3431 16.3765 16.7247 17.0255 17.2670 17.7260 17.9206 17.6598 17.8820 18.2723 18.7439 18.7822 18.3181 18.2560 18.0829 18.5032 18.8496 18.8929 19.1443 19.3740 19.6710 19.7497 19.9468 20.3239 20.1366 20.4927 19.9610 19.4241 18.9523 18.3887 17.8931 17.3665 16.9399
12.2109 12.5870 12.6913 13.0929 13.2839 13.7432 13.6732 13.8747 14.2648 14.4629 14.6100 14.7326 15.0532 15.1650 15.5981 15.7386 16.2441 16.1493 16.5082 16.7606 17.2474 17.5463 17.7432 17.3655 17.3842 17.7497 18.1628 18.2798 18.6385 18.9139 18.3094 18.3127 18.4439 18.9784 19.3562 19.3799 19.7239 19.9340 20.2840 20.3084 20.5103 20.7606 20.5095 19.9056 19.5324 18.9341 18.4041 17.8766 17.4558 17.0522
12.3498 12.5852 13.0271 13.0378 13.3779 13.6163 14.0913 14.0655 14.2830 14.7063 14.8716 15.0640 15.1558 15.5493 15.6080 16.1240 16.0583 16.2759 16.6381 17.0226 17.2425 17.8053 17.2425 17.1807 17.2381 17.6099 17.7787 18.0940 18.3721 18.6764 18.8248 18.5456 18.6862 18.8996 19.3945 19.8223 19.9108 20.3304 20.4960 20.9259 20.8618 21.0126 20.3901 20.1475 19.4892 18.9578 18.3994 17.9801 17.5711 17.1899
12.3799 12.7644 12.9359 13.2168 13.4127 13.6513 13.8870 14.3651 14.4753 14.6983 15.1783 15.2453 15.5518 15.5714 16.0838 15.8218 16.1094 16.5847 16.7772 17.1357 17.5860 17.2454 17.2143 16.7778 17.0798 17.2803 17.5682 17.8448 18.1279 18.3274 18.9064 18.7555 18.9191 19.0588 19.3286 19.8315 20.2791 20.4616 20.9693 21.0339 21.5298 20.8698 20.5587 19.9211 19.5307 18.9306 18.5200 18.0956 17.7201 17.3008
12.3938 12.7762 13.1980 13.2375 13.5696 13.8299 13.9078 14.2084 14.6962 14.9167 15.1137 15.6063 15.6545 16.0759 15.9719 15.8885 16.3479 16.6066 17.1258 17.2791 17.0245 17.0242 16.7626 16.6624 16.7882 17.0582 17.3293 17.6002 17.8357 18.3192 18.5270 19.1285 18.9030 19.3409 19.4182 19.8505 20.2527 20.7139 21.0014 21.5266 20.9470 21.1402 20.4317 20.0396 19.4664 19.0776 18.6311 18.2594 17.8304 17.4004
12.3866 12.7938 13.1729 13.3700 13.4657 13.9280 14.2066 14.2434 14.6265 15.0262 15.3910 15.5084 16.0010 15.9988 15.7511 16.1378 16.3595 16.8738 16.9173 16.7203 16.7338 16.5424 16.4923 16.3149 16.5623 16.8264 17.0895 17.3441 17.7655 18.0302 18.5212 18.6331 19.1352 19.1736 19.6367 19.8985 20.4574 20.6083 20.9204 20.9884 21.1747 20.5968 20.6638 20.0166 19.6565 19.1761 18.8157 18.3663 17.9334 17.4862
12.3950 12.7563 12.9868 13.3447 13.6191 13.7989 14.2401 14.5472 14.6226 15.0793 15.3181 15.8325 15.8368 15.5521 15.9303 16.2165 16.6577 16.6892 16.4082 16.3919 16.2423 16.2151 16.0616 16.0807 16.3362 16.5936 16.8573 17.2369 17.5301 17.9517 18.1367 18.5570 18.8375 19.2935 19.6209 20.0356 20.1850 20.3138 20.4729 20.8623 20.7475 21.0997 20.4517 20.2605 19.7277 19.3910 18.9144 18.4727 18.0296 17.5003
12.3509 12.6053 12.9337 13.2229 13.6035 13.8976 14.1191 14.5426 14.8754 15.0297 15.5708 15.4854 15.3612 15.6116 15.9905 16.4419 16.3598 16.1831 16.1262 15.9356 15.8892 15.7678 15.7170 15.8587 16.1112 16.3779 16.7281 17.0335 17.4102 17.6378 18.0104 18.3165 18.7466 19.2041 19.6384 19.7578 19.7674 19.9538 20.5156 20.4172 20.5073 20.4581 20.9274 20.2812 19.9889 19.4742 19.0244 18.5840 18.0317 17.5185
12.2242 12.5373 12.8315 13.1855 13.4927 13.8788 14.0940 14.4852 14.6716 15.2173 15.1000 15.0935 15.2989 15.6573 15.9326 16.1155 15.9564 15.8471 15.7085 15.6258 15.4672 15.4046 15.4052 15.6414 15.9074 16.2360 16.5441 16.8909 17.1438 17.4971 17.9146 18.2425 18.8212 19.1768 19.3289 19.2697 19.5815 20.1893 20.0202 20.0428 19.9402 20.3618 20.2743 20.6193 20.0443 19.5878 19.1578 18.5669 18.0562 17.5128
12.2353 12.4831 12.8690 13.1328 13.5857 13.7055 14.1237 14.2777 14.7713 14.6985 14.7342 15.0222 15.2570 15.4551 15.6153 15.5681 15.5774 15.4729 15.3566 15.2364 15.1431 15.0093 15.1848 15.4466 15.7585 16.0640 16.3903 16.6586 17.0091 17.5083 17.8872 18.4821 18.7443 18.8376 18.9262 19.2545 19.8772 19.6502 19.6168 19.5105 19.9964 19.8921 20.1085 19.9705 20.1710 19.7543 19.1105 18.6040 18.0405 17.5446
12.2323 12.6496 12.8547 13.2959 13.3271 13.6834 13.9529 14.4196 14.3528 14.3983 14.7298 14.9880 14.9998 15.1355 15.1284 15.2288 15.1107 15.0628 14.9960 14.8840 14.7737 14.7458 14.9962 15.2944 15.5944 15.9059 16.1840 16.5378 17.0698 17.4712 18.0578 18.3164 18.3266 18.6197 18.9098 19.5215 19.2929 19.2610 19.1305 19.6204 19.5132 19.6613 19.6215 19.8405 19.5444 19.5835 19.1708 18.5729 18.0754 17.6087
12.2536 12.6184 13.0811 12.9733 13.3025 13.6025 14.0692 13.9463 14.0189 14.3708 14.7495 14.5779 14.6745 14.6982 14.8276 14.7356 14.7660 14.6599 14.6047 14.5222 14.4263 14.6312 15.0638 15.2823 15.6670 15.8729 16.3240 16.6167 17.0198 17.6051 17.8772 17.8599 18.3243 18.5984 19.2123 18.9083 18.9132 18.7895 19.1565 19.1569 19.2864 19.2728 19.5832 19.2470 19.2706 19.0294 19.1154 18.6113 18.1594 17.5783
12.2338 12.6319 12.6632 13.0564 13.2829 13.7376 13.6036 13.6925 14.1561 14.2692 14.2416 14.2752 14.2725 14.3811 14.4530 14.4746 14.3077 14.3304 14.2456 14.1900 14.6599 14.7443 15.0666 15.5591 15.7202 16.1745 16.3148 16.8473 17.0888 17.3987 17.5101 18.0300 18.3044 18.9105 18.6060 18.5966 18.4170 18.7430 18.8117 18.9445 18.8899 19.4943 18.9943 19.0489 18.7960 18.6919 18.5260 18.7248 18.1027 17.6084
12.2071 12.3161 12.6576 13.0222 13.4971 13.2845 13.3169 13.6928 13.8289 13.8231 13.8469 13.8591 13.9555 14.0860 14.2084 14.0254 14.1319 13.9761 13.8886 14.2303 14.4692 14.8834 15.1597 15.4791 16.0226 16.1572 16.7079 16.6359 16.9179 17.1665 17.7172 18.0036 18.6129 18.3355 18.5146 18.1031 18.3991 18.4148 18.6795 18.5054 18.9468 18.8519 18.8231 18.4877 18.6062 18.2776 18.1569 18.1025 18.1000 17.5683
11.9604 12.2743 12.6320 13.0309 13.0215 13.0498 13.2532 13.3990 13.4118 13.4316 13.4533 13.5417 13.6698 13.8385 13.8147 13.7541 13.6727 13.6785 13.7956 14.0552 14.4283 14.7274 15.0671 15.5257 15.8460 16.3849 16.2004 16.4337 16.7749 17.3219 17.5542 18.1305 18.0209 18.1565 17.9259 18.0346 18.1216 18.3857 18.1191 18.3655 18.3381 18.4236 18.4191 18.2923 18.0357 18.1741 17.7852 17.6349 17.5767 17.5043
11.8984 12.2458 12.5919 12.6331 12.6725 12.8447 12.9806 13.0085 13.0280 13.0558 13.1398 13.2722 13.4739 13.5883 13.4256 13.4031 13.3258 13.3981 13.6456 13.9903 14.2951 14.6319 15.0544 15.3964 15.8408 15.8485 16.0448 16.3861 16.9343 17.1145 17.6501 17.5498 17.6773 17.5797 17.7719 17.9607 18.1100 17.8063 17.8517 17.8423 17.9761 17.8931 17.8836 17.9293 17.8743 17.6234 17.8215 17.3057 17.1287 17.0515
11.8622 12.1746 12.2496 12.3003 12.4490 12.5751 12.6136 12.6350 12.6675 12.7514 12.9076 13.2389 13.3781 13.1313 13.1329 13.0107 13.0140 13.2448 13.5669 13.8723 14.2046 14.6000 14.9479 15.3321 15.4214 15.7350 16.0218 16.5547 16.6620 17.1371 17.1257 17.2697 17.1252 17.3185 17.8385 17.8181 17.5205 17.5376 17.3406 17.4363 17.3949 17.4554 17.4026 17.3688 17.3948 17.4703 17.2471 17.2337 16.8220 16.6287
11.7680 11.8449 11.8967 12.0649 12.1819 12.2276 12.2523 12.2896 12.3834 12.6249 13.0516 13.1678 12.9333 12.9296 12.7934 12.7186 12.8538 13.1565 13.4593 13.7858 14.1600 14.5050 14.8501 14.9922 15.2849 15.6952 16.2462 16.2222 16.6056 16.7719 16.8427 16.7202 16.9179 17.3437 17.5627 17.3006 17.2608 17.0327 16.9989 16.9038 16.9631 16.9115 16.9301 16.8950 16.9508 16.9125 17.1305 16.7778 16.6835 16.3346
11.4726 11.5246 11.6639 11.8002 11.8511 11.8812 11.9394 12.1865 12.3673 12.7918 12.9004 12.7223 12.7286 12.6488 12.5212 12.4812 12.7581 13.0561 13.3760 13.7326 14.0703 14.3892 14.5658 14.8467 15.2416 15.7129 15.7920 16.1239 16.4331 16.4245 16.4290 16.5972 17.0023 17.3165 17.1947 17.0279 16.8100 16.7308 16.5456 16.4891 16.5423 16.4624 16.4166 16.4507 16.4450 16.6009 16.5555 16.5760 16.3006 16.1553
11.1750 11.3203 11.4164 11.4841 11.5206 11.5934 11.8239 12.1592 12.6074 12.7193 12.4719 12.4752 12.3413 12.3225 12.2460 12.3721 12.6626 12.9754 13.3169 13.6451 13.9458 14.1449 14.4185 14.7944 15.2111 15.3572 15.6690 16.1382 15.9764 16.1277 16.3439 16.7479 17.0934 16.7738 16.7868 16.6776 16.5153 16.3236 16.2220 16.0644 16.0106 16.1607 15.9900 15.9802 16.0960 16.0806 16.0980 16.0677 16.0496 15.8178
10.9554 11.0276 11.1218 11.1695 11.2527 11.4708 11.7931 12.1838 12.3131 12.2694 12.2881 12.1031 12.0705 11.9635 12.0114 12.2790 12.5841 12.9122 13.2301 13.5175 13.7310 13.9995 14.3560 14.7339 14.9229 15.2182 15.6085 15.6131 15.8364 16.2195 16.3336 16.8516 16.5518 16.5470 16.3058 16.2771 16.1733 16.0178 15.8443 15.7309 15.6651 15.6302 15.7811 15.6075 15.6129 15.6223 15.6030 15.6107 15.5866 15.5397
10.6774 10.7364 10.8267 10.9179 11.1260 11.4324 11.7791 11.9182 11.9012 11.9176 11.8883 11.8789 11.7341 11.6818 11.9066 12.2020 12.5180 12.8254 13.1027 13.3252 13.5893 13.9274 14.2767 14.4925 14.7743 15.1124 15.2018 15.5315 15.7563 16.1979 16.7674 16.3304 16.3151 16.0856 16.0303 15.8382 15.7839 15.6821 15.5340 15.3738 15.2631 15.2948 15.2596 15.3970 15.1968 15.1529 15.1496 15.1355 15.1371 15.1089
10.3363 10.4711 10.5860 10.7890 11.0784 11.3906 11.5345 11.5379 11.5464 11.5277 11.5348 11.5124 11.4869 11.5472 11.8292 12.1338 12.4311 12.7001 12.9278 13.1878 13.5090 13.8364 14.0682 14.3389 14.6434 14.8010 15.2784 15.3236 15.7288 16.2077 16.1970 16.2122 15.8811 15.8078 15.6197 15.5360 15.3753 15.3052 15.2041 15.0631 14.9141 14.8256 14.9219 14.8861 14.9285 14.7563 14.7004 14.6902 14.6785 14.6706
10.1331 10.2588 10.4552 10.7279 11.0123 11.1578 11.1768 11.1822 11.1691 11.1710 11.1577 11.1592 11.2093 11.4618 11.7552 12.0427 12.3044 12.5346 12.7903 13.0962 13.4060 13.6464 13.9080 14.1900 14.3860 14.7789 14.9049 15.2621 15.6745 15.7200 15.7284 15.7104 15.6835 15.4216 15.3166 15.1534 15.0544 14.9140 14.8344 14.7336 14.5993 14.4619 14.4487 14.4836 14.5449 14.4592 14.3132 14.2537 14.2382 14.2236
