#Value Function.
429.73  444.08  458.77  473.86  489.31  505.05  520.88  536.43  551.06  563.97  574.40  581.95  586.76  589.41  590.64  591.09  591.22  591.25  591.25  591.26  591.28  591.33  591.47  591.74  592.24  593.21  594.90  597.32  600.17  603.03  605.87  607.76  608.84  609.05  609.19  609.05  608.87  608.00  605.49  598.89  588.20  573.51  557.10  540.35  523.71  507.48  491.94  477.69  465.03  453.12 
430.10  444.38  459.01  474.08  489.57  505.43  521.60  537.90  553.93  569.05  582.38  593.12  600.82  605.66  608.29  609.46  609.87  609.97  609.99  610.00  610.00  610.02  610.07  610.20  610.46  610.96  611.92  613.65  616.18  619.16  622.07  625.06  626.81  627.77  627.89  627.76  627.14  625.01  618.30  607.46  592.09  575.07  557.82  540.71  524.03  508.01  493.32  480.42  468.43  456.25 
430.54  444.63  459.14  474.14  489.61  505.50  521.78  538.39  555.15  571.69  587.30  601.07  612.12  619.98  624.85  627.44  628.54  628.90  628.99  629.01  629.01  629.01  629.03  629.07  629.20  629.45  629.93  630.88  632.66  635.28  638.36  641.15  644.26  645.68  646.26  645.64  644.35  637.67  626.93  610.85  593.26  575.54  557.95  540.81  524.30  509.14  496.01  483.85  471.60  458.62 
431.28  445.08  459.38  474.27  489.66  505.53  521.83  538.54  555.60  572.85  589.90  606.03  620.25  631.63  639.64  644.53  647.07  648.11  648.43  648.49  648.50  648.50  648.51  648.52  648.56  648.68  648.93  649.38  650.30  652.11  654.74  657.75  659.80  662.72  663.15  662.35  656.82  646.48  629.94  611.78  593.68  575.63  558.04  541.00  525.34  512.00  499.67  487.17  474.04  460.16 
432.42  445.82  459.83  474.51  489.78  505.58  521.86  538.59  555.74  573.25  590.99  608.58  625.25  639.95  651.67  659.82  664.72  667.22  668.18  668.44  668.49  668.50  668.50  668.50  668.51  668.54  668.66  668.91  669.32  670.14  671.88  674.17  676.38  677.40  678.40  674.01  664.72  648.64  630.48  612.19  593.72  575.72  558.14  541.91  528.40  515.91  503.16  489.69  475.59  460.98 
434.10  446.98  460.57  474.95  490.03  505.70  521.91  538.61  555.77  573.37  591.35  609.60  627.73  644.98  660.17  672.24  680.54  685.44  687.88  688.76  688.97  689.00  689.00  689.00  689.00  689.01  689.04  689.16  689.38  689.65  690.17  691.30  692.23  692.21  688.12  679.76  665.25  648.33  630.66  612.09  593.78  575.72  558.85  545.20  532.58  519.57  505.76  491.25  476.40  461.35 
436.40  448.69  461.75  475.70  490.47  505.94  522.02  538.65  555.79  573.39  591.44  609.91  628.68  647.38  665.22  680.92  693.38  701.80  706.69  709.07  709.86  710.01  710.03  710.03  710.03  710.03  710.04  710.06  710.15  710.27  710.26  708.98  706.85  702.23  693.65  679.77  664.24  648.59  630.48  612.19  593.72  576.13  562.44  549.69  536.41  522.24  507.32  492.04  476.74  461.48 
439.36  451.05  463.50  476.89  491.22  506.37  522.26  538.76  555.83  573.41  591.46  609.99  628.94  648.24  667.54  685.99  702.23  715.08  723.63  728.49  730.81  731.49  731.59  731.60  731.60  731.60  731.60  731.61  731.56  731.03  729.21  725.50  718.20  708.53  693.76  677.90  662.84  646.77  629.94  611.77  593.69  580.11  567.26  553.70  539.15  523.80  508.09  492.37  476.87  461.52 
442.99  454.09  465.91  478.67  492.42  507.12  522.69  539.00  555.93  573.44  591.47  610.00  629.00  648.46  668.30  688.20  707.31  724.10  737.38  746.02  750.85  753.12  753.66  753.72  753.73  753.73  753.72  753.66  753.14  750.99  746.43  738.15  726.05  710.58  692.49  675.63  659.40  643.92  627.84  611.11  598.25  585.30  571.45  556.50  540.71  524.54  508.39  492.48  476.90  461.53 
447.15  457.84  469.02  481.14  494.23  508.31  523.42  539.40  556.16  573.53  591.50  610.01  629.01  648.50  668.47  688.86  709.40  729.19  746.54  760.31  769.01  773.79  776.00  776.39  776.41  776.41  776.39  776.00  773.80  769.08  760.47  747.01  730.16  711.32  692.08  673.85  657.36  642.58  629.40  616.91  603.80  589.66  574.31  558.05  541.42  524.82  508.49  492.51  476.91  461.54 
451.69  462.12  472.88  484.30  496.73  510.13  524.58  540.10  556.52  573.75  591.58  610.03  629.01  648.50  668.50  688.99  709.94  731.13  751.65  769.58  783.87  792.59  797.31  799.49  799.68  799.68  799.49  797.31  792.59  783.91  769.70  752.01  732.03  712.11  693.29  676.34  661.56  648.62  636.07  622.79  608.34  592.58  575.84  558.73  541.67  524.90  508.51  492.51  476.91  461.54 
456.86  466.72  477.28  488.26  499.89  512.58  526.32  541.14  557.17  574.06  591.78  610.10  629.03  648.51  668.50  689.00  710.03  731.55  753.40  774.72  793.20  808.12  816.77  821.20  822.96  822.96  821.20  816.77  808.13  793.25  774.92  754.06  733.30  713.89  696.45  681.28  668.38  655.72  642.29  627.52  611.33  594.09  576.48  558.95  541.74  524.92  508.52  492.51  476.91  461.54 
462.30  472.07  481.86  492.70  503.81  515.51  528.57  542.65  558.02  574.62  592.06  610.27  629.09  648.52  668.50  689.00  710.04  731.60  753.70  776.24  798.42  817.42  832.88  840.95  844.71  844.71  840.95  832.88  817.46  798.58  776.81  755.30  735.24  717.30  701.70  688.73  675.96  662.31  647.20  630.57  612.81  594.68  576.67  559.01  541.76  524.93  508.52  492.51  476.91  461.54 
467.73  477.67  487.36  497.18  508.00  519.07  531.01  544.46  559.20  575.37  592.51  610.53  629.26  648.57  668.51  689.01  710.04  731.61  753.73  776.41  799.64  822.55  840.96  855.73  860.81  860.81  855.73  840.98  822.69  800.15  777.90  757.24  738.80  722.69  709.73  696.77  682.87  667.41  650.32  632.00  613.34  594.84  576.72  559.02  541.76  524.93  508.52  492.51  476.91  461.54 
472.58  483.27  493.02  502.52  512.21  522.68  534.03  546.59  560.76  576.39  593.16  610.94  629.50  648.74  668.55  689.01  710.04  731.61  753.73  776.41  799.68  822.97  844.71  860.81  867.24  867.24  860.82  844.83  823.41  801.09  779.79  760.89  744.17  731.32  718.15  704.00  688.16  670.59  651.69  632.48  613.48  594.88  576.72  559.02  541.76  524.93  508.52  492.51  476.91  461.54 
476.72  488.26  498.86  508.37  517.41  526.63  537.29  549.07  562.60  577.79  594.22  611.58  629.91  648.97  668.74  689.03  710.04  731.61  753.73  776.41  799.68  822.97  844.71  860.81  867.24  867.24  860.92  844.97  824.17  802.77  783.43  766.08  753.51  740.09  725.67  709.44  691.40  671.87  652.10  632.59  613.50  594.88  576.72  559.02  541.76  524.93  508.52  492.51  476.91  461.54 
479.88  492.46  503.80  514.18  523.11  531.92  541.31  552.36  565.04  579.57  595.57  612.61  630.47  649.32  668.88  689.18  710.05  731.61  753.73  776.41  799.68  822.91  844.21  856.21  865.17  865.27  856.45  845.33  825.34  806.25  787.88  776.07  762.44  747.93  731.29  712.77  692.57  672.22  652.18  632.60  613.50  594.88  576.72  559.02  541.76  524.93  508.52  492.51  476.91  461.54 
482.10  495.77  508.33  519.54  529.59  538.15  546.85  556.61  568.33  581.98  597.29  613.91  631.47  649.78  669.17  689.31  710.14  731.60  753.72  776.34  799.01  820.34  836.62  848.53  853.98  854.12  849.64  839.03  827.44  808.23  797.20  784.22  770.53  753.56  734.71  713.78  692.85  672.27  652.19  632.60  613.50  594.88  576.72  559.02  541.76  524.93  508.52  492.51  476.91  461.54 
483.46  498.02  511.85  524.47  535.63  545.31  553.86  562.91  573.11  585.28  599.62  615.46  632.59  650.63  669.45  689.54  710.18  731.64  753.56  775.49  795.96  812.48  824.58  831.70  834.73  834.94  833.93  831.64  824.10  814.40  803.49  791.71  775.27  757.00  735.53  714.01  692.88  672.28  652.19  632.60  613.50  594.88  576.72  559.02  541.76  524.93  508.52  492.51  476.91  461.54 
484.18  499.44  514.18  528.16  540.99  552.12  561.87  570.59  579.53  590.07  602.61  617.48  633.77  651.40  670.08  689.54  710.32  731.49  752.61  772.24  788.30  800.09  807.38  810.94  812.22  812.79  814.92  818.53  818.72  814.81  805.83  794.50  777.77  757.27  735.56  714.01  692.88  672.28  652.19  632.60  613.50  594.88  576.72  559.02  541.76  524.93  508.52  492.51  476.91  461.54 
484.61  500.17  515.58  530.71  544.94  557.90  568.95  578.78  587.37  596.14  607.03  619.85  635.28  651.98  670.43  689.91  710.15  730.38  749.28  764.81  776.25  783.47  787.13  788.64  789.94  793.05  799.00  804.69  808.64  809.66  805.83  794.50  777.77  757.27  735.56  714.01  692.88  672.28  652.19  632.60  613.50  594.88  576.72  559.02  541.76  524.93  508.52  492.51  476.91  461.54 
484.85  500.60  516.31  532.07  547.50  561.77  575.04  585.61  595.44  603.54  612.38  623.62  636.67  653.26  670.63  689.97  709.12  727.06  742.00  753.09  760.18  763.93  765.65  767.16  770.43  776.41  783.78  791.58  795.70  799.16  797.92  791.10  777.40  757.23  735.55  714.01  692.88  672.28  652.19  632.60  613.50  594.88  576.72  559.02  541.76  524.93  508.52  492.51  476.91  461.54 
485.00  500.84  516.76  532.81  548.77  564.32  578.63  591.79  601.87  610.62  618.76  627.61  639.27  653.32  671.32  689.08  705.84  719.99  730.61  737.55  741.33  743.23  744.92  748.20  754.01  761.27  769.54  776.65  782.15  784.19  784.92  780.78  769.91  755.13  735.07  713.84  692.86  672.28  652.19  632.60  613.50  594.88  576.72  559.02  541.76  524.93  508.52  492.51  476.91  461.54 
485.01  500.92  516.92  533.11  549.29  565.25  580.64  594.83  607.08  616.19  623.61  632.00  640.76  654.45  670.39  686.07  699.17  709.13  715.71  719.43  721.42  723.22  726.50  732.03  739.05  747.02  754.30  760.16  763.56  765.82  765.40  763.91  758.42  747.19  732.44  713.17  692.66  672.24  652.18  632.60  613.50  594.88  576.72  559.02  541.76  524.93  508.52  492.51  476.91  461.54 
485.01  500.93  517.00  533.27  549.60  565.76  581.51  596.24  608.98  618.44  625.87  633.36  642.07  654.45  667.80  679.53  688.62  694.72  698.24  700.23  702.10  705.31  710.60  717.36  724.95  731.97  737.72  741.31  743.67  744.18  744.42  743.42  741.35  735.62  724.75  710.26  691.80  671.99  652.13  632.59  613.50  594.88  576.72  559.02  541.76  524.93  508.52  492.51  476.91  461.54 
485.01  500.93  517.00  533.27  549.59  565.76  581.50  596.25  608.96  618.47  625.81  633.45  641.92  651.78  661.43  669.28  674.69  677.85  679.71  681.56  684.69  689.71  696.21  703.44  710.21  715.73  719.34  721.72  722.40  722.73  722.59  722.54  721.43  719.12  713.32  702.85  688.69  670.97  651.82  632.51  613.48  594.88  576.72  559.02  541.76  524.93  508.52  492.51  476.91  461.54 
485.01  500.92  516.92  533.11  549.29  565.25  580.64  594.82  607.09  616.16  623.62  631.55  637.64  644.65  650.98  655.81  658.41  659.98  661.66  664.63  669.40  675.57  682.49  688.99  694.32  697.92  700.20  701.01  701.34  701.27  701.36  701.25  701.08  699.97  697.45  691.63  681.50  667.70  650.65  632.14  613.38  594.85  576.72  559.02  541.76  524.93  508.52  492.51  476.91  461.54 
485.01  500.85  516.76  532.81  548.76  564.32  578.62  591.80  601.84  610.54  618.04  624.10  629.35  633.79  637.85  639.75  640.88  642.32  645.07  649.59  655.45  662.06  668.32  673.46  677.02  679.24  680.15  680.48  680.47  680.53  680.48  680.52  680.43  680.17  679.02  676.34  670.53  660.69  647.28  630.84  612.95  594.72  576.68  559.01  541.76  524.93  508.52  492.51  476.91  461.56 
484.93  500.66  516.34  532.05  547.47  561.72  575.01  585.55  595.26  602.56  608.53  613.57  617.16  620.36  621.61  622.55  623.67  626.12  630.33  635.90  642.15  648.17  653.14  656.64  658.82  659.79  660.15  660.19  660.22  660.19  660.22  660.19  660.21  660.12  659.78  658.58  655.78  649.98  640.41  627.39  611.53  594.22  576.53  558.97  541.75  524.92  508.52  492.51  476.92  461.69 
484.85  500.35  515.63  530.69  544.83  557.78  568.78  578.46  586.11  591.98  596.85  600.40  602.91  603.98  604.69  605.61  607.71  611.57  616.91  622.82  628.53  633.34  636.77  638.93  639.94  640.33  640.40  640.43  640.41  640.43  640.41  640.43  640.41  640.41  640.30  639.90  638.64  635.74  629.98  620.66  608.02  592.71  575.97  558.78  541.69  524.91  508.51  492.51  476.95  462.32 
484.86  499.94  514.36  528.06  540.69  551.69  561.19  568.96  575.02  579.73  583.23  585.65  586.79  587.27  588.00  589.77  593.41  598.37  603.98  609.40  614.04  617.41  619.53  620.59  621.00  621.10  621.13  621.12  621.13  621.12  621.13  621.12  621.13  621.12  621.11  620.98  620.52  619.20  616.22  610.50  601.42  589.16  574.37  558.16  541.48  524.84  508.49  492.51  477.21  465.10 
485.12  499.28  512.24  524.04  534.72  543.99  551.63  557.76  562.49  565.92  568.27  569.46  570.02  570.68  572.30  575.70  580.31  585.61  590.76  595.24  598.53  600.63  601.71  602.16  602.28  602.31  602.31  602.32  602.31  602.32  602.31  602.32  602.31  602.32  602.31  602.28  602.13  601.62  600.24  597.20  591.53  582.67  570.78  556.49  540.80  524.60  508.41  492.49  479.08  472.76 
485.56  497.72  508.69  518.72  527.26  534.61  540.69  545.29  548.84  551.14  552.37  552.99  553.59  555.17  558.28  562.70  567.70  572.61  576.92  580.13  582.21  583.31  583.78  583.93  583.97  583.97  583.97  583.97  583.97  583.97  583.97  583.97  583.97  583.97  583.97  583.96  583.95  583.78  583.25  581.81  578.72  573.11  564.45  552.89  539.06  523.86  508.14  492.99  487.19  482.35 
485.33  495.66  504.62  511.85  518.36  523.96  528.58  531.98  534.26  535.79  536.47  537.14  538.47  541.44  545.47  550.25  554.91  559.06  562.20  564.25  565.37  565.86  566.03  566.08  566.08  566.09  566.09  566.09  566.09  566.09  566.09  566.09  566.09  566.09  566.09  566.11  566.13  566.20  566.13  565.57  564.07  560.83  555.27  546.74  535.49  522.07  507.39  501.83  497.25  491.61 
483.74  492.28  498.13  503.26  508.00  512.28  515.60  518.35  519.89  521.18  521.91  523.24  525.51  529.09  533.38  537.80  541.66  544.72  546.74  547.87  548.39  548.58  548.64  548.65  548.65  548.65  548.65  548.65  548.65  548.65  548.65  548.65  548.65  548.66  548.75  548.88  549.06  549.20  549.52  549.45  548.84  546.96  543.69  537.92  529.50  520.95  516.92  512.36  506.96  498.85 
480.95  486.61  490.15  493.43  496.90  500.05  502.86  505.03  507.18  509.20  510.52  512.62  514.75  517.98  521.39  524.86  527.68  529.68  530.81  531.36  531.56  531.63  531.64  531.65  531.64  531.65  531.64  531.65  531.65  531.65  531.65  531.65  531.68  531.84  532.36  534.12  541.34  545.98  547.49  547.50  547.53  546.53  544.35  541.09  536.01  532.51  527.84  522.56  514.39  503.85 
475.92  479.53  480.87  483.15  485.22  488.10  490.82  494.97  498.51  501.66  503.61  505.57  506.60  507.17  509.59  511.50  513.17  514.19  514.75  514.97  515.04  515.06  515.07  515.07  515.07  515.07  515.07  515.07  515.07  515.07  515.08  515.16  515.57  517.55  530.21  541.34  549.93  556.93  561.15  561.50  561.46  559.75  556.72  551.11  548.17  543.57  538.62  530.14  519.51  506.56 
469.69  471.23  470.96  471.88  473.97  477.27  483.15  488.39  495.25  499.10  500.69  499.68  498.26  498.34  497.44  497.65  498.12  498.55  498.79  498.87  498.90  498.90  498.90  498.90  498.90  498.90  498.90  498.90  498.91  498.94  499.13  499.97  503.33  517.79  532.34  546.08  556.93  565.00  569.90  572.61  572.68  570.50  564.51  562.57  557.77  554.27  545.91  535.41  522.20  507.51 
462.59  461.87  461.31  461.49  464.23  470.87  479.29  487.88  494.77  498.75  498.63  497.89  493.59  490.07  486.48  483.60  483.18  483.15  483.11  483.13  483.14  483.14  483.14  483.14  483.14  483.14  483.14  483.16  483.23  483.58  485.00  489.92  503.76  518.34  533.16  547.88  561.21  569.88  576.47  578.86  578.86  575.62  571.81  567.81  565.46  558.84  550.89  537.98  523.04  507.71 
453.72  453.99  451.54  452.30  458.48  469.63  480.90  489.84  495.81  497.29  496.88  496.94  493.54  485.79  478.70  472.78  469.08  468.08  467.81  467.77  467.77  467.77  467.77  467.77  467.77  467.78  467.81  467.95  468.53  470.76  478.51  491.41  504.64  518.76  533.49  548.18  561.83  572.57  578.80  579.71  580.15  577.82  574.35  570.98  566.88  561.91  552.45  538.42  523.18  507.69 
445.74  445.33  443.43  447.41  457.69  469.57  480.96  489.97  495.00  495.94  496.30  495.76  493.03  485.65  475.52  465.62  458.62  454.62  453.24  452.86  452.79  452.79  452.79  452.79  452.80  452.86  453.09  453.97  457.04  466.64  479.71  493.04  506.17  519.56  533.75  548.39  561.96  572.83  578.65  580.02  579.11  578.17  574.15  571.10  566.93  560.88  551.11  538.01  523.04  507.71 
435.96  435.44  437.58  446.00  457.23  468.61  479.19  487.45  491.10  494.72  494.54  493.25  490.58  483.78  473.82  462.47  451.79  444.62  440.40  438.79  438.31  438.20  438.18  438.21  438.30  438.64  439.86  443.68  453.90  467.33  480.87  494.18  507.80  520.97  534.15  548.23  560.55  569.99  574.14  576.01  576.51  571.41  569.70  565.28  562.88  556.18  547.69  536.54  522.56  507.55 
424.62  427.17  435.16  444.89  455.60  466.09  475.33  480.87  487.42  489.67  489.78  487.53  484.30  479.72  470.99  460.69  449.09  438.37  431.00  426.57  424.73  424.13  423.98  424.12  424.60  426.17  430.59  440.70  454.14  467.80  481.51  495.32  508.74  522.16  535.06  547.34  557.12  562.29  565.35  567.64  567.25  565.19  558.58  556.06  552.66  549.47  541.70  531.95  520.68  506.96 
416.08  423.84  432.80  442.78  452.71  461.82  468.49  475.25  479.05  480.82  480.76  479.14  476.90  471.73  466.20  457.31  447.24  435.93  425.46  417.80  413.12  411.04  410.32  410.95  412.86  417.76  427.72  440.65  454.16  468.02  481.97  495.76  509.42  522.66  535.00  544.52  549.17  552.90  554.17  554.82  554.87  553.21  550.14  544.41  541.04  537.53  533.43  525.78  516.24  504.99 
411.82  420.69  430.09  439.54  448.23  455.06  461.62  465.77  468.16  469.10  469.14  468.92  466.63  463.58  458.45  452.46  443.82  433.98  423.09  412.84  404.97  400.06  397.75  399.93  405.21  415.02  427.46  440.63  454.19  467.98  482.09  496.04  509.87  522.81  532.17  537.32  540.12  540.64  540.87  540.49  540.28  539.54  537.51  534.25  529.07  525.44  521.84  517.49  510.17  500.74 
408.36  417.59  426.65  434.97  441.75  447.93  452.18  454.59  455.88  456.27  456.25  456.25  455.57  453.16  450.02  445.00  438.95  430.66  421.07  410.54  400.49  392.50  387.39  392.94  402.58  414.61  427.43  440.65  454.16  468.02  482.02  496.17  509.65  519.43  525.39  527.88  528.10  527.16  526.37  525.94  525.39  524.88  523.90  521.80  518.50  513.79  510.12  506.51  502.01  494.77 
405.15  414.04  422.05  428.73  434.62  438.78  441.23  442.65  443.09  443.12  443.14  443.12  443.04  442.12  439.85  436.67  431.85  425.82  417.82  408.49  398.29  388.45  381.00  390.44  402.08  414.55  427.43  440.62  454.15  467.87  481.80  495.15  505.19  512.22  515.33  515.10  514.47  513.99  512.57  511.45  510.84  510.16  509.58  508.51  506.41  503.17  498.83  495.18  491.55  486.79 
401.56  409.45  416.01  421.66  425.73  428.20  429.60  430.10  430.17  430.18  430.17  430.18  430.16  430.00  429.03  426.85  423.67  419.01  413.05  405.29  396.23  386.35  378.60  389.87  402.00  414.55  427.41  440.59  453.97  467.50  480.37  490.55  497.64  501.23  501.86  501.55  501.27  500.05  499.23  497.75  496.64  495.90  495.22  494.59  493.48  491.41  488.25  484.22  480.61  476.78 
397.03  403.59  409.03  413.01  415.48  416.88  417.42  417.53  417.55  417.54  417.55  417.54  417.55  417.52  417.28  416.28  414.17  411.02  406.48  400.61  393.09  384.30  377.97  389.76  401.99  414.53  427.36  440.39  453.49  465.85  475.80  482.79  486.53  487.60  487.70  487.63  487.36  486.79  485.59  484.57  483.18  482.08  481.32  480.65  479.98  478.84  476.80  473.73  469.94  466.22 
391.24  396.59  400.48  402.94  404.33  404.92  405.06  405.09  405.09  405.09  405.09  405.09  405.09  405.09  405.03  404.74  403.72  401.66  398.55  394.12  388.36  381.06  377.70  389.60  401.81  414.31  426.98  439.64  451.51  461.17  468.00  471.81  473.13  473.34  473.41  473.34  473.25  472.90  472.26  471.14  470.06  468.77  467.70  466.94  466.28  465.57  464.40  462.39  459.43  455.72 
