#Value Function.
12.1072 12.4988 12.9163 13.0411 13.1391 13.2319 13.3503 13.5538 13.8517 14.2541 14.6062 15.0772 15.3527 15.5268 15.8321 16.1690 16.4171 16.8307 17.2860 17.6602 17.9615 18.2095 18.3862 18.5218 18.7131 18.9768 19.0821 19.0993 19.0938 19.0930 19.0834 19.0467 18.9224 18.8389 18.7651 18.7265 18.6928 18.6087 18.4707 18.3947 18.0562 17.6652 17.2498 16.8399 16.4626 16.0678 15.7633 15.6018 15.5339 15.4700
12.1091 12.5206 12.9129 13.3813 13.4352 13.5467 13.6350 13.7540 13.9719 14.2847 14.7247 15.0540 15.6147 15.8233 15.9800 16.3241 16.6792 16.8918 17.3581 17.8335 18.2040 18.5044 18.7559 18.9254 19.0511 19.2547 19.5575 19.6311 19.6387 19.6295 19.6075 19.4543 19.3759 19.2949 19.2596 19.2343 19.1545 18.9790 18.9692 18.5820 18.1768 17.7468 17.3198 16.9462 16.5235 16.2013 16.0439 15.9884 15.9419 15.7994
12.1000 12.5194 12.9381 13.2250 13.6909 13.8419 13.9612 14.0416 14.1616 14.3971 14.7220 15.2205 15.3750 15.6836 15.9885 16.2831 16.6305 17.0052 17.4230 17.8906 18.3933 18.7526 19.0539 19.3105 19.4703 19.5830 19.8018 20.1582 20.1777 20.1846 19.9854 19.9219 19.8291 19.7983 19.7818 19.7145 19.4941 19.4370 19.1109 18.6940 18.2509 17.8001 17.4417 16.9831 16.6404 16.4896 16.4482 16.4168 16.2893 15.9739
12.0463 12.5192 12.8382 13.2476 13.5703 14.0455 14.2785 14.3836 14.4562 14.5773 14.8352 15.0559 15.4307 15.8259 16.1696 16.4756 16.7887 17.1360 17.5191 17.9512 18.4363 18.9736 19.3097 19.6168 19.8804 20.0266 20.1230 20.3602 20.7919 20.5163 20.4865 20.3728 20.3494 20.3398 20.2988 20.0210 19.9181 19.6457 19.2192 18.7920 18.2825 17.9590 17.4514 17.0850 16.9447 16.9188 16.9031 16.7916 16.4525 16.0517
12.0280 12.4499 12.8285 13.1726 13.5979 13.9499 14.4174 14.7438 14.8094 14.8801 15.0005 15.1992 15.5157 15.9121 16.3244 16.6667 16.9726 17.2924 17.6518 18.0458 18.4930 18.9948 19.5783 19.8714 20.1955 20.4663 20.5941 20.6702 20.9287 21.0760 20.9242 20.9129 20.9048 20.9120 20.5638 20.3772 20.1946 19.7576 19.3352 18.7943 18.2910 17.8494 17.5336 17.4098 17.4010 17.3994 17.3143 16.9365 16.5141 16.1392
12.0547 12.4267 12.7768 13.1729 13.5405 13.9747 14.3905 14.7704 14.9837 15.1902 15.3334 15.4359 15.6487 15.9887 16.4075 16.8381 17.1744 17.4807 17.8082 18.1813 18.5853 19.0489 19.5646 20.2130 20.4310 20.7942 21.0682 21.1725 21.2237 21.4496 21.4921 21.4934 21.3766 21.1337 20.7197 20.5447 20.2960 19.7276 19.2389 18.7980 18.3334 18.0168 17.7920 17.8963 17.9032 17.8623 17.4299 16.9798 16.5967 16.2958
12.0944 12.4569 12.8124 13.1713 13.5488 13.9559 14.3667 14.8648 15.1042 15.3663 15.6728 15.7878 15.8779 16.1102 16.4754 16.9170 17.3683 17.6916 18.0005 18.3364 18.7252 19.1375 19.6201 20.1431 20.6849 21.0109 21.4142 21.6860 21.7614 21.7889 22.0610 21.8442 21.7586 21.1872 20.9570 20.7416 20.1513 19.7264 19.2083 18.8242 18.5139 18.2721 18.2056 18.2015 18.4429 17.9298 17.4546 17.0539 16.7809 16.4043
12.1140 12.5033 12.8660 13.2298 13.5958 13.9834 14.4058 14.8163 15.3041 15.5176 15.8411 16.1742 16.2460 16.3268 16.5849 16.9762 17.4408 17.9166 18.2164 18.5331 18.8771 19.2845 19.7018 20.1831 20.6803 21.2684 21.6095 22.0570 22.3192 22.3600 22.3502 22.2762 21.7183 21.3542 21.2028 20.5961 20.1631 19.6640 19.3407 19.0256 18.7727 18.6288 18.6157 18.7386 18.4138 17.9408 17.5127 17.2814 16.8728 16.5398
12.1355 12.5200 12.9197 13.2844 13.6582 14.0305 14.4288 14.8630 15.2784 15.7172 15.9765 16.3302 16.6977 16.7038 16.7837 17.0743 17.4915 17.9788 18.4856 18.7454 19.0810 19.4296 19.8609 20.2797 20.7872 21.2678 21.8366 22.2272 22.7251 22.9593 22.8713 22.2376 21.8284 21.6473 21.0322 20.6054 20.1787 19.8819 19.5508 19.2841 19.1355 19.1120 19.1505 18.9391 18.4280 17.9663 17.8110 17.3355 17.0424 16.5554
12.1730 12.5390 12.9321 13.3488 13.7112 14.0985 14.4752 14.8858 15.3400 15.7559 16.1114 16.4009 16.8440 17.2238 17.1042 17.2627 17.5773 18.0217 18.5307 19.0794 19.2729 19.6487 19.9918 20.4568 20.8674 21.4143 21.8801 22.3910 22.8750 23.4312 22.6878 22.2834 22.0739 21.4929 21.1336 20.7134 20.4442 20.0883 19.8064 19.6507 19.6459 19.6305 19.3449 18.9434 18.4375 18.1413 17.6213 17.2842 16.9772 16.6448
12.2644 12.5676 12.9504 13.3544 13.7920 14.1452 14.5525 14.9293 15.3475 15.7218 15.9622 16.3902 16.7941 17.2439 17.6127 17.5430 17.7619 18.0925 18.5681 19.0948 19.7045 19.7890 20.2450 20.5588 21.0774 21.4600 22.0690 22.5181 22.8304 22.4588 22.3805 22.4382 21.9418 21.7342 21.2549 21.0306 20.6346 20.3514 20.1128 20.1816 20.1982 19.7336 19.4870 18.9351 18.5326 18.0101 17.6179 17.4551 17.1478 16.6746
12.4279 12.6525 12.9681 13.3747 13.7861 14.2517 14.5835 15.0230 15.2348 15.5163 15.9155 16.3152 16.8056 17.1836 17.6588 18.0491 18.0065 18.2818 18.6179 19.1330 19.6682 20.0992 20.3235 20.8757 21.1216 21.7358 22.0736 22.3337 22.2349 22.4288 22.3413 22.2494 22.3901 21.7864 21.6486 21.1854 20.9145 20.6406 20.5285 20.6686 20.0877 19.8744 19.3228 18.9262 18.4344 18.0131 17.8809 17.6672 17.1557 16.6789
12.6513 12.8161 13.0454 13.3792 13.8134 14.2254 14.7316 14.7930 15.0667 15.4434 15.8439 16.2993 16.7144 17.2763 17.6606 18.0913 18.4039 18.4904 18.8241 19.1502 19.6937 20.1817 20.6356 20.8769 21.5496 21.6247 21.9189 21.7559 21.8203 22.0565 22.3387 22.3174 22.2269 22.3135 21.7332 21.4956 21.2053 20.9755 21.1221 20.5201 20.3314 19.7978 19.4092 18.8645 18.4099 18.2764 18.0022 17.4852 17.1485 16.6831
12.8513 13.0582 13.2057 13.4481 13.8009 14.2284 14.4148 14.7879 15.1550 15.5253 15.9192 16.3089 16.7498 17.1725 17.7040 18.2007 18.5171 18.8155 19.0090 19.3885 19.6875 20.3043 20.6267 21.2908 21.1678 21.5247 21.2874 21.3119 21.6578 21.6795 21.7392 22.2868 22.3395 22.2670 22.0992 21.7883 21.5098 21.4393 20.8906 20.7081 20.3195 19.8615 19.3171 18.8810 18.6825 18.3982 17.8673 17.4862 17.0279 16.6535
12.8911 13.2954 13.4651 13.6011 13.8620 14.1837 14.5199 14.8650 15.2559 15.6278 16.0057 16.4150 16.8058 17.2674 17.6634 18.1021 18.7055 18.8910 19.2501 19.5012 19.9885 20.2172 20.8811 20.7576 21.2361 20.8571 20.8546 21.2396 21.1494 21.1934 21.7108 21.8694 22.2030 22.4329 22.1590 21.8850 21.7124 21.3466 21.0928 20.7372 20.2812 19.8248 19.3963 19.0221 18.5898 18.1925 17.8578 17.3953 16.9962 16.5640
12.9164 13.3173 13.7920 13.8280 13.9983 14.2951 14.6301 14.9752 15.3250 15.7386 16.1112 16.4976 16.9260 17.3115 17.8109 18.1490 18.5517 18.9541 19.2529 19.5451 19.8926 20.5173 20.3720 20.7614 20.5416 20.5326 20.8168 20.5867 20.6587 21.1492 21.4531 21.7050 21.9805 22.1352 22.1689 21.9395 21.5077 21.3417 20.9376 20.6103 20.2337 19.8624 19.4207 18.9234 18.5615 18.2486 17.7329 17.3528 16.9238 16.5180
12.8935 13.3546 13.7258 14.2129 14.2101 14.4211 14.7415 15.0883 15.4423 15.7942 16.2382 16.6038 17.0013 17.4538 17.8225 18.3840 18.6740 18.7662 18.9909 19.3723 19.9693 19.9994 20.2211 20.1083 20.1715 20.3973 20.1707 20.1638 20.6629 21.0176 21.2112 21.4614 21.6767 21.5999 21.8842 21.8589 21.3988 21.1090 20.7507 20.3753 20.1517 19.7078 19.3133 18.8842 18.4262 18.0566 17.7158 17.2620 16.8687 16.4537
12.9047 13.3165 13.7367 13.9787 14.4526 14.6160 14.8572 15.2017 15.5583 15.9221 16.2709 16.7582 17.1032 17.5178 18.0013 18.3329 18.2951 18.5705 18.9182 19.5403 19.5599 19.7356 19.5894 19.6408 19.9593 19.7682 19.8202 20.2708 20.6032 20.8108 20.9728 21.2114 21.0510 21.3360 21.4975 21.3992 21.3367 20.9370 20.5430 20.1800 19.8340 19.6851 19.2024 18.7857 18.3647 17.9333 17.5613 17.2083 16.7915 16.3940
12.9575 13.3242 13.6466 14.0296 14.3366 14.7640 14.9889 15.3174 15.6741 16.0401 16.4156 16.7528 17.3040 17.6046 18.0490 17.9471 18.1499 18.4473 19.0586 19.2009 19.3130 19.1125 19.1697 19.5572 19.3369 19.3418 19.8891 20.0525 20.3800 20.6666 20.8426 20.6831 20.8739 21.0308 21.0642 21.0561 20.8726 20.8103 20.4261 19.9969 19.6291 19.3148 19.2637 18.7146 18.2780 17.8609 17.4478 17.0767 16.7199 16.3215
12.9405 13.3993 13.7555 14.0764 14.4232 14.7753 15.1813 15.3711 15.8071 16.1551 16.5346 16.9244 17.2034 17.7558 17.5956 17.7559 18.0300 18.5025 18.8347 18.8856 18.7143 18.7825 19.0675 18.9370 18.9409 19.4378 19.5322 20.0075 20.1977 20.5030 20.2461 20.2937 20.5017 20.4678 20.5325 20.5558 20.5106 20.3245 20.3401 19.9301 19.4922 19.1025 18.8075 18.6513 18.2082 17.7811 17.3707 16.9711 16.6029 16.2417
12.9367 13.3685 13.8530 14.0876 14.3718 14.7825 15.1328 15.5507 15.7918 16.2023 16.6309 16.8988 17.3891 17.2580 17.4051 17.6844 18.1188 18.5803 18.5768 18.3362 18.3767 18.6399 18.4684 18.4753 18.8156 19.0093 19.4072 19.6964 20.0329 19.8179 19.8475 20.0338 19.8956 19.9991 20.2155 20.0691 19.9795 19.9282 19.8066 19.7872 19.5232 19.0567 18.6277 18.3057 18.0861 17.7006 17.2927 16.8922 16.5038 16.1350
12.8323 13.3901 13.6610 13.9495 14.3281 14.6926 15.1246 15.3814 15.7202 16.1259 16.4882 17.0398 16.8492 17.0422 17.3053 17.7992 18.2233 18.2398 18.0610 18.0077 18.2998 18.0595 18.0556 18.2428 18.4859 18.8705 19.1933 19.3758 19.3634 19.3844 19.4719 19.4024 19.4242 19.6344 19.6914 19.6859 19.5066 19.4604 19.4291 19.2608 19.1938 19.1692 18.6119 18.1483 17.8116 17.5535 17.2000 16.8125 16.4241 16.0411
12.8090 13.2394 13.5334 13.8931 14.2720 14.6722 15.0557 15.2627 15.6439 16.0338 16.5577 16.4916 16.6725 16.9393 17.3302 17.8431 18.0381 17.7484 17.6581 17.9573 17.7227 17.7154 17.7123 17.9785 18.4101 18.6516 18.7678 18.8013 18.8993 18.9218 19.0178 18.9062 19.0284 19.1223 19.2771 19.3824 19.1661 18.9691 18.9271 18.8970 18.7211 18.6371 18.5879 18.1947 17.6899 17.3307 17.0460 16.7103 16.3413 15.9608
12.6840 13.1231 13.4708 13.8439 14.2492 14.7440 14.8443 15.2487 15.5966 16.1197 16.0581 16.2830 16.5124 16.9933 17.4717 17.5724 17.4552 17.4164 17.4916 17.3732 17.3405 17.2232 17.4811 17.9301 18.0865 18.1922 18.2581 18.4100 18.4262 18.4246 18.4078 18.4531 18.5574 18.7029 18.8647 18.9633 18.9426 18.6460 18.4491 18.4688 18.3415 18.1869 18.0936 18.0007 17.7430 17.2395 16.8629 16.5589 16.2329 15.8746
12.5893 13.0585 13.4255 13.8209 14.2419 14.4335 14.7956 15.2187 15.7563 15.6832 15.8463 16.1241 16.5467 17.0304 17.1473 17.0081 17.0033 17.1000 16.9307 17.0076 16.8746 16.9939 17.4240 17.6738 17.6625 17.7252 17.8660 17.8745 17.8626 17.8684 17.9040 18.0088 18.1710 18.3507 18.6616 18.5204 18.5716 18.4745 18.1472 17.9507 18.0082 17.8246 17.6661 17.5609 17.4517 17.3083 16.8098 16.4351 16.0951 15.7647
12.5477 13.0143 13.3961 13.7741 14.0154 14.3570 14.7647 15.1946 15.2556 15.5014 15.6873 16.1722 16.5833 16.7304 16.5895 16.6075 16.7926 16.6045 16.6319 16.4711 16.5312 16.9195 17.3028 17.2222 17.2252 17.3907 17.3771 17.3371 17.4246 17.3704 17.4741 17.6352 17.8512 18.2119 18.3430 18.2731 18.0355 18.1596 18.0293 17.6698 17.4760 17.5886 17.3303 17.1599 17.0427 16.9430 16.9286 16.4021 15.9914 15.6399
12.4816 12.9773 13.3301 13.5983 13.9278 14.3123 14.6827 14.8364 15.1336 15.3025 15.7353 16.1533 16.3201 16.2389 16.2064 16.5004 16.3471 16.2335 16.1268 16.1049 16.4535 16.9936 16.7705 16.7809 16.8710 16.8475 16.8566 16.9649 16.8700 16.9549 17.1218 17.3711 17.8244 18.0264 18.0751 17.9157 17.7357 17.5966 17.7441 17.6034 17.2156 17.0304 17.0204 16.8291 16.6636 16.5405 16.4472 16.3601 15.9493 15.5489
12.4293 12.9028 13.1861 13.5066 13.8681 14.2059 14.4229 14.7918 15.0462 15.3404 15.7866 16.0003 15.9603 15.8360 15.9617 16.0344 15.9337 15.8501 15.7460 15.9983 16.5035 16.4340 16.4409 16.4405 16.3370 16.3578 16.4785 16.4185 16.4731 16.7404 17.0917 17.5284 17.8113 17.9231 17.6609 17.6535 17.4143 17.2275 17.1802 17.3201 17.1782 16.8005 16.5723 16.4940 16.3332 16.1766 16.0523 15.9550 15.8318 15.4864
12.3515 12.7791 13.0935 13.4354 13.7568 14.0229 14.4465 14.6763 15.0482 15.5467 15.6519 15.6764 15.5346 15.4793 15.6441 15.7148 15.5622 15.4571 15.5678 16.0337 15.9613 15.9812 16.0357 15.9562 15.9278 15.9628 16.0357 16.0442 16.4359 16.7527 17.2809 17.5965 17.6398 17.4977 17.4627 17.2073 17.2146 16.9353 16.7689 16.7596 16.8975 16.8118 16.4479 16.1355 16.0004 15.8487 15.6998 15.5758 15.4719 15.3264
12.2429 12.6888 13.0184 13.3472 13.7030 14.1154 14.3936 14.7500 15.1412 15.2314 15.1813 15.1720 15.1706 15.2313 15.4146 15.2150 15.2054 15.1976 15.5780 15.5048 15.5233 15.6253 15.5221 15.5277 15.5018 15.6978 15.6748 16.0750 16.4282 16.9761 17.2260 17.5049 17.4278 17.1535 17.0060 17.0389 16.7809 16.7750 16.4765 16.3565 16.3457 16.5068 16.4542 16.1764 15.7512 15.5407 15.3799 15.2343 15.1104 14.9954
12.2546 12.6257 13.0115 13.3307 13.7960 14.1310 14.5150 14.8451 14.7866 14.7278 14.7448 14.7143 14.8082 15.1133 14.8901 14.8958 14.8980 15.1033 15.0590 15.0761 15.2352 15.1164 15.1238 15.0712 15.3123 15.4005 15.7047 16.0652 16.6011 16.8046 17.1792 17.1323 17.0587 16.9034 16.6710 16.5310 16.5230 16.4170 16.3221 16.0307 15.9722 15.9666 16.0429 16.0142 15.9905 15.4870 15.1303 14.9332 14.7820 14.6516
12.2476 12.6731 12.9964 13.4545 13.7126 14.1000 14.6027 14.3654 14.3703 14.3262 14.2801 14.4127 14.7871 14.5820 14.5837 14.5225 14.5981 14.5985 14.6471 14.8921 14.7366 14.7420 14.6680 14.9617 15.1545 15.3998 15.8636 16.1924 16.4725 16.8165 16.8561 16.7584 16.8703 16.7463 16.4514 16.2054 16.0630 16.1082 16.0860 15.8484 15.5947 15.5318 15.5217 15.5387 15.5206 15.4457 15.0586 14.7203 14.5025 14.3384
12.2824 12.6505 13.1077 13.3111 13.6729 14.0688 14.0970 14.1075 13.9538 13.9200 14.0858 14.5437 14.2921 14.2736 14.1551 14.1275 14.1467 14.2108 14.3837 14.3866 14.4003 14.4044 14.6342 15.0013 15.1731 15.6731 15.8375 16.1587 16.4202 16.4700 16.4754 16.4190 16.5009 16.6218 16.5149 16.0405 15.7603 15.6125 15.6625 15.7627 15.4174 15.1680 15.0729 15.0482 15.0522 15.0328 14.9367 14.6239 14.3110 14.0794
12.1718 12.7255 12.9290 13.2489 13.5730 13.6424 13.6530 13.6523 13.6423 13.8421 14.3106 14.0472 14.0194 13.8763 13.8210 13.7289 13.8900 13.9056 13.9392 13.9998 14.2867 14.4722 14.8786 15.0027 15.4832 15.5993 15.7777 15.9556 16.1622 16.0961 15.9920 15.9981 16.1042 16.1889 16.2157 16.1012 15.6386 15.3327 15.2565 15.2478 15.4071 15.0113 14.7506 14.6304 14.5892 14.5810 14.5559 14.4527 14.1903 13.8992
12.1641 12.5672 12.8340 13.1048 13.1949 13.2125 13.2228 13.2755 13.5547 14.0263 13.8265 13.8000 13.6406 13.5730 13.4557 13.5448 13.4718 13.5297 13.7361 14.1372 14.2969 14.7757 14.9014 15.4031 15.3341 15.4147 15.5304 15.8841 15.6646 15.7204 15.6131 15.6024 15.6801 15.7279 15.8387 15.8389 15.6996 15.2343 14.9264 14.9019 14.8991 15.0519 14.6228 14.3449 14.2026 14.1446 14.1242 14.0920 13.9883 13.7573
12.0307 12.4195 12.6586 12.7587 12.7898 12.8357 12.9837 13.2888 13.6876 13.5625 13.5403 13.4163 13.3551 13.2220 13.2059 13.0984 13.1759 13.4986 13.9230 14.1450 14.6254 14.6430 15.1286 15.0375 15.0675 15.1901 15.5019 15.3715 15.3741 15.3358 15.2504 15.1903 15.2456 15.3312 15.3603 15.4966 15.4128 15.2597 14.8304 14.5344 14.5559 14.5527 14.6995 14.2477 13.9513 13.7888 13.7141 13.6813 13.6418 13.5357
11.8819 12.2285 12.3360 12.3854 12.4763 12.7993 12.9483 13.1958 13.2225 13.3659 13.1717 13.1077 12.9852 12.9122 12.8201 12.8614 13.1927 13.6160 13.9176 14.4158 14.3590 14.8256 14.7818 14.7709 14.7708 15.0503 14.9817 15.0052 15.1061 14.9431 14.9714 14.8786 14.8443 14.8955 15.0010 15.0627 15.1027 15.0542 14.7985 14.4239 14.1522 14.2126 14.2090 14.3483 13.8853 13.5699 13.3882 13.2971 13.2519 13.2008
11.6829 11.9254 11.9933 12.1069 12.3694 12.5459 12.7500 12.8459 13.1204 13.0034 12.9278 12.7614 12.6887 12.5846 12.5814 13.0088 13.2657 13.5676 14.0357 14.1429 14.5970 14.4972 14.5821 14.4535 14.5340 14.5383 14.6582 14.6129 14.6073 14.8000 14.5543 14.5726 14.6291 14.5243 14.5895 14.6512 14.8237 14.8323 14.6998 14.3903 14.0304 13.7810 13.8687 13.8537 13.9816 13.5281 13.1991 13.0000 12.8931 12.8315
11.3995 11.6096 11.7358 11.9611 12.1458 12.3306 12.4667 12.6835 12.6656 12.6789 12.5782 12.5043 12.3736 12.3637 12.6225 12.9639 13.2893 13.7095 13.9764 14.4486 14.2363 14.4681 14.2166 14.1314 14.0952 14.1830 14.2434 14.2790 14.3044 14.3045 14.4685 14.1791 14.1390 14.1514 14.2028 14.3339 14.3665 14.4306 14.4607 14.3582 14.0392 13.6536 13.4316 13.4988 13.5094 13.5870 13.1707 12.8366 12.6233 12.4975
11.1097 11.3662 11.5688 11.7535 11.9321 12.1041 12.4309 12.2647 12.2692 12.2588 12.2476 12.1785 12.1707 12.4428 12.7735 13.0143 13.3901 13.7028 14.1741 14.0241 14.0182 13.9773 13.9823 13.9003 13.7333 13.7957 13.8648 14.1117 13.8982 13.9865 14.0065 14.0921 13.8048 13.7658 13.8664 13.9149 13.9753 14.0485 14.0123 14.0439 14.0476 13.6471 13.2841 13.1023 13.2373 13.1339 13.2059 12.8764 12.5044 12.2768
10.8794 11.1881 11.3707 11.5469 11.7289 11.9758 11.9895 12.0006 11.8938 11.9671 11.8805 11.9369 12.2852 12.5654 12.8370 13.2009 13.4055 13.8618 13.8329 13.7819 13.6215 13.5793 13.5440 13.5565 13.5992 13.4358 13.6257 13.6363 13.8018 13.5671 13.6364 13.6948 13.7294 13.4405 13.4750 13.5292 13.5873 13.5913 13.7069 13.6647 13.7257 13.5868 13.2508 12.9208 12.7936 12.7973 12.7553 12.8092 12.6825 12.2693
10.6983 10.9964 11.1715 11.3517 11.5498 11.5909 11.6000 11.5984 11.6706 11.5654 11.6647 11.9766 12.3332 12.6976 12.9679 13.2371 13.6618 13.5087 13.5978 13.5304 13.3677 13.2204 13.1578 13.1569 13.1687 13.2582 13.2183 13.3336 13.3358 13.4926 13.2535 13.2866 13.4116 13.3521 13.0995 13.1468 13.1681 13.2486 13.2541 13.3724 13.2749 13.3780 13.1660 12.8610 12.5652 12.4196 12.3867 12.3657 12.3752 12.2446
10.5136 10.8034 10.9779 11.1449 11.1997 11.2145 11.2349 11.3524 11.3112 11.3344 11.6845 12.0619 12.3629 12.7416 13.1239 13.3070 13.1965 13.2033 13.1469 13.2580 13.2266 12.9915 12.8304 12.7551 12.8156 12.8191 12.9384 12.9224 13.0321 13.0252 13.0275 12.9618 12.9738 13.1943 12.9637 12.7563 12.8141 12.8395 12.9210 12.9207 13.0387 12.9352 13.0308 12.7726 12.4820 12.2098 12.0529 11.9959 11.9711 11.9543
10.3273 10.6091 10.7564 10.8182 10.8412 10.8764 10.9884 11.1575 11.0821 11.3206 11.6931 12.0775 12.4727 12.7525 12.8465 12.8400 12.9265 12.9109 12.8153 12.8292 12.9540 13.0079 12.6519 12.4574 12.4201 12.5038 12.5304 12.6802 12.6033 12.6100 12.6071 12.6008 12.7357 12.7508 12.9946 12.6200 12.4351 12.4937 12.5153 12.5959 12.5956 12.7077 12.5967 12.6823 12.3981 12.1141 11.8576 11.6939 11.6192 11.5819
10.1342 10.3805 10.4473 10.4784 10.5236 10.6298 10.7761 10.8728 10.9855 11.3258 11.7007 12.0858 12.4799 12.4275 12.4368 12.5125 12.6299 12.5358 12.5977 12.5267 12.5912 12.6768 12.6937 12.3233 12.1054 12.1389 12.2427 12.2457 12.3509 12.2360 12.2109 12.3100 12.3661 12.5359 12.5433 12.6226 12.2849 12.1194 12.1767 12.1974 12.2725 12.2635 12.3311 12.2994 12.3332 12.0371 11.7568 11.5107 11.3427 11.2507
9.9057  10.0855 10.1252 10.1780 10.2822 10.4324 10.6313 10.6692 10.9698 11.3306 11.6950 12.0153 12.0378 12.0610 12.1080 12.1963 12.1895 12.2037 12.1712 12.2800 12.2530 12.2733 12.2774 12.4098 12.0004 11.8338 11.8572 11.9274 11.9259 12.0311 11.9053 11.9779 12.1057 12.1407 12.1946 12.1863 12.3063 11.9548 11.8070 11.8595 11.8688 11.9138 11.9130 11.9865 11.9387 12.0258 11.7002 11.4121 11.1706 10.9958
9.6261  9.7802  9.8409  9.9481  10.1186 10.3898 10.3584 10.6249 10.9670 11.3075 11.5813 11.6403 11.6671 11.7136 11.7811 11.7887 11.7971 11.7942 11.8600 11.8685 11.9486 12.1289 11.9803 11.9688 11.9532 11.6615 11.5287 11.5458 11.6159 11.6146 11.7183 11.6929 11.7428 11.7858 11.8006 11.8798 11.8694 11.8590 11.6087 11.4830 11.5149 11.5275 11.5790 11.5866 11.7686 11.6269 11.7638 11.3772 11.0793 10.8351
9.3396  9.5116  9.6267  9.8194  10.1846 10.0642 10.2895 10.6106 10.9270 11.1695 11.2490 11.2823 11.3268 11.3811 11.3960 11.4040 11.4116 11.4610 11.4884 11.5672 11.7002 11.6995 11.7091 11.6118 11.5820 11.5333 11.3161 11.2241 11.2419 11.3121 11.3145 11.4025 11.3733 11.4177 11.4734 11.4774 11.4859 11.4796 11.4438 11.2574 11.1509 11.1914 11.2236 11.3490 11.3490 11.3588 11.3415 11.3265 11.0355 10.7479
9.0888  9.3111  9.5052  9.7839  9.8151  9.9625  10.2601 10.5536 10.7738 10.8648 10.9051 10.9475 10.9934 11.0120 11.0218 11.0351 11.0760 11.1136 11.1883 11.2918 11.3094 11.3160 11.3154 11.3108 11.2424 11.2030 11.1387 10.9718 10.9273 10.9466 11.0092 11.0271 11.1410 11.0810 11.0934 11.0990 11.0986 11.1035 11.0964 11.0508 10.9065 10.8611 10.9518 10.9679 10.9747 10.9738 10.9782 10.9660 10.9215 10.6855
8.8819  9.0810  9.3110  9.4140  9.5353  9.8008  10.0702 10.2724 10.3753 10.4624 10.5070 10.5487 10.5912 10.6174 10.6363 10.6482 10.6750 10.7137 10.7852 10.8755 10.9067 10.9256 10.9339 10.9347 10.9243 10.8727 10.8287 10.7587 10.6290 10.5746 10.6094 10.6574 10.8399 10.7747 10.7227 10.7206 10.7239 10.7248 10.7274 10.7182 10.6703 10.5601 10.5554 10.5776 10.5937 10.6014 10.6029 10.6048 10.5922 10.5323
