#Value_Function_Estimate.
29.16   29.81   30.71   31.29   31.23   31.33   31.09   31.09   30.96   30.95   30.89   30.87   31.22   31.28   31.32   31.30   31.34   31.29   30.95   30.58   30.47   30.50   30.45   30.36   31.28   32.33   33.43   34.51   35.80   37.14   38.45   39.71   40.73   42.22   42.97   44.21   44.65   44.95   46.07   47.37   48.80   48.80   48.92   48.46   48.42   48.17   48.01   47.45   46.77   45.64  
29.83   30.27   30.93   31.92   32.54   32.20   32.26   32.10   32.11   32.03   32.00   31.88   32.00   32.44   32.45   32.50   32.46   32.36   31.79   31.59   31.66   31.60   31.52   31.02   31.53   32.56   33.64   34.80   35.92   37.28   38.64   39.93   41.19   42.25   43.78   44.35   45.80   46.11   46.25   47.50   48.80   50.46   49.83   49.90   49.58   49.50   48.89   48.26   47.05   45.89  
30.66   30.97   31.41   32.07   33.17   33.48   33.25   33.30   33.21   33.19   33.04   33.08   33.02   33.16   33.71   33.64   33.65   32.89   33.02   32.86   32.77   32.76   32.16   31.91   31.94   32.78   33.87   35.00   36.25   37.51   38.82   40.14   41.42   42.82   43.70   44.79   45.98   47.58   47.33   47.54   48.95   49.83   51.42   50.99   51.04   50.32   49.79   48.47   47.29   46.22  
31.21   31.87   32.13   32.58   33.22   34.41   34.53   34.40   34.43   34.22   34.35   34.03   33.78   34.29   34.32   35.04   33.72   33.69   34.01   33.93   34.06   33.31   33.08   33.03   33.01   33.09   34.08   35.25   36.43   37.75   38.99   40.36   41.61   42.93   44.37   45.16   46.30   47.17   48.94   48.00   48.92   50.00   51.03   52.63   51.75   51.36   49.90   48.71   47.65   46.42  
31.14   32.46   33.12   33.31   33.79   34.37   34.78   35.38   35.38   35.52   35.33   34.72   34.62   34.67   35.70   34.64   34.55   34.87   34.89   35.34   34.47   34.28   34.24   34.23   34.18   34.05   34.29   35.44   36.69   37.89   39.26   40.44   41.85   43.05   44.38   45.95   46.56   47.78   47.89   49.41   49.16   50.28   51.49   52.17   53.03   51.32   50.13   49.12   47.81   46.78  
31.27   32.02   33.09   34.06   34.56   34.97   35.47   35.29   36.02   36.38   35.80   35.25   35.62   36.11   35.73   35.59   35.86   35.76   36.27   35.61   35.50   35.48   35.48   35.43   35.31   35.05   34.82   35.62   36.88   38.19   39.36   40.78   41.87   43.34   44.50   45.83   47.57   46.76   48.25   48.39   49.49   50.16   51.37   52.02   52.94   51.56   50.62   49.20   48.26   46.83  
31.53   32.33   33.18   34.07   34.94   35.71   36.23   36.44   36.37   36.66   36.29   36.61   36.68   36.71   36.71   36.73   36.76   37.16   36.79   36.76   36.75   36.75   36.71   36.59   36.32   36.00   35.86   36.12   37.01   38.38   39.70   40.80   42.30   43.27   44.87   45.94   46.01   47.05   47.34   48.19   48.81   49.89   50.64   51.44   51.67   52.19   50.57   49.77   48.25   46.88  
31.89   32.71   33.54   34.42   35.33   36.22   37.04   37.57   37.79   37.67   37.80   37.79   37.99   38.02   38.03   38.03   38.05   38.04   38.06   38.06   38.07   38.03   37.91   37.61   37.24   37.10   37.12   37.06   37.49   38.45   39.90   41.22   42.21   43.85   44.43   44.75   46.03   46.15   47.18   47.47   48.45   49.22   49.96   50.49   51.29   50.72   51.34   49.66   48.32   46.84  
32.22   33.08   33.93   34.79   35.68   36.61   37.55   38.43   38.98   39.20   39.03   39.26   39.19   39.37   39.37   39.40   39.39   39.41   39.40   39.42   39.38   39.26   38.92   38.50   38.35   38.41   38.35   38.21   37.50   39.06   39.87   41.42   42.75   43.02   43.46   44.77   45.04   46.00   46.17   47.04   47.82   48.53   49.10   49.79   50.55   49.88   49.68   49.68   48.24   46.89  
32.49   33.41   34.31   35.18   36.05   36.96   37.94   38.94   39.89   40.43   40.66   40.49   40.68   40.65   40.78   40.76   40.80   40.78   40.82   40.76   40.66   40.27   39.84   39.18   39.72   39.64   39.64   38.35   37.59   38.97   40.68   41.24   41.65   42.20   43.51   44.15   44.95   44.90   45.65   46.43   47.13   47.73   48.49   49.68   48.96   49.02   48.49   48.27   48.09   46.82  
32.74   33.68   34.64   35.56   36.46   37.34   38.28   39.33   40.37   41.38   41.90   42.11   41.93   42.10   42.12   42.23   42.18   42.24   42.18   42.11   41.66   41.25   40.38   40.40   40.43   41.15   39.63   38.42   37.55   39.09   39.79   40.29   41.16   42.76   43.02   43.89   43.63   44.29   45.05   45.75   46.39   47.27   48.26   47.94   48.14   47.61   47.54   47.10   46.86   46.56  
32.97   33.93   34.91   35.91   36.86   37.78   38.68   39.65   40.76   41.81   42.89   43.37   43.58   43.38   43.56   43.59   43.69   43.61   43.60   43.07   42.73   41.77   40.78   40.74   41.88   40.43   39.74   38.37   37.55   38.33   38.91   39.82   41.23   41.76   42.83   42.37   42.93   43.68   44.38   45.04   45.89   46.77   46.70   46.79   46.99   46.70   46.25   46.09   45.71   45.45  
33.20   34.17   35.17   36.19   37.23   38.22   39.16   40.07   41.06   42.20   43.25   44.44   44.86   45.10   44.95   45.18   45.05   45.15   44.51   44.32   43.29   42.12   41.50   42.16   40.72   40.42   39.20   38.38   37.14   37.53   38.47   39.75   40.54   42.00   41.30   41.57   42.30   43.02   43.70   44.51   45.32   45.68   45.80   45.56   45.43   45.94   45.32   44.88   44.66   44.32  
33.45   34.42   35.44   36.50   37.57   38.62   39.61   40.58   41.48   42.47   43.67   44.69   46.04   46.65   46.96   46.70   46.93   45.97   45.99   44.89   43.52   42.80   42.71   41.25   40.69   39.93   39.06   37.95   37.07   37.46   38.92   39.67   41.20   40.46   40.50   40.91   41.64   42.34   43.13   43.89   44.29   44.56   44.60   44.86   44.47   44.37   44.90   44.00   43.50   43.25  
33.76   34.72   35.77   36.83   37.93   39.00   40.03   41.03   42.01   42.90   43.90   45.17   46.24   47.61   48.26   48.61   47.22   47.67   46.40   44.99   44.08   43.17   42.34   41.35   41.44   39.83   38.55   37.70   36.70   37.55   38.83   40.43   39.68   39.71   39.56   40.24   40.97   41.74   42.46   42.88   43.16   43.37   43.83   43.33   43.83   43.42   43.34   44.05   42.69   42.13  
34.15   35.09   36.11   37.22   38.30   39.39   40.43   41.46   42.46   43.47   44.34   45.45   46.69   47.59   49.46   48.51   48.44   46.96   46.31   45.15   43.95   43.06   42.12   42.06   40.54   39.95   38.66   37.46   36.54   37.50   38.87   38.83   38.94   38.37   38.87   39.59   40.35   41.04   41.48   41.77   42.05   42.70   42.49   42.57   42.27   42.78   42.54   42.41   42.45   41.35  
34.49   35.51   36.53   37.58   38.71   39.77   40.85   41.87   42.90   43.91   45.09   45.78   46.94   48.14   48.71   48.65   48.12   46.98   45.98   44.92   43.84   43.19   42.00   41.50   40.83   40.02   38.72   37.82   36.94   37.37   37.51   37.57   37.49   37.56   38.24   38.97   39.64   40.09   40.40   40.71   41.31   41.92   41.40   41.33   41.87   41.29   41.82   41.22   41.03   40.92  
34.71   35.84   36.96   38.02   39.08   40.21   41.22   42.30   43.30   44.55   45.34   46.66   47.20   48.47   48.38   47.58   48.52   47.12   46.46   45.06   44.21   43.01   42.95   41.62   40.91   39.99   39.11   38.22   37.34   36.50   36.59   36.85   37.15   37.56   38.14   38.87   39.15   39.28   39.44   39.93   40.45   40.31   40.43   40.41   40.27   40.38   40.29   41.05   39.94   39.66  
34.88   36.01   37.30   38.47   39.54   40.57   41.70   42.66   43.76   44.73   46.10   46.75   48.41   47.45   47.46   48.09   47.04   48.09   46.37   45.76   44.32   43.92   42.81   42.27   41.31   40.44   39.52   38.62   37.78   36.82   37.45   37.90   38.20   38.54   38.97   39.56   40.40   40.62   40.74   40.86   40.85   40.97   41.29   41.18   41.30   40.95   40.66   40.40   40.18   40.00  
35.03   36.18   37.45   38.84   40.01   41.05   42.02   43.18   44.09   45.24   46.15   47.82   46.74   46.72   46.86   46.97   47.24   46.51   47.38   45.74   45.47   44.09   43.72   42.57   41.78   40.85   39.92   39.10   38.09   37.24   38.00   38.82   39.29   39.62   40.00   40.43   41.01   41.99   42.12   42.24   42.38   42.33   42.45   42.87   42.43   42.14   41.88   41.66   41.48   41.23  
35.25   36.29   37.62   38.97   40.41   41.54   42.53   43.45   44.68   45.51   46.86   46.13   46.15   46.12   45.83   45.91   46.09   47.13   45.96   47.12   45.50   45.26   43.83   43.24   42.18   41.23   40.44   39.41   38.18   38.04   38.52   39.35   40.27   40.73   41.08   41.48   41.91   42.47   43.64   43.62   43.77   43.93   43.83   43.93   43.65   43.37   43.16   43.00   42.71   42.57  
35.52   36.51   37.70   39.16   40.50   41.99   43.04   44.01   44.87   46.27   45.27   45.30   46.13   44.84   44.70   45.13   45.79   45.72   46.93   45.65   46.89   45.25   44.69   43.42   42.68   41.82   40.77   39.47   38.30   39.00   39.36   39.84   40.75   41.77   42.21   42.56   42.98   43.41   43.90   45.36   44.94   44.85   45.57   44.82   44.89   44.66   44.53   44.20   44.09   43.90  
35.71   36.77   37.92   39.19   40.74   42.01   43.55   44.51   45.50   44.68   44.68   45.44   44.53   44.39   43.98   44.39   44.89   45.74   45.31   45.99   45.31   46.22   44.85   44.04   43.21   42.10   40.78   39.59   38.47   39.25   40.47   40.72   41.20   42.19   43.32   43.68   44.04   44.50   44.93   45.30   46.21   46.50   46.21   46.49   46.01   46.09   45.69   45.62   45.42   45.26  
36.09   36.91   38.20   39.42   40.71   42.32   43.48   45.13   43.97   43.95   45.14   43.90   43.77   43.15   43.27   43.96   44.61   44.17   44.50   44.56   45.81   44.79   45.43   44.61   43.50   42.10   40.92   39.74   38.88   39.35   40.63   42.02   42.09   42.58   43.65   44.91   45.15   45.54   46.03   46.48   46.73   47.18   47.94   47.48   47.61   47.19   47.19   46.96   46.81   46.64  
36.17   37.39   38.26   39.75   40.97   42.20   43.91   43.48   43.50   44.59   43.55   43.44   42.57   42.77   42.98   43.54   43.05   43.18   43.80   45.32   44.22   44.31   44.00   44.92   43.42   42.27   41.01   40.25   38.87   39.33   40.74   42.02   43.67   43.46   43.98   45.11   46.57   46.61   47.07   47.58   48.05   48.23   48.51   49.21   48.69   48.78   48.50   48.36   48.23   47.78  
36.24   37.41   38.88   39.69   41.36   42.50   42.26   42.68   43.97   43.08   42.98   42.21   41.94   42.12   42.30   41.95   42.05   43.02   44.03   43.67   44.27   43.07   43.45   43.35   43.40   42.27   41.68   40.15   38.93   39.40   40.69   42.17   43.04   44.64   44.87   45.38   46.57   48.32   47.99   48.57   49.13   49.68   49.80   50.01   50.47   50.07   49.96   49.87   49.40   48.76  
36.23   37.49   38.79   40.51   40.99   41.44   41.74   43.21   43.29   42.51   41.75   41.50   41.22   41.14   40.77   40.95   42.06   42.57   42.61   43.92   43.23   42.85   42.04   42.09   42.01   41.92   40.98   40.25   38.87   39.37   40.75   41.72   43.14   44.17   45.81   46.36   46.79   47.77   49.44   49.40   50.07   50.67   51.35   51.40   51.59   51.53   51.53   50.99   50.45   49.17  
36.29   37.46   38.92   39.59   40.47   41.45   43.03   42.44   41.86   41.79   41.09   40.32   40.18   39.83   40.14   40.86   41.21   41.44   42.84   42.58   43.62   42.16   41.48   40.80   40.75   40.68   40.50   39.68   38.88   39.38   40.40   41.71   42.82   44.32   45.50   47.17   47.91   48.24   48.89   50.50   50.84   51.63   52.24   53.08   53.01   53.23   52.57   52.18   50.77   49.57  
36.28   37.50   38.28   39.43   40.39   41.88   41.65   41.54   41.05   40.53   40.30   39.64   39.00   39.25   39.46   39.87   40.23   41.42   42.21   42.79   43.00   42.70   41.16   40.16   39.55   39.44   39.36   39.12   38.38   39.12   40.35   41.62   42.88   44.24   45.66   46.85   48.37   49.31   49.79   50.26   51.70   52.33   53.26   53.84   54.88   54.15   53.97   52.37   51.26   49.43  
36.31   37.18   38.36   39.34   40.76   40.45   40.71   40.34   40.16   39.69   39.14   38.85   38.38   38.15   38.54   39.01   40.21   41.02   41.92   42.46   42.58   41.74   41.47   39.92   38.88   38.30   38.16   38.05   37.96   39.28   40.50   41.67   43.08   44.24   45.73   46.89   48.35   49.85   50.51   51.40   51.60   53.06   53.53   54.82   55.41   55.84   53.95   52.47   50.93   49.60  
36.45   37.30   38.26   39.59   39.49   39.89   39.31   39.36   39.02   38.81   38.32   37.83   37.56   37.29   38.16   39.32   40.03   40.84   42.04   42.20   41.58   41.19   40.61   40.04   38.61   37.60   37.06   36.89   38.01   39.30   40.68   41.92   43.08   44.60   45.64   47.29   48.26   49.10   50.67   51.35   52.95   52.82   54.62   54.71   56.26   54.58   54.12   52.33   50.84   49.35  
36.43   37.52   38.39   38.96   39.34   38.59   38.58   38.16   38.12   37.76   37.50   37.11   36.66   37.12   38.48   39.58   40.07   41.55   41.65   41.96   41.66   40.38   39.82   39.70   38.67   37.55   36.38   36.92   38.05   39.36   40.67   42.12   43.37   44.50   46.16   46.81   47.69   49.26   50.38   52.18   51.75   53.09   54.28   56.21   54.50   54.52   53.07   52.35   50.73   49.24  
36.52   37.43   38.64   38.70   38.12   38.12   37.52   37.42   37.05   37.06   36.66   36.38   36.31   37.58   38.60   39.55   41.14   41.01   42.43   41.19   40.66   40.37   39.11   38.55   38.95   37.40   36.25   37.14   38.16   39.36   40.75   42.07   43.61   44.87   45.76   47.14   48.20   49.16   50.93   50.96   51.88   53.24   54.74   54.32   54.50   53.58   52.94   51.55   50.65   49.13  
36.48   37.57   38.37   37.67   37.58   37.37   37.03   36.52   36.94   36.11   35.98   35.63   36.70   37.81   38.68   40.27   40.65   42.15   41.47   40.90   39.88   39.54   38.95   37.83   37.43   37.42   36.50   37.41   38.36   39.45   40.72   42.18   43.49   45.14   45.80   47.34   48.70   49.79   50.02   50.78   52.20   53.43   53.08   54.12   53.15   53.63   52.12   51.30   50.04   49.00  
36.54   37.26   37.19   37.25   36.72   36.56   36.35   36.83   35.87   35.83   35.18   35.75   36.80   37.91   39.54   40.21   42.02   41.14   41.06   40.24   39.64   38.80   38.90   37.60   36.55   36.15   36.73   37.69   38.65   39.62   40.80   42.11   43.61   44.52   46.08   47.27   48.90   49.08   49.83   51.20   52.28   52.08   53.42   52.51   53.22   51.94   51.91   50.66   49.72   48.50  
36.22   36.24   36.27   36.22   36.20   35.77   35.80   35.64   35.72   34.98   34.80   36.02   36.86   38.48   39.50   41.34   40.56   40.42   39.73   39.65   38.96   38.39   37.50   37.30   36.18   35.98   36.94   37.93   38.92   39.93   40.92   42.16   43.23   44.73   45.96   47.64   48.11   48.62   50.26   51.39   50.87   52.44   51.78   51.78   51.78   51.85   50.59   50.28   49.18   48.19  
35.30   35.32   35.28   35.30   35.25   35.19   35.18   34.86   34.71   34.67   35.28   36.00   37.65   38.33   40.14   39.93   40.33   39.41   38.87   38.24   38.03   37.45   37.55   36.15   35.72   36.14   37.15   38.13   39.16   40.19   41.27   42.27   43.64   44.64   46.27   47.10   47.86   49.55   49.77   49.78   51.27   51.22   50.84   50.29   50.59   50.74   50.22   49.13   48.66   47.64  
34.40   34.37   34.37   34.34   34.34   34.70   34.29   34.20   33.93   34.95   34.86   36.17   37.19   38.78   38.91   38.72   38.56   39.32   38.83   37.40   36.75   36.47   36.02   35.89   35.43   36.38   37.29   38.35   39.35   40.45   41.50   42.67   43.64   45.18   46.01   46.75   48.38   48.34   48.88   50.40   50.43   49.77   49.62   49.32   49.95   49.90   49.89   48.67   47.64   47.05  
33.47   33.46   33.45   33.53   34.18   33.68   33.71   33.39   33.90   34.07   35.09   36.03   37.34   37.84   38.11   37.83   37.69   37.59   38.10   37.28   36.01   35.41   35.05   34.69   35.65   36.56   37.56   38.45   39.60   40.59   41.79   42.85   44.16   45.01   46.12   47.53   47.52   48.35   50.03   49.32   48.91   48.81   48.27   48.72   49.61   48.62   48.36   48.20   47.12   46.15  
32.58   32.58   32.74   33.58   33.15   33.19   32.81   32.99   33.37   34.31   35.27   36.45   36.63   36.74   36.58   37.17   36.75   36.65   36.52   36.82   35.96   34.97   34.23   34.95   35.80   36.81   37.71   38.78   39.63   40.91   41.86   43.21   44.23   45.00   46.57   46.71   47.51   49.16   48.37   48.41   47.82   47.43   47.36   48.76   47.87   47.97   47.16   46.85   46.57   45.60  
31.74   31.94   32.73   32.53   32.61   32.29   32.24   32.72   33.67   34.42   35.53   35.72   35.63   35.40   35.83   35.96   35.89   35.52   35.53   35.46   36.18   34.85   34.36   35.14   36.09   36.92   38.01   38.86   40.05   40.85   42.30   43.15   44.18   45.80   45.95   46.68   48.33   47.52   47.55   46.96   46.85   46.34   47.83   47.10   47.23   46.66   46.39   45.71   45.36   45.01  
31.14   31.78   31.84   31.81   31.66   31.67   32.32   33.11   33.62   34.79   34.62   34.43   34.47   34.55   34.74   34.79   35.29   34.65   34.41   34.94   34.85   34.86   34.46   35.50   36.25   37.26   38.06   39.25   40.02   41.41   41.98   43.12   44.62   44.83   45.88   47.56   46.71   46.73   46.12   46.01   45.49   46.81   46.23   46.23   45.69   45.89   45.21   44.86   44.27   43.90  
30.80   30.96   30.99   30.96   30.94   31.82   32.32   33.26   34.12   34.02   33.75   33.57   33.39   33.59   33.63   34.13   34.06   34.48   33.84   33.84   33.87   33.81   34.51   35.57   36.68   37.36   38.48   39.21   40.56   41.17   42.61   43.26   44.36   44.91   45.93   45.87   45.98   45.33   45.21   44.76   46.26   45.33   45.22   44.75   45.06   44.36   44.30   43.73   43.34   42.82  
30.11   30.12   30.17   30.51   31.35   31.81   32.80   33.17   33.58   33.21   33.06   32.81   32.63   32.68   33.12   33.58   33.51   33.35   33.72   33.01   32.95   33.51   34.52   35.63   36.70   37.91   38.46   39.76   40.07   41.28   42.03   43.06   43.84   44.49   44.50   44.56   44.48   44.48   44.08   45.64   44.54   44.58   43.85   43.65   43.38   43.55   42.92   42.75   42.25   41.86  
29.32   29.48   30.14   31.02   31.36   32.34   32.36   33.04   32.58   32.62   32.33   32.15   31.92   32.27   33.03   32.63   32.71   32.75   32.65   32.82   32.54   33.48   34.56   35.63   36.78   37.84   39.19   39.04   40.05   40.85   41.87   43.32   43.32   43.18   43.22   43.17   43.19   43.14   44.38   43.88   43.92   43.12   42.98   42.39   43.09   42.16   42.05   41.52   41.30   40.86  
28.73   29.48   30.41   31.01   32.03   31.61   32.30   32.00   32.07   31.73   31.69   31.44   31.42   32.43   31.93   31.99   31.90   31.78   31.87   31.86   32.85   33.55   34.57   35.68   36.74   37.90   38.04   38.89   39.72   40.72   41.93   42.07   42.06   42.03   41.92   41.93   42.02   43.20   42.77   43.22   42.46   42.32   41.68   41.66   41.62   42.68   41.26   40.73   40.23   39.97  
28.69   29.61   30.35   31.38   31.06   31.39   31.67   31.39   31.14   31.13   30.86   30.78   31.94   31.24   31.28   31.03   31.03   31.09   31.33   32.44   32.85   34.01   34.61   35.66   36.69   37.01   37.77   38.61   39.58   40.63   40.86   40.87   40.85   40.84   40.79   40.92   42.05   41.57   41.67   41.50   41.61   41.02   40.78   40.46   41.27   41.14   41.18   40.08   39.48   39.00  
28.75   29.56   30.53   30.37   30.60   31.26   30.69   30.73   30.50   30.28   30.22   30.67   30.58   30.67   30.15   30.19   30.89   30.44   31.40   32.39   33.63   33.64   34.58   35.53   35.97   36.68   37.51   38.44   39.39   39.68   39.71   39.69   39.69   39.66   39.80   40.85   40.42   40.51   40.14   40.15   40.00   40.00   39.52   39.95   39.98   40.61   39.97   39.82   38.89   38.27  
28.73   29.62   29.74   30.04   31.04   30.31   30.30   29.87   29.83   29.62   29.52   29.45   29.50   29.42   29.47   29.93   29.89   30.38   31.37   32.47   32.70   33.52   34.42   34.93   35.61   36.43   37.33   38.18   38.51   38.57   38.56   38.55   38.55   38.68   39.40   39.76   39.42   39.05   39.03   38.73   38.67   38.54   38.70   38.85   39.37   39.71   39.35   38.81   38.53   37.72  
28.69   28.93   29.26   30.06   30.01   30.06   29.50   29.39   29.04   28.95   28.75   28.57   28.48   28.60   29.02   29.07   29.45   30.35   31.35   31.74   32.49   33.33   33.90   34.57   35.36   36.22   37.02   37.37   37.45   37.45   37.44   37.46   37.61   38.14   38.52   38.79   38.49   38.15   37.82   37.72   37.47   37.53   37.73   38.17   38.52   38.78   38.49   38.12   37.64   37.28  
