#Value Function.
71.0515 71.1803 72.2987 73.5390 74.7443 75.9293 77.2509 78.5006 79.6014 80.3940 80.6917 80.6383 81.2613 82.2703 82.8337 82.7229 83.3922 83.5816 83.5574 83.5720 83.5195 83.5630 83.5208 83.5806 83.5810 83.6074 83.6056 83.6211 83.6167 83.5843 83.6477 83.7052 83.7984 83.9258 84.1207 84.1117 83.7385 83.4006 83.1196 82.7733 81.9192 80.7628 79.5528 78.2735 76.9573 75.6953 74.1713 72.0016 71.4385 71.3852
71.0380 72.4747 73.7189 74.9821 76.1853 77.3476 78.6995 79.9604 81.0842 81.9040 82.1809 81.9785 82.6437 83.7733 84.3697 84.0482 84.9001 85.0509 84.9902 85.0201 84.9439 85.0139 84.9445 85.0276 85.0157 85.0499 85.0416 85.0623 85.0591 85.0072 85.0829 85.1270 85.2113 85.3338 85.5533 85.5823 85.1511 84.8193 84.5600 84.2812 83.4006 82.2089 81.0011 79.7171 78.3875 77.1713 75.7029 73.2066 72.8025 71.4875
71.0325 72.4686 73.7302 74.9691 76.2446 77.4432 78.5727 79.9701 81.2310 82.3791 83.2300 83.4931 83.0974 83.8491 85.1108 85.7439 85.1139 86.2822 86.3162 86.2286 86.2909 86.1735 86.2957 86.2613 86.3100 86.2903 86.3178 86.3211 86.2385 86.3325 86.3584 86.4326 86.5247 86.7406 86.8541 86.3383 86.0308 85.7848 85.6084 84.6949 83.4623 82.2641 80.9796 79.6231 78.4334 77.1482 74.1637 74.0066 73.9912 72.4372
71.0387 72.4759 73.7196 74.9871 76.2165 77.5098 78.7047 80.0067 81.2169 82.5016 83.6730 84.5626 84.8303 84.1721 85.0543 86.4622 87.1660 87.3803 87.5531 87.5845 87.4579 87.5736 87.5009 87.5742 87.5365 87.5723 87.5901 87.4638 87.5912 87.5909 87.6390 87.6850 87.8843 88.0241 87.4443 87.1499 86.9606 86.9278 85.9849 84.7020 83.5263 82.2471 80.8500 79.7019 78.3919 77.1827 75.5453 75.4210 74.0118 72.5863
71.0496 72.4781 73.7303 74.9693 76.2464 77.4597 78.7788 80.0498 81.2599 82.4594 83.7728 84.9645 85.9005 86.2056 85.1844 86.3977 87.8044 88.4774 88.6311 88.8272 88.8577 88.7303 88.8459 88.7738 88.8618 88.8494 88.8195 88.8612 88.8287 88.8712 88.8414 89.0254 89.1692 88.3263 88.3424 88.3150 88.1770 87.2351 85.9178 84.7886 83.4905 82.2781 80.9817 79.6234 78.4853 76.8862 76.7608 75.9529 74.2100 72.8212
71.1244 72.5622 73.7194 74.9848 76.1957 77.3243 78.7230 80.0375 81.3110 82.5136 83.6961 85.0461 86.2519 87.2403 87.6385 86.5272 87.7437 89.1506 89.7925 89.8693 90.1067 90.1300 90.0020 90.1282 90.1125 90.0228 90.0939 90.0637 90.1250 90.0208 90.1757 90.2312 90.0484 89.2980 89.2182 89.2280 88.3514 87.1403 86.0345 84.7190 83.5373 82.2503 81.0175 79.7916 78.2346 78.1074 77.2450 76.1303 74.9099 73.3953
71.1997 72.6375 73.8185 74.9362 76.0979 77.4385 78.5901 79.9866 81.2953 82.5739 83.7684 84.9248 86.3239 87.5332 88.5751 89.0988 87.8756 89.1099 90.4984 91.1140 91.0893 91.3958 91.4000 91.3802 91.2501 91.3654 91.2923 91.3706 91.2987 91.3975 91.4024 91.1642 90.2302 90.1778 90.2215 89.3424 88.2013 87.2379 85.9850 84.7961 83.4914 82.2782 81.0781 79.5899 79.4622 78.5328 77.3978 76.1708 74.8901 73.4403
71.2760 72.7119 73.8904 75.0809 76.2933 77.3633 78.7221 80.0280 81.2259 82.5549 83.8385 85.0505 86.2910 87.5883 88.8091 89.9002 90.5949 89.3883 91.9064 91.6401 92.4762 92.4725 92.6740 92.6531 92.6494 92.5216 92.6376 92.5203 92.6477 92.6281 92.4523 91.3113 91.7254 91.2601 90.2719 89.2225 88.2401 87.0908 86.0129 84.7581 83.5385 82.2587 81.6275 80.8276 79.8141 78.6634 77.4313 76.1473 74.8352 73.4044
71.3661 72.7958 73.9638 75.1421 76.3312 77.5674 78.7955 79.9855 81.2828 82.4599 83.8175 85.1007 86.3273 87.5641 88.8497 90.0800 91.2084 92.1159 92.3817 93.3111 92.7116 93.8776 93.9016 93.9340 93.9029 93.9212 93.7971 93.9190 93.8762 93.8182 92.5083 92.9931 92.3515 91.3273 90.0644 89.1240 88.0591 87.0230 85.8771 84.6781 83.4134 82.9011 82.1092 81.0857 79.9275 78.6912 77.4064 76.0765 74.8592 73.4177
71.5122 72.9430 74.0399 75.2165 76.3935 77.5768 78.8218 80.0530 81.2248 82.5381 83.6865 85.0855 86.3601 87.5909 88.8326 90.1088 91.3472 92.4917 93.4578 93.5259 94.8018 94.8547 95.1674 95.1484 95.1975 95.1475 95.1963 95.1279 95.0869 94.8569 94.3777 93.5813 92.4979 91.1852 90.1018 88.8953 87.9111 86.9347 85.9466 84.5485 84.1889 83.3934 82.3569 81.1913 79.9502 78.6687 77.3122 76.1209 74.8373 73.4061
71.7056 73.1395 74.1893 75.2806 76.4695 77.6427 78.8186 80.0756 81.3128 82.4595 83.8017 84.9565 86.3543 87.6174 88.8651 90.0977 91.3658 92.6135 93.7690 94.8378 95.6595 96.1047 96.0631 96.4753 96.3838 96.4677 96.3739 96.3629 96.1370 95.6667 94.8545 93.7580 92.3759 91.2402 89.9732 88.8554 88.1438 87.2718 85.6356 85.4992 84.6784 83.6274 82.4549 81.2072 79.9366 78.5393 77.3893 76.0786 74.8893 73.4412
71.9186 73.3481 74.3901 75.4338 76.5154 77.7180 78.8866 80.0518 81.3290 82.5760 83.7300 85.0825 86.3305 87.6096 88.8726 90.1203 91.3617 92.6205 93.8799 95.0330 96.1253 96.9623 97.4214 97.6480 97.7209 97.5802 97.6322 97.4195 96.9633 96.1403 95.0436 93.6413 92.4803 91.1533 90.2487 89.3978 88.5376 87.4877 86.8457 85.9620 84.8968 83.7186 82.4643 81.1855 79.9495 78.6686 77.3121 76.1571 74.8531 73.4059
72.1758 73.6052 74.5891 75.6352 76.6670 77.7292 78.9572 80.1177 81.2763 82.5812 83.8398 85.0809 86.3499 87.5772 88.8661 90.1276 91.3742 92.6383 93.8703 95.1491 96.2927 97.4147 98.2543 98.6702 98.8590 98.8590 98.6700 98.2539 97.4276 96.3358 94.9266 93.7610 92.5728 91.4883 90.6407 89.8208 88.6734 88.1291 87.2386 86.1649 84.9822 83.7221 82.4323 81.2046 79.9363 78.6917 77.4303 76.1183 74.7198 73.3068
72.4703 73.9000 74.8451 75.8196 76.8566 77.8671 78.9128 80.1769 81.3389 82.4972 83.8362 85.0922 86.3123 87.4453 88.8444 90.1213 91.3828 92.6246 93.8966 95.1161 96.4230 97.5352 98.6452 99.4201 99.6755 99.6755 99.4189 98.6503 97.6156 96.2389 95.0541 93.8151 92.7078 91.8798 91.1338 89.8310 89.4282 88.5164 87.4325 86.2459 84.9808 83.6777 82.4495 81.1809 79.9362 78.6900 77.3776 76.0183 74.8375 73.3799
72.7826 74.2173 75.1362 76.0594 77.0160 78.0297 79.0346 80.0743 81.4050 82.5715 83.7115 85.1015 86.3725 87.5601 88.7142 90.1131 91.3746 92.6389 93.8731 95.1582 96.3554 97.6739 98.6370 99.6755 99.9983 99.9983 99.6646 98.7590 97.5422 96.2807 95.0549 93.9223 93.1208 92.3891 91.6271 90.7519 89.7927 88.6992 87.5095 86.2413 84.9192 83.7091 82.4308 81.1885 79.9519 78.6370 77.2761 75.8807 74.7577 73.3177
73.0783 74.5136 75.4604 76.3531 77.2405 78.1637 79.1834 80.1895 81.2901 82.6503 83.8579 84.9772 86.3682 87.6355 88.8325 89.9883 91.3832 92.6251 93.8969 95.1183 96.4254 97.5565 98.8340 99.6755 99.9983 99.9983 99.5785 98.6489 97.4909 96.2954 95.1219 94.3636 93.6446 92.8954 92.0148 91.0636 89.9649 88.7725 87.5052 86.1528 84.9862 83.5881 82.4395 81.2150 79.9009 78.5021 77.3565 76.0159 74.6573 73.2415
73.3262 74.7666 75.7498 76.6706 77.5211 78.3848 79.3047 80.3431 81.4067 82.5312 83.9076 85.1138 86.2429 87.6332 88.8932 90.1390 91.3756 92.6392 93.8736 95.1585 96.3579 97.6956 98.8302 99.4447 99.8945 99.8994 99.4454 98.5766 97.4966 96.2913 95.5845 94.8865 94.1595 93.2755 92.3364 91.2306 90.0343 88.7749 87.3780 86.2470 85.0207 83.7205 82.4797 81.1648 79.7660 78.6161 77.2737 76.0841 74.7584 73.3180
73.5184 74.9617 76.0149 76.9757 77.8654 78.6846 79.5311 80.4559 81.5269 82.6509 83.7946 85.1704 86.3667 87.5122 88.8949 90.1433 91.3901 92.6253 93.8972 95.1188 96.4303 97.5977 98.4465 99.0510 99.2876 98.9593 99.0675 98.5194 97.3282 96.7258 96.0220 95.3729 94.5203 93.6051 92.4956 91.2969 90.0266 88.7795 87.5135 86.2780 85.0196 83.7422 82.4285 81.0315 79.8802 78.5372 77.3440 76.0355 74.8172 73.3775
73.6352 75.0827 76.2168 77.2565 78.1997 79.0565 79.8623 80.7145 81.6448 82.7369 83.9285 85.1021 86.4205 87.6394 88.7822 90.1572 91.3874 92.6423 93.8734 95.1568 96.3087 97.1932 97.8170 98.1238 98.0168 98.0698 97.9761 98.1075 97.6647 96.9246 96.4451 95.6600 94.8230 93.7464 92.5583 91.2959 89.8984 88.7619 87.5343 86.2747 85.0020 83.6726 82.4311 81.1594 79.8041 78.6083 77.3883 76.1208 74.8701 73.4245
73.6641 75.1170 76.3427 77.4630 78.4960 79.4222 80.2682 81.0699 81.9060 82.8336 83.9391 85.2021 86.2907 87.6571 88.9436 90.1407 91.4000 92.6305 93.8880 95.0215 95.9062 96.5245 96.8381 96.8138 96.8786 96.8735 97.0795 97.1987 97.3823 97.1195 96.4142 95.8998 94.8904 93.7954 92.5391 91.3073 90.0277 88.7921 87.5283 86.2658 84.9102 83.7042 82.3061 81.1613 79.8837 78.6489 77.3712 76.1258 74.8556 73.4187
73.5821 74.9940 76.3850 77.5995 78.7107 79.7337 80.6414 81.4768 82.2586 83.0772 83.9984 85.1086 86.4200 87.4362 88.8811 90.1737 91.3681 92.3877 91.6384 94.6218 95.2328 95.5479 95.5703 95.6233 95.6718 95.9008 96.1797 96.5824 96.6758 96.8431 96.5789 95.8016 94.9489 93.7605 92.5599 91.2961 90.0499 88.7789 87.5362 86.1383 84.9818 83.5833 82.4349 81.1298 79.9091 78.6192 77.3831 76.1057 74.8608 73.4204
73.6776 75.1384 76.2649 77.6512 78.8466 79.9397 80.9613 81.8306 82.6512 83.3962 84.2114 85.1213 86.2318 87.6421 88.5593 90.1188 90.9552 90.3364 90.9669 93.9457 94.2622 94.3207 94.3720 94.4407 94.6639 94.9739 95.4322 95.7674 96.0395 96.0867 96.1551 95.7441 94.8729 93.7934 92.5389 91.3086 90.0450 88.7941 87.5286 86.2658 84.8666 83.7129 82.3691 81.1737 79.8636 78.6432 77.3536 76.1181 74.8410 73.4059
73.6157 75.0280 76.4216 77.5425 78.9073 80.0719 81.1489 82.1483 82.9797 83.7321 84.4659 85.2794 86.1742 87.3180 88.8713 89.6504 89.5789 89.6342 89.2223 92.9829 93.0671 93.1228 93.2061 93.4224 93.7382 94.1377 94.1725 94.9751 95.1725 95.3528 95.3121 95.1878 94.5703 93.6547 92.5354 91.2878 90.0518 88.7928 87.5393 86.2754 84.9972 83.5981 82.4457 81.1023 79.9077 78.5980 77.3782 76.0889 74.8535 73.4115
73.7038 75.1463 76.3104 77.6939 78.9075 80.1165 81.2511 82.3040 83.2418 84.0135 84.6869 85.4179 86.2316 87.1810 88.3950 88.3311 88.4254 88.3682 91.3294 91.8177 91.8775 91.9685 92.1752 92.4396 92.3976 93.0066 93.6824 93.9778 94.1970 94.2654 94.2897 94.1698 93.9411 93.2952 92.3816 91.2655 90.0340 88.7959 87.5399 86.2849 85.0204 83.7302 82.3312 81.1798 79.8366 78.6427 77.3334 76.1138 74.8229 73.3887
73.7325 75.1799 76.4424 77.7013 78.9196 80.1090 81.2953 82.3744 83.3388 84.1240 84.8026 85.4669 86.1956 87.2012 87.1331 87.2055 87.1466 87.1879 90.5300 90.6359 90.7316 90.9241 91.1475 91.1052 91.7560 92.3860 92.7211 92.9403 93.0349 93.0873 93.0728 93.0490 92.9167 92.6464 92.0072 91.1017 89.9963 88.7782 87.5403 86.2865 85.0306 83.7642 82.4644 81.0655 79.9149 78.5719 77.3786 76.0684 74.8385 73.3916
73.6684 75.0861 76.4374 77.7014 78.9193 80.1095 81.2944 82.3758 83.3364 84.1280 84.7959 85.4782 86.1765 86.0434 86.0693 85.9811 85.9926 85.9342 89.3958 89.4956 89.6723 89.8491 89.7160 90.4965 91.0979 91.4532 91.6731 91.7823 91.8331 91.8293 91.7938 91.6568 91.7653 91.6445 91.3496 90.7191 89.3751 88.6771 87.5153 86.2842 85.0327 83.7761 82.5070 81.1996 79.8008 78.6508 77.3078 76.1071 74.7561 73.3325
73.7165 75.1646 76.3057 77.6880 78.8571 80.1160 81.2520 82.3025 83.2440 84.0079 84.6791 85.2770 85.0981 85.0815 84.9186 84.8896 84.7911 84.7637 88.2639 88.4230 88.5754 88.5628 89.2198 89.8151 90.1833 90.4066 90.5217 90.5734 90.5733 90.5477 90.5688 90.5283 90.4298 90.4892 90.3691 90.0561 89.3811 88.0398 86.7768 86.1815 85.0196 83.7775 82.5212 81.2493 79.9355 78.5368 77.3856 75.9852 74.8250 73.3726
73.6670 75.0854 76.4258 77.6240 78.7267 80.0720 81.1476 82.1488 82.9718 83.6992 84.2329 84.1864 84.2188 84.0033 83.9225 83.7473 83.6691 86.6512 87.1735 87.3070 87.3121 87.3196 88.5343 88.9122 89.1403 89.2605 89.3125 89.3039 89.1764 89.3113 89.2987 89.3091 89.2678 89.1934 89.2177 89.0921 88.7595 88.0481 86.6427 85.4336 84.8545 83.7490 82.5207 81.2658 79.9910 78.6721 77.2582 76.1015 74.7576 73.3130
73.7185 75.1630 76.3729 77.5176 78.8248 79.9368 80.9584 81.8169 82.5899 83.0881 83.1116 83.1078 82.8966 82.7860 82.8013 82.7082 85.1427 85.8868 86.0335 85.9511 86.0428 86.0579 87.6406 87.8739 87.9986 88.0507 88.0355 87.9071 88.0418 88.0480 88.0555 87.9127 88.0351 88.0085 87.8252 87.9346 87.8122 87.4606 86.7117 85.3060 84.2418 83.5490 82.4761 81.2623 80.0097 77.5531 77.2751 76.0177 74.6200 73.2074
73.6980 75.1271 76.2931 77.5672 78.7023 79.7246 80.6155 81.3833 81.8855 81.9574 81.9371 81.7590 81.6343 81.6862 81.5955 81.5743 84.5794 84.7576 84.6702 84.7617 84.7154 86.2342 86.6074 86.7362 86.7888 86.7726 86.6818 86.7741 86.7947 86.8007 86.7963 86.7855 86.6394 86.7629 86.7355 86.5434 86.6521 86.5299 86.1595 85.3792 84.0822 83.0336 82.2581 81.2027 80.0024 78.6204 76.5294 75.9376 74.7392 73.2766
73.6633 75.0790 76.3162 77.4515 78.4752 79.3753 80.1322 80.6334 80.7552 80.7301 80.5750 80.4432 80.3082 80.4225 80.6582 83.0224 83.4897 83.4413 83.4906 83.4355 84.8490 85.3256 85.4734 85.5271 85.5132 85.4482 85.5126 85.5397 85.5464 85.5439 85.5466 85.5422 85.4847 85.4111 85.4955 85.4621 85.3217 85.3764 85.2462 84.8567 84.0623 82.8497 81.8133 80.9771 79.9301 78.7265 77.2849 75.4354 74.6340 73.1759
73.5718 74.9057 76.2264 77.2253 78.1189 78.8630 79.3560 79.5131 79.4977 79.3594 79.2241 79.0847 79.1942 79.1085 81.5667 82.1930 82.2062 82.2458 82.3350 83.4861 84.0340 84.2086 84.2658 84.2558 84.2089 84.2547 84.2822 84.2761 84.1486 84.2766 84.2894 84.2924 84.2829 84.2252 84.1749 84.2309 84.1956 84.0889 83.6822 83.9142 83.5491 82.7559 81.6103 80.2055 79.6603 78.6521 77.4437 75.9825 74.2944 72.9356
73.7016 75.0233 76.0191 76.8881 77.5961 78.0755 78.2562 78.2466 78.1315 77.9952 77.8543 77.9644 77.8744 80.1132 80.8781 80.9616 80.9877 80.9613 80.9991 81.2018 80.4137 81.8675 82.9995 82.9658 82.9987 83.0234 83.0072 82.8769 82.9921 82.9206 83.0385 83.0367 83.0378 83.0240 82.9663 82.9329 82.9700 82.9348 82.8037 82.3726 82.5902 82.2424 81.4584 80.0563 79.0150 78.3620 77.3712 76.1589 74.7002 73.2415
73.6548 74.9060 75.7320 76.3748 76.8139 76.9800 76.8762 76.8915 76.7608 76.6591 76.7450 76.8909 78.6999 79.5606 79.7048 79.7323 79.7140 79.7292 79.7147 79.0642 80.5635 81.6160 81.7198 81.7439 81.7645 81.7440 81.6499 81.7276 81.6482 81.7207 81.7836 81.7832 81.7736 81.7817 81.6869 81.7109 81.6900 81.7168 81.6836 81.3101 81.2007 81.2896 80.9419 80.1330 78.8368 77.8092 77.0761 76.0894 74.8748 73.4040
73.4124 74.6445 75.2152 75.5596 75.4486 75.5828 75.6381 75.5389 75.3286 74.2952 75.6689 76.2910 78.2620 78.4433 78.3189 78.4463 78.4733 78.4639 78.0456 79.2479 80.2551 80.4575 80.4897 80.5059 80.4846 80.4157 80.4718 80.4138 80.4586 80.4103 80.5271 80.5044 80.3694 80.4467 80.4547 80.4319 80.3092 80.4454 80.4938 80.4315 80.1226 79.9971 80.0128 79.6412 78.8223 77.6086 76.5919 75.7984 74.8078 73.3405
72.9414 74.1481 74.3995 74.2961 74.3587 74.3843 74.1596 72.7352 73.4118 74.7439 75.3852 76.9740 77.2604 77.1163 77.1876 77.1003 77.1857 76.9704 77.9584 78.8741 78.8728 79.2342 79.2489 79.2357 79.2483 79.2255 79.1758 79.2072 79.1709 79.1960 79.2367 79.0995 79.1687 79.0503 79.1853 79.0979 79.1917 79.1482 79.2934 79.3402 79.2624 78.9611 78.8094 78.7573 78.3642 77.5386 76.3776 75.3662 74.5261 73.0748
72.1638 73.3572 73.2139 73.1975 73.1404 72.8464 71.7099 72.8169 73.9825 74.4430 75.9250 76.3071 76.1422 76.1052 75.9577 75.9470 75.8745 76.6859 77.5219 77.6559 77.9416 77.9928 77.9851 77.9930 77.9850 77.9914 77.9688 77.9313 77.9473 77.9659 77.8678 77.9016 77.8615 77.8987 77.8365 77.9475 77.9284 78.0908 78.1711 78.2979 78.3397 78.1743 77.8788 77.6958 77.5746 77.1506 76.2883 75.1554 74.1357 72.7172
71.0127 72.2112 71.7188 68.5966 69.7401 70.8279 71.9355 72.8673 73.8696 75.0689 75.1635 75.3790 75.3889 75.1721 74.9704 74.7662 75.4333 76.1913 76.4166 76.6611 76.7312 76.7165 76.5876 76.7165 76.7362 76.7330 76.7350 76.7136 76.7011 76.6286 76.6415 76.6217 76.6425 76.6240 76.6567 76.6663 76.8480 76.9508 77.2003 77.4276 77.5596 77.4968 77.1840 77.0020 76.7613 76.5697 76.0182 75.0531 73.9204 72.4941
69.1833 70.4551 67.4946 68.5442 69.7541 70.9398 71.9932 73.0139 73.8359 74.5989 74.5503 74.5875 74.5948 74.4798 74.1177 73.7986 73.6399 75.1697 75.3870 75.4668 75.4485 75.3173 75.4324 75.3598 75.4538 75.4793 75.4799 75.4791 75.3830 75.3706 75.2438 75.3705 75.3754 75.4016 75.4169 75.5099 75.6851 75.9590 65.7212 65.9127 65.9161 65.7634 75.5446 76.3140 76.2832 75.9354 75.5647 74.8209 73.8012 72.3516
65.7677 66.4035 67.3924 68.5272 69.6589 70.9314 72.0734 73.0568 73.9129 73.9856 74.0262 74.0105 73.9195 73.7105 72.0216 72.7933 72.5753 74.1234 74.2009 74.1809 74.0493 74.1641 74.0882 74.1607 74.1232 74.1948 74.2226 74.2261 74.1024 73.9723 74.0885 74.0189 74.1142 74.1457 74.1943 74.2868 74.5259 65.5270 65.9007 65.8508 65.9775 65.8738 65.6790 65.3214 74.5555 75.4547 75.0768 74.4548 73.5876 72.1283
65.2137 66.2382 67.3523 68.4233 69.6785 70.8091 72.0705 73.0612 73.3775 73.3758 73.4497 73.4746 73.3361 73.0350 71.8294 71.0337 71.4785 72.9421 72.9181 72.8226 72.9010 72.8208 72.8922 72.8495 72.8968 72.8810 72.9583 72.8469 72.7052 72.8201 72.7465 72.8261 72.8006 72.8947 72.9581 72.4669 64.8530 65.4105 65.8304 65.9712 65.9374 65.8916 65.4267 65.4715 66.1586 73.1312 74.2922 73.8828 73.1949 71.7253
64.8816 66.0440 67.1857 68.4179 69.5463 70.8744 71.9336 72.4623 72.6190 72.8362 72.7922 72.7746 72.6839 72.3476 71.8089 70.6583 69.9358 70.3638 71.5871 71.6319 71.5852 71.6317 71.5827 71.6278 71.6051 71.6834 71.5897 71.4469 71.5446 71.4783 71.5572 71.5242 71.6051 71.6284 63.2760 64.0377 64.7258 65.3983 65.6796 65.7816 65.8080 65.5610 65.4461 65.0348 65.1397 66.2772 71.6162 72.9271 72.6035 71.0946
64.3772 65.6184 67.1387 68.2758 69.6206 70.6709 71.2920 71.5699 71.9242 72.0165 72.0427 71.9105 71.7860 71.5913 71.1491 70.5261 69.4565 68.8176 69.2151 70.2131 70.3548 70.3398 70.3686 70.3613 70.4129 70.3553 70.4112 70.2721 70.2151 70.2800 70.2548 70.3325 70.3451 62.6719 63.3781 63.9969 64.7364 65.0818 65.2501 65.3489 65.1621 65.2266 64.9127 64.7414 64.4392 64.5916 65.9478 70.1374 71.4971 69.9077
64.0362 65.3700 66.7484 68.3453 69.3010 69.3017 69.5349 70.7594 70.9314 70.9417 71.0174 70.9587 70.8356 70.6043 70.3513 69.8836 69.2279 68.2466 67.6857 68.0430 68.8728 69.0741 69.1134 69.1486 69.1127 69.1392 69.0470 69.1305 69.0281 68.9851 60.3107 61.1537 61.9455 62.7238 63.3547 64.0681 64.4044 64.6137 64.6553 64.5676 64.6699 64.4865 64.4507 64.1789 63.9586 63.7050 63.9088 65.3634 68.7610 67.3413
63.8593 65.2662 66.5401 67.9312 67.8978 68.0386 69.4108 69.7017 69.7660 69.8604 69.8153 69.8623 69.5326 69.5838 69.3686 69.0825 68.6075 67.9354 67.0362 66.5405 66.8550 67.5562 67.8879 67.8649 67.8720 67.7882 67.6517 67.7878 67.8587 67.7878 60.3437 61.0979 61.9436 62.6730 63.3993 63.7727 63.9434 63.9448 63.8515 63.7462 63.8198 63.8580 63.6988 63.6186 63.3684 63.1350 62.9272 63.2038 64.6626 63.7719
63.6790 65.1042 66.5087 66.5186 66.6574 66.6624 68.4308 68.5238 68.6165 68.6084 68.6352 68.6086 68.3291 68.1925 68.2974 68.1037 67.8067 67.3295 66.6539 65.8251 65.3831 65.6560 66.2675 66.6082 66.5321 66.4260 66.5073 66.4266 66.5333 60.4078 60.2981 61.0454 61.8552 62.6529 62.7487 63.2831 63.2684 63.1282 63.0043 63.0458 62.9671 63.0095 63.0188 62.8826 62.7758 62.5422 62.3111 62.1504 62.4842 61.6284
63.5141 65.0823 65.0944 65.2390 65.2785 65.3906 65.6058 67.3597 67.3659 67.3840 67.3680 67.3840 66.9698 67.0157 66.8959 67.0057 66.8345 66.5314 66.0515 65.3806 64.6131 64.2148 64.4504 65.2778 65.1942 65.2574 65.1913 64.7309 60.1944 59.5712 60.2448 61.0624 61.7978 61.8596 61.9829 62.5530 62.4215 62.4839 62.3398 62.2166 62.2206 62.1579 62.1841 62.1776 62.0580 61.6578 61.6833 61.4881 61.3722 60.4704
62.4233 63.8532 63.9565 63.8704 63.9772 64.0324 64.1498 66.1135 66.1273 66.1180 66.1275 66.1180 66.0828 65.6652 65.7235 65.6044 65.7166 65.5624 65.2561 64.7743 64.1138 63.3998 63.0373 63.9578 64.0077 63.9555 63.9911 59.7244 58.8811 59.4364 60.2283 60.9069 60.9160 61.0295 61.7376 61.6644 61.5705 61.6237 61.6538 61.5216 61.4100 61.3897 61.3411 61.3553 61.3384 60.8431 60.7589 60.8239 60.6653 59.7302
61.3802 62.6839 62.6345 62.6859 62.6368 62.7204 62.7858 64.8716 64.8666 64.8723 64.8666 64.8723 64.8616 64.7862 64.3738 64.4341 64.3154 64.4294 64.2882 63.9807 62.8363 62.7776 62.1767 61.9316 62.6233 62.7337 59.1767 58.1937 58.6334 59.3831 60.0112 60.0984 60.0985 60.8523 60.8786 60.7867 60.8129 60.7728 60.8067 60.8134 60.6978 60.5946 60.5615 60.5217 60.5263 60.4580 60.0569 59.9538 59.9745 59.1054
61.2598 61.2435 61.2071 61.2401 61.2159 61.3059 61.5539 63.2196 63.4058 63.4310 63.4296 63.4317 63.4127 63.3149 62.9843 62.9843 62.8993 62.9620 62.8190 62.4577 61.5063 61.2965 60.7858 60.5952 61.0978 60.9652 58.3036 57.3863 57.7288 58.4191 59.0015 59.1477 59.2359 59.8400 59.9270 59.8604 59.8696 59.8380 59.8584 59.8530 59.7506 59.6542 59.6136 59.5770 59.5661 59.4743 59.1398 59.0227 59.0262 59.0333
