#Value Function.
8.5957  8.8494  8.7538  8.7748  8.9384  9.1288  9.3165  9.3724  9.4271  9.6085  9.7745  9.8105  9.8242  9.8159  9.8244  9.8142  9.7977  9.6852  9.5959  9.4944  9.3913  9.1944  9.0082  8.7865  8.5654  8.3328  8.1008  7.8778  7.6747  7.5817  7.4426  7.3310  7.2873  7.3419  7.4023  7.4114  7.4167  7.4123  7.4166  7.4094  7.3823  7.2474  7.0582  6.8659  6.6743  6.4955  6.3540  6.2884  6.2685  6.2559 
8.6708  8.8302  9.0214  8.9199  9.0151  9.1896  9.3884  9.5992  9.6345  9.6752  9.8847  10.0681 10.0870 10.1036 10.0890 10.0881 9.9545  9.8685  9.7606  9.6709  9.4526  9.2693  9.0363  8.8114  8.5713  8.3319  8.1038  7.8784  7.8074  7.6539  7.5390  7.4548  7.4032  7.5034  7.5521  7.6235  7.6244  7.6319  7.6237  7.6101  7.4653  7.2637  7.0661  6.8681  6.6819  6.5302  6.4665  6.4509  6.4426  6.4177 
8.6781  8.9286  9.0261  9.2046  9.1059  9.2650  9.4434  9.6492  9.8924  9.8978  9.9202  10.1669 10.3704 10.3634 10.3883 10.2232 10.1466 10.0264 9.9599  9.7101  9.5359  9.2879  9.0612  8.8113  8.5750  8.2011  8.0176  8.0415  7.8663  7.7494  7.6635  7.6047  7.5224  7.6125  7.7246  7.7623  7.8509  7.8382  7.8443  7.6865  7.4707  7.2690  7.0643  6.8712  6.7069  6.6463  6.6358  6.6301  6.6102  6.5485 
8.6810  8.9235  9.1952  9.2644  9.3153  9.3401  9.5240  9.7028  9.9132  10.2029 10.1645 10.1611 10.4603 10.6866 10.6128 10.4417 10.2923 10.2653 9.9677  9.8131  9.5438  9.3188  9.0568  8.8165  8.5728  8.2963  8.0097  8.0963  7.9653  7.8763  7.8259  7.7247  7.6921  7.7292  7.8266  7.9550  7.9732  8.0893  7.9138  7.6816  7.4775  7.2655  7.0666  6.8858  6.8304  6.8260  6.8222  6.8063  6.7409  6.6693 
8.6780  8.9277  9.0873  9.3057  9.3387  9.4885  9.5939  9.8714  10.0214 10.1652 10.4227 10.4438 10.4118 10.7211 10.6471 10.4598 10.6096 10.1065 10.1040 9.8027  9.5851  9.3072  9.0649  8.8121  8.5781  8.3528  8.1362  8.0637  8.0939  8.0567  7.9321  7.9209  7.8026  7.7802  7.9584  8.0424  8.1970  8.1472  7.8957  7.6922  7.4714  7.2691  7.0662  7.0190  7.0216  7.0187  7.0092  6.9331  6.8797  6.6808 
8.6755  8.8794  9.0313  9.2128  9.4442  9.4482  9.8449  9.8333  10.1278 10.2078 10.3703 10.6208 10.5993 10.3252 10.7399 10.6134 10.3999 10.4473 9.9555  9.8621  9.5619  9.3208  9.0570  8.8183  8.5879  8.3613  8.1836  8.0585  8.1717  8.1372  8.1629  8.0088  8.0058  7.9406  7.9018  8.2128  8.2627  8.0192  7.9061  7.6808  7.4774  7.2655  7.0834  7.2233  7.2188  7.2207  7.1254  7.0986  6.8743  6.6840 
8.6311  8.8113  8.9664  9.1815  9.3609  9.6481  9.6978  9.8327  9.9509  10.1799 10.4982 10.4971 10.2810 10.4616 10.2917 10.2804 10.2814 10.0136 10.1848 9.7034  9.5678  9.3046  9.0646  8.8301  8.5898  8.4156  8.2266  8.2756  8.2650  8.2840  8.1909  8.2458  8.1325  7.9951  8.0140  8.0557  7.9470  7.9993  7.8081  7.6766  7.4690  7.2688  7.2201  7.2658  7.4537  7.1785  7.1758  6.9200  6.8783  6.6807 
8.5655  8.7277  8.9283  9.1149  9.3614  9.4441  9.5659  9.6941  9.9103  10.1804 10.2147 10.2154 10.1909 10.1475 10.1564 10.0287 10.0061 9.9578  9.5871  9.6377  9.4800  9.1067  9.0805  8.8209  8.6587  8.4324  8.4471  8.4369  8.5204  8.3863  8.4106  8.0530  7.9805  7.8728  7.9404  7.8050  7.8170  7.7565  7.7555  7.5961  7.4402  7.3291  7.3077  7.4415  7.2500  7.1171  6.9532  6.9454  6.7462  6.6688 
8.4900  8.6832  8.8708  9.0894  9.1919  9.3080  9.4409  9.6446  9.8793  9.9355  9.9397  9.9393  9.9371  9.9135  9.8790  9.8679  9.7674  9.7339  9.5750  9.1759  9.1924  9.3839  8.9986  8.9153  8.6439  8.6182  8.6242  8.6947  8.5023  8.4445  8.0166  7.9137  7.6931  7.6313  7.6404  7.6952  7.6026  7.5948  7.5480  7.5239  7.3016  7.3492  7.3413  7.1140  7.0982  7.0393  6.9141  6.7753  6.7322  6.5658 
8.4422  8.6302  8.8290  8.9433  9.0574  9.1920  9.3838  9.5916  9.6611  9.6705  9.6708  9.6710  9.6705  9.6661  9.6440  9.6142  9.5914  9.5091  9.4558  9.2015  9.0280  9.0858  9.2248  8.7007  8.7111  8.7974  8.8555  8.7404  8.7835  8.2801  7.9039  7.5448  7.4495  7.3676  7.4396  7.3139  7.4538  7.3981  7.3803  7.3180  7.2084  7.1610  7.0169  7.0966  6.9340  6.8977  6.8353  6.7183  6.5955  6.5289 
8.3911  8.5784  8.6995  8.8133  8.9477  9.1284  9.3155  9.3926  9.4076  9.4088  9.4090  9.4089  9.4090  9.4081  9.4023  9.3816  9.3542  9.3249  9.2534  9.1772  9.0013  9.1416  9.0621  9.1702  8.9755  8.9377  8.7590  8.4733  8.7514  8.4643  7.8424  7.3315  6.9043  6.9414  6.9968  7.2052  7.2189  7.2380  7.1927  7.0648  7.0148  6.9921  6.8297  6.8672  6.8775  6.7515  6.7032  6.6377  6.5283  6.4139 
8.3333  8.4609  8.5751  8.7083  8.8787  9.0493  9.1305  9.1507  9.1533  9.1536  9.1541  9.1590  9.2024  9.2152  9.2090  9.2155  9.2082  9.2029  9.1470  9.1005  9.1655  9.2300  9.3321  9.0654  9.2334  8.9700  8.8454  8.8673  8.3074  8.4529  7.8856  7.1494  6.7218  6.4426  6.6795  6.7963  7.0317  7.0109  6.9161  6.8073  6.8787  6.6797  6.6630  6.6833  6.6773  6.6705  6.5690  6.5140  6.4463  6.3413 
8.2249  8.3426  8.4738  8.6349  8.7920  8.8751  8.8998  8.9045  8.9083  8.9377  9.0258  9.2127  9.4306  9.4612  9.4745  9.4634  9.4672  9.4006  9.3571  9.2951  9.3239  9.4544  9.1303  9.1791  9.1696  9.0256  9.1494  8.6830  8.5328  8.0989  7.7827  7.0447  6.4261  6.1928  6.0003  6.5011  6.7968  6.7087  6.6652  6.6786  6.5610  6.6077  6.4780  6.4913  6.4947  6.4898  6.4730  6.3881  6.3297  6.2584 
8.2089  8.3240  8.4384  8.5476  8.6686  8.7515  8.8345  8.9325  9.0535  9.1360  9.1821  9.2647  9.4678  9.7214  9.7230  9.7420  9.6569  9.6332  9.4673  9.5986  9.4306  9.3585  9.4021  9.3933  9.2868  9.3554  8.9509  8.8528  8.5663  8.2229  7.4990  7.1450  6.1166  5.3722  4.8563  5.5913  6.2736  6.3778  6.4875  6.4048  6.5285  6.5012  6.5953  6.4080  6.3604  6.3169  6.3065  6.2832  6.2099  6.1478 
8.3328  8.4425  8.5582  8.6767  8.7821  8.9183  8.9958  9.0799  9.1796  9.3128  9.3956  9.4324  9.5065  9.7270  10.0296 9.9131  9.9231  9.7242  9.7459  9.6428  9.5995  9.6752  9.6409  9.4797  9.7149  9.1678  8.9641  8.7225  8.5285  8.0338  7.5774  6.3856  5.5658  3.9571  3.2815  4.0232  5.5002  6.2950  6.3158  6.4717  6.3565  6.5060  6.4235  6.5638  6.3619  6.3130  6.1830  6.1320  6.1007  6.0329 
8.4746  8.5683  8.6790  8.7986  8.9222  9.0236  9.1774  9.2451  9.3317  9.4314  9.5808  9.6630  9.6888  9.7508  9.9889  10.2186 10.0684 10.0213 9.7924  9.9428  10.0095 9.9766  9.8692  10.1083 9.5226  9.2614  8.9575  8.7092  8.2716  8.0514  7.4485  6.9239  5.8527  3.7664  2.7955  3.8226  5.2827  5.7648  6.1696  6.3014  6.4373  6.5073  6.4446  6.4246  6.5085  6.3580  6.2620  6.2100  6.1232  6.0689 
8.6352  8.7139  8.8064  8.9218  9.0448  9.1754  9.2679  9.4476  9.4984  9.5908  9.6872  9.8585  9.9383  9.9517  9.9748  10.1610 10.3786 10.0672 10.1494 10.3051 10.2798 10.2539 10.4291 9.9948  9.6644  9.2353  8.9478  8.5993  8.4050  7.8157  7.6359  7.3206  6.9680  5.7044  4.2082  4.8270  5.6303  5.9812  6.1459  6.2488  6.3369  6.5083  6.6309  6.5155  6.5353  6.4363  6.3963  6.2955  6.2523  6.1610 
8.7852  8.8830  8.9556  9.0503  9.1709  9.2969  9.4374  9.5130  9.7319  9.7537  9.8584  9.9456  10.1474 10.2215 10.2251 10.2279 10.3965 10.6260 10.6093 10.6365 10.5642 10.8344 10.3715 10.0040 9.6108  9.0901  8.8952  8.6912  8.1669  8.0399  7.6838  7.4113  7.1045  6.9179  5.4734  5.5157  6.0731  6.2281  6.2489  6.3339  6.3425  6.4442  6.5730  6.7427  6.6122  6.5916  6.4687  6.4400  6.3453  6.2294 
8.9291  9.0356  9.1348  9.2025  9.3002  9.4269  9.5543  9.7103  9.7557  10.0347 10.0078 10.1372 10.2042 10.4501 10.5117 10.5069 10.4793 10.6500 10.9615 10.7867 11.0991 10.5513 10.3254 9.8708  9.4286  9.3348  9.0102  8.5513  8.3776  8.0112  7.7405  7.4787  7.4184  6.9931  6.3324  6.1872  6.4062  6.5142  6.5452  6.5243  6.4672  6.5205  6.5830  6.7876  6.7989  6.6404  6.6353  6.5326  6.4085  6.3224 
9.0939  9.1795  9.2893  9.3945  9.4544  9.5562  9.6901  9.8162  9.9988  9.9839  10.3577 10.1270 10.3215 10.4271 10.7793 10.5443 10.7114 10.8508 10.8883 11.3974 10.7962 10.5645 10.0289 9.7240  9.5831  9.2239  8.8421  8.5884  8.2406  8.0602  7.7874  7.7001  7.4400  6.8843  6.5757  6.7790  6.7362  6.8398  6.9135  6.8446  6.7633  6.6873  6.7200  6.6369  6.8109  6.8402  6.7253  6.5881  6.5085  6.4171 
9.2223  9.3575  9.4310  9.5500  9.6628  9.7106  9.8187  9.9639  10.1830 10.3993 10.1828 10.4218 10.3324 10.6132 10.5826 10.7968 10.8976 10.8361 11.3033 11.1360 10.8118 10.2813 10.0827 9.9435  9.4772  9.0556  8.7938  8.4795  8.2949  8.0235  8.0004  7.7326  7.3874  7.4017  7.2962  6.9721  7.1398  7.0506  7.1688  7.1628  7.1100  7.0370  6.9286  6.8228  6.7989  6.9428  6.7694  6.6991  6.5975  6.5655 
9.3352  9.4847  9.6268  9.6859  9.8180  9.9408  9.9703  10.2321 10.3529 10.6244 10.5265 10.3187 10.5343 10.4657 10.7275 10.9191 10.8724 11.1775 11.1524 10.9246 10.5739 10.4738 10.0275 9.6892  9.3615  9.0575  8.7467  8.4607  8.2468  8.3135  8.0808  7.9995  8.0406  7.7867  7.2958  7.3867  7.4875  7.3683  7.3694  7.3759  7.3700  7.3065  7.0733  6.9792  6.9490  6.9214  6.9534  6.7766  6.7632  6.6839 
9.4264  9.6021  9.7493  9.9069  9.9427  10.0940 10.2299 10.4268 10.6930 10.7740 10.4556 10.3857 10.3819 10.5415 10.8245 10.8081 11.0992 11.2483 10.9975 10.7432 10.6422 10.4427 10.0240 9.5152  9.1827  9.0137  8.7502  8.5323  8.6143  8.5352  8.4242  8.3788  8.0934  7.8227  7.7606  7.7563  7.5677  7.5371  7.5835  7.5785  7.5886  7.4721  7.3633  7.2867  7.1306  6.9542  7.0768  6.9900  6.8705  6.8570 
9.5171  9.6922  9.8733  10.0184 10.2001 10.1990 10.4610 10.7351 10.9667 10.6483 10.6704 10.6577 10.6782 10.6625 10.8025 11.0212 11.2513 11.0992 10.8559 10.8022 10.5791 10.2227 10.0353 9.6250  9.3056  8.9502  8.7803  8.5646  8.6006  8.9131  8.9099  8.3600  8.1465  8.1739  8.1050  8.0121  7.8965  7.8301  7.7544  7.8235  7.6853  7.5688  7.4988  7.4107  7.2913  7.2306  7.0768  7.1112  7.0698  6.9524 
9.5962  9.7874  9.9604  10.1532 10.2903 10.5756 10.6919 10.9935 10.7085 10.7658 10.8066 10.9894 10.8888 10.9828 11.0686 11.2634 11.2314 10.9690 10.9123 10.6763 10.3351 10.1064 9.7330  9.6339  9.3232  9.0524  8.7558  8.6265  8.8508  8.8944  8.5625  8.5617  8.4238  8.3345  8.2668  8.2329  8.2225  8.2082  8.1166  7.9030  7.7777  7.7147  7.6285  7.4917  7.4434  7.4074  7.2475  7.1183  7.1302  7.2092 
9.6552  9.8694  10.0615 10.2372 10.5182 10.6600 10.9027 10.6218 10.9070 10.9695 11.0700 11.0827 11.3443 11.2348 11.5357 11.4392 10.9685 11.1564 10.7059 10.4743 10.1824 9.8856  9.7152  9.4483  9.3324  9.0436  8.6748  8.9279  9.0482  8.7421  9.1007  8.7842  8.6062  8.4963  8.4624  8.4537  8.4539  8.3784  8.3105  8.0898  7.9464  7.8554  7.6929  7.6538  7.6213  7.5673  7.4611  7.4413  7.4365  7.3742 
9.6887  9.9305  10.1461 10.4130 10.6423 10.8247 10.6217 10.9261 11.0069 11.2315 11.2626 11.3963 11.5112 11.8357 11.6298 11.1755 11.1903 10.6973 10.5767 10.2488 9.9466  9.7487  9.5354  9.4996  9.1135  8.9414  8.8284  9.0719  8.8467  9.1497  8.7676  9.0340  8.8792  8.6979  8.6891  8.7039  8.6123  8.5562  8.4075  8.3218  8.0764  7.9501  7.8706  7.8402  7.7927  7.6622  7.6506  7.6565  7.5924  7.4947 
9.7590  9.9557  10.2108 10.4406 10.6279 10.6493 10.8473 10.9665 11.2571 11.2849 11.6161 11.7076 11.9886 12.0129 11.4165 11.1442 10.7878 10.7577 10.3485 10.0507 9.8075  9.5991  9.5913  9.2208  9.0945  8.8439  8.9111  8.8002  9.0364  8.7863  8.9562  8.7865  9.1486  8.8797  8.9656  8.8475  8.8127  8.6342  8.5677  8.4190  8.3484  8.2975  8.1694  8.0358  7.8401  7.8646  7.8843  7.8136  7.7121  7.6103 
9.7550  10.0455 10.2216 10.4994 10.5547 10.7509 10.9730 11.1556 11.2424 11.6211 11.7920 12.0858 12.1482 11.6043 11.4081 10.9142 10.6941 10.5042 10.1388 9.8988  9.7600  9.6922  9.3102  9.1058  8.9382  8.8282  8.7426  8.9969  8.9384  9.0635  8.9758  8.9256  8.9593  9.2520  9.0806  9.0844  8.8591  8.8230  8.6457  8.5812  8.5325  8.4882  8.4109  8.1965  8.0638  8.1209  8.0405  7.9319  7.8285  7.7392 
9.7833  10.0230 10.3418 10.4683 10.5101 10.7613 11.0615 11.2796 11.4761 11.6748 12.0687 12.0793 11.8088 11.6570 11.2060 10.8187 10.5803 10.2872 10.0359 9.8519  9.6989  9.4194  9.2371  9.0406  8.8590  8.6662  8.8356  8.7798  8.8762  8.8398  9.0293  9.2048  9.0581  9.0541  9.3775  9.0771  9.0942  8.8730  8.8208  8.7717  8.7320  8.6506  8.5768  8.4515  8.3704  8.2729  8.1570  8.0486  7.9644  7.8592 
9.7587  10.0672 10.3041 10.3471 10.4774 10.7703 11.0561 11.3790 11.5914 11.9650 11.7693 11.7505 11.7267 11.5023 11.0977 10.7743 10.3943 10.2046 9.9992  9.7463  9.5898  9.3135  9.1120  8.9782  8.7440  8.7072  8.6728  8.6331  8.6993  8.9267  9.0449  9.4107  9.2728  9.1164  9.2133  9.3929  9.0977  9.0685  9.0159  8.9841  8.8918  8.8272  8.6833  8.6090  8.5098  8.3876  8.2731  8.1932  8.0869  7.9712 
9.7746  9.9438  10.1042 10.3110 10.4796 10.7622 11.0698 11.3555 11.7094 11.6079 11.6201 11.4711 11.4378 11.2286 11.0018 10.5116 10.3446 10.1188 9.8827  9.9213  9.5458  9.2738  9.0618  8.8102  8.6155  8.5260  8.5026  8.5915  8.8570  8.8841  8.9884  9.1042  9.4029  9.2336  9.1523  9.4549  9.4537  9.2642  9.2460  9.1356  9.0886  8.9172  8.8547  8.7534  8.6244  8.5016  8.4291  8.3171  8.2021  8.0724 
9.6723  9.8477  10.0298 10.2095 10.4746 10.7699 11.0532 11.3531 11.3557 11.3809 11.3081 11.2929 11.1746 11.0754 10.6827 10.4581 10.2355 10.0597 9.8464  9.7612  9.5204  9.2821  8.9884  8.6715  8.4988  8.4986  8.5224  8.7609  8.8115  8.9217  9.0173  9.0945  9.1827  9.4634  9.2166  9.2374  9.4641  9.6699  9.3893  9.3642  9.1509  9.1086  9.0038  8.8679  8.7333  8.6730  8.5527  8.4362  8.3056  8.1648 
9.5785  9.7591  9.9430  10.1949 10.4782 10.7541 11.0165 11.0535 11.0713 11.0566 11.0661 11.0103 10.9625 10.7319 10.5540 10.2375 10.1587 9.9595  9.7636  9.4964  9.4685  9.1864  8.9140  8.6876  8.5737  8.5981  8.7556  8.8182  9.0720  8.9290  9.1023  8.9622  9.1711  9.1762  9.5586  9.2772  9.3501  9.4958  9.7794  9.4521  9.3724  9.2609  9.1188  8.9669  8.9263  8.7932  8.6765  8.5420  8.3985  8.2618 
9.4925  9.6813  9.9223  10.1939 10.4601 10.6958 10.7545 10.7712 10.7629 10.7715 10.7624 10.7485 10.6548 10.6190 10.2412 10.1705 9.9276  9.8243  9.6835  9.4895  9.2065  9.0299  8.8358  8.7266  8.7120  8.8272  8.8892  9.1509  8.9996  9.2272  9.0246  9.1967  8.9749  9.2527  9.2966  9.6672  9.3815  9.5205  9.6147  9.7861  9.5242  9.3787  9.2003  9.1910  9.0380  8.9234  8.7848  8.6344  8.4999  8.3529 
9.4214  9.6565  9.9169  10.1722 10.3880 10.4605 10.4792 10.4754 10.4811 10.4816 10.5406 10.5191 10.6889 10.3516 10.1766 9.8760  9.7981  9.6606  9.5542  9.3429  9.1118  8.8485  8.9469  8.9937  8.9314  9.0211  9.2837  9.1943  9.4916  8.9766  9.0600  9.0890  9.1311  9.0736  9.3396  9.4093  9.7803  9.4840  9.6854  9.6615  9.7099  9.4040  9.4704  9.2857  9.1775  9.0344  8.8755  8.7416  8.5910  8.4518 
9.3937  9.6468  9.8909  10.0915 10.1726 10.1948 10.1946 10.2005 10.2184 10.3716 10.4010 10.6547 10.3680 10.1853 9.9492  9.8279  9.5712  9.4188  9.3317  9.1213  8.9457  8.9446  9.0277  9.2159  9.2593  9.4218  9.3178  9.6626  9.2117  9.4214  9.3434  9.1769  9.2578  9.0655  9.1710  9.3849  9.4906  9.7463  9.5981  9.7463  9.6605  9.7769  9.5339  9.4395  9.2910  9.1211  8.9908  8.8310  8.6969  8.5306 
9.3800  9.6166  9.8050  9.8925  9.9225  9.9260  9.9537  10.1875 10.3815 10.3938 10.6930 10.4769 10.2567 9.9207  9.7628  9.5652  9.4144  9.3178  9.0617  8.9691  8.9682  9.0247  9.2083  9.2640  9.4980  9.4977  9.7731  9.3819  9.4094  9.4164  9.3627  9.5713  9.2619  9.3011  9.1170  9.2300  9.3624  9.6384  9.8804  9.7439  9.6064  9.7809  9.7108  9.5555  9.3706  9.2485  9.0752  8.9467  8.7733  8.6151 
9.3460  9.5298  9.6378  9.7762  9.8201  9.9277  10.0025 10.2119 10.4785 10.6941 10.5585 10.3130 10.0278 9.8179  9.5425  9.3809  9.2633  9.0254  8.9164  8.9947  9.0482  9.2365  9.2572  9.4883  9.4942  9.8941  9.5010  9.4394  9.2738  9.3529  9.5529  9.3570  9.6032  9.3104  9.2443  9.1195  9.3493  9.5030  9.7749  9.8921  9.6566  9.6173  9.8603  9.6224  9.5163  9.3225  9.2052  9.0185  8.8574  8.7279 
9.2634  9.4097  9.6904  9.6974  9.7982  10.1350 10.0707 10.2728 10.4878 10.7848 10.4839 10.0804 9.8622  9.5618  9.4210  9.2513  9.1270  8.9982  9.0220  9.0931  9.2616  9.2805  9.5232  9.4698  9.8444  9.5371  9.5006  9.2629  9.2948  9.5753  9.2721  9.4265  9.3299  9.5290  9.2570  9.2168  9.2526  9.4725  9.5027  9.7858  9.9412  9.6496  9.6772  9.8039  9.5708  9.4740  9.2690  9.1013  8.9789  8.8325 
9.1647  9.4218  9.6529  9.7320  9.8646  10.0585 10.2377 10.3372 10.5575 10.5999 10.3886 10.0461 9.8537  9.5996  9.3564  9.1677  9.0047  9.0695  9.1314  9.2856  9.3326  9.5453  9.4850  9.8501  9.6167  9.4444  9.2476  9.2166  9.4564  9.1839  9.2678  9.2075  9.2446  9.2399  9.5019  9.2467  9.1746  9.2651  9.4655  9.5834  9.7437  9.9039  9.6166  9.5377  9.7698  9.5245  9.3498  9.2342  9.0855  8.9280 
9.2106  9.3762  9.4835  9.6825  9.8879  10.1514 10.2528 10.5495 10.6317 10.3593 10.3262 10.1811 9.8677  9.6206  9.3484  9.1087  9.1192  9.1727  9.3368  9.3722  9.5638  9.5670  9.8594  9.6878  9.4502  9.2498  9.1725  9.2455  9.1421  9.1485  9.0161  9.0086  9.0128  9.2104  9.2065  9.4132  9.3075  9.2334  9.3238  9.4501  9.5091  9.5931  9.7035  9.4703  9.4865  9.6801  9.4976  9.3432  9.1711  9.1002 
9.3814  9.4598  9.5515  9.7159  9.9558  10.1538 10.4581 10.5615 10.3338 10.4432 10.2400 10.0935 9.8931  9.6058  9.3570  9.1011  9.1953  9.3931  9.4112  9.6200  9.6086  9.8625  9.7775  9.4914  9.3981  9.1902  9.0765  9.1257  8.9922  9.0181  8.9796  8.7970  8.9391  8.9757  9.1384  9.2028  9.5086  9.3015  9.1992  9.2577  9.3825  9.4280  9.5164  9.6297  9.3824  9.4131  9.6979  9.3714  9.3713  9.2013 
9.5678  9.6462  9.7209  9.8072  9.9768  10.2400 10.4189 10.2688 10.4915 10.2320 10.0498 9.9566  9.8139  9.6147  9.3477  9.1505  9.3593  9.4378  9.6848  9.6329  9.9272  9.6575  9.5746  9.4867  9.2499  9.0436  8.9806  8.8533  8.8890  8.8085  8.7841  8.8530  8.7427  8.8801  8.9725  9.2062  9.1658  9.4736  9.2385  9.0701  9.1766  9.3184  9.4061  9.4084  9.5432  9.2938  9.3723  9.5049  9.4785  9.1824 
9.6801  9.8489  9.9129  9.9896  10.0677 10.2420 10.2753 10.4650 10.2137 10.1499 9.9573  9.7878  9.6828  9.5412  9.3454  9.3046  9.3914  9.6430  9.6743  10.0049 9.6761  9.6289  9.4115  9.3119  9.1538  8.9843  8.7856  8.7246  8.6532  8.7940  8.9023  8.8146  8.6893  8.7377  8.9285  8.9490  9.1787  9.1891  9.2703  9.1580  8.9963  9.0824  9.2298  9.2689  9.2975  9.4235  9.2280  9.2148  9.1729  9.1795 
9.8362  9.9451  10.1386 10.1837 10.2671 10.3503 10.2782 10.2921 10.0947 9.9472  9.8626  9.6888  9.5297  9.4170  9.2758  9.3568  9.5826  9.6279  9.9497  9.6856  9.6921  9.4385  9.3509  9.0767  8.9355  8.8309  8.7262  8.5580  8.5522  8.7036  8.6878  8.7357  8.6905  8.6352  8.7238  8.9045  8.9445  9.0061  8.9960  9.0875  9.1340  8.9324  9.0131  9.0522  9.1491  9.1337  9.1415  8.9928  8.9618  8.9244 
9.8677  10.1325 10.2055 10.4437 10.4767 10.1883 10.0986 10.0134 9.9928  9.8247  9.6851  9.5866  9.4265  9.2760  9.2525  9.5181  9.6003  9.8799  9.7551  9.6570  9.4487  9.4028  9.1959  8.9487  8.7630  8.6841  8.5878  8.4794  8.4460  8.4569  8.5331  8.4893  8.6429  8.5955  8.6452  8.7010  8.7529  8.7603  8.8346  8.8898  8.9802  8.9779  8.8446  8.8872  8.8871  8.8961  8.8863  8.8747  8.7574  8.7140 
10.0094 10.1264 10.4448 10.5089 10.2001 10.1172 9.9260  9.8276  9.7499  9.7073  9.5599  9.4270  9.3201  9.1706  9.2574  9.5100  9.8119  9.6334  9.5813  9.4892  9.3818  9.2071  9.1303  8.9379  8.7090  8.5344  8.4449  8.3501  8.2552  8.3144  8.3647  8.3856  8.3776  8.4082  8.4611  8.5086  8.5269  8.5904  8.6489  8.7254  8.7429  8.8510  8.8914  8.6450  8.6507  8.6454  8.6505  8.6423  8.6198  8.5208 
9.9970  10.3160 10.3661 10.2051 10.1897 9.9450  9.8342  9.6663  9.5647  9.4899  9.4332  9.3006  9.1737  9.0623  9.2525  9.5183  9.6031  9.5620  9.3859  9.3175  9.2283  9.1179  8.9650  8.8688  8.6872  8.4747  8.3091  8.2126  8.1198  8.1307  8.1519  8.1512  8.1788  8.2272  8.2718  8.2971  8.3537  8.4124  8.4803  8.5117  8.5999  8.6398  8.6167  8.6172  8.4312  8.4145  8.4092  8.4116  8.4032  8.3715 
10.0014 10.0738 10.0487 10.0616 9.9394  9.8874  9.6841  9.5593  9.4073  9.3054  9.2313  9.1656  9.0440  9.0019  9.2341  9.3255  9.3069  9.3303  9.2824  9.1362  9.0585  8.9702  8.8601  8.7215  8.6134  8.4406  8.2424  8.0846  7.9840  7.9218  7.9264  7.9521  7.9965  8.0389  8.0686  8.1206  8.1782  8.2404  8.2799  8.3544  8.3930  8.3814  8.3949  8.3789  8.3570  8.2119  8.1827  8.1758  8.1759  8.1642 
