#Value Function.
7.8889  7.8896  7.8999  7.9039  7.9090  7.9097  7.9079  7.9004  7.9016  7.8633  7.6620  7.0548  6.9761  6.9671  6.9412  6.9261  6.8968  6.7499  6.5994  6.4054  6.3368  6.5232  6.5228  6.5167  6.5162  6.5121  6.5003  6.4819  6.4658  6.5260  6.7620  7.3105  7.5107  7.5456  7.5511  7.5520  7.5522  7.5518  7.5504  7.5465  7.5465  7.5455  7.5452  7.5399  7.5369  7.5357  7.5277  7.5052  7.4615  7.4564 
7.8944  7.9486  7.9623  7.9656  7.9723  7.9728  7.9715  7.9620  7.9701  7.9496  7.7834  7.0417  7.0299  7.0333  7.0035  6.9915  6.9777  6.8134  6.6660  6.4503  6.3666  6.6406  6.6176  6.6103  6.6112  6.6075  6.5956  6.5759  6.5490  6.5941  6.8075  7.4444  7.6156  7.6304  7.6323  7.6326  7.6328  7.6325  7.6314  7.6267  7.6273  7.6262  7.6267  7.6205  7.6176  7.6177  7.6110  7.5899  7.5386  7.4566 
7.9476  8.0238  8.0350  8.0367  8.0362  8.0374  8.0351  8.0364  8.0227  7.9258  7.1340  7.1183  7.1059  7.0924  7.1027  7.0650  6.8737  6.7385  6.4957  6.4236  6.3924  6.7454  6.7208  6.6959  6.6899  6.6925  6.6891  6.6696  6.6317  6.6288  6.6507  6.8275  7.5901  7.6959  7.6992  7.7012  7.7012  7.7015  7.7012  7.7006  7.6946  7.6965  7.6890  7.6861  7.6874  7.6816  7.6634  7.6107  7.5459  7.4626 
7.9557  8.0245  8.1033  8.1074  8.1092  8.1093  8.1091  8.1061  8.0039  7.8548  7.2207  7.2072  7.1911  7.1789  7.1624  6.9368  6.8247  6.5445  6.4904  6.4649  6.4180  6.8495  6.8228  6.7985  6.7711  6.7665  6.7665  6.7619  6.7121  6.7110  6.7045  6.7078  6.8225  7.7647  7.7628  7.7670  7.7690  7.7687  7.7692  7.7610  7.7657  7.7563  7.7532  7.7562  7.7506  7.7364  7.6813  7.6169  7.5465  7.4638 
7.9784  8.0379  8.1644  8.1844  8.1867  8.1865  8.1866  8.1740  7.3609  7.3347  7.3186  7.3018  7.2887  7.2721  7.0340  6.6903  6.5938  6.5672  6.5489  6.4877  6.4746  6.9314  6.9258  6.8959  6.8728  6.8409  6.8394  6.8081  6.7912  6.7877  6.7881  6.7795  7.8298  7.8276  7.8322  7.8285  7.8341  7.8360  7.8352  7.8339  7.8262  7.8190  7.8242  7.8179  7.8092  7.7503  7.6867  7.6166  7.5472  7.4645 
8.1012  8.2013  8.1260  8.2618  8.2667  8.2653  8.2653  8.1794  7.4780  7.4454  7.4211  7.4065  7.3899  7.1431  6.7460  6.6735  6.6539  6.6429  6.5723  6.4929  6.9217  6.9626  7.0061  6.9956  6.9626  6.9404  6.9034  6.9127  6.8747  6.8611  6.8598  6.7947  7.8915  7.8967  7.8925  7.8994  7.8929  7.9008  7.9021  7.9007  7.9008  7.8920  7.8834  7.8825  7.8177  7.7554  7.6854  7.6177  7.5466  7.4641 
8.1511  8.2437  8.3026  8.3037  8.3430  8.3308  8.3307  7.6584  7.6386  7.5566  7.5332  7.5128  7.2652  6.7948  6.7606  6.7452  6.7451  6.6640  6.5761  6.4892  6.9052  6.9925  7.0244  7.0721  7.0565  7.0142  6.9966  6.9574  6.9798  6.9369  6.8692  6.7892  7.9607  7.9557  7.9637  7.9561  7.9670  7.9679  7.9670  7.9677  7.9658  7.9676  7.9573  7.8833  7.8233  7.7527  7.6870  7.6167  7.5472  7.4645 
8.1930  8.2945  8.3233  8.3772  8.3458  8.4150  7.9488  7.7888  7.7012  7.7202  7.6362  7.3919  6.9027  6.8702  6.8999  6.8533  6.7600  6.6670  6.5681  6.4957  6.9188  6.9580  7.0562  7.0694  7.1224  7.0866  7.0411  7.0437  7.0007  6.9363  6.8706  8.0222  8.0183  8.0278  8.0189  8.0315  8.0332  8.0319  8.0333  8.0319  8.0333  8.0304  7.9576  7.8909  7.8187  7.7555  7.6854  7.6177  7.5466  7.4641 
8.1604  8.2586  8.3710  8.2944  8.3827  8.2662  8.2290  7.9200  7.8116  7.7410  7.5177  7.0134  6.9756  7.0063  6.9566  6.8571  6.7621  6.6661  6.5774  6.4918  6.9223  6.9753  6.9950  7.0937  7.0687  7.1214  7.0737  7.0485  7.0145  6.9488  7.9337  8.0601  8.0917  8.0814  8.0963  8.0990  8.0963  8.0991  8.0968  8.0992  8.0968  8.0855  7.9706  7.8966  7.8248  7.7529  7.6871  7.6167  7.5472  7.4645 
8.0556  8.1806  8.3122  8.2949  8.2149  8.2951  8.0732  8.1675  7.8325  7.5588  7.6247  7.0746  7.1097  7.0569  6.9527  6.8594  6.7607  6.6673  6.5778  6.4981  6.9251  6.9706  7.0027  6.9876  7.0666  7.0226  7.0542  7.0556  7.0201  6.9827  8.1192  7.9607  8.1442  8.1610  8.1658  8.1614  8.1659  8.1614  8.1659  8.1620  8.1647  8.0451  8.0102  7.9087  7.8313  7.7581  7.6858  7.6178  7.5466  7.4642 
7.7041  7.7717  8.2792  8.3078  8.1735  7.9596  8.1005  7.8053  7.5447  7.7273  7.1692  7.2085  7.1437  7.0989  6.9677  6.8584  6.7622  6.6666  6.5787  6.4991  6.9223  6.9754  6.9958  6.9253  6.9059  6.9812  7.0553  7.0660  7.0378  6.9717  7.9741  8.2354  8.2264  8.2341  8.2264  8.2343  8.2269  8.2344  8.2274  8.2358  8.2013  8.0972  7.9892  7.9385  7.8448  7.7653  7.6906  7.6174  7.5474  7.4648 
7.4008  7.5704  7.7521  8.2860  8.1356  7.9304  7.6652  7.4870  7.4827  7.3314  7.2982  7.2188  7.1910  7.0757  7.0018  6.8742  6.7634  6.6678  6.5784  6.4998  6.8959  6.7029  6.7149  6.7918  6.8690  7.0357  7.0354  7.0659  7.0378  8.1455  8.3022  8.2917  8.3050  8.2918  8.3050  8.2922  8.3051  8.2927  8.3086  8.2759  8.1775  8.1287  8.0308  7.9303  7.8687  7.7794  7.6984  7.6220  7.5477  7.4657 
6.5035  6.4622  6.7881  7.7952  8.0468  7.8135  7.7256  7.4656  7.3377  7.3616  7.2763  7.2769  7.1533  7.1001  6.9894  6.9022  6.7791  6.7179  6.5846  6.7741  6.6848  6.6953  6.7284  6.7636  6.9734  6.9359  7.1914  8.1217  7.1448  7.1235  8.3356  8.3740  8.3560  8.3790  8.3571  8.3790  8.3575  8.3835  8.3524  8.2498  8.2029  8.1167  8.0586  7.9648  7.8689  7.8553  7.7189  7.6310  7.5524  7.4707 
6.2858  6.3094  6.4668  6.6746  7.8477  7.7381  7.5442  7.6359  7.4131  7.3167  7.3543  7.2298  7.1939  7.0780  7.0192  6.8987  6.8224  6.6923  6.6185  6.7262  6.6917  6.7412  6.7436  6.8311  7.8534  7.0600  8.2606  8.2880  8.2624  8.3304  8.3475  8.4048  8.4517  8.4199  8.4573  8.4207  8.4610  8.4313  8.3240  8.2776  8.1887  8.1334  8.0542  7.9985  7.9276  7.8649  7.7948  7.6567  7.5629  7.4810 
6.3116  6.3940  6.3115  6.4585  6.5100  6.4987  7.5777  7.3785  7.6969  7.4134  7.3402  7.2974  7.1738  7.1104  7.0285  6.9242  6.8070  6.7207  6.7889  6.7422  6.7981  6.7952  6.7058  7.9869  8.1089  8.2039  8.3112  8.2934  8.3491  8.3075  8.4089  8.4091  8.4792  8.5348  8.4805  8.5416  8.5122  8.4008  8.3544  8.2621  8.2069  8.1263  8.0659  7.9915  7.9317  7.8624  7.7870  7.6978  7.5889  7.4946 
6.2334  6.2897  6.3922  6.3065  6.4845  6.5068  6.5071  6.4722  7.4889  7.7991  7.3959  7.3777  7.2565  7.1163  7.0322  6.9355  6.8276  6.7141  6.8087  6.8713  6.8700  6.7513  7.6963  7.8460  8.0568  8.1605  8.2527  8.3902  8.3391  8.4348  8.3541  8.4982  8.6153  8.5348  8.6260  8.5949  8.4805  8.4334  8.3379  8.2820  8.1991  8.1387  8.0720  8.0005  7.9278  7.8021  7.7877  7.5282  7.5002  7.4249 
6.2274  6.3250  6.2807  6.2838  6.3144  6.5239  6.4469  6.5709  6.5094  7.4471  7.9089  7.3135  7.4017  7.2362  7.0593  6.9537  6.8447  6.7312  6.9542  6.9519  6.8189  7.6341  7.6736  7.7545  7.9014  8.1375  8.2241  8.3108  8.4872  8.3835  8.5352  8.3895  8.5802  8.7157  8.6754  8.5831  8.5228  8.4173  8.3595  8.2739  8.2215  8.1367  8.0732  8.0064  7.9350  7.8558  7.7988  7.6991  7.4804  7.4138 
6.0168  6.2402  6.2501  6.2979  6.4547  6.2889  6.5884  6.4056  6.7537  6.8373  7.3611  7.9851  7.0962  7.4239  7.2705  6.8491  6.9058  7.0808  6.9519  7.4866  7.7081  7.7630  7.6908  7.7386  7.8125  7.9574  8.2295  8.2899  8.3690  8.6012  8.4120  8.6569  8.8130  8.7569  8.6509  8.5977  8.5141  8.4477  8.3532  8.2894  8.2260  8.1547  8.0738  8.0081  7.9406  7.8681  7.7914  7.7265  7.6157  7.5239 
4.6983  4.5772  4.8360  6.3911  6.3121  6.5116  6.2331  6.6471  6.5495  6.9431  6.9406  7.0500  6.9187  6.8847  7.4489  9.2942  7.2032  7.0550  6.9689  6.9865  7.6045  7.7935  7.8480  7.7415  7.8066  7.8705  8.0095  8.3333  8.3539  8.4192  8.7369  8.9156  8.8345  8.7443  8.6786  8.5839  8.5238  8.4473  8.3903  8.2924  8.2260  8.1622  9.0390  9.2538  8.0826  7.8899  7.8026  7.7251  7.6525  7.5670 
4.5273  4.5500  4.5907  4.6936  5.0018  6.2663  6.1260  6.1388  6.5548  6.4550  6.7277  6.6465  6.5648  7.0485  8.0476  8.6722  9.3377  7.5007  7.0041  7.0319  6.9651  7.7465  7.8697  7.9380  7.9019  7.9947  7.9099  8.0554  8.4513  8.8220  9.0251  8.9053  8.8409  8.6813  8.6653  8.6042  8.5198  8.4587  8.3874  8.3255  9.0019  9.1994  9.3141  9.5599  9.1000  8.1169  7.8463  7.7386  7.6571  7.5809 
4.5264  4.5764  4.5960  4.6294  4.7071  4.8968  5.2184  5.6348  5.8817  6.1593  6.2393  6.1564  6.1207  6.6965  7.3259  9.0670  7.2792  6.6691  7.3052  7.0073  7.1195  7.3014  7.8691  7.9300  8.0085  7.9370  8.0799  8.5225  8.9088  9.1440  8.9655  8.9412  8.8374  8.7581  8.6257  8.5938  8.5364  8.4640  8.9288  9.1284  9.2725  9.3529  9.6357  9.7721  9.4769  8.9748  8.1238  7.8053  7.6758  7.6283 
4.5608  4.6237  4.6331  4.6509  4.6747  4.7316  4.8817  5.1222  5.4142  5.4127  5.6133  5.7098  5.7927  6.1301  6.6083  7.9815  6.4450  6.6934  6.6962  7.1420  7.0463  7.1717  7.3001  7.9935  7.9359  8.0560  8.5757  8.9802  9.2587  9.0939  9.0555  8.8804  8.8582  8.7667  8.6836  8.5710  8.5415  9.0114  9.1796  9.3306  9.3624  9.7041  9.8539  9.7960  9.6883  9.3886  8.8674  8.1117  7.7641  7.9067 
4.6123  4.6869  4.6917  4.7005  4.7163  4.7266  4.7549  4.8476  4.9713  5.1144  5.2601  5.5129  5.8272  5.9243  6.2281  6.0926  5.8459  4.4521  7.0195  7.0238  7.0774  7.1432  7.2067  7.8535  7.9505  8.4098  8.9766  9.3516  9.2672  9.1984  9.0027  8.9661  8.8231  8.7814  8.7006  8.6289  9.0894  9.1936  9.3343  9.5299  9.7320  9.9044  9.9859  9.8253  9.7415  9.6069  9.2969  9.9986  10.0440 9.7282 
4.6791  4.7662  4.7653  4.7704  4.7762  4.7846  4.7989  4.8600  4.9240  4.9505  5.0945  5.3283  5.9446  5.8601  5.9460  5.8371  5.4160  5.5991  3.9840  7.0148  7.0089  7.1324  7.2845  7.6719  8.1665  8.7494  9.3188  9.4727  9.4086  9.1887  9.1219  8.9477  8.8843  9.1699  9.2036  9.1649  9.1773  9.2689  9.4693  9.6689  9.8869  10.0093 9.9475  9.9400  9.7831  9.6773  10.1612 10.1301 10.0559 9.9443 
4.7560  4.8538  4.8552  4.8530  4.8580  4.8581  4.8711  4.8855  4.9144  4.8789  4.9639  5.8805  5.8880  5.9207  5.8522  5.6615  3.6773  3.6861  5.1487  3.8543  6.6368  7.0368  7.3413  7.7365  8.3115  9.0406  9.2177  9.6009  9.5331  9.5864  9.4794  9.2864  9.2747  9.2762  9.2130  9.1891  9.2081  9.3174  9.5079  9.7379  9.8951  10.0461 10.0665 9.9577  10.3450 10.3027 10.2056 10.1272 10.0421 9.9585 
4.8398  4.9487  4.9497  4.9518  4.9483  4.9530  4.9532  4.9619  4.9763  4.8523  5.7681  5.8681  5.8635  5.8176  5.7913  4.8788  3.7912  3.7731  3.7737  3.7640  3.6663  7.3597  7.3101  7.7552  8.5665  8.8889  9.4148  9.4835  9.6331  9.5269  9.5148  9.3982  9.3556  9.2705  9.2239  9.1868  9.2080  9.3154  9.4829  9.9597  9.9894  10.2242 10.6106 10.4474 10.3711 10.2680 10.1963 10.1090 10.0422 9.9592 
4.9048  5.0202  5.0529  5.0494  5.0538  5.0485  5.0542  5.0559  5.1156  5.6402  5.8319  5.8357  5.8387  5.8262  5.7814  4.9757  3.9938  3.8777  3.8696  3.7071  3.6983  7.4434  7.9493  8.1261  8.2607  8.9404  9.2449  9.6039  9.5670  9.5903  9.4798  9.4344  9.3340  9.2838  9.2179  9.1786  9.1937  9.2667  9.4653  9.7530  10.1324 10.6074 10.4285 10.4147 10.3209 10.2633 10.1730 10.1135 10.0298 9.9488 
4.9292  5.0411  5.1280  5.1584  5.1503  5.1582  5.1517  5.1985  5.3578  5.7748  5.8010  5.8026  5.8007  5.8004  4.8507  5.5424  4.8480  3.9879  3.9705  3.9847  3.6727  3.9673  7.1627  4.7567  9.0297  8.6252  9.7657  9.6279  9.6079  9.5318  9.5137  9.4152  9.3576  9.2708  9.2133  9.1870  9.1701  9.2477  9.4755  9.7594  10.6778 10.6207 10.4374 10.3580 10.3265 10.2330 10.1848 10.0982 10.0198 9.9401 
4.9391  5.0495  5.1419  5.2360  5.2624  5.2486  5.2840  5.4323  5.6838  5.7544  5.7386  5.7574  5.0417  4.8208  4.7036  4.8521  4.5976  4.1176  4.0680  4.0531  4.0637  3.6883  4.2827  4.0097  4.0148  3.9916  3.9878  3.7290  3.6784  8.8783  9.3936  9.2823  9.2086  9.2714  9.2159  9.1685  9.1253  9.2812  9.5159  9.8008  9.9992  10.5589 10.5220 10.3720 10.2804 10.2549 10.1649 10.0868 10.0239 9.9415 
4.9396  5.0489  5.1493  5.2405  5.3412  5.3617  5.5301  5.5522  5.6910  5.6460  5.5077  5.0602  4.8964  4.7767  4.7007  4.6312  4.5727  4.1385  4.1256  4.1314  4.1289  4.1237  3.7455  4.1487  3.9513  3.9842  3.7129  3.7581  3.6695  3.6183  8.2778  9.1915  9.1995  9.1542  9.2020  9.0936  9.1847  9.2864  9.5428  9.7579  10.0499 10.4768 10.3713 10.3140 10.3219 10.2284 10.1518 10.0950 10.0159 9.9346 
4.9375  5.0451  5.1479  5.2487  5.3343  5.4410  5.4909  5.6128  5.5962  5.6240  5.1151  4.9876  4.8592  4.7796  4.6991  4.6310  4.5696  4.2458  4.2002  4.1900  4.1977  4.0691  4.0094  3.9616  4.0666  3.7688  3.8500  3.7494  3.7213  3.6042  3.5917  3.5351  8.4901  9.0540  9.0985  9.1547  9.1453  9.3161  9.4918  9.7976  10.0141 10.2671 10.2970 10.3162 10.2819 10.2124 10.1613 10.0862 10.0086 9.9284 
4.9418  5.0511  5.1417  5.2464  5.3446  5.4191  5.5273  5.5098  5.3449  5.1570  5.0895  4.9476  4.8704  4.7657  4.6996  4.6259  4.5717  4.4151  4.2875  4.2545  4.2673  4.2532  4.0109  4.1707  3.9402  3.9557  3.8266  3.8340  3.6922  3.7014  3.6437  3.5499  3.4499  7.9233  8.8831  9.0492  9.1527  9.2550  9.4800  9.6956  10.0322 10.1991 10.3197 10.2566 10.2665 10.2206 10.1498 10.0914 10.0127 9.9314 
4.9383  5.0462  5.1509  5.2369  5.3402  5.4321  5.3585  5.4379  5.2372  5.2029  5.0381  4.9713  4.8475  4.7784  4.6913  4.6302  4.5695  4.4804  4.4684  4.3192  4.2998  4.3086  4.2886  3.9871  4.0604  3.8957  3.9505  3.7726  3.8128  3.7536  3.6563  3.5502  3.4485  3.8742  7.5210  8.7246  9.0444  9.2452  9.4414  9.7006  9.9360  10.1694 10.2553 10.3000 10.2131 10.2053 10.1535 10.0835 10.0204 9.9351 
4.9409  5.0521  5.1430  5.2505  5.3364  5.2859  5.3378  5.2884  5.3209  5.1248  5.0815  4.9339  4.8690  4.7568  4.6917  4.6252  4.5717  4.5172  4.4394  4.4280  4.3537  4.3404  4.2660  4.2361  3.9482  4.0652  3.8800  3.9237  3.8604  3.7628  3.6554  3.5490  3.4455  3.3549  4.1659  7.2512  8.6260  9.5224  9.6547  9.6998  9.9030  10.0770 10.2708 10.2477 10.2420 10.1788 10.1159 10.0817 9.9984  9.9102 
4.9342  5.0430  5.1533  5.2430  5.2587  5.3061  5.2260  5.2406  5.2010  5.1992  5.0213  4.9664  4.8359  4.7712  4.6835  4.6237  4.5685  4.5220  4.4726  4.4000  4.3882  4.3060  4.2930  4.2243  4.1879  3.9112  4.0271  3.9602  3.8656  3.7605  3.6543  3.5455  3.4438  3.3504  3.3822  4.3924  7.1018  7.4525  9.8935  9.9333  9.9379  10.0696 10.1568 10.2504 10.2108 10.1800 10.1148 10.0435 9.9482  9.8383 
4.9358  5.0501  5.1383  5.1705  5.2202  5.1971  5.2162  5.1155  5.1351  5.1035  5.0791  4.9194  4.8628  4.7562  4.6916  4.6185  4.5669  4.5204  4.4794  4.4324  4.3580  4.3448  4.2722  4.2487  4.1978  4.1310  4.0503  3.9620  3.8623  3.7600  3.6502  3.5443  3.4389  3.3478  3.2903  3.4509  4.6064  6.9491  5.1298  10.1349 10.1376 10.1040 10.1341 10.1579 10.0698 10.1391 10.1110 10.0465 9.7893  9.5726 
4.9153  5.0283  5.0264  5.1188  5.1142  5.1280  5.1100  5.0345  5.0105  5.0286  5.0023  4.9644  4.8357  4.7712  4.6826  4.6186  4.5634  4.5190  4.4061  4.4332  4.3921  4.3112  4.3016  4.2562  4.1986  4.1275  4.0498  3.9577  3.8628  3.7549  3.6499  3.5382  3.4367  3.3472  3.2672  3.2597  3.5516  4.8036  4.0406  4.6639  10.2396 10.1709 10.1306 10.1100 10.0433 9.9114  9.7029  9.0761  8.4097  8.3862 
4.8528  4.9437  5.0132  5.0233  5.0346  5.0264  5.0341  5.0104  4.9436  4.9106  4.9254  4.9026  4.8595  4.7557  4.6860  4.6035  4.5574  4.5161  4.4699  4.3844  4.3914  4.3490  4.3057  4.2566  4.1945  4.1280  4.0446  3.9598  3.8563  3.7563  3.6422  3.5361  3.4366  3.3441  3.2657  3.4960  3.6794  3.7084  4.6547  4.0717  4.4743  4.1483  4.2524  9.4310  9.9745  9.8283  9.1517  8.4795  7.8554  7.6529 
4.8235  4.9177  4.9340  4.9439  4.9406  4.9453  4.9367  4.9417  4.9157  4.8559  4.8253  4.8302  4.8093  4.7661  4.6614  4.6140  4.5482  4.5112  4.4746  4.3524  4.3479  4.3480  4.3063  4.2517  4.1966  4.1215  4.0490  3.9513  3.8603  3.7466  3.6404  3.5371  3.4350  3.3433  3.2608  3.1793  3.6967  3.8132  3.8353  4.5070  4.0294  4.2840  4.0189  4.0854  3.9203  9.2220  8.5154  8.1347  5.9060  6.1575 
4.7611  4.8458  4.7968  4.8607  4.8637  4.8583  4.8599  4.8522  4.8567  4.8301  4.7764  4.7472  4.7451  4.7253  4.6830  4.5971  4.5558  4.5021  4.4667  4.2607  4.3055  4.3055  4.3002  4.2558  4.1884  4.1256  4.0373  3.9589  3.8478  3.7466  3.6335  3.5352  3.4361  3.3423  3.2415  3.1718  3.1098  3.8056  3.8009  3.8912  4.3684  3.9824  4.1522  3.9439  3.9700  4.4683  8.5483  5.4680  7.3384  7.0738 
4.6461  4.6840  4.7839  4.7920  4.7892  4.7920  4.7888  4.7846  4.7780  4.7817  4.7551  4.6732  4.6745  4.6708  4.6521  4.6131  4.5434  4.5073  4.4574  4.2433  4.1993  4.2515  4.2550  4.2451  4.1957  4.1143  4.0431  3.9424  3.8506  3.7377  3.6349  3.5223  3.4208  3.3194  3.2384  3.1591  3.1089  3.0596  3.8536  3.8826  3.9172  4.2447  3.9457  4.0500  3.8363  3.7285  4.7824  7.7147  7.2214  6.8159 
4.6278  4.6742  4.7302  4.7293  4.7308  4.7294  4.7308  4.7281  4.7170  4.6888  4.6207  4.6122  4.6098  4.6119  4.6075  4.5899  4.5551  4.4952  4.4410  4.1449  4.1867  4.1956  4.1881  4.1948  4.1805  4.1246  4.0290  3.9498  3.8388  3.7420  3.6256  3.5216  3.4086  3.3207  3.2236  3.1665  3.1035  3.0502  3.8458  3.8768  3.8762  3.9162  4.1394  3.8746  3.7894  3.7156  3.7796  4.1204  4.3214  4.4258 
4.6219  4.6736  4.6785  4.6794  4.6787  4.6795  4.6787  4.6793  4.6336  4.5756  4.5610  4.5582  4.5593  4.5565  4.5590  4.5542  4.5379  4.4741  4.4347  4.4036  4.1259  4.1209  4.1244  4.1140  4.1235  4.1051  4.0420  3.9333  3.8474  3.7291  3.6281  3.5042  3.4148  3.3006  3.2176  3.1562  3.0954  3.0490  3.0099  3.8352  3.8657  3.8397  3.8951  3.8430  3.7817  3.7077  3.6280  3.5326  3.5210  3.5090 
4.5879  4.6350  4.6361  4.6358  4.6361  4.6358  4.6362  4.6358  4.5369  4.5185  4.5148  4.5151  4.5132  4.5145  4.5116  4.5143  4.5094  4.4677  4.4382  4.4015  4.0431  4.0445  4.0367  4.0428  4.0366  4.0417  4.0186  3.9485  3.8292  3.7376  3.6025  3.5191  3.3867  3.2944  3.2210  3.1510  3.0960  3.0487  3.0097  3.8090  3.7850  3.8393  3.8389  3.8392  3.7739  3.7056  3.6197  3.5216  3.3912  3.3016 
4.5261  4.5636  4.5985  4.5987  4.5985  4.5987  4.5986  4.5084  4.4824  4.4774  4.4771  4.4758  4.4764  4.4744  4.4758  4.4727  4.4756  4.4679  4.4340  4.4035  3.9554  3.9493  3.9531  3.9489  3.9521  3.9488  3.9499  3.9221  3.8460  3.7098  3.5572  3.4793  3.3815  3.2972  3.2172  3.1529  3.0950  3.0490  3.0095  3.0667  3.7698  3.7337  3.7766  3.7814  3.7739  3.6971  3.6134  3.4825  3.4027  3.2842 
4.4840  4.5261  4.5646  4.5645  4.5646  4.5645  4.5646  4.4505  4.4436  4.4427  4.4417  4.4418  4.4404  4.4411  4.4391  4.4407  4.4390  4.4402  4.4307  4.4001  4.3152  3.8555  3.8527  3.8546  3.8522  3.8527  3.8520  3.8495  3.8174  3.6515  3.5858  3.4778  3.3828  3.2936  3.2185  3.1507  3.0960  3.0485  3.0096  2.9853  3.1024  3.6343  3.6649  3.7055  3.7134  3.6979  3.5646  3.5064  3.3704  3.2547 
4.4488  4.4933  4.5304  4.5268  4.5304  4.5309  4.4291  4.4107  4.4091  4.4082  4.4080  4.4070  4.4072  4.4058  4.4067  4.4057  4.4067  4.4057  4.4053  4.3940  4.3570  3.7503  3.7513  3.7497  3.7497  3.7488  3.7455  3.7340  3.7415  3.6977  3.5791  3.4799  3.3814  3.2943  3.2162  3.1511  3.0947  3.0489  3.0093  2.9765  3.5074  3.5871  3.6253  3.6361  3.6312  3.6351  3.6057  3.4658  3.3560  3.2406 
4.4355  4.4892  4.4892  4.4934  4.4913  4.4942  4.3771  4.3736  4.3727  4.3723  4.3715  4.3713  4.3703  4.3708  4.3702  4.3708  4.3702  4.3708  4.3700  4.3681  4.3537  3.6454  3.6442  3.6439  3.6428  3.6392  3.6303  3.6336  3.6231  3.6295  3.5834  3.4775  3.3828  3.2936  3.2164  3.1496  3.0947  3.0481  3.0095  2.9754  3.4957  3.5363  3.5494  3.5470  3.5492  3.5468  3.5460  3.5042  3.3701  3.2462 
4.3963  4.4481  4.4515  4.4486  4.4517  4.3497  4.3338  4.3325  4.3321  4.3313  4.3309  4.3301  4.3303  4.3299  4.3303  4.3299  4.3303  4.3299  4.3303  4.3294  4.3258  4.2267  3.5387  3.5374  3.5339  3.5268  3.5273  3.5168  3.5230  3.5128  3.5187  3.4734  3.3807  3.2943  3.2160  3.1496  3.0937  3.0479  3.0090  2.9754  3.4392  3.4543  3.4541  3.4553  3.4534  3.4511  3.4403  3.4460  3.3227  3.2095 
4.3910  4.3908  4.3934  4.3906  4.3840  4.3025  4.2808  4.2773  4.2763  4.2755  4.2750  4.2743  4.2743  4.2740  4.2743  4.2740  4.2743  4.2740  4.2738  4.2705  4.2488  4.0946  3.5032  3.4319  3.4205  3.4140  3.4129  3.4055  3.4085  3.4014  3.4008  3.3600  3.2823  3.2081  3.1426  3.0878  3.0422  3.0043  2.9737  2.9760  3.2926  3.3349  3.3389  3.3401  3.3384  3.3351  3.3253  3.3175  3.2176  3.2066 
