#Value Function.
658.55  677.54  697.36  717.71  738.55  759.94  781.93  805.37  818.55  837.97  838.53  829.92  808.33  797.10  772.88  747.80  728.10  706.70  687.26  667.45  648.66  629.99  611.97  594.26  577.05  560.21  543.79  527.75  512.11  496.84  481.96  467.86  458.38  457.10  456.78  456.57  456.38  456.19  456.00  455.80  455.61  455.42  455.23  455.04  454.84  454.65  454.45  454.18  453.53  450.16 
672.21  686.88  706.95  727.54  748.67  770.32  792.53  815.23  826.65  839.66  839.46  828.03  818.38  805.74  778.78  759.54  736.70  716.90  696.11  676.74  657.26  638.61  620.18  602.33  584.83  567.79  551.13  534.89  519.03  503.57  488.76  477.11  475.36  474.97  474.75  474.56  474.36  474.16  473.96  473.76  473.57  473.37  473.17  472.97  472.78  472.58  472.38  472.18  471.94  466.25 
675.03  687.62  707.72  728.30  749.42  771.10  793.29  816.09  826.44  827.66  828.29  827.42  817.44  796.85  782.65  758.11  738.50  716.76  697.16  677.04  658.00  639.05  620.79  602.82  585.36  568.28  551.63  535.36  519.50  504.15  491.72  491.64  491.49  491.30  491.10  490.89  490.69  490.49  490.28  490.08  489.88  489.67  489.47  489.27  489.07  488.86  488.66  488.46  488.19  482.30 
675.96  688.24  708.37  728.99  750.09  771.36  791.35  801.48  805.20  816.43  816.57  817.14  804.84  794.09  775.48  760.41  737.70  718.05  697.15  677.81  658.28  639.62  621.16  603.29  585.76  568.70  552.02  535.76  519.91  506.16  507.63  508.17  508.19  508.05  507.85  507.64  507.43  507.23  507.02  506.81  506.60  506.39  506.18  505.97  505.77  505.56  505.35  505.14  504.86  498.77 
676.59  688.82  709.00  729.44  749.64  767.52  777.44  782.43  790.88  792.28  793.16  793.54  793.21  782.55  771.50  754.38  738.90  717.63  698.15  677.96  658.93  639.94  621.67  603.67  586.20  569.09  552.43  536.14  520.64  519.68  523.09  524.71  525.21  525.21  525.05  524.84  524.63  524.41  524.20  523.98  523.77  523.56  523.34  523.13  522.91  522.70  522.49  522.27  521.99  515.68 
677.17  689.35  709.17  728.25  744.49  754.15  759.73  766.45  768.42  769.19  769.70  770.50  770.97  770.05  760.64  749.58  733.62  718.03  697.92  678.75  659.18  640.52  622.03  604.15  586.59  569.52  552.81  536.58  525.13  531.55  537.08  540.64  542.26  542.71  542.67  542.49  542.28  542.06  541.84  541.62  541.40  541.18  540.96  540.74  540.52  540.30  540.08  539.86  539.57  533.05 
677.57  689.17  707.25  722.17  731.52  737.30  742.92  745.09  745.87  746.42  747.12  747.67  748.41  748.90  747.60  739.14  728.27  713.25  697.75  678.60  659.83  640.83  622.55  604.52  587.04  569.91  553.23  537.33  535.58  542.27  549.11  554.98  558.67  560.27  560.66  560.60  560.41  560.19  559.96  559.73  559.51  559.28  559.06  558.83  558.61  558.38  558.16  557.93  557.63  550.89 
677.02  686.58  700.49  709.49  715.27  720.13  722.34  723.16  723.72  724.38  724.95  725.62  726.17  726.88  727.34  725.79  718.09  707.51  693.28  678.01  659.69  641.35  622.89  605.00  587.42  570.33  553.71  541.30  546.67  552.99  559.92  567.12  573.37  577.20  578.76  579.10  579.00  578.79  578.56  578.33  578.10  577.87  577.64  577.41  577.17  576.94  576.71  576.48  576.17  569.21 
673.84  679.33  688.04  693.69  698.02  700.18  701.04  701.61  702.24  702.81  703.43  704.00  704.65  705.19  705.88  706.28  704.59  697.50  687.28  673.74  658.77  641.19  623.32  605.35  587.87  570.73  555.19  554.23  558.75  564.36  570.86  578.00  585.59  592.27  596.25  597.75  598.02  597.89  597.67  597.43  597.19  596.95  596.72  596.48  596.24  596.00  595.77  595.53  595.21  588.01 
666.19  667.06  672.60  676.52  678.60  679.50  680.07  680.67  681.23  681.83  682.40  683.01  683.57  684.20  684.73  685.39  685.73  683.95  677.38  667.55  654.62  640.01  623.10  605.71  588.22  571.59  565.09  568.39  572.17  576.74  582.50  589.18  596.52  604.54  611.72  615.82  617.24  617.43  617.27  617.04  616.80  616.55  616.31  616.06  615.82  615.58  615.33  615.09  614.76  607.33 
654.03  651.92  655.61  657.60  658.51  659.09  659.66  660.22  660.79  661.36  661.94  662.50  663.09  663.64  664.25  664.77  665.41  665.68  663.86  657.73  648.30  635.92  621.71  605.42  588.50  579.41  580.49  583.34  586.79  590.59  595.20  601.11  607.98  615.49  623.96  631.73  635.94  637.24  637.36  637.17  636.93  636.68  636.43  636.18  635.93  635.67  635.42  635.17  634.83  627.16 
639.09  635.18  637.15  638.07  638.65  639.20  639.75  640.31  640.86  641.42  641.97  642.54  643.08  643.66  644.20  644.78  645.31  645.91  646.12  644.30  638.54  629.52  617.65  603.87  597.18  596.41  597.26  599.18  602.13  605.70  609.49  614.12  620.21  627.28  634.90  643.87  652.33  656.62  657.77  657.81  657.60  657.34  657.08  656.83  656.57  656.31  656.06  655.80  655.45  647.52 
623.04  620.23  618.16  618.74  619.28  619.81  620.35  620.89  621.43  621.97  622.52  623.06  623.61  624.15  624.70  625.23  625.80  626.32  626.90  627.05  625.24  619.82  616.35  615.87  615.59  615.46  615.61  616.41  618.35  621.42  625.11  628.89  633.51  639.82  647.09  654.76  664.26  673.57  677.87  678.84  678.80  678.56  678.30  678.03  677.77  677.51  677.24  676.98  676.62  668.38 
608.03  604.75  601.99  600.10  600.42  600.93  601.45  601.97  602.50  603.03  603.55  604.09  604.61  605.16  605.72  606.47  608.20  615.62  625.54  631.97  635.08  636.00  636.05  635.86  635.63  635.41  635.26  635.34  636.05  638.02  641.21  645.07  648.80  653.38  659.93  667.44  675.06  685.13  695.49  699.70  700.45  700.34  700.08  699.81  699.54  699.27  699.00  698.73  698.32  689.47 
618.94  618.84  618.59  618.22  616.60  610.53  605.24  597.24  588.10  584.94  585.11  585.60  586.16  586.82  588.07  591.82  605.80  621.48  635.26  645.66  652.39  655.53  656.43  656.46  656.25  656.00  655.77  655.58  655.59  656.20  658.19  661.51  665.58  669.24  673.72  680.58  688.38  695.78  706.46  718.16  722.11  722.62  722.45  722.17  721.90  721.61  721.34  721.04  720.37  709.30 
639.06  639.03  638.72  637.37  630.07  625.02  616.34  606.41  598.80  595.37  594.10  593.59  593.31  593.27  593.91  597.23  608.60  624.76  641.26  655.69  666.52  673.54  676.65  677.44  677.41  677.18  676.92  676.67  676.45  676.39  676.86  678.89  682.34  686.68  690.21  694.54  701.78  709.95  716.90  728.23  741.68  745.10  745.35  745.14  744.84  744.57  744.27  743.84  741.12  724.68 
660.10  659.77  658.97  650.00  645.68  636.24  625.55  617.61  614.58  613.57  613.14  612.86  612.61  612.39  612.25  612.57  615.09  627.16  644.28  661.56  676.68  687.94  695.29  698.35  699.00  698.91  698.66  698.40  698.13  697.89  697.74  698.04  700.11  703.70  708.40  711.74  715.83  723.54  732.22  738.39  750.39  766.16  768.62  768.67  768.43  768.12  767.81  765.89  751.53  735.96 
681.29  681.49  670.06  667.12  656.62  645.11  636.89  634.46  633.74  633.40  633.13  632.88  632.63  632.38  632.14  631.93  631.93  633.19  646.16  664.32  682.39  698.24  709.93  717.67  720.62  721.13  720.98  720.72  720.44  720.17  719.90  719.69  719.75  721.88  725.59  730.79  733.85  737.57  745.86  755.28  760.20  772.87  791.82  792.60  792.61  792.34  791.69  773.79  767.27  749.97 
690.35  690.01  689.55  677.47  665.10  656.57  654.97  654.51  654.22  653.96  653.70  653.44  653.19  652.93  652.68  652.42  652.17  651.97  651.43  665.66  684.89  703.75  720.41  732.49  740.73  743.49  743.83  743.63  743.36  743.07  742.79  742.51  742.25  741.99  744.22  747.98  753.89  756.55  759.73  768.75  779.27  782.25  795.52  804.12  804.04  804.11  795.65  792.73  771.28  755.12 
698.86  698.44  698.67  685.50  676.63  676.16  675.89  675.62  675.36  675.09  674.83  674.57  674.30  674.04  673.78  673.51  673.17  672.43  670.38  667.49  686.00  705.98  725.64  743.21  755.60  764.49  766.96  767.12  766.89  766.59  766.30  766.01  765.71  765.25  762.91  767.40  770.82  777.79  779.87  782.28  792.19  804.38  804.46  805.71  817.03  806.10  804.99  794.21  772.22  758.24 
707.36  708.07  706.37  697.05  697.86  697.84  697.61  697.34  697.07  696.80  696.53  696.26  695.99  695.72  695.44  695.12  694.42  692.18  686.76  679.08  686.72  706.97  727.57  748.07  766.69  779.25  789.04  791.02  791.01  790.75  790.45  790.15  789.76  787.75  777.16  786.31  791.32  794.02  802.60  803.83  805.16  816.11  816.10  815.81  813.63  817.91  805.06  795.09  772.41  759.27 
710.22  710.28  718.28  715.45  719.17  719.98  719.89  719.64  719.36  719.09  718.81  718.53  718.25  717.97  717.66  717.03  714.80  708.88  700.51  689.43  687.38  707.67  728.46  749.68  771.03  790.90  803.38  814.46  815.66  815.53  815.25  814.93  813.59  801.51  784.33  793.46  812.06  815.83  817.47  828.49  828.43  828.32  827.98  826.05  818.42  808.35  806.22  795.04  773.13  759.58 
712.51  714.50  718.64  729.26  738.44  742.06  742.68  742.53  742.26  741.97  741.69  741.40  741.12  740.81  740.27  738.10  731.59  722.86  710.97  696.81  688.03  708.34  729.15  750.48  772.31  794.51  815.96  827.89  840.90  840.81  840.70  840.40  826.65  807.34  792.77  796.64  817.59  839.02  840.94  840.98  840.88  840.60  839.02  830.22  819.59  807.88  798.49  784.10  772.05  760.07 
701.89  706.37  725.25  741.30  751.95  762.17  765.56  765.96  765.76  765.47  765.18  764.89  764.59  764.13  762.12  754.84  745.81  733.29  718.21  702.97  688.68  709.00  729.83  751.18  773.06  795.48  818.46  841.99  852.61  853.77  853.53  852.39  830.87  817.09  795.81  805.72  819.66  842.12  852.61  853.77  853.53  852.54  842.34  831.16  819.46  797.76  785.52  775.70  762.25  758.27 
695.25  707.50  727.93  747.84  764.80  775.03  786.75  789.67  789.85  789.60  789.31  789.00  788.63  786.91  778.60  769.40  756.19  740.22  724.64  707.04  689.33  709.66  730.51  751.88  773.78  796.22  819.21  842.81  854.46  866.73  866.71  854.47  842.75  819.18  796.68  807.74  831.14  842.80  854.46  866.72  866.71  854.60  842.94  831.24  809.22  796.00  776.22  763.71  753.50  749.29 
695.48  708.25  729.03  750.13  771.00  789.12  798.39  812.30  814.34  814.36  814.07  813.77  812.56  802.84  793.67  779.70  762.68  747.00  728.66  708.93  689.98  710.33  731.19  752.58  774.49  796.94  819.93  843.23  854.98  866.88  866.88  854.95  843.18  819.82  796.50  808.45  831.77  843.10  854.98  866.88  866.88  854.96  843.17  820.76  807.49  787.48  773.36  755.04  742.32  740.39 
696.15  708.92  729.75  751.10  772.85  794.72  814.41  821.82  839.04  839.51  839.52  839.19  827.45  818.70  803.83  785.57  770.02  750.86  730.33  709.74  690.62  710.99  731.87  753.27  775.18  797.58  820.29  843.25  852.85  854.09  854.65  853.91  832.39  819.15  796.94  807.10  821.31  843.11  852.85  854.08  854.65  853.92  843.49  820.19  798.87  784.58  766.02  751.44  734.15  729.81 
696.82  709.59  730.44  751.80  773.72  796.09  818.94  840.92  844.98  852.53  852.17  852.28  844.58  828.60  808.81  793.80  773.59  752.25  731.04  710.29  691.23  711.65  732.54  753.91  775.68  797.45  817.78  828.96  841.42  841.89  842.11  842.77  829.62  810.05  795.54  799.27  819.61  839.67  841.43  841.89  842.11  842.65  830.45  819.21  797.68  777.33  762.43  744.93  730.07  721.96 
697.47  710.25  731.12  752.51  774.42  796.91  819.87  843.56  854.24  856.80  866.58  856.68  854.04  832.32  818.44  796.83  774.69  752.87  731.57  710.78  691.69  712.29  733.11  754.18  774.89  793.36  804.95  814.99  816.65  817.36  817.82  818.24  818.02  805.96  787.72  796.06  812.87  816.08  816.53  817.35  817.83  818.22  817.88  807.31  795.69  775.64  756.16  740.94  724.16  717.45 
698.13  710.91  731.80  753.20  775.15  797.60  820.69  844.20  855.92  868.17  868.32  868.13  855.94  844.13  820.54  797.65  775.23  753.41  732.07  711.29  692.07  712.74  733.09  752.73  769.74  781.16  789.66  791.89  792.58  793.22  793.90  794.38  794.87  794.01  782.64  787.17  791.23  791.85  792.63  793.13  793.88  794.37  794.83  793.91  784.55  772.86  754.07  735.39  719.95  711.88 
698.79  711.58  732.48  753.91  775.85  798.36  821.29  844.64  856.40  868.40  868.31  868.41  856.36  844.60  821.17  798.16  775.79  753.91  732.59  711.77  692.37  712.40  730.99  746.80  757.77  765.23  767.71  768.45  769.07  769.74  770.37  771.02  771.52  772.03  770.45  766.85  767.79  768.46  769.05  769.77  770.30  771.00  771.51  771.97  770.67  762.24  750.66  732.97  714.94  707.54 
699.44  712.22  733.16  754.59  776.54  798.92  821.66  844.64  854.30  855.47  855.98  856.10  855.38  833.77  820.52  798.64  776.29  754.45  733.09  712.27  692.42  709.71  724.46  734.86  741.57  744.13  744.95  745.55  746.20  746.82  747.46  748.08  748.70  749.23  749.61  748.08  745.07  745.58  746.21  746.80  747.48  748.03  748.68  749.21  749.63  748.09  740.39  729.05  712.25  702.87 
700.07  712.83  733.82  755.22  776.98  798.78  819.13  830.35  842.76  843.19  843.44  843.89  844.21  831.04  811.39  797.24  776.57  754.92  733.60  712.75  692.89  702.69  712.48  718.60  721.17  722.05  722.65  723.28  723.88  724.51  725.11  725.74  726.35  726.94  727.48  727.76  726.30  723.74  723.94  724.52  725.10  725.75  726.30  726.92  727.46  727.82  726.14  719.02  707.91  699.90 
700.67  713.45  734.37  755.45  776.18  794.67  806.28  816.29  817.92  818.66  819.10  819.37  819.93  819.45  807.34  789.31  774.66  754.99  734.02  713.24  693.80  690.61  696.30  698.81  699.75  700.35  700.96  701.55  702.16  702.75  703.35  703.95  704.55  705.14  705.73  706.25  706.45  705.09  702.88  702.87  703.37  703.94  704.55  705.10  705.70  706.25  706.54  704.77  698.05  695.16 
701.25  713.88  734.32  753.98  771.02  782.44  790.92  793.13  793.83  794.46  795.16  795.59  795.91  796.49  795.42  784.24  767.57  752.73  733.89  713.60  702.37  701.09  700.79  700.54  700.29  700.03  699.77  699.51  699.25  698.98  698.66  697.95  695.58  689.84  685.06  685.10  685.56  685.68  684.41  682.49  682.32  682.75  683.29  683.88  684.43  685.01  685.55  685.78  683.88  685.38 
701.55  713.51  732.21  748.04  759.01  766.45  768.91  769.66  770.28  770.95  771.58  772.23  772.67  773.03  773.58  772.08  761.73  746.22  731.40  723.01  723.36  723.20  722.93  722.66  722.37  722.10  721.82  721.54  721.26  720.94  720.29  717.90  711.55  702.95  692.47  680.37  666.50  665.52  665.44  664.26  662.57  662.29  662.64  663.16  663.73  664.27  664.83  665.36  665.44  671.29 
700.83  710.80  725.66  736.06  742.75  745.30  746.11  746.72  747.37  747.99  748.63  749.25  749.88  750.32  750.71  751.20  749.40  739.78  735.85  743.18  745.79  746.11  745.92  745.64  745.35  745.06  744.78  744.49  744.19  743.62  741.30  734.29  725.21  714.12  701.54  685.85  668.20  649.83  646.25  645.76  644.62  643.11  642.75  643.04  643.52  644.07  644.63  645.57  650.29  653.72 
697.59  703.76  713.63  719.74  722.30  723.18  723.78  724.41  725.01  725.64  726.25  726.89  727.67  729.99  741.13  741.30  730.58  737.26  748.95  758.75  766.96  769.33  769.47  769.24  768.95  768.66  768.36  768.06  767.59  765.44  757.58  748.08  736.47  723.61  707.15  688.52  669.26  650.27  632.26  627.55  626.61  625.48  624.10  623.70  623.92  624.54  625.98  630.04  633.77  638.40 
690.12  691.67  697.40  699.90  700.84  701.43  702.05  702.64  703.25  703.87  704.66  706.21  711.40  730.90  734.66  743.51  750.89  747.33  759.80  772.27  782.30  791.54  793.46  793.44  793.18  792.88  792.58  792.19  790.37  781.38  771.57  759.34  746.33  729.00  709.52  689.60  669.90  650.61  631.91  614.93  609.36  607.98  606.82  605.56  605.11  606.75  610.42  614.21  618.48  622.27 
677.94  675.58  678.10  679.07  679.67  680.26  680.84  681.45  682.14  683.18  685.59  692.50  709.79  726.65  734.95  744.00  753.45  762.79  769.53  783.13  796.25  806.34  817.00  818.16  818.04  817.76  817.44  816.18  805.65  795.71  782.74  769.73  751.36  731.01  710.44  690.19  670.39  651.07  632.22  613.95  597.87  591.67  589.85  588.64  587.94  591.35  595.09  599.13  602.93  607.04 
662.20  658.16  657.87  658.47  659.04  659.62  660.25  661.04  662.42  665.64  673.61  689.57  706.73  726.47  735.19  744.37  753.61  763.41  773.58  793.69  806.95  820.96  830.75  843.49  843.40  843.29  842.99  830.29  820.58  806.61  793.89  774.25  752.98  731.78  710.99  690.69  670.87  651.53  632.65  614.25  596.40  581.10  574.43  572.21  572.76  576.44  580.29  584.04  587.96  591.73 
645.45  642.57  638.99  638.47  638.97  639.63  640.56  642.32  646.28  654.91  669.97  686.81  704.43  715.96  735.46  744.28  752.28  753.47  774.84  797.10  818.72  831.16  846.53  855.39  856.44  856.19  855.15  846.29  830.90  818.91  797.62  775.46  753.64  732.31  711.49  691.17  671.34  651.99  633.10  614.67  596.71  579.30  564.65  557.60  558.22  561.96  565.62  569.38  573.08  576.90 
629.80  626.40  623.47  620.24  619.59  620.69  622.84  627.43  636.49  650.88  667.16  683.47  696.22  712.68  722.13  729.39  734.42  753.64  775.58  798.08  821.12  844.77  855.62  858.36  869.48  869.45  858.26  855.46  844.94  821.41  798.45  776.04  754.16  732.82  711.99  691.66  671.81  652.45  633.55  615.11  597.11  579.57  562.61  548.49  544.06  547.66  551.28  554.89  558.57  562.22 
613.99  611.02  607.79  604.87  601.91  603.95  609.06  618.39  632.23  647.88  663.29  676.41  690.89  700.45  707.72  715.12  732.94  754.33  776.30  798.81  821.90  845.53  857.30  869.57  869.71  869.72  869.55  857.44  845.52  821.97  799.00  776.57  754.69  733.33  712.48  692.14  672.29  652.91  634.00  615.55  597.54  579.96  562.84  546.30  532.80  533.65  537.15  540.71  544.26  547.86 
598.72  595.63  592.71  589.62  586.71  591.15  600.63  614.00  629.02  643.71  656.77  669.89  679.37  686.94  695.87  712.84  733.57  755.03  777.01  799.55  822.58  845.98  857.78  869.82  869.76  869.78  869.83  857.75  846.04  822.53  799.54  777.11  755.21  733.84  712.98  692.63  672.76  653.37  634.45  615.99  597.97  580.38  563.22  546.50  530.35  519.84  523.30  526.75  530.23  533.72 
583.57  580.68  577.70  574.86  573.72  583.22  596.17  610.58  624.66  637.42  649.56  658.92  666.89  676.82  693.23  713.30  734.26  755.72  777.72  800.18  823.04  846.39  858.00  869.84  869.76  869.78  869.85  857.99  846.35  823.02  800.08  777.64  755.73  734.35  713.48  693.11  673.24  653.84  634.91  616.43  598.40  580.80  563.63  546.87  530.57  514.90  509.68  513.05  516.43  519.85 
568.78  565.90  563.08  560.20  566.12  578.73  592.56  606.08  618.45  629.85  639.09  647.47  658.07  674.07  693.50  713.96  734.93  756.39  778.31  800.63  823.41  846.59  858.03  869.83  869.76  869.78  869.84  858.02  846.57  823.33  800.55  778.16  756.25  734.86  713.98  693.60  673.71  654.30  635.36  616.87  598.83  581.22  564.04  547.26  530.90  515.04  500.12  499.58  502.88  506.21 
554.20  551.43  548.65  549.70  561.63  574.97  587.95  599.89  610.72  619.87  628.61  639.67  655.35  674.18  694.15  714.62  735.56  756.94  778.67  800.60  821.59  835.47  855.70  856.87  857.37  857.37  857.51  856.79  835.38  822.41  800.73  778.59  756.75  735.36  714.47  694.08  674.18  654.76  635.81  617.31  599.26  581.64  564.45  547.66  531.29  515.31  499.87  486.32  489.57  492.81 
539.92  537.20  534.48  544.90  557.77  570.26  581.75  592.14  601.22  610.26  621.64  637.03  655.33  674.79  694.78  715.21  736.05  757.15  778.16  797.66  812.35  828.70  833.49  844.54  844.79  845.23  845.28  834.49  831.32  812.85  799.05  778.60  757.13  735.84  714.97  694.57  674.66  655.23  636.26  617.75  599.69  582.06  564.86  548.06  531.68  515.68  500.08  484.91  476.50  479.65 
525.72  523.06  528.40  540.76  552.78  563.85  573.86  582.89  592.18  603.76  618.89  636.67  655.63  675.14  695.06  715.34  735.78  755.87  774.23  788.92  802.93  809.37  817.75  819.20  820.07  820.40  820.90  820.20  811.31  806.59  790.28  776.11  756.68  735.90  715.16  694.80  674.89  655.45  636.48  617.97  599.90  582.27  565.06  548.27  531.88  515.88  500.27  484.97  470.43  467.32 
