#Value Function.
15.7982 16.1750 16.6069 16.9750 17.3817 17.8327 18.2431 18.7226 19.2254 19.5082 19.4711 19.4859 19.0925 18.7422 18.3150 17.9707 17.6546 17.3057 17.0829 16.6915 16.2774 16.0474 15.6449 15.2693 14.8507 14.5015 14.1578 13.8283 13.4066 13.0125 12.6103 12.2274 11.8485 11.4824 11.1250 10.7914 10.5282 10.3547 10.0426 9.7337  9.4253  9.1340  8.8896  8.7547  8.6694  8.5449  8.4251  8.3298  8.2643  8.2417 
15.8855 16.2892 16.6609 17.1236 17.4833 17.9025 18.3775 18.7808 19.2821 19.8321 20.1308 19.6584 19.3203 18.8577 18.5103 18.1993 17.8111 17.6283 17.2112 16.7473 16.5684 16.1245 15.7520 15.3045 14.9561 14.5995 14.2799 13.8290 13.4304 13.0134 12.6230 12.2328 11.8580 11.4899 11.1416 10.8637 10.7189 10.4020 10.0647 9.7464  9.4441  9.1811  9.0454  8.9699  8.8356  8.7095  8.6112  8.5411  8.5240  8.5182 
15.9858 16.2977 16.7435 17.1290 17.5122 17.9296 18.3210 18.8853 19.2936 19.6968 19.4854 19.6714 19.1793 18.7769 18.5278 18.1808 17.9848 17.4270 17.1431 17.1000 16.5075 16.2430 15.7572 15.4075 15.0973 14.7442 14.2532 13.8559 13.4210 13.0247 12.6221 12.2391 11.8602 11.4985 11.1925 11.0933 10.7384 10.4189 10.0720 9.7604  9.4748  9.3380  9.2777  9.1300  8.9975  8.8972  8.8208  8.8084  8.8080  8.8006 
16.0533 16.4902 16.6957 17.0856 17.6575 17.8522 18.4413 18.7399 19.0867 19.0828 19.4252 19.1645 19.1654 18.6501 18.2612 18.1247 17.8885 17.5639 17.0667 16.7649 16.7670 16.2220 15.8960 15.4980 15.1931 14.6819 14.2953 13.8370 13.4377 13.0206 12.6301 12.2400 11.8680 11.5204 11.4668 11.0677 10.7472 10.4052 10.0873 9.7741  9.6348  9.5976  9.4310  9.2922  9.1914  9.1059  9.1004  9.1024  9.0968  9.0947 
15.9978 16.3779 16.6950 17.2461 17.4233 17.9860 18.2142 18.5081 18.5786 18.8996 18.8570 19.1275 18.7853 18.5838 18.1252 17.7682 17.7454 17.5853 17.1085 16.6715 16.4996 16.3874 15.8627 15.5755 15.0897 14.7275 14.2578 13.8627 13.4281 13.0317 12.6291 12.2460 11.8673 11.6304 11.3062 11.0900 10.7285 10.4083 10.0790 9.9341  9.9318  9.7381  9.5932  9.4952  9.3925  9.3988  9.4051  9.3967  9.4013  9.3830 
15.9028 16.3425 16.9053 16.9737 17.4958 17.7561 17.9591 18.0704 18.3316 18.3949 18.8564 18.6357 18.8548 18.3373 18.0329 17.6126 17.3030 17.4337 17.0650 16.6183 16.2445 16.0766 16.0834 15.5423 15.1119 14.6566 14.2804 13.8396 13.4439 13.0242 12.5732 12.1953 11.8662 11.5139 11.2599 10.9657 10.7297 10.3947 10.2004 10.2840 10.0502 9.9004  9.8084  9.6963  9.6325  9.7030  9.7034  9.7127  9.6977  9.6587 
15.8681 16.3660 16.5295 16.9814 17.4252 17.4436 17.5668 17.8029 17.9807 18.4962 18.4122 18.4764 18.4342 18.4307 17.8716 17.5194 17.1166 16.8812 16.8845 16.5563 16.1946 15.8183 15.6313 15.5563 15.0907 14.6633 14.2298 13.8486 13.4291 12.9925 12.6054 12.1681 11.7772 11.4936 11.1643 10.9001 10.6254 10.5086 10.4046 10.3654 10.2135 10.1321 10.0061 9.9474  9.8835  9.8955  10.0336 10.0126 10.0111 9.7101 
15.8504 16.0786 16.4824 16.8767 16.9534 17.0786 17.3202 17.6806 18.0829 18.0414 18.1017 18.0895 17.9741 18.1542 18.0749 17.4857 17.0327 16.6408 16.4196 16.3616 16.0826 15.8665 15.3944 15.1892 15.0585 14.6444 14.2273 13.8110 13.3826 13.0140 12.5810 12.2109 11.7822 11.4237 11.1480 10.9374 10.8519 10.6951 10.7093 10.5321 10.4682 10.3208 10.2719 10.2013 10.1440 10.2077 10.1942 10.3815 10.0194 9.8070 
15.6218 15.9970 16.3532 16.4709 16.6179 16.9270 17.4002 17.5944 17.6700 17.7212 17.6976 17.5933 17.6102 17.6050 17.7512 17.5599 16.9950 16.5465 16.1759 15.9612 15.8661 15.6490 15.4031 14.9735 14.7532 14.5843 14.2060 13.8026 13.3957 12.9508 12.6066 12.1936 11.8238 11.5049 11.2159 11.1669 11.0222 11.0829 10.8517 10.8192 10.6393 10.6025 10.5299 10.4664 10.4528 10.4602 10.5463 10.2816 10.1242 9.9573 
15.5189 15.8523 16.0092 16.2680 16.7031 17.0645 17.0983 17.2953 17.3619 17.3370 17.2221 17.1802 17.1346 17.4285 17.2245 17.2617 17.0396 16.5125 16.0739 15.7213 15.5093 15.3931 15.2934 15.0077 14.5599 14.3252 14.1297 13.7771 13.3879 12.9878 12.5853 12.1802 11.8106 11.4618 11.5341 11.3827 11.2161 11.1698 11.1888 10.9647 10.9048 10.8456 10.8035 10.7329 10.7268 10.6769 10.5854 10.4527 10.2870 10.0980
15.3652 15.5543 15.8136 16.2311 16.7710 16.6505 16.9205 17.0036 17.0174 16.8718 16.8275 16.7311 16.9000 16.9013 16.9003 16.7624 16.7605 16.5118 16.0368 15.6135 15.2764 15.0658 14.9469 14.9504 14.5614 14.1557 13.9063 13.6919 13.3584 12.9827 12.5939 12.2016 11.8002 11.5046 11.7640 11.5580 11.5557 11.3744 11.3029 11.2509 11.2021 11.0603 11.0636 11.0328 10.9426 10.9143 10.7896 10.6204 10.4415 10.1507
15.1020 15.3677 15.7628 16.2203 16.2420 16.5355 16.6484 16.6593 16.5226 16.5083 16.3916 16.4132 16.6070 16.4319 16.4104 16.3921 16.2853 16.2479 16.0030 15.5697 15.1642 14.8410 14.6329 14.5233 14.6012 14.1467 13.8540 13.5076 13.2703 12.9501 12.5874 12.2098 11.8268 11.7357 11.7022 11.9664 11.7121 11.7027 11.5290 11.4662 11.3877 11.4348 11.2827 11.2976 11.2712 11.1413 10.9603 10.7936 10.4854 10.1723
14.9245 15.3021 15.7039 15.8099 16.1084 16.3172 16.3081 16.1818 16.1611 16.0537 16.0182 16.0955 16.0558 16.0976 15.9926 15.9795 15.9103 15.8176 15.7521 15.5116 15.1122 14.7255 14.4152 14.2113 14.1289 14.3109 13.8192 13.4438 13.1139 12.8626 12.5524 12.2019 11.8352 11.6817 11.9361 11.8460 12.1149 11.8714 11.8634 11.6351 11.5199 11.5644 11.6674 11.5570 11.4575 11.3046 11.1597 10.8236 10.5039 10.1978
14.8457 15.2144 15.3781 15.6757 16.0747 15.9761 15.8557 15.8216 15.7198 15.6812 15.6139 15.5949 15.6196 15.5952 15.7499 15.5518 15.5093 15.4420 15.3571 15.2716 15.0361 14.6651 14.2971 13.9991 13.8585 13.8197 13.8243 13.4109 13.0448 12.7268 12.4673 12.1652 12.0444 11.8667 12.0301 12.1376 11.9849 12.2886 11.9766 11.9428 11.6447 11.6649 11.8307 11.7995 11.6533 11.5429 11.1678 10.8412 10.5201 10.2997
14.7425 14.9595 15.3058 15.8371 15.6603 15.6006 15.5061 15.4007 15.3521 15.2654 15.2191 15.1610 15.1545 15.2643 15.2212 15.2754 15.1075 15.0526 14.9862 14.9052 14.8056 14.5753 14.2284 13.8786 13.5989 13.4574 13.4128 13.3658 13.0072 12.6555 12.4600 12.4298 12.2492 12.2495 12.1839 12.3016 12.3607 12.0915 12.3907 11.9768 11.9489 11.8544 11.8534 12.0016 11.9140 11.5159 11.1894 10.8448 10.6259 10.4818
14.5297 14.8825 15.3297 15.3034 15.3466 15.2108 15.1402 15.0493 14.9540 14.8972 14.8201 14.7702 14.7997 14.7842 14.8294 14.9104 14.8168 14.6734 14.6086 14.5423 14.4626 14.3721 14.1368 13.8032 13.4708 13.2067 13.0656 13.0111 12.9301 12.8228 12.8340 12.6662 12.6413 12.5633 12.5039 12.4026 12.4534 12.3956 12.2907 12.4044 12.1099 11.9927 12.0048 12.0179 11.8360 11.5472 11.1747 10.9556 10.8199 10.6948
14.4401 14.8121 14.8631 14.8870 14.8618 14.8768 14.7678 14.6924 14.6046 14.5166 14.4553 14.3847 14.3539 14.3932 14.4545 14.4087 14.4531 14.3713 14.2465 14.1764 14.1097 14.0383 14.1231 13.7240 13.5781 13.3659 13.3199 13.1696 13.1188 13.2607 13.0369 13.0417 12.9503 12.8952 12.8130 12.7478 12.7091 12.6838 12.6138 12.5190 12.3281 12.2820 12.1358 11.9534 11.7222 11.5079 11.2929 11.1642 11.0366 10.9461
14.2689 14.4060 14.5709 14.6427 14.4693 14.4296 14.4246 14.3331 14.2563 14.1716 14.0889 14.0256 13.9670 14.0150 13.9900 14.0167 13.9898 14.0115 13.9382 13.8278 13.7553 13.6910 13.6802 14.0094 13.7498 13.7471 13.5604 13.5253 13.4552 13.4036 13.4590 13.3444 13.2984 13.2059 13.1512 13.1035 13.0877 13.0048 12.9364 12.7310 12.6786 12.5227 12.3426 12.1291 11.8818 11.6380 11.5194 11.3815 11.3004 11.1968
13.9709 14.0888 14.1928 14.1615 14.3117 14.0688 14.0083 13.9877 13.9077 13.8313 13.7497 13.6711 13.6080 13.5778 13.5935 13.5780 13.5935 13.5773 13.5839 13.5170 13.5376 13.5693 13.6312 13.8574 14.1980 13.9532 13.9455 13.8662 13.8090 13.8042 13.7435 13.7145 13.6105 13.5604 13.5012 13.5016 13.4030 13.3437 13.2140 13.0866 12.9151 12.7317 12.5133 12.2865 12.0152 11.8871 11.7329 11.6603 11.5611 11.4174
13.6587 13.7322 13.7571 13.8645 13.8368 13.9970 13.6907 13.5994 13.5649 13.4921 13.4172 13.3385 13.2633 13.2117 13.2030 13.1864 13.1752 13.1964 13.3525 13.5914 13.9074 13.9501 13.9766 14.0217 14.2476 14.3775 14.2878 14.2220 14.2348 14.1598 14.1294 14.0359 13.9789 13.9042 13.9311 13.8090 13.7535 13.6951 13.4968 13.3156 13.1318 12.9028 12.6774 12.4164 12.2910 12.0894 12.0306 11.9305 11.7906 11.5812
13.3210 13.4306 13.4375 13.4412 13.5573 13.5377 13.7538 13.3229 13.2026 13.1551 13.0865 13.0136 12.9281 12.8707 12.8345 12.9457 13.3039 13.3666 13.4864 13.7637 13.9930 14.3706 14.3682 14.3970 14.4194 14.6830 14.6408 14.6817 14.5828 14.5695 14.4593 14.3995 14.2527 14.3794 14.2217 14.1715 14.1353 13.9088 13.7249 13.5437 13.3016 13.0714 12.8365 12.7115 12.4627 12.4126 12.3091 12.1710 11.9508 11.7372
13.0099 13.0165 13.1697 13.1385 13.1537 13.3116 13.2783 13.2879 12.9493 12.8157 12.7575 12.7757 12.6284 12.5414 12.7801 12.9791 13.2375 13.7016 13.7622 13.8754 14.1917 14.3936 14.8631 14.6611 14.6775 14.8194 15.1487 15.0097 15.0266 14.8885 14.8516 14.6721 14.6342 14.6396 14.5964 14.5948 14.3279 14.1434 13.9684 13.7104 13.4682 13.2867 13.1223 12.8914 12.8063 12.6962 12.5638 12.3240 12.1127 11.8809
12.6309 12.7337 12.7709 12.9691 12.8911 12.8853 12.9047 12.8827 12.8503 12.5755 12.4377 12.3927 12.5069 12.6398 12.9141 13.1679 13.2723 13.5107 13.9619 13.9264 14.2233 14.6437 14.7852 15.1415 15.0002 15.0310 15.1322 15.5053 15.3198 15.3243 15.0965 15.0702 15.0862 15.0431 15.0779 14.7521 14.5711 14.4074 14.1295 13.8736 13.6920 13.5353 13.3023 13.2026 13.1159 12.9709 12.7039 12.4951 12.2518 12.0673
12.3356 12.3761 12.5509 12.5348 12.6942 12.5251 12.5011 12.5107 12.4914 12.4346 12.3549 12.6214 12.7800 12.8885 13.0083 13.3162 13.5871 13.5356 13.8172 14.2788 14.2306 14.5056 15.0001 15.1888 15.4973 15.4229 15.4525 15.4947 15.8238 15.5218 15.5266 15.4823 15.4548 15.5552 15.1784 15.0080 14.8623 14.5586 14.2875 14.1067 13.9575 13.7428 13.6063 13.5267 13.3876 13.1138 12.8905 12.6248 12.4518 12.2451
12.0043 12.1219 12.1703 12.2869 12.2650 12.4286 12.1826 12.1289 12.1281 12.1073 12.3665 12.7506 13.0238 13.1776 13.2810 13.3794 13.7321 13.9663 13.8496 14.1333 14.4605 14.5438 14.8561 15.3525 15.6313 15.8538 15.7985 15.9189 15.8926 16.0146 15.8441 15.7755 15.9716 15.6027 15.4539 15.3355 14.9976 14.7100 14.5303 14.3948 14.1533 14.0141 13.9474 13.8202 13.5109 13.2918 13.0449 12.8426 12.6407 12.3606
11.7392 11.7943 11.8957 11.9083 12.0283 12.0136 12.2317 11.8509 11.7953 12.1112 12.4383 12.7369 13.1608 13.4374 13.6439 13.6230 13.7548 14.1631 14.1912 14.2178 14.5367 14.7427 14.8883 15.2092 15.7105 16.1031 16.3101 16.2231 16.4192 16.3102 16.2008 16.2819 16.0362 15.9089 15.8303 15.4456 15.1410 14.9621 14.8498 14.5711 14.4302 14.3777 14.2719 13.9119 13.7062 13.4415 13.2386 13.0445 12.7492 12.4745
11.4398 11.5925 11.5595 11.6476 11.6673 11.8278 11.7991 11.8100 11.8675 12.1585 12.4859 12.8267 13.1097 13.4722 13.8663 14.0594 14.0096 14.1358 14.5686 14.5389 14.6114 14.9878 15.0206 15.2458 15.6404 16.0225 16.5346 16.7168 16.6641 16.6870 16.6393 16.4876 16.3709 16.3509 15.9011 15.5812 15.4001 15.3260 14.9949 14.8549 14.8162 14.7472 14.3132 14.1361 13.8461 13.6429 13.4633 13.1389 12.8833 12.4782
11.2122 11.2122 11.2827 11.3209 11.4446 11.4437 11.4716 11.6720 11.9033 12.2419 12.5294 12.8703 13.1908 13.5162 13.8734 14.3053 14.4377 14.4097 14.5173 14.9308 14.9592 15.0086 15.4055 15.3877 15.6819 16.0506 16.4668 16.9430 17.0297 16.9986 16.9774 16.8304 16.9042 16.3612 16.0320 15.8413 15.8287 15.4230 15.2815 15.2862 14.9269 14.7086 14.5848 14.2612 14.0034 13.9045 13.5311 13.3051 12.8632 12.5157
10.8682 10.9320 10.9934 11.1033 11.0963 11.1439 11.3728 11.6817 12.0531 12.2553 12.6312 12.9065 13.1849 13.6052 13.9217 14.2803 14.7456 14.7311 14.7600 14.9175 15.2730 15.4148 15.4018 15.7752 15.8013 16.1448 16.4938 16.9422 17.4552 17.3322 17.2967 17.2653 16.8004 16.5018 16.2131 16.3622 15.8478 15.7150 15.7498 15.2627 15.1154 15.0531 14.6909 14.3961 14.2051 13.9576 13.5201 13.2483 12.9049 12.5900
10.5901 10.6771 10.9494 10.7891 10.8759 11.1512 11.4466 11.7245 12.0381 12.4533 12.6054 12.9181 13.3168 13.5653 13.9673 14.3117 14.6967 14.8886 15.0634 15.1454 15.3315 15.5773 15.8060 15.7977 16.0996 16.2035 16.6245 16.9631 17.1835 17.7426 17.5006 17.2164 16.9976 16.6296 16.6082 16.1804 16.1485 16.1351 15.6390 15.5446 15.4580 15.0888 14.7759 14.5854 14.3401 13.8848 13.6664 13.2534 12.9774 12.7247
10.3550 10.5733 10.5628 10.6497 10.9202 11.2223 11.4989 11.8082 12.0846 12.3981 12.6820 12.9924 13.3021 13.6163 13.9712 14.3835 14.6456 14.9174 15.0974 15.2399 15.4928 15.6536 15.5824 15.9459 15.9806 16.2752 16.5637 16.8563 17.4155 17.4032 17.5043 17.2628 16.9429 16.8468 16.3843 16.2511 16.1625 15.9241 15.7919 15.5814 15.4708 15.1843 14.9250 14.7041 14.2438 14.0757 13.6387 13.3729 13.1365 12.7814
10.2159 10.2543 10.4159 10.6874 10.9910 11.2603 11.5796 11.8534 12.1818 12.4533 12.7863 13.0676 13.3782 13.7178 14.0275 14.3968 14.7292 14.7799 15.1125 15.3316 15.4103 15.1983 15.4740 15.6636 15.8326 16.1116 16.4523 16.9842 16.9567 17.2126 17.3186 17.0473 16.9483 16.5607 16.3437 15.9515 15.9594 15.9145 15.7619 15.4189 15.2254 15.2726 15.0163 14.6293 14.4782 14.0257 13.8001 13.4609 13.1862 12.7952
9.9508  10.1640 10.4408 10.7521 11.0213 11.3438 11.6059 11.9496 12.2133 12.5689 12.8273 13.1884 13.4570 13.7837 14.1165 14.4529 14.5354 14.9194 15.1467 14.9677 14.9138 15.0183 15.2121 15.3936 15.6892 16.0431 16.5665 16.5064 16.7128 16.8816 16.8541 16.8666 16.5880 16.5032 16.2302 15.9387 15.5628 15.6398 15.6609 15.5638 15.1039 14.9721 15.0634 14.7447 14.3903 14.2871 13.8628 13.6100 13.1935 12.8202
9.9615  10.1987 10.4907 10.7685 11.1000 11.3602 11.7100 11.9552 12.3349 12.5761 12.9813 13.2189 13.6057 13.8468 14.2043 14.2276 14.5807 14.9682 14.6679 14.6850 14.5934 14.7740 14.9757 15.3658 15.6615 16.1757 16.0667 16.2342 16.4243 16.6682 16.5985 16.4191 16.3591 16.1321 16.0255 15.8636 15.7041 15.2324 15.2161 15.4415 15.3040 14.8112 14.7280 14.7878 14.7709 14.2754 13.9349 13.5960 13.2074 12.9449
10.0278 10.2876 10.5164 10.8282 11.1014 11.4614 11.7018 12.0929 12.3047 12.7222 12.9513 13.4183 13.5861 14.0590 13.9380 14.3921 14.6560 14.4646 14.4943 14.2720 14.3506 14.5697 14.9909 15.3400 15.8511 15.6712 15.7765 15.9994 16.4336 16.4356 16.5163 16.4653 16.0190 15.8805 15.6814 15.5609 15.4074 15.2178 14.9662 14.9444 15.1406 14.8421 14.4363 14.5128 14.3806 14.3589 14.0262 13.5783 13.3697 12.9470
10.1561 10.3437 10.6219 10.8382 11.1786 11.4374 11.8401 12.0420 12.4504 12.5945 13.0022 13.2934 13.7346 13.6921 13.9537 14.2191 14.2453 14.2112 14.0658 14.0479 14.1737 14.6122 14.9584 15.4584 15.3508 15.4637 15.7124 16.2144 15.9936 16.0465 16.1138 16.3796 16.2577 15.7503 15.4386 15.2402 15.1101 14.9586 14.7706 14.6680 14.6369 14.7740 14.4105 14.0874 14.1554 13.9842 13.9187 13.8130 13.3460 12.9665
10.1830 10.5010 10.6578 10.9707 11.1613 11.5453 11.7718 12.1767 12.3570 12.7579 12.9547 13.3813 13.6421 13.5587 13.8077 14.0977 13.8367 13.8272 13.7844 13.7952 14.2012 14.5752 15.0697 14.9620 15.0518 15.4350 15.9590 15.6998 15.7204 15.6846 15.9277 15.9798 16.1623 15.9010 15.3945 15.0875 14.8177 14.6727 14.5213 14.3604 14.4709 14.3000 14.3673 14.0003 13.8749 13.7479 13.5874 13.5084 13.3683 12.9532
10.1933 10.5122 10.8586 10.9697 11.3389 11.4810 11.8586 12.0533 12.3778 12.7321 13.1812 13.2701 13.2095 13.4030 13.6474 13.6234 13.6506 13.4549 13.4335 13.7842 14.1647 14.6425 14.6004 14.6661 15.0148 15.4808 15.4084 15.4624 15.3147 15.5595 15.5987 15.7569 15.7990 15.7863 15.5660 15.0686 14.7876 14.4164 14.2490 14.0981 13.9974 14.0288 14.0370 13.9216 13.6171 13.5983 13.3586 13.1988 13.1059 12.9397
10.1888 10.5248 10.8423 11.2372 11.2196 11.5012 11.8339 12.0154 12.3594 12.7513 12.8661 12.8479 13.0107 13.2183 13.2288 13.2451 13.2292 13.2267 13.3835 13.7570 14.1804 14.3291 14.2818 14.6225 15.1256 15.0573 15.0454 15.0404 15.1512 15.1679 15.3240 15.5559 15.4282 15.5242 15.3645 15.2617 14.7655 14.4434 14.0278 13.8386 13.6924 13.6259 13.6240 13.7410 13.5092 13.2510 13.2929 12.9873 12.8192 12.7079
10.1969 10.5158 10.8626 10.9772 11.1981 11.5846 11.6762 11.9921 12.3413 12.4730 12.4875 12.6285 12.8072 12.8394 12.8519 12.8432 12.8567 13.0131 13.3567 13.7507 14.0142 13.9232 14.2528 14.6619 14.6618 14.7146 14.6812 14.7115 14.7478 14.9094 15.2867 15.0887 15.3149 15.1418 15.1778 15.0525 14.9031 14.4105 14.0247 13.6421 13.4406 13.3003 13.3207 13.2937 13.4667 13.1422 12.9059 12.9255 12.6237 12.4437
10.1917 10.5227 10.7944 10.9652 11.3427 11.3523 11.6332 11.9482 12.0907 12.1300 12.2556 12.4115 12.4570 12.4698 12.4675 12.4939 12.6489 12.9671 13.3370 13.6428 13.6074 13.8499 14.2500 14.2790 14.3935 14.2625 14.2871 14.3356 14.4958 14.8031 14.8073 15.1236 15.0401 14.8725 14.7364 14.9093 14.6710 14.4615 14.0006 13.6155 13.2611 13.0540 12.9271 13.0482 13.0366 13.2916 12.8616 12.6230 12.4968 12.2526
10.1904 10.4691 10.7701 11.1636 11.0481 11.2840 11.5699 11.7190 11.7771 11.8917 12.0295 12.0828 12.0979 12.1016 12.1383 12.2912 12.5876 12.9350 13.2270 13.3766 13.4627 13.8209 13.9639 14.0869 13.9262 13.9550 13.9318 14.0889 14.3651 14.5700 14.9147 14.8846 14.6961 14.5968 14.4522 14.4185 14.5116 14.2642 14.0149 13.5958 13.2190 12.8862 12.6787 12.6768 12.8676 12.8573 13.0481 12.6005 12.2733 12.1109
10.1471 10.4457 10.7779 10.7868 10.9458 11.2051 11.3574 11.4297 11.5365 11.6598 11.7174 11.7358 11.7452 11.7899 11.9404 12.2179 12.5463 12.8422 13.1161 13.1296 13.4304 13.8151 13.8641 13.6362 13.6538 13.5455 13.6914 13.9582 14.2958 14.5515 14.8159 14.5163 14.4397 14.2776 14.1686 14.0848 14.1362 14.1629 13.8622 13.5877 13.1985 12.8335 12.5184 12.4669 12.4955 12.6352 12.6019 12.6069 12.2324 11.9215
10.1213 10.4156 10.4751 10.6220 10.8527 11.0058 11.0885 11.1897 11.3014 11.3610 11.3829 11.3977 11.4490 11.5975 11.8657 12.2419 12.4824 12.8552 12.8800 13.1083 13.5478 13.4843 13.4242 13.4297 13.2597 13.3108 13.6210 14.0051 14.1764 14.6133 14.3476 14.3493 14.1141 14.0124 13.8663 13.7585 13.7998 13.8715 13.7397 13.4576 13.1758 12.8097 12.4583 12.1752 12.2421 12.2343 12.2538 12.2312 12.1913 11.8652
10.0680 10.1642 10.3049 10.5125 10.6638 10.7540 10.8510 10.9535 11.0137 11.0391 11.0590 11.1156 11.2621 11.5204 11.8721 12.2099 12.6445 12.5444 12.8491 13.3028 13.1616 13.1444 13.0878 13.0367 13.0869 13.3037 13.7308 14.0226 14.5058 14.1610 14.1568 13.9551 13.9084 13.7138 13.5992 13.4641 13.4600 13.4838 13.6658 13.3455 13.0624 12.7774 12.4300 12.0944 11.8721 11.8847 11.8733 11.8843 11.8639 11.7918
9.8530  9.9942  10.1833 10.3312 10.4265 10.5204 10.6153 10.6754 10.7039 10.7285 10.7896 10.9342 11.1825 11.5142 11.8494 12.2178 12.2360 12.4778 12.8545 12.8500 12.8890 12.7844 12.7537 12.7351 13.0628 13.5164 13.6749 14.1392 14.0296 14.0403 13.7798 13.7257 13.5618 13.4869 13.3186 13.1985 13.1270 13.3808 13.2291 13.3370 12.9672 12.6774 12.3914 12.0598 11.7446 11.5428 11.5289 11.5199 11.5250 11.4985
9.6863  9.8640  10.0077 10.1063 10.1977 10.2865 10.3459 10.3773 10.4062 10.4709 10.6134 10.8521 11.1667 11.4928 11.8175 11.8960 12.1161 12.4326 12.4736 12.5002 12.4774 12.4930 12.4122 12.6899 13.1191 13.3383 13.7779 13.6756 13.7091 13.6309 13.6017 13.3952 13.3134 13.1720 13.0812 12.9306 13.1613 12.9482 12.9663 12.8969 12.9969 12.6071 12.3132 12.0181 11.6997 11.4036 11.2167 11.1845 11.1747 11.1709
9.5505  9.6931  9.7934  9.8827  9.9665  10.0250 10.0590 10.0918 10.1594 10.2998 10.5292 10.8284 11.1426 11.4375 11.5553 11.7606 12.0321 12.1005 12.1238 12.1109 12.1242 12.1103 12.3267 12.7094 12.9551 13.3931 13.3208 13.3573 13.2876 13.2967 13.2352 13.1836 13.0124 12.9161 12.7883 12.7415 12.7143 12.7433 12.5871 12.5958 12.5564 12.6146 12.2647 11.9489 11.6555 11.3494 11.0709 10.8950 10.8502 10.8339
9.3835  9.4879  9.5754  9.6550  9.7125  9.7487  9.7851  9.8551  9.9932  10.2138 10.4989 10.7999 11.0737 11.2169 11.4115 11.6491 11.7335 11.7580 11.7520 11.7621 11.7750 11.9752 12.3183 12.5844 12.9291 12.9436 12.9852 12.9390 12.9540 12.9037 12.8983 12.8455 12.7817 12.6344 12.5312 12.4179 12.3669 12.3439 12.3462 12.2290 12.2292 12.1981 12.1717 11.8943 11.5922 11.3030 11.0086 10.7458 10.5788 10.5212
9.1840  9.2721  9.3483  9.4048  9.4429  9.4823  9.5543  9.6899  9.9021  10.1739 10.4617 10.7197 10.8788 11.0653 11.2769 11.3701 11.3979 11.3972 11.4076 11.4391 11.6264 11.9382 12.2107 12.5122 12.6127 12.5890 12.5647 12.5885 12.5578 12.5602 12.5218 12.5076 12.4590 12.3892 12.2585 12.1535 12.0505 11.9981 11.9751 11.9614 11.8712 11.8580 11.8782 11.7817 11.5278 11.2392 10.9560 10.6730 10.4244 10.2620
