#Value_Function_Estimate.
189.09  193.35  197.80  201.97  206.21  206.26  206.65  207.94  207.69  207.91  206.02  204.56  202.89  201.94  200.08  199.02  197.70  196.93  197.21  200.22  202.39  205.40  208.65  209.91  210.51  211.24  212.26  213.57  213.40  214.36  212.95  209.86  206.92  202.45  198.66  196.04  194.02  192.20  190.41  191.26  192.31  193.47  193.12  193.37  191.19  187.49  186.64  186.52  186.53  186.41 
189.05  193.42  197.69  202.20  206.25  211.07  210.00  210.30  212.36  210.07  208.70  206.83  206.16  204.00  203.10  201.62  201.03  199.48  200.48  202.35  206.10  207.98  211.08  214.50  215.32  215.89  216.51  217.65  219.22  218.46  214.97  212.20  207.16  203.07  200.37  198.36  196.52  194.61  193.25  194.87  195.68  196.74  198.18  195.98  191.58  191.11  191.08  191.13  191.04  190.51 
189.09  193.35  197.81  202.01  206.56  209.26  213.80  212.71  214.09  212.98  210.71  210.48  207.85  207.24  205.49  205.16  203.57  201.14  203.16  204.82  207.69  212.09  214.39  217.05  220.35  220.27  221.21  221.59  222.94  222.05  217.63  212.11  207.68  204.79  202.78  200.94  198.89  197.41  197.15  196.99  199.47  200.14  200.87  195.76  194.01  195.46  195.75  195.66  195.42  192.44 
189.05  193.42  197.68  202.08  205.22  209.38  211.97  216.58  214.44  215.17  215.11  211.69  211.61  209.41  209.47  207.84  205.09  203.71  205.12  204.38  210.21  213.01  218.13  219.74  220.26  224.72  225.37  226.58  226.61  222.69  217.10  212.47  209.28  207.27  205.46  203.24  201.84  199.95  200.37  201.68  199.16  200.40  199.03  196.10  197.35  198.57  200.25  200.41  197.28  192.44 
189.08  193.32  197.61  201.04  205.01  207.99  212.02  213.33  217.75  217.91  216.62  216.40  213.34  214.08  212.38  209.40  206.76  205.35  205.66  209.63  211.96  216.10  218.26  222.28  223.60  226.49  231.39  230.34  225.23  221.46  217.37  213.71  211.77  210.08  207.61  206.42  204.16  203.40  203.67  200.51  198.21  199.28  197.85  198.53  200.82  202.17  205.49  202.17  196.98  192.68 
188.99  193.16  196.76  200.64  203.87  207.60  209.51  213.12  213.75  215.65  218.97  218.92  218.55  214.07  214.47  209.45  208.13  206.27  209.12  211.72  215.82  217.43  222.44  223.67  228.85  233.44  230.13  226.18  224.62  220.17  217.98  216.23  214.78  211.97  211.12  208.67  206.24  206.69  201.83  199.88  200.47  198.67  200.15  200.44  203.25  204.52  204.14  201.04  197.35  192.45 
188.78  192.43  196.25  199.65  203.22  205.54  208.70  209.75  211.91  213.91  213.82  220.63  218.63  219.56  212.30  212.02  207.84  210.35  212.11  215.19  217.39  222.27  222.76  229.18  231.83  226.49  226.46  223.58  224.66  220.30  219.07  219.69  216.29  216.14  213.29  210.49  208.80  204.26  202.89  201.89  200.77  201.34  201.61  205.61  205.26  206.46  203.78  199.09  196.32  192.60 
188.14  191.87  195.35  198.95  202.64  204.37  205.78  207.68  211.69  217.08  216.28  214.20  218.62  219.58  217.64  211.65  212.94  213.35  216.14  217.62  221.04  222.76  228.74  230.74  227.81  224.98  222.64  227.49  224.77  220.46  224.09  221.19  216.55  215.80  215.70  210.66  207.14  207.53  203.64  201.74  202.52  203.79  206.90  206.24  208.72  204.67  201.78  198.93  194.69  191.65 
187.54  191.02  194.55  198.28  203.33  207.02  205.85  207.75  211.90  214.20  219.12  217.01  215.64  216.92  214.16  216.05  213.57  216.71  218.06  221.24  222.45  226.31  227.57  226.69  222.72  222.58  226.61  229.47  224.05  224.75  225.71  220.74  218.08  213.45  212.12  211.77  209.79  206.92  203.60  205.76  203.07  207.97  208.19  212.25  207.07  203.94  200.17  197.21  194.20  190.24 
186.73  190.16  193.67  198.60  202.20  203.93  209.20  205.53  209.41  213.69  213.52  219.65  218.01  216.59  217.78  216.36  218.30  216.73  221.26  221.83  225.71  226.43  222.50  220.34  222.75  224.61  229.00  222.26  223.26  224.17  223.13  222.87  217.47  215.59  210.87  208.75  210.18  207.55  206.75  203.71  206.98  209.24  213.64  208.31  207.05  202.60  199.28  195.68  192.65  189.54 
185.82  189.19  193.59  197.44  199.96  203.65  205.14  209.09  207.00  209.24  214.26  213.67  219.62  219.43  218.23  220.41  217.88  217.30  219.72  225.79  225.19  221.78  219.19  221.81  224.59  229.20  223.07  219.60  218.84  221.32  222.82  220.86  220.68  215.19  212.75  208.00  205.60  207.61  204.57  206.65  209.95  211.74  208.29  208.26  204.03  202.10  198.10  194.70  191.20  188.11 
184.77  188.69  192.39  195.57  199.26  200.95  203.34  203.07  208.47  207.17  208.39  213.06  213.46  217.51  218.56  218.78  218.07  217.67  222.28  224.03  220.46  218.08  218.32  221.97  230.49  223.89  220.51  215.15  216.75  218.25  218.97  220.03  218.59  217.73  212.51  208.22  204.36  204.13  205.50  209.47  211.35  206.55  206.62  203.97  203.09  197.30  193.93  193.22  190.12  186.72 
183.89  187.44  190.74  194.49  196.80  198.72  198.85  201.36  204.12  209.27  207.40  208.02  212.49  211.11  212.76  211.65  217.55  220.61  220.93  216.92  217.38  215.69  218.99  226.96  221.82  219.05  217.46  214.02  213.65  214.49  215.28  218.01  217.36  215.07  212.74  208.80  205.39  207.41  209.15  211.92  207.06  206.23  202.42  201.66  197.73  194.80  189.91  189.42  188.45  185.55 
182.52  185.84  189.42  192.27  194.37  194.51  193.74  197.62  202.20  202.36  207.44  208.36  207.58  207.36  207.60  214.19  218.08  217.98  215.51  214.27  212.66  214.45  222.00  219.81  217.19  215.37  212.97  210.85  209.98  210.90  213.13  213.38  218.12  216.77  213.33  209.62  208.35  209.06  212.25  207.18  206.79  202.87  201.29  196.44  193.75  190.34  189.68  185.88  184.95  183.75 
181.06  184.47  187.34  189.66  190.33  190.05  191.14  194.67  196.42  202.13  202.58  207.32  208.63  207.60  208.76  210.65  217.65  215.97  213.34  211.21  211.74  217.90  215.47  213.22  212.05  211.33  209.37  207.05  206.49  208.40  209.24  212.95  213.27  218.03  213.99  211.88  210.90  213.04  208.11  207.20  203.12  201.58  198.71  195.31  190.58  188.94  186.17  184.92  181.74  180.51 
179.60  182.45  184.68  185.93  186.08  187.09  188.47  191.24  194.81  196.75  201.88  202.95  208.24  209.63  208.31  213.23  217.15  215.55  211.93  211.72  215.39  213.44  209.93  206.98  207.33  206.43  205.23  203.31  203.80  205.01  208.06  209.12  212.73  213.17  216.80  211.71  211.46  206.06  207.69  203.98  201.30  202.34  196.77  192.54  189.94  186.21  184.38  181.91  180.31  177.53 
177.78  179.60  177.79  180.05  183.20  184.49  185.58  189.62  192.06  196.24  197.19  201.42  202.51  207.11  209.78  213.35  218.10  213.42  210.95  212.60  214.09  208.83  206.47  203.96  201.62  201.72  200.86  199.71  200.75  203.38  204.87  207.86  208.88  211.39  210.40  207.30  205.28  205.92  202.74  203.97  204.78  200.36  195.68  191.35  187.73  184.19  182.20  180.04  177.63  175.80 
175.01  174.71  174.66  176.35  179.00  181.98  185.33  187.10  189.26  193.13  195.27  196.85  200.51  201.56  212.29  215.19  213.24  212.07  209.66  212.62  206.88  210.01  205.38  201.01  198.92  196.90  196.40  196.56  198.87  200.59  203.20  204.54  206.52  206.07  204.37  201.41  201.26  202.77  203.11  208.97  204.18  197.88  194.48  190.30  186.00  183.21  181.11  178.60  175.75  173.32 
170.68  170.86  172.15  173.28  176.44  179.88  183.08  185.34  188.37  187.88  190.79  193.57  195.28  197.58  207.83  207.79  209.57  205.59  205.68  203.53  206.79  205.76  205.92  201.18  198.00  194.86  192.51  194.49  196.33  198.68  200.19  201.84  201.74  201.95  198.74  196.64  198.84  201.81  209.23  206.96  201.12  198.05  192.45  188.85  183.46  181.01  178.49  177.39  174.39  171.38 
166.96  168.12  169.46  172.31  174.44  177.01  179.52  182.93  184.11  185.40  185.78  186.26  191.25  198.07  197.44  202.29  200.60  198.44  196.91  201.44  201.82  202.38  203.36  202.59  198.42  196.22  192.56  192.09  194.27  195.84  197.29  197.39  197.38  195.01  194.66  195.84  197.47  204.63  203.91  199.69  200.58  195.64  192.00  184.97  182.18  177.55  176.95  175.13  173.26  169.78 
164.22  165.62  168.22  170.51  172.96  173.92  176.48  176.97  178.71  179.86  177.60  183.39  192.17  186.16  193.68  193.96  191.59  192.78  194.19  196.85  197.57  198.84  198.93  201.89  200.40  196.89  193.73  189.92  191.51  192.82  193.05  192.99  193.64  196.60  196.75  196.75  199.87  201.57  198.85  198.22  194.83  193.83  187.02  183.21  179.66  175.56  174.05  173.40  171.00  168.35 
161.88  164.21  166.51  168.88  170.25  172.39  172.27  171.31  173.17  172.32  173.55  181.24  180.50  187.05  189.14  184.83  184.34  187.49  192.72  193.58  195.19  195.73  198.06  198.11  201.17  198.25  194.13  190.08  191.31  192.02  193.61  194.78  197.43  198.82  199.80  199.64  202.60  200.55  196.66  193.99  192.59  187.77  184.26  179.85  176.19  177.14  172.69  171.06  169.50  166.29 
160.37  162.56  164.80  166.41  168.34  168.54  168.59  169.05  167.57  163.98  163.65  170.29  182.12  182.78  179.54  179.87  183.80  188.05  189.37  190.79  191.58  193.49  194.04  196.37  196.17  198.61  193.92  194.79  195.33  196.88  197.34  199.18  199.99  202.54  200.62  201.48  201.52  197.68  195.38  191.65  187.12  183.64  178.84  177.73  177.47  177.06  172.82  169.24  167.38  164.74 
158.75  160.80  162.48  164.27  164.73  164.82  165.32  164.90  161.89  154.64  148.84  167.83  176.69  173.88  175.77  180.05  183.83  185.16  186.43  187.37  189.01  189.86  191.74  192.05  193.87  193.75  195.75  197.28  200.59  200.60  202.55  202.61  206.46  204.23  202.87  202.81  197.12  196.10  192.84  188.73  185.58  179.94  177.29  179.32  178.84  174.13  172.27  168.72  165.63  162.88 
156.97  158.58  160.20  160.83  161.02  161.57  161.26  161.58  149.87  122.86  122.59  149.07  162.20  168.87  177.17  179.82  182.65  185.40  187.95  189.80  190.93  192.64  193.63  194.19  195.18  197.38  198.55  201.32  202.43  206.59  205.52  208.88  206.26  203.80  203.40  197.93  196.85  192.54  189.62  185.73  182.59  179.71  180.45  180.06  176.16  174.12  169.90  167.60  164.42  161.26 
154.82  156.23  156.92  157.21  157.76  157.63  157.80  156.11  138.11  114.11  117.60  134.76  156.07  167.80  176.86  181.95  184.62  188.11  191.03  193.71  195.57  196.53  198.46  199.34  199.82  200.69  203.11  203.81  207.15  207.50  213.04  208.12  204.98  203.76  198.43  197.20  193.03  191.49  188.91  184.62  180.54  181.43  182.86  178.80  175.70  174.41  169.80  165.58  163.04  160.03 
156.73  158.57  158.78  158.94  158.80  158.93  158.29  151.99  140.88  133.31  130.94  143.63  160.50  169.21  178.41  184.17  186.54  189.81  193.84  196.76  199.60  201.46  202.18  204.43  205.17  205.55  206.27  209.16  209.14  213.45  210.76  206.54  204.91  199.43  197.16  195.60  195.15  192.79  187.01  183.66  184.35  185.10  181.42  179.22  179.23  174.28  170.01  165.27  161.28  158.61 
158.93  161.54  163.69  163.67  163.91  163.52  160.48  155.22  150.24  145.25  145.67  156.47  158.38  168.70  177.52  184.72  188.92  191.07  195.07  199.52  202.31  205.34  207.23  209.82  211.20  210.75  211.20  211.74  215.61  213.11  207.87  205.23  202.33  198.01  197.19  197.63  196.91  190.17  187.13  187.76  188.49  184.24  181.42  180.49  177.32  174.59  169.82  165.38  160.84  157.07 
161.05  163.77  166.63  169.08  168.67  167.66  163.74  160.86  159.77  153.56  158.97  160.35  165.35  167.86  175.74  185.55  190.17  193.63  195.51  200.35  205.16  207.64  211.24  215.79  215.51  216.96  214.81  215.61  213.95  211.86  207.19  204.87  200.65  198.68  198.47  196.75  192.24  190.71  191.39  192.39  187.46  184.47  180.65  179.28  177.95  173.24  169.89  165.25  160.85  156.55 
163.37  166.01  168.86  171.84  174.49  172.90  172.55  170.17  168.22  162.97  165.50  172.65  174.66  178.37  177.73  182.69  193.77  195.77  201.94  203.64  205.15  210.94  215.75  219.39  222.06  218.35  214.81  213.17  213.64  207.79  204.70  200.80  199.85  202.21  200.08  194.28  194.06  194.25  193.21  189.11  186.38  183.48  179.52  178.55  176.18  173.37  168.88  165.19  160.75  156.48 
165.42  168.54  171.16  174.03  176.90  179.91  181.21  180.23  179.37  176.60  174.65  182.78  189.61  191.23  190.60  190.81  196.17  204.44  204.52  205.18  209.04  212.10  218.48  222.25  225.79  220.10  214.45  212.59  210.63  205.33  202.68  201.03  199.35  198.59  197.96  196.03  195.10  194.53  189.98  188.00  185.95  181.91  177.92  176.36  174.35  171.82  168.70  164.38  160.59  156.79 
167.10  170.69  173.88  176.35  179.08  181.71  184.88  188.19  189.67  186.63  185.32  190.11  193.16  204.97  206.10  202.03  206.91  205.16  206.97  209.94  210.60  216.66  219.51  226.28  219.90  219.41  213.97  209.15  206.83  204.82  201.70  200.39  196.47  195.55  196.85  196.50  190.25  191.25  192.50  186.91  185.06  180.93  177.63  175.42  174.93  171.54  167.88  164.28  161.15  157.46 
168.57  172.39  176.09  179.27  181.37  183.96  187.25  192.61  194.46  194.96  194.79  201.86  203.59  204.06  213.98  213.70  206.80  210.57  211.67  213.63  217.18  217.82  223.74  219.54  218.49  215.03  213.51  208.40  203.73  201.04  198.94  196.92  194.97  191.78  191.02  191.39  189.93  187.46  191.24  190.83  185.30  183.41  177.69  173.97  173.71  172.36  168.78  165.77  161.81  158.30 
170.22  173.86  177.78  181.54  184.54  186.17  190.89  194.58  197.45  199.42  204.15  208.03  212.74  214.99  218.17  216.19  217.54  214.29  214.29  216.05  218.75  222.60  222.09  218.36  214.82  213.11  209.98  207.65  204.45  200.06  197.89  195.50  194.05  191.13  187.63  185.89  185.43  185.52  185.42  190.10  189.39  183.43  180.10  174.12  170.34  172.62  170.53  166.29  162.67  159.21 
171.36  175.62  179.21  183.19  186.83  189.66  193.47  196.28  199.34  204.30  208.13  212.14  213.18  220.92  213.05  218.27  221.57  218.09  218.31  214.92  218.81  220.07  221.03  217.08  213.35  210.54  209.13  208.00  206.02  203.28  200.66  198.25  193.87  192.90  188.88  187.09  182.87  180.68  183.81  183.53  186.78  186.64  179.68  176.20  171.67  168.11  171.09  166.05  163.72  159.21 
173.33  176.57  181.16  184.56  188.45  191.92  194.34  198.54  203.17  207.00  210.77  212.86  219.30  217.35  215.13  216.20  221.03  218.12  218.82  219.62  217.43  221.29  217.30  216.57  215.28  214.06  213.21  211.96  211.05  208.16  204.29  200.75  199.66  195.65  193.05  188.03  186.20  183.34  182.48  181.88  180.84  182.14  182.34  177.39  173.84  168.06  166.14  167.33  163.56  159.31 
173.94  178.92  181.79  186.79  189.70  193.52  197.70  201.37  205.27  209.20  212.13  219.51  218.85  215.28  214.62  218.15  216.16  223.10  222.87  221.05  223.10  220.80  221.65  220.25  218.97  218.33  217.20  216.55  215.05  212.72  208.49  206.70  203.89  200.73  195.27  191.96  188.54  187.83  187.18  186.09  183.50  179.93  179.86  180.02  173.56  169.22  167.34  165.48  163.01  160.13 
176.29  179.04  184.73  186.89  192.41  195.82  200.27  204.67  207.52  212.64  217.30  218.44  214.53  212.67  214.77  214.47  215.61  219.62  223.82  229.76  227.77  227.28  225.28  223.89  223.46  222.29  221.97  220.59  218.36  214.88  214.18  211.77  207.15  204.08  201.17  195.25  193.36  192.67  191.60  188.78  184.87  181.78  178.45  176.10  173.89  172.03  170.36  167.92  165.02  161.97 
176.52  182.05  184.04  190.84  193.15  198.71  201.72  206.39  209.58  215.17  215.95  212.94  212.32  214.44  213.99  220.06  217.79  217.71  224.88  227.67  235.98  232.05  228.82  228.68  227.27  227.30  226.02  224.08  220.03  218.82  220.71  217.61  212.61  208.34  204.07  201.98  198.38  197.35  194.32  189.90  186.82  183.12  180.84  178.14  176.67  175.19  172.80  169.93  166.86  163.97 
177.07  181.91  188.08  190.31  196.30  199.22  203.97  206.34  211.54  212.72  210.61  210.69  213.16  213.31  217.93  214.19  222.95  217.52  221.99  229.30  229.86  236.50  234.13  232.18  232.65  231.31  229.77  225.40  222.49  224.76  223.14  220.44  216.45  212.81  209.72  207.88  204.45  200.11  195.06  192.13  187.91  185.79  182.69  181.33  180.00  177.63  174.82  171.73  168.92  165.89 
177.61  183.01  187.35  192.58  196.39  201.84  203.90  209.30  209.43  207.31  207.89  211.25  213.60  215.20  211.38  218.42  217.00  220.92  222.95  224.63  230.69  231.11  237.65  238.13  236.50  235.48  230.67  227.52  227.80  226.20  224.14  221.13  222.81  217.77  217.50  211.04  208.72  201.96  197.78  192.77  191.00  187.31  186.08  184.86  182.41  179.65  176.56  173.88  170.89  167.55 
178.99  183.47  189.04  192.88  198.23  201.29  207.40  206.95  204.66  205.50  210.10  212.94  214.20  209.42  213.08  216.05  218.66  221.06  221.42  224.27  226.80  231.96  236.36  243.65  241.35  235.80  232.67  231.71  229.82  228.45  225.39  226.83  225.16  218.87  216.80  217.21  208.94  205.61  199.65  196.58  192.01  190.97  189.85  187.20  184.46  181.31  178.82  175.88  172.65  168.33 
179.29  185.18  189.15  195.03  198.05  203.79  204.70  202.58  204.09  208.18  211.81  212.89  209.00  208.69  210.79  212.73  215.25  220.40  219.83  220.59  223.37  230.00  235.37  237.63  243.44  237.79  236.72  232.69  233.57  230.14  231.19  228.03  223.87  222.16  215.83  212.35  213.84  207.19  203.66  199.07  196.06  195.04  192.05  189.31  185.97  183.72  180.82  177.78  173.38  168.60 
180.53  185.13  191.38  194.53  200.96  201.02  199.97  203.09  206.55  210.99  212.95  207.85  207.51  206.53  210.31  212.94  217.61  218.46  217.81  218.15  224.17  228.67  234.30  237.00  235.14  240.44  233.96  239.59  233.51  235.11  228.04  228.12  222.88  220.89  218.22  213.83  208.59  211.29  204.71  204.02  200.56  196.99  194.29  190.59  188.61  185.68  182.92  178.43  173.62  168.61 
180.64  186.74  190.74  197.63  197.30  196.90  200.52  205.01  207.72  212.48  207.63  207.37  204.18  208.54  210.26  214.70  217.65  217.66  215.97  218.67  223.83  230.04  233.01  231.45  234.45  235.47  238.64  232.75  237.98  231.36  233.21  225.31  224.13  220.78  219.65  214.76  209.96  205.93  208.05  205.26  202.42  199.51  195.20  193.59  190.45  188.06  183.43  178.64  173.60  168.64 
180.69  186.66  193.11  193.57  192.85  197.78  202.44  204.51  209.15  206.84  206.61  202.49  206.85  207.63  210.03  212.33  214.98  213.13  213.54  218.37  224.13  227.12  226.98  228.72  230.08  232.51  232.75  235.63  231.74  232.26  228.47  230.14  223.53  219.35  215.83  215.37  213.03  207.86  203.56  204.23  201.38  201.30  198.79  195.14  193.25  188.35  183.65  178.58  173.64  168.61 
180.44  184.94  188.10  189.59  192.28  196.85  199.58  204.99  202.81  203.16  200.93  202.83  203.61  204.48  206.68  209.02  208.69  209.14  212.93  218.23  221.24  221.63  223.12  224.56  226.66  227.29  228.96  230.42  231.71  228.90  227.09  225.82  225.21  218.92  213.93  210.64  211.27  209.66  204.33  202.30  201.20  198.79  201.24  198.57  193.17  188.61  183.52  178.65  173.60  168.64 
178.66  180.43  184.06  186.93  191.22  194.27  198.65  198.54  199.07  198.03  200.97  199.25  198.69  200.73  202.94  203.08  203.87  207.60  212.45  215.43  216.21  217.56  219.04  220.91  221.78  223.30  224.74  226.01  227.20  227.95  223.59  222.19  222.30  219.22  213.41  208.47  205.37  205.29  203.54  201.98  199.92  196.28  195.95  197.92  193.56  188.38  183.65  178.58  173.64  168.61 
175.13  178.48  181.61  185.66  188.90  192.61  193.07  193.67  193.79  196.39  194.96  195.04  194.82  196.89  197.48  198.63  202.29  206.79  209.74  210.81  212.09  213.57  215.28  216.32  217.73  219.15  220.41  221.53  222.19  221.75  221.79  218.31  216.87  216.42  213.28  207.81  202.98  200.02  199.49  198.03  196.60  194.61  192.75  192.40  192.48  188.53  183.51  178.65  173.60  168.64 
173.27  176.48  180.29  183.60  186.90  187.74  188.30  188.66  190.62  190.32  190.74  189.69  191.08  192.00  193.53  197.05  201.26  204.16  205.45  206.72  208.17  209.78  210.91  212.27  213.65  214.89  215.96  216.56  216.32  216.59  216.28  215.89  213.02  211.52  210.58  207.35  202.15  197.51  194.72  193.95  192.72  191.41  189.66  188.05  187.60  187.16  183.45  178.55  173.64  168.61 
