#Mean Error.
0.00    0.00    0.00    0.00    0.00    0.00    0.00    0.00   
0.00    0.11    0.00    0.00    0.00    0.00    0.00    0.00   
0.00    0.11    0.16    0.00    0.00    0.00    0.00    0.00   
0.00    0.11    0.16    0.11    0.00    0.00    0.00    0.00   
0.00    0.11    0.16    0.11    0.12    0.00    0.00    0.00   
0.00    0.11    0.16    0.11    0.12    0.17    0.00    0.00   
0.00    0.11    0.16    0.11    0.12    0.17    0.11    0.00   
0.00    0.11    0.16    0.11    0.12    0.17    0.11    0.11   
0.16    0.11    0.16    0.11    0.12    0.17    0.11    0.11   
0.16    0.12    0.16    0.11    0.12    0.17    0.11    0.11   
0.16    0.12    0.21    0.11    0.12    0.17    0.11    0.11   
0.16    0.12    0.21    0.16    0.12    0.17    0.11    0.11   
0.16    0.12    0.21    0.16    0.17    0.17    0.11    0.11   
0.16    0.12    0.21    0.16    0.17    0.22    0.11    0.11   
0.16    0.12    0.21    0.16    0.17    0.22    0.17    0.11   
0.16    0.12    0.21    0.16    0.17    0.22    0.17    0.11   
0.21    0.12    0.21    0.16    0.17    0.22    0.17    0.11   
0.21    0.12    0.21    0.16    0.17    0.22    0.17    0.11   
0.21    0.12    0.26    0.16    0.17    0.22    0.17    0.11   
0.21    0.12    0.26    0.17    0.17    0.22    0.17    0.11   
0.21    0.12    0.26    0.17    0.18    0.22    0.17    0.11   
0.21    0.12    0.26    0.17    0.18    0.22    0.17    0.11   
0.21    0.12    0.26    0.17    0.18    0.22    0.22    0.11   
0.21    0.12    0.26    0.17    0.18    0.22    0.22    0.12   
0.26    0.12    0.26    0.17    0.18    0.22    0.22    0.12   
0.26    0.12    0.26    0.17    0.18    0.22    0.22    0.12   
0.26    0.12    0.26    0.17    0.18    0.22    0.22    0.12   
0.26    0.12    0.26    0.17    0.18    0.22    0.22    0.12   
0.26    0.12    0.26    0.17    0.18    0.22    0.22    0.12   
0.26    0.12    0.26    0.17    0.18    0.22    0.22    0.12   
0.26    0.12    0.26    0.17    0.18    0.22    0.28    0.12   
0.26    0.12    0.26    0.17    0.18    0.22    0.28    0.12   
0.31    0.12    0.26    0.17    0.18    0.22    0.28    0.12   
0.31    0.17    0.26    0.17    0.18    0.22    0.28    0.12   
0.31    0.17    0.26    0.17    0.18    0.22    0.28    0.12   
0.31    0.17    0.26    0.17    0.18    0.22    0.28    0.12   
0.31    0.17    0.26    0.17    0.24    0.22    0.28    0.12   
0.31    0.17    0.26    0.17    0.24    0.22    0.28    0.12   
0.31    0.17    0.26    0.17    0.24    0.22    0.28    0.12   
0.31    0.17    0.26    0.17    0.24    0.22    0.28    0.18   
0.35    0.17    0.26    0.17    0.24    0.22    0.28    0.18   
0.35    0.18    0.26    0.17    0.24    0.22    0.28    0.18   
0.35    0.18    0.31    0.17    0.24    0.22    0.28    0.18   
0.35    0.18    0.31    0.22    0.24    0.22    0.28    0.18   
0.35    0.18    0.31    0.22    0.24    0.22    0.28    0.18   
0.35    0.18    0.31    0.22    0.24    0.23    0.28    0.18   
0.35    0.18    0.31    0.22    0.24    0.23    0.28    0.18   
0.35    0.18    0.31    0.22    0.24    0.23    0.28    0.18   
0.40    0.18    0.31    0.22    0.24    0.23    0.28    0.18   
0.40    0.23    0.31    0.22    0.24    0.23    0.28    0.18   
0.40    0.23    0.31    0.22    0.24    0.23    0.28    0.18   
0.40    0.23    0.31    0.27    0.24    0.23    0.28    0.18   
0.40    0.23    0.31    0.27    0.24    0.23    0.28    0.18   
0.40    0.23    0.31    0.27    0.24    0.28    0.28    0.18   
0.40    0.23    0.31    0.27    0.24    0.28    0.29    0.18   
0.40    0.23    0.31    0.27    0.24    0.28    0.29    0.18   
0.44    0.23    0.31    0.27    0.24    0.28    0.29    0.18   
0.44    0.28    0.31    0.27    0.24    0.28    0.29    0.18   
0.44    0.28    0.36    0.27    0.24    0.28    0.29    0.18   
0.44    0.28    0.36    0.32    0.24    0.28    0.29    0.18   
0.44    0.28    0.36    0.32    0.30    0.28    0.29    0.18   
0.44    0.28    0.36    0.32    0.30    0.34    0.29    0.18   
0.44    0.28    0.36    0.32    0.30    0.34    0.30    0.18   
0.44    0.28    0.36    0.32    0.30    0.34    0.30    0.24   
0.48    0.28    0.36    0.32    0.30    0.34    0.30    0.24   
0.48    0.33    0.36    0.32    0.30    0.34    0.30    0.24   
0.48    0.33    0.40    0.32    0.30    0.34    0.30    0.24   
0.48    0.33    0.40    0.37    0.30    0.34    0.30    0.24   
0.48    0.33    0.40    0.37    0.30    0.34    0.30    0.24   
0.48    0.33    0.40    0.37    0.30    0.35    0.30    0.24   
0.48    0.33    0.40    0.37    0.30    0.35    0.35    0.24   
0.48    0.33    0.40    0.37    0.30    0.35    0.35    0.29   
0.52    0.33    0.40    0.37    0.30    0.35    0.35    0.29   
0.52    0.33    0.40    0.37    0.30    0.35    0.35    0.29   
0.52    0.33    0.45    0.37    0.30    0.35    0.35    0.29   
0.52    0.33    0.45    0.37    0.30    0.35    0.35    0.29   
0.52    0.33    0.45    0.37    0.31    0.35    0.35    0.29   
0.52    0.33    0.45    0.37    0.31    0.35    0.35    0.29   
0.52    0.33    0.45    0.37    0.31    0.35    0.41    0.29   
0.52    0.33    0.45    0.37    0.31    0.35    0.41    0.35   
0.56    0.33    0.45    0.37    0.31    0.35    0.41    0.35   
0.56    0.33    0.45    0.37    0.31    0.35    0.41    0.35   
0.56    0.33    0.49    0.37    0.31    0.35    0.41    0.35   
0.56    0.33    0.49    0.42    0.31    0.35    0.41    0.35   
0.56    0.33    0.49    0.42    0.36    0.35    0.41    0.35   
0.56    0.33    0.49    0.42    0.36    0.35    0.41    0.35   
0.56    0.33    0.49    0.42    0.36    0.35    0.41    0.35   
0.56    0.33    0.49    0.42    0.36    0.35    0.41    0.40   
0.56    0.33    0.49    0.42    0.36    0.35    0.41    0.40   
0.56    0.37    0.49    0.42    0.36    0.35    0.41    0.40   
0.56    0.37    0.49    0.42    0.36    0.35    0.41    0.40   
0.56    0.37    0.49    0.46    0.36    0.35    0.41    0.40   
0.56    0.37    0.49    0.46    0.36    0.35    0.41    0.40   
0.56    0.37    0.49    0.46    0.36    0.35    0.41    0.40   
0.56    0.37    0.49    0.46    0.36    0.35    0.41    0.40   
0.56    0.37    0.49    0.46    0.36    0.35    0.41    0.40   
0.60    0.37    0.49    0.46    0.36    0.35    0.41    0.40   
0.60    0.37    0.49    0.46    0.36    0.35    0.41    0.40   
0.60    0.37    0.49    0.46    0.36    0.35    0.41    0.40   
0.60    0.37    0.49    0.50    0.36    0.35    0.41    0.40   
0.60    0.37    0.49    0.50    0.37    0.35    0.41    0.40   
0.60    0.37    0.49    0.50    0.37    0.36    0.41    0.40   
0.60    0.37    0.49    0.50    0.37    0.36    0.47    0.40   
0.60    0.37    0.49    0.50    0.37    0.36    0.47    0.45   
0.64    0.37    0.49    0.50    0.37    0.36    0.47    0.45   
0.64    0.42    0.49    0.50    0.37    0.36    0.47    0.45   
0.64    0.42    0.49    0.50    0.37    0.36    0.47    0.45   
0.64    0.42    0.49    0.54    0.37    0.36    0.47    0.45   
0.64    0.42    0.49    0.54    0.42    0.36    0.47    0.45   
0.64    0.42    0.49    0.54    0.42    0.36    0.47    0.45   
0.64    0.42    0.49    0.54    0.42    0.36    0.52    0.45   
0.64    0.42    0.49    0.54    0.42    0.36    0.52    0.51   
0.67    0.42    0.49    0.54    0.42    0.36    0.52    0.51   
0.67    0.46    0.49    0.54    0.42    0.36    0.52    0.51   
0.67    0.46    0.53    0.54    0.42    0.36    0.52    0.51   
0.67    0.46    0.53    0.58    0.42    0.36    0.52    0.51   
0.67    0.46    0.53    0.58    0.48    0.36    0.52    0.51   
0.67    0.46    0.53    0.58    0.48    0.37    0.52    0.51   
0.67    0.46    0.53    0.58    0.48    0.37    0.52    0.51   
0.67    0.46    0.53    0.58    0.48    0.37    0.52    0.51   
0.67    0.46    0.53    0.58    0.48    0.37    0.52    0.51   
0.67    0.46    0.53    0.58    0.48    0.37    0.52    0.51   
0.67    0.46    0.53    0.58    0.48    0.37    0.52    0.51   
0.67    0.46    0.53    0.58    0.48    0.37    0.52    0.51   
0.67    0.46    0.53    0.58    0.53    0.37    0.52    0.51   
0.67    0.46    0.53    0.58    0.53    0.42    0.52    0.51   
0.67    0.46    0.53    0.58    0.53    0.42    0.52    0.51   
0.67    0.46    0.53    0.58    0.53    0.42    0.52    0.51   
0.67    0.46    0.53    0.58    0.53    0.42    0.52    0.51   
0.67    0.46    0.53    0.58    0.53    0.42    0.52    0.51   
0.67    0.46    0.54    0.58    0.53    0.42    0.52    0.51   
0.67    0.46    0.54    0.62    0.53    0.42    0.52    0.51   
0.67    0.46    0.54    0.62    0.59    0.42    0.52    0.51   
0.67    0.46    0.54    0.62    0.59    0.48    0.52    0.51   
0.67    0.46    0.54    0.62    0.59    0.48    0.52    0.51   
0.67    0.46    0.54    0.62    0.59    0.48    0.52    0.52   
0.68    0.46    0.54    0.62    0.59    0.48    0.52    0.52   
0.68    0.46    0.54    0.62    0.59    0.48    0.52    0.52   
0.68    0.46    0.55    0.62    0.59    0.48    0.52    0.52   
0.68    0.46    0.55    0.62    0.59    0.48    0.52    0.52   
0.68    0.46    0.55    0.62    0.59    0.48    0.52    0.52   
0.68    0.46    0.55    0.62    0.59    0.53    0.52    0.52   
0.68    0.46    0.55    0.62    0.59    0.53    0.58    0.52   
0.68    0.46    0.55    0.62    0.59    0.53    0.58    0.57   
0.71    0.46    0.55    0.62    0.59    0.53    0.58    0.57   
0.71    0.46    0.55    0.62    0.59    0.53    0.58    0.57   
0.71    0.46    0.55    0.62    0.59    0.53    0.58    0.57   
0.71    0.46    0.55    0.63    0.59    0.53    0.58    0.57   
0.71    0.46    0.55    0.63    0.59    0.53    0.58    0.57   
0.71    0.46    0.55    0.63    0.59    0.53    0.58    0.57   
0.71    0.46    0.55    0.63    0.59    0.53    0.58    0.57   
0.71    0.46    0.55    0.63    0.59    0.53    0.58    0.57   
0.71    0.46    0.55    0.63    0.59    0.53    0.58    0.57   
0.71    0.46    0.55    0.63    0.59    0.53    0.58    0.57   
0.71    0.46    0.55    0.63    0.59    0.53    0.58    0.57   
0.71    0.46    0.55    0.66    0.59    0.53    0.58    0.57   
0.71    0.46    0.55    0.66    0.60    0.53    0.58    0.57   
0.71    0.46    0.55    0.66    0.60    0.54    0.58    0.57   
0.71    0.46    0.55    0.66    0.60    0.54    0.63    0.57   
0.71    0.46    0.55    0.66    0.60    0.54    0.63    0.62   
0.71    0.46    0.55    0.66    0.60    0.54    0.63    0.62   
0.71    0.46    0.55    0.66    0.60    0.54    0.63    0.62   
0.71    0.46    0.56    0.66    0.60    0.54    0.63    0.62   
0.71    0.46    0.56    0.66    0.60    0.54    0.63    0.62   
0.71    0.46    0.56    0.66    0.65    0.54    0.63    0.62   
0.71    0.46    0.56    0.66    0.65    0.54    0.63    0.62   
0.71    0.46    0.56    0.66    0.65    0.54    0.63    0.62   
0.71    0.46    0.56    0.66    0.65    0.54    0.63    0.62   
0.71    0.46    0.56    0.66    0.65    0.54    0.63    0.62   
0.71    0.50    0.56    0.66    0.65    0.54    0.63    0.62   
0.71    0.50    0.56    0.66    0.65    0.54    0.63    0.62   
0.71    0.50    0.56    0.66    0.65    0.54    0.63    0.62   
0.71    0.50    0.56    0.66    0.71    0.54    0.63    0.62   
0.71    0.50    0.56    0.66    0.71    0.55    0.63    0.62   
0.71    0.50    0.56    0.66    0.71    0.55    0.68    0.62   
0.71    0.50    0.56    0.66    0.71    0.55    0.68    0.68   
0.71    0.50    0.56    0.66    0.71    0.55    0.68    0.68   
0.71    0.55    0.56    0.66    0.71    0.55    0.68    0.68   
0.71    0.55    0.56    0.66    0.71    0.55    0.68    0.68   
0.71    0.55    0.56    0.70    0.71    0.55    0.68    0.68   
0.71    0.55    0.56    0.70    0.76    0.55    0.68    0.68   
0.71    0.55    0.56    0.70    0.76    0.60    0.68    0.68   
0.71    0.55    0.56    0.70    0.76    0.60    0.69    0.68   
0.71    0.55    0.56    0.70    0.76    0.60    0.69    0.68   
0.72    0.55    0.56    0.70    0.76    0.60    0.69    0.68   
0.72    0.55    0.56    0.70    0.76    0.60    0.69    0.68   
0.72    0.55    0.61    0.70    0.76    0.60    0.69    0.68   
0.72    0.55    0.61    0.74    0.76    0.60    0.69    0.68   
0.72    0.55    0.61    0.74    0.76    0.60    0.69    0.68   
0.72    0.55    0.61    0.74    0.76    0.65    0.69    0.68   
0.72    0.55    0.61    0.74    0.76    0.65    0.74    0.68   
0.72    0.55    0.61    0.74    0.76    0.65    0.74    0.69   
0.71    0.55    0.61    0.74    0.76    0.65    0.74    0.69   
0.71    0.55    0.61    0.74    0.76    0.65    0.74    0.69   
0.71    0.55    0.65    0.74    0.76    0.65    0.74    0.69   
0.71    0.55    0.65    0.73    0.76    0.65    0.74    0.69   
0.71    0.55    0.65    0.73    0.76    0.65    0.74    0.69   
0.71    0.55    0.65    0.73    0.76    0.71    0.74    0.69   
0.71    0.55    0.65    0.73    0.76    0.71    0.74    0.69   
0.71    0.55    0.65    0.73    0.76    0.71    0.74    0.69   
0.71    0.55    0.65    0.73    0.76    0.71    0.74    0.69   
0.71    0.59    0.65    0.73    0.76    0.71    0.74    0.69   
0.71    0.59    0.69    0.73    0.76    0.71    0.74    0.69   
0.71    0.59    0.69    0.73    0.76    0.71    0.74    0.69   
0.71    0.59    0.69    0.73    0.76    0.71    0.74    0.69   
0.71    0.59    0.69    0.73    0.76    0.76    0.74    0.69   
0.71    0.59    0.69    0.73    0.76    0.76    0.74    0.69   
0.71    0.59    0.69    0.73    0.76    0.76    0.74    0.69   
0.71    0.59    0.69    0.73    0.76    0.76    0.74    0.69   
0.71    0.59    0.69    0.73    0.76    0.76    0.74    0.69   
0.71    0.59    0.69    0.73    0.76    0.76    0.74    0.69   
0.71    0.59    0.69    0.74    0.76    0.76    0.74    0.69   
0.71    0.59    0.69    0.74    0.76    0.76    0.74    0.69   
0.71    0.59    0.69    0.74    0.76    0.76    0.74    0.69   
0.71    0.59    0.69    0.74    0.76    0.76    0.75    0.69   
0.71    0.59    0.69    0.74    0.76    0.76    0.75    0.70   
0.71    0.59    0.69    0.74    0.76    0.76    0.75    0.70   
0.71    0.63    0.69    0.74    0.76    0.76    0.75    0.70   
0.71    0.63    0.74    0.74    0.76    0.76    0.75    0.70   
0.71    0.63    0.74    0.74    0.76    0.76    0.75    0.70   
0.71    0.63    0.74    0.74    0.77    0.76    0.75    0.70   
0.71    0.63    0.74    0.74    0.77    0.77    0.75    0.70   
0.71    0.63    0.74    0.74    0.77    0.77    0.75    0.70   
0.71    0.63    0.74    0.74    0.77    0.77    0.75    0.75   
0.71    0.63    0.74    0.74    0.77    0.77    0.75    0.75   
0.71    0.63    0.74    0.74    0.77    0.77    0.75    0.75   
0.71    0.63    0.74    0.74    0.77    0.77    0.75    0.75   
0.71    0.63    0.74    0.74    0.77    0.77    0.75    0.75   
0.71    0.63    0.74    0.74    0.77    0.77    0.75    0.75   
0.71    0.63    0.74    0.74    0.77    0.77    0.75    0.75   
0.71    0.63    0.74    0.74    0.77    0.77    0.75    0.75   
0.71    0.63    0.74    0.74    0.77    0.77    0.75    0.76   
0.71    0.63    0.74    0.74    0.77    0.77    0.75    0.76   
0.71    0.68    0.74    0.74    0.77    0.77    0.75    0.76   
0.71    0.68    0.74    0.74    0.77    0.77    0.75    0.76   
0.71    0.68    0.74    0.74    0.77    0.77    0.75    0.76   
0.71    0.68    0.74    0.74    0.77    0.77    0.75    0.76   
0.71    0.68    0.74    0.74    0.77    0.76    0.75    0.76   
0.71    0.68    0.74    0.74    0.77    0.76    0.75    0.76   
0.71    0.68    0.74    0.74    0.77    0.76    0.75    0.77   
0.71    0.68    0.74    0.74    0.77    0.76    0.75    0.77   
0.71    0.72    0.74    0.74    0.77    0.76    0.75    0.77   
0.71    0.72    0.74    0.74    0.77    0.76    0.75    0.77   
0.71    0.72    0.74    0.74    0.77    0.76    0.75    0.77   
0.71    0.72    0.74    0.74    0.78    0.76    0.75    0.77   
0.71    0.72    0.74    0.74    0.78    0.76    0.75    0.77   
0.71    0.72    0.74    0.74    0.78    0.76    0.75    0.77   
0.71    0.72    0.74    0.74    0.78    0.76    0.75    0.77   
0.71    0.72    0.74    0.74    0.78    0.76    0.75    0.77   
0.71    0.72    0.74    0.74    0.78    0.76    0.75    0.77   
0.71    0.72    0.74    0.74    0.78    0.76    0.75    0.77   
0.71    0.72    0.74    0.74    0.78    0.76    0.75    0.77   
0.71    0.72    0.74    0.74    0.78    0.76    0.75    0.77   
0.71    0.72    0.74    0.74    0.78    0.77    0.75    0.77   
0.71    0.72    0.74    0.74    0.78    0.77    0.75    0.77   
0.71    0.72    0.74    0.74    0.78    0.77    0.75    0.77   
0.71    0.72    0.74    0.74    0.78    0.77    0.75    0.77   
0.71    0.72    0.74    0.74    0.78    0.77    0.75    0.77   
0.71    0.72    0.74    0.74    0.78    0.77    0.75    0.77   
0.71    0.72    0.74    0.74    0.78    0.77    0.75    0.77   
0.71    0.72    0.74    0.74    0.78    0.77    0.75    0.77   
0.71    0.72    0.74    0.74    0.78    0.77    0.75    0.77   
0.71    0.72    0.74    0.74    0.78    0.77    0.75    0.77   
0.71    0.72    0.74    0.74    0.78    0.77    0.75    0.78   
0.71    0.72    0.74    0.74    0.78    0.77    0.75    0.78   
0.71    0.71    0.74    0.74    0.78    0.77    0.75    0.78   
0.71    0.71    0.74    0.74    0.78    0.77    0.75    0.78   
0.71    0.71    0.74    0.74    0.78    0.77    0.75    0.78   
0.71    0.71    0.74    0.74    0.78    0.77    0.75    0.78   
0.71    0.71    0.74    0.74    0.78    0.77    0.75    0.78   
0.71    0.71    0.74    0.74    0.78    0.77    0.75    0.78   
0.71    0.71    0.74    0.74    0.78    0.77    0.75    0.78   
0.72    0.71    0.74    0.74    0.78    0.77    0.75    0.78   
0.72    0.72    0.74    0.74    0.78    0.77    0.75    0.78   
0.72    0.72    0.74    0.74    0.78    0.77    0.75    0.78   
0.72    0.72    0.74    0.73    0.78    0.77    0.75    0.78   
0.72    0.72    0.74    0.73    0.78    0.77    0.75    0.78   
0.72    0.72    0.74    0.73    0.78    0.77    0.75    0.78   
0.72    0.72    0.74    0.73    0.78    0.77    0.75    0.78   
0.72    0.72    0.74    0.73    0.78    0.77    0.75    0.78   
0.72    0.72    0.74    0.73    0.78    0.77    0.75    0.78   
0.72    0.72    0.74    0.73    0.78    0.77    0.75    0.78   
0.72    0.72    0.75    0.73    0.78    0.77    0.75    0.78   
0.72    0.72    0.75    0.73    0.78    0.77    0.75    0.78   
0.72    0.72    0.75    0.73    0.78    0.77    0.75    0.78   
0.72    0.72    0.75    0.73    0.78    0.77    0.75    0.78   
0.72    0.72    0.75    0.73    0.78    0.77    0.75    0.78   
0.72    0.72    0.75    0.73    0.78    0.77    0.75    0.78   
0.72    0.72    0.75    0.73    0.78    0.77    0.75    0.78   
0.72    0.72    0.75    0.73    0.78    0.77    0.75    0.78   
0.72    0.72    0.75    0.73    0.78    0.77    0.75    0.78   
0.72    0.72    0.75    0.73    0.78    0.77    0.75    0.78   
0.72    0.72    0.75    0.73    0.79    0.77    0.75    0.78   
0.72    0.72    0.75    0.73    0.79    0.77    0.75    0.78   
0.72    0.72    0.75    0.73    0.79    0.77    0.75    0.78   
0.72    0.72    0.75    0.73    0.79    0.77    0.75    0.78   
0.72    0.72    0.75    0.73    0.79    0.77    0.75    0.78   
0.72    0.72    0.75    0.73    0.79    0.77    0.75    0.78   
0.72    0.72    0.75    0.73    0.79    0.77    0.75    0.78   
0.72    0.72    0.75    0.73    0.79    0.77    0.75    0.78   
0.72    0.72    0.75    0.73    0.79    0.77    0.75    0.78   
0.72    0.72    0.75    0.73    0.79    0.77    0.75    0.78   
0.72    0.72    0.75    0.73    0.79    0.77    0.75    0.78   
0.72    0.72    0.75    0.73    0.79    0.77    0.75    0.79   
0.72    0.72    0.75    0.73    0.79    0.77    0.75    0.79   
0.72    0.72    0.75    0.73    0.79    0.77    0.75    0.79   
0.72    0.72    0.75    0.73    0.79    0.77    0.75    0.79   
0.72    0.72    0.75    0.74    0.79    0.77    0.75    0.79   
0.72    0.72    0.75    0.74    0.80    0.77    0.75    0.79   
0.72    0.72    0.75    0.74    0.80    0.78    0.75    0.79   
0.72    0.72    0.75    0.74    0.80    0.78    0.75    0.79   
0.72    0.72    0.75    0.74    0.80    0.78    0.75    0.79   
0.72    0.72    0.75    0.74    0.80    0.78    0.75    0.79   
0.72    0.72    0.75    0.74    0.80    0.78    0.75    0.79   
0.72    0.72    0.75    0.74    0.80    0.78    0.75    0.79   
0.72    0.72    0.75    0.74    0.80    0.78    0.75    0.79   
0.72    0.72    0.75    0.74    0.80    0.78    0.75    0.79   
0.72    0.72    0.75    0.74    0.80    0.78    0.75    0.79   
0.72    0.72    0.75    0.74    0.80    0.78    0.76    0.79   
0.72    0.72    0.75    0.74    0.80    0.78    0.76    0.79   
0.72    0.72    0.75    0.74    0.80    0.78    0.76    0.79   
0.72    0.72    0.75    0.74    0.80    0.78    0.76    0.79   
0.72    0.72    0.75    0.74    0.80    0.78    0.76    0.79   
0.72    0.72    0.75    0.73    0.80    0.78    0.76    0.79   
0.72    0.72    0.75    0.73    0.80    0.78    0.76    0.79   
0.72    0.72    0.75    0.73    0.80    0.79    0.76    0.79   
0.72    0.72    0.75    0.73    0.80    0.79    0.76    0.79   
0.72    0.72    0.75    0.73    0.80    0.79    0.76    0.79   
0.72    0.72    0.75    0.73    0.80    0.79    0.76    0.79   
0.72    0.72    0.75    0.73    0.80    0.79    0.76    0.79   
0.72    0.72    0.75    0.73    0.80    0.79    0.76    0.79   
0.72    0.72    0.75    0.73    0.80    0.79    0.76    0.79   
0.72    0.72    0.75    0.73    0.80    0.79    0.76    0.79   
0.72    0.72    0.75    0.73    0.80    0.79    0.76    0.79   
0.72    0.72    0.75    0.73    0.80    0.79    0.76    0.79   
0.72    0.72    0.75    0.73    0.80    0.79    0.76    0.80   
0.72    0.72    0.75    0.73    0.80    0.79    0.76    0.80   
0.72    0.72    0.75    0.73    0.80    0.79    0.76    0.80   
0.72    0.72    0.75    0.73    0.80    0.79    0.76    0.80   
0.72    0.72    0.75    0.73    0.80    0.79    0.76    0.80   
0.72    0.72    0.75    0.73    0.80    0.79    0.76    0.80   
0.72    0.72    0.75    0.73    0.80    0.80    0.76    0.80   
0.72    0.72    0.75    0.73    0.80    0.80    0.77    0.80   
0.72    0.72    0.75    0.73    0.80    0.80    0.77    0.80   
0.72    0.72    0.75    0.73    0.80    0.80    0.77    0.80   
0.72    0.72    0.75    0.73    0.80    0.80    0.77    0.80   
0.72    0.72    0.75    0.73    0.80    0.80    0.77    0.80   
0.72    0.72    0.75    0.73    0.80    0.80    0.77    0.80   
0.72    0.72    0.75    0.73    0.80    0.80    0.77    0.80   
0.72    0.72    0.75    0.73    0.80    0.80    0.77    0.80   
0.72    0.72    0.75    0.73    0.80    0.80    0.77    0.80   
0.72    0.72    0.75    0.73    0.80    0.80    0.77    0.80   
0.72    0.72    0.75    0.73    0.80    0.80    0.77    0.80   
0.72    0.72    0.75    0.73    0.80    0.80    0.77    0.80   
0.72    0.72    0.75    0.73    0.80    0.80    0.77    0.80   
0.72    0.72    0.75    0.73    0.80    0.80    0.77    0.80   
0.72    0.72    0.75    0.73    0.80    0.80    0.77    0.80   
0.72    0.72    0.75    0.73    0.80    0.80    0.77    0.80   
0.72    0.72    0.75    0.73    0.80    0.80    0.77    0.80   
0.72    0.72    0.75    0.73    0.80    0.80    0.77    0.81   
0.72    0.72    0.75    0.73    0.80    0.80    0.77    0.81   
0.72    0.72    0.75    0.73    0.80    0.80    0.77    0.81   
0.72    0.72    0.75    0.73    0.80    0.80    0.77    0.81   
0.72    0.72    0.75    0.74    0.80    0.80    0.77    0.81   
0.72    0.72    0.75    0.74    0.80    0.80    0.77    0.81   
0.72    0.72    0.75    0.74    0.80    0.80    0.77    0.81   
0.72    0.72    0.75    0.74    0.80    0.80    0.77    0.81   
0.72    0.72    0.75    0.74    0.80    0.80    0.77    0.81   
0.72    0.72    0.75    0.74    0.80    0.80    0.77    0.81   
0.72    0.73    0.75    0.74    0.80    0.80    0.77    0.81   
0.72    0.73    0.75    0.74    0.80    0.80    0.77    0.81   
0.72    0.73    0.75    0.74    0.80    0.80    0.77    0.81   
0.72    0.73    0.75    0.74    0.81    0.80    0.77    0.81   
0.72    0.73    0.75    0.74    0.81    0.80    0.77    0.81   
0.72    0.73    0.75    0.74    0.81    0.80    0.77    0.81   
0.72    0.73    0.75    0.74    0.81    0.80    0.77    0.82   
0.72    0.73    0.75    0.74    0.81    0.80    0.77    0.82   
0.72    0.73    0.75    0.74    0.81    0.80    0.77    0.82   
0.72    0.73    0.75    0.74    0.81    0.80    0.77    0.82   
0.72    0.73    0.75    0.74    0.81    0.80    0.77    0.82   
0.72    0.73    0.75    0.74    0.81    0.80    0.77    0.82   
0.72    0.73    0.75    0.74    0.81    0.80    0.77    0.82   
0.72    0.73    0.75    0.74    0.81    0.80    0.77    0.82   
0.72    0.73    0.75    0.74    0.81    0.80    0.77    0.83   
0.72    0.73    0.75    0.74    0.81    0.80    0.77    0.83   
0.72    0.73    0.75    0.74    0.81    0.80    0.77    0.83   
0.72    0.73    0.76    0.74    0.81    0.80    0.77    0.83   
0.72    0.73    0.76    0.74    0.81    0.80    0.77    0.83   
0.72    0.73    0.76    0.74    0.81    0.80    0.77    0.83   
0.72    0.73    0.76    0.74    0.81    0.81    0.77    0.83   
0.72    0.73    0.76    0.74    0.81    0.81    0.78    0.83   
0.72    0.73    0.76    0.74    0.81    0.81    0.78    0.83   
0.72    0.73    0.76    0.74    0.81    0.81    0.78    0.83   
0.72    0.73    0.76    0.74    0.81    0.81    0.78    0.83   
0.72    0.73    0.76    0.74    0.81    0.81    0.78    0.83   
0.72    0.73    0.76    0.74    0.81    0.81    0.78    0.83   
0.72    0.73    0.76    0.74    0.81    0.81    0.78    0.83   
0.72    0.73    0.76    0.74    0.81    0.81    0.78    0.83   
0.72    0.73    0.76    0.74    0.81    0.81    0.78    0.83   
0.72    0.73    0.76    0.74    0.81    0.81    0.78    0.83   
0.72    0.73    0.76    0.74    0.81    0.81    0.78    0.83   
0.72    0.73    0.76    0.74    0.81    0.81    0.78    0.83   
0.72    0.73    0.76    0.74    0.81    0.81    0.78    0.83   
0.72    0.73    0.76    0.74    0.81    0.81    0.78    0.83   
0.72    0.73    0.76    0.74    0.81    0.81    0.78    0.83   
0.72    0.73    0.76    0.74    0.81    0.81    0.78    0.83   
0.72    0.73    0.76    0.74    0.81    0.81    0.78    0.83   
0.72    0.73    0.76    0.74    0.81    0.81    0.78    0.83   
0.72    0.73    0.76    0.74    0.81    0.81    0.78    0.83   
0.72    0.73    0.76    0.74    0.81    0.81    0.78    0.83   
0.72    0.73    0.76    0.74    0.81    0.81    0.78    0.83   
0.72    0.73    0.76    0.74    0.81    0.81    0.78    0.83   
0.72    0.73    0.76    0.74    0.81    0.81    0.78    0.83   
0.72    0.73    0.76    0.74    0.81    0.81    0.78    0.83   
0.72    0.73    0.76    0.74    0.81    0.81    0.79    0.83   
0.72    0.73    0.76    0.74    0.81    0.81    0.79    0.83   
0.72    0.73    0.76    0.74    0.81    0.81    0.79    0.83   
0.72    0.73    0.76    0.74    0.81    0.81    0.79    0.83   
0.72    0.73    0.76    0.74    0.81    0.81    0.79    0.83   
0.72    0.73    0.76    0.74    0.81    0.81    0.79    0.83   
0.72    0.73    0.76    0.74    0.82    0.81    0.79    0.83   
0.72    0.73    0.76    0.74    0.82    0.81    0.79    0.83   
0.72    0.73    0.76    0.74    0.82    0.81    0.79    0.83   
0.72    0.73    0.76    0.74    0.82    0.81    0.79    0.83   
0.72    0.73    0.76    0.74    0.82    0.81    0.79    0.83   
0.72    0.73    0.76    0.74    0.82    0.81    0.79    0.83   
0.72    0.73    0.76    0.74    0.82    0.81    0.79    0.83   
0.72    0.73    0.76    0.74    0.82    0.81    0.79    0.83   
0.72    0.73    0.76    0.74    0.82    0.81    0.79    0.83   
0.72    0.73    0.76    0.74    0.82    0.81    0.79    0.83   
0.72    0.73    0.76    0.74    0.82    0.81    0.79    0.83   
0.72    0.73    0.76    0.74    0.82    0.81    0.79    0.83   
0.77    0.73    0.76    0.74    0.82    0.81    0.79    0.83   
0.77    0.73    0.76    0.74    0.82    0.81    0.79    0.83   
0.77    0.73    0.76    0.74    0.82    0.81    0.79    0.83   
0.77    0.73    0.76    0.74    0.82    0.81    0.79    0.83   
0.77    0.73    0.76    0.74    0.82    0.81    0.79    0.83   
0.77    0.73    0.76    0.74    0.82    0.81    0.79    0.83   
0.77    0.73    0.76    0.74    0.82    0.81    0.79    0.83   
0.77    0.73    0.76    0.74    0.82    0.81    0.79    0.83   
0.76    0.73    0.76    0.74    0.82    0.81    0.79    0.83   
0.76    0.73    0.76    0.74    0.82    0.81    0.79    0.83   
0.76    0.73    0.76    0.74    0.82    0.81    0.79    0.83   
0.76    0.73    0.76    0.74    0.82    0.81    0.79    0.83   
0.76    0.73    0.76    0.74    0.82    0.81    0.79    0.83   
0.76    0.73    0.76    0.74    0.82    0.81    0.79    0.83   
0.76    0.73    0.76    0.74    0.82    0.81    0.79    0.83   
0.76    0.73    0.76    0.74    0.82    0.81    0.79    0.84   
0.77    0.73    0.76    0.74    0.82    0.81    0.79    0.84   
0.77    0.73    0.76    0.74    0.82    0.81    0.79    0.84   
0.77    0.73    0.76    0.74    0.82    0.81    0.79    0.84   
0.77    0.73    0.76    0.75    0.82    0.81    0.79    0.84   
0.77    0.73    0.76    0.75    0.82    0.81    0.79    0.84   
0.77    0.73    0.76    0.75    0.82    0.81    0.79    0.84   
0.77    0.73    0.76    0.75    0.82    0.81    0.79    0.84   
0.77    0.73    0.76    0.75    0.82    0.81    0.79    0.84   
0.77    0.73    0.76    0.75    0.82    0.81    0.79    0.84   
0.77    0.73    0.76    0.75    0.82    0.81    0.79    0.84   
0.77    0.73    0.76    0.75    0.82    0.81    0.79    0.84   
0.77    0.73    0.76    0.75    0.82    0.81    0.79    0.84   
0.77    0.73    0.76    0.75    0.82    0.81    0.79    0.84   
0.77    0.73    0.76    0.75    0.82    0.81    0.79    0.84   
0.77    0.73    0.76    0.75    0.82    0.81    0.79    0.84   
0.77    0.73    0.76    0.75    0.82    0.81    0.79    0.85   
0.77    0.73    0.76    0.75    0.82    0.81    0.79    0.85   
0.77    0.73    0.76    0.75    0.82    0.81    0.79    0.85   
0.77    0.73    0.76    0.75    0.82    0.81    0.79    0.85   
0.77    0.73    0.76    0.74    0.82    0.81    0.79    0.85   
0.77    0.73    0.76    0.74    0.83    0.81    0.79    0.85   
0.77    0.73    0.76    0.74    0.83    0.81    0.79    0.85   
0.77    0.73    0.76    0.74    0.83    0.81    0.79    0.85   
0.77    0.73    0.76    0.74    0.83    0.81    0.79    0.85   
0.77    0.73    0.76    0.74    0.83    0.81    0.79    0.85   
0.77    0.73    0.76    0.74    0.83    0.81    0.79    0.85   
0.77    0.73    0.76    0.74    0.83    0.81    0.79    0.85   
0.77    0.73    0.76    0.74    0.83    0.81    0.79    0.85   
0.77    0.73    0.76    0.74    0.83    0.81    0.79    0.85   
0.77    0.73    0.76    0.74    0.83    0.82    0.79    0.85   
0.77    0.73    0.76    0.74    0.83    0.82    0.79    0.85   
0.77    0.73    0.76    0.74    0.83    0.82    0.79    0.85   
0.77    0.73    0.76    0.74    0.83    0.82    0.79    0.85   
0.77    0.73    0.76    0.74    0.83    0.82    0.79    0.85   
0.77    0.73    0.76    0.74    0.83    0.82    0.79    0.85   
0.77    0.73    0.76    0.74    0.83    0.82    0.79    0.85   
0.77    0.73    0.76    0.74    0.83    0.82    0.79    0.85   
0.77    0.73    0.76    0.74    0.83    0.82    0.79    0.85   
0.77    0.73    0.76    0.74    0.83    0.82    0.79    0.85   
0.77    0.73    0.76    0.74    0.83    0.82    0.79    0.85   
0.77    0.73    0.76    0.74    0.83    0.82    0.79    0.85   
0.77    0.73    0.76    0.74    0.83    0.82    0.79    0.85   
0.77    0.73    0.77    0.74    0.83    0.82    0.79    0.85   
0.77    0.73    0.77    0.74    0.83    0.82    0.79    0.85   
0.77    0.73    0.77    0.74    0.83    0.82    0.79    0.85   
0.77    0.73    0.77    0.74    0.83    0.82    0.79    0.85   
0.77    0.73    0.77    0.74    0.83    0.82    0.79    0.85   
0.77    0.73    0.77    0.74    0.83    0.82    0.79    0.85   
0.78    0.73    0.77    0.74    0.83    0.82    0.79    0.85   
0.78    0.74    0.77    0.74    0.83    0.82    0.79    0.85   
0.78    0.74    0.77    0.74    0.83    0.82    0.79    0.85   
0.78    0.74    0.77    0.75    0.83    0.82    0.79    0.85   
0.78    0.74    0.77    0.75    0.83    0.82    0.79    0.85   
0.78    0.74    0.77    0.75    0.83    0.82    0.79    0.85   
0.78    0.74    0.77    0.75    0.83    0.82    0.80    0.85   
0.78    0.74    0.77    0.75    0.83    0.82    0.80    0.85   
0.79    0.74    0.77    0.75    0.83    0.82    0.80    0.85   
0.79    0.74    0.77    0.75    0.83    0.82    0.80    0.85   
0.79    0.74    0.77    0.75    0.83    0.82    0.80    0.85   
0.79    0.74    0.77    0.75    0.83    0.82    0.80    0.85   
0.79    0.74    0.77    0.75    0.83    0.82    0.80    0.85   
0.79    0.74    0.77    0.75    0.83    0.82    0.80    0.85   
0.79    0.74    0.77    0.75    0.83    0.82    0.80    0.85   
0.79    0.74    0.77    0.75    0.83    0.82    0.80    0.85   
0.79    0.74    0.77    0.75    0.83    0.82    0.80    0.85   
0.79    0.74    0.77    0.75    0.83    0.82    0.80    0.85   
0.79    0.74    0.77    0.75    0.83    0.82    0.80    0.85   
0.79    0.74    0.77    0.75    0.83    0.82    0.80    0.85   
0.79    0.74    0.77    0.75    0.83    0.82    0.80    0.85   
0.79    0.74    0.77    0.75    0.83    0.82    0.80    0.85   
0.79    0.74    0.77    0.75    0.83    0.82    0.80    0.85   
0.79    0.74    0.77    0.75    0.83    0.82    0.80    0.85   
0.79    0.74    0.77    0.75    0.83    0.82    0.80    0.85   
0.79    0.74    0.77    0.75    0.83    0.82    0.80    0.85   
0.79    0.74    0.77    0.75    0.83    0.82    0.80    0.85   
0.79    0.74    0.77    0.75    0.83    0.82    0.80    0.85   
0.79    0.74    0.77    0.75    0.83    0.82    0.80    0.85   
0.79    0.74    0.77    0.75    0.83    0.82    0.80    0.85   
0.79    0.74    0.77    0.75    0.83    0.82    0.80    0.85   
0.79    0.74    0.77    0.75    0.83    0.82    0.80    0.85   
0.80    0.74    0.77    0.75    0.83    0.82    0.80    0.85   
0.80    0.74    0.77    0.75    0.83    0.82    0.80    0.85   
0.80    0.74    0.76    0.75    0.83    0.82    0.80    0.85   
0.80    0.74    0.76    0.75    0.83    0.82    0.80    0.85   
0.80    0.74    0.76    0.75    0.83    0.82    0.80    0.85   
0.80    0.74    0.76    0.75    0.83    0.82    0.80    0.85   
0.80    0.74    0.76    0.75    0.83    0.82    0.80    0.85   
0.80    0.74    0.76    0.75    0.83    0.82    0.80    0.85   
0.80    0.74    0.76    0.75    0.83    0.82    0.80    0.85   
0.80    0.75    0.76    0.75    0.83    0.82    0.80    0.85   
0.80    0.75    0.76    0.75    0.83    0.82    0.80    0.85   
0.80    0.75    0.76    0.75    0.83    0.82    0.80    0.85   
0.80    0.75    0.76    0.75    0.83    0.82    0.80    0.85   
0.80    0.75    0.76    0.75    0.83    0.82    0.80    0.85   
0.80    0.75    0.76    0.75    0.83    0.82    0.80    0.85   
0.80    0.75    0.76    0.75    0.83    0.82    0.80    0.86   
0.80    0.75    0.76    0.75    0.83    0.82    0.80    0.86   
0.80    0.75    0.76    0.75    0.83    0.82    0.80    0.86   
0.80    0.75    0.76    0.75    0.83    0.82    0.80    0.86   
0.80    0.75    0.76    0.75    0.83    0.82    0.80    0.86   
0.80    0.75    0.76    0.75    0.83    0.82    0.80    0.86   
0.80    0.75    0.76    0.75    0.83    0.82    0.80    0.86   
0.80    0.75    0.76    0.75    0.83    0.82    0.80    0.86   
0.80    0.75    0.76    0.75    0.83    0.82    0.80    0.86   
0.80    0.75    0.76    0.75    0.83    0.82    0.80    0.86   
0.80    0.75    0.76    0.75    0.83    0.82    0.80    0.86   
0.80    0.75    0.76    0.75    0.83    0.82    0.80    0.86   
0.80    0.75    0.76    0.75    0.83    0.82    0.80    0.86   
0.80    0.75    0.76    0.75    0.83    0.82    0.80    0.86   
0.80    0.75    0.76    0.75    0.83    0.82    0.80    0.86   
0.80    0.75    0.76    0.75    0.83    0.82    0.80    0.86   
0.80    0.75    0.76    0.75    0.83    0.82    0.80    0.87   
0.80    0.75    0.76    0.75    0.83    0.82    0.80    0.87   
0.80    0.75    0.76    0.75    0.83    0.82    0.80    0.87   
0.80    0.75    0.76    0.75    0.83    0.82    0.80    0.87   
0.80    0.75    0.76    0.75    0.83    0.82    0.80    0.87   
0.80    0.75    0.76    0.75    0.83    0.82    0.80    0.87   
0.80    0.75    0.76    0.75    0.83    0.82    0.80    0.87   
0.80    0.75    0.76    0.75    0.83    0.82    0.80    0.87   
0.80    0.75    0.76    0.75    0.83    0.82    0.80    0.87   
0.80    0.75    0.76    0.75    0.83    0.82    0.80    0.87   
0.80    0.75    0.76    0.75    0.83    0.82    0.80    0.87   
0.80    0.75    0.77    0.75    0.83    0.82    0.80    0.87   
0.80    0.75    0.77    0.75    0.83    0.82    0.80    0.87   
0.80    0.75    0.77    0.75    0.84    0.82    0.80    0.87   
0.80    0.75    0.77    0.75    0.84    0.83    0.80    0.87   
0.80    0.75    0.77    0.75    0.84    0.83    0.81    0.87   
0.80    0.75    0.77    0.75    0.84    0.83    0.81    0.87   
0.80    0.75    0.77    0.75    0.84    0.83    0.81    0.87   
0.80    0.75    0.77    0.75    0.84    0.83    0.81    0.87   
0.80    0.75    0.77    0.75    0.84    0.83    0.81    0.87   
0.80    0.75    0.77    0.75    0.84    0.83    0.81    0.87   
0.80    0.75    0.77    0.75    0.84    0.83    0.81    0.87   
0.80    0.75    0.77    0.75    0.84    0.83    0.81    0.87   
0.80    0.75    0.77    0.75    0.84    0.83    0.81    0.87   
0.80    0.75    0.77    0.75    0.84    0.83    0.81    0.87   
0.80    0.75    0.77    0.75    0.84    0.83    0.81    0.87   
0.80    0.79    0.77    0.75    0.84    0.83    0.81    0.87   
0.80    0.79    0.77    0.75    0.84    0.83    0.81    0.87   
0.80    0.79    0.77    0.75    0.84    0.83    0.81    0.87   
0.80    0.79    0.77    0.75    0.84    0.83    0.81    0.87   
0.80    0.79    0.77    0.75    0.84    0.83    0.81    0.87   
0.80    0.79    0.77    0.75    0.84    0.83    0.82    0.87   
0.80    0.79    0.77    0.75    0.84    0.83    0.82    0.87   
0.80    0.79    0.77    0.75    0.84    0.83    0.82    0.87   
0.80    0.80    0.77    0.75    0.84    0.83    0.82    0.87   
0.80    0.80    0.77    0.75    0.84    0.83    0.82    0.87   
0.80    0.80    0.77    0.75    0.84    0.83    0.82    0.87   
0.80    0.80    0.77    0.75    0.84    0.83    0.82    0.87   
0.80    0.80    0.77    0.75    0.84    0.83    0.82    0.87   
0.80    0.80    0.77    0.75    0.84    0.83    0.82    0.87   
0.80    0.80    0.77    0.75    0.84    0.83    0.82    0.87   
0.81    0.80    0.77    0.75    0.84    0.83    0.82    0.87   
0.81    0.80    0.77    0.75    0.84    0.83    0.82    0.87   
0.81    0.80    0.78    0.75    0.84    0.83    0.82    0.87   
0.81    0.80    0.78    0.75    0.84    0.83    0.82    0.87   
0.81    0.80    0.78    0.75    0.84    0.83    0.82    0.87   
0.81    0.80    0.78    0.75    0.84    0.83    0.82    0.87   
0.81    0.80    0.78    0.75    0.84    0.83    0.82    0.87   
0.81    0.80    0.78    0.75    0.84    0.83    0.82    0.87   
0.82    0.80    0.78    0.75    0.84    0.83    0.82    0.87   
0.82    0.81    0.78    0.75    0.84    0.83    0.82    0.87   
0.82    0.81    0.78    0.75    0.84    0.83    0.82    0.87   
0.82    0.81    0.78    0.76    0.84    0.83    0.82    0.87   
0.82    0.81    0.78    0.76    0.84    0.83    0.82    0.87   
0.82    0.81    0.78    0.76    0.84    0.83    0.82    0.87   
0.82    0.81    0.78    0.76    0.84    0.83    0.83    0.87   
0.82    0.81    0.78    0.76    0.84    0.83    0.83    0.87   
0.82    0.81    0.78    0.76    0.84    0.83    0.83    0.87   
0.82    0.81    0.78    0.76    0.84    0.83    0.83    0.87   
0.82    0.81    0.79    0.76    0.84    0.83    0.83    0.87   
0.82    0.81    0.79    0.75    0.84    0.83    0.83    0.87   
0.82    0.81    0.79    0.75    0.84    0.83    0.83    0.87   
0.82    0.81    0.79    0.75    0.84    0.83    0.83    0.87   
0.82    0.81    0.79    0.75    0.84    0.83    0.83    0.87   
0.82    0.81    0.79    0.75    0.84    0.83    0.83    0.88   
0.82    0.81    0.79    0.75    0.84    0.83    0.83    0.88   
0.82    0.82    0.79    0.75    0.84    0.83    0.83    0.88   
0.82    0.82    0.79    0.75    0.84    0.83    0.83    0.88   
0.82    0.82    0.79    0.76    0.84    0.83    0.83    0.88   
0.82    0.82    0.79    0.76    0.85    0.83    0.83    0.88   
0.82    0.82    0.79    0.76    0.85    0.83    0.83    0.88   
0.82    0.82    0.79    0.76    0.85    0.83    0.83    0.88   
0.82    0.82    0.79    0.76    0.85    0.83    0.83    0.88   
0.82    0.82    0.79    0.76    0.85    0.83    0.83    0.88   
0.82    0.82    0.79    0.76    0.85    0.83    0.83    0.88   
0.82    0.82    0.80    0.76    0.85    0.83    0.83    0.88   
0.82    0.82    0.80    0.76    0.85    0.83    0.83    0.88   
0.82    0.82    0.80    0.76    0.85    0.83    0.83    0.88   
0.82    0.82    0.80    0.76    0.85    0.84    0.83    0.88   
0.82    0.82    0.80    0.76    0.85    0.84    0.83    0.88   
0.82    0.82    0.80    0.76    0.85    0.84    0.83    0.88   
0.81    0.82    0.80    0.76    0.85    0.84    0.83    0.88   
0.81    0.82    0.80    0.76    0.85    0.84    0.83    0.88   
0.81    0.82    0.80    0.76    0.85    0.84    0.83    0.88   
0.81    0.82    0.80    0.76    0.85    0.84    0.83    0.88   
0.81    0.82    0.80    0.76    0.85    0.84    0.83    0.88   
0.81    0.82    0.80    0.76    0.85    0.84    0.83    0.88   
0.81    0.82    0.80    0.76    0.85    0.84    0.83    0.88   
0.81    0.82    0.80    0.76    0.85    0.84    0.83    0.88   
0.81    0.82    0.80    0.76    0.85    0.84    0.83    0.88   
0.81    0.82    0.80    0.76    0.85    0.84    0.83    0.88   
0.81    0.82    0.80    0.76    0.85    0.84    0.83    0.88   
0.81    0.82    0.80    0.76    0.85    0.84    0.83    0.88   
0.81    0.82    0.80    0.76    0.85    0.84    0.83    0.88   
0.81    0.82    0.80    0.76    0.85    0.84    0.83    0.88   
0.81    0.82    0.80    0.76    0.85    0.84    0.83    0.88   
0.81    0.82    0.80    0.76    0.85    0.84    0.83    0.88   
0.81    0.82    0.80    0.76    0.85    0.84    0.83    0.88   
0.81    0.82    0.80    0.76    0.85    0.84    0.83    0.88   
0.81    0.82    0.81    0.76    0.85    0.84    0.83    0.88   
0.81    0.82    0.81    0.76    0.85    0.84    0.83    0.88   
0.81    0.82    0.81    0.76    0.86    0.84    0.83    0.88   
0.81    0.82    0.81    0.76    0.86    0.84    0.83    0.88   
0.81    0.82    0.81    0.76    0.86    0.84    0.83    0.88   
0.81    0.82    0.81    0.76    0.86    0.84    0.83    0.87   
0.82    0.82    0.81    0.76    0.86    0.84    0.83    0.87   
0.82    0.82    0.81    0.76    0.86    0.84    0.83    0.87   
0.82    0.82    0.81    0.76    0.86    0.84    0.83    0.87   
0.82    0.82    0.81    0.76    0.86    0.84    0.83    0.87   
0.82    0.82    0.81    0.76    0.86    0.84    0.83    0.87   
0.82    0.82    0.81    0.76    0.86    0.84    0.83    0.87   
0.82    0.82    0.81    0.76    0.86    0.84    0.83    0.87   
0.82    0.82    0.81    0.76    0.86    0.84    0.83    0.87   
0.82    0.82    0.81    0.76    0.86    0.84    0.83    0.87   
0.82    0.82    0.81    0.76    0.86    0.84    0.83    0.87   
0.82    0.82    0.81    0.76    0.86    0.84    0.83    0.87   
0.82    0.82    0.81    0.76    0.86    0.84    0.83    0.87   
0.82    0.82    0.81    0.76    0.86    0.84    0.83    0.87   
0.82    0.82    0.81    0.76    0.86    0.84    0.83    0.87   
0.82    0.82    0.81    0.76    0.86    0.84    0.82    0.87   
0.82    0.82    0.81    0.76    0.86    0.84    0.82    0.87   
0.82    0.82    0.81    0.76    0.86    0.84    0.82    0.87   
0.82    0.82    0.81    0.76    0.86    0.84    0.82    0.87   
0.82    0.82    0.81    0.76    0.86    0.84    0.82    0.87   
0.82    0.82    0.81    0.76    0.86    0.84    0.82    0.87   
0.82    0.82    0.81    0.76    0.86    0.84    0.82    0.87   
0.82    0.82    0.81    0.76    0.86    0.84    0.82    0.87   
0.82    0.82    0.81    0.76    0.86    0.84    0.83    0.87   
0.82    0.82    0.81    0.76    0.86    0.84    0.83    0.87   
0.82    0.82    0.81    0.76    0.86    0.84    0.83    0.87   
0.82    0.83    0.81    0.76    0.86    0.84    0.83    0.87   
0.82    0.83    0.82    0.76    0.86    0.84    0.83    0.87   
0.82    0.83    0.82    0.76    0.86    0.84    0.83    0.87   
0.82    0.83    0.82    0.76    0.86    0.84    0.83    0.87   
0.82    0.83    0.82    0.76    0.86    0.84    0.83    0.87   
0.82    0.83    0.82    0.76    0.86    0.84    0.83    0.87   
0.82    0.83    0.82    0.76    0.86    0.84    0.83    0.88   
0.82    0.83    0.82    0.76    0.86    0.84    0.83    0.88   
0.82    0.83    0.82    0.76    0.86    0.84    0.83    0.88   
0.82    0.83    0.82    0.76    0.86    0.84    0.83    0.88   
0.82    0.83    0.82    0.76    0.86    0.84    0.83    0.88   
0.82    0.83    0.82    0.76    0.86    0.84    0.83    0.88   
0.82    0.83    0.82    0.76    0.86    0.84    0.83    0.88   
0.82    0.83    0.82    0.76    0.86    0.84    0.83    0.88   
0.82    0.83    0.82    0.76    0.86    0.84    0.83    0.88   
0.82    0.83    0.82    0.76    0.86    0.84    0.83    0.88   
0.82    0.83    0.82    0.76    0.86    0.84    0.83    0.88   
0.82    0.83    0.82    0.76    0.86    0.84    0.83    0.88   
0.82    0.83    0.82    0.76    0.86    0.84    0.83    0.88   
0.82    0.83    0.82    0.76    0.86    0.84    0.83    0.88   
0.82    0.83    0.82    0.76    0.86    0.85    0.83    0.88   
0.82    0.83    0.82    0.76    0.86    0.85    0.83    0.88   
0.82    0.83    0.82    0.76    0.86    0.85    0.83    0.88   
0.82    0.83    0.82    0.76    0.86    0.85    0.83    0.88   
0.82    0.84    0.82    0.76    0.86    0.85    0.83    0.88   
0.82    0.84    0.82    0.76    0.86    0.85    0.83    0.88   
0.82    0.84    0.82    0.76    0.86    0.85    0.83    0.88   
0.82    0.84    0.82    0.76    0.86    0.85    0.83    0.88   
0.82    0.84    0.82    0.76    0.86    0.85    0.83    0.88   
0.82    0.84    0.82    0.76    0.86    0.85    0.84    0.88   
0.82    0.84    0.82    0.76    0.86    0.85    0.84    0.88   
0.83    0.84    0.82    0.76    0.86    0.85    0.84    0.88   
0.83    0.84    0.82    0.76    0.86    0.85    0.84    0.88   
0.83    0.84    0.82    0.76    0.86    0.85    0.84    0.88   
0.83    0.84    0.82    0.77    0.86    0.85    0.84    0.88   
0.83    0.84    0.82    0.77    0.86    0.85    0.84    0.88   
0.83    0.84    0.82    0.77    0.86    0.85    0.84    0.88   
0.83    0.84    0.82    0.77    0.86    0.85    0.84    0.88   
0.83    0.84    0.82    0.77    0.86    0.85    0.84    0.88   
0.83    0.84    0.82    0.77    0.86    0.85    0.84    0.88   
0.83    0.84    0.82    0.77    0.86    0.85    0.84    0.88   
0.83    0.84    0.82    0.77    0.86    0.85    0.84    0.88   
0.83    0.84    0.82    0.77    0.86    0.85    0.84    0.88   
0.83    0.84    0.82    0.77    0.86    0.85    0.84    0.88   
0.83    0.84    0.82    0.77    0.86    0.85    0.84    0.88   
0.83    0.84    0.82    0.77    0.86    0.85    0.84    0.88   
0.83    0.84    0.82    0.77    0.86    0.85    0.84    0.88   
0.83    0.84    0.82    0.77    0.86    0.85    0.84    0.88   
0.83    0.84    0.82    0.77    0.86    0.85    0.84    0.88   
0.83    0.84    0.83    0.77    0.86    0.85    0.84    0.88   
0.83    0.84    0.83    0.77    0.86    0.85    0.84    0.88   
0.83    0.84    0.83    0.77    0.86    0.85    0.84    0.88   
0.83    0.84    0.83    0.77    0.86    0.85    0.84    0.88   
0.83    0.84    0.83    0.77    0.86    0.85    0.84    0.88   
0.83    0.84    0.83    0.77    0.86    0.85    0.84    0.88   
0.83    0.84    0.83    0.77    0.86    0.85    0.84    0.88   
0.83    0.85    0.83    0.77    0.86    0.85    0.84    0.88   
0.83    0.85    0.83    0.77    0.86    0.85    0.84    0.88   
0.83    0.85    0.83    0.77    0.86    0.85    0.84    0.88   
0.83    0.85    0.83    0.77    0.86    0.85    0.84    0.88   
0.83    0.85    0.83    0.77    0.86    0.85    0.84    0.88   
0.83    0.85    0.83    0.77    0.86    0.85    0.85    0.88   
0.83    0.85    0.83    0.77    0.86    0.85    0.85    0.88   
0.84    0.85    0.83    0.77    0.86    0.85    0.85    0.88   
0.84    0.85    0.83    0.77    0.86    0.85    0.85    0.88   
0.84    0.85    0.83    0.77    0.86    0.85    0.85    0.88   
0.84    0.85    0.83    0.77    0.86    0.85    0.85    0.88   
0.84    0.85    0.83    0.77    0.86    0.85    0.85    0.88   
0.84    0.85    0.83    0.77    0.86    0.85    0.85    0.88   
0.84    0.85    0.83    0.77    0.86    0.85    0.85    0.88   
0.84    0.85    0.83    0.77    0.86    0.85    0.85    0.88   
0.84    0.85    0.83    0.77    0.86    0.85    0.85    0.88   
0.84    0.86    0.83    0.77    0.86    0.85    0.85    0.88   
0.84    0.86    0.83    0.77    0.86    0.85    0.85    0.88   
0.84    0.86    0.83    0.77    0.86    0.85    0.85    0.88   
0.84    0.86    0.83    0.77    0.87    0.85    0.85    0.88   
0.84    0.86    0.83    0.77    0.87    0.85    0.85    0.88   
0.84    0.86    0.83    0.77    0.87    0.85    0.85    0.88   
0.84    0.86    0.83    0.77    0.87    0.85    0.85    0.88   
0.84    0.86    0.83    0.77    0.87    0.85    0.85    0.88   
0.84    0.86    0.83    0.77    0.87    0.85    0.85    0.88   
0.84    0.86    0.83    0.77    0.87    0.85    0.85    0.88   
0.84    0.86    0.83    0.77    0.87    0.85    0.85    0.88   
0.84    0.86    0.83    0.77    0.87    0.85    0.85    0.88   
0.84    0.86    0.83    0.77    0.87    0.85    0.85    0.88   
0.84    0.86    0.83    0.77    0.87    0.85    0.85    0.88   
0.84    0.86    0.83    0.77    0.87    0.85    0.85    0.88   
0.84    0.86    0.83    0.77    0.87    0.85    0.85    0.88   
0.84    0.86    0.83    0.77    0.87    0.85    0.85    0.88   
0.84    0.86    0.83    0.77    0.87    0.85    0.85    0.88   
0.84    0.86    0.83    0.77    0.87    0.85    0.85    0.88   
0.84    0.86    0.83    0.77    0.87    0.85    0.85    0.88   
0.84    0.86    0.83    0.77    0.87    0.85    0.85    0.88   
0.84    0.86    0.83    0.77    0.87    0.85    0.85    0.88   
0.84    0.86    0.83    0.77    0.87    0.85    0.85    0.88   
0.84    0.86    0.83    0.77    0.87    0.85    0.85    0.88   
0.84    0.86    0.83    0.77    0.87    0.85    0.85    0.88   
0.84    0.86    0.83    0.77    0.87    0.85    0.85    0.88   
0.84    0.86    0.83    0.77    0.87    0.85    0.85    0.88   
0.84    0.86    0.83    0.77    0.87    0.85    0.85    0.88   
0.84    0.86    0.83    0.77    0.87    0.85    0.85    0.88   
0.84    0.86    0.83    0.77    0.87    0.85    0.85    0.88   
0.84    0.86    0.83    0.77    0.87    0.85    0.85    0.88   
0.84    0.86    0.83    0.77    0.87    0.85    0.85    0.88   
0.84    0.87    0.83    0.77    0.87    0.85    0.85    0.88   
0.84    0.87    0.83    0.77    0.87    0.85    0.85    0.88   
0.84    0.87    0.83    0.77    0.87    0.85    0.85    0.88   
0.84    0.87    0.83    0.77    0.87    0.85    0.85    0.88   
0.84    0.87    0.83    0.77    0.87    0.85    0.85    0.88   
0.84    0.87    0.83    0.77    0.87    0.85    0.85    0.88   
0.84    0.87    0.83    0.77    0.87    0.85    0.85    0.89   
0.84    0.87    0.83    0.77    0.87    0.85    0.85    0.89   
0.84    0.87    0.83    0.77    0.87    0.85    0.85    0.89   
0.84    0.87    0.87    0.77    0.87    0.85    0.85    0.89   
0.84    0.87    0.87    0.78    0.87    0.85    0.85    0.89   
0.84    0.87    0.87    0.78    0.87    0.85    0.85    0.89   
0.84    0.87    0.87    0.78    0.87    0.85    0.85    0.89   
0.84    0.87    0.87    0.78    0.87    0.85    0.85    0.89   
0.84    0.87    0.87    0.78    0.87    0.85    0.85    0.89   
0.84    0.87    0.87    0.78    0.87    0.85    0.85    0.89   
0.84    0.87    0.87    0.78    0.87    0.85    0.85    0.89   
0.84    0.87    0.87    0.78    0.87    0.85    0.85    0.89   
0.84    0.87    0.87    0.77    0.87    0.85    0.85    0.89   
0.84    0.87    0.87    0.77    0.88    0.85    0.85    0.89   
0.84    0.87    0.87    0.77    0.88    0.85    0.85    0.89   
0.84    0.87    0.87    0.77    0.88    0.85    0.85    0.89   
0.84    0.87    0.87    0.77    0.88    0.85    0.85    0.89   
0.84    0.87    0.87    0.77    0.88    0.85    0.85    0.89   
0.84    0.87    0.87    0.77    0.88    0.85    0.85    0.89   
0.84    0.87    0.87    0.77    0.88    0.85    0.85    0.89   
0.84    0.87    0.87    0.77    0.88    0.85    0.85    0.89   
0.84    0.87    0.87    0.77    0.88    0.85    0.85    0.89   
0.84    0.87    0.87    0.77    0.88    0.85    0.85    0.89   
0.84    0.87    0.87    0.77    0.88    0.85    0.85    0.89   
0.84    0.87    0.87    0.77    0.88    0.85    0.85    0.89   
0.84    0.87    0.87    0.77    0.88    0.85    0.85    0.89   
0.84    0.87    0.87    0.77    0.88    0.85    0.85    0.89   
0.84    0.87    0.88    0.77    0.88    0.85    0.85    0.89   
0.84    0.87    0.88    0.78    0.88    0.85    0.85    0.89   
0.84    0.87    0.88    0.78    0.88    0.85    0.85    0.89   
0.84    0.87    0.88    0.78    0.88    0.85    0.85    0.89   
0.84    0.87    0.88    0.78    0.88    0.85    0.85    0.89   
0.84    0.87    0.88    0.78    0.88    0.85    0.85    0.89   
0.84    0.87    0.88    0.78    0.88    0.85    0.85    0.89   
0.84    0.87    0.88    0.78    0.88    0.85    0.85    0.89   
0.84    0.87    0.88    0.78    0.88    0.85    0.85    0.89   
0.84    0.87    0.88    0.78    0.88    0.85    0.85    0.89   
0.84    0.87    0.88    0.78    0.88    0.85    0.85    0.89   
0.84    0.87    0.88    0.78    0.88    0.85    0.85    0.89   
0.84    0.87    0.88    0.78    0.88    0.85    0.85    0.89   
0.84    0.87    0.88    0.78    0.88    0.85    0.85    0.89   
0.85    0.87    0.88    0.78    0.88    0.85    0.85    0.89   
0.85    0.87    0.88    0.78    0.88    0.85    0.85    0.89   
0.85    0.87    0.88    0.78    0.88    0.85    0.85    0.89   
0.85    0.87    0.88    0.78    0.88    0.85    0.85    0.89   
0.85    0.87    0.88    0.78    0.88    0.85    0.85    0.89   
0.85    0.87    0.88    0.78    0.88    0.85    0.85    0.89   
0.85    0.87    0.88    0.78    0.88    0.85    0.86    0.89   
0.85    0.87    0.88    0.78    0.88    0.85    0.86    0.89   
0.85    0.87    0.88    0.78    0.88    0.85    0.86    0.89   
0.85    0.88    0.88    0.78    0.88    0.85    0.86    0.89   
0.85    0.88    0.88    0.78    0.88    0.85    0.86    0.89   
0.85    0.88    0.88    0.78    0.88    0.85    0.86    0.89   
0.85    0.88    0.88    0.78    0.89    0.85    0.86    0.89   
0.85    0.88    0.88    0.78    0.89    0.85    0.86    0.89   
0.85    0.88    0.88    0.78    0.89    0.85    0.86    0.89   
0.85    0.88    0.88    0.78    0.89    0.85    0.86    0.89   
0.85    0.88    0.88    0.78    0.89    0.85    0.86    0.89   
0.85    0.88    0.88    0.78    0.89    0.85    0.86    0.89   
0.85    0.88    0.88    0.78    0.89    0.85    0.86    0.89   
0.85    0.88    0.88    0.78    0.89    0.85    0.86    0.89   
0.85    0.88    0.88    0.78    0.89    0.85    0.86    0.89   
0.85    0.88    0.88    0.78    0.89    0.85    0.86    0.89   
0.85    0.88    0.88    0.78    0.89    0.85    0.86    0.89   
0.85    0.88    0.88    0.78    0.89    0.85    0.86    0.89   
0.85    0.88    0.88    0.78    0.89    0.85    0.86    0.89   
0.85    0.88    0.88    0.78    0.89    0.85    0.86    0.89   
0.85    0.88    0.88    0.78    0.89    0.85    0.86    0.89   
0.85    0.88    0.88    0.78    0.89    0.85    0.86    0.89   
0.85    0.88    0.88    0.78    0.89    0.85    0.86    0.89   
0.85    0.88    0.88    0.78    0.89    0.85    0.86    0.89   
0.85    0.88    0.88    0.78    0.89    0.85    0.86    0.89   
0.85    0.88    0.88    0.78    0.89    0.85    0.86    0.89   
0.85    0.88    0.88    0.78    0.89    0.85    0.86    0.89   
0.85    0.88    0.88    0.78    0.89    0.85    0.86    0.89   
0.85    0.88    0.87    0.78    0.89    0.85    0.86    0.89   
0.85    0.88    0.87    0.78    0.89    0.85    0.86    0.89   
0.85    0.88    0.87    0.78    0.89    0.85    0.86    0.89   
0.85    0.88    0.87    0.78    0.89    0.85    0.86    0.89   
0.85    0.88    0.87    0.78    0.89    0.85    0.86    0.89   
0.85    0.88    0.87    0.78    0.89    0.85    0.86    0.89   
0.85    0.88    0.87    0.78    0.89    0.85    0.86    0.89   
0.85    0.88    0.87    0.78    0.89    0.85    0.86    0.89   
0.85    0.88    0.87    0.78    0.89    0.85    0.86    0.89   
0.85    0.88    0.87    0.78    0.89    0.85    0.86    0.89   
0.85    0.88    0.87    0.78    0.89    0.85    0.86    0.89   
0.85    0.88    0.87    0.78    0.89    0.85    0.86    0.89   
0.85    0.88    0.87    0.78    0.89    0.85    0.86    0.89   
0.85    0.88    0.87    0.78    0.89    0.85    0.86    0.90   
0.85    0.88    0.87    0.78    0.89    0.85    0.86    0.90   
0.85    0.88    0.87    0.78    0.89    0.85    0.86    0.90   
0.85    0.88    0.88    0.78    0.89    0.85    0.86    0.90   
0.85    0.88    0.88    0.78    0.89    0.85    0.86    0.90   
0.85    0.88    0.88    0.78    0.89    0.85    0.86    0.90   
0.85    0.88    0.88    0.78    0.89    0.85    0.86    0.90   
0.85    0.88    0.88    0.78    0.89    0.85    0.87    0.90   
0.85    0.88    0.88    0.78    0.89    0.85    0.87    0.90   
0.86    0.88    0.88    0.78    0.89    0.85    0.87    0.90   
0.86    0.88    0.88    0.78    0.89    0.85    0.87    0.90   
0.86    0.88    0.88    0.78    0.89    0.85    0.87    0.90   
0.86    0.88    0.88    0.78    0.89    0.85    0.87    0.90   
0.86    0.88    0.88    0.78    0.89    0.85    0.87    0.90   
0.86    0.88    0.88    0.78    0.89    0.85    0.87    0.90   
0.86    0.88    0.88    0.78    0.89    0.85    0.87    0.90   
0.86    0.88    0.88    0.78    0.89    0.85    0.87    0.90   
0.86    0.88    0.88    0.78    0.89    0.85    0.87    0.90   
0.86    0.89    0.88    0.78    0.89    0.85    0.87    0.90   
0.86    0.89    0.88    0.78    0.89    0.85    0.87    0.90   
0.86    0.89    0.88    0.78    0.89    0.85    0.87    0.90   
0.86    0.89    0.88    0.78    0.89    0.85    0.87    0.90   
0.86    0.89    0.88    0.78    0.89    0.85    0.87    0.90   
0.86    0.89    0.88    0.78    0.89    0.85    0.87    0.90   
0.86    0.89    0.88    0.78    0.89    0.85    0.87    0.90   
0.86    0.89    0.88    0.78    0.89    0.85    0.87    0.90   
0.86    0.89    0.88    0.78    0.89    0.85    0.87    0.90   
0.86    0.89    0.88    0.78    0.89    0.85    0.87    0.90   
0.86    0.89    0.88    0.78    0.89    0.85    0.87    0.90   
0.86    0.89    0.88    0.78    0.89    0.85    0.87    0.90   
0.86    0.89    0.88    0.78    0.89    0.86    0.87    0.90   
0.86    0.89    0.88    0.78    0.89    0.86    0.87    0.90   
0.86    0.89    0.88    0.78    0.89    0.86    0.87    0.90   
0.86    0.89    0.88    0.78    0.89    0.86    0.87    0.90   
0.86    0.88    0.88    0.78    0.89    0.86    0.87    0.90   
0.86    0.88    0.88    0.78    0.89    0.86    0.87    0.90   
0.86    0.88    0.88    0.78    0.89    0.86    0.87    0.90   
0.86    0.88    0.88    0.78    0.89    0.86    0.87    0.90   
0.86    0.88    0.88    0.78    0.89    0.86    0.87    0.90   
0.86    0.88    0.88    0.78    0.89    0.86    0.87    0.90   
0.86    0.88    0.88    0.78    0.89    0.86    0.87    0.90   
0.86    0.88    0.88    0.78    0.89    0.86    0.87    0.90   
0.86    0.89    0.88    0.78    0.89    0.86    0.87    0.90   
0.86    0.89    0.88    0.78    0.89    0.86    0.87    0.90   
0.86    0.89    0.88    0.78    0.89    0.86    0.87    0.90   
0.86    0.89    0.88    0.78    0.89    0.86    0.87    0.90   
0.86    0.89    0.88    0.78    0.89    0.86    0.87    0.90   
0.86    0.89    0.88    0.78    0.89    0.86    0.87    0.90   
0.86    0.89    0.88    0.78    0.89    0.86    0.87    0.90   
0.86    0.89    0.88    0.78    0.89    0.86    0.87    0.90   
0.86    0.89    0.88    0.78    0.89    0.86    0.87    0.90   
0.86    0.89    0.88    0.78    0.89    0.86    0.87    0.90   
0.86    0.89    0.88    0.78    0.89    0.86    0.87    0.90   
0.86    0.89    0.88    0.78    0.89    0.86    0.87    0.90   
0.86    0.89    0.88    0.78    0.89    0.86    0.87    0.90   
0.86    0.89    0.88    0.78    0.89    0.86    0.87    0.90   
0.86    0.89    0.88    0.78    0.89    0.86    0.87    0.90   
0.86    0.89    0.88    0.78    0.89    0.86    0.87    0.90   
0.86    0.89    0.88    0.78    0.89    0.86    0.87    0.90   
0.86    0.89    0.88    0.78    0.89    0.86    0.87    0.90   
0.86    0.89    0.88    0.78    0.89    0.86    0.87    0.90   
0.86    0.89    0.88    0.78    0.89    0.86    0.87    0.90   
0.86    0.89    0.88    0.78    0.89    0.86    0.87    0.90   
0.86    0.89    0.88    0.78    0.89    0.86    0.87    0.90   
0.86    0.89    0.88    0.78    0.89    0.86    0.87    0.90   
0.86    0.89    0.88    0.78    0.89    0.86    0.87    0.90   
0.86    0.89    0.88    0.78    0.89    0.86    0.87    0.90   
0.86    0.89    0.88    0.78    0.89    0.86    0.87    0.90   
0.86    0.89    0.88    0.78    0.89    0.86    0.87    0.90   
0.86    0.89    0.88    0.78    0.89    0.86    0.87    0.90   
0.86    0.89    0.88    0.78    0.89    0.87    0.87    0.90   
0.86    0.89    0.88    0.78    0.89    0.87    0.87    0.90   
0.86    0.89    0.88    0.78    0.89    0.87    0.87    0.90   
0.86    0.89    0.88    0.78    0.89    0.87    0.87    0.90   
0.86    0.89    0.88    0.78    0.89    0.87    0.87    0.90   
0.86    0.89    0.88    0.78    0.89    0.87    0.87    0.90   
0.86    0.89    0.88    0.78    0.89    0.87    0.87    0.90   
0.86    0.89    0.88    0.78    0.89    0.87    0.87    0.90   
0.86    0.89    0.88    0.78    0.89    0.87    0.87    0.90   
0.86    0.89    0.88    0.78    0.89    0.87    0.87    0.90   
0.86    0.89    0.88    0.78    0.89    0.87    0.87    0.90   
0.86    0.89    0.88    0.78    0.89    0.87    0.87    0.90   
0.86    0.89    0.88    0.78    0.89    0.87    0.87    0.90   
0.86    0.89    0.88    0.78    0.89    0.87    0.87    0.90   
0.86    0.89    0.88    0.79    0.89    0.87    0.87    0.90   
0.86    0.89    0.88    0.79    0.89    0.87    0.87    0.90   
0.86    0.89    0.88    0.79    0.89    0.87    0.87    0.90   
0.86    0.89    0.88    0.79    0.89    0.87    0.87    0.90   
0.86    0.89    0.88    0.79    0.89    0.87    0.87    0.90   
0.86    0.89    0.88    0.79    0.89    0.87    0.87    0.90   
0.86    0.89    0.88    0.79    0.89    0.87    0.87    0.90   
0.86    0.89    0.88    0.79    0.89    0.87    0.87    0.90   
0.86    0.89    0.88    0.79    0.89    0.87    0.87    0.90   
0.86    0.89    0.88    0.79    0.89    0.87    0.87    0.90   
0.86    0.89    0.88    0.79    0.89    0.87    0.87    0.90   
0.86    0.89    0.88    0.79    0.89    0.87    0.87    0.90   
0.86    0.89    0.88    0.79    0.89    0.87    0.87    0.90   
0.86    0.89    0.88    0.79    0.89    0.87    0.87    0.90   
0.86    0.89    0.88    0.79    0.89    0.87    0.87    0.90   
0.86    0.89    0.88    0.79    0.89    0.87    0.87    0.90   
0.86    0.89    0.88    0.79    0.89    0.87    0.87    0.90   
0.86    0.89    0.88    0.79    0.89    0.87    0.87    0.90   
0.86    0.89    0.88    0.79    0.89    0.87    0.87    0.90   
0.86    0.89    0.88    0.79    0.89    0.87    0.87    0.90   
0.86    0.89    0.88    0.79    0.89    0.87    0.87    0.90   
0.86    0.89    0.88    0.79    0.89    0.87    0.87    0.90   
0.86    0.89    0.88    0.79    0.89    0.87    0.87    0.90   
0.86    0.89    0.88    0.79    0.89    0.87    0.87    0.90   
0.86    0.89    0.88    0.79    0.89    0.87    0.87    0.90   
0.86    0.89    0.88    0.79    0.89    0.87    0.87    0.90   
0.86    0.89    0.88    0.79    0.89    0.87    0.87    0.90   
0.86    0.89    0.88    0.79    0.89    0.87    0.87    0.90   
0.86    0.89    0.88    0.79    0.89    0.87    0.87    0.90   
0.87    0.89    0.88    0.79    0.89    0.87    0.87    0.90   
0.87    0.90    0.88    0.79    0.89    0.87    0.87    0.90   
0.00    0.00    0.00    0.00    0.00    0.00    0.00    0.00   
0.00    0.00    0.00    0.00    0.00    0.00    0.00    0.00   
0.00    0.00    0.00    0.00    0.00    0.00    0.00    0.00   
0.00    0.00    0.00    0.00    0.00    0.00    0.00    0.00   
0.00    0.00    0.00    0.00    0.00    0.00    0.00    0.00   
0.00    0.00    0.00    0.00    0.00    0.00    0.00    0.00   
0.00    0.00    0.00    0.00    0.00    0.00    0.00    0.00   
0.00    0.00    0.00    0.00    0.00    0.00    0.00    0.00   
