#Value_Function_Estimate.
44.41   45.47   46.67   48.02   49.39   50.64   51.98   52.87   54.03   53.98   54.16   53.77   52.31   51.26   49.92   49.13   47.79   46.83   45.55   45.37   43.96   43.22   42.15   41.35   40.69   39.78   38.65   37.68   36.89   36.46   35.51   34.43   33.30   32.17   31.04   30.01   29.40   29.30   29.25   28.94   28.79   28.56   28.29   28.18   28.25   28.11   28.15   28.13   28.16   28.12  
44.44   45.90   46.94   48.18   49.56   50.97   52.35   53.62   54.44   55.83   55.54   53.82   52.89   51.38   50.77   49.25   48.42   46.83   46.99   45.23   44.61   43.52   42.59   41.94   41.02   39.80   38.80   37.92   37.64   36.63   35.56   34.42   33.30   32.16   31.07   30.33   30.26   30.26   29.89   29.77   29.53   29.28   28.79   29.29   28.67   29.06   29.08   29.12   29.08   28.99  
44.49   45.86   47.46   48.42   49.70   51.13   52.60   54.07   54.57   54.29   54.56   53.80   52.50   51.30   50.15   49.36   48.03   47.76   46.12   46.07   44.67   43.93   42.72   42.47   40.98   39.98   38.91   38.95   37.74   36.68   35.54   34.43   33.29   32.16   31.23   31.22   31.30   30.82   30.76   30.49   30.29   29.73   29.43   29.23   29.54   29.56   30.09   30.03   30.06   29.09  
44.44   45.94   47.33   49.08   49.92   51.09   52.78   52.91   52.92   53.41   52.81   52.85   52.13   50.92   49.74   48.66   47.83   46.67   46.57   45.06   45.16   43.66   43.32   41.91   41.22   39.92   40.03   38.71   37.79   36.64   35.55   34.41   33.29   32.15   31.21   32.37   31.73   31.77   31.44   31.31   30.65   30.39   30.01   30.14   30.03   30.45   30.45   31.16   30.02   29.23  
44.48   45.86   47.46   48.44   49.80   51.62   51.34   51.38   51.75   51.72   52.32   51.36   51.19   50.49   49.35   48.20   47.15   46.27   45.31   45.42   44.29   44.28   42.87   42.18   40.97   40.66   39.35   38.78   37.63   36.65   35.52   34.42   33.27   32.14   31.29   31.72   32.79   32.37   32.36   31.55   31.36   30.93   30.67   30.68   30.97   30.92   31.47   30.68   30.12   29.81  
44.43   45.89   46.96   48.28   49.82   49.83   49.99   50.14   50.21   50.73   51.26   50.83   49.89   49.58   48.88   47.80   46.69   45.66   44.79   44.02   44.31   43.32   43.54   42.12   41.45   40.16   39.40   38.29   37.61   36.52   35.52   34.40   33.28   32.13   31.05   31.75   32.36   33.46   32.42   32.34   31.86   31.57   31.57   31.44   31.61   31.96   31.57   30.91   30.73   30.53  
44.41   45.50   46.77   48.11   48.30   48.44   48.58   48.70   49.17   49.68   49.80   49.67   49.21   48.40   48.00   47.30   46.28   45.19   44.22   43.39   42.84   43.12   42.22   42.77   41.33   40.21   39.03   38.22   37.22   36.45   35.41   34.38   33.26   32.13   31.00   31.43   32.40   32.86   33.36   32.78   32.48   32.55   32.26   32.21   32.40   32.55   31.78   31.66   31.55   30.69  
44.08   45.27   46.46   46.77   46.92   47.06   47.22   47.67   48.29   48.62   48.21   48.23   48.10   47.63   46.92   46.45   45.75   44.77   43.74   42.82   42.06   41.79   41.76   41.36   41.35   40.13   39.02   37.93   37.09   36.13   35.31   34.28   33.23   32.12   30.99   31.37   31.90   32.39   32.95   33.08   33.56   33.18   33.18   32.92   33.07   32.65   32.59   32.61   31.64   30.74  
43.83   44.89   45.26   45.42   45.56   45.76   46.26   47.25   47.27   46.92   47.04   46.74   46.71   46.55   46.09   45.44   44.93   44.23   43.30   42.35   41.48   40.91   40.95   40.52   40.19   40.01   38.95   37.88   36.85   35.98   35.04   34.17   33.14   32.08   30.98   30.93   31.43   31.96   32.36   33.42   33.21   34.27   33.30   33.90   33.19   33.04   33.72   32.57   31.69   30.73  
43.41   43.82   43.98   44.12   44.34   44.91   46.37   45.81   45.78   45.75   45.50   45.52   45.29   45.23   45.04   44.60   43.99   43.45   42.77   41.91   41.01   40.22   39.93   39.73   39.32   39.01   38.74   37.80   36.78   35.77   34.86   33.92   33.02   31.94   30.96   30.74   31.33   31.60   32.37   32.75   33.81   33.34   34.24   33.83   33.66   34.06   33.11   32.66   31.63   30.93  
42.43   42.60   42.74   42.99   43.58   44.75   44.73   44.86   44.44   44.36   44.30   44.10   44.08   43.89   43.80   43.60   43.16   42.59   42.05   41.39   40.58   39.73   39.05   39.49   38.60   38.16   37.87   37.54   36.49   35.65   34.67   33.74   32.80   32.07   31.37   31.71   31.59   32.33   32.46   32.81   33.62   34.25   34.10   34.49   34.57   34.01   33.15   32.49   31.83   31.31  
41.27   41.42   41.68   42.27   43.25   43.38   43.46   43.39   43.43   43.10   43.00   42.92   42.76   42.70   42.54   42.43   42.22   41.79   41.25   40.71   40.08   39.32   38.54   38.18   38.22   37.48   37.04   36.76   36.35   35.36   34.49   33.55   33.18   32.45   32.36   31.96   32.30   32.45   33.38   33.36   33.44   34.28   34.71   34.80   34.50   34.06   33.43   32.73   32.25   31.58  
40.14   40.43   41.00   41.84   42.05   42.13   42.09   42.13   42.09   42.08   41.81   41.70   41.61   41.46   41.39   41.24   41.12   40.89   40.49   39.97   39.45   38.84   38.14   37.45   37.12   37.02   36.40   35.80   35.63   35.18   34.14   33.42   33.45   33.47   32.93   32.99   32.85   32.73   33.35   34.48   33.80   33.82   34.83   35.21   34.82   34.39   33.63   33.21   32.51   31.75  
39.23   39.78   40.52   40.78   40.85   40.83   40.86   40.84   40.86   40.83   40.79   40.57   40.45   40.35   40.22   40.13   39.99   39.86   39.63   39.24   38.76   38.25   37.67   37.02   36.40   36.07   35.89   35.31   34.66   34.50   34.00   34.60   33.83   33.76   34.03   33.69   33.59   33.58   33.42   33.80   34.83   34.38   34.57   35.31   35.36   34.53   34.19   33.47   32.66   32.00  
38.62   39.27   39.56   39.64   39.64   39.66   39.64   39.66   39.65   39.66   39.63   39.57   39.38   39.26   39.16   39.04   38.94   38.81   38.66   38.43   38.06   37.60   37.11   36.56   35.94   35.36   35.02   34.77   34.22   33.54   33.49   33.68   34.75   34.69   34.49   34.58   34.42   34.36   34.07   34.04   34.37   35.43   35.05   35.50   35.41   35.21   34.44   33.59   32.93   32.32  
38.09   38.37   38.32   38.50   38.51   38.51   38.52   38.51   38.52   38.51   38.52   38.49   38.42   38.25   38.13   38.03   37.91   37.81   37.68   37.53   37.30   36.94   36.50   36.02   35.47   34.87   34.32   33.97   33.83   33.59   33.44   33.79   34.15   35.17   35.62   35.39   35.39   35.01   35.05   34.69   34.61   35.00   36.09   35.69   36.16   35.43   34.52   33.88   33.26   32.66  
37.22   37.11   37.37   37.40   37.40   37.41   37.41   37.41   37.41   37.42   37.41   37.41   37.39   37.31   37.16   37.04   36.93   36.82   36.71   36.59   36.43   36.20   35.85   35.42   34.94   34.41   34.59   35.30   35.07   35.15   34.36   34.23   34.95   34.70   35.66   36.52   35.94   35.96   35.62   35.63   35.18   35.19   35.60   36.66   35.98   35.46   34.84   34.21   33.63   32.78  
36.04   36.09   36.30   36.31   36.32   36.32   36.32   36.32   36.33   36.33   36.33   36.33   36.33   36.30   36.10   36.06   35.96   35.85   35.74   35.64   35.51   35.35   35.11   34.77   34.35   33.88   34.33   35.15   36.72   35.75   35.74   35.13   35.03   35.21   35.48   36.05   37.03   36.57   36.52   36.09   36.21   35.84   35.88   36.40   36.35   35.82   35.16   34.63   33.74   32.82  
35.02   35.15   35.17   35.24   35.24   35.25   35.25   35.25   35.18   35.25   35.25   35.26   35.25   35.20   35.19   35.02   34.98   34.89   34.79   34.68   34.57   34.44   34.28   34.04   33.76   34.39   35.03   35.53   36.06   37.17   36.22   36.38   35.96   35.83   35.08   35.97   36.56   37.69   37.03   36.96   36.78   36.78   36.75   36.78   36.72   36.11   35.66   34.70   33.78   32.81  
34.08   34.23   34.41   34.95   36.30   35.57   35.64   35.58   35.41   35.52   35.52   35.83   35.71   36.00   34.83   34.35   33.98   33.92   33.83   33.73   33.63   33.52   33.39   33.59   34.28   35.01   35.68   36.36   36.84   37.22   37.66   37.13   37.17   36.21   35.93   35.61   36.60   37.03   38.14   37.37   37.27   37.84   37.22   37.49   36.88   36.72   35.67   34.75   33.75   32.82  
33.94   34.82   35.62   35.70   36.22   37.07   36.70   36.69   36.71   36.59   36.96   36.85   37.30   36.10   35.72   35.31   34.96   34.67   34.27   33.69   32.94   33.09   33.56   34.10   34.82   35.56   36.38   37.02   37.77   38.20   38.28   38.59   37.42   37.35   36.28   35.54   36.09   37.03   37.37   38.48   37.44   37.73   38.18   37.64   37.87   36.64   35.73   34.71   33.77   32.80  
34.54   35.26   36.08   37.01   37.06   37.53   38.05   38.13   37.83   38.05   37.94   38.44   37.37   37.12   36.71   36.38   36.11   35.71   35.07   34.26   33.37   33.75   34.27   34.74   35.31   36.09   36.87   37.74   38.34   39.07   39.14   38.41   38.84   37.59   36.51   35.40   36.19   37.11   37.39   38.11   38.28   38.42   38.18   38.36   37.18   36.74   35.66   34.73   33.74   32.80  
34.70   35.96   36.58   37.46   38.38   38.33   38.93   38.93   39.44   38.99   39.55   38.66   38.57   38.12   37.79   37.55   37.15   36.49   35.61   34.67   33.82   33.91   35.01   35.46   35.98   36.56   37.40   38.18   39.13   39.50   39.51   39.51   38.89   37.84   36.50   35.45   36.41   37.22   38.26   38.30   38.93   38.55   39.05   37.85   37.21   36.22   35.67   34.69   33.75   32.78  
34.85   36.04   37.40   37.91   38.83   39.54   39.63   40.31   40.04   40.56   39.96   40.05   39.52   39.20   38.99   38.60   37.92   37.00   36.00   35.11   34.35   34.13   35.08   36.31   36.68   37.25   37.83   38.73   39.49   40.41   40.23   40.22   39.21   37.78   36.54   35.51   36.44   37.50   38.25   39.50   38.98   39.78   38.75   37.93   36.84   36.15   35.27   34.65   33.72   32.79  
35.23   36.17   37.37   38.91   39.23   40.30   40.88   40.93   41.63   41.18   41.59   40.93   40.61   40.43   40.07   39.36   38.41   37.36   36.44   35.63   35.07   34.87   35.27   36.25   37.71   37.93   38.57   38.94   40.12   40.72   41.54   40.61   39.06   37.85   36.49   35.48   36.52   37.47   38.61   38.69   40.22   38.91   38.59   37.69   36.82   35.85   35.13   34.32   33.64   32.75  
35.75   36.56   37.49   38.70   39.61   40.61   41.82   42.37   42.27   42.82   42.27   42.04   41.90   41.55   40.83   39.84   38.74   37.80   36.94   36.33   36.12   36.07   36.10   36.39   37.44   38.01   38.06   39.55   39.96   41.31   40.62   40.13   39.19   37.76   36.53   35.59   36.46   37.59   38.50   39.77   38.76   39.39   38.21   37.50   36.62   35.78   34.88   34.24   33.38   32.66  
36.09   37.14   37.90   38.67   40.14   40.76   41.84   43.43   43.91   43.53   43.47   43.38   43.06   42.31   41.28   40.13   39.19   38.28   37.60   37.40   37.36   37.36   37.37   37.37   37.34   37.40   38.27   38.76   40.03   39.82   40.59   39.41   38.77   37.80   36.61   36.28   36.56   37.48   38.68   38.49   38.83   38.24   38.58   37.40   36.76   35.80   35.25   34.28   33.40   32.62  
36.66   37.42   38.55   39.26   39.97   41.53   41.91   43.61   44.32   44.81   44.63   44.66   43.82   42.75   41.53   40.60   39.65   38.87   38.69   38.67   38.67   38.68   38.68   38.67   38.59   38.64   38.69   38.68   38.60   39.17   39.04   39.09   38.12   37.80   37.56   37.35   37.23   37.56   37.94   37.82   37.94   37.75   37.44   37.85   36.72   36.32   35.27   34.47   33.78   33.09  
36.76   38.11   38.72   39.99   40.66   41.16   42.48   43.45   45.34   45.71   46.35   45.50   44.26   42.94   42.04   41.06   40.16   40.00   40.00   40.00   40.01   40.01   40.02   39.88   40.01   40.03   40.02   39.98   39.88   39.68   39.45   39.24   39.10   38.88   38.65   38.53   38.51   38.45   38.50   38.41   38.38   38.22   38.10   37.63   37.44   36.32   35.66   35.01   34.36   33.62  
36.97   38.11   39.60   39.98   41.52   42.11   42.31   43.76   44.38   46.20   47.24   45.84   44.39   43.51   42.50   41.46   41.33   41.34   41.35   41.35   41.36   41.37   41.37   41.38   41.38   41.37   41.34   41.23   41.05   40.83   40.56   40.45   40.21   39.97   39.84   39.83   39.84   39.84   39.84   39.77   39.55   39.47   38.99   38.23   37.51   36.93   36.31   35.67   34.92   34.13  
37.36   38.33   39.44   41.16   41.12   41.25   42.19   43.04   44.57   45.58   46.24   45.71   45.07   43.43   42.79   42.61   42.67   42.70   42.72   42.72   42.73   42.73   42.74   42.74   42.74   42.71   42.61   42.41   42.18   41.97   41.82   41.57   41.32   41.24   41.25   41.25   41.26   41.26   41.23   41.15   40.94   40.40   39.56   38.81   38.26   37.62   37.00   36.23   35.44   34.57  
37.23   38.82   39.68   40.18   39.91   40.73   41.63   42.99   43.90   44.67   44.57   44.45   44.16   44.23   44.07   44.07   44.04   44.07   44.09   44.11   44.11   44.12   44.12   44.12   44.09   44.00   43.79   43.56   43.33   43.19   43.03   42.78   42.69   42.81   42.82   42.82   42.83   42.82   42.78   42.54   42.06   40.96   40.11   39.60   38.94   38.34   37.56   36.76   35.89   34.95  
37.35   38.32   39.41   38.74   39.31   40.23   41.46   42.39   43.01   43.15   43.62   43.75   44.85   45.32   45.46   45.48   45.48   45.39   45.48   45.50   45.52   45.51   45.52   45.50   45.41   45.19   44.95   44.71   44.57   44.45   44.23   44.38   44.45   44.46   44.47   44.47   44.48   44.47   44.25   43.84   42.46   41.59   40.97   40.27   39.71   38.89   38.10   37.22   36.26   35.30  
36.94   37.89   37.83   37.96   38.83   39.98   40.89   41.49   41.71   42.17   43.13   43.88   45.21   46.34   46.78   46.90   46.90   46.91   46.76   46.93   46.92   46.94   46.91   46.84   46.60   46.36   46.10   45.97   45.91   45.68   45.80   45.86   46.04   46.10   46.11   46.12   46.12   46.08   45.65   44.17   43.11   42.38   41.75   41.09   40.22   39.45   38.56   37.59   36.63   35.50  
36.40   36.49   36.68   37.47   38.52   39.41   40.00   40.29   40.80   41.81   42.79   44.06   45.39   46.67   47.88   48.25   48.35   48.33   48.37   48.35   48.38   48.34   48.30   48.03   47.78   47.54   47.41   47.41   47.29   47.34   47.34   47.45   47.46   47.68   47.73   47.73   47.73   47.41   45.95   44.79   43.84   43.13   42.49   41.65   40.82   39.92   38.92   37.99   36.80   35.74  
35.15   35.40   36.14   37.11   37.96   38.55   38.95   39.89   41.03   42.04   43.21   44.26   45.57   46.88   48.19   49.44   49.74   49.83   49.79   49.84   49.80   49.79   49.48   49.24   49.03   48.88   48.99   48.67   48.99   49.01   49.08   49.03   49.12   49.07   49.35   49.38   49.20   47.52   46.38   45.35   44.65   43.91   43.01   42.22   41.33   40.26   39.38   38.12   37.05   36.06  
34.11   34.82   35.74   36.55   37.18   37.90   38.99   40.15   41.23   42.42   43.39   44.64   45.72   47.12   48.33   49.70   51.08   51.26   51.36   51.29   51.34   50.97   50.78   50.26   50.24   50.68   49.93   50.19   50.41   50.78   50.73   50.84   50.75   50.86   50.72   51.11   49.07   48.00   46.79   46.08   45.32   44.47   43.64   42.73   41.61   40.58   39.44   38.38   37.37   36.46  
33.51   34.39   35.19   35.88   36.97   38.01   39.24   40.32   41.52   42.59   43.87   44.87   46.13   47.14   48.69   49.83   51.24   52.82   52.81   52.96   52.49   52.39   51.77   51.59   51.58   51.35   51.45   51.64   51.92   52.12   52.57   52.43   52.60   52.28   52.69   50.71   49.35   48.22   47.52   46.75   45.87   45.03   44.19   43.08   41.97   40.78   39.72   38.70   37.80   36.76  
33.06   33.90   34.86   36.06   37.06   38.32   39.31   40.62   41.66   42.99   44.00   45.32   46.10   47.68   48.49   49.82   51.36   52.79   54.67   54.03   54.08   53.30   53.19   52.99   52.91   52.88   52.86   53.14   53.31   53.63   53.78   54.36   53.92   53.72   51.81   50.81   50.04   49.08   48.20   47.28   46.44   45.62   44.46   43.35   42.21   41.08   40.03   39.16   38.10   37.02  
33.22   34.05   35.19   36.12   37.40   38.34   39.70   40.61   41.87   43.02   44.43   45.30   46.88   47.22   48.79   49.94   51.31   52.94   54.03   55.85   54.83   54.86   54.42   54.42   54.45   54.34   54.39   54.50   54.83   54.96   55.33   55.40   54.75   52.87   51.87   51.88   50.89   49.63   48.80   47.86   47.09   45.85   44.74   43.59   42.48   41.40   40.55   39.45   38.37   37.20  
33.28   34.51   35.27   36.53   37.37   38.79   39.61   40.60   41.99   43.27   44.40   46.04   46.14   47.68   48.52   49.84   51.38   52.47   54.22   54.80   56.62   55.79   55.80   56.12   55.97   56.03   55.72   56.10   56.13   56.54   56.60   55.09   53.80   52.98   53.73   52.64   51.26   50.48   49.47   48.65   47.26   46.15   44.97   43.85   42.76   41.82   40.81   39.73   38.53   37.38  
33.34   34.52   35.87   36.48   37.92   38.61   39.52   41.03   41.90   43.04   44.48   44.96   46.41   47.28   48.39   49.81   50.95   52.49   53.38   54.83   55.80   57.66   56.46   56.86   57.76   57.26   57.44   57.34   57.85   57.76   55.94   54.86   54.41   54.91   54.37   52.73   52.21   50.70   50.38   48.65   47.67   46.37   45.25   44.12   43.20   42.18   41.11   39.87   38.74   37.45  
33.29   34.60   35.78   37.29   37.64   38.53   40.03   40.57   41.69   43.04   44.08   45.01   46.37   46.99   48.31   49.47   50.85   51.82   53.14   54.21   55.79   56.83   58.20   57.87   58.37   59.28   58.73   59.35   58.85   57.21   55.99   55.70   56.37   55.66   53.99   54.05   52.16   51.23   49.64   49.22   47.77   46.76   45.49   44.61   43.56   42.52   41.21   40.11   38.77   37.62  
33.33   34.52   35.90   36.85   37.58   39.04   39.30   40.35   41.62   42.71   43.95   45.57   45.66   46.85   48.02   49.29   50.32   51.75   52.65   54.07   55.21   56.78   58.21   59.43   59.54   59.95   60.64   59.82   58.66   57.20   56.90   57.04   56.61   55.47   54.46   52.70   52.87   51.10   49.72   48.47   47.94   46.83   46.14   44.94   43.94   42.55   41.52   40.09   38.99   37.61  
33.28   34.57   35.57   36.73   38.27   38.08   39.02   40.24   41.35   42.58   44.00   44.37   45.42   46.61   48.03   48.93   50.57   51.12   52.41   53.68   55.04   56.62   57.92   59.59   60.60   61.30   60.99   59.82   58.78   57.85   57.91   57.46   56.79   55.45   53.64   52.96   51.57   51.16   49.63   48.29   47.64   46.60   46.31   45.50   43.87   42.96   41.41   40.39   38.93   37.68  
33.29   34.31   35.45   36.77   36.88   37.72   38.88   40.01   41.21   42.50   43.05   44.03   45.21   46.58   47.90   49.60   49.66   50.80   52.06   53.43   54.97   56.29   58.03   59.05   60.62   60.96   60.53   59.68   58.77   58.45   57.69   56.62   56.38   54.53   53.72   52.18   51.77   50.22   49.57   48.18   46.96   46.94   45.39   44.86   44.00   42.56   41.83   40.25   39.04   37.63  
33.07   34.18   35.34   35.66   36.43   37.55   38.67   39.86   41.05   41.72   42.66   43.82   45.15   46.48   47.95   48.26   49.24   50.46   51.82   53.34   54.74   56.63   57.36   58.82   59.14   58.91   60.09   58.83   57.91   57.21   56.84   56.00   54.94   54.53   52.97   52.01   50.71   50.50   49.02   48.29   46.81   46.03   45.40   44.09   43.43   42.54   41.28   40.44   38.94   37.80  
32.93   33.97   34.42   35.17   36.23   37.35   38.51   39.64   40.39   41.31   42.45   43.75   45.06   46.39   46.87   47.74   48.90   50.22   51.71   53.22   55.02   55.77   56.91   57.36   57.28   58.19   58.11   58.45   57.08   56.25   55.59   55.04   54.29   53.34   52.75   51.39   50.39   49.31   49.06   47.89   47.56   45.91   44.69   43.92   42.76   42.02   41.12   39.99   39.19   37.69  
32.67   33.19   33.92   34.93   36.03   37.17   38.26   39.07   39.98   41.10   42.36   43.65   44.88   45.48   46.29   47.38   48.66   50.10   51.59   53.10   54.15   55.16   55.62   55.68   56.37   56.44   56.74   57.15   56.63   55.44   54.64   53.96   53.36   52.61   51.73   51.04   49.84   48.86   47.93   47.52   46.53   45.99   44.53   43.35   42.50   41.42   40.63   39.72   38.75   38.24  
31.98   32.69   33.66   34.74   35.85   36.91   37.75   38.66   39.76   40.99   42.25   43.41   44.10   44.89   45.92   47.13   48.51   49.97   51.41   52.50   53.44   53.93   54.09   54.64   54.80   55.07   55.40   55.24   55.39   54.88   53.82   53.01   52.32   51.70   50.96   50.14   49.42   48.35   47.41   46.55   46.03   45.16   44.48   43.15   42.00   41.10   40.08   39.26   38.35   37.45  
