#Value Function.
54.8657 55.0869 57.0555 58.6152 59.5114 60.1320 60.7933 61.7258 63.0433 64.9664 66.7687 68.0915 68.9610 69.4528 69.6757 69.7683 69.8005 69.7550 69.5333 68.9834 68.1749 68.7717 69.8416 70.9549 71.2163 71.2424 71.2888 71.4476 71.6340 71.6545 71.7433 71.8983 73.0389 73.3464 73.4971 73.5332 73.5301 73.4968 73.4753 73.4121 73.3512 73.2558 73.1890 73.1027 73.1490 73.0467 72.8155 71.9441 71.4191 71.3774
54.8764 56.2708 58.5520 60.1487 60.9888 61.5634 62.1914 63.1074 64.3930 66.4215 68.2759 69.5950 70.4535 70.9296 71.1324 71.2149 71.2496 71.2183 71.0187 70.4586 69.4090 70.1408 71.2732 72.5163 72.6883 72.6773 72.7104 72.8815 73.0959 73.0825 73.1715 73.1934 74.5976 74.8070 74.9516 74.9769 74.9725 74.9330 74.9193 74.8497 74.7941 74.6897 74.6298 74.5215 74.6085 74.5034 74.3463 73.3318 72.7869 71.5460
55.1820 56.5358 57.3367 59.9317 61.4934 62.2673 62.8053 63.4046 64.3130 65.5456 67.7147 69.6010 70.9047 71.7540 72.2156 72.3983 72.4733 72.5117 72.4947 72.3209 71.7757 70.3947 71.3748 72.5132 73.9268 73.9453 74.1233 74.3846 74.3192 74.4367 74.4317 74.5710 75.7370 75.8371 76.0717 76.2206 76.2322 76.2306 76.1819 76.1813 76.0997 76.0549 75.9354 75.8912 75.7452 75.7304 74.5395 73.8855 74.5625 73.0732
56.0626 57.4967 57.7154 58.3406 61.3709 62.8340 63.5421 64.0466 64.6148 65.5254 66.6690 69.0277 70.9301 72.2128 73.0556 73.5023 73.6624 73.7303 73.7725 73.7697 73.6248 73.1428 71.2892 72.6571 73.9408 75.3571 75.6894 75.5433 75.7087 75.6784 75.7250 76.6483 76.8966 76.9894 77.0710 77.3402 77.4915 77.4848 77.4907 77.4264 77.4468 77.3451 77.3202 77.1759 77.1611 75.7453 74.9289 75.9325 75.6880 74.2463
56.9645 58.4872 58.7564 58.9087 59.2539 62.9006 64.1566 64.8148 65.2878 65.8202 66.7519 67.7500 70.3721 72.2601 73.5187 74.3586 74.7900 74.9240 74.9861 75.0319 75.0426 74.9241 74.5882 72.7002 74.0831 75.3355 76.7470 76.9922 76.9184 76.9929 76.9232 76.9999 77.9963 78.1587 78.2430 78.2970 78.6145 78.7639 78.7318 78.7508 78.6621 78.7160 78.5833 78.5913 77.1792 75.8917 77.3693 76.9230 76.8235 75.3940
57.2766 58.7440 59.8459 60.0113 60.1337 60.0326 64.5692 65.4364 66.0911 66.5291 67.0173 68.0036 68.7680 71.7659 73.5842 74.8225 75.6638 76.0788 76.1826 76.2409 76.2900 76.3139 76.2063 76.0623 74.0983 75.4758 76.7453 78.1467 78.2705 78.1527 78.2706 78.2094 78.3157 79.3614 79.4071 79.5005 79.5097 79.8937 80.0319 79.9634 80.0107 79.8816 79.9935 78.8145 77.3487 78.9086 78.1271 78.0694 78.0288 76.6002
57.3808 58.8364 60.0059 61.2337 61.2513 61.4213 64.9427 65.8244 66.7202 67.3713 67.7711 68.2000 69.2992 69.6913 73.2380 74.8899 76.1257 76.9717 77.3693 77.4370 77.4953 77.5468 77.5857 77.4622 77.5790 75.9063 76.9747 79.0175 79.4375 79.5534 79.4377 79.5743 79.6384 80.3487 80.6458 80.6472 80.7601 80.6956 81.1706 81.2742 81.1640 81.2597 81.1855 80.7490 80.5157 79.2755 79.3218 79.2707 79.3204 77.8722
57.3585 58.7876 60.1089 61.2479 62.6641 62.9155 65.1395 66.2214 67.0719 68.0098 68.6558 69.0156 69.3573 70.6688 72.8199 74.4941 76.2031 77.4268 78.2830 78.6620 78.6859 78.7502 78.8016 78.8623 78.7422 78.8642 79.4852 79.1622 80.3706 80.7204 80.8360 80.9059 80.8573 80.9121 81.6573 81.9296 81.8678 82.0220 82.4004 82.3512 82.4729 82.4635 81.9351 81.8791 80.7223 80.6230 80.5068 80.5916 80.5007 79.0749
57.3924 58.8384 60.0236 61.3911 62.6516 64.0644 64.3158 66.5370 67.4873 68.3106 69.3074 69.9440 70.2663 70.5378 71.8110 74.1584 75.7300 77.5292 78.7228 79.5993 79.9576 79.9272 80.0071 80.0530 80.1421 80.0700 80.1565 80.8697 80.5199 81.7332 81.9917 82.0933 82.1757 82.1188 82.5925 82.9051 83.2103 83.2146 83.3975 83.5536 83.6096 83.4514 83.2404 82.0724 81.9628 81.9797 81.8738 81.7296 81.8314 80.3632
57.3659 58.7896 60.1275 61.4133 62.7917 64.0508 65.4649 66.6966 67.8108 68.7558 69.5358 70.6162 71.2341 71.5214 71.9889 72.8797 73.2910 77.2576 78.8305 80.0150 80.9221 81.2571 81.1578 81.2686 81.2989 81.4197 81.4267 81.9578 82.1976 81.8883 83.1081 83.2501 83.3485 83.4473 83.3819 83.8556 84.1206 84.4165 84.5065 84.5640 84.5098 84.4623 83.5036 83.3160 83.2818 83.1823 83.2478 83.1288 82.8823 81.4452
57.4328 58.8694 60.1691 61.5266 62.8116 64.1801 65.3402 66.7387 67.9628 69.0856 70.0282 70.7411 71.9418 72.5237 72.7426 73.1852 74.2104 74.6631 78.8407 80.0924 81.3073 82.2526 82.5622 82.3542 81.5331 82.6823 82.6707 82.8111 83.2343 83.5271 84.0737 84.3826 84.5067 84.5996 84.7168 84.8577 85.0458 85.2341 85.4381 85.3799 85.4670 84.9121 84.6597 84.5910 84.4749 84.5207 84.4016 84.1231 83.9747 82.5363
57.5039 58.9216 60.2663 61.5680 62.9284 64.3047 65.4580 66.6179 68.0120 69.2248 70.3585 71.3066 71.9146 73.2933 73.8136 73.9570 74.3594 75.5580 78.8394 80.0945 81.3509 82.5989 83.5925 83.8779 83.7375 82.9265 84.0835 84.0725 84.2143 84.4848 84.7439 85.3668 85.6568 85.7597 85.8416 85.9465 86.0464 86.1640 86.2230 86.3495 86.2552 85.9662 85.8725 85.7217 85.7827 85.6761 85.3592 85.2112 85.1958 83.6270
57.7096 59.1848 60.4290 61.7485 63.0586 64.2744 65.5757 66.7410 67.9004 69.2787 70.4739 71.6255 72.5934 73.0427 74.6838 75.0999 75.1668 75.5033 76.5252 80.0967 81.3470 82.6055 83.8889 84.9431 85.1789 85.0877 84.3239 85.4852 85.4871 85.7476 85.6991 85.9501 86.6751 86.9276 87.0057 87.0708 87.1428 87.1610 87.2387 87.3553 87.2903 87.1638 86.9594 87.0274 86.8973 86.9605 86.6371 86.6260 85.2131 83.8182
57.6491 59.1208 60.4482 61.6697 63.0047 64.3240 65.5118 66.8456 68.0369 69.3024 70.5075 71.7075 72.8788 73.9081 74.1056 76.1392 76.3728 76.3774 76.6632 77.4223 82.1141 82.6222 83.8519 85.1764 86.3101 86.4631 86.4517 85.7294 86.8845 86.8718 87.0266 86.9052 87.1415 88.0051 88.1907 88.2473 88.2873 88.3130 88.3754 88.3900 88.3635 88.3062 88.2556 88.1005 88.2159 88.2082 88.0251 86.8631 85.3816 84.3103
57.3241 58.9026 60.3923 61.7129 62.9041 64.2616 65.5927 66.7329 68.1036 69.3062 70.5110 71.7169 72.9311 74.1275 75.2690 75.4934 77.6322 77.6233 77.7671 77.8280 78.1183 84.0547 83.9052 85.0871 86.4599 87.7012 87.7202 87.9039 87.1522 88.2825 88.3441 88.2882 89.3604 89.4064 89.3924 89.4355 89.4824 89.5078 89.5293 89.5266 89.5197 89.4948 89.4801 89.4744 89.4648 89.4017 88.2386 88.9829 89.0471 87.3357
55.9064 57.5331 60.3077 61.6451 62.9820 64.1280 65.5174 66.8595 68.0991 69.3139 70.5190 71.7266 72.9148 74.1548 75.3724 76.6477 77.8487 79.0359 79.0568 79.3095 80.0879 84.2786 85.4790 86.3607 86.4510 87.7162 89.1312 89.5204 89.5210 89.5659 89.5224 89.6164 90.4611 90.6292 90.6654 90.6323 90.6823 90.7179 90.7267 90.7299 90.7269 90.7222 90.7165 90.7148 90.6767 90.4308 90.3272 90.3526 90.0054 88.4782
52.7125 53.5707 59.0805 61.7159 62.8718 64.2628 65.6038 66.8631 68.0958 69.3111 70.5228 71.7095 72.9244 74.1416 75.3945 76.6106 77.9108 79.1014 80.4581 81.5374 80.7645 84.3152 85.5345 86.7781 87.7220 87.8685 89.2079 90.4987 90.8135 90.7529 90.8258 91.2023 91.4430 91.7294 91.8994 91.9246 91.8683 91.9323 91.9634 91.9601 91.9652 91.9576 91.9646 91.9610 91.6663 91.5552 91.6518 91.3150 90.5232 89.0094
52.2267 53.2318 54.0604 60.8049 63.0128 64.3471 65.6159 66.8543 68.0839 69.3020 70.4933 71.6964 72.9090 74.1490 75.3699 76.6484 77.8644 79.1788 80.3282 81.7555 83.0528 84.2894 85.5772 86.7829 88.0756 89.0845 90.2791 90.9078 91.7917 92.0232 91.9009 91.9616 92.4001 92.6607 93.0047 93.1704 93.1863 93.1013 93.1889 93.2133 93.2048 93.2151 93.2139 93.2021 92.7463 92.9599 92.6230 91.8542 90.4485 89.0223
52.9563 54.1726 54.1498 54.2806 54.5012 64.3655 65.6041 66.8315 68.0039 68.7574 65.8394 66.8130 67.5919 68.5944 75.3913 76.6210 77.9100 79.1022 80.4678 81.6227 83.0217 84.3131 85.5342 86.8436 88.0217 89.3721 90.3046 91.5822 92.0246 92.7902 92.9955 92.9737 92.9925 93.6191 93.8699 94.2903 94.4407 94.4509 94.3245 94.4516 94.4659 94.4674 94.4582 94.4241 94.2857 93.9271 93.1887 91.7786 90.5753 89.1206
53.0943 54.1990 55.2997 55.5942 55.5585 55.5856 55.5493 62.3221 64.0189 64.9143 65.8886 66.9039 67.9068 68.6282 68.8550 68.7636 68.8663 79.1932 80.3932 81.7374 82.8911 84.2883 85.5746 86.7735 88.1180 89.2469 90.6807 91.4075 92.6092 92.8538 93.2818 93.4877 93.7131 94.0383 94.8647 95.0904 95.5848 95.7032 95.7090 95.7090 95.7090 95.7087 95.6860 95.5656 95.2166 94.5723 92.8042 91.8746 90.5418 89.1083
53.2166 54.2887 55.0598 56.4421 56.6674 56.6090 56.6812 56.8143 64.1044 65.1049 65.9703 66.9544 67.9795 69.0200 69.7689 69.9680 69.8740 69.9797 80.4651 81.6633 83.0208 84.3075 85.5340 86.8416 88.0037 89.4058 90.4140 91.8551 92.7340 93.0862 92.8917 93.4421 93.9921 94.6913 95.1665 96.2114 96.2775 96.8773 96.9285 96.9285 96.9285 96.9262 96.8349 96.4936 95.9215 94.5196 93.2553 91.6380 90.5858 89.1314
53.5645 54.6376 55.0348 56.0133 57.6625 57.7470 57.8895 58.0266 64.0771 65.1954 66.1968 67.0253 68.0261 69.0538 70.1391 70.9194 71.0771 71.0220 71.0883 71.1009 71.1471 84.2871 85.5678 86.7152 88.1151 89.2211 90.6425 91.7680 92.3694 92.6937 92.2503 93.0385 93.9514 94.9624 95.9232 96.3173 97.5965 97.9657 98.0776 98.0777 98.0777 98.0575 97.7287 97.2645 95.8892 94.6585 93.2827 91.9642 90.4440 89.0458
54.1816 55.3612 55.6028 55.9608 56.9727 58.9658 59.1001 59.2589 63.7773 65.1917 66.2833 67.2967 68.0734 69.1032 70.1227 71.2618 72.0805 72.1733 72.1773 72.1942 72.4741 73.7263 75.0386 86.8318 87.9989 89.3539 90.5008 91.2651 91.7095 91.6141 91.7795 92.7347 93.7668 94.8974 96.1701 97.2311 97.6981 98.8440 99.0625 99.0637 99.0637 98.8844 98.5047 97.6651 96.0964 94.6811 93.3980 92.0351 90.6889 89.2392
54.6111 55.8537 56.4271 56.6223 56.9233 57.9135 60.3289 60.5413 60.9060 65.2220 66.2625 67.3728 68.4064 69.1093 70.1881 71.1817 72.3884 73.2561 73.2494 73.4420 74.5855 74.6248 74.6417 74.6426 74.6639 74.7517 75.2403 77.4214 84.3924 89.1343 91.2665 92.5317 93.6802 94.9556 96.0887 97.4245 98.4511 99.2355 99.7312 99.7413 99.7413 99.5235 98.8844 97.4914 96.4107 94.8796 93.8588 92.1842 90.7881 89.3569
54.6998 55.8818 56.9717 57.5250 57.6703 57.8986 58.7969 61.7525 63.9390 65.2533 66.3003 67.3296 68.4628 69.5300 70.1255 71.2868 72.3025 73.5086 74.4541 75.1624 75.5311 75.6764 75.7035 75.7210 75.7165 75.7318 75.7731 76.0785 77.8389 85.9263 90.5150 92.4312 93.7223 94.8821 96.2120 97.3905 98.5964 99.4453 99.9091 99.9988 99.9988 99.7413 99.0637 97.8728 96.3928 95.1541 93.7661 92.5498 90.9560 89.5258
55.0348 56.2931 56.8868 58.1263 58.6440 58.7273 58.8805 59.5897 62.9828 65.1209 66.3545 67.3768 68.3921 69.5519 70.6741 71.2437 72.4061 73.4140 74.6189 75.5611 76.2848 76.6344 76.7672 76.7804 76.8017 76.7905 76.8060 76.8134 76.9549 78.0472 87.7368 92.0268 93.7274 94.9832 96.2663 97.5076 98.6017 99.4481 99.9160 99.9988 99.9988 99.7413 99.0637 97.9256 96.6923 95.2047 93.9020 92.5342 91.2565 89.7535
55.1707 56.4196 57.4187 57.8600 59.3212 59.7661 59.7876 59.8798 60.2893 64.2969 66.2951 67.4485 68.4529 69.4488 70.6378 71.8304 72.8306 73.5166 74.5246 75.7296 76.6654 77.4126 77.7359 77.8584 77.8547 77.8843 77.8633 77.8852 77.8713 77.8990 77.9140 89.9091 93.5059 94.9970 96.1449 97.4594 98.4710 99.2500 99.7406 99.7499 99.7499 99.5322 98.8853 97.9541 96.5149 95.0083 93.9278 92.6388 90.9588 89.5369
55.2013 56.4667 57.5002 58.5753 58.7776 60.5689 60.8802 60.8495 60.9134 60.8514 65.7403 67.4420 68.5374 69.5298 70.4983 71.7188 72.9352 73.9496 74.6274 75.6361 76.8412 77.7652 78.5482 78.8340 78.9512 78.9250 78.9701 78.9333 78.9719 78.9654 79.1139 79.3461 92.3036 94.8814 96.2376 97.3279 98.1815 98.8714 99.0886 99.0889 99.0819 98.9018 98.5213 97.7197 96.1846 95.1139 93.5713 92.1630 90.8712 89.4361
55.0242 56.2851 57.5766 58.5667 59.7808 60.8126 61.7221 61.9962 61.9076 62.0118 61.9680 67.2741 68.5413 69.6266 70.6090 71.5390 72.8021 74.0410 75.0717 75.7390 76.7485 77.9542 78.8580 79.6955 79.9258 80.0473 79.9894 80.0513 80.0046 80.1599 80.4163 80.5628 80.6434 95.0099 96.1215 96.9981 97.7252 98.0265 98.1367 98.1296 98.1205 98.0939 97.7559 97.2943 96.4139 94.8026 93.3984 92.1305 90.7904 89.3601
54.6741 55.8290 57.3976 58.6927 59.8224 60.8588 61.9077 62.8891 63.1133 63.0267 63.1289 66.6552 68.4138 69.6360 70.7164 71.6922 72.5672 73.8901 75.1471 76.1976 76.8479 77.8245 79.0756 79.9386 80.8604 81.0063 81.1401 81.0369 81.2028 81.4819 81.6140 81.6851 81.7628 81.8752 95.8139 96.5232 96.8640 96.9968 97.0419 97.0392 97.0169 96.9966 96.8895 96.5319 96.0156 94.6276 93.3960 92.0315 90.7873 89.3418
54.8826 56.1113 56.7943 58.7356 59.7918 60.9102 61.9329 62.9955 64.0748 64.2200 64.2128 64.2355 67.9846 69.5325 70.7281 71.8069 72.7824 73.5779 74.9995 76.2498 77.3294 78.3961 79.3830 80.1396 81.0095 82.0412 82.0597 82.2339 82.5430 82.6452 82.6992 82.7721 82.8880 82.8581 95.3518 95.7210 95.8750 95.9108 95.8985 95.9001 95.8802 95.8507 95.7858 95.6389 95.2728 94.6714 93.2652 92.0547 90.6994 89.2766
55.1398 56.4056 57.2033 57.6872 59.7932 60.5997 62.0406 62.9969 64.0724 65.2877 65.2999 65.4239 65.4572 69.3603 70.6178 71.8213 72.8970 73.8840 74.5610 76.1154 77.3464 78.4059 79.4853 80.4921 81.1859 82.0571 83.2483 83.5921 83.6602 83.6880 83.7376 83.8848 83.8505 83.5105 83.0849 94.7932 94.8366 94.8050 94.7915 94.7575 94.5874 94.6839 94.6502 94.1208 94.3302 93.9946 93.3326 91.9268 90.7756 89.3206
55.1910 56.4292 57.5201 58.3208 58.5236 58.8585 61.6952 63.1857 64.1965 65.3028 66.5173 66.5144 66.7064 67.2658 70.7152 71.6931 72.9175 73.9846 75.0049 75.5049 77.2591 78.4391 79.4782 80.5640 81.6044 82.2110 83.4128 84.3608 84.6322 84.6367 84.8129 84.8168 84.4055 84.0080 83.3349 93.8192 93.7940 93.7495 93.7367 93.6901 93.6161 93.4030 93.4778 92.3344 92.8344 93.0274 92.7068 91.9996 90.6932 89.2522
55.2263 56.4703 57.4987 58.6408 59.4786 59.5702 59.5776 62.5387 64.3666 65.4491 66.7362 67.7197 68.4182 68.3844 68.5010 71.6283 72.9097 73.9975 75.0684 76.1568 76.3897 78.4476 79.5209 80.5382 81.6397 82.7226 83.6278 84.4056 85.4126 85.5496 85.6860 85.2507 84.8698 84.1653 83.4854 82.7332 91.7545 92.6966 92.6864 92.6864 92.5879 92.4724 92.1877 92.1460 91.2879 91.5435 91.7276 91.4126 90.6744 89.1680
55.2057 56.4351 57.5599 58.5579 59.7650 60.6574 60.6451 60.7666 63.7642 65.5306 66.7462 67.8258 68.8367 69.5961 69.5719 69.7092 72.9543 73.9926 75.0766 76.1430 77.3587 78.4802 79.5110 80.5983 81.5826 82.6922 83.7620 84.6171 85.6010 86.0943 85.9003 85.6318 84.9026 84.2553 83.4760 82.8718 83.1005 90.1141 91.5758 91.5947 91.6257 91.4857 91.3253 91.0432 90.8595 90.1793 90.3140 90.4287 90.1143 88.6165
55.2295 56.4705 57.5006 58.6575 59.6268 60.8892 61.8592 61.8596 61.9970 64.9980 66.6652 67.8350 68.9116 69.9494 70.7820 70.9549 72.7671 74.0646 75.0792 76.2531 77.2462 78.4460 79.5594 80.5597 81.6734 82.5978 83.7022 84.7244 85.4867 85.7279 86.1465 85.5337 84.9397 84.2860 83.5916 82.8375 82.2917 83.1475 88.7302 90.4319 90.4696 90.2777 90.0919 90.1275 89.8613 89.5894 89.0312 89.0780 89.1368 87.6570
55.2182 56.4354 57.5623 58.5790 59.7820 60.8090 61.9939 63.0733 63.2190 63.2114 66.2488 67.7896 68.9191 69.9937 71.0558 71.9509 72.1388 74.0177 75.1579 76.1917 77.3662 78.4787 79.5035 80.6360 81.5900 82.7228 83.7918 84.6343 85.0906 85.5969 85.3961 85.5369 84.9332 84.2232 83.6214 82.9421 82.2184 81.7901 89.2476 88.2082 89.2981 89.0680 89.0437 88.9739 88.9250 88.6594 88.3329 87.8610 87.8431 86.4134
55.3354 56.5341 58.0499 59.0770 60.0632 60.9046 61.9954 63.0708 64.2861 64.2990 64.4258 67.5234 68.8982 70.0000 71.0724 72.1573 73.1273 73.3170 75.1293 76.2819 77.4015 78.4466 79.5584 80.5449 81.7037 82.7929 83.6828 84.2521 84.7845 84.8589 84.9624 84.8135 84.8351 84.2782 83.5087 82.9636 82.2933 81.6081 82.0028 87.5663 88.1419 88.0218 87.8995 87.7991 87.7935 87.7019 86.5333 86.9807 86.6553 85.2303
55.7092 56.9926 58.0450 59.1354 60.1591 61.1609 61.6245 63.1946 64.2988 65.5160 65.5400 65.7642 68.8127 69.9845 71.0804 72.1476 73.2518 74.3153 75.4228 76.4671 77.3955 78.5729 79.5197 80.6794 81.7816 82.7077 83.3654 83.9063 83.9677 84.2620 84.2260 84.3025 84.1944 84.1185 83.5748 82.8546 82.3061 81.6477 81.0843 81.8944 87.1079 86.9196 86.7570 86.6743 86.5594 86.5861 86.3637 85.1848 85.6376 84.1399
55.7555 57.0084 58.0714 59.1167 60.2233 61.2382 62.3161 62.5303 64.4242 65.5276 66.7445 67.7347 68.6946 69.8936 71.0724 72.1605 73.2192 74.3359 75.3854 76.5104 77.5598 78.6570 79.6353 80.7580 81.7036 82.4186 82.9693 82.9895 83.1447 83.5490 83.6336 83.5779 83.6424 83.5248 83.3363 82.8432 82.2062 81.6508 81.0143 80.5611 81.6421 85.7822 85.6203 85.4611 85.4014 85.2136 85.3254 85.0176 83.8312 82.5721
55.6842 56.9002 58.1036 59.1487 60.1853 61.3152 62.3044 63.5203 64.6085 65.6539 66.7663 67.8315 68.8152 69.0335 71.0810 72.1470 73.2425 74.2876 75.4244 76.4503 77.5997 78.6137 79.7263 80.7127 81.4544 81.9691 81.6899 82.1218 82.2522 82.9305 82.9383 82.9899 82.9503 82.9666 82.8170 82.6216 82.1612 81.5687 81.0000 80.3599 80.0038 81.1638 84.4191 84.2789 84.0830 84.1078 84.0204 84.0471 83.6704 82.1722
55.7500 57.0002 57.9982 59.2010 60.2245 61.2494 62.4150 63.4105 64.6121 65.6900 66.7666 67.8454 68.9205 70.0019 71.0726 72.1613 73.2197 74.3280 75.3505 76.5190 77.5025 78.6816 79.6927 80.5199 80.9941 80.7152 81.0980 80.9547 82.1000 82.2312 82.3138 82.3059 82.3140 82.2465 82.2833 82.1496 81.9468 81.5005 80.9116 80.2938 79.6326 79.3398 83.2251 83.0120 83.0871 82.9155 82.8825 82.7986 82.7598 81.2900
55.7170 56.9417 58.1050 59.1607 60.2921 61.3321 62.4547 63.5208 64.6125 65.6894 66.7677 67.8437 68.9235 69.9969 71.0810 72.1472 73.2435 74.2892 75.4189 76.4030 77.6181 78.6691 79.5614 80.0695 79.8664 80.2107 80.0574 81.2573 81.4854 81.5599 81.5516 81.6457 81.6633 81.6284 81.5649 81.6175 81.4970 81.2760 80.8081 80.1833 79.5286 78.8452 78.8990 81.9269 81.7753 81.8543 81.7033 81.6436 81.5597 80.1222
55.7611 57.0074 58.0908 59.2055 60.2642 61.3790 62.4569 63.5334 64.6121 65.6900 66.7666 67.8454 68.9205 70.0019 71.0726 72.1613 73.2198 74.3289 75.3524 76.5147 77.4307 76.8506 79.1629 79.2735 79.4125 79.3325 79.5594 80.7706 80.8096 80.7957 80.8364 80.8615 80.9679 80.9191 80.9647 80.9333 80.9416 80.8088 80.5468 80.0303 79.3833 78.6640 78.0006 78.2273 80.4488 80.5704 80.6040 80.4761 80.3982 78.9598
55.7335 56.9622 58.0905 59.1218 60.2877 61.3795 62.4562 63.5346 64.6125 65.6894 66.7677 67.8437 68.9235 69.9969 71.0810 72.1470 73.2419 74.2756 75.2978 75.3249 75.5603 77.9283 78.1835 78.4449 78.6797 78.8126 78.7410 80.0615 79.9245 80.0012 80.0125 80.1030 80.1648 80.2550 80.2486 80.2798 80.2367 80.2002 80.0327 79.7218 79.1520 78.4823 77.7198 77.0990 77.4001 79.0608 79.3113 79.3402 79.2350 77.7952
55.7548 56.9970 58.0273 59.1838 60.1774 61.3790 62.4571 63.5350 64.6121 65.6900 66.7666 67.8454 68.9205 70.0018 71.0719 72.1559 73.1831 74.0976 74.1439 74.7065 76.6139 76.8189 77.0646 77.4590 77.8003 78.0511 78.1450 78.1552 79.0908 79.1012 79.1719 79.2229 79.4816 79.4920 79.5442 79.5257 79.5120 79.4729 79.3905 79.1547 78.7999 78.2122 77.4947 76.7207 76.1680 76.4617 77.7293 78.0382 78.0707 76.6163
55.7324 56.9618 58.0863 59.0847 60.2877 61.3797 62.4575 63.5348 64.6125 65.6894 66.7677 67.8436 68.9232 69.9950 71.0696 72.0830 72.9309 73.1400 73.7598 75.3208 75.4311 75.6011 75.8872 76.2817 76.7447 77.0972 77.2982 77.2903 77.3683 78.1061 78.2138 78.3028 78.6666 78.7364 78.7181 78.6312 78.6836 78.5449 78.5884 78.4798 78.2140 77.7967 77.1980 76.4640 75.7015 75.1918 75.4554 76.4383 76.7584 75.3047
55.7549 56.9971 58.0286 59.1960 60.2867 61.2556 62.4574 63.5350 64.6121 65.6900 66.7665 67.8448 68.9168 69.9823 70.9796 71.7879 72.1182 72.7669 74.0543 74.1098 74.2599 74.3950 74.6331 74.9680 75.4261 76.4105 76.2943 76.3662 76.3411 76.4835 77.1177 77.2771 77.8341 77.8434 77.7759 77.7936 77.6759 77.6728 77.5508 77.6115 77.4809 77.1979 76.7521 76.1399 75.4004 74.6654 74.1945 74.4074 75.1721 73.7807
55.7339 56.9653 58.1087 59.1981 60.2010 61.3508 62.3224 62.3333 62.5647 65.6891 66.7664 67.8374 68.8942 69.8750 70.6584 71.0558 71.5047 72.8166 72.8379 72.9713 73.0492 73.2017 73.3640 73.6329 74.0049 74.5201 75.3632 75.3414 75.3650 75.3674 75.5618 76.1133 76.8830 76.8545 76.8499 76.7552 76.7064 76.6173 76.6691 76.5717 76.5777 76.4376 76.1369 75.6732 75.0633 74.3303 73.6208 73.1753 73.3360 72.2131
55.7434 55.8604 56.8806 57.9546 58.9772 60.0841 60.9803 61.1447 61.6367 64.2548 65.5065 66.5954 67.6454 68.6099 69.3765 69.8293 70.3510 71.4440 71.5982 71.7310 71.8258 71.9778 72.1561 72.4380 72.8384 73.3631 74.0771 74.1436 74.1782 74.2213 74.4430 74.9842 75.6493 75.7168 75.7117 75.6297 75.5586 75.4823 75.4897 75.4116 75.3814 75.2182 74.8991 74.4348 73.8214 73.1051 72.4123 71.9765 72.0205 72.0390
