#Value Function.
46.1755 46.2125 46.4207 46.6559 46.8365 46.9197 46.9444 46.9059 46.8588 46.8512 46.8769 46.9186 46.9657 47.0159 47.0704 47.1309 47.2031 47.2882 47.3858 47.4858 47.5741 47.6416 47.6815 47.7044 47.7114 47.7123 47.7062 47.7008 47.7078 47.7678 47.8266 47.8834 47.9240 47.9677 47.9959 48.0315 48.0505 48.0673 48.0775 48.0843 48.0741 48.0422 47.9277 47.6636 47.2408 46.6776 46.0192 45.3155 44.6556 44.5776
46.2401 47.1471 47.3278 47.5089 47.6553 47.7364 47.7725 47.7857 47.7915 47.8211 47.8665 47.9158 47.9659 48.0166 48.0709 48.1306 48.2027 48.2878 48.3868 48.4889 48.5785 48.6470 48.6853 48.7057 48.7103 48.7115 48.7051 48.6954 48.6966 48.7645 48.8185 48.8723 48.9052 48.9468 48.9667 49.0008 49.0128 49.0303 49.0301 49.0389 49.0294 49.0162 48.9113 48.6535 48.2330 47.6681 47.0074 46.2957 45.5626 44.5870
46.8904 47.8693 47.9890 48.1421 48.2724 48.3711 48.4561 48.5147 48.5557 48.6129 48.6725 48.7324 48.7862 48.8384 48.8891 48.9431 49.0018 49.0739 49.1589 49.2596 49.3612 49.4521 49.5218 49.5573 49.5751 49.5732 49.5640 49.5320 49.5008 49.5623 49.6282 49.6756 49.7309 49.7494 49.7925 49.8021 49.8331 49.8317 49.8545 49.8398 49.8482 49.7507 49.5031 49.0900 48.5232 47.8611 47.1490 46.4225 45.6903 44.7057
47.6307 48.6215 48.7157 48.8190 48.9342 49.0387 49.1385 49.2253 49.3148 49.3949 49.4740 49.5417 49.6034 49.6589 49.7115 49.7615 49.8154 49.8728 49.9428 50.0277 50.1305 50.2336 50.3225 50.3865 50.4109 50.4141 50.3919 50.3349 50.2921 50.3610 50.4192 50.4840 50.5178 50.5767 50.5833 50.6168 50.6100 50.6511 50.6303 50.6550 50.5737 50.3270 49.9220 49.3562 48.6968 47.9882 47.2700 46.5404 45.8185 44.8374
48.4077 49.4014 49.4779 49.5630 49.6519 49.7515 49.8574 49.9582 50.0635 50.1675 50.2613 50.3442 50.4141 50.4769 50.5321 50.5848 50.6338 50.6854 50.7419 50.8117 50.8937 50.9987 51.0985 51.1747 51.2003 51.2007 51.1830 51.1126 51.1035 51.1434 51.2132 51.2647 51.3285 51.3487 51.4010 51.3896 51.4256 51.3958 51.4414 51.3674 51.1297 50.7243 50.1633 49.5055 48.8096 48.1006 47.3766 46.6648 45.9488 44.9724
49.2146 50.2126 50.2669 50.3343 50.4110 50.5002 50.6004 50.7079 50.8173 50.9291 51.0376 51.1343 51.2183 51.2878 51.3508 51.4053 51.4558 51.5042 51.5531 51.6088 51.6765 51.7540 51.8510 51.9286 51.9592 51.9643 51.9323 51.8748 51.8971 51.9442 51.9814 52.0513 52.0958 52.1475 52.1510 52.1984 52.1593 52.2074 52.1406 51.9024 51.5043 50.9495 50.2916 49.6056 48.9048 48.1951 47.4936 46.7909 46.0807 45.1091
50.0405 51.0397 51.0808 51.1333 51.1973 51.2740 51.3635 51.4641 51.5723 51.6859 51.8013 51.9116 52.0086 52.0931 52.1614 52.2224 52.2765 52.3244 52.3705 52.4164 52.4669 52.5324 52.5961 52.6747 52.7038 52.7010 52.6879 52.6452 52.6766 52.7266 52.7767 52.8008 52.8729 52.8921 52.9382 52.9123 52.9582 52.8912 52.6529 52.2550 51.7005 51.0456 50.3659 49.6760 48.9872 48.2943 47.6094 46.9187 46.2122 45.2467
50.8799 51.8802 51.9107 51.9505 52.0016 52.0656 52.1424 52.2320 52.3331 52.4432 52.5581 52.6747 52.7864 52.8831 52.9657 53.0330 53.0916 53.1436 53.1887 53.2277 53.2691 53.3131 53.3669 53.4039 53.4380 53.4427 53.4237 53.4189 53.4446 53.4896 53.5455 53.5962 53.5916 53.6588 53.6448 53.6943 53.6249 53.3902 52.9861 52.4253 51.7677 51.0951 50.4101 49.7436 49.0716 48.4008 47.7287 47.0396 46.3436 45.3838
51.7280 52.7289 52.7522 52.7821 52.8213 52.8723 52.9363 53.0130 53.1029 53.2047 53.3156 53.4308 53.5483 53.6590 53.7556 53.8361 53.9003 53.9567 54.0017 54.0429 54.0764 54.1113 54.1445 54.1793 54.1933 54.2062 54.2132 54.2068 54.2167 54.2556 54.2993 54.3456 54.3788 54.3351 54.4029 54.3343 54.0988 53.7055 53.1341 52.4651 51.7993 51.1241 50.4666 49.8148 49.1675 48.5061 47.8370 47.1616 46.4719 45.5161
52.5803 53.5820 53.6014 53.6242 53.6538 53.6927 53.7435 53.8076 53.8843 53.9743 54.0765 54.1880 54.3035 54.4198 54.5293 54.6264 54.7020 54.7585 54.8116 54.8440 54.8803 54.9036 54.9323 54.9536 54.9689 54.9780 54.9923 54.9953 54.9997 55.0078 55.0457 55.0723 55.0958 55.1078 55.0243 54.7866 54.3927 53.8300 53.1525 52.4893 51.8109 51.1643 50.5220 49.8941 49.2529 48.6078 47.9552 47.2864 46.6022 45.6525
53.4323 54.4351 54.4550 54.4738 54.4963 54.5254 54.5640 54.6147 54.6790 54.7555 54.8457 54.9483 55.0581 55.1743 55.2892 55.3972 55.4887 55.5574 55.6078 55.6499 55.6706 55.6941 55.7069 55.7285 55.7384 55.7504 55.7583 55.7703 55.7734 55.7766 55.7764 55.8074 55.8056 55.7077 55.4605 55.0594 54.5003 53.8132 53.1767 52.4891 51.8479 51.2025 50.5857 49.9598 49.3357 48.7115 48.0635 47.4053 46.7013 45.7571
54.2764 55.2810 55.3090 55.3279 55.3462 55.3683 55.3971 55.4354 55.4859 55.5504 55.6266 55.7171 55.8179 55.9258 56.0433 56.1541 56.2568 56.3403 56.3950 56.4363 56.4647 56.4743 56.4820 56.4870 56.5054 56.5089 56.5227 56.5242 56.5357 56.5334 56.5428 56.5153 56.4029 56.1452 55.7287 55.1633 54.4548 53.8451 53.1663 52.5283 51.8713 51.2590 50.6351 50.0275 49.4275 48.8067 48.1815 47.5024 46.7559 45.8198
55.1000 56.1076 56.1566 56.1829 56.2007 56.2185 56.2403 56.2688 56.3067 56.3570 56.4218 56.4977 56.5863 56.6855 56.7908 56.9038 57.0082 57.1013 57.1707 57.2181 57.2410 57.2536 57.2557 57.2574 57.2562 57.2698 57.2703 57.2878 57.2797 57.2919 57.2597 57.1207 56.8409 56.4065 55.8309 55.0882 54.4925 53.7987 53.1920 52.5270 51.9201 51.2945 50.6866 50.0994 49.4946 48.9119 48.2680 47.5403 46.7966 45.8582
55.8833 56.8949 56.9858 57.0321 57.0567 57.0735 57.0909 57.1123 57.1405 57.1780 57.2280 57.2910 57.3668 57.4534 57.5487 57.6471 57.7538 57.8522 57.9311 57.9854 58.0160 58.0224 58.0253 58.0226 58.0227 58.0167 58.0350 58.0256 58.0458 58.0172 57.8784 57.5819 57.1310 56.5251 55.8194 55.1350 54.4183 53.8229 53.1636 52.5587 51.9314 51.3127 50.7202 50.1269 49.5744 48.9790 48.2965 47.5843 46.8212 45.8867
56.5985 57.6148 57.7769 57.8639 57.9074 57.9303 57.9463 57.9632 57.9843 58.0122 58.0492 58.0969 58.1602 58.2339 58.3163 58.4057 58.4945 58.5906 58.6752 58.7376 58.7748 58.7934 58.7887 58.7910 58.7787 58.7801 58.7811 58.7962 58.7746 58.6383 58.3384 57.8739 57.2556 56.5270 55.7958 55.0978 54.4291 53.7557 53.1729 52.5405 51.9393 51.3265 50.7292 50.1685 49.5939 48.9900 48.3220 47.5988 46.8181 45.8838
57.2139 58.2339 58.5010 58.6588 58.7418 58.7826 58.8039 58.8189 58.8356 58.8563 58.8839 58.9184 58.9657 59.0274 59.0967 59.1727 59.2546 59.3287 59.4128 59.4814 59.5270 59.5511 59.5621 59.5536 59.5510 59.5397 59.5584 59.5378 59.4076 59.1119 58.6424 58.0142 57.2769 56.4996 55.7750 55.0527 54.3714 53.7286 53.1024 52.5200 51.9115 51.3120 50.7276 50.1523 49.5840 48.9966 48.3364 47.6022 46.8201 45.8851
57.7043 58.7254 59.1234 59.3873 59.5406 59.6195 59.6576 59.6774 59.6915 59.7079 59.7283 59.7535 59.7875 59.8322 59.8904 59.9532 60.0205 60.0911 60.1475 60.2185 60.2705 60.3033 60.3170 60.3288 60.3160 60.3246 60.3074 60.1761 59.8872 59.4203 58.7895 58.0435 57.2436 56.4981 55.7286 55.0037 54.3042 53.6418 53.0356 52.4339 51.8523 51.2530 50.6813 50.1094 49.5435 48.9342 48.3004 47.5734 46.8038 45.8557
58.0615 59.0814 59.6156 60.0132 60.2739 60.4224 60.4970 60.5325 60.5509 60.5640 60.5803 60.5982 60.6231 60.6545 60.6944 60.7473 60.8012 60.8555 60.9136 60.9481 61.0072 61.0451 61.0687 61.0745 61.0847 61.0696 60.9452 60.6604 60.1980 59.5660 58.8210 58.0177 57.2514 56.4565 55.7083 54.9493 54.2318 53.5402 52.9049 52.3151 51.7277 51.1539 50.5481 49.9818 49.4254 48.8467 48.1767 47.5096 46.7599 45.8036
58.2945 59.3111 59.9701 60.5060 60.9034 61.1605 61.3040 61.3743 61.4073 61.4243 61.4364 61.4507 61.4680 61.4907 61.5173 61.5500 61.5960 61.6364 61.6753 61.7201 61.7388 61.7875 61.8071 61.8230 61.8183 61.7057 61.4308 60.9724 60.3458 59.6026 58.7971 58.0265 57.2206 56.4408 55.6513 54.9018 54.1534 53.4399 52.7652 52.1416 51.5580 50.9734 50.4030 49.7939 49.2303 48.6625 48.0556 47.3770 46.6757 45.7063
58.4259 59.4377 60.1967 60.8591 61.3967 61.7941 62.0473 62.1855 62.2514 62.2819 62.2977 62.3089 62.3208 62.3357 62.3566 62.3758 62.4013 62.4390 62.4630 62.4857 62.5168 62.5154 62.5509 62.5449 62.4384 62.1728 61.7267 61.1150 60.3819 59.5889 58.8009 58.0003 57.2115 56.4412 55.6671 54.8399 54.0868 53.3448 52.6393 51.9727 51.3531 50.7727 50.1870 49.6099 49.0082 48.4346 47.8454 47.2209 46.5367 45.5545
58.4891 59.4961 60.3186 61.0825 61.7482 62.2875 62.6854 62.9342 63.0669 63.1283 63.1563 63.1710 63.1792 63.1888 63.2013 63.2163 63.2328 63.2481 63.2765 63.2825 63.2955 63.3101 63.2813 63.1622 62.8973 62.4660 61.8728 61.1549 60.3658 59.5880 58.7999 58.0283 57.2627 56.4963 55.7013 54.8905 54.0235 53.2608 52.5302 51.8286 51.1655 50.5493 49.9611 49.3793 48.7920 48.1902 47.6012 46.9995 46.3627 45.3711
58.5168 59.5208 60.3728 61.1995 61.9684 62.6376 63.1786 63.5772 63.8213 63.9480 64.0048 64.0307 64.0423 64.0498 64.0568 64.0649 64.0735 64.0864 64.0880 64.1060 64.1007 64.0521 63.9177 63.6330 63.1968 62.6176 61.9142 61.1267 60.3806 59.5968 58.8329 58.0839 57.3319 56.5352 55.7271 54.8923 54.0538 53.2032 52.4409 51.7121 51.2007 50.6790 50.1112 49.4935 48.5857 47.9556 47.3422 46.7464 46.1371 45.1442
58.5299 59.5325 60.3950 61.2492 62.0802 62.8547 63.5271 64.0697 64.4699 64.7083 64.8291 64.8810 64.9052 64.9131 64.9182 64.9229 64.9290 64.9301 64.9366 64.9242 64.8646 64.7123 64.4179 63.9576 63.3719 62.6746 61.8987 61.1340 60.3748 59.6206 58.8896 58.1571 57.3722 56.5693 55.7349 54.8910 54.0548 53.2611 52.5819 52.0223 51.5000 50.9440 50.3269 49.6456 48.9060 48.1325 47.1427 46.4877 45.8821 44.9031
58.5384 59.5406 60.4057 61.2691 62.1253 62.9609 63.7413 64.4169 64.9608 65.3637 65.5953 65.7099 65.7568 65.7767 65.7833 65.7858 65.7873 65.7885 65.7726 65.7112 65.5506 65.2493 64.7664 64.1564 63.4493 62.6720 61.8841 61.1348 60.3847 59.6609 58.9366 58.1956 57.4007 56.5807 55.7358 54.8926 54.0793 53.3902 52.8402 52.3243 51.7763 51.1678 50.4900 49.7558 48.9823 48.2109 47.4640 46.7553 45.6770 44.7627
58.5450 59.5470 60.4137 61.2788 62.1429 63.0010 63.8412 64.6282 65.3067 65.8517 66.2588 66.4819 66.5888 66.6309 66.6441 66.6504 66.6462 66.6342 66.5761 66.4166 66.1124 65.6111 64.9928 64.2630 63.4723 62.6537 61.8729 61.1268 60.3943 59.6747 58.9605 58.2094 57.4091 56.5789 55.7369 54.9049 54.2063 53.6610 53.1543 52.6085 52.0036 51.3333 50.6026 49.8365 49.0666 48.3228 47.6177 46.9356 46.2511 45.2123
58.5500 59.5520 60.4200 61.2867 62.1516 63.0164 63.8760 64.7213 65.5156 66.1968 66.7411 67.1541 67.3636 67.4611 67.4921 67.5036 67.4942 67.4406 67.2877 66.9906 66.4789 65.8540 65.1146 64.3053 63.4696 62.6422 61.8453 61.1048 60.3820 59.6759 58.9546 58.2077 57.4084 56.5758 55.7354 55.0255 54.4898 53.9892 53.4457 52.8403 52.1709 51.4442 50.6819 49.9163 49.1768 48.4778 47.8061 47.1259 46.4131 45.4029
58.5534 59.5559 60.4248 61.2927 62.1591 63.0239 63.8890 64.7503 65.6007 66.4035 67.0854 67.6259 68.0412 68.2229 68.2938 68.3195 68.2956 68.1588 67.8765 67.3487 66.7260 65.9809 65.1640 64.3158 63.4603 62.6236 61.8109 61.0499 60.3298 59.6287 58.9196 58.1756 57.3839 56.5703 55.8475 55.3270 54.8294 54.2838 53.6782 53.0081 52.2800 51.5207 50.7582 50.0298 49.3382 48.6763 48.0017 47.2905 46.5386 45.5318
58.5509 59.5560 60.4290 61.2971 62.1641 63.0307 63.8942 64.7610 65.6237 66.4788 67.2879 67.9633 68.4885 68.8613 68.9661 69.0387 68.9651 68.7292 68.2167 67.6006 66.8532 66.0320 65.1802 64.3165 63.4530 62.6026 61.7762 60.9777 60.2482 59.5292 58.8234 58.1111 57.3345 56.6675 56.1799 55.6871 55.1352 54.5224 53.8519 53.1202 52.3597 51.6005 50.8803 50.1969 49.5456 48.8769 48.1681 47.4160 46.6291 45.6230
58.5247 59.5412 60.4302 61.3005 62.1676 63.0335 63.8991 64.7633 65.6323 66.4943 67.3492 68.1526 68.7710 69.2384 69.4078 69.5069 69.3991 69.0190 68.4393 67.7190 66.9002 66.0494 65.1845 64.3141 63.4493 62.5893 61.7459 60.9274 60.1442 59.4139 58.6951 57.9831 57.4906 57.0392 56.5524 55.9998 55.3775 54.7023 53.9665 53.2017 52.4423 51.7262 51.0519 50.4105 49.7500 49.0444 48.2927 47.5063 46.6864 45.6813
58.3914 59.4438 60.4245 61.3016 62.1688 63.0345 63.8992 64.7664 65.6315 66.4993 67.3543 68.1782 68.9030 69.4281 69.6299 69.6299 69.5522 69.1804 68.5525 67.7624 66.9174 66.0553 65.1844 64.3140 63.4444 62.5814 61.7281 60.8931 60.0909 59.3744 58.8024 58.3355 57.9070 57.4251 56.8741 56.2437 55.5650 54.8181 54.0492 53.2841 52.5693 51.9038 51.2746 50.6239 49.9200 49.1690 48.3829 47.5626 46.7169 45.7132
57.8875 58.9453 60.3699 61.3006 62.1686 63.0341 63.9002 64.7648 65.6344 66.4971 67.3593 68.1793 68.9131 69.4326 69.6611 69.6611 69.5568 69.2008 68.5531 67.7653 66.9189 66.0535 65.1838 64.3117 63.4414 62.5767 61.7244 60.9321 60.1988 59.6300 59.1805 58.7691 58.2964 57.7532 57.1151 56.4365 55.6791 54.8966 54.1248 53.4093 52.7504 52.1352 51.4937 50.7949 50.0435 49.2598 48.4389 47.5915 46.7319 45.7293
56.9239 57.8229 59.8902 61.2991 62.1672 63.0331 63.8982 64.7653 65.6318 66.5015 67.3420 68.1393 68.8490 69.3762 69.5830 69.5830 69.3902 69.0816 68.4968 67.7458 66.9117 66.0514 65.1814 64.3107 63.4430 62.5832 61.7609 61.0144 60.4206 59.9767 59.6074 59.1560 58.6275 57.9834 57.3135 56.5396 55.7394 54.9634 54.2316 53.5711 52.9801 52.3551 51.6637 50.9153 50.1359 49.3148 48.4661 47.6059 46.7380 45.7361
56.4927 57.3457 58.5648 60.8673 62.1636 63.0290 63.8958 64.7617 65.6310 66.4847 67.3125 68.0840 68.7352 69.1650 69.3666 69.3666 69.2690 68.8329 68.3436 67.6800 66.8927 66.0462 65.1797 64.3085 63.4461 62.5925 61.8092 61.1736 60.6670 60.3112 59.9228 59.4505 58.8175 58.1865 57.4038 56.5867 55.7935 55.0385 54.3433 53.7622 53.1725 52.5018 51.7769 51.0058 50.1880 49.3399 48.4799 47.6114 46.7401 45.7384
56.8360 57.7395 58.0732 59.2730 61.9014 63.0244 63.8907 64.7586 65.6163 66.4550 67.2596 67.9799 68.4985 68.8948 69.1070 69.1070 69.0349 68.6979 68.1259 67.5184 66.8177 66.0237 65.1731 64.3063 63.4445 62.6145 61.8699 61.2831 60.8574 60.4633 60.0813 59.5738 59.0096 58.2566 57.4331 56.6066 55.8211 55.0795 54.4637 53.8790 53.2456 52.5941 51.8440 51.0502 50.2091 49.3528 48.4846 47.6132 46.7400 45.7386
57.5786 58.5321 58.5344 58.7928 59.9316 63.0183 63.8850 64.7426 65.5837 66.3948 67.1402 67.7496 68.2832 68.6777 68.7950 68.7876 68.7538 68.4987 67.9938 67.3369 66.6680 65.9455 65.1461 64.3018 63.4500 62.6327 61.9091 61.3276 60.8645 60.4829 60.1103 59.6429 59.0184 58.2570 57.4335 56.6064 55.8212 55.1192 54.5000 53.8962 53.2980 52.6279 51.8893 51.0696 50.2224 49.3550 48.4858 47.6128 46.7403 45.7389
58.3690 59.3170 59.3759 59.3328 59.5090 60.5139 63.8676 64.7080 65.5192 66.2692 66.9202 67.5224 68.0380 68.3388 68.4112 68.4454 68.4065 68.2046 67.7847 67.1852 66.4928 65.8003 65.0661 64.2675 63.4354 62.6135 61.8698 61.2831 60.8574 60.4871 60.1079 59.6444 59.0175 58.2575 57.4332 56.6066 55.8211 55.1192 54.5000 53.9002 53.2798 52.6387 51.8828 51.0734 50.2201 49.3564 48.4850 47.6133 46.7400 45.7387
59.2448 60.2255 60.1348 60.2301 60.1351 60.2312 61.0347 64.6395 65.3901 66.0519 66.6683 67.2218 67.6257 67.8701 67.9803 67.9599 67.9019 67.7644 67.4323 66.9417 66.3176 65.6248 64.9241 64.1856 63.3979 62.5958 61.8485 61.2452 60.7503 60.3906 60.0205 59.5652 58.9421 58.2086 57.4229 56.5924 55.7937 55.0759 54.4217 53.8419 53.2420 52.5403 51.8456 51.0458 50.2113 49.3515 48.4840 47.6121 46.7402 45.7387
59.9812 60.9159 61.0966 60.9395 61.0989 60.9488 61.2314 61.4462 65.1763 65.7973 66.3578 66.7843 67.0979 67.2674 67.3292 67.3414 67.2566 67.1369 66.9439 66.5697 66.0629 65.4414 64.7522 64.0484 63.3123 62.5407 61.7879 61.0952 60.5497 60.1311 59.7636 59.3167 58.7883 58.1017 57.3559 56.5629 55.7575 54.9859 54.3290 53.6828 53.0933 52.4493 51.7289 50.9880 50.1772 49.3403 48.4788 47.6106 46.7392 45.7376
60.8949 61.8946 61.7059 61.9882 61.7207 62.0708 62.3204 62.2265 64.9204 65.4750 65.9077 66.2348 66.4282 66.5250 66.5762 66.5689 66.5680 66.4531 66.2858 66.0654 65.6863 65.1790 64.5635 63.8842 63.1795 62.4508 61.6941 60.9842 60.3435 59.8008 59.3733 58.9504 58.4731 57.9176 57.2345 56.4849 55.7090 54.9234 54.1821 53.5168 52.8749 52.2545 51.5918 50.8672 50.1127 49.3034 48.4649 47.6049 46.7372 45.7352
61.5327 62.4338 62.8002 62.4601 62.9090 63.1950 63.0925 62.7382 62.2725 65.0267 65.3523 65.5546 65.6715 65.7239 65.7404 65.7447 65.7395 65.7094 65.5883 65.4165 65.1806 64.8056 64.3040 63.7029 63.0295 62.3257 61.6046 60.8563 60.1619 59.5229 58.9792 58.5225 58.0897 57.6011 57.0314 56.3568 55.6150 54.8471 54.0769 53.3408 52.6703 52.0191 51.3853 50.7166 49.9930 49.2339 48.4266 47.5892 46.7308 45.7278
62.5701 63.6028 63.1616 63.7433 64.0647 63.9440 63.5789 63.1122 62.5701 61.9372 64.6767 64.7974 64.8558 64.8755 64.8848 64.8822 64.8847 64.8732 64.8321 64.7147 64.5442 64.3119 63.9528 63.4775 62.8824 62.2144 61.5126 60.7732 59.8486 59.1077 58.6522 58.1250 57.6584 57.2115 56.7189 56.1465 55.4773 54.7426 53.9805 53.2151 52.4831 51.8054 51.1532 50.5116 49.8378 49.1154 48.3550 47.5496 46.7134 45.7087
63.0575 63.8287 64.5803 64.9089 64.7628 64.3746 63.9246 63.3998 62.7670 62.1067 61.3478 63.9827 64.0041 64.0156 64.0148 64.0163 64.0148 64.0125 63.9993 63.9576 63.8466 63.6987 63.4831 63.2023 62.7355 62.1466 61.4142 60.6613 59.9655 59.2105 58.3869 57.7898 57.2601 56.7886 56.3338 55.8370 55.2621 54.5967 53.8681 53.1094 52.3484 51.6178 50.9371 50.2825 49.6353 48.9591 48.2376 47.4765 46.6726 45.6665
64.6260 65.4171 65.7340 65.5111 65.0976 64.6423 64.1668 63.5494 62.9368 62.1833 61.3808 60.9045 62.8688 63.1430 63.1440 63.1431 63.1440 63.1426 63.1423 63.1344 63.0975 63.0263 62.9547 62.8047 62.5852 62.1324 61.4596 60.8038 60.0801 59.2535 58.4170 57.5458 56.9288 56.3951 55.9185 55.4565 54.9548 54.3780 53.7158 52.9913 52.2362 51.4793 50.7510 50.0678 49.4108 48.7593 48.0807 47.3596 46.5982 45.5910
66.1111 66.5136 66.2049 65.7015 65.2427 64.7700 64.2554 63.7048 62.9920 62.2094 61.3901 60.5606 60.3391 61.8459 62.2231 62.2657 62.2698 62.2715 62.2737 62.2800 62.2933 62.3113 62.3504 62.4191 62.3402 62.1103 61.5258 60.8999 60.1035 59.2816 58.4134 57.5494 56.7028 56.0686 55.5300 55.0481 54.5794 54.0730 53.4945 52.8347 52.1141 51.3626 50.6096 49.8835 49.1985 48.5389 47.8834 47.2027 46.4816 45.4746
67.1021 66.8055 66.2887 65.7274 65.2520 64.7838 64.3097 63.7064 62.9949 62.2081 61.3909 60.5601 59.7935 59.6966 60.8789 61.3033 61.3834 61.4027 61.4137 61.4374 61.4875 61.5919 61.7609 61.8578 61.9802 61.9069 61.5709 60.8730 60.1196 59.2720 58.4191 57.5460 56.6798 55.8541 55.2092 54.6650 54.1775 53.7025 53.1915 52.6115 51.9538 51.2368 50.4890 49.7396 49.0155 48.3290 47.6668 47.0078 46.3249 45.3187
66.8685 66.8177 66.2390 65.7053 65.2432 64.7945 64.3033 63.7102 62.9926 62.2095 61.3901 60.5606 59.7324 59.0316 59.0030 59.9491 60.3872 60.5440 60.5739 60.6376 60.7719 60.9927 61.2146 61.4589 61.4750 61.5187 61.3747 60.8830 60.1016 59.2814 58.4134 57.5494 56.6750 55.8117 55.0021 54.3499 53.8000 53.3069 52.8258 52.3104 51.7289 51.0732 50.3596 49.6155 48.8695 48.1472 47.4593 46.7946 46.1323 45.1286
65.4785 66.1343 66.0542 65.5740 65.1077 64.7040 64.1981 63.6378 62.9510 62.1854 61.3883 60.5598 59.7259 58.9099 58.2698 58.2743 59.0444 59.7072 59.7794 59.9244 60.1620 60.4151 60.7244 60.9000 61.0020 60.9760 60.9215 60.6243 60.0466 59.2623 58.4178 57.5459 56.6767 55.8033 54.9449 54.1476 53.4906 52.9350 52.4363 51.9493 51.4297 50.8468 50.1927 49.4824 48.7419 47.9991 47.2784 46.5895 45.9223 44.9222
63.7966 64.6650 65.2662 65.2413 64.8500 64.4463 63.9840 63.4407 62.8417 62.1263 61.3555 60.5520 59.7231 58.8911 58.0927 57.5049 57.5210 58.9161 59.0647 59.3012 59.5715 59.8809 60.1216 60.2696 60.3194 60.3349 60.2536 60.1252 59.7623 59.1714 58.3894 57.5433 56.6731 55.8033 54.9320 54.0791 53.2912 52.6309 52.0700 51.5656 51.0730 50.5493 49.9650 49.3125 48.6052 47.8682 47.1286 46.4093 45.7194 44.7234
62.2365 62.9854 63.8293 64.4052 64.4066 64.0844 63.6569 63.1894 62.6188 62.0026 61.2889 60.5162 59.7121 58.8855 58.0579 57.2793 56.7351 56.8345 58.4337 58.7070 59.0088 59.2613 59.4265 59.5086 59.5568 59.5476 59.5177 59.4155 59.2496 58.8705 58.2788 57.5078 56.6667 55.7998 54.9301 54.0611 53.2137 52.4335 51.7709 51.2048 50.6948 50.1968 49.6692 49.0836 48.4324 47.7282 46.9945 46.2579 45.5400 44.5606
62.0601 62.1278 62.8534 63.3920 63.4218 63.1390 62.7107 62.2357 61.6623 61.0367 60.3219 59.5517 58.7486 57.9256 57.1068 56.3551 55.8632 56.0204 57.3050 57.6955 58.0039 58.2568 58.4282 58.5268 58.5888 58.5829 58.5320 58.4171 58.2284 57.8439 57.2543 56.4951 55.6607 54.7973 53.9289 53.0631 52.2218 51.4477 50.7829 50.2113 49.6951 49.1913 48.6597 48.0731 47.4236 46.7227 45.9937 45.2681 44.6219 44.5495
