#Value_Function_Estimate.
102.60  105.27  107.66  107.82  107.96  107.82  107.73  105.77  104.73  104.60  104.46  103.79  101.48  98.44   94.58   90.68   86.94   83.37   79.88   76.42   72.88   69.23   67.94   67.26   65.99   65.32   63.33   61.38   60.15   58.23   60.34   63.49   66.67   69.46   70.79   71.73   72.52   72.28   72.24   69.43   68.02   66.67   63.89   61.91   61.72   61.69   61.69   59.64   57.98   57.10  
103.57  107.69  110.20  112.88  112.66  112.90  110.49  109.24  109.19  109.08  108.60  106.13  103.04  98.88   94.70   90.69   86.95   83.37   79.89   76.39   73.37   72.38   71.92   70.42   70.06   67.87   65.77   64.74   62.71   60.49   60.30   63.56   66.58   69.59   72.46   73.61   74.56   75.51   72.05   71.06   70.07   66.86   64.79   62.86   62.10   64.10   61.71   59.95   59.27   58.41  
105.20  108.41  112.94  115.15  118.31  115.31  113.87  113.98  113.87  113.66  110.96  107.90  103.43  99.01   94.74   90.78   86.96   83.37   79.56   74.13   73.15   76.86   74.93   75.05   72.60   70.26   69.56   67.36   65.08   62.88   60.05   60.94   63.49   69.66   72.34   75.48   76.38   77.76   74.31   71.59   70.46   67.87   65.80   64.82   63.09   62.27   61.80   61.41   60.59   60.10  
106.20  110.30  113.22  118.39  120.63  116.03  118.96  118.77  118.96  115.89  112.97  108.18  103.59  99.12   95.01   90.93   86.93   81.72   77.31   73.34   73.69   77.08   80.36   77.49   74.75   74.59   72.11   69.80   67.67   64.15   61.16   61.86   64.48   69.59   72.42   73.25   79.08   75.49   76.03   73.60   71.07   69.12   68.03   65.75   64.52   63.74   63.50   62.71   62.39   61.47  
106.53  111.28  115.52  118.36  120.33  118.52  120.90  124.50  120.87  118.24  113.05  108.36  103.76  99.60   95.32   91.13   85.04   79.87   77.44   77.29   77.46   77.41   81.26   80.44   79.85   76.88   74.61   72.58   68.89   64.17   62.54   61.39   65.88   69.41   70.23   73.88   73.57   75.21   73.23   74.48   72.49   70.54   69.14   67.22   65.97   65.67   64.76   64.69   63.68   63.16  
106.44  111.59  116.42  121.14  121.69  120.41  124.04  127.01  123.72  117.98  113.27  108.55  104.41  100.00  95.61   91.18   84.55   82.48   82.76   82.41   82.20   82.11   82.06   82.89   81.59   79.41   77.54   73.81   68.22   62.98   60.22   62.31   66.23   67.15   70.02   70.68   72.20   72.08   72.17   71.49   73.67   72.83   71.06   69.32   68.16   66.73   66.98   65.85   65.58   63.99  
106.54  111.41  116.72  122.35  125.23  124.54  125.19  129.54  122.52  118.30  113.41  109.35  104.83  100.34  95.65   91.47   88.52   87.63   87.33   87.23   87.19   87.18   87.14   86.71   85.46   82.40   81.66   76.26   68.53   62.39   59.08   62.88   64.73   67.64   69.66   69.71   69.85   69.91   69.92   70.21   70.32   72.80   73.16   70.56   69.27   69.40   67.95   68.08   66.14   65.75  
107.38  111.42  114.94  119.80  129.67  129.74  129.50  129.92  122.82  118.33  114.42  109.75  105.21  100.32  95.96   92.91   92.33   92.21   92.19   92.17   92.18   92.14   92.01   91.53   89.52   86.88   82.45   76.78   68.91   62.15   59.26   60.26   64.01   70.46   72.45   73.02   73.59   73.68   73.77   73.70   73.77   73.42   73.62   72.58   71.44   69.37   70.66   68.18   68.31   66.00  
107.77  112.49  114.82  119.87  125.89  135.85  127.31  130.50  123.16  119.61  114.74  110.21  105.10  100.56  97.21   96.91   96.89   96.88   96.88   96.88   96.86   96.74   96.28   95.22   93.54   88.76   82.76   75.42   60.14   52.10   48.59   55.41   67.11   75.03   75.83   76.44   77.05   77.72   77.72   77.84   77.72   77.82   76.61   74.67   73.25   72.03   69.17   71.03   68.32   66.00  
107.87  112.82  118.05  119.77  119.44  125.59  124.96  130.21  125.83  119.76  115.32  109.96  105.29  101.18  101.10  101.10  101.11  101.10  101.10  101.09  101.01  100.56  99.49   97.93   94.59   88.86   81.90   65.88   41.17   20.44   33.09   53.66   68.84   76.84   79.41   79.92   80.57   81.22   81.99   81.85   82.06   81.83   81.51   76.99   76.27   74.14   71.72   69.56   68.33   66.00  
107.81  112.92  117.88  116.62  116.95  120.31  122.45  125.77  124.80  120.57  114.87  110.22  105.49  105.14  105.12  105.28  105.15  105.28  105.15  105.22  104.68  103.72  102.25  99.32   93.98   86.74   77.34   69.18   42.16   14.69   29.46   55.75   67.86   75.31   81.36   83.82   84.06   84.80   85.45   86.36   86.01   86.17   83.65   80.66   78.47   76.07   74.09   71.32   68.30   65.81  
107.84  112.52  115.30  114.39  119.56  123.77  126.40  123.80  120.99  119.31  115.27  109.95  109.23  109.75  109.99  109.90  110.07  109.91  110.03  109.44  108.47  107.14  104.22  99.92   92.65   85.15   79.47   75.31   55.94   41.07   46.55   69.63   68.33   75.70   80.48   85.88   88.32   88.18   89.08   89.67   90.82   88.00   84.82   82.84   80.37   78.63   75.90   72.89   69.93   67.00  
107.24  109.91  110.07  114.05  116.79  119.55  123.89  125.35  119.70  116.13  113.99  110.89  112.91  115.14  115.30  115.54  115.37  115.61  114.95  113.96  112.81  109.69  106.34  98.37   92.11   92.06   88.94   80.01   75.47   69.90   64.17   68.28   78.67   77.04   79.65   85.38   90.46   92.89   91.64   93.53   92.30   88.91   87.25   84.63   83.19   80.41   77.45   74.56   71.47   67.89  
104.69  105.49  108.89  111.77  114.65  118.44  120.02  119.60  119.56  114.83  112.28  114.44  116.85  118.84  121.34  121.15  121.58  120.84  119.70  118.90  115.83  112.27  109.46  105.36  104.87  102.20  92.71   89.70   86.28   90.27   84.52   83.22   89.00   85.48   87.97   87.95   91.04   94.88   97.68   96.81   93.36   91.75   88.78   87.81   84.89   81.92   79.16   76.19   72.09   68.80  
100.84  103.87  106.81  109.75  113.15  114.80  114.69  114.94  114.64  114.05  115.76  118.12  120.38  122.96  124.77  127.00  124.90  125.97  124.97  123.29  121.25  122.45  119.33  119.02  113.25  106.64  100.24  95.56   96.77   101.90  101.38  93.94   90.01   95.61   92.38   91.82   93.28   98.51   102.52  100.19  98.04   93.61   92.50   89.36   86.35   83.67   80.96   76.54   72.72   70.03  
98.97   101.92  104.88  108.00  109.68  109.81  109.98  110.00  113.09  116.46  119.49  121.55  124.11  126.40  129.15  130.80  131.59  132.96  132.02  127.78  131.49  132.68  133.36  125.50  120.29  116.48  105.74  104.11  105.22  108.41  108.06  106.75  97.67   104.17  99.25   101.33  101.86  103.72  104.80  103.38  99.07   99.33   95.65   90.87   88.13   85.74   81.06   76.98   73.71   71.37  
97.10   100.06  102.97  104.67  104.98  105.14  105.99  109.88  114.78  119.39  122.39  125.50  127.47  130.26  132.45  135.52  138.80  142.18  138.34  139.51  141.72  141.79  135.80  130.44  133.72  122.09  116.61  111.22  108.10  110.53  113.50  112.74  107.37  111.24  104.91  108.79  109.25  109.45  109.00  105.65  101.51  97.14   97.13   94.26   90.61   85.52   81.39   77.50   74.99   72.69  
95.29   98.06   99.76   100.24  101.24  104.72  108.70  112.20  116.11  121.04  125.61  128.29  131.74  133.51  136.58  140.35  144.76  146.02  148.87  148.56  148.12  143.73  144.06  145.11  132.79  128.48  118.92  113.57  108.55  111.69  115.42  118.69  118.28  119.32  116.17  113.98  114.19  114.33  110.51  106.12  101.62  97.31   93.30   92.41   89.62   85.91   81.21   78.69   76.33   73.91  
93.26   95.00   96.93   100.32  103.72  107.40  110.96  115.19  118.60  122.23  127.17  131.90  134.28  138.26  141.14  146.20  148.51  151.29  152.17  155.04  151.66  154.84  150.50  138.36  137.40  127.72  120.37  113.76  109.95  113.43  116.35  120.25  124.40  124.71  121.17  116.51  117.60  115.58  110.90  106.12  101.66  97.32   93.26   89.73   87.84   85.03   82.40   80.06   77.57   74.96  
92.77   95.87   99.36   102.90  106.43  109.92  113.81  117.36  121.90  125.01  128.44  133.30  138.43  141.67  147.00  148.57  153.07  155.58  157.94  158.17  161.62  159.31  143.81  141.67  134.69  128.77  119.31  114.30  112.01  114.82  118.46  120.93  125.21  130.75  124.54  123.67  120.05  115.62  110.83  106.18  101.66  97.55   94.01   90.93   88.38   86.10   83.81   81.32   78.63   75.81  
96.00   98.72   101.72  105.37  109.05  112.71  116.28  120.51  123.91  128.86  133.11  137.59  142.31  147.77  151.31  153.73  155.20  160.20  162.54  164.20  165.35  155.35  148.03  140.59  135.18  126.50  120.25  114.19  113.35  117.07  119.79  123.54  126.57  134.14  133.34  125.40  119.89  115.68  110.93  106.18  102.14  98.76   95.41   92.31   89.77   87.54   85.11   82.40   79.47   76.60  
98.46   102.18  104.60  107.66  111.55  115.35  119.19  122.75  127.39  132.46  136.89  140.22  147.83  150.80  154.94  158.00  160.64  162.10  167.25  169.33  156.80  152.26  146.04  140.99  133.83  126.31  119.88  114.28  113.71  118.42  122.37  124.68  131.00  135.24  134.33  125.71  120.32  115.79  110.89  106.97  103.95  100.54  96.86   93.70   91.25   88.86   86.20   83.22   80.27   77.36  
100.29  104.65  108.35  110.53  113.75  117.91  121.66  125.82  131.69  137.84  139.48  145.84  150.54  156.24  157.67  161.92  165.31  167.71  170.97  162.52  156.33  147.97  143.44  139.26  133.33  125.43  119.31  114.18  114.89  118.51  123.73  127.83  134.98  134.20  130.53  125.93  120.66  115.70  111.83  109.29  106.08  102.07  98.26   95.24   92.60   89.99   86.99   84.03   81.03   78.19  
101.87  106.46  110.76  114.66  116.57  119.98  124.48  129.76  135.51  140.26  144.67  148.66  152.41  157.11  163.86  163.87  171.28  175.31  162.10  159.79  152.97  146.82  140.57  136.69  130.69  124.53  118.54  113.72  115.97  119.86  123.45  129.11  130.76  134.48  129.03  123.49  121.15  116.84  113.28  111.64  107.62  103.46  99.87   96.60   93.76   90.74   87.84   84.78   81.88   79.03  
103.39  108.06  112.56  116.94  121.19  122.67  128.39  133.56  137.73  142.14  146.79  151.11  155.16  158.91  164.29  171.79  174.29  165.01  164.03  155.17  149.71  144.19  139.38  134.39  130.31  125.22  118.97  114.15  117.62  120.75  125.10  127.71  128.78  132.25  126.38  122.84  121.30  118.24  115.76  112.44  108.90  105.16  101.23  97.82   94.44   91.63   88.56   85.66   82.71   80.02  
104.43  109.67  114.16  118.73  123.24  128.00  131.97  136.53  140.05  144.37  148.59  153.26  157.62  162.01  165.74  173.22  166.18  164.63  157.51  155.61  146.87  140.79  137.12  132.48  128.27  124.41  119.26  116.05  118.69  122.68  125.63  125.11  128.17  130.36  131.16  127.79  123.07  120.74  115.93  114.77  110.57  106.37  102.54  98.37   95.40   92.31   89.49   86.47   83.71   81.17  
105.24  110.70  115.89  120.30  125.04  129.63  134.39  138.01  143.21  146.55  150.96  154.96  159.86  164.32  170.77  172.85  165.86  159.25  157.00  152.46  145.47  140.83  135.34  131.00  126.32  122.29  118.59  117.12  121.06  123.50  123.86  124.25  128.83  131.96  136.74  132.18  128.22  121.91  119.42  115.51  112.02  108.17  102.65  99.47   96.01   93.30   90.26   87.50   84.86   82.53  
105.84  111.53  116.87  122.18  126.55  131.52  135.91  140.72  144.19  150.20  152.90  157.53  161.35  166.84  168.16  170.08  163.09  156.57  151.64  149.90  143.88  139.53  135.06  129.66  124.85  120.41  116.67  116.70  122.16  123.45  124.10  127.32  135.02  134.25  138.42  133.78  129.14  125.05  122.57  118.45  114.01  109.62  105.28  99.93   97.11   94.02   91.32   88.64   86.30   83.72  
106.61  112.11  117.74  123.06  128.65  132.90  137.96  142.03  147.41  150.49  157.39  159.04  164.42  166.18  168.19  168.51  162.14  154.53  149.36  146.07  143.43  138.32  133.59  128.91  123.78  119.15  114.94  116.91  119.39  124.36  125.20  134.02  131.03  132.07  139.30  133.53  128.68  125.76  123.47  121.79  116.50  111.95  105.73  101.30  97.77   95.13   92.44   90.19   87.43   85.15  
107.41  112.92  118.25  123.99  129.36  135.35  139.13  144.39  148.31  154.53  156.57  164.85  160.56  166.23  167.80  167.05  160.03  153.34  147.55  144.19  142.73  137.40  132.37  127.70  123.11  118.23  115.29  116.91  121.72  123.99  131.49  128.55  128.67  134.10  138.94  133.36  128.18  123.57  120.51  118.66  118.97  113.47  107.41  101.96  100.45  96.07   94.11   91.22   88.95   86.48  
108.47  113.69  119.12  124.40  130.41  135.75  142.11  145.17  151.18  154.69  161.94  158.80  160.44  163.40  164.93  166.63  159.48  152.24  146.58  142.42  140.15  135.61  131.44  126.63  122.05  117.54  115.42  119.72  123.65  129.99  127.23  126.64  131.74  135.32  137.37  133.12  128.00  122.88  118.39  115.21  114.30  114.81  109.19  105.71  99.95   97.94   94.58   92.85   90.28   87.80  
109.44  114.84  119.85  125.38  130.64  137.03  142.03  148.98  151.22  158.43  156.13  155.19  159.17  161.75  164.59  163.20  156.38  151.23  145.11  139.23  138.17  134.78  129.77  125.52  120.88  116.40  118.56  120.81  127.74  128.16  124.39  126.54  132.20  137.59  137.57  131.26  127.51  122.60  118.14  113.71  109.97  109.93  109.18  106.82  103.75  99.17   97.09   93.62   91.64   88.86  
111.01  115.71  121.12  126.00  131.79  136.97  143.73  148.11  156.34  152.84  156.93  156.34  155.90  158.84  160.98  158.56  151.44  145.30  142.14  136.34  135.63  130.52  128.13  123.66  119.42  116.51  119.87  125.47  125.27  123.04  122.41  126.72  131.95  137.86  136.25  132.44  127.62  123.52  119.24  114.53  110.21  105.51  106.02  107.00  105.57  101.53  99.18   95.46   92.73   90.43  
111.72  117.55  121.81  127.46  132.23  138.41  143.22  150.54  150.25  150.54  156.49  156.85  150.90  155.34  155.90  155.36  147.84  141.07  137.20  133.04  132.73  129.43  124.33  121.11  117.34  118.46  124.43  124.81  122.88  119.52  121.49  126.30  130.10  136.81  135.00  133.19  128.98  124.85  119.88  115.77  110.88  106.51  102.60  103.72  105.36  106.35  100.13  96.55   95.06   91.17  
113.05  118.02  124.05  127.84  134.01  138.51  145.16  148.62  149.79  149.28  153.15  156.30  150.03  151.19  152.14  149.45  145.38  140.12  134.11  130.07  126.64  125.99  121.18  116.70  116.24  120.78  123.14  120.12  122.63  117.26  120.89  124.52  128.35  133.98  131.36  134.53  130.61  125.13  121.41  116.24  112.00  107.37  101.88  101.04  101.46  104.49  103.88  99.67   95.10   93.00  
114.99  119.42  124.13  130.69  133.83  140.85  142.30  146.51  149.01  146.31  152.05  155.16  150.13  145.95  143.94  144.07  139.34  137.25  133.53  128.66  124.80  121.06  116.71  114.83  117.35  117.08  117.36  117.43  120.07  116.51  119.35  123.03  126.62  129.13  128.93  130.89  130.27  127.20  121.51  117.55  112.95  107.33  102.16  97.76   99.84   99.97   103.32  99.25   96.96   94.39  
116.93  121.46  125.67  130.16  137.67  137.01  139.64  141.73  145.26  144.47  149.08  152.00  146.38  141.26  138.29  139.14  133.87  131.26  129.23  126.83  123.02  117.75  116.26  113.43  114.38  117.33  114.64  114.77  118.10  114.19  117.91  121.20  124.67  125.49  125.82  130.44  127.77  126.65  123.16  118.55  112.72  107.69  102.44  97.60   96.28   98.70   99.96   101.09  98.16   96.46  
117.62  123.66  127.79  133.19  132.90  133.14  135.24  137.30  141.67  141.01  147.12  143.88  141.42  137.65  133.22  134.27  129.42  126.67  124.13  122.09  120.04  117.13  113.02  110.67  114.13  114.91  113.31  112.57  116.97  112.69  116.13  119.45  122.62  125.35  124.81  127.22  124.75  124.15  124.18  118.11  113.17  107.88  103.43  97.82   94.64   95.99   97.03   98.16   100.71  96.27  
117.24  124.33  130.36  129.36  127.28  128.89  130.97  133.55  136.41  140.31  142.82  139.36  136.69  133.63  130.66  130.80  126.06  122.61  120.26  117.90  115.87  113.78  110.88  109.15  114.31  115.78  112.62  112.84  117.69  111.48  114.33  117.46  121.34  124.26  121.87  124.44  122.82  119.34  119.88  118.69  113.20  109.18  103.46  99.11   93.31   93.17   94.38   96.45   96.27   96.25  
117.68  123.30  124.59  123.90  122.89  124.68  127.45  131.64  134.39  140.22  135.81  133.61  131.65  128.67  127.92  125.54  123.67  119.57  116.25  113.98  111.75  109.75  107.64  109.75  111.40  110.99  110.83  113.12  116.72  110.63  112.49  116.13  118.97  121.19  118.97  121.04  119.71  116.10  115.67  116.14  114.94  108.82  105.18  99.17   94.31   90.62   92.36   92.46   92.57   92.43  
115.84  114.72  117.12  117.91  118.33  121.13  125.63  131.45  133.96  132.78  131.65  129.09  126.07  125.63  128.18  122.41  118.50  116.87  113.20  110.03  107.76  105.61  105.37  106.99  106.83  107.12  107.42  110.24  113.66  109.69  111.14  113.90  116.05  117.43  116.13  118.39  115.23  113.91  112.35  112.07  113.58  111.18  104.83  100.60  94.18   88.76   88.61   88.70   88.63   88.70  
108.29  110.12  111.18  111.93  114.72  120.13  126.12  127.41  126.22  126.78  125.84  124.56  121.72  123.09  126.32  120.98  116.05  112.33  110.25  106.85  103.78  101.62  102.64  102.80  102.96  102.84  104.17  108.48  109.84  106.33  109.02  111.12  112.68  115.32  113.38  114.21  112.09  109.80  108.33  107.98  107.69  107.81  106.81  100.18  94.71   88.39   84.77   84.73   84.78   84.73  
103.02  104.20  105.28  108.15  113.96  121.29  122.68  119.73  120.11  119.30  119.54  118.68  117.23  120.57  124.04  117.81  114.25  109.58  105.96  103.57  100.35  98.33   98.65   98.77   98.88   99.22   101.77  106.29  107.46  103.99  106.25  107.96  110.57  114.73  112.30  112.62  108.25  106.58  104.39  102.88  102.05  102.50  105.21  100.94  94.50   88.51   82.85   80.86   80.74   80.77  
97.09   98.54   101.69  107.92  115.53  117.69  114.76  115.08  112.90  112.87  112.26  112.29  114.44  118.25  116.12  116.22  111.10  107.29  102.81  99.32   96.84   94.51   94.63   94.61   94.78   96.74   100.54  102.38  102.88  101.36  103.10  105.60  108.60  112.70  111.77  110.68  107.00  103.20  101.23  99.55   97.80   97.26   98.47   100.63  94.75   88.38   82.44   77.76   76.75   76.66  
92.02   95.56   101.39  108.27  114.77  111.51  110.30  107.96  107.70  105.99  105.71  107.63  113.91  111.73  110.50  108.96  108.31  103.91  100.03  95.90   92.72   90.79   90.53   90.73   91.54   93.94   95.89   97.48   97.16   98.05   100.47  103.39  107.91  111.98  110.72  107.04  104.62  101.60  98.15   96.06   93.81   93.04   93.90   93.43   93.69   88.42   82.24   76.63   73.18   72.58  
89.98   95.35   101.40  107.09  107.49  106.28  104.70  103.32  101.36  100.74  100.83  105.76  107.13  105.07  104.09  102.89  101.48  100.34  96.43   92.77   89.26   86.89   86.66   87.34   88.82   90.66   92.22   92.24   93.01   95.20   98.14   102.18  104.81  107.22  106.40  104.94  101.69  99.16   96.19   92.99   90.78   88.89   89.71   90.06   88.86   87.21   82.04   76.00   71.09   68.79  
89.87   95.13   100.09  101.01  100.76  100.92  99.81   98.34   96.90   95.18   97.93   99.35   98.71   99.27   97.63   96.56   95.37   94.02   92.59   89.20   86.03   83.42   83.23   84.61   86.28   87.66   87.86   88.25   89.99   92.83   96.56   99.42   103.67  103.87  101.83  100.81  99.21   96.25   93.65   90.73   87.71   85.47   84.29   84.62   86.60   86.05   81.80   77.20   70.23   65.98  
89.55   93.84   95.05   94.97   95.12   94.96   94.94   93.92   92.53   91.07   92.00   91.72   92.08   91.71   91.88   90.51   89.40   88.23   86.95   85.50   82.78   80.30   80.34   81.90   83.16   83.47   83.78   85.00   87.57   91.06   94.07   97.72   98.33   98.21   98.12   96.43   95.28   93.58   90.82   88.18   85.31   82.42   80.18   80.39   80.10   82.12   78.57   74.79   70.53   64.57  
88.30   89.63   89.71   89.80   89.72   89.80   89.69   89.54   88.58   87.24   85.95   85.63   85.37   85.54   85.31   85.22   84.02   82.94   81.83   80.75   79.56   77.51   77.47   78.65   79.04   79.29   80.15   82.43   85.68   88.73   91.96   92.83   92.81   92.88   92.79   92.52   91.07   89.83   88.06   85.43   82.79   79.96   77.15   75.01   75.79   75.36   75.60   72.25   68.47   64.25  
84.70   84.90   84.97   84.92   84.97   84.92   84.97   84.87   84.63   83.71   82.43   81.11   80.16   79.77   79.75   79.52   79.25   78.22   77.29   76.40   75.67   74.75   74.13   74.57   74.80   75.43   77.40   80.41   83.42   86.34   87.37   87.46   87.50   87.47   87.50   87.41   87.03   85.73   84.43   82.61   80.07   77.43   74.65   71.91   69.93   70.01   69.69   69.41   66.24   62.31  
