#Value Function.
9.0428  9.0869  9.8465  10.5314 10.6759 10.4946 10.1997 9.9956  9.8177  9.7338  9.7049  9.6903  10.4200 10.7616 10.8346 10.8580 10.8173 10.7991 10.7792 10.7139 7.2347  6.4990  6.4938  6.6135  6.6853  6.7275  6.7360  6.7569  6.7623  6.7687  6.7853  7.7039  7.9035  7.9234  7.9229  7.9317  8.1703  8.2229  8.2277  8.2284  8.2244  8.2082  8.1620  8.0913  7.8583  7.8090  7.8023  7.7800  7.7260  7.7072 
8.7454  9.1730  10.0421 10.6522 10.6517 10.3817 10.0984 9.9426  9.8087  9.7666  9.7632  9.7521  10.6685 10.8899 10.9083 10.9187 10.8697 10.8580 10.8410 10.7673 6.4359  6.4768  6.5735  6.7152  6.7734  6.8102  6.8073  6.8326  6.8337  6.8410  6.8603  8.0118  8.0087  8.0085  8.0051  8.0165  8.3112  8.3111  8.3093  8.3097  8.3044  8.2850  8.2310  8.1537  7.8757  7.8760  7.8747  7.8476  7.7857  7.7219 
8.2894  8.6520  9.2350  10.1344 10.6802 10.5624 10.1997 9.9957  9.8648  9.8175  9.8051  9.8329  9.9859  10.8666 10.9521 10.9563 10.9592 10.9098 10.8541 10.6439 6.4640  6.5049  6.5412  6.6480  6.8087  6.8429  6.8851  6.8687  6.9027  6.9081  6.9307  8.0796  8.0873  8.0813  8.0886  8.1598  8.3975  8.3895  8.3913  8.3866  8.3710  8.3139  8.2355  8.1319  7.9531  7.9467  7.9488  7.9145  7.8437  7.7732 
7.9095  8.2356  8.6674  9.2073  10.1463 10.5805 10.2606 9.9831  9.8890  9.8247  9.8560  10.0732 9.9896  10.7557 10.9068 10.9848 10.9447 10.9129 10.8018 9.9708  6.5113  6.5267  6.5768  6.6026  6.7191  6.9054  6.9008  6.9605  6.9134  6.9694  7.0984  8.1366  8.1479  8.1565  8.2060  8.4897  8.4832  8.4736  8.4686  8.4590  8.3975  8.3169  8.2220  8.0321  8.0181  8.0290  7.9922  7.9290  7.8557  7.7837 
7.4563  7.7422  8.2289  8.5825  8.9342  9.9245  10.1895 9.8708  9.7256  9.8419  10.1876 9.9322  10.3304 10.8220 10.7200 10.8974 10.9324 10.9012 10.3876 7.1702  6.6295  6.5601  6.5940  6.6481  6.6541  6.7881  7.0016  6.9365  7.0256  6.9713  8.2001  8.0489  8.2210  8.2277  8.5827  8.5702  8.5631  8.5610  8.5494  8.4816  8.3966  8.3164  8.1169  8.0873  8.1127  8.0712  8.0049  7.9244  7.8573  7.7848 
7.0210  7.2640  7.7104  8.0935  8.2172  8.3212  9.5388  9.7138  9.5115  9.5945  9.8377  10.3322 10.6557 10.5696 10.8091 10.8653 10.9027 10.6046 8.7489  8.4756  6.9953  6.6293  6.6176  6.6583  6.7211  6.6926  6.8392  7.0929  6.9228  7.2710  8.0170  8.2856  8.2784  8.2695  8.6515  8.6363  8.6392  8.6367  8.5658  8.4753  8.4009  8.3192  8.1695  8.2014  8.1513  8.0813  8.0014  7.9316  7.8559  7.7842 
6.6124  6.8516  7.1617  7.4742  7.6592  7.6228  7.6526  9.2965  9.4234  9.3591  9.6012  9.8674  10.4240 10.6940 10.7099 10.8115 10.7161 9.2616  9.0909  8.7096  8.6501  6.7415  6.6862  6.6755  6.7183  6.7803  6.7681  6.8442  7.1676  8.0836  8.3459  8.2824  8.3953  8.6742  8.6861  8.7051  8.7234  8.6446  8.5658  8.4883  8.3999  8.3144  8.2947  8.2318  8.1582  8.0793  8.0074  7.9314  7.8605  7.7883 
6.3853  6.6466  6.7900  7.0055  7.1367  7.1346  7.0897  7.0612  9.3829  9.2646  9.3277  9.6593  9.8468  10.4468 10.5900 10.5551 10.4689 10.2108 8.9421  9.1777  8.6576  6.8562  6.8004  6.7365  6.7264  6.7608  6.8058  7.0035  8.1263  8.3316  8.2112  8.3435  8.7066  8.7192  8.7483  8.8051  8.7162  8.6540  8.5732  8.4913  8.4062  8.3818  8.3120  8.2357  8.1577  8.0836  8.0076  7.9354  7.8617  7.7901 
6.2189  6.5049  6.6019  6.7004  6.7771  6.8165  6.8143  6.7602  6.7138  9.2564  9.2688  9.3444  9.6931  9.6384  10.3084 10.1838 10.1750 9.2085  9.3380  8.7533  7.9814  6.8668  6.9387  6.8516  6.7743  6.7490  6.8782  7.3862  8.0527  7.9749  8.2065  8.4609  8.7006  8.7411  8.8672  8.7598  8.7429  8.6586  8.5813  8.5386  8.4704  8.3923  8.3139  8.2361  8.1603  8.0843  8.0107  7.9367  7.8647  7.8026 
6.1570  6.4659  6.5327  6.5777  6.6375  6.6464  6.7009  6.6943  6.7112  6.7031  9.2966  9.2834  9.2610  9.5551  9.6657  9.7271  9.5480  9.3467  8.7737  8.0842  6.9606  7.0361  6.9018  6.7922  6.7257  6.7292  7.3092  7.5620  7.5837  7.8587  8.1830  8.6108  8.6751  8.8880  8.7985  8.8200  8.7284  8.6740  8.6204  8.5527  8.4724  8.3927  8.3150  8.2377  8.1612  8.9344  9.3131  8.2177  7.9261  7.9079 
6.1347  6.4633  6.5191  6.5803  6.5977  6.6353  6.6358  6.6319  6.7406  6.7569  6.8111  9.3047  9.1470  8.8869  8.9896  8.9781  8.9333  8.5848  8.0238  7.5097  7.1379  6.9600  6.8316  6.7379  6.6881  6.8041  7.1288  7.2184  7.4108  7.7575  8.2519  8.8623  8.8561  8.8033  8.8715  8.7962  8.7621  8.6967  8.6322  8.5524  8.4744  8.3946  8.3158  8.2388  9.0690  9.5268  9.0384  9.0666  8.3038  8.3139 
6.1085  6.4400  6.4987  6.5251  6.5509  6.5483  6.5138  6.6163  6.7018  6.8243  6.8686  6.9907  9.1072  8.5906  8.2565  8.2700  8.1563  7.8123  7.4482  7.1355  7.0025  6.8711  6.7527  6.6497  6.7389  6.8540  6.9603  6.9804  7.3063  7.7819  8.6274  8.6209  8.9662  8.9397  8.8527  8.8394  8.7592  8.7091  8.6289  8.5552  8.4744  8.3961  8.3175  9.1971  9.7659  9.2033  9.3369  9.0408  8.9116  8.8505 
6.0753  6.4095  6.4407  6.4604  6.4572  6.4431  6.5111  6.5918  6.7056  6.7713  6.9008  7.0210  7.0469  7.4535  7.6057  7.5929  7.4931  7.3364  7.1137  7.0355  6.9204  6.7957  6.6609  6.5538  6.7542  6.8808  6.7405  6.9706  7.2087  7.5737  8.0590  8.7611  8.7950  8.9636  8.8304  8.8158  8.7782  8.7013  8.6338  8.5544  8.4762  8.3967  9.3096  10.0402 9.3742  9.5521  9.2274  9.2153  8.9998  8.9479 
6.0208  6.3525  6.3708  6.3685  6.3666  6.4249  6.5058  6.6031  6.6770  6.8021  6.8339  6.9546  7.0000  7.1141  7.1655  7.1969  7.1535  7.0548  7.0507  6.9710  6.8337  6.6680  6.5144  6.3763  6.9767  6.5526  6.7308  7.3307  7.3814  7.4187  7.7130  8.1396  8.6727  8.8037  8.8973  8.7282  8.7138  8.6976  11.3444 9.1386  8.6011  9.4065  10.2800 10.0197 9.8934  10.1015 9.5675  9.2341  9.1311  9.1818 
5.9525  6.2810  6.2838  6.2892  6.3415  6.4198  6.5110  6.5931  6.7011  6.7598  6.8687  6.9189  6.9760  6.9594  7.0362  6.9815  6.9306  7.0773  7.0192  6.8885  6.6858  6.4936  6.3229  6.1373  6.2066  6.5313  6.7183  6.9338  7.5762  7.7264  7.5741  7.7611  8.1426  8.5621  8.7378  8.7997  11.0328 11.8286 12.0031 11.1683 9.4436  10.5972 9.9901  10.4249 10.1929 10.3298 10.1747 10.1400 10.0484 9.9745 
5.8759  6.1988  6.2123  6.2606  6.3352  6.4219  6.5066  6.6044  6.6775  6.7851  6.9094  7.0274  6.9596  7.0339  6.9579  6.8964  6.9163  6.8874  6.9684  6.7400  6.5115  6.2901  5.9451  5.9148  6.2962  6.4798  6.7226  7.6503  7.7723  7.6611  7.7208  7.6478  7.7795  8.0960  8.4428  11.3639 12.0187 12.1149 12.0753 11.8552 11.0523 9.8484  10.6458 10.1915 10.4675 10.2264 10.2277 10.1181 10.0599 9.9845 
5.8148  6.1334  6.1820  6.2526  6.3354  6.4198  6.5107  6.5866  6.6623  6.6120  6.9281  6.9850  7.1250  6.9995  6.9415  6.8856  6.8341  6.8267  6.8123  6.5692  6.3481  5.8529  5.6912  6.0275  6.1621  6.7579  7.7062  7.8663  7.7629  7.7500  7.7090  7.7279  7.6720  7.7639  11.8514 12.1874 12.2107 12.1624 12.0527 11.9953 11.7254 10.9919 10.1140 10.6533 10.2536 10.3274 10.1833 10.1401 10.0617 9.9841 
5.7841  6.1025  6.1723  6.2514  6.3338  6.4190  6.4922  6.5482  6.5143  6.4747  7.0368  7.2500  7.0513  7.0273  6.8627  6.8468  6.7988  6.7514  6.6326  6.4712  5.8255  5.5836  5.7164  5.7925  6.3708  7.7271  7.9398  7.8646  7.8442  7.7938  7.8052  7.7514  8.4860  11.8048 12.3031 12.2915 12.2432 12.1461 12.0787 11.9964 11.0975 11.4390 10.9201 10.2788 10.4602 10.2390 10.2258 10.1217 10.0465 9.9716 
5.7720  6.0914  6.1697  6.2488  6.3279  6.3974  6.4420  6.4174  6.4341  7.1699  7.3928  7.1828  7.1511  6.7879  6.7555  6.7629  6.7482  6.7069  6.6534  5.8243  5.5659  5.6620  5.7561  5.8021  5.8943  7.9599  7.9440  7.9811  7.9781  7.9899  7.9564  11.8427 12.3684 12.4527 12.3565 12.3187 12.2307 12.1643 12.0746 11.9997 11.3116 11.3270 11.2877 10.8583 10.3554 10.3457 10.1939 10.1257 10.0511 9.9762 
5.7621  6.0837  6.1446  6.1151  6.3137  6.3523  6.3354  6.3636  7.3248  7.5456  7.2282  7.2853  6.7537  6.6799  6.6918  6.6681  6.6653  6.6499  5.8046  5.5351  5.5945  5.7012  5.8251  6.2042  7.8325  8.7009  12.1340 12.2460 12.3190 12.3518 12.3888 12.4445 12.5055 12.3868 12.3857 12.3038 12.2444 12.0152 12.0543 11.9929 11.8514 11.3601 11.2610 11.1653 10.7996 10.3823 10.2699 10.1367 10.0546 9.9827 
5.7300  6.0467  6.0341  6.2441  6.2935  6.2806  6.8967  7.5112  7.6745  7.4149  7.1742  6.7772  6.6299  6.6039  6.6004  6.6001  10.5336 5.8548  5.5475  5.5321  5.6601  5.8696  6.4231  7.8671  9.1923  12.0448 12.0667 12.0884 12.1514 12.1810 12.2963 12.4837 12.4843 12.4590 12.3573 12.3157 12.2384 12.1520 11.9148 11.8983 11.8870 11.7344 11.3606 11.2034 11.0645 10.7422 10.3802 10.2128 10.0786 10.0159
5.7019  6.0043  6.1529  6.0882  6.2905  6.9059  7.6266  7.6495  7.9935  7.2496  6.8975  6.7264  6.6799  6.9413  6.6195  11.1379 11.9810 10.2453 5.5455  5.6260  5.9187  6.5903  7.9889  9.5526  11.7849 12.1387 11.9879 12.0114 11.9627 12.0918 12.2852 12.3791 12.4859 12.4587 12.4028 12.3321 12.2600 12.1680 12.0609 12.0043 11.9153 11.8367 11.7224 11.6743 11.6043 11.0765 10.7065 10.3654 10.1652 10.1206
5.7831  6.0901  6.1116  6.3141  6.7793  7.6423  7.5234  7.9215  7.9583  8.1653  7.0861  6.9907  7.0387  6.8019  11.8853 12.3451 11.4232 11.5946 5.6327  5.9983  6.5735  6.8622  9.7877  11.7685 12.2858 11.9458 12.0020 11.8383 11.9082 12.0554 12.1778 12.2993 12.3521 12.4180 12.3931 12.3349 12.2332 12.1778 12.0902 11.9920 11.9258 11.7892 11.7582 11.6849 11.6068 11.5283 11.4493 10.7611 10.3623 10.4130
5.8622  6.1446  6.2808  6.6699  7.1209  8.7426  9.5194  8.9164  10.9803 11.9731 7.6869  7.9627  12.1337 12.7789 12.5686 12.0402 12.1129 7.4490  11.8688 12.3006 11.5530 7.7292  7.5765  12.5101 12.3746 11.8667 11.6545 11.7764 11.9326 11.9468 12.0570 12.1482 12.2379 12.2846 12.3322 12.3126 12.1618 12.1271 12.0892 12.0101 11.9187 11.8464 11.7656 11.6862 11.6072 11.5272 11.4491 11.3698 11.2926 11.2148
6.0874  6.3845  6.5388  7.0542  8.1514  8.4386  10.5992 10.4729 11.6303 11.0636 11.8854 12.5062 12.8685 12.4960 12.9043 12.5376 12.7179 12.6989 12.5577 11.7948 9.5958  10.7567 8.5584  10.4004 10.3346 11.2134 11.4699 11.8666 11.8915 11.9371 11.9366 12.0026 12.0778 12.1546 12.2401 12.2477 12.2160 12.1017 12.0487 12.0020 11.9284 11.8455 11.7659 11.6868 11.6055 11.5275 11.4469 11.3696 11.2907 11.2134
6.2102  6.4764  6.7489  7.3162  9.5006  9.8629  9.9220  11.2251 9.9349  11.8437 11.9094 12.4857 12.8714 12.9595 12.9425 12.8273 12.7956 12.6939 12.1837 9.2631  9.2270  9.2073  10.3738 9.5461  10.7208 10.9418 11.6016 12.1318 12.0027 11.9180 11.8982 11.8872 11.9301 11.9944 12.1582 12.1379 12.1531 12.1220 12.0314 11.9474 11.9123 11.8459 11.7671 11.6841 11.6069 11.5243 11.4475 11.3669 11.2918 11.2142
6.5832  6.9234  7.9197  8.4210  8.5084  10.8789 11.4416 9.0473  8.3129  8.7922  12.8687 12.6180 12.7798 12.9246 12.9287 12.8824 12.7712 12.7066 9.2645  9.1980  9.3569  10.1724 9.7413  10.4373 10.2608 11.0398 12.3773 12.2218 11.9893 11.8855 11.8671 11.8356 11.8217 11.8522 11.9178 12.0556 12.0405 12.0569 12.0283 11.9397 11.8553 11.8229 11.7626 11.6875 11.6017 11.5266 11.4433 11.3689 11.2915 11.2140
6.8678  7.2769  7.5212  7.7242  7.8858  8.9842  9.5197  7.9759  7.5055  8.4441  7.7015  11.9547 12.6259 12.7759 12.8716 12.7216 12.7659 12.6892 9.1722  9.3814  9.9649  9.8223  9.8462  10.0384 10.5291 10.6032 11.2955 12.0496 11.8947 11.8172 11.7723 11.7812 11.7593 11.7468 11.6163 11.8016 11.9308 11.9440 11.9598 11.9340 11.8593 11.7620 11.7336 11.6787 11.6072 11.5196 11.4470 11.3681 11.2916 11.2139
6.7583  7.1179  7.3497  7.4549  7.5347  7.5412  8.8252  9.2431  7.3206  7.1626  8.1481  7.1996  11.0232 12.2776 12.6219 6.3344  6.7235  9.5291  9.3294  9.7930  9.7867  9.8441  10.1000 10.4736 10.2417 10.5307 10.7212 11.2684 11.8261 11.7073 11.6977 11.6816 11.6909 11.6767 11.6496 11.5252 11.6879 11.8603 11.8465 11.8629 11.8407 11.7514 11.6872 11.6483 11.5953 11.5265 11.4452 11.3685 11.2906 11.2134
6.8148  7.1974  7.1591  7.4453  7.4586  7.4603  7.5670  8.5734  8.8696  6.8599  6.8327  7.7377  7.3930  10.3278 11.8337 6.4253  6.3601  6.5906  9.6119  9.6808  9.7712  10.0191 10.3516 10.2948 10.5094 10.7429 11.1007 10.8243 11.1838 11.6177 11.6216 11.6010 11.5932 11.6008 11.5890 11.5542 11.4331 11.3714 11.6844 11.7440 11.7653 11.7450 11.6735 11.6109 11.5656 11.5129 11.4466 11.3655 11.2924 11.2145
6.8278  7.2086  7.3056  7.3951  7.5196  7.5059  8.2365  7.7666  8.3758  7.1883  6.8199  6.8733  7.4555  7.6713  9.8578  6.6999  6.4682  6.4144  6.3953  6.3928  6.3757  10.1814 10.2186 10.4145 10.6940 10.9527 10.8358 11.0166 10.8433 11.0935 11.4386 11.5117 11.5084 11.5035 11.5100 11.4995 11.4600 11.3413 11.2780 11.5344 11.6561 11.6703 11.6517 11.5929 11.5334 11.4315 11.4204 11.3647 11.2905 11.2078
6.8244  7.2062  7.3045  7.4021  7.4084  7.6422  7.4855  8.0497  7.3988  7.9638  7.1369  6.8245  6.8587  7.2785  7.7579  6.9320  6.7783  6.5107  6.5011  6.4779  6.3495  6.0691  6.0301  10.5594 10.7620 10.7307 10.8330 10.7674 10.9443 10.8260 11.0068 11.2859 11.4156 11.4188 11.4133 11.4192 11.4088 11.3665 11.2490 11.1877 11.0994 11.0210 11.4599 11.5351 11.5053 11.4479 11.3664 11.3355 11.2834 11.0833
6.7956  7.1794  7.3075  7.3969  7.5090  7.5156  7.7947  7.4569  7.7253  7.4578  7.6882  7.1456  6.8227  6.9797  6.8886  6.8576  6.7487  6.6861  6.5786  6.4704  6.1082  6.1099  6.1046  5.5458  5.5815  5.8251  6.3510  10.7619 10.7178 10.8143 10.7757 11.3023 11.3227 11.3246 11.3275 11.3221 11.3279 11.3174 11.2733 11.1777 11.1015 11.0208 10.9420 10.8591 10.7731 10.6890 10.5878 10.4809 10.3843 10.3027
6.7144  7.0951  7.2271  7.3539  7.5003  7.6166  7.4368  7.5603  7.4337  7.5573  7.4294  7.4963  7.1090  7.0081  6.9613  6.8252  6.7826  6.6592  6.5911  6.2601  6.1989  6.1940  6.1708  6.0496  5.5335  5.6702  5.9060  6.0586  6.3808  9.7293  10.5088 10.7091 11.1846 11.2226 11.2329 11.2354 11.2299 11.2362 11.2255 11.1827 11.1005 11.0226 10.9394 10.8512 10.7702 10.6666 10.5553 10.4625 10.3516 10.2698
6.5848  6.9413  7.0419  7.2052  7.4773  7.3779  7.4317  7.3740  7.4306  7.2979  7.0459  7.1093  7.2943  7.0618  6.9294  6.8868  6.7348  6.6830  6.5840  6.4938  6.3207  6.2783  6.1259  6.0720  5.9597  5.5290  5.7824  6.0236  6.1370  6.1644  6.1873  6.4650  9.7827  11.0826 11.0863 11.0907 11.1340 11.1404 11.1448 11.1337 11.0933 11.0206 10.9286 10.8529 10.7468 10.6284 10.5427 10.4272 10.3173 10.2358
6.5857  6.9546  7.0724  7.1230  7.2994  7.3206  7.2961  7.3206  7.2340  7.2980  7.0494  7.1444  7.0232  7.1346  6.9870  6.8614  6.7978  6.6670  6.5930  6.4225  6.3833  6.2264  6.1916  6.0388  5.9767  5.5281  5.6077  5.9017  6.1454  6.2389  6.2519  6.2482  6.2461  6.2431  6.2702  6.5632  10.0541 11.0046 11.0421 11.0519 11.0420 11.0045 10.9374 10.8289 10.6991 10.6257 10.5026 10.3928 10.2843 10.2025
6.5890  6.9616  7.0460  7.1790  7.1968  7.0894  7.1928  7.1510  7.1598  7.0149  7.1339  6.9550  7.0049  6.9274  6.9981  6.8997  6.7399  6.6953  6.5300  6.4848  6.3536  6.2886  6.1920  6.0990  5.9691  5.9190  5.5380  5.6973  6.0274  6.2684  6.3378  6.3399  6.3347  6.3318  6.3307  6.3302  6.3284  6.3286  9.9356  10.7362 10.9135 10.9408 10.9140 10.7652 10.7134 10.5771 10.4688 10.3606 10.2475 10.1708
6.5619  6.9361  7.0641  7.0830  7.0193  7.0712  7.0216  7.0413  6.9497  6.9985  6.9049  6.9892  6.8924  6.8796  6.8266  6.8747  6.8009  6.6374  6.5931  6.4267  6.3822  6.2758  6.1995  6.1077  6.0107  5.9329  5.5363  5.6276  5.7830  6.1623  6.3915  6.4325  6.4267  6.4213  6.4187  6.4179  6.4172  6.4152  6.3982  9.1955  10.3558 10.7277 10.8230 10.8089 10.6495 10.5453 10.4390 10.3162 10.2471 10.1694
6.4816  6.8489  6.9735  6.9381  6.9693  6.9389  6.9288  6.8701  6.8889  6.8666  6.8842  6.7665  6.8551  6.6832  6.7658  6.7435  6.7628  6.6989  6.5342  6.4896  6.3564  6.2892  6.1958  6.1133  6.0224  5.9294  5.7538  5.5831  5.7264  5.8585  6.3104  6.5106  6.5209  6.5122  6.5081  6.5056  6.5052  6.4930  6.4323  6.6440  8.7067  10.6692 10.6570 10.7171 10.6224 10.5208 10.3816 10.3257 10.2393 10.1631
6.3877  6.7415  6.8491  6.8642  6.8503  6.8649  6.7830  6.7861  6.7750  6.7865  6.6934  6.7240  6.6294  6.7120  6.6232  6.6610  6.6525  6.6565  6.5958  6.4284  6.3893  6.2805  6.2013  6.1123  5.5031  5.8280  5.8177  5.6667  5.6507  5.8279  5.9138  6.4766  6.6165  6.6031  6.5976  6.5945  6.5892  6.5255  6.4291  6.3795  6.7437  10.5269 10.5680 10.5763 10.6082 10.4414 10.4085 10.3123 10.2429 10.1660
6.3703  6.7369  6.7631  6.7569  6.7642  6.7581  6.6798  6.6759  6.6858  6.6100  6.6101  6.5546  6.5939  6.5556  6.5930  6.5555  6.5510  6.5139  6.5436  6.4904  6.3627  6.2905  6.1982  6.1157  5.5441  5.5634  5.7096  5.7281  5.6666  5.8833  5.8913  5.9410  6.6671  6.7016  6.6809  6.6871  6.6200  6.5127  6.4408  6.3480  6.2673  6.1788  10.4488 10.5125 10.4986 10.4986 10.3833 10.3205 10.2406 10.1644
6.2973  6.6580  6.6613  6.6652  6.6627  5.9792  6.1417  6.5707  6.5186  6.5052  6.4697  6.4867  6.4679  6.4863  6.4695  6.4868  6.4252  6.4392  6.4257  6.4369  6.3891  6.2417  6.1794  6.0549  5.6822  5.6136  5.6348  5.6872  5.7377  5.8214  5.9430  6.2360  6.5726  6.7546  6.7871  6.7101  6.6233  6.5327  6.4329  6.3563  6.2653  6.1812  10.3658 10.3704 10.4117 10.4129 10.4004 10.3149 10.2444 10.1670
6.2008  6.5591  6.5619  6.5650  6.5680  5.9981  6.0631  6.2174  6.4095  6.4182  6.4071  6.3756  6.3842  6.3753  6.3791  6.3435  6.3737  6.2286  6.3171  6.2217  6.3099  6.2801  6.1300  6.0720  5.9453  5.7299  5.6704  5.8280  5.7923  5.8804  6.2292  6.6544  6.7352  6.8855  6.7916  6.7126  6.6279  6.5387  6.4468  6.3513  6.2691  6.1818  6.0981  10.2707 10.2820 10.3179 10.3247 10.3083 10.2397 10.1599
6.0697  6.4130  6.4529  6.4635  5.9929  5.9987  6.0971  6.1444  6.3186  6.3155  6.3195  6.2846  6.2786  6.2759  6.2515  6.2521  6.1606  6.1960  6.1478  6.1904  6.1493  6.1966  6.1704  6.0174  5.9206  5.6549  5.8236  5.9664  6.3401  6.1368  6.1917  6.6746  6.9664  6.8520  6.8190  6.7211  6.6320  6.5433  6.4534  6.3615  6.2683  6.1862  6.0974  6.0098  10.1789 10.1929 10.2258 10.2357 10.2192 10.1305
5.9920  6.3420  6.3272  6.3518  5.9190  6.0037  6.0930  6.1990  6.2189  6.2211  6.2202  6.1783  6.1745  6.1547  6.1412  6.0791  6.0897  6.0738  6.0888  6.0632  6.0873  6.0658  6.0912  5.9969  5.9049  5.8093  6.0587  6.4438  6.4692  6.5793  6.4778  6.9517  6.8359  6.8835  6.8052  6.7375  6.6416  6.5487  6.4584  6.3608  6.2750  6.1846  6.0967  6.0118  5.9247  9.2007  9.9177  10.0951 10.1381 10.0292
5.8731  6.2201  6.1874  5.8913  5.9124  6.0011  6.0909  6.1165  6.1080  6.0759  5.8531  6.0715  6.0558  6.0359  5.9904  5.9885  5.9794  5.9854  5.9809  5.9839  5.9738  5.9849  5.9763  5.9834  5.8309  6.0350  6.4075  6.5950  6.7900  6.8069  6.8338  6.7824  6.9110  6.8487  6.7469  6.7176  6.6495  6.4660  6.4449  6.3686  6.2769  6.1893  6.0998  6.0118  5.9268  6.2177  8.5726  9.5828  9.9245  9.7480 
5.7011  6.0445  5.8365  5.8284  5.9069  5.9858  6.0143  6.0118  6.0175  6.0094  5.7625  5.9555  5.9334  5.8967  5.8834  5.8478  5.6833  5.7940  5.8844  5.8788  5.8846  5.8803  5.8864  5.8852  5.8781  5.8109  6.5945  6.8237  6.9732  7.0407  6.9814  6.9288  6.8533  6.8584  6.7786  6.6829  6.6296  6.5492  6.4055  6.3519  6.2788  6.1915  6.1037  6.0147  5.9269  5.8835  6.3357  8.1366  9.2441  8.9628 
5.4534  5.7626  5.7459  5.8118  5.8799  5.8974  5.8278  5.9180  5.9139  5.9188  5.8301  5.8321  5.8000  5.7779  5.7325  5.6254  5.6962  5.7746  5.7825  5.7856  5.7839  5.7877  5.7881  5.7906  5.7939  5.7920  6.7543  6.9501  7.0655  7.0840  7.1124  7.0287  6.9331  6.8212  6.7807  6.6978  6.6053  6.5393  6.2713  6.2948  6.2555  6.1880  6.1049  6.0180  5.9296  5.8465  5.8505  6.3595  7.8095  7.5243 
5.3619  5.6610  5.7156  5.7741  5.7889  5.7524  5.8071  5.8121  5.8103  5.8072  5.7354  5.7244  5.6738  5.6265  5.5543  5.6012  5.6675  5.6838  5.6868  5.6853  5.6810  5.6842  5.6929  5.6959  5.6952  5.7052  5.8209  6.9832  7.0455  7.0927  7.0804  7.0630  6.9755  6.8689  6.7563  6.6932  6.6110  6.5231  6.1895  6.1542  6.1076  6.1403  6.0925  6.0165  5.9317  5.8446  5.7705  5.8147  6.3312  6.2270 
5.4692  5.5495  5.6094  5.6642  5.6799  5.6564  5.6980  5.7068  5.7055  5.6975  5.6376  5.6176  5.5708  5.5222  5.4625  5.4985  5.5573  5.5774  5.5819  5.5809  5.5776  5.5805  5.5880  5.5916  5.5948  5.6213  5.8081  6.7730  6.9469  7.0146  7.0092  6.9741  6.8833  6.7746  6.6634  6.5903  6.5067  6.4012  6.1180  6.0536  6.0112  6.0286  5.9860  5.9130  5.8294  5.7447  5.6818  5.7493  6.1719  6.2107 
