#Value Function.
11919.87 12560.43 13217.28 13894.44 14591.04 15305.99 16036.67 16785.52 17534.72 18296.99 18833.29 19273.95 19664.67 20340.43 20935.06 21574.27 22160.92 22781.21 23405.69 24005.99 24406.53 25029.83 25432.39 25676.75 26256.47 26596.57 27004.53 27275.01 27530.79 27551.56 27748.82 27631.33 27725.96 27492.22 27387.26 27057.45 26757.51 26227.51 25886.01 25464.38 25365.26 25162.80 25211.49 25119.89 25221.65 25146.48 25265.53 25195.67 25277.97 25025.88
11913.42 12800.06 13476.87 14175.77 14896.31 15637.51 16398.22 17175.64 17972.01 18768.50 19579.05 20145.57 20611.43 21024.70 21744.64 22376.21 23053.27 23680.09 24340.24 25006.80 25648.61 26063.49 26306.12 26901.04 27243.32 27658.31 27929.37 28183.58 28180.94 28388.68 28283.78 28399.70 28163.67 28065.74 27732.80 27432.67 26887.61 26540.86 26103.56 26004.72 25792.63 25845.42 25747.72 25855.46 25774.50 25900.12 25825.44 25916.45 25666.72 25288.26
11633.50 12535.46 13210.29 13902.63 14617.80 15355.16 16113.71 16892.26 17687.59 18502.16 19318.45 20152.58 20728.30 21198.67 21610.14 22352.11 22989.35 23691.73 24337.89 25017.65 25705.14 26367.53 26787.81 27024.67 27643.74 27985.77 28397.55 28657.20 28892.77 28847.35 29017.31 28803.20 28727.88 28405.08 28108.48 27552.39 27201.69 26748.18 26649.91 26427.79 26485.01 26380.85 26494.93 26407.80 26540.37 26460.46 26560.60 26308.18 25935.56 25259.70
11339.20 12235.25 12898.68 13580.39 14288.84 15021.63 15778.23 16557.32 17358.30 18177.85 19011.59 19846.68 20700.51 21282.98 21740.69 22154.75 22901.15 23568.22 24299.51 24966.63 25671.22 26381.15 27067.55 27494.56 27728.02 28361.95 28689.69 29094.46 29283.41 29463.50 29320.75 29309.21 29053.65 28776.17 28221.94 27874.30 27405.94 27308.51 27075.82 27137.80 27026.76 27147.59 27053.88 27193.80 27108.26 27217.97 26962.77 26588.85 25903.25 25377.86
11056.08 11927.71 12572.73 13237.92 13932.87 14657.79 15409.03 16185.68 16987.25 17812.81 18657.62 19518.23 20373.66 21233.85 21811.53 22252.00 22640.26 23436.87 24157.79 24918.65 25612.83 26339.46 27071.44 27779.93 28209.45 28428.29 29052.89 29308.85 29663.64 29675.06 29762.11 29579.60 29407.63 28887.49 28547.66 28071.63 27979.74 27736.98 27804.08 27685.72 27813.74 27713.00 27860.71 27769.08 27888.83 27630.76 27255.83 26552.51 26026.99 25348.19
10802.96 11632.38 12253.76 12896.05 13570.37 14277.67 15018.78 15787.86 16583.95 17407.17 18255.19 19124.38 20002.13 20874.86 21709.48 22223.04 22410.79 23136.77 23983.05 24760.14 25558.99 26275.04 27020.26 27770.77 28498.96 28921.04 29103.44 29677.86 29787.28 29958.78 29844.88 29866.86 29472.24 29202.83 28740.90 28660.45 28410.49 28484.12 28357.98 28493.64 28385.41 28541.38 28443.19 28573.45 28312.40 27936.82 27215.17 26682.07 25996.29 25336.13
10616.80 11368.55 11957.39 12572.67 13219.74 13901.39 14619.14 15374.97 16160.32 16974.06 17814.83 18681.24 19563.56 20436.06 21312.11 21814.49 22016.05 22791.96 23672.62 24580.49 25393.35 26218.85 26950.38 27701.73 28465.41 29187.19 29563.58 29644.54 30060.49 29995.80 30142.84 29927.32 29796.80 29391.50 29345.34 29093.17 29177.19 29043.80 29187.59 29071.38 29236.13 29129.33 29267.38 29003.23 28627.29 27889.91 27350.83 26650.30 25985.04 25272.42
10507.77 11175.49 11703.26 12281.17 12898.02 13547.86 14234.05 14958.89 15727.47 16527.11 17353.78 18206.82 19078.52 19949.37 20821.19 21314.13 21601.78 22418.67 23325.22 24271.40 25207.36 26041.02 26882.80 27617.64 28362.53 29108.62 29821.66 30152.84 30098.20 30344.54 30198.16 30261.60 29980.37 30012.18 29779.69 29880.13 29742.42 29895.90 29771.16 29945.32 29826.17 29971.04 29690.70 29314.81 28557.69 28023.93 27313.07 26639.91 25921.33 25143.11
10435.51 11063.87 11533.94 12043.49 12616.75 13233.72 13883.73 14570.44 15298.61 16078.44 16889.29 17726.24 18584.73 19444.51 20301.55 20786.55 21140.27 22015.75 22948.27 23911.89 24892.13 25844.96 26687.60 27502.08 28208.17 28908.10 29641.23 30399.91 30664.28 30562.51 30733.28 30518.70 30662.23 30467.61 30593.15 30450.65 30617.82 30485.04 30669.20 30540.33 30689.41 30392.62 29996.79 29188.49 28647.04 27950.87 27298.80 26571.43 25789.60 24997.39
10372.52 10990.09 11421.87 11896.47 12402.23 12967.86 13583.43 14230.49 14913.62 15639.68 16429.95 17250.30 18095.64 18942.18 19774.09 20252.48 20670.02 21572.65 22531.23 23520.05 24521.94 25509.49 26439.80 27262.30 27980.91 28630.12 29325.58 30121.31 30945.56 31187.75 31123.82 31324.54 31149.22 31315.43 31168.61 31353.65 31213.27 31408.08 31268.88 31427.66 31109.91 30663.86 29791.96 29199.85 28529.70 27907.37 27196.36 26432.43 25640.10 24807.13
10304.26 10925.07 11347.81 11783.53 12267.43 12782.30 13337.96 13951.31 14593.20 15267.37 15985.36 16783.53 17611.47 18441.39 19249.18 19722.19 20197.90 21105.33 22072.45 23072.53 24100.56 25122.59 26094.66 26955.67 27660.16 28285.43 28916.71 29697.22 30671.55 31589.14 31881.32 31832.68 32052.58 31900.85 32104.71 31955.12 32162.24 32013.64 32184.41 31855.22 31376.64 30409.59 29726.47 29025.14 28402.94 27761.50 27055.00 26266.68 25447.42 24538.32
10206.26 10854.19 11282.01 11708.98 12153.07 12646.90 13171.65 13730.58 14341.44 14977.73 15637.33 16338.09 17135.49 17947.48 18731.80 19200.96 19733.27 20629.31 21583.33 22581.21 23610.74 24658.10 25668.09 26572.78 27309.10 27921.89 28492.19 29247.02 30219.46 31346.77 32350.46 32667.79 32619.41 32867.86 32711.85 32932.02 32773.32 32958.30 32623.84 32138.48 31113.41 30321.61 29511.62 28824.93 28168.65 27476.46 26767.45 25978.26 25171.16 24197.41
10070.07 10751.70 11209.87 11642.42 12077.88 12530.61 13034.84 13570.03 14139.83 14759.07 15390.53 16030.12 16701.01 17463.64 18224.94 18690.92 19298.05 20161.65 21092.21 22063.96 23080.26 24114.09 25143.93 26085.66 26874.78 27473.92 27967.71 28691.35 29731.02 30879.44 32106.12 33171.20 33499.11 33451.19 33715.15 33548.22 33748.09 33409.74 32924.52 31866.31 31006.85 30079.59 29275.35 28541.34 27822.24 27122.79 26378.76 25607.54 24827.00 23820.02
9901.54 10608.87 11104.79 11569.02 12010.56 12454.78 12916.31 13431.26 13977.35 14558.41 15190.49 15834.39 16455.77 17084.85 17738.31 18235.68 18920.16 19736.35 20617.75 21556.40 22533.47 23561.17 24574.50 25546.36 26366.48 26952.02 27389.92 28054.62 29174.04 30372.42 31636.70 32912.86 34026.33 34359.09 34292.15 34538.54 34209.05 33728.71 32644.96 31744.61 30761.41 29877.77 29001.88 28205.94 27435.70 26693.39 25947.92 25199.73 24441.89 23429.12
9711.61 10432.24 10957.92 11461.31 11935.87 12386.68 12839.84 13309.99 13835.59 14391.72 14984.85 15630.72 16288.48 16921.51 17518.56 18086.94 18679.36 19385.23 20204.07 21080.30 22018.20 22998.00 24013.90 24987.30 25818.51 26390.20 26790.59 27428.62 28553.73 29786.20 31082.78 32426.38 33745.81 34858.73 35119.96 34907.94 34534.27 33440.64 32484.66 31461.15 30532.94 29595.52 28718.80 27866.71 27061.69 26283.98 25528.57 24785.38 24044.34 23037.24
9515.14 10233.46 10776.42 11310.33 11825.46 12310.70 12770.30 13231.45 13709.24 14244.28 14811.75 15417.20 16078.00 16752.66 17399.96 18010.20 18587.40 19190.07 19879.96 20682.55 21545.93 22480.38 23453.84 24432.00 25254.10 25809.07 26191.28 26788.93 27908.06 29140.66 30439.29 31800.65 33223.90 34477.73 35289.50 35130.01 34208.05 33188.57 32122.14 31152.04 30184.27 29271.46 28374.22 27519.58 26690.28 25896.26 25126.69 24381.64 23644.27 22640.50
9301.31 10028.39 10572.45 11123.91 11670.25 12196.83 12691.88 13159.66 13624.22 14104.72 14651.22 15230.25 15848.29 16530.93 17225.70 17888.93 18513.60 19096.97 19704.10 20379.34 21160.85 22002.52 22922.92 23869.58 24687.70 25225.21 25580.07 26155.68 27242.27 28461.77 29744.36 31086.79 32482.82 33878.75 34862.67 34702.53 33704.32 32673.11 31674.64 30693.30 29761.31 28848.52 27971.60 27116.65 26292.92 25493.96 24723.05 23975.21 23239.48 22227.61
9068.42 9805.19 10357.20 10912.34 11478.46 12036.14 12573.65 13074.03 13545.13 14008.94 14483.93 15042.36 15633.16 16278.54 16986.59 17706.45 18382.26 19017.61 19588.79 20185.43 20853.09 21605.61 22409.85 23323.39 24109.68 24626.39 24964.45 25521.11 26570.29 27772.22 29031.57 30342.87 31707.85 33096.91 34111.77 33951.21 33006.26 32021.31 31069.96 30138.70 29228.47 28347.48 27487.66 26654.19 25842.47 25055.60 24291.20 23549.86 22818.35 21790.19
8817.03 9561.95 10117.82 10681.72 11256.46 11837.74 12406.62 12946.26 13433.41 13894.46 14341.09 14824.60 15392.37 16018.11 16715.96 17447.57 18187.06 18858.17 19488.31 20040.73 20609.91 21241.94 21957.35 22788.25 23526.71 24016.44 24340.65 24885.54 25907.34 27086.72 28319.91 29602.33 30933.46 32287.49 33274.00 33113.20 32191.26 31284.96 30377.72 29490.96 28620.41 27768.99 26938.96 26128.57 25339.47 24570.25 23821.95 23093.25 22372.24 21325.03
8552.49 9299.36 9855.92 10422.21 11005.76 11601.14 12198.93 12764.69 13282.25 13722.55 14161.53 14603.72 15110.13 15722.06 16415.18 17160.42 17906.89 18635.01 19294.90 19857.30 20373.21 20899.34 21552.25 22283.67 22956.29 23411.72 23723.90 24258.99 25256.48 26411.07 27618.74 28872.90 30175.09 31492.28 32439.03 32278.15 31383.71 30506.84 29644.47 28792.95 27958.53 27139.87 26338.67 25555.60 24790.43 24043.69 23314.98 22604.12 21897.74 20835.46
8281.29 9023.08 9575.03 10138.95 10720.70 11321.70 11929.68 12529.38 13065.26 13523.92 13931.70 14354.07 14797.01 15365.94 16062.63 16817.41 17595.58 18337.15 19025.75 19599.40 20096.12 20593.00 21152.73 21786.96 22393.52 22815.74 23118.35 23645.35 24618.67 25748.90 26930.84 28158.39 29432.39 30713.59 31622.22 31461.40 30593.45 29736.40 28898.81 28077.71 27271.56 26481.85 25708.01 24950.68 24209.98 23485.90 22778.52 22087.20 21398.17 20327.93
8011.09 8739.77 9283.16 9839.34 10415.34 11008.50 11615.84 12217.23 12791.71 13271.67 13694.29 14083.64 14459.48 14975.81 15665.36 16425.26 17212.49 17991.29 18678.54 19283.73 19802.76 20212.70 20716.28 21271.71 21827.73 22225.78 22523.06 23043.93 24001.27 25102.91 26257.52 27458.83 28705.06 29951.09 30823.16 30662.54 29820.12 28981.73 28163.11 27363.26 26580.61 25814.25 25064.21 24330.06 23611.84 22909.44 22222.72 21551.10 20880.12 19810.12
7802.50 8456.24 8987.66 9533.48 10099.99 10685.21 11284.34 11888.25 12468.41 12963.43 13405.19 13757.23 14102.47 14577.93 15246.42 15991.58 16778.57 17558.65 18294.00 18927.87 19434.01 19795.25 20251.28 20746.51 21264.96 21648.47 21942.37 22457.00 23418.88 24481.42 25602.33 26774.69 27993.45 29204.50 30041.49 29881.18 29063.36 28243.28 27442.36 26660.41 25896.64 25150.07 24420.02 23706.12 23007.92 22325.21 21657.71 21004.70 20351.42 19288.96
7805.04 8216.95 8695.06 9227.46 9781.96 10355.94 10945.59 11551.77 12131.91 12616.85 13066.16 13392.87 13719.35 14178.15 14827.85 15556.15 16329.40 17113.99 17852.73 18498.77 18992.30 19321.57 19747.49 20218.38 20708.78 21084.78 21378.12 21981.33 22892.50 23901.44 24974.88 26109.99 27299.36 28474.73 29277.44 29116.93 28322.84 27520.71 26737.02 25972.00 25225.13 24495.81 23783.32 23087.10 22406.68 21741.63 21091.60 20455.75 19819.19 18769.95
7970.91 8188.94 8445.91 8927.46 9467.51 10029.62 10609.97 11206.46 11778.80 12253.87 12700.60 13012.56 13334.49 13779.79 14410.80 15125.81 15883.57 16655.77 17386.51 18030.05 18511.32 18823.68 19231.65 19689.66 20169.94 20542.05 20976.12 21639.08 22471.42 23389.51 24394.18 25471.73 26622.82 27762.39 28530.69 28370.05 27598.20 26813.68 26046.85 25298.31 24567.66 23854.36 23157.90 22477.73 21813.34 21164.30 20530.16 19910.04 19289.08 18256.89
8157.53 8350.33 8426.48 8668.27 9162.12 9709.61 10278.24 10862.73 11422.94 11888.31 12326.93 12630.12 12947.50 13384.05 14000.54 14699.45 15442.16 16198.99 16915.38 17548.33 18017.76 18321.72 18725.10 19177.07 19780.92 20366.81 20953.67 21518.93 22189.29 23006.32 23889.72 24884.11 25971.74 27071.18 27804.86 27640.18 26889.14 26121.85 25371.55 24639.27 23924.43 23226.59 22545.33 21880.19 21230.71 20596.45 19976.98 19371.40 18765.00 17752.14
8357.72 8545.32 8576.28 8650.76 8890.32 9399.17 9952.47 10523.74 11071.43 11527.24 11955.58 12252.62 12565.48 12994.04 13596.96 14281.19 15008.39 15749.66 16449.55 17068.61 17526.64 17827.47 18228.89 18871.15 19604.12 20311.14 20910.13 21511.98 22080.27 22749.67 23521.45 24362.84 25365.40 26402.28 27098.38 26928.40 26195.97 25444.94 24711.13 23994.77 23295.35 22612.58 21946.01 21295.28 20659.98 20039.70 19434.02 18842.07 18249.38 17256.99
8552.70 8754.15 8776.02 8803.41 8877.62 9108.21 9636.87 10191.75 10725.98 11172.30 11589.66 11881.68 12190.08 12611.48 13201.48 13871.18 14582.74 15307.70 15991.45 16594.97 17042.54 17344.07 17820.77 18581.46 19383.49 20136.09 20859.73 21451.17 22047.47 22596.53 23238.40 23963.62 24799.32 25777.64 26414.95 26234.97 25518.37 24783.40 24065.70 23364.65 22680.29 22012.13 21359.87 20723.11 20101.49 19494.63 18902.14 18323.17 17743.54 16771.96
8732.72 8957.57 8989.75 9008.37 9035.23 9105.91 9333.51 9870.37 10387.69 10824.58 11230.94 11518.30 11822.26 12236.87 12814.25 13469.72 14165.96 14874.53 15542.49 16130.90 16567.98 16872.06 17461.91 18262.81 19090.10 19908.18 20671.22 21382.19 21919.78 22479.75 22977.90 23573.73 24327.67 25192.28 25758.15 25560.00 24857.41 24137.80 23434.83 22748.77 22078.89 21424.99 20786.63 20163.47 19555.14 18961.30 18381.56 17815.11 17248.05 16297.18
8891.50 9145.10 9197.82 9227.04 9245.73 9271.99 9335.45 9561.64 10062.32 10486.01 10881.62 11164.27 11462.24 11870.09 12435.11 13076.65 13757.87 14450.41 15102.93 15676.64 16103.68 16410.85 17077.56 17900.84 18749.57 19606.87 20424.35 21159.68 21800.96 22288.55 22739.33 23241.88 23865.09 24619.10 25115.67 24899.85 24210.67 23506.43 22818.25 22146.45 21490.77 20850.71 20225.92 19616.03 19020.68 18439.52 17872.19 17317.88 16763.03 15832.54
8993.20 9310.62 9389.33 9439.80 9469.51 9488.25 9513.92 9560.42 9753.08 10160.86 10542.42 10819.54 11111.54 11512.62 12065.53 12691.85 13358.31 14035.19 14672.58 15232.00 15649.41 15959.66 16663.37 17488.86 18347.66 19220.36 20087.90 20867.74 21505.54 22050.39 22491.67 22913.59 23410.82 24057.36 24487.19 24254.18 23577.86 22888.60 22214.77 21557.15 20915.29 20288.81 19677.30 19080.39 18497.73 17928.97 17373.76 16831.32 16288.35 15377.81
9072.64 9415.40 9558.53 9635.28 9687.06 9717.37 9734.50 9759.59 9779.35 9870.99 10219.51 10487.72 10770.28 11164.44 11705.40 12316.76 12968.73 13628.66 14251.28 14796.77 15204.95 15517.91 16232.80 17047.56 17895.04 18769.51 19638.57 20474.51 21154.79 21744.04 22175.10 22531.29 22917.41 23506.24 23872.05 23622.50 22958.60 22283.24 21623.72 20980.12 20351.94 19738.80 19140.33 18556.15 17985.94 17429.33 16885.99 16355.15 15823.81 14932.75
9085.05 9497.82 9664.29 9808.18 9886.59 9938.12 9969.04 9984.41 10009.07 10019.14 10051.08 10180.12 10446.72 10830.89 11356.25 11951.25 12587.33 13232.29 13838.82 14370.78 14770.07 15085.25 15794.29 16596.73 17427.98 18286.68 19162.14 20005.52 20752.47 21328.05 21749.15 22052.21 22396.78 22939.63 23258.25 23001.27 22350.61 21689.76 21044.67 20414.92 19800.26 19200.27 18614.62 18042.97 17484.96 16940.28 16408.58 15889.11 15369.15 14497.12
9036.85 9509.69 9748.15 9914.84 10061.59 10140.06 10192.98 10221.14 10234.85 10254.55 10260.81 10273.73 10300.70 10515.39 11019.97 11596.87 12215.68 12844.27 13436.63 13953.83 14344.56 14661.45 15357.25 16142.73 16959.64 17802.14 18665.99 19519.27 20273.79 20836.12 21247.54 21545.47 21859.66 22355.13 22650.30 22390.89 21755.06 21108.46 20477.39 19861.35 19259.97 18672.93 18099.89 17540.53 16994.52 16461.53 15941.24 15432.92 14924.12 14070.71
8940.13 9457.88 9759.20 9998.43 10167.38 10318.87 10393.89 10443.22 10468.43 10482.20 10495.55 10500.97 10504.41 10485.10 10704.75 11258.65 11855.25 12466.07 13042.93 13545.74 13928.21 14246.31 14926.23 15695.40 16494.99 17324.35 18172.74 19013.36 19760.51 20309.91 20711.90 21004.74 21303.79 21775.45 22049.58 21791.75 21171.68 20539.30 19921.98 19319.29 18730.94 18156.59 17595.93 17048.63 16514.38 15992.86 15483.77 14986.38 14488.50 13653.31
8821.24 9355.54 9702.89 10006.90 10252.37 10420.23 10571.58 10644.62 10681.56 10707.30 10712.69 10724.82 10712.56 10650.29 10537.64 10935.83 11504.26 12099.11 12659.16 13147.91 13520.83 13839.66 14503.44 15255.95 16039.42 16851.84 17683.83 18507.40 19238.87 19775.65 20168.46 20456.25 20748.79 21202.02 21459.81 21204.44 20600.83 19982.38 19378.35 18788.70 18213.06 17651.13 17102.58 16567.09 16044.35 15534.08 15035.95 14549.26 14062.10 13244.77
8689.22 9230.70 9596.71 9947.60 10256.42 10501.58 10663.06 10812.61 10878.54 10904.54 10917.15 10918.99 10867.33 10767.36 10643.30 10630.42 11167.30 11741.53 12283.46 12758.51 13122.20 13441.34 14089.46 14825.68 15592.73 16387.98 17202.45 18007.33 18722.31 19246.75 19630.62 19913.45 20200.64 20638.02 20881.58 20629.91 20042.24 19437.43 18846.39 18269.43 17706.21 17156.40 16619.68 16095.74 15584.28 15085.01 14597.61 14121.41 13644.73 12844.90
8544.31 9090.95 9466.52 9837.55 10192.35 10501.02 10738.87 10895.34 11024.55 11072.44 11074.97 11045.64 10976.17 10861.64 10688.82 10422.02 10844.41 11391.67 11915.75 12377.40 12732.15 13051.19 13684.11 14404.39 15155.37 15933.78 16730.49 17516.52 18214.02 18726.39 19101.55 19379.52 19662.67 20085.29 20315.86 20067.88 19495.64 18904.19 18325.88 17761.32 17210.22 16672.25 16147.09 15634.45 15134.01 14645.49 14168.59 13702.65 13236.24 12453.56
8383.24 8939.62 9323.00 9700.13 10073.21 10426.91 10728.57 10946.98 11087.71 11163.59 11172.51 11134.61 11041.32 10898.89 10643.30 10387.76 10537.77 11054.19 11559.07 12006.04 12352.08 12669.06 13287.22 13991.90 14727.13 15489.06 16268.38 17035.97 17715.87 18216.44 18583.11 18856.31 19135.88 19544.21 19762.38 19518.07 18960.79 18382.42 17816.55 17264.14 16724.89 16198.49 15684.63 15183.02 14693.36 14215.36 13748.73 13292.82 12836.45 12070.59
8209.22 8771.33 9159.54 9544.20 9926.11 10296.59 10639.35 10935.18 11115.53 11186.15 11182.32 11169.59 11058.32 10838.94 10594.35 10316.54 10239.95 10724.63 11209.94 11642.55 11980.12 12294.79 12898.60 13588.02 14307.83 15053.61 15815.89 16565.47 17228.25 17717.28 18075.69 18344.19 18620.05 19014.55 19220.88 18980.21 18437.42 17871.86 17318.18 16777.64 16249.99 15734.91 15232.10 14741.28 14262.15 13794.44 13337.86 12891.76 12445.22 11695.83
8024.64 8589.54 8976.52 9364.79 9753.12 10134.33 10503.05 10822.51 11069.50 11168.98 11183.79 11149.88 10997.30 10768.87 10499.39 10220.71 9965.20 10404.42 10868.23 11286.77 11616.10 11928.21 12518.08 13192.57 13897.27 14627.24 15372.84 16104.83 16750.95 17228.69 17579.05 17842.92 18114.96 18496.06 18691.08 18454.05 17925.31 17372.27 16830.52 16301.61 15785.30 15281.29 14789.30 14309.03 13840.21 13382.56 12935.80 12499.30 12062.36 11329.11
7834.00 8396.79 8781.75 9165.14 9555.08 9940.41 10313.25 10664.19 10937.65 11114.32 11128.26 11050.37 10863.86 10624.80 10359.04 10076.25 9808.67 10092.82 10533.73 10938.47 11259.82 11569.17 12145.48 12805.38 13495.28 14209.76 14939.03 15653.82 16283.73 16750.45 17092.96 17352.28 17620.39 17988.51 18172.74 17939.31 17424.19 16883.42 16353.35 15835.81 15330.60 14837.43 14356.02 13886.08 13427.33 12979.52 12542.37 12115.27 11687.73 10970.26
7640.89 8197.79 8577.73 8960.34 9343.26 9732.43 10111.07 10467.56 10775.32 10977.76 10990.65 10881.54 10675.88 10438.89 10170.81 9903.79 9631.64 9784.56 10203.12 10595.90 10909.53 11217.51 11780.66 12426.27 13101.67 13800.99 14514.26 15212.26 15826.40 16282.33 16617.19 16872.04 17136.12 17491.68 17665.60 17435.76 16933.85 16405.09 15886.43 15380.02 14885.68 14403.11 13932.05 13472.21 13023.33 12585.15 12157.40 11739.48 11321.14 10619.12
7447.74 7996.33 8369.58 8745.87 9129.04 9516.59 9901.68 10261.15 10574.43 10788.10 10800.08 10674.37 10472.61 10216.54 9959.82 9689.34 9431.76 9482.45 9879.58 10260.58 10566.74 10873.08 11423.43 12055.07 12716.28 13400.74 14098.35 14779.94 15378.73 15824.12 16151.53 16401.97 16661.94 17005.34 17169.43 16943.15 16454.04 15937.03 15429.56 14934.04 14450.32 13978.13 13517.20 13067.25 12628.02 12199.26 11780.71 11371.77 10962.42 10275.51
7257.81 7796.59 8163.71 8534.19 8911.04 9298.51 9681.59 10039.50 10352.92 10569.95 10581.08 10457.56 10248.80 9990.34 9732.26 9468.47 9208.59 9184.76 9561.37 9932.40 10231.26 10535.74 11073.65 11691.62 12338.92 13008.84 13691.12 14356.68 14940.52 15375.62 15695.76 15941.85 16197.65 16529.28 16683.98 16461.23 15984.55 15479.03 14982.51 14497.64 14024.33 13562.29 13111.27 12670.99 12241.21 11821.67 11412.11 11011.96 10611.38 9939.12
7071.47 7598.59 7959.20 8323.63 8695.91 9076.70 9456.17 9809.17 10121.03 10336.81 10347.14 10225.71 10014.67 9755.61 9499.49 9238.08 8980.24 8894.71 9250.02 9609.69 9902.93 10205.35 10731.16 11335.76 11969.44 12625.11 13292.37 13942.28 14511.58 14936.61 15249.66 15491.47 15743.04 16063.28 16209.02 15989.77 15525.15 15030.88 14545.07 14070.63 13607.49 13155.39 12714.06 12283.25 11862.71 11452.19 11051.44 10659.86 10267.74 9609.29
6886.64 7404.39 7758.91 8115.78 8481.94 8857.76 9230.42 9580.13 9883.95 10095.27 10104.81 9985.42 9775.47 9517.57 9265.05 9006.08 8755.01 8610.41 8946.11 9293.96 9581.59 9881.76 10395.79 10987.32 11607.65 12249.37 12901.94 13536.55 14091.70 14506.89 14813.03 15050.61 15297.91 15607.12 15744.31 15528.53 15075.61 14592.35 14117.02 13652.79 13199.61 12757.23 12325.39 11903.84 11492.35 11090.65 10698.49 10315.16 9930.87 9282.08
6699.63 7211.76 7560.96 7912.01 8270.55 8639.80 9004.22 9348.95 9644.92 9850.30 9859.06 9741.69 9534.54 9279.45 9032.11 8778.78 8531.43 8331.60 8650.98 8984.87 9266.86 9564.60 10067.15 10645.87 11253.12 11881.16 12519.33 13138.99 13680.34 14085.92 14385.30 14618.71 14861.71 15160.24 15289.28 15076.94 14635.40 14162.92 13697.85 13243.62 12800.19 12367.34 11944.79 11532.32 11129.68 10736.63 10352.89 9977.41 9596.70 8951.12
6463.04 7017.23 7360.74 7704.16 8054.92 8417.39 8773.48 9111.44 9399.60 9597.59 9605.64 9490.38 9287.77 9038.87 8795.22 8547.57 8304.22 8096.18 8356.61 8675.27 8951.31 9246.08 9737.02 10302.74 10896.67 11510.78 12134.36 12738.98 13266.53 13662.42 13954.95 14184.02 14422.51 14710.66 14832.03 14623.33 14193.15 13731.58 13276.95 12832.87 12399.36 11976.18 11563.08 11159.83 10766.19 10381.93 10006.74 9639.28 9260.40 8524.78
6106.85 6633.39 6959.72 7285.98 7619.21 7963.56 8301.85 8624.49 8898.24 9086.32 9093.98 8984.48 8792.02 8555.56 8322.50 8087.22 7855.69 7652.46 7841.32 8138.27 8400.06 8680.10 9146.47 9683.91 10248.14 10831.57 11423.97 11998.36 12499.53 12875.63 13153.56 13371.19 13597.77 13871.48 13986.74 13788.50 13379.86 12941.36 12509.46 12087.57 11675.73 11273.70 10881.25 10498.15 10124.19 9759.13 9402.70 9053.62 8693.82 7998.26
