#Value_Function_Estimate.
0.00    0.00    0.00    0.00    0.00    0.00    0.00    0.00    0.00    0.00    0.00    0.00    0.00    0.00    0.00    0.00    0.00    0.00    0.00    0.00    0.00    0.00    0.00    0.00    0.00    0.00    0.00    0.00    0.00    0.00    0.00    0.00    0.00    0.00    0.00    0.00    0.00    0.00    0.00    0.00    0.00    0.00    0.00    0.00    0.00    0.00    0.00    0.00    0.00    0.00   
0.00    0.00    0.00    0.00    0.00    0.00    0.00    0.00    0.00    0.00    0.00    0.00    0.00    0.00    0.00    0.00    0.00    0.00    0.00    0.00    0.00    0.00    0.00    0.00    0.00    0.00    0.00    0.00    0.00    0.00    0.00    0.00    0.00    0.00    0.00    0.00    0.00    0.00    0.00    0.00    0.00    0.00    0.00    0.00    0.00    0.00    0.00    0.00    0.00    0.00   
0.00    0.00    0.00    0.00    0.00    0.00    0.00    0.74    0.04    0.00    0.00    0.00    0.00    0.00    0.00    0.00    0.00    0.72    0.04    0.00    0.00    0.00    0.00    0.00    0.00    0.00    0.00    0.00    0.00    0.00    0.00    0.00    0.00    0.00    0.00    0.00    0.00    0.00    0.00    0.00    0.00    0.00    0.00    0.00    0.00    0.00    0.00    0.00    0.00    0.00   
0.00    0.00    0.00    0.00    0.00    0.74    0.04    0.27    0.27    0.00    0.00    0.00    0.00    0.00    0.00    0.71    0.03    0.04    1.04    0.07    0.00    0.00    0.00    0.00    0.00    0.72    0.03    0.00    0.00    0.00    0.00    0.00    0.00    0.00    0.00    0.00    0.00    0.00    0.00    0.00    0.04    0.74    0.00    0.00    0.00    0.00    0.06    0.97    0.00    0.00   
0.00    0.00    0.00    0.00    0.00    0.27    0.27    0.01    0.43    0.29    0.01    0.00    0.00    0.00    0.00    0.03    0.79    0.04    0.07    0.59    0.74    0.03    0.00    0.00    0.00    0.03    0.52    1.01    0.29    0.01    0.00    0.00    0.00    0.00    0.00    0.00    0.19    0.73    0.15    0.07    0.27    0.27    0.00    0.00    0.00    0.01    0.61    0.06    0.00    0.00   
0.00    0.00    0.00    0.00    0.00    0.01    0.41    0.03    0.01    0.15    0.43    0.25    0.01    0.00    0.73    0.04    0.04    0.51    0.03    0.02    0.47    1.17    0.26    0.02    0.00    0.00    0.27    0.52    0.38    0.43    0.24    0.00    0.00    0.00    0.00    0.05    0.71    0.16    0.21    0.24    0.39    0.01    0.00    0.00    0.01    0.44    0.01    0.00    0.00    0.00   
0.00    0.00    0.00    0.00    0.00    0.00    0.01    0.43    0.01    0.00    0.03    0.17    0.67    0.75    0.30    0.27    0.00    0.01    1.06    0.36    0.02    0.50    1.83    0.36    0.11    0.01    0.01    0.10    0.40    0.17    0.18    0.00    0.00    0.04    0.99    0.82    0.02    0.00    0.00    0.00    0.00    0.00    0.00    0.01    0.43    0.01    0.00    0.00    0.00    0.00   
0.00    0.00    0.00    0.00    0.00    0.00    0.00    0.01    0.45    0.25    0.01    0.00    0.06    0.81    0.55    0.42    0.03    0.00    0.05    0.38    0.70    0.17    0.63    0.86    1.32    0.19    0.00    0.12    0.68    0.16    0.04    0.01    0.23    0.66    0.63    0.02    0.00    0.00    0.00    0.00    0.00    0.00    0.01    0.43    0.01    0.00    0.00    0.00    0.00    0.00   
0.00    0.00    0.00    0.00    0.00    0.00    0.00    0.00    0.01    0.17    0.40    0.01    0.00    0.04    0.52    0.45    0.43    0.01    0.00    0.22    0.14    1.16    0.47    0.48    0.64    0.70    0.02    0.58    0.30    0.01    0.03    0.39    0.53    1.10    0.03    0.00    0.00    0.00    0.00    0.00    0.00    0.01    0.45    0.01    0.00    0.00    0.00    0.00    0.00    0.00   
0.00    0.00    0.00    0.00    0.00    0.00    0.00    0.00    0.00    0.00    0.03    0.43    0.01    0.00    0.01    0.46    0.94    0.47    0.01    0.01    0.39    0.06    1.12    0.25    0.45    0.37    0.61    0.42    0.01    0.01    0.45    1.12    0.48    0.03    0.00    0.00    0.00    0.00    0.00    0.00    0.01    0.17    0.25    0.00    0.00    0.00    0.00    0.00    0.00    0.00   
0.00    0.00    0.00    0.00    0.00    0.00    0.00    0.00    0.00    0.00    0.00    0.01    0.43    0.74    0.29    0.24    0.48    0.60    0.44    0.01    0.01    0.43    0.03    1.12    0.86    1.12    0.44    0.01    0.01    0.45    0.94    0.75    0.01    0.00    0.00    0.00    0.00    0.00    0.00    0.01    0.37    0.06    0.01    0.27    0.74    0.00    0.00    0.00    0.00    0.00   
0.00    0.00    0.00    0.00    0.00    0.00    0.00    0.00    0.00    0.00    0.00    0.00    0.01    1.27    0.32    0.19    0.07    0.45    0.46    0.46    0.01    0.01    1.12    0.08    1.16    1.49    0.02    0.01    0.44    0.85    0.52    0.04    0.00    0.00    0.00    0.00    0.00    0.03    0.72    0.42    0.01    0.01    0.41    0.27    0.04    0.00    0.00    0.00    0.00    0.00   
0.00    0.00    0.00    0.00    0.00    0.00    0.00    0.74    0.29    0.48    0.03    0.00    0.00    0.57    0.82    0.06    0.40    0.03    0.71    0.70    0.17    0.01    0.29    0.66    0.73    1.41    0.14    0.68    0.89    0.72    0.01    0.00    0.00    0.00    0.00    0.00    0.01    0.51    0.46    0.04    0.51    0.45    0.03    0.00    0.00    0.00    0.04    0.74    0.00    0.00   
0.00    0.00    0.00    0.00    0.00    0.00    0.00    0.04    0.28    0.25    0.49    0.01    0.00    0.03    0.78    0.56    0.52    0.20    0.04    0.52    0.54    0.39    0.27    0.81    2.17    1.16    0.57    0.91    0.80    0.04    0.02    0.32    0.85    0.03    0.72    0.01    0.44    0.44    0.02    0.50    0.26    0.75    0.00    0.00    0.00    0.08    0.27    0.27    0.00    0.00   
0.00    0.00    0.00    0.00    0.00    0.00    0.00    0.00    0.72    0.04    0.02    0.43    0.01    0.00    0.02    0.81    0.17    0.52    0.03    0.93    0.34    0.78    0.92    1.58    2.10    2.53    0.93    0.52    0.04    0.01    0.43    0.12    0.09    0.51    0.04    0.43    0.46    0.52    0.46    0.02    0.27    0.27    0.00    0.00    0.03    0.28    0.51    0.01    0.00    0.00   
0.00    0.00    0.00    0.00    0.00    0.00    0.00    0.00    0.03    0.51    0.01    0.01    0.43    0.01    0.00    0.02    0.83    0.28    0.29    0.39    0.98    1.46    0.82    0.50    2.00    3.00    1.01    0.06    0.12    0.14    0.28    0.15    0.67    0.03    0.48    0.70    0.53    0.22    0.02    0.03    0.41    0.01    0.00    0.01    0.40    0.02    0.00    0.00    0.00    0.00   
0.00    0.00    0.00    0.00    0.00    0.00    0.00    0.00    0.00    0.01    0.44    0.01    0.01    0.43    0.00    0.00    0.02    0.79    0.58    0.70    1.37    0.56    0.06    0.24    0.62    2.01    2.56    0.31    0.38    1.08    0.03    0.40    0.01    0.41    0.77    0.54    1.02    0.72    0.04    0.72    0.01    0.00    0.03    0.70    0.01    0.00    0.00    0.00    0.00    0.00   
0.00    0.01    0.00    0.00    0.00    0.00    0.00    0.00    0.00    0.00    0.01    0.71    0.03    0.03    0.68    0.03    0.00    0.04    1.32    1.73    0.64    0.18    0.73    0.67    0.52    1.14    1.84    2.14    0.86    0.08    0.71    0.01    0.09    0.57    0.47    0.63    0.56    0.04    0.26    0.27    0.00    0.01    0.50    0.03    0.00    0.00    0.00    0.00    0.00    0.00   
0.00    0.40    0.06    0.00    0.00    0.00    0.00    0.00    0.00    0.00    0.00    0.03    0.50    0.01    0.05    0.50    0.09    1.66    1.34    1.28    0.54    0.27    0.29    0.04    0.32    1.47    1.87    1.70    2.31    0.48    0.09    0.07    0.94    0.77    1.15    1.19    0.06    0.04    0.43    0.01    0.01    0.45    0.01    0.00    0.00    0.00    0.00    0.00    0.00    0.00   
0.44    0.65    0.11    0.07    0.00    0.00    0.00    0.73    0.29    0.49    0.03    0.00    0.01    0.46    0.04    0.06    1.54    1.16    1.05    0.58    0.02    0.00    0.42    0.30    0.41    0.15    0.74    1.62    1.82    2.38    1.11    1.29    1.34    1.63    1.34    0.92    0.93    0.67    0.50    0.25    0.15    0.25    0.00    0.00    0.00    0.00    0.00    0.00    0.00    0.00   
0.00    0.13    0.53    0.06    0.00    0.00    0.00    0.04    0.29    0.25    0.49    0.01    0.00    0.25    0.16    0.37    1.44    1.60    0.62    0.05    0.00    0.04    0.87    0.56    0.22    0.76    0.62    0.59    1.52    1.58    1.35    1.08    1.19    1.06    0.96    0.93    0.68    0.80    0.91    0.02    0.40    0.01    0.00    0.00    0.00    0.00    0.00    0.00    0.00    0.00   
0.00    0.00    0.02    0.45    0.01    0.00    0.00    0.00    0.00    0.00    0.02    0.43    0.01    0.01    0.37    1.07    2.08    0.70    0.22    0.01    0.17    0.62    0.88    0.40    0.66    0.85    0.97    0.06    0.19    1.42    0.90    0.12    0.39    0.02    0.17    0.29    0.22    0.51    0.44    0.84    0.01    0.00    0.00    0.00    0.00    0.00    0.00    0.00    0.00    0.00   
0.00    0.00    0.72    0.04    0.43    0.01    0.00    0.00    0.00    0.00    0.00    0.01    0.43    0.01    0.49    2.50    0.57    0.01    0.01    0.45    0.25    0.53    0.47    0.38    0.67    0.02    0.00    0.00    0.22    1.09    1.74    0.13    0.17    0.25    0.01    0.45    0.02    0.45    0.01    0.44    0.84    0.01    0.00    0.00    0.00    0.00    0.00    0.00    0.00    0.00   
0.00    0.00    0.03    0.51    0.02    0.70    0.76    0.03    0.03    0.10    0.02    0.03    0.01    0.51    2.44    0.56    0.01    0.01    0.43    0.01    0.01    1.20    0.64    0.44    0.01    0.02    0.53    0.27    0.19    1.09    1.32    0.74    0.20    0.59    0.02    0.01    0.41    0.01    0.43    0.02    0.47    0.93    0.02    0.00    0.00    0.00    0.00    0.00    0.00    0.00   
0.00    0.00    0.00    0.01    0.44    0.41    0.65    0.98    0.93    0.90    1.65    0.80    1.12    1.73    0.55    0.02    0.01    0.43    0.01    0.01    0.44    0.97    0.49    0.03    0.04    0.39    0.11    0.06    0.13    0.73    1.25    1.80    0.81    0.50    0.84    0.01    0.03    0.43    0.01    0.43    0.02    0.44    1.13    0.04    0.00    0.00    0.00    0.00    0.00    0.00   
0.00    0.00    0.00    0.03    0.51    0.46    0.41    0.89    1.09    0.69    0.85    1.07    0.94    0.53    0.10    0.01    0.43    0.01    0.01    0.44    0.45    0.45    0.18    0.53    0.30    0.29    0.01    0.00    0.06    1.38    0.54    0.22    0.44    0.52    0.51    0.82    0.01    0.01    0.43    0.01    0.43    0.02    0.51    1.09    0.02    0.00    0.00    0.00    0.00    0.00   
0.00    0.00    0.00    0.72    0.03    0.04    0.90    0.02    0.03    0.07    0.36    0.43    0.03    0.00    0.03    0.41    0.01    0.01    0.44    0.53    0.46    0.53    0.26    0.01    0.03    0.00    0.00    0.02    0.83    0.39    1.15    0.10    0.12    0.47    0.03    0.58    0.70    0.01    0.01    0.43    0.01    0.44    0.04    0.42    0.91    0.04    0.00    0.00    0.00    0.00   
0.00    0.00    0.00    0.00    0.01    1.07    0.06    0.00    0.01    0.43    0.11    0.00    0.00    0.01    0.43    0.00    0.00    0.26    0.96    0.47    0.71    0.06    0.01    0.42    0.01    0.00    0.06    0.83    0.03    0.98    0.67    0.86    0.27    0.26    0.53    0.05    0.86    0.66    0.04    0.01    0.43    0.02    0.51    0.21    0.30    1.08    0.02    0.00    0.02    0.00   
0.00    0.00    0.00    0.00    0.26    0.17    0.00    0.01    0.43    0.01    0.00    0.00    0.01    0.43    0.01    0.00    0.00    0.76    0.84    0.28    0.17    0.01    0.36    0.08    0.00    0.03    0.71    0.10    0.01    0.76    0.42    0.03    0.86    0.02    0.03    0.72    0.04    0.80    0.97    0.00    0.01    0.43    0.04    0.74    0.52    0.07    0.29    0.13    0.66    0.00   
0.00    0.00    0.01    0.05    0.44    0.01    0.01    0.43    0.01    0.00    0.00    0.04    0.51    0.01    0.00    0.00    0.03    0.67    0.18    0.45    0.03    0.14    0.32    0.01    0.01    0.68    0.26    0.05    0.40    0.73    0.48    0.01    0.06    0.89    0.04    0.00    0.00    0.18    0.68    0.03    0.00    0.01    0.43    0.01    0.03    0.72    0.00    0.24    0.02    0.00   
0.00    0.14    0.22    0.39    0.01    0.01    0.40    0.03    0.00    0.00    0.04    0.78    0.04    0.00    0.04    0.27    0.42    0.46    0.46    0.19    0.46    0.10    0.01    0.01    0.44    0.73    0.27    0.21    1.12    0.28    0.51    0.46    0.01    0.43    0.76    0.03    0.00    0.01    0.46    0.41    0.17    0.02    0.01    0.40    0.01    0.00    0.00    0.00    0.00    0.00   
0.44    0.87    0.15    0.03    0.00    0.22    0.12    0.01    0.00    0.00    0.71    0.04    0.00    0.00    0.74    0.37    0.81    0.50    0.46    0.27    0.23    0.01    0.04    0.51    0.44    0.05    0.52    0.59    0.01    0.00    0.21    0.54    0.43    0.03    0.51    0.78    0.03    0.00    0.01    0.51    0.29    0.53    0.03    0.03    0.23    0.01    0.00    0.00    0.00    0.00   
0.00    0.15    0.02    0.00    0.04    0.31    0.09    0.00    0.00    0.00    0.00    0.00    0.01    0.00    0.30    0.99    0.72    0.44    0.01    0.00    0.00    0.03    0.73    0.46    0.02    0.73    0.63    0.10    0.00    0.00    0.02    0.43    0.15    0.41    0.06    0.64    0.75    0.00    0.00    0.03    0.72    0.03    0.72    0.00    0.16    0.09    0.03    0.72    0.00    0.00   
0.00    0.00    0.00    0.00    0.73    0.26    0.00    0.00    0.00    0.00    0.00    0.26    0.28    0.46    1.33    0.50    0.47    0.01    0.00    0.04    0.28    0.67    0.42    0.02    0.45    0.14    0.33    0.01    0.00    0.00    0.00    0.05    0.46    0.01    0.39    0.06    0.71    0.00    0.00    0.00    0.00    0.00    0.00    0.00    0.00    0.27    0.49    0.03    0.00    0.00   
0.00    0.00    0.00    0.00    0.00    0.00    0.00    0.00    0.00    0.00    0.01    0.73    1.26    1.75    0.50    0.69    0.01    0.00    0.01    0.72    0.98    0.29    0.18    0.56    0.45    0.10    0.01    0.00    0.00    0.00    0.00    0.72    0.05    0.42    0.01    0.00    0.00    0.00    0.00    0.00    0.00    0.00    0.00    0.00    0.00    0.01    0.01    0.00    0.00    0.00   
0.00    0.00    0.00    0.00    0.00    0.00    0.00    0.00    0.00    0.00    0.29    1.65    2.15    0.13    1.11    0.05    0.00    0.05    0.38    0.01    0.03    0.26    0.76    0.50    0.26    0.01    0.00    0.00    0.00    0.00    0.00    0.06    0.37    0.01    0.00    0.00    0.00    0.00    0.00    0.00    0.00    0.00    0.00    0.00    0.00    0.00    0.00    0.00    0.00    0.00   
0.00    0.00    0.00    0.00    0.00    0.00    0.00    0.00    0.00    0.00    2.18    1.81    0.35    0.41    0.01    0.00    0.18    0.18    0.01    0.00    0.72    0.08    0.43    0.01    0.00    0.00    0.00    0.00    0.00    0.00    0.25    0.17    0.01    0.00    0.00    0.00    0.00    0.00    0.00    0.00    0.00    0.00    0.00    0.00    0.00    0.00    0.00    0.00    0.00    0.00   
0.00    0.00    0.00    0.00    0.00    0.00    0.00    0.00    0.01    0.43    2.13    0.79    0.28    0.01    0.00    0.21    0.12    0.01    0.00    0.01    0.21    0.40    0.01    0.00    0.00    0.00    0.00    0.00    0.00    0.01    0.45    0.01    0.00    0.00    0.00    0.72    0.04    0.00    0.03    0.71    0.00    0.00    0.00    0.00    0.00    0.00    0.00    0.00    0.00    0.00   
0.00    0.00    0.00    0.00    0.00    0.00    0.00    0.01    0.34    1.53    1.15    0.28    0.00    0.00    0.05    0.20    0.01    0.00    0.10    0.29    0.24    0.01    0.00    0.00    0.00    0.00    0.00    0.00    0.01    0.43    0.01    0.00    0.00    0.00    0.00    0.03    0.53    0.28    0.38    0.22    0.47    0.10    0.00    0.03    0.72    0.00    0.00    0.00    0.00    0.00   
0.00    0.00    0.00    0.00    0.00    0.00    0.05    1.01    0.57    0.85    0.61    0.46    0.75    0.07    0.01    0.34    0.07    0.00    0.03    0.70    0.01    0.00    0.00    0.00    0.00    0.00    0.00    0.03    0.43    0.01    0.00    0.00    0.00    0.00    0.00    0.00    0.02    0.19    0.18    1.57    1.88    0.23    0.01    0.50    0.03    0.00    0.00    0.00    0.00    0.00   
0.00    0.00    0.00    0.00    0.00    0.01    1.32    0.47    0.80    1.12    0.78    0.45    0.58    1.22    0.00    0.06    0.97    0.00    0.00    0.00    0.00    0.00    0.00    0.00    0.00    0.04    0.27    0.41    0.01    0.00    0.00    0.00    0.00    0.00    0.00    0.00    0.00    0.01    1.05    2.42    0.68    0.26    0.43    0.01    0.00    0.00    0.00    0.00    0.00    0.00   
0.00    0.00    0.00    0.00    0.01    0.89    0.62    0.02    0.00    0.98    0.69    0.05    0.43    0.91    0.18    0.01    0.00    0.00    0.00    0.00    0.00    0.00    0.00    0.00    0.00    0.73    0.27    0.01    0.41    0.27    0.00    0.00    0.00    0.00    0.00    0.00    0.02    0.84    0.44    0.51    0.57    0.94    0.06    0.00    0.00    0.00    0.00    0.00    0.00    0.00   
0.00    0.00    0.00    0.01    0.79    1.01    0.07    0.00    0.00    0.50    0.54    0.71    0.02    0.22    0.27    0.45    0.01    0.00    0.00    0.00    0.00    0.00    0.00    0.00    0.00    0.00    0.01    0.42    0.01    0.09    0.15    0.00    0.00    0.00    0.00    0.06    0.83    0.08    0.38    0.83    0.69    0.20    0.43    0.01    0.00    0.00    0.00    0.00    0.00    0.00   
0.00    0.00    0.00    0.51    0.76    0.07    0.00    0.00    0.02    0.93    0.19    0.04    0.59    0.06    0.00    0.01    0.43    0.01    0.00    0.00    0.00    0.00    0.00    0.00    0.00    0.06    0.37    0.01    0.00    0.01    0.95    0.40    0.00    0.01    0.26    0.79    0.27    0.16    0.06    1.01    0.04    0.00    0.01    0.43    0.01    0.00    0.00    0.00    0.00    0.00   
0.00    0.00    0.07    1.60    0.08    0.00    0.00    0.00    0.01    0.28    0.54    0.09    0.06    0.96    0.02    0.00    0.02    0.41    0.01    0.00    0.00    0.00    0.00    0.00    0.23    0.17    0.01    0.00    0.00    0.00    0.04    0.64    0.21    0.15    0.73    0.08    0.57    0.05    0.88    0.02    0.00    0.00    0.00    0.01    0.43    0.01    0.00    0.00    0.00    0.00   
0.00    0.01    1.31    0.07    0.00    0.00    0.00    0.00    0.11    0.92    0.42    0.01    0.00    0.01    0.55    0.28    0.01    0.14    0.28    0.00    0.00    0.00    0.00    0.00    0.31    0.14    0.00    0.00    0.00    0.00    0.00    0.12    0.46    1.19    0.06    0.36    0.75    0.84    0.07    0.00    0.00    0.00    0.00    0.00    0.01    0.42    0.01    0.00    0.00    0.00   
0.00    0.28    0.05    0.01    0.00    0.00    0.00    0.00    0.01    0.32    0.73    0.00    0.00    0.00    0.04    0.50    0.04    0.01    0.42    0.03    0.04    0.00    0.03    0.05    0.41    0.01    0.00    0.00    0.00    0.00    0.04    0.03    0.40    0.01    0.00    0.00    0.70    0.71    0.00    0.00    0.00    0.00    0.00    0.00    0.00    0.01    0.38    0.01    0.00    0.00   
0.44    0.62    0.13    0.00    0.00    0.00    0.00    0.00    0.00    0.01    0.50    0.03    0.00    0.00    0.00    0.03    0.71    0.00    0.01    0.25    0.14    0.02    0.15    0.21    0.01    0.00    0.00    0.00    0.00    0.00    0.14    0.25    0.01    0.00    0.00    0.00    0.00    0.00    0.00    0.00    0.00    0.00    0.00    0.00    0.00    0.00    0.05    0.18    0.02    0.00   
0.00    0.05    0.00    0.00    0.00    0.00    0.00    0.00    0.00    0.00    0.03    0.72    0.00    0.00    0.00    0.00    0.00    0.00    0.00    0.02    0.66    0.17    0.86    0.15    0.00    0.00    0.00    0.00    0.00    0.02    0.66    0.02    0.00    0.00    0.00    0.00    0.00    0.00    0.00    0.00    0.00    0.00    0.00    0.00    0.00    0.00    0.03    0.18    0.74    0.00   
0.00    0.00    0.00    0.00    0.00    0.00    0.00    0.00    0.00    0.00    0.00    0.00    0.00    0.00    0.00    0.00    0.00    0.00    0.00    0.00    0.00    0.00    0.44    0.00    0.00    0.00    0.00    0.00    0.00    0.00    0.00    0.00    0.00    0.00    0.00    0.00    0.00    0.00    0.00    0.00    0.00    0.00    0.00    0.00    0.00    0.00    0.00    0.00    0.00    0.00   
