#Value Function.
13.5536 13.9165 13.9971 14.2862 14.5939 14.9056 15.1671 15.4195 15.6483 15.8799 16.0939 16.4217 16.8381 16.8977 16.9268 16.9026 16.9161 16.8120 16.7877 16.7242 16.7555 16.8529 17.0093 17.3301 17.5070 17.4993 17.5226 17.4993 17.5131 17.4185 17.3941 17.3177 17.2907 17.2547 17.3886 17.4100 17.4231 17.4123 17.4230 17.4070 17.3550 17.0728 16.6987 16.3992 16.1843 16.0046 15.8806 15.8192 15.7851 15.7284
13.5297 14.0153 14.2367 14.4405 14.7479 15.0643 15.3919 15.6529 15.9149 16.1454 16.3866 16.5864 16.9297 17.4210 17.4239 17.4654 17.3269 17.3208 17.2451 17.2138 17.1691 17.2835 17.3728 17.5197 17.8962 18.0762 18.0364 18.0764 17.9502 17.9455 17.8504 17.8350 17.7725 17.7435 17.7814 17.9494 17.9515 17.9700 17.9505 17.9287 17.6229 17.2151 16.9049 16.6918 16.5046 16.3754 16.3167 16.2869 16.2439 16.0898
13.5615 13.9609 14.4551 14.5796 14.9029 15.2158 15.5403 15.8876 16.1436 16.4187 16.6479 16.9039 17.0806 17.4367 18.0330 17.8403 17.8666 17.7690 17.7590 17.6191 17.5430 17.7054 17.8199 17.8997 18.0274 18.4797 18.6574 18.4806 18.5110 18.3855 18.3896 18.3164 18.2677 18.2552 18.2877 18.3086 18.5271 18.4954 18.5183 18.1828 17.7354 17.4154 17.2078 17.0113 16.8760 16.8211 16.7947 16.7639 16.6151 16.3302
13.5365 13.9956 14.3661 14.8685 15.0182 15.3816 15.6946 16.0269 16.4000 16.6437 16.9381 17.1606 17.4405 17.5813 17.8774 18.4354 18.2988 18.3256 18.1485 18.1065 17.8433 18.0375 18.2636 18.3703 18.4415 18.5339 18.8069 19.1016 18.9264 18.9629 18.8737 18.8191 18.8257 18.7151 18.8001 18.8504 18.8389 19.1336 18.7592 18.2651 17.9364 17.7391 17.5307 17.3878 17.3386 17.3140 17.2985 17.1529 16.8336 16.6399
13.5865 13.9691 14.4598 14.7294 15.2468 15.4725 15.8778 16.1839 16.5238 16.9274 17.0931 17.4837 17.6801 17.9731 18.0694 18.3067 18.9194 18.6792 18.6973 18.3672 18.2898 18.3185 18.5966 18.8391 18.9344 19.0010 19.0580 19.2541 19.5582 19.4445 19.3798 19.4180 19.2701 19.2764 19.2404 19.3840 19.4311 19.3524 18.8033 18.4674 18.2874 18.0631 17.9106 17.8702 17.8445 17.8472 17.7127 17.3307 17.2056 16.6739
13.5479 14.0445 14.3308 14.7697 15.0875 15.6086 15.8774 16.3170 16.5102 16.9463 17.2980 17.5024 17.6437 17.7891 18.2616 18.5041 18.6761 19.3244 18.8875 18.8778 18.5706 18.6445 18.8717 19.1705 19.4334 19.5113 19.5796 19.6164 19.8179 19.9373 20.0368 19.8307 19.8678 19.8175 19.8300 19.7964 19.9895 19.3490 19.0076 18.8547 18.6087 18.4439 18.4172 18.3860 18.4089 18.3010 17.8195 17.7975 17.1944 16.6882
13.5788 13.8988 14.3005 14.6414 15.1123 15.4862 15.8406 16.0343 16.4272 16.8018 17.3491 17.2050 17.5109 17.6980 17.9340 18.2052 18.6960 18.8786 19.4987 19.1192 18.9495 18.9575 19.2165 19.4355 19.7599 20.0484 20.0994 20.1766 20.1847 20.4166 20.3466 20.4806 20.4119 20.3636 20.2157 20.1903 19.8435 19.5558 19.4437 19.1675 18.9865 18.9815 18.9379 18.9812 18.9238 18.3150 17.9971 17.4318 17.2168 16.6751
13.4663 13.8487 14.1991 14.6344 15.0062 15.3408 15.5662 15.9268 16.3042 16.7620 16.7790 16.9724 17.1731 17.4032 17.6818 18.1106 18.3572 18.8501 18.8769 19.4964 19.5545 19.3961 19.4573 19.8170 20.0067 20.3654 20.6868 20.6961 20.7955 20.7580 21.0524 20.7477 20.8525 20.6738 20.5545 20.3257 20.1181 20.0588 19.7373 19.5531 19.4522 19.4219 19.5843 19.3123 18.7671 18.3346 17.7966 17.4343 16.9425 16.6605
13.4066 13.7634 14.1719 14.5369 14.8583 15.1032 15.4419 15.8112 16.2086 16.2906 16.4609 16.6593 16.8864 17.1653 17.5516 17.8313 18.2460 18.3741 18.8608 18.9916 19.3939 19.9229 19.8896 20.0127 20.4460 20.5812 20.9884 21.3521 21.2971 21.4416 21.2137 21.3586 21.1339 21.0332 20.7672 20.6926 20.7050 20.3144 20.1415 19.9802 19.8893 20.0711 19.7481 19.2031 18.7296 18.2762 17.7829 17.2811 16.8973 16.4461
13.3309 13.7231 14.0790 14.3909 14.6474 14.9701 15.3263 15.6816 15.8051 15.9645 16.1582 16.3824 16.6579 17.0137 17.3083 17.6740 17.8611 18.2653 18.4590 18.8316 19.3164 19.7042 20.0818 20.3669 20.5850 21.0861 21.1561 21.6227 22.0275 21.7362 21.9086 21.5883 21.5266 21.3145 21.2101 21.3903 20.8944 20.7468 20.5817 20.4260 20.5378 20.1680 19.7325 19.1740 18.8462 18.3029 17.7763 17.2540 16.7866 16.3762
13.2822 13.6327 13.9371 14.1999 14.5102 14.8513 15.1762 15.3260 15.4811 15.6697 15.8907 16.1607 16.4935 16.7926 17.1264 17.3473 17.7002 17.9362 18.3433 18.7605 19.3640 19.8127 20.0030 20.5611 20.7544 20.9921 21.4176 21.5443 21.9191 22.4373 22.1281 21.9523 21.9282 21.8139 21.7575 21.4696 21.3712 21.2030 21.0083 21.0459 20.7234 20.1431 19.7184 19.4528 18.8614 18.3243 17.7801 17.3073 16.8372 16.4032
13.1932 13.4959 13.7616 14.0615 14.3873 14.6892 14.8555 15.0098 15.1937 15.4109 15.6744 15.9891 16.2867 16.5990 16.8398 17.1734 17.5540 18.0207 18.3789 18.9191 19.2592 19.7738 20.3116 20.2786 20.7226 20.9124 21.0000 21.6006 21.8269 21.8740 22.5726 22.4242 22.3459 22.3226 22.0580 22.0187 21.8437 21.6188 21.5667 21.2803 20.6056 20.2727 20.0921 19.4285 18.8885 18.3170 17.8433 17.3533 16.9273 16.4349
13.0619 13.3327 13.6234 13.9346 14.2187 14.3951 14.5516 14.7446 14.9511 15.2050 15.5512 15.9916 16.4484 16.6055 16.8981 17.2453 17.6969 18.0840 18.5917 18.9123 19.5292 19.8177 19.8337 20.3388 20.5880 20.7909 21.4267 21.2633 21.3006 21.8410 22.1361 22.7364 22.8432 22.6848 22.6726 22.5037 22.2502 22.0990 21.8172 21.1265 20.7691 20.5233 19.8870 19.4714 18.8635 18.3963 17.8791 17.4619 16.9532 16.4545
12.9646 13.2940 13.6351 13.9691 14.2843 14.5073 14.7200 14.9735 15.2174 15.4176 15.6480 16.0329 16.4920 17.0054 17.0957 17.4182 17.7642 18.2536 18.6197 19.1901 19.4112 19.4883 19.9036 20.3485 20.5975 21.2840 20.7827 20.7834 21.2573 21.5976 22.2539 22.4568 22.8921 23.1060 23.0743 22.9117 22.6218 22.3703 21.6653 21.1953 20.9612 20.3478 20.0294 19.3940 18.9694 18.4124 18.0150 17.4772 16.9739 16.4643
13.0655 13.3915 13.7239 14.0773 14.4210 14.7548 14.9696 15.1824 15.4507 15.7045 15.8983 16.1183 16.5277 16.9997 17.5956 17.5813 17.9587 18.2895 18.8343 19.1555 19.2023 19.6267 20.0829 20.5003 20.9946 20.5914 20.5865 20.8633 21.2503 21.9358 21.9761 22.5188 22.7604 23.0971 23.5771 23.1058 22.7495 22.1599 21.7472 21.4085 20.8740 20.3427 19.8844 19.5707 18.9494 18.5898 18.0120 17.5013 16.9812 16.4819
13.1579 13.4972 13.8245 14.1643 14.5314 14.8833 15.2415 15.4421 15.6547 15.9411 16.2063 16.3917 16.5956 17.0378 17.3890 17.9666 18.0782 18.5237 18.8165 19.0164 19.2879 19.7989 20.2147 20.7037 20.3597 20.3206 20.2926 20.8259 21.5279 21.4791 22.0328 22.2935 22.6990 22.9374 23.3634 23.0470 22.5894 22.2337 21.6167 21.1810 20.7793 20.5081 19.8604 19.4779 19.1915 18.5555 18.0436 17.5052 16.9966 16.5289
13.2362 13.5925 13.9355 14.2682 14.6150 14.9982 15.3549 15.7468 15.9236 16.1370 16.4455 16.7238 16.8983 17.0778 17.4297 17.8198 18.4034 18.5963 18.8812 19.1128 19.6243 19.8342 20.4372 20.2002 20.0600 19.8106 20.3734 20.8733 21.1541 21.6212 21.7525 22.1550 22.3026 22.6987 22.9120 22.9650 22.4443 21.9567 21.5627 21.0039 20.5681 20.2332 20.0999 19.4593 19.0632 18.6023 18.0425 17.5168 17.0528 16.5539
13.3083 13.6715 14.0336 14.3855 14.7230 15.0761 15.4787 15.8341 16.2740 16.4125 16.6291 16.9645 17.2577 17.4193 17.5817 17.9658 18.1781 18.6302 18.9662 19.5004 19.6464 20.2854 20.0151 19.8231 19.6101 19.9152 20.4020 20.9978 21.1587 21.1649 21.5966 21.7037 22.1720 22.3967 22.8966 22.8044 22.4963 21.9521 21.3553 20.9207 20.4015 19.9832 19.8018 19.6723 19.0358 18.5933 18.0478 17.5869 17.0686 16.6169
13.3740 13.7457 14.1129 14.4864 14.8475 15.1893 15.5471 15.9749 16.3179 16.8286 16.9057 17.1317 17.4989 17.8091 17.9537 18.0911 18.5473 18.6838 19.1963 19.5151 20.1644 19.6652 19.6551 19.4105 19.5990 20.1622 20.5080 20.6462 20.6015 20.9855 21.1471 21.6340 21.7873 22.2935 22.4742 22.3975 22.2438 21.9010 21.4356 20.8312 20.3369 19.8194 19.4286 19.3638 19.1826 18.5619 18.1397 17.5861 17.1481 16.6257
13.4376 13.8124 14.1896 14.5652 14.9512 15.3220 15.6672 16.0273 16.4897 16.8012 17.4149 17.3790 17.6369 18.0157 18.3764 18.4520 18.5794 19.1705 19.1904 19.8175 19.4917 19.5059 19.1475 19.2587 19.8686 20.1564 20.0965 20.1878 20.4877 20.6677 21.1030 21.2217 21.6469 22.1115 22.2471 21.9722 21.8462 21.6752 21.2627 20.8720 20.4201 19.8000 19.2613 18.8958 18.9372 18.7184 18.1098 17.6922 17.1412 16.6745
13.4966 13.8782 14.2570 14.6452 15.0285 15.4284 15.8096 16.1575 16.5150 16.9501 17.2023 17.5700 17.7204 18.0214 18.2162 18.4305 18.9175 19.0112 19.6499 19.3922 19.2041 18.9293 19.0163 19.6159 19.6302 19.6943 19.8905 20.1743 20.6110 20.7623 21.2045 21.4061 21.8589 22.0735 21.7657 21.6117 21.3637 21.4260 21.0421 20.6443 20.2578 19.8312 19.3586 18.7814 18.4101 18.5745 18.2592 17.6576 17.2099 16.6510
13.5495 13.9388 14.3251 14.7126 15.1130 15.5027 15.9185 16.3107 16.6844 17.0076 17.3201 17.2423 17.6302 17.7239 18.0491 18.6247 18.5909 19.1681 19.1960 19.0533 18.7923 18.7606 19.3361 19.0969 19.3147 19.6016 20.0590 20.5350 20.7654 21.2903 21.3535 21.8791 22.0070 21.5357 21.5208 21.3783 21.0000 20.7773 20.7577 20.4208 20.0398 19.6610 19.3121 18.8610 18.3806 17.9957 18.0261 17.7598 17.1651 16.6771
13.6236 13.9890 14.3880 14.7837 15.1795 15.5938 15.9875 16.4572 16.8212 17.2341 16.8175 17.0762 17.2580 17.7000 18.3034 18.2040 18.7841 18.8796 18.6290 18.5833 18.5849 19.1572 18.7672 18.9897 19.2583 19.6972 20.2232 20.6581 21.2326 21.3458 22.0011 21.9286 21.3407 21.3173 21.1658 21.0304 20.8216 20.4757 20.2046 20.1199 19.8134 19.4493 19.0838 18.7296 18.2989 17.9280 17.6491 17.5589 17.2049 16.6504
13.6710 14.0728 14.4330 14.8498 15.2539 15.6574 16.0885 16.4851 17.0062 16.6820 16.6660 16.7715 17.2174 17.8093 17.7530 18.2047 18.5522 18.2703 18.2773 18.3681 18.9829 18.5635 18.5449 18.9078 19.2848 19.8826 20.2753 20.8883 21.2508 21.9400 21.6687 21.5192 21.2471 20.7751 20.6887 20.5524 20.4858 20.3620 20.0328 19.6518 19.5090 19.2209 18.8731 18.5190 18.1642 17.7581 17.4933 17.2607 16.9976 16.6548
13.7975 14.1048 14.5323 14.8851 15.3252 15.7361 16.0983 16.5507 16.4356 16.4513 16.3025 16.7152 17.2910 17.3304 17.6981 18.2012 17.9413 17.9455 18.0252 18.5031 18.3621 18.3681 18.5331 18.9077 19.5307 19.8354 20.4192 20.8637 21.5555 21.6740 21.4301 21.0749 20.9988 20.6201 20.2083 20.0825 19.9581 19.8802 19.7446 19.5625 19.1169 18.9220 18.6440 18.3110 17.9669 17.6156 17.2519 17.1926 16.7620 16.4723
13.7972 14.2672 14.5366 15.0104 15.3433 15.7170 16.1544 16.0342 16.0349 15.9496 16.3039 16.7398 17.0360 17.3196 17.8388 17.5977 17.6026 17.6959 18.1227 17.9059 17.9323 18.2344 18.5317 19.1494 19.3587 19.8641 20.4318 21.0554 21.3729 21.2186 21.3739 20.8389 20.5469 20.4272 20.0168 19.6458 19.4960 19.3766 19.2895 19.1601 19.1037 18.6557 18.3660 18.0839 17.7626 17.4279 17.0849 16.7650 16.6375 16.2601
13.8140 14.2407 14.7541 14.9663 15.4820 15.8291 15.6251 15.6454 15.5772 15.9872 16.3384 16.8174 17.0571 17.6185 17.3947 17.2803 17.3345 17.7448 17.5283 17.5523 17.9593 18.1481 18.7593 18.9764 19.3466 19.9663 20.4531 21.0646 20.7488 21.0921 20.9082 20.9734 20.3451 20.0504 19.8081 19.4296 19.0904 18.9264 18.8083 18.7151 18.6094 18.6476 18.2657 17.8402 17.5413 17.2281 16.9023 16.5713 16.2785 16.1029
13.7974 14.2691 14.5541 14.9997 15.4292 15.2986 15.3181 15.4080 15.8114 16.0439 16.5005 16.8282 17.3975 17.2467 17.0710 16.9065 17.2835 17.1592 17.1809 17.6667 17.7373 18.2572 18.6114 18.8636 19.4909 19.9107 20.5907 20.4044 20.5327 20.7602 20.8222 20.4870 20.6313 19.9920 19.7424 19.2405 18.8612 18.5444 18.3722 18.2535 18.1582 18.0718 18.0522 17.8587 17.3432 17.0166 16.7075 16.3902 16.0723 15.7910
13.8006 14.1195 14.5440 15.0214 14.9087 14.9362 15.1781 15.5937 15.8780 16.3354 16.5135 17.0582 17.1500 16.8677 16.7091 16.7987 16.7339 16.8384 17.3626 17.3061 17.7327 18.2764 18.4869 18.9800 19.3459 19.9064 19.9250 20.0962 20.3179 20.5583 20.5834 20.3007 20.0284 20.3892 19.7393 19.3443 18.7760 18.3563 18.0141 17.8329 17.7125 17.6175 17.5394 17.5035 17.5002 16.9148 16.5147 16.2015 15.8916 15.5807
13.6854 14.0990 14.5768 14.5091 14.5403 14.8166 15.2931 15.6498 16.1054 16.3597 16.9045 16.7922 16.8252 16.6116 16.3658 16.4253 16.5333 17.0755 16.9192 17.2920 17.8573 18.2070 18.4516 18.7883 19.2664 19.3845 19.6626 19.7289 19.9771 20.2751 20.4203 20.4478 19.9821 19.7480 19.9608 19.3247 18.9350 18.3722 17.9570 17.5091 17.3092 17.1855 17.0913 17.0178 16.9821 16.9112 16.4158 16.0238 15.7092 15.4006
13.6552 14.0809 14.1535 14.1294 14.3799 14.8303 15.2836 15.7949 16.1254 16.6767 16.3644 16.3785 16.2985 16.2912 16.1619 16.1865 16.6819 16.6178 16.9531 17.4637 17.7957 18.0552 18.2442 18.6615 18.8525 19.2703 19.1804 19.4008 19.7358 20.2931 20.1099 20.2589 19.9906 19.6505 19.4030 19.5408 18.9114 18.5213 17.9965 17.5530 17.0795 16.8072 16.6730 16.5788 16.5088 16.4661 16.3532 15.9224 15.5433 15.2244
13.5949 13.6876 13.7539 13.9651 14.3712 14.8178 15.3050 15.7582 16.3193 16.1284 16.1328 15.8982 15.8743 15.8104 15.8747 16.3875 16.3545 16.6699 17.1524 17.4509 17.7707 17.7249 18.0857 18.3287 18.7777 18.6623 18.8419 19.1733 19.6584 19.7868 19.9923 19.7446 19.8924 19.5496 19.1030 19.1178 19.1132 18.5367 18.1002 17.6001 17.1837 16.7065 16.3293 16.1758 16.0798 16.0114 15.9591 15.8204 15.4369 15.0676
13.2520 13.3398 13.5488 13.9275 14.3621 14.8298 15.2791 15.7545 15.7583 15.7953 15.6552 15.6173 15.4329 15.6750 16.0559 16.0305 16.3729 16.8892 17.1606 17.7265 17.2636 17.5358 17.8151 18.2933 18.1763 18.3014 18.6278 19.1064 19.3812 19.8379 19.6768 19.4165 19.2773 19.5087 19.1131 18.6087 18.7323 18.6789 18.1291 17.7262 17.2160 16.8086 16.4611 15.9897 15.7068 15.5953 15.5254 15.4628 15.3086 14.9557
12.9289 13.1404 13.4966 13.9171 14.3674 14.8050 15.2211 15.2791 15.3053 15.2837 15.2939 15.1848 15.2231 15.6628 15.6383 15.9356 16.4481 16.8709 17.4515 17.1593 17.1408 17.3131 17.8173 17.6996 17.7813 18.1095 18.6657 18.9171 19.3410 19.4511 19.7608 19.1658 18.9020 18.8781 19.0906 18.6701 18.1939 18.4236 18.3094 17.7355 17.3192 16.9944 16.4801 16.0839 15.6230 15.2577 15.1253 15.0509 14.9782 14.8098
12.7354 13.0773 13.4829 13.9168 14.3390 14.7126 14.8051 14.8300 14.8179 14.8305 14.8167 14.8131 15.2825 15.3689 15.6939 15.9799 16.4296 16.9755 16.8709 16.8891 16.8379 17.3505 17.2365 17.3172 17.6653 18.2423 18.4071 18.7724 19.1636 19.4148 19.2394 19.4011 18.7988 18.4990 18.4947 18.6533 18.1993 17.8599 18.0384 17.8522 17.5521 16.9756 16.5970 16.1169 15.6300 15.1684 14.8157 14.6683 14.5877 14.5005
12.6645 13.0594 13.4774 13.8827 14.2247 14.3391 14.3676 14.3621 14.3703 14.3701 14.4498 14.9133 15.0955 15.4453 15.5472 16.0713 16.4737 16.4062 16.4456 16.4000 16.8942 16.7801 16.8409 17.2803 17.8833 17.9667 18.2486 18.7478 18.9356 19.1392 19.0711 18.8805 19.0575 18.4237 18.0894 18.1672 18.2636 17.7009 17.5581 17.6334 17.3848 17.1287 16.6233 16.1187 15.6490 15.1739 14.7600 14.3855 14.2238 14.1307
12.6419 13.0488 13.4368 13.7546 13.8827 13.9169 13.9169 13.9260 13.9564 14.2256 14.5221 14.8483 15.1554 15.1666 15.6715 15.9286 15.9366 16.0718 15.9682 16.4300 16.3290 16.3738 16.7709 17.2946 17.4629 17.8139 18.3968 18.5692 18.8543 18.8608 19.0171 18.6572 18.4411 18.4178 17.8983 17.7225 17.8979 17.8159 17.3147 17.2217 17.1613 17.1420 16.6183 16.1441 15.6453 15.2311 14.7967 14.3700 14.0096 13.7909
12.6262 13.0018 13.3003 13.4369 13.4776 13.4836 13.5039 13.6256 14.0633 14.2264 14.7033 14.8027 14.7697 15.2138 15.4396 15.4852 15.6950 15.5864 16.0233 15.8850 15.9154 16.2727 16.7408 16.9918 17.3840 17.9579 18.2648 18.5048 18.3891 18.8884 18.8238 18.7802 18.2337 17.9274 17.8188 17.3940 17.3516 17.5564 17.4381 17.0764 16.8207 16.8273 16.6552 16.1252 15.7161 15.2680 14.8194 14.4649 14.0571 13.6877
12.5733 12.8606 13.0038 13.0658 13.1855 13.0891 13.2758 13.6938 14.0554 14.5569 14.5249 14.4154 14.8698 15.0818 15.0915 15.3111 15.2255 15.6955 15.4968 15.5157 15.7897 16.2404 16.6048 17.0306 17.5311 17.8928 18.2778 17.9625 18.2804 18.3913 18.5116 18.2966 18.4399 17.8601 17.5689 17.2701 17.0024 16.9854 17.2069 17.1373 16.6030 16.4279 16.5188 16.2159 15.7534 15.2757 14.9361 14.5019 14.1395 13.7250
12.4302 12.5849 12.6812 12.9052 12.7649 13.0201 13.3740 13.6938 14.1466 14.3665 14.1216 14.5238 14.7423 14.7333 14.8830 14.8283 15.1569 15.1547 15.2025 15.4930 15.9140 16.2597 16.7647 17.1105 17.5495 17.8774 17.6841 17.7147 17.8622 18.1226 18.2336 17.9645 17.8641 18.1466 17.5611 17.2201 16.7728 16.6594 16.6405 16.7823 16.7721 16.2638 16.1330 16.2545 15.7362 15.4261 14.9534 14.6018 14.1643 13.8121
12.1754 12.3103 12.6825 12.4927 12.6989 12.9725 13.4261 13.7535 14.1152 13.9303 14.1456 14.3840 14.2951 14.4048 14.4075 14.6583 14.7292 15.0596 15.3076 15.6944 15.9607 16.4275 16.7426 17.3131 17.4127 17.2857 17.3152 17.3417 17.6001 17.8473 17.7799 17.6702 17.5693 17.5611 17.7812 17.2061 16.8680 16.3594 16.2625 16.3022 16.4040 16.6235 16.0728 15.7602 15.9397 15.4085 15.0822 14.6059 14.2608 13.9146
11.9307 12.2315 12.2321 12.3156 12.7001 13.1351 13.3519 13.8010 13.6559 13.7313 14.0323 13.8906 13.9492 13.9972 14.3047 14.5399 14.8708 15.1577 15.5546 15.7682 16.2091 16.4286 16.9670 17.0686 16.8432 16.8646 16.8468 17.0870 17.4375 17.4802 17.3864 17.2508 17.1418 17.2200 17.2061 17.4203 16.8470 16.5103 16.0349 15.9136 16.0752 16.0664 16.1806 15.6491 15.4360 15.5852 15.0526 14.7178 14.3628 14.0475
11.8022 11.8508 11.9523 12.2985 12.7141 13.1112 13.5961 13.3380 13.3524 13.7425 13.6361 13.5857 13.6038 14.0112 14.4003 14.7799 14.9871 15.3520 15.6202 16.0740 16.2260 16.7538 16.8071 16.5103 16.5245 16.3684 16.5966 17.0081 16.9665 17.0721 17.0732 16.8720 16.7352 16.7095 16.8686 16.8530 17.0478 16.5210 16.1636 15.6859 15.5922 15.7065 15.6431 15.7519 15.2456 15.0796 15.1908 14.8130 14.5227 14.0520
11.4713 11.5922 11.9092 12.3053 12.6974 13.1105 13.1018 13.1327 13.4965 13.4256 13.3119 13.2196 13.5911 14.0192 14.4682 14.8614 15.2752 15.4356 15.8550 16.0821 16.6260 16.3755 16.2671 16.2629 16.0392 16.1358 16.5952 16.4738 16.5609 16.6935 16.7382 16.5651 16.3697 16.3421 16.3636 16.5077 16.4913 16.6869 16.1812 15.6782 15.3062 15.2281 15.2991 15.2305 15.3609 14.8752 14.6960 14.7909 14.5039 14.0630
11.2323 11.5310 11.9079 12.2900 12.6664 12.8236 12.7698 13.1778 13.1685 13.0741 12.9975 13.1699 13.5934 14.0309 14.4672 14.9394 15.3297 15.7958 15.8789 16.3872 16.0899 16.0913 15.8898 15.7851 15.7459 16.2474 16.0524 16.0748 16.1848 16.2886 16.2901 16.4025 16.0820 15.8927 15.9917 16.0108 16.1532 16.1166 16.1220 15.8082 15.2810 14.9277 15.0017 14.8707 14.8522 15.0443 14.5352 14.3014 14.2981 14.0273
11.4141 11.5429 11.8938 12.2560 12.5325 12.4579 12.8655 12.9686 12.7823 12.7444 12.7794 13.1669 13.5959 14.0319 14.4827 14.9245 15.4268 15.8013 16.3500 15.8790 15.8558 15.6281 15.5820 15.4128 15.8438 15.7061 15.7267 15.6914 15.7935 15.8975 16.0298 15.8760 16.0170 15.6269 15.5339 15.6427 15.6330 15.6544 15.6296 15.5993 15.4244 14.9086 14.5771 14.5286 14.5525 14.5193 14.5175 14.1059 13.8831 13.8218
11.4721 11.8303 11.8925 12.2939 12.2204 12.5418 12.5425 12.5067 12.5304 12.4101 12.7531 13.1678 13.5943 14.0353 14.4813 14.9473 15.3897 15.9341 15.7924 15.7948 15.4357 15.3536 15.1670 15.5211 15.3223 15.3406 15.2405 15.3111 15.4149 15.5412 15.4850 15.5182 15.4918 15.6916 15.1979 15.1573 15.1709 15.1585 15.1706 15.1497 15.1082 15.0622 14.5625 14.2760 14.1020 14.0973 14.0713 14.0218 13.6800 13.4625
11.6154 11.8444 12.2700 12.1286 12.1851 12.1438 12.1407 12.1370 12.1122 12.3531 12.7508 13.1668 13.5960 14.0325 14.4864 14.9414 15.4261 15.5529 15.4438 15.3247 15.2739 14.9872 14.9997 14.9848 15.0167 14.8715 14.8585 14.9420 15.0486 15.0444 15.2662 15.0419 15.1825 15.1487 15.1501 14.7719 14.7009 14.7021 14.6941 14.7001 14.6804 14.6505 14.7613 14.2441 13.8575 13.6826 13.6569 13.6289 13.5507 13.2549
11.5897 12.0352 11.8474 11.8566 11.7603 11.7844 11.7554 11.7518 11.9726 12.3450 12.7499 13.1678 13.5943 14.0354 14.4816 14.9497 15.4118 15.0562 15.0620 14.9669 14.8605 14.7788 14.5540 14.5471 14.5285 14.5347 14.4817 14.5746 14.6012 14.7658 14.7383 14.7656 14.6887 14.7084 14.6851 14.6420 14.3429 14.2564 14.2468 14.2404 14.2420 14.2857 14.2451 14.2409 13.8060 13.4461 13.2711 13.2292 13.1948 13.0950
11.5848 11.5897 11.6157 11.4773 11.4585 11.3861 11.3932 11.5970 11.9465 12.3389 12.7457 13.1620 13.5909 14.0266 14.4744 14.8753 14.8692 14.8871 14.6204 14.5849 14.4973 14.3981 14.3006 14.1188 14.0916 14.0751 14.1113 14.1557 14.2832 14.2822 14.2983 14.2822 14.2926 14.2377 14.2441 14.2223 14.1544 13.9108 13.8175 13.7993 13.8274 13.8041 13.8277 13.7991 13.7449 13.3699 13.0368 12.8631 12.8084 12.7626
