#Value Function.
138.81  140.10  139.98  140.18  139.96  139.96  139.23  139.27  139.24  139.25  138.74  137.78  139.40  141.37  142.38  143.69  143.66  143.84  143.58  142.85  140.10  137.88  135.91  134.28  133.80  133.18  130.30  126.53  128.83  128.65  128.36  122.16  120.02  121.84  121.63  121.64  118.66  118.15  117.45  116.46  115.15  113.72  112.35  111.02  109.47  107.08  103.71  100.72  97.61   94.67  
139.42  143.31  144.43  144.07  144.29  142.99  143.40  143.38  143.44  143.12  140.70  138.05  142.22  143.46  145.74  146.55  148.17  147.87  147.41  144.21  141.97  139.96  138.14  137.79  137.45  134.63  128.50  129.17  130.18  133.11  125.92  119.36  121.28  123.76  125.83  121.92  121.78  121.07  120.07  118.69  117.21  115.80  114.46  112.96  110.57  106.89  103.91  100.67  97.70   94.67  
139.51  143.61  147.92  148.83  146.65  146.54  147.22  147.67  147.56  145.31  139.13  138.12  142.09  146.84  147.46  150.25  150.69  152.80  152.28  147.88  147.04  143.47  142.02  140.37  140.27  137.82  133.05  134.95  135.91  134.00  128.96  123.48  125.15  128.86  127.32  125.52  124.75  123.73  122.29  120.74  119.29  117.94  116.49  114.18  109.85  107.16  103.75  100.76  97.65   94.70  
139.47  143.68  147.79  149.94  151.13  148.65  148.88  151.84  152.02  145.49  130.21  133.50  142.19  145.73  151.83  151.36  155.05  155.10  151.66  151.55  149.18  148.42  145.49  144.73  142.01  140.54  140.59  140.27  138.92  135.66  129.47  127.40  129.18  129.21  129.11  128.51  127.50  125.98  124.35  122.87  121.50  120.05  118.23  111.26  102.04  102.22  103.31  100.53  97.69   94.66  
139.91  143.42  146.21  150.85  151.00  152.04  152.76  152.87  156.73  132.97  107.71  118.59  136.37  145.94  149.91  158.12  156.23  156.59  156.34  153.31  152.78  152.55  152.08  147.38  144.44  144.76  144.52  143.25  140.02  135.13  131.52  132.97  133.06  133.02  132.38  131.37  129.76  128.06  126.54  125.16  123.70  121.95  118.87  97.62   85.29   86.77   94.27   99.82   97.44   94.66  
141.11  144.00  146.66  148.72  152.86  153.21  153.69  157.53  154.17  129.28  104.79  113.96  142.13  158.02  162.37  159.55  160.35  161.74  159.47  158.60  156.81  157.47  157.00  151.99  149.06  148.87  147.71  144.45  139.06  136.87  137.61  137.01  137.04  136.35  135.36  133.65  131.85  130.30  128.91  127.44  125.67  123.42  118.28  97.56   77.69   78.28   93.61   97.50   96.90   96.75  
142.79  145.25  148.27  151.04  152.68  154.99  158.11  157.20  159.37  146.45  135.67  140.74  162.70  170.67  171.46  167.28  167.14  163.72  164.36  163.89  163.40  161.68  160.18  156.12  153.41  152.26  149.26  144.75  142.69  142.31  140.95  141.18  140.41  139.47  137.62  135.74  134.15  132.75  131.28  129.48  127.24  124.01  117.99  111.59  93.47   88.21   99.61   99.84   99.80   99.71  
144.85  146.99  149.43  152.70  157.20  159.70  163.35  165.46  164.75  156.55  153.66  155.15  169.37  175.26  177.90  176.60  171.69  169.39  168.47  169.22  168.47  166.30  163.79  162.16  158.89  153.53  151.75  149.81  147.57  144.33  145.48  144.55  143.71  141.70  139.71  138.09  136.70  135.22  133.39  131.13  128.12  122.72  117.71  107.65  99.26   100.16  102.98  102.88  102.92  102.16 
146.10  149.28  151.23  155.66  160.81  164.20  167.18  169.38  170.49  165.63  159.98  167.74  173.32  179.75  182.20  183.36  180.25  176.66  174.30  173.34  172.42  170.52  168.34  164.50  161.92  158.37  157.21  156.46  152.32  150.28  148.75  148.09  145.88  143.78  142.13  140.75  139.26  137.40  135.11  132.13  127.65  121.69  112.82  106.64  101.22  106.18  106.01  106.19  105.45  103.90 
147.62  150.38  153.83  157.94  161.81  165.67  168.99  172.12  174.40  176.24  173.35  172.80  182.02  188.35  188.61  190.22  189.18  184.89  179.21  177.53  175.32  174.31  172.44  168.90  165.41  166.00  163.24  160.96  158.10  155.45  152.65  150.14  147.95  146.27  144.90  143.42  141.51  139.19  136.25  131.71  126.18  118.67  110.90  107.85  106.38  109.19  109.56  108.79  107.23  104.94 
149.45  151.95  154.67  158.23  162.58  166.49  170.54  173.88  177.19  179.49  182.16  182.11  184.50  191.61  200.40  196.89  195.85  189.90  185.17  181.85  179.44  177.40  175.49  172.80  171.29  167.88  165.71  162.66  160.01  157.07  154.49  152.20  150.51  149.15  147.68  145.73  143.35  140.47  135.98  130.85  127.08  116.74  113.30  112.61  113.03  113.06  112.22  110.61  108.25  105.56 
150.89  153.94  156.34  159.06  162.74  167.37  171.27  175.56  178.87  182.42  184.82  190.10  193.83  197.05  201.88  207.76  199.45  195.93  189.86  187.99  182.44  180.67  177.55  176.53  172.52  170.64  167.30  164.70  161.59  158.96  156.56  154.86  153.52  152.07  150.06  147.63  144.73  140.79  134.90  131.67  122.75  119.52  116.30  116.50  116.60  115.74  114.09  111.61  108.83  106.16 
152.09  155.38  158.51  160.82  163.54  167.33  172.33  176.13  180.75  183.94  189.18  193.85  199.21  200.98  209.49  206.30  207.13  198.51  195.78  191.21  188.11  184.07  182.08  177.13  175.78  172.01  169.54  166.20  163.55  161.01  159.31  157.99  156.58  154.50  152.01  149.05  145.58  139.17  137.65  128.57  122.31  119.57  120.03  120.25  119.34  117.67  115.06  112.15  109.43  106.96 
153.33  156.57  159.92  163.23  165.40  168.13  172.00  177.49  181.04  186.90  190.78  197.08  200.90  205.32  213.34  208.93  202.76  202.23  197.80  196.33  190.33  189.86  183.30  181.21  176.74  174.57  170.90  168.29  165.56  163.87  162.57  161.22  159.04  156.51  153.42  150.27  145.10  142.88  136.72  129.29  123.27  123.66  124.02  123.03  121.35  118.60  115.54  112.73  110.29  107.71 
154.88  157.81  161.11  164.57  168.11  170.08  172.82  176.57  184.54  187.59  194.05  197.35  202.87  208.27  211.20  210.43  202.29  201.23  197.85  195.12  197.81  189.47  188.88  182.16  179.83  175.65  173.18  170.20  168.55  167.27  166.00  163.70  161.14  157.91  154.65  151.54  148.38  142.04  137.58  130.83  127.56  127.92  126.80  125.15  122.23  119.02  116.11  113.67  111.09  108.14 
156.21  159.48  162.33  165.77  169.32  173.20  174.82  177.67  183.50  190.17  193.62  199.95  204.04  210.00  207.17  212.09  207.88  200.38  196.09  194.60  194.64  195.08  189.09  186.88  180.76  178.26  174.91  173.36  172.06  170.94  168.45  165.91  162.50  159.14  155.94  152.94  147.98  143.38  137.40  135.01  132.16  130.63  129.08  125.95  122.57  119.56  117.14  114.53  111.52  108.29 
157.99  160.74  164.17  166.93  170.55  174.15  178.51  181.78  186.59  190.41  196.02  199.43  205.01  203.42  204.33  207.32  205.33  201.67  197.28  195.22  193.53  193.95  194.59  188.47  186.62  180.37  178.31  176.95  176.06  173.30  170.83  167.20  163.73  160.45  157.39  154.38  148.71  143.87  141.78  137.59  135.00  133.15  129.77  126.22  123.07  120.70  118.06  114.94  111.65  108.33 
159.76  162.65  165.28  169.04  171.61  175.49  179.04  183.81  186.73  192.10  194.22  199.67  200.34  199.74  201.55  201.59  203.15  202.57  200.48  200.69  199.30  198.32  193.97  194.50  188.59  185.65  182.02  181.40  178.21  175.93  172.01  168.45  165.07  161.95  158.98  155.18  149.70  146.17  143.63  141.42  137.67  133.67  129.95  126.65  124.36  121.70  118.46  115.06  111.68  108.33 
161.21  164.50  167.38  169.89  174.11  176.32  180.61  183.99  189.36  191.77  195.67  198.67  196.97  198.07  205.36  199.31  208.67  205.04  206.63  204.74  204.86  202.36  200.74  194.64  192.63  190.97  188.39  183.15  181.22  176.91  173.29  169.81  166.60  163.69  159.91  156.24  150.49  147.78  145.75  143.85  137.83  133.79  130.28  128.14  125.44  122.06  118.55  115.08  111.68  108.34 
163.07  165.87  169.31  172.25  174.53  179.45  181.03  185.98  190.36  193.16  198.49  195.68  194.84  201.01  199.87  201.81  209.22  213.27  209.37  211.06  207.88  207.03  204.22  201.59  196.35  195.14  190.70  187.87  181.89  178.26  174.67  171.35  168.57  164.43  161.47  157.01  152.17  149.93  148.56  144.50  137.97  133.95  132.03  129.29  125.76  122.13  118.56  115.08  111.69  108.35 
164.62  167.91  170.55  174.29  177.29  179.14  185.15  187.56  191.54  197.59  193.05  192.65  197.28  198.65  198.57  201.62  204.43  213.36  217.78  213.36  213.19  209.79  208.52  203.34  201.23  195.72  194.44  189.45  184.75  179.68  176.17  173.66  169.00  166.25  162.43  158.69  154.24  153.19  149.59  144.55  138.43  136.05  133.26  129.54  125.79  122.13  118.56  115.08  111.69  108.43 
166.34  169.40  172.84  175.29  179.43  182.52  185.96  188.92  195.06  192.15  192.08  195.39  196.58  194.28  196.20  200.28  206.56  207.95  210.75  219.72  215.32  214.90  209.58  206.53  200.87  200.53  194.64  191.21  186.84  182.22  179.01  173.57  171.23  166.97  164.39  160.89  158.10  154.03  149.82  145.54  141.41  137.35  133.41  129.55  125.80  122.13  118.56  115.08  111.75  108.73 
167.86  171.23  174.21  177.97  180.05  184.82  188.55  191.42  191.42  190.92  193.05  195.46  190.70  191.03  194.93  200.36  202.43  205.49  206.92  216.41  221.71  215.21  212.01  206.19  202.88  200.12  196.82  192.05  188.57  183.07  179.23  176.51  171.53  169.30  165.42  162.88  158.54  154.21  149.80  145.57  141.40  137.36  133.40  129.55  125.80  122.13  118.56  115.11  112.07  109.21 
169.47  172.74  176.21  179.09  183.45  187.06  190.99  189.94  189.76  192.28  194.71  189.72  189.50  189.66  194.48  197.04  200.55  202.87  207.53  213.76  215.75  218.40  211.88  207.75  201.72  197.55  196.90  194.26  188.22  183.28  178.20  176.32  174.46  169.97  167.86  163.15  158.72  154.16  149.84  145.55  141.41  137.33  132.19  127.83  124.74  122.02  118.55  115.46  112.54  110.01 
169.76  174.60  177.64  181.36  186.03  191.64  189.85  189.15  192.40  193.24  189.04  188.75  184.92  188.97  192.67  197.27  201.29  206.60  208.21  212.97  213.47  213.72  213.92  207.33  201.96  196.34  192.49  191.29  188.49  183.06  178.16  173.94  174.94  173.10  167.83  163.36  158.62  154.22  149.80  145.57  141.40  137.36  132.10  128.24  124.98  121.52  118.95  115.92  113.32  111.49 
169.97  174.69  179.88  182.60  188.35  188.97  188.44  190.53  192.57  187.62  187.40  184.17  185.95  189.33  194.05  198.07  202.97  206.81  213.26  210.94  215.87  210.17  210.95  207.65  201.71  196.37  191.10  187.46  185.84  182.95  177.98  173.25  171.92  172.55  168.14  163.18  158.73  154.16  149.84  145.55  141.41  137.35  132.35  128.86  125.04  122.62  119.40  116.64  115.05  112.29 
169.82  174.97  179.63  185.41  186.10  188.34  190.38  193.53  187.70  186.75  182.87  183.52  186.34  191.47  194.50  199.71  203.55  208.24  207.10  209.50  211.73  210.12  205.12  204.79  201.60  196.16  190.94  185.97  182.49  180.56  177.61  173.00  168.77  167.36  167.19  163.29  158.61  154.22  149.80  145.57  141.40  137.36  132.97  128.82  126.43  122.96  119.98  118.70  115.79  112.69 
169.97  174.71  180.07  184.31  185.93  187.41  191.10  186.98  187.41  182.93  181.29  183.77  189.07  191.27  197.28  199.82  203.01  202.72  204.58  207.68  208.68  210.32  204.45  199.99  198.90  195.76  190.72  185.66  180.96  177.59  175.44  172.45  168.17  164.33  162.83  162.10  158.55  154.13  149.84  145.55  141.41  137.35  133.29  130.50  126.63  123.31  122.52  119.34  116.08  113.64 
169.81  174.89  178.89  180.75  182.22  184.77  186.26  185.23  182.22  181.72  181.66  186.50  188.60  194.98  196.62  197.88  197.48  199.95  205.14  205.49  203.05  206.07  204.13  198.92  194.85  193.22  190.12  185.40  180.53  176.06  172.78  170.45  167.47  163.47  159.96  158.35  157.23  153.94  149.75  145.56  141.40  137.36  133.15  130.56  126.59  126.55  122.98  119.45  117.29  113.63 
169.79  173.66  175.67  177.20  179.09  181.16  182.72  181.19  179.87  180.95  184.09  186.55  192.56  191.99  192.48  193.91  198.61  201.83  205.40  212.72  203.81  199.84  202.81  198.68  195.00  190.12  187.78  184.65  180.20  175.84  171.98  168.13  165.62  162.64  158.89  155.64  153.95  152.55  149.44  145.47  141.40  137.35  129.42  124.64  119.48  124.00  122.83  121.07  117.08  113.75 
168.53  170.71  172.29  174.10  176.03  177.40  177.03  177.40  180.13  183.04  186.10  189.36  189.46  187.96  191.53  196.06  199.22  204.49  207.50  213.33  205.37  199.72  199.66  200.72  195.46  191.03  188.24  184.89  180.80  177.04  172.24  167.51  163.59  160.92  157.96  154.44  151.40  149.63  148.04  145.06  141.28  137.29  132.07  124.87  111.81  116.05  120.48  119.16  117.26  113.62 
165.81  167.49  169.24  171.03  172.29  172.40  174.55  179.36  181.22  185.44  188.24  186.93  184.39  188.51  193.50  196.82  201.85  204.52  210.65  209.08  205.93  199.29  197.00  199.16  197.15  193.66  190.30  185.90  182.27  177.19  172.35  167.48  162.89  159.12  156.36  153.42  150.10  147.24  145.40  143.67  140.76  135.46  132.90  125.98  117.19  115.03  116.33  116.73  115.57  113.56 
162.74  164.48  166.17  167.39  167.95  171.12  176.01  179.36  184.97  185.99  183.42  182.90  184.06  189.39  193.79  199.26  202.11  207.95  208.64  206.31  202.95  200.83  194.85  195.11  197.27  196.00  191.07  187.70  182.24  177.32  172.29  167.57  163.10  159.11  155.53  152.12  149.04  145.87  143.14  141.07  138.70  135.99  131.53  126.00  119.52  115.09  113.21  112.98  113.13  112.00 
159.79  161.44  162.65  163.54  166.52  171.24  176.02  181.30  182.67  180.38  180.49  179.62  184.34  189.25  194.94  199.13  205.33  207.35  205.13  203.91  201.13  200.27  195.19  191.80  192.06  195.49  193.38  187.37  182.43  177.21  172.38  167.76  163.68  160.03  156.57  152.97  149.66  146.26  140.74  139.12  135.95  134.53  129.99  124.27  119.53  116.60  113.99  110.56  109.75  109.61 
156.78  158.05  159.18  162.02  166.44  171.14  176.19  181.00  178.01  177.38  175.59  179.48  184.83  189.57  194.54  200.71  202.71  202.43  201.90  199.25  198.78  195.86  194.31  190.00  189.41  190.10  191.00  187.71  182.24  177.32  172.54  168.35  164.64  161.15  157.39  154.04  150.62  146.93  140.88  136.16  136.03  132.16  127.96  125.31  120.34  117.58  113.90  110.67  107.56  106.55 
153.54  154.88  157.62  161.78  166.36  171.16  175.36  175.29  175.56  173.25  174.62  179.65  184.55  190.21  194.92  199.91  203.29  201.89  199.47  195.39  196.19  195.01  190.86  188.68  185.17  187.06  187.54  186.77  182.38  177.43  173.15  169.36  165.87  161.90  158.55  154.97  151.85  145.71  140.97  140.59  136.40  129.62  125.03  123.24  121.28  117.30  114.07  110.57  107.39  104.54 
150.61  153.31  157.25  161.68  166.24  169.99  170.43  170.60  170.45  171.33  174.99  179.48  184.84  189.71  195.79  197.02  202.50  199.72  195.81  194.13  193.31  194.72  190.76  185.92  183.33  182.55  185.15  186.55  182.43  178.06  174.19  170.75  166.50  163.19  159.41  156.38  152.59  147.13  145.22  141.31  134.04  127.68  122.35  120.89  119.52  117.49  113.89  110.66  107.31  104.18 
149.04  152.85  157.11  161.43  164.86  165.62  165.81  165.91  167.64  171.71  176.38  179.88  184.51  189.85  191.70  194.74  200.07  196.58  192.35  190.43  189.20  190.00  190.86  186.29  182.05  179.85  181.19  182.12  183.11  179.11  175.81  171.15  168.01  163.91  161.00  157.34  152.28  149.89  145.81  139.24  131.90  125.94  124.41  120.36  117.52  115.95  113.85  110.54  107.36  104.09 
148.50  152.65  156.74  159.92  160.90  161.16  161.46  163.27  167.64  172.58  176.56  181.62  184.83  189.40  189.01  193.89  195.36  195.39  192.44  187.42  185.27  185.77  188.34  187.25  182.94  178.60  177.03  177.79  179.03  181.10  175.84  173.02  168.46  165.80  161.82  158.79  154.58  150.32  144.37  136.23  130.85  128.87  126.19  120.71  117.01  114.22  112.49  110.34  107.24  104.10 
148.23  152.16  155.15  156.29  156.64  157.10  158.94  162.99  167.78  172.43  177.70  181.45  187.12  186.30  190.19  190.03  190.22  192.27  191.69  188.69  183.19  182.77  182.48  184.67  183.70  179.44  175.86  174.11  175.95  177.48  178.30  173.01  170.80  166.35  163.58  159.09  154.74  150.20  143.89  136.50  134.16  130.62  126.35  120.96  117.02  113.88  111.21  109.35  106.97  103.99 
147.66  150.54  151.78  152.24  152.83  154.69  158.46  163.05  167.65  172.66  177.29  183.03  182.80  187.55  185.69  187.61  186.42  186.68  188.49  188.02  184.41  180.31  179.25  179.07  180.86  181.09  176.00  172.29  172.46  173.40  175.98  176.09  170.86  168.57  163.69  159.27  154.67  150.18  144.11  138.65  134.57  130.64  126.74  122.38  118.08  114.45  112.88  109.48  106.84  104.24 
146.02  147.39  147.95  148.65  150.52  154.06  158.45  162.97  167.78  172.39  177.39  178.63  180.42  182.60  182.38  185.29  182.12  183.03  182.94  186.82  185.63  180.18  176.92  175.66  176.14  177.10  177.35  172.78  168.88  170.74  170.69  174.42  173.82  168.36  163.93  159.14  154.75  150.29  145.37  138.73  134.51  130.68  128.02  124.11  120.42  116.60  112.71  110.11  107.46  105.07 
143.05  143.76  144.56  146.42  149.78  153.98  158.39  163.03  167.55  172.02  173.68  175.18  177.64  178.86  179.81  181.68  178.80  178.22  181.11  180.76  184.98  182.25  176.86  172.38  172.09  172.51  173.65  173.77  169.59  166.36  169.06  168.83  172.39  168.74  163.71  159.27  154.67  150.21  144.86  138.42  134.38  131.96  128.35  124.66  121.23  115.61  113.49  110.72  108.36  105.81 
139.63  140.56  142.41  145.60  149.62  153.92  158.41  162.79  166.89  168.81  170.37  172.59  175.67  174.92  177.44  180.80  176.77  175.76  176.15  179.21  178.55  181.83  177.10  172.00  168.02  168.70  169.05  170.27  171.32  166.77  164.46  167.11  166.93  167.09  163.79  159.13  154.75  148.60  145.23  138.54  136.06  132.18  128.51  124.10  119.93  117.06  114.03  111.70  109.12  106.41 
136.60  138.48  141.52  145.38  149.56  153.90  158.14  161.95  164.04  165.67  167.82  170.49  172.24  172.43  175.32  175.11  175.25  172.10  173.85  173.95  176.34  176.10  176.18  172.04  167.28  164.40  165.48  166.52  167.53  168.78  164.74  162.98  162.46  162.29  162.03  158.98  154.62  148.96  143.18  140.47  136.08  132.37  128.44  123.11  120.41  117.79  115.14  112.47  109.75  106.79 
134.59  137.55  141.26  145.31  149.51  153.59  157.19  159.37  161.07  163.14  165.60  167.37  170.28  169.91  170.25  170.38  170.25  169.99  169.30  171.13  171.23  171.37  171.21  170.80  167.09  162.76  161.84  162.85  164.08  165.74  168.01  163.68  162.04  158.32  157.75  157.16  153.55  148.22  143.79  140.01  136.35  132.24  128.52  124.55  123.06  118.64  115.90  113.14  110.14  106.89 
133.63  137.23  141.16  145.22  149.15  152.57  154.82  156.56  158.58  160.88  162.78  165.46  169.35  166.31  165.58  165.51  165.58  165.46  166.15  166.44  166.54  166.46  166.54  166.38  165.64  162.28  158.53  159.51  161.13  163.19  165.01  167.17  162.02  159.76  155.05  153.42  152.39  148.96  144.13  140.32  136.11  132.38  128.44  124.72  124.51  119.41  116.62  113.55  110.22  106.91 
133.27  137.11  141.04  144.82  148.10  150.37  152.16  154.12  156.30  158.28  160.86  164.00  166.96  164.76  161.90  161.03  160.89  161.43  161.74  161.84  161.80  161.85  161.80  161.84  161.64  160.69  157.62  156.63  158.56  160.36  162.08  163.28  164.76  159.50  155.20  150.98  149.17  147.81  144.53  140.09  136.25  132.23  128.52  124.80  124.10  120.56  117.04  113.59  110.23  106.91 
133.12  136.96  140.61  143.76  146.04  147.85  149.76  151.85  153.87  156.37  159.34  162.13  164.23  162.79  160.11  157.55  156.85  157.15  157.26  157.25  157.27  157.25  157.27  157.25  157.25  157.00  155.91  154.06  155.81  157.45  158.68  159.90  159.52  159.48  155.02  150.80  146.94  144.99  143.39  140.24  136.10  132.30  128.42  125.11  123.73  120.64  117.04  113.59  110.23  106.91 
132.90  136.45  139.49  141.76  143.59  145.46  147.48  149.50  151.93  154.75  157.41  159.45  160.74  159.52  158.00  155.52  153.23  152.75  152.75  152.76  152.75  152.76  152.75  152.76  152.74  152.72  152.40  151.34  152.89  154.12  155.16  155.03  155.25  154.99  154.44  150.53  146.48  142.90  140.85  139.07  136.03  132.14  128.41  124.70  121.88  119.93  116.98  113.55  110.19  106.88 
