#Value Function.
796.72  807.89  815.28  818.73  818.92  817.74  818.01  815.39  809.35  799.53  786.35  770.85  753.88  736.08  717.95  699.67  681.47  663.40  645.66  628.23  611.12  594.40  600.22  616.99  632.09  645.99  657.01  665.15  671.72  676.92  680.50  683.20  685.88  687.66  688.43  688.51  688.44  688.32  688.19  688.06  687.93  687.80  687.67  687.51  687.28  686.78  685.54  682.76  677.66  669.76 
794.76  807.48  814.68  818.32  819.33  819.25  818.23  815.71  809.68  799.91  786.68  771.24  754.36  736.69  718.39  700.13  681.90  663.83  646.08  628.65  611.52  594.80  601.53  619.29  636.52  651.65  665.90  676.70  684.49  690.75  695.45  698.99  702.17  705.29  707.10  707.87  707.96  707.87  707.74  707.61  707.47  707.34  707.19  706.99  706.54  705.38  702.67  697.49  689.50  678.84 
791.58  806.90  812.66  817.11  818.40  818.11  817.44  814.52  808.12  798.31  785.55  771.35  754.67  736.84  718.62  700.33  682.11  664.03  646.28  628.84  611.72  594.99  602.23  620.41  638.62  656.22  671.04  685.59  695.58  702.36  707.52  712.38  717.11  720.95  724.76  726.80  727.53  727.61  727.51  727.37  727.24  727.09  726.91  726.53  725.46  722.83  717.59  709.32  698.61  685.20 
786.13  803.44  809.42  812.45  813.85  813.75  813.02  810.11  804.89  795.17  783.81  769.43  753.72  736.56  718.46  700.32  682.11  664.12  646.38  629.02  611.91  595.18  602.83  621.10  639.73  658.20  675.89  689.91  703.26  711.29  715.75  721.24  728.53  734.78  740.43  744.72  747.01  747.71  747.71  747.59  747.44  747.28  746.96  746.01  743.49  738.20  729.61  718.65  705.00  689.44 
780.93  797.13  803.07  805.79  805.60  805.45  804.83  801.93  796.95  789.96  778.65  766.36  751.32  735.01  717.78  700.07  682.05  664.11  646.45  629.12  612.07  595.58  603.63  621.62  640.33  659.19  677.22  693.50  705.63  714.96  720.37  727.58  735.51  745.39  754.25  761.02  765.44  767.78  768.31  768.20  768.08  767.82  767.00  764.62  759.34  750.34  739.19  725.05  709.12  692.73 
773.05  789.23  793.07  794.24  794.24  793.75  793.05  791.74  787.49  780.42  772.07  760.67  747.57  732.26  716.13  699.17  681.61  663.98  646.42  629.09  612.14  598.06  605.76  622.15  640.85  659.78  678.29  694.67  707.59  714.39  721.44  727.69  737.54  750.85  764.62  775.09  782.42  786.82  789.05  789.27  789.09  788.45  786.22  781.04  771.48  760.25  745.59  729.02  712.24  696.56 
764.26  777.55  779.65  780.46  780.38  779.98  779.09  777.90  775.12  770.07  762.41  753.03  741.52  728.09  713.04  697.18  680.48  663.37  646.20  629.03  613.22  610.82  613.07  623.22  641.12  659.82  677.70  693.72  705.68  714.16  720.62  728.05  737.38  753.03  770.39  786.34  797.12  804.47  808.46  810.16  810.09  808.22  803.31  792.94  781.86  766.60  749.37  731.95  715.98  702.21 
751.99  763.13  764.53  764.97  764.86  764.59  763.80  762.55  760.37  756.96  751.40  743.37  733.51  721.92  708.53  693.93  678.37  662.11  645.43  628.72  624.81  626.89  627.67  629.50  641.20  659.06  675.28  689.58  700.14  708.93  716.10  723.54  736.45  752.76  772.74  792.40  809.44  819.56  825.84  829.72  829.47  825.65  814.39  804.03  788.08  770.17  752.08  735.58  721.76  710.14 
737.50  747.68  748.17  748.28  748.20  747.87  747.21  746.23  744.50  742.04  738.16  732.22  724.02  713.85  702.24  689.19  674.92  659.86  644.05  632.35  638.46  642.62  644.44  644.88  645.92  656.44  670.60  682.80  692.55  699.90  707.77  718.77  733.78  752.49  773.48  795.27  815.61  832.14  839.97  843.65  844.14  834.98  826.23  809.91  791.36  772.61  755.57  741.49  729.94  720.16 
721.70  730.64  730.71  730.88  730.74  730.26  729.87  729.16  728.07  726.43  723.72  719.51  712.96  704.45  694.24  682.79  670.08  656.23  641.65  642.23  650.77  656.74  660.86  662.13  662.27  662.31  664.37  673.85  681.65  689.69  700.52  715.15  732.56  752.29  773.99  796.22  818.15  836.98  847.77  850.17  848.65  844.55  830.82  812.58  793.33  775.86  761.57  749.87  740.48  730.94 
704.60  712.83  712.81  713.03  712.76  712.45  711.95  711.51  710.79  709.86  708.01  704.96  700.13  693.25  684.72  674.72  663.55  651.27  637.96  650.07  661.12  669.39  675.22  678.91  679.28  679.24  678.99  675.87  671.80  681.75  695.80  712.60  731.60  752.55  774.37  796.63  818.60  837.11  848.02  849.62  850.28  844.77  831.43  813.47  795.95  781.80  769.86  760.78  751.89  739.88 
686.65  694.62  695.00  694.84  694.77  694.35  693.73  693.31  692.77  692.43  691.29  689.04  685.46  680.39  673.59  665.14  655.50  644.73  637.66  654.77  669.37  680.26  687.46  692.42  694.84  694.77  692.50  688.07  681.78  677.49  692.88  711.22  731.47  752.71  774.64  796.85  817.95  832.57  843.89  848.38  848.35  841.90  829.76  814.70  801.03  789.47  781.13  772.89  760.70  747.19 
668.50  676.40  676.52  676.52  676.25  675.97  675.51  674.71  674.39  674.00  673.47  671.87  669.37  665.76  660.65  653.99  645.93  636.68  638.66  656.99  674.37  688.20  698.18  703.75  706.79  706.73  703.91  698.87  689.89  677.44  691.74  710.95  731.45  752.77  774.25  794.78  811.36  824.36  832.77  837.79  838.82  835.41  827.62  817.54  805.83  799.51  793.14  780.79  768.26  751.69 
650.24  657.79  658.04  658.00  657.79  657.38  656.91  656.46  655.66  655.30  654.73  654.09  652.37  649.70  646.07  641.15  634.82  627.15  639.08  657.77  676.16  692.76  703.12  711.11  713.40  713.38  711.28  703.96  694.54  679.44  691.71  710.84  731.34  752.03  771.56  787.87  800.92  811.30  818.36  820.43  821.46  821.43  821.40  817.20  811.35  808.84  799.27  788.27  772.38  754.33 
631.90  639.28  639.40  639.41  639.19  638.98  638.45  637.92  637.38  636.69  636.08  635.41  634.58  632.85  630.28  626.78  622.10  621.79  639.45  658.18  676.46  693.16  706.02  713.20  715.15  715.15  713.40  706.84  695.03  679.64  691.59  710.56  730.26  748.88  764.65  777.36  787.49  794.57  797.94  799.88  802.21  805.88  810.58  815.88  814.80  811.48  803.62  790.93  774.54  755.58 
613.51  620.61  620.78  620.81  620.80  620.54  620.21  619.67  618.97  618.42  617.69  617.06  616.37  615.38  613.74  611.30  607.97  621.45  639.82  658.49  676.81  693.44  706.17  713.23  715.12  715.15  713.43  706.94  695.18  679.83  691.14  709.17  726.76  741.96  754.28  763.95  770.71  774.46  777.22  780.65  786.56  795.28  806.05  811.72  813.11  812.60  806.08  793.22  775.80  756.06 
595.32  602.23  602.38  602.44  602.47  602.35  602.03  601.61  601.08  600.37  599.78  599.11  598.37  597.64  596.66  595.10  604.29  621.72  640.14  658.81  677.05  693.50  705.82  711.13  714.64  714.68  711.46  706.55  695.18  679.95  689.49  705.40  719.82  731.70  740.96  747.46  751.42  754.57  758.74  765.61  776.28  790.11  801.79  806.96  809.12  807.28  802.84  790.87  774.71  755.90 
577.39  584.08  584.23  584.28  584.34  584.27  584.14  583.77  583.35  582.84  582.20  581.51  580.83  580.13  579.39  587.91  604.11  622.00  640.34  658.41  675.54  690.47  700.99  707.23  710.23  710.33  707.64  701.86  692.07  678.28  685.14  698.44  709.68  718.55  724.84  728.96  732.39  736.91  744.19  755.10  769.24  782.70  790.63  795.84  798.45  799.06  792.09  784.45  770.81  754.36 
559.69  566.18  566.33  566.47  566.54  566.50  566.43  566.29  565.96  565.47  564.95  564.34  563.68  563.25  571.81  587.00  604.32  622.12  639.85  656.68  671.45  683.64  691.71  696.92  699.69  699.79  697.37  692.57  685.14  673.91  678.11  688.41  696.72  702.85  707.07  710.76  715.56  722.98  733.73  747.27  760.40  769.48  777.10  780.25  782.91  782.81  780.31  772.90  763.15  749.65 
542.35  548.65  548.86  548.96  549.09  549.15  549.13  549.06  548.82  548.49  548.03  547.53  547.49  555.94  570.36  587.08  604.38  621.55  637.79  652.18  664.13  672.51  678.37  682.26  684.24  684.36  682.64  679.13  673.73  666.12  667.79  675.50  681.45  685.76  689.67  694.70  702.17  712.64  725.41  737.83  747.19  755.01  759.54  763.00  763.35  763.55  762.11  758.63  751.38  741.33 
525.48  531.63  531.83  531.97  532.07  532.09  532.14  532.10  532.01  531.79  531.46  532.08  540.36  554.12  570.27  587.09  603.80  619.60  633.68  645.07  653.48  659.52  663.29  665.11  666.08  666.11  665.31  663.61  660.00  654.51  654.95  660.65  665.03  669.13  674.35  681.82  691.97  704.00  715.68  724.98  732.50  737.46  741.01  742.33  742.58  742.70  742.17  740.32  736.52  729.42 
508.98  514.97  515.19  515.34  515.49  515.59  515.63  515.61  515.55  515.43  516.97  525.09  538.28  553.86  570.21  586.51  601.99  616.22  627.75  635.92  641.71  645.41  646.59  647.05  647.11  647.16  646.72  645.88  644.19  640.68  640.47  644.86  649.12  654.48  661.92  671.74  683.11  694.12  703.16  710.33  715.34  718.84  720.53  721.30  721.52  721.58  721.36  720.43  718.46  714.43 
492.96  498.80  499.11  499.34  499.55  499.65  499.74  499.68  499.67  502.15  510.16  522.82  537.85  553.71  569.60  584.90  599.27  611.22  621.11  626.69  630.11  631.10  629.54  628.97  628.65  628.40  628.10  627.59  626.74  625.05  625.25  629.62  635.08  642.47  651.95  662.72  673.15  681.86  688.72  693.61  696.98  698.82  699.74  700.17  700.37  700.44  700.34  699.99  698.96  696.76 
477.41  483.19  483.64  484.12  484.42  484.51  484.61  484.73  487.75  495.61  507.76  522.24  537.60  553.05  568.07  582.41  595.17  605.65  613.86  618.38  619.25  617.79  616.73  613.58  611.54  610.46  609.90  609.47  608.94  608.08  610.63  616.15  623.45  632.61  642.84  652.73  661.10  667.67  672.41  675.64  677.51  678.47  678.96  679.25  679.42  679.52  679.57  679.38  678.97  677.74 
462.43  468.22  468.97  469.70  470.54  472.07  471.11  473.91  481.49  493.11  507.03  521.87  536.85  551.47  565.48  578.38  589.87  599.94  607.15  609.87  609.57  608.38  605.80  601.94  597.45  594.39  592.74  591.88  591.33  592.41  597.68  604.87  613.71  623.45  632.84  640.86  647.17  651.75  654.86  656.70  657.69  658.22  658.53  658.71  658.86  658.97  659.06  659.07  658.89  658.24 
448.04  453.95  455.00  456.32  458.20  459.63  461.09  467.95  478.94  492.26  506.56  521.04  535.22  548.83  561.52  573.27  584.15  593.22  598.91  600.71  600.96  599.16  596.45  591.48  586.02  580.93  577.43  575.40  574.86  579.69  586.72  595.24  604.52  613.46  621.14  627.20  631.62  634.62  636.43  637.43  637.97  638.29  638.48  638.62  638.76  638.88  638.99  639.07  639.06  638.68 
434.29  440.34  441.90  443.94  445.79  448.21  454.94  465.23  477.97  491.68  505.64  519.36  532.54  544.94  556.56  567.55  577.24  583.88  588.49  590.23  590.24  588.94  585.95  581.15  575.30  569.49  564.40  560.74  562.23  568.99  577.21  586.07  594.58  601.93  607.74  612.01  614.91  616.68  617.68  618.23  618.55  618.75  618.90  619.03  619.15  619.27  619.39  619.49  619.56  619.35 
421.23  427.60  429.72  431.91  435.13  441.83  451.85  464.01  477.16  490.64  503.90  516.64  528.69  540.01  550.68  560.16  567.46  572.68  576.40  576.65  576.80  576.69  573.65  569.93  564.69  558.86  553.18  548.17  551.73  559.60  568.07  576.18  583.21  588.79  592.90  595.71  597.45  598.44  599.00  599.32  599.52  599.66  599.79  599.92  600.04  600.16  600.27  600.39  600.48  600.35 
409.00  415.75  418.27  422.02  428.80  438.55  450.31  463.00  476.01  488.83  501.16  512.83  523.81  534.07  543.16  550.37  555.70  559.78  561.04  561.19  561.28  561.38  560.41  557.41  553.33  548.24  542.65  537.16  542.44  550.51  558.25  564.97  570.33  574.29  577.01  578.71  579.70  580.26  580.58  580.78  580.93  581.05  581.17  581.29  581.41  581.52  581.64  581.76  581.86  581.77 
397.68  404.94  409.12  415.95  425.46  436.84  449.14  461.72  474.15  486.09  497.40  508.03  517.85  526.52  533.48  538.72  542.58  544.21  544.75  544.85  544.96  545.06  544.78  543.59  540.84  536.91  532.10  526.78  533.39  540.78  547.21  552.35  556.17  558.79  560.46  561.44  562.00  562.32  562.52  562.67  562.79  562.91  563.03  563.14  563.25  563.37  563.48  563.60  563.71  563.63 
387.59  396.43  403.33  412.63  423.66  435.60  447.79  459.83  471.42  482.38  492.65  502.09  510.34  517.03  522.10  525.66  527.41  528.08  528.31  528.41  528.51  528.62  528.60  528.23  527.02  524.50  520.83  516.96  523.74  529.89  534.83  538.51  541.05  542.68  543.65  544.21  544.53  544.73  544.88  545.00  545.12  545.23  545.34  545.45  545.56  545.67  545.79  545.90  546.01  545.94 
379.73  390.92  400.06  410.77  422.36  434.18  445.87  457.11  467.78  477.71  486.77  494.67  501.04  505.89  509.25  510.98  511.71  511.96  512.13  512.23  512.33  512.43  512.52  512.44  512.03  510.85  508.54  507.23  513.03  517.77  521.31  523.77  525.36  526.32  526.88  527.20  527.40  527.55  527.67  527.78  527.89  528.00  528.11  528.22  528.33  528.43  528.54  528.65  528.76  528.69 
374.56  387.72  398.17  409.43  420.92  432.25  443.21  453.58  463.25  471.97  479.53  485.63  490.20  493.38  495.06  495.77  496.03  496.19  496.28  496.38  496.48  496.58  496.68  496.74  496.65  496.23  495.11  496.61  501.14  504.56  506.94  508.49  509.44  509.99  510.31  510.52  510.66  510.78  510.89  511.00  511.11  511.21  511.32  511.42  511.53  511.63  511.74  511.84  511.95  511.88 
371.69  385.83  396.81  407.97  418.97  429.68  439.81  449.20  457.61  464.96  470.82  475.19  478.09  479.69  480.34  480.59  480.69  480.77  480.86  480.93  481.02  481.12  481.22  481.31  481.35  481.26  481.20  485.01  488.29  490.59  492.10  493.02  493.56  493.88  494.08  494.22  494.34  494.45  494.55  494.65  494.75  494.85  494.96  495.06  495.16  495.26  495.36  495.46  495.57  495.51 
370.19  384.44  395.33  406.03  416.49  426.38  435.53  443.86  450.91  456.67  460.85  463.61  465.02  465.58  465.74  465.78  465.78  465.81  465.85  465.90  465.97  466.05  466.15  466.24  466.36  467.18  472.93  476.33  477.89  478.44  478.54  478.49  478.41  478.53  478.63  478.72  478.81  478.90  478.99  479.08  479.17  479.25  479.33  479.39  479.42  479.44  479.44  479.52  479.61  479.55 
368.41  382.93  393.41  403.60  413.31  422.34  430.46  437.42  443.13  447.37  450.01  451.36  451.70  451.67  451.52  451.50  451.40  451.35  451.31  451.31  451.33  451.44  451.84  453.61  462.73  472.79  481.10  486.91  490.08  491.43  491.86  491.91  491.84  491.75  491.66  491.56  491.47  491.38  491.27  491.07  490.53  489.16  486.34  481.70  475.12  466.62  464.73  464.21  464.12  464.01 
366.74  381.03  390.97  400.47  409.36  417.42  424.33  430.24  434.64  437.57  438.88  439.21  438.86  438.52  438.24  437.85  437.59  437.39  437.24  437.16  437.23  438.13  441.49  452.95  465.34  476.93  487.14  495.54  501.22  504.12  505.28  505.59  505.59  505.51  505.41  505.32  505.22  505.12  504.95  504.46  503.16  500.32  495.58  488.84  480.06  469.64  458.20  451.69  449.77  449.10 
364.84  378.61  387.92  396.64  404.61  411.61  417.70  422.39  426.15  428.09  428.39  427.82  427.39  426.68  425.78  425.07  424.44  423.99  423.67  423.54  424.96  429.41  440.60  453.82  466.99  479.66  491.49  501.83  510.35  515.87  518.46  519.41  519.62  519.59  519.50  519.40  519.30  519.15  518.73  517.51  514.66  509.80  502.91  493.84  483.06  471.24  459.01  446.73  439.17  435.89 
362.45  375.58  384.16  392.03  399.07  405.25  410.17  414.54  417.77  419.47  419.41  419.00  417.25  416.02  414.57  413.22  412.17  411.33  410.72  412.28  417.41  427.98  440.93  454.32  467.89  481.41  494.34  506.43  516.88  525.55  530.84  533.08  533.83  533.95  533.85  533.75  533.65  533.33  532.21  529.36  524.36  517.33  507.96  496.80  484.59  471.99  459.39  446.97  435.15  426.88 
359.48  371.86  379.61  386.59  392.80  398.07  402.89  407.04  410.10  411.16  411.22  410.92  409.20  406.47  404.29  402.35  400.71  399.43  400.06  405.57  415.69  428.11  441.22  454.65  468.39  482.33  496.20  509.39  521.77  532.29  541.17  546.11  547.94  548.41  548.32  548.22  548.10  547.21  544.39  539.27  532.11  522.43  510.86  498.25  485.28  472.35  459.62  447.14  434.94  423.48 
355.82  367.36  374.27  380.45  385.89  390.94  395.56  399.49  402.03  402.83  403.14  402.93  401.30  398.45  395.17  392.46  390.20  388.49  393.98  403.69  415.64  428.37  441.49  454.94  468.73  482.83  497.13  511.39  524.81  537.52  547.96  557.07  561.41  562.68  562.62  562.53  562.21  559.53  554.45  547.25  537.26  525.26  512.23  498.87  485.61  472.57  459.79  447.28  435.06  423.05 
351.45  362.12  368.22  373.69  378.79  383.53  387.72  390.89  392.54  394.16  394.11  393.63  392.62  390.18  386.94  383.50  380.54  382.76  392.03  403.51  415.86  428.63  441.76  455.22  469.02  483.17  497.64  512.32  526.98  540.57  553.54  563.70  572.76  575.81  575.83  575.75  573.84  569.60  562.51  552.39  539.96  526.53  512.78  499.18  485.82  472.73  459.94  447.43  435.20  423.13 
346.36  356.21  361.66  366.72  371.37  375.61  378.96  381.06  383.16  383.86  383.99  383.44  382.55  381.14  378.51  375.31  372.26  380.68  391.68  403.66  416.09  428.90  442.03  455.50  469.31  483.47  497.97  512.84  527.90  542.95  556.38  569.32  578.58  585.94  586.31  586.26  583.36  576.95  567.52  554.87  541.10  527.00  513.07  499.38  485.98  472.88  460.08  447.57  435.34  423.26 
340.61  349.78  354.77  359.36  363.49  366.88  369.32  371.37  372.40  372.89  372.94  372.69  372.17  370.95  369.34  366.72  369.75  380.21  391.79  403.88  416.34  429.16  442.30  455.78  469.60  483.76  498.29  513.16  528.40  543.70  558.96  571.30  582.57  589.73  592.04  592.04  587.45  581.18  569.44  555.76  541.48  527.28  513.26  499.55  486.14  473.03  460.23  447.71  435.48  423.39 
334.42  343.04  347.55  351.55  354.84  357.40  359.41  360.59  361.23  361.51  361.60  361.62  361.24  360.56  359.33  359.63  369.06  380.21  391.97  404.12  416.60  429.43  442.58  456.06  469.88  484.05  498.58  513.49  528.67  544.07  559.18  573.50  584.33  591.57  592.77  593.01  589.82  581.51  569.61  555.91  541.65  527.44  513.43  499.70  486.29  473.18  460.37  447.85  435.62  423.53 
327.88  335.92  339.82  343.03  345.57  347.49  348.75  349.45  349.87  350.08  350.15  350.22  350.11  349.66  349.90  358.24  368.93  380.37  392.20  404.35  416.86  429.69  442.85  456.34  470.17  484.34  498.89  513.77  529.01  544.31  559.61  573.46  585.01  589.76  592.96  592.04  589.80  581.66  569.74  556.06  541.81  527.60  513.58  499.86  486.44  473.33  460.52  448.00  435.76  423.67 
320.97  328.32  331.48  333.93  335.80  337.08  337.82  338.31  338.53  338.67  338.75  338.82  338.82  340.14  347.72  357.93  369.06  380.56  392.39  404.60  417.12  429.96  443.12  456.62  470.45  484.64  499.16  514.02  529.06  544.13  558.50  571.29  578.84  586.46  588.83  586.98  583.44  578.39  568.08  555.34  541.64  527.60  513.68  500.00  486.59  473.48  460.67  448.14  435.90  423.80 
313.60  320.15  322.56  324.38  325.61  326.39  326.86  327.15  327.30  327.42  327.56  328.01  330.32  337.42  347.22  358.01  369.20  380.73  392.63  404.85  417.38  430.22  443.39  456.89  470.73  484.89  499.36  514.01  528.60  542.63  555.21  564.59  572.62  577.01  578.63  577.33  575.44  569.59  563.17  552.84  540.62  527.27  513.62  500.07  486.72  473.62  460.81  448.28  436.04  423.94 
305.68  311.43  313.19  314.39  315.17  315.67  315.96  316.15  316.30  316.58  317.46  320.44  327.31  336.72  347.16  358.07  369.30  380.90  392.82  405.04  417.57  430.42  443.59  457.09  470.90  484.97  499.19  513.29  526.80  538.85  548.40  556.20  561.14  563.68  564.30  563.96  562.82  559.97  554.32  547.32  537.59  525.90  513.11  499.93  486.75  473.73  460.94  448.42  436.18  424.07 
296.75  299.64  301.46  302.67  303.46  304.18  304.69  305.04  305.26  305.44  306.98  313.62  322.57  332.58  343.05  353.88  365.06  376.55  388.33  400.41  412.80  425.49  438.49  451.79  465.32  478.95  492.40  505.20  516.58  525.82  533.27  538.68  543.71  546.38  548.01  548.24  547.95  546.52  543.58  538.36  531.47  522.29  511.24  499.04  486.33  473.53  460.85  448.37  436.15  424.09 
