#Value Function.
58.2122 58.4220 59.1851 59.8824 60.6135 61.3872 62.2333 63.1254 64.0146 64.9166 65.8259 66.7412 67.6511 68.5409 69.3799 70.1383 70.7521 71.2393 71.6577 72.1240 72.4758 73.2686 74.1105 75.1975 75.5896 75.4404 74.8563 74.0559 73.0130 72.0519 70.7225 69.7840 68.9711 68.1513 67.3621 66.6025 65.7616 64.9047 64.0352 63.1593 62.3069 61.4471 60.5910 59.7333 58.8768 58.0180 57.1444 56.2922 55.4324 55.1579
56.5136 59.6262 60.2223 60.9175 61.6573 62.4355 63.3045 64.2057 65.0970 66.0050 66.9193 67.8371 68.7462 69.6319 70.4571 71.1905 71.7644 72.2162 72.6034 73.0473 73.3456 74.1552 74.7152 75.4815 75.5030 75.2624 74.8193 74.3694 73.5390 72.7036 71.2963 70.4727 69.6791 68.8556 68.0744 67.3213 66.4594 65.6007 64.7282 63.8510 63.0045 62.1422 61.2873 60.4290 59.5729 58.7135 57.8362 56.9897 56.1274 55.2500
56.7501 60.0348 60.5174 61.1181 61.8230 62.5664 63.3357 64.2301 65.1338 66.0328 66.9461 67.8635 68.7864 69.6974 70.5834 71.3983 72.1245 72.6501 73.0617 73.3903 73.7975 73.9840 74.8932 75.0629 75.0607 75.1641 74.8047 74.2365 73.5576 72.5965 71.7766 70.5536 69.7170 68.9337 68.2097 67.3255 66.4704 65.5955 64.7213 63.8751 63.0079 62.1553 61.2959 60.4403 59.5834 58.7065 57.8603 56.9931 56.1404 55.2626
57.1481 60.4673 60.9237 61.3923 62.0045 62.7175 63.4574 64.2266 65.1566 66.0614 66.9697 67.8877 68.8100 69.7377 70.6454 71.5231 72.3062 73.0112 73.3933 73.7257 73.9091 74.3620 74.4833 74.4313 74.4506 74.4294 74.4432 74.0375 73.3925 72.6752 71.7682 70.9141 69.7839 69.1174 68.1387 67.3421 66.4573 65.6162 64.7486 63.8790 63.0254 62.1628 61.3072 60.4535 59.5779 58.7349 57.8644 57.0198 56.1499 55.2739
57.4841 60.8272 61.3678 61.7961 62.2429 62.8706 63.5949 64.3400 65.1068 66.0923 66.9927 67.9073 68.8329 69.7563 70.6828 71.5750 72.4410 73.1348 73.7128 73.9324 74.1544 74.1278 73.9017 73.8035 73.6635 73.6064 73.5705 73.4866 73.1079 72.4979 71.7823 70.9222 70.0427 69.0114 68.2317 67.3160 66.4840 65.6154 64.7654 63.9014 63.0348 62.1774 61.3218 60.4613 59.6037 58.7515 57.8875 57.0409 56.1734 55.2956
57.6628 61.0138 61.7562 62.2462 62.6395 63.0644 63.7263 64.4630 65.2210 66.1272 67.0146 67.9298 68.8516 69.7806 70.6980 71.6158 72.4520 73.2228 73.6862 74.0320 74.0367 73.9901 73.7524 73.3389 73.0409 72.8174 72.7051 72.6317 72.5077 72.1576 71.5914 70.8929 70.0653 69.1799 68.2081 67.4344 66.4961 65.6372 64.7727 63.9168 63.0542 62.1895 61.3307 60.5008 59.6203 58.7583 57.9089 57.0583 56.1825 55.3068
57.6041 60.9102 61.9700 62.6483 63.0815 63.4366 63.8530 64.5601 65.3308 66.1575 67.0433 67.9490 68.8740 69.7978 70.7249 71.6223 72.4985 73.2102 73.8013 73.9819 73.9363 73.8449 73.5221 73.0690 72.5640 72.1835 71.9229 71.7772 71.6814 71.5394 71.2096 70.6806 70.0039 69.2021 68.3249 67.3956 66.5703 65.6651 64.7944 63.9296 63.0697 62.2213 61.3764 60.4941 59.6473 58.7761 57.9276 57.0642 56.2080 55.3303
57.7290 61.0601 61.8944 62.8772 63.4669 63.8160 64.1656 64.5667 65.3906 66.1907 67.0668 67.9710 68.8910 69.8221 70.7378 71.6493 72.4754 73.2579 73.6586 73.8586 73.8829 73.6545 73.3521 72.8532 72.2960 71.7386 71.3141 71.0252 70.8534 70.7374 70.5798 70.2671 69.7679 69.1164 68.3386 67.4768 66.5739 65.7217 64.8294 63.9548 63.0871 62.2470 61.3792 60.5249 59.6527 58.7975 57.9322 57.0784 56.2179 55.3436
57.7787 61.0841 62.1273 62.8677 63.6192 64.1030 64.4218 64.8624 65.4619 66.2244 67.0936 67.9919 68.9124 69.8371 70.7639 71.6454 72.4770 73.0938 73.5505 73.6100 73.7601 73.6757 73.2094 72.6998 72.0878 71.4637 70.8872 70.4394 70.1297 69.9346 69.7995 69.6306 69.3315 68.8608 68.2339 67.4794 66.6361 65.7492 64.8818 63.9955 63.1167 62.2480 61.3987 60.5348 59.6763 58.8087 57.9495 57.0868 56.2304 55.4475
57.9297 61.2553 62.1753 63.0619 63.7228 64.1582 64.5621 64.9574 65.5044 66.2628 67.1105 68.0109 68.9278 69.8531 70.7508 71.6201 72.3661 73.0340 73.4295 73.6419 73.6918 73.5714 73.1911 72.5607 71.9117 71.2499 70.6084 70.0277 69.5657 69.2401 69.0274 68.8744 68.6996 68.4129 67.9645 67.3617 66.6252 65.6878 64.9009 64.0461 63.1623 62.2803 61.4096 60.5521 59.6895 58.8289 57.9636 57.1027 56.2413 58.1580
58.0697 61.3859 62.4093 63.2264 63.6738 64.1166 64.5556 64.9542 65.5336 66.2780 67.1270 68.0240 68.9381 69.8380 70.7124 71.5187 72.2780 72.8861 73.3255 73.3413 73.4820 73.4979 73.1722 72.5767 71.8300 71.0985 70.4045 69.7511 69.1697 68.7012 68.3651 68.1378 67.9728 67.7976 67.5168 67.0882 66.4989 65.7724 64.8459 64.0579 63.2116 62.3295 61.4452 60.5711 59.7073 58.8443 57.9827 57.1189 76.7283 76.3913
58.1780 61.5333 62.4626 63.1181 63.6364 64.0331 64.4982 64.9710 65.5467 66.2913 67.1369 68.0295 68.9202 69.7923 70.6166 71.4120 72.1241 72.7166 72.9504 73.2423 73.1808 73.1798 72.9367 72.4389 71.7638 70.9988 70.2546 69.5521 68.9001 68.3187 67.8509 67.5053 67.2832 67.1267 66.9448 66.6695 66.2368 65.6545 64.9305 64.0516 63.2326 62.3782 61.4954 60.6791 59.7475 58.8677 76.6518 80.8416 81.6173 80.7292
58.1540 61.5313 62.3092 62.9558 63.4617 63.9255 64.3904 64.8237 65.4966 66.2626 67.1270 68.0039 68.8675 69.6926 70.4872 71.2121 71.8548 72.2774 72.6243 72.7346 72.7711 72.6327 72.4858 72.1180 71.5937 70.9066 70.1509 69.4077 68.7073 68.0579 67.4860 67.0333 66.7003 66.4931 66.3717 66.1933 65.8779 65.4267 64.8347 63.8790 63.2120 62.4060 61.5503 60.6723 59.8264 80.2249 82.5093 82.7953 82.6430 81.6569
57.8109 61.2143 61.2467 62.0139 63.1695 63.6323 64.0794 64.5686 64.6590 66.2350 67.0916 67.9418 68.7431 69.4282 69.5729 70.9082 71.3861 71.7501 71.9414 72.0502 72.0415 71.9809 71.8091 71.5988 71.2253 70.6967 70.0283 69.2943 68.5642 67.8732 67.2397 66.7033 66.3244 66.0585 65.9191 65.7900 65.5431 65.1315 64.6315 64.0081 63.1464 62.3956 61.5878 60.7276 83.9414 83.9117 83.8876 83.7681 82.9658 81.9462
56.9517 60.2038 60.9781 62.1933 62.7657 63.2163 63.6708 63.9916 65.2514 66.1829 67.0112 67.7798 68.3788 68.5049 69.8593 70.4326 70.7942 71.0279 71.1254 71.1114 71.1806 71.1828 71.0899 70.9088 70.6680 70.3019 69.7900 69.1517 68.4462 67.7370 67.0722 66.4951 66.0769 65.8325 65.6207 65.4376 65.2336 64.8644 64.4222 64.0054 63.2676 62.4140 84.9681 84.9487 84.9437 84.9420 84.9091 84.0093 83.0270 82.0704
56.7992 60.0975 61.1841 61.8245 62.3014 62.7560 63.2119 64.2045 65.2554 66.0758 66.8073 67.3404 67.4568 68.8179 69.4533 69.8203 70.0555 70.1563 70.1406 70.1902 70.1991 70.2479 70.2358 70.1443 69.9720 69.7282 69.3733 68.8859 68.2799 67.6066 66.9338 66.3293 65.8734 65.5969 65.3791 65.1789 64.9061 64.5558 64.1545 63.8774 63.3839 85.6646 85.9251 85.9304 85.9403 85.9052 85.8629 84.1792 83.4813 82.7440
56.8186 60.1668 60.8669 61.3645 61.8406 62.3796 63.3066 64.3064 65.1308 65.8284 66.3106 66.4203 67.7851 68.4651 68.8411 69.0695 69.1663 69.1423 69.2269 69.2403 69.2453 69.2579 69.2872 69.2712 69.1870 69.0257 68.7896 68.4503 67.9889 67.4114 66.7747 65.1296 65.4202 65.2771 65.0967 64.8931 64.5639 64.1694 63.8005 63.4340 63.0726 85.7526 86.7357 86.8729 86.8229 86.8512 86.6857 86.4202 85.5225 84.6136
56.5492 59.8727 60.4246 60.9244 61.5174 62.4016 63.3601 64.1778 64.8459 65.2874 65.3919 66.7589 67.4725 67.8595 68.0832 68.1804 68.1864 68.2477 68.2698 68.2758 68.2832 68.2896 68.3016 68.3209 68.3049 68.2279 68.0775 67.8520 67.5296 67.0950 64.4851 64.4540 64.3690 64.5784 64.5699 64.4262 64.1661 63.7736 63.3771 63.0074 86.1971 85.9958 87.4547 87.5776 87.6477 87.5524 87.3858 86.8701 86.2558 85.2889
56.1612 59.4543 60.0107 60.6386 61.4932 62.4151 63.2190 63.8602 64.2699 64.3698 65.7379 66.4773 66.8760 67.0982 67.1983 67.2229 67.2694 67.2858 67.2481 67.3091 67.3076 67.2676 67.3187 67.3398 67.3556 67.3408 67.2701 67.1309 66.9180 66.6141 63.5663 63.5702 63.5546 63.5392 63.7078 63.7238 63.5723 63.3056 62.9340 82.8433 86.4196 87.2218 87.6320 88.1697 88.0179 88.0815 87.6312 87.1935 86.4871 85.5144
55.8012 59.0682 59.7494 60.5822 61.4718 62.2584 62.8812 63.3033 63.6186 64.7215 65.4807 65.8909 66.1143 66.2184 66.2547 66.2928 66.3070 66.2897 66.3290 66.3371 66.3473 66.3352 66.3203 66.3538 66.3770 66.3922 66.3788 66.3130 66.1852 65.9865 65.4022 63.2365 62.7828 62.6733 62.6729 62.7889 62.7956 62.6607 62.4187 84.8824 86.3662 87.3518 88.0637 88.5667 88.2135 88.0859 87.8484 87.3770 86.4842 85.5678
55.5683 58.8245 59.6682 60.5296 61.2983 61.9110 62.3612 62.8002 63.7414 64.4835 64.9047 65.1311 65.2395 65.2838 65.3173 65.3309 65.3247 65.3484 65.3391 65.3645 65.3626 65.3543 65.3747 65.3681 65.3919 65.4147 65.4298 65.4182 65.3604 65.2409 65.0222 64.3438 62.6935 62.0218 61.8099 61.7778 61.8444 61.8475 61.7408 85.0871 86.4488 87.3770 88.0431 88.3662 88.5835 88.1220 88.0410 87.4133 86.6153 85.6729
55.4593 58.7231 59.5877 60.3400 60.9490 61.4302 61.9410 62.7790 63.4903 63.9178 64.1484 64.2612 64.3112 64.3426 64.3563 64.3564 64.3718 64.3699 64.3844 64.3841 64.3857 64.3989 64.3986 64.4115 64.4126 64.4319 64.4544 64.4705 64.4629 64.4118 64.2967 64.0524 63.3585 62.0263 61.2643 60.9545 60.8690 60.9001 60.9098 85.3742 86.4634 87.3346 87.8811 88.4004 88.2653 88.3749 87.9091 87.3797 86.5696 85.5738
55.3476 58.6174 59.3840 59.9937 60.5035 61.0561 61.8249 62.5020 62.9308 63.1659 63.2831 63.3376 63.3682 63.3824 63.3861 63.3973 63.3993 63.4099 63.4125 63.4151 63.4250 63.4280 63.4375 63.4420 63.4511 63.4565 63.4755 63.4999 63.5213 63.5168 63.4680 63.3551 63.0837 62.4103 61.2812 60.4907 60.0993 59.9636 81.4226 85.3919 86.3296 87.0557 87.6244 87.7679 87.9212 87.4556 87.5639 87.1064 86.4308 85.3793
55.1375 58.4008 59.0432 59.5776 60.1543 60.8737 61.5164 61.9386 62.1774 62.3052 62.3633 62.3941 62.4089 62.4148 62.4237 62.4278 62.4365 62.4408 62.4492 62.4519 62.4566 62.4645 62.4705 62.4778 62.4841 62.4935 62.5050 62.5294 62.5573 62.5825 62.5806 62.5306 62.4063 62.1207 61.4756 60.4868 59.6959 78.0885 83.7207 85.2322 85.9937 86.5636 86.8245 87.0021 86.8354 86.9714 86.6991 86.5295 86.0737 84.9736
54.8214 58.0659 58.6500 59.2383 59.9089 60.4535 60.4871 60.5899 61.3256 61.3886 61.4201 61.4353 61.4412 61.4412 61.4015 61.4518 61.4663 61.4757 61.4799 61.4848 61.4919 61.4985 61.5052 61.5119 61.5198 61.5293 61.5446 61.5662 61.5937 61.6260 61.6509 61.6446 61.5878 61.4544 61.1575 60.5469 59.6594 60.9898 83.8041 84.8725 85.4353 85.7577 85.9427 85.8687 86.0164 85.8884 85.9220 85.6877 85.4469 84.3118
54.4652 57.6896 58.3102 58.9348 59.4019 59.4186 59.4822 60.2640 60.4133 60.4460 60.4614 60.4663 60.4597 60.4182 60.4642 60.4529 60.4861 60.5073 60.5129 60.5199 60.5257 60.5324 60.5392 60.5466 60.5547 60.5657 60.5815 60.6056 60.6328 60.6661 60.6977 60.7153 60.7003 60.6382 60.4979 60.1972 59.6199 59.0470 83.6677 84.2918 84.6342 84.8300 84.8450 84.9367 84.9200 84.9507 84.8749 84.8291 84.6165 83.4704
54.1233 57.3419 57.9543 58.3603 58.3685 58.4290 58.4604 59.4264 59.4716 59.4871 59.4904 59.4789 59.4368 59.4825 59.4695 59.4965 59.4984 59.5407 59.5475 59.5534 59.5603 59.5665 59.5735 59.5810 59.5899 59.6003 59.6167 59.6410 59.6710 59.7051 59.7383 59.7632 59.7698 59.7490 59.6830 59.5382 59.2391 79.4000 83.1010 83.4912 83.6871 83.7731 83.8898 83.9398 84.0033 83.9016 83.9451 83.8308 83.7335 82.5761
53.7189 56.9390 57.3380 57.3956 57.4011 57.4714 58.3407 58.4955 58.5124 58.5140 58.4988 58.4562 58.5017 58.4882 58.5146 58.5146 58.5539 58.5176 58.5689 58.5310 58.5819 58.5983 58.6073 58.6155 58.6248 58.6353 58.6507 58.6737 58.7076 58.7426 58.7767 58.8056 58.8179 58.8188 58.7933 58.7253 58.5791 78.5215 81.9817 80.6401 81.8553 82.8886 83.0170 83.1411 83.1612 83.1475 83.0153 82.9513 82.7882 81.5476
53.0941 56.2923 56.4092 56.3885 56.6283 57.2833 57.5035 57.5372 57.5372 57.5193 57.4762 57.5215 57.5077 57.5338 57.5333 57.5733 57.5639 57.5843 57.5700 57.5972 57.5835 57.6168 57.6364 57.6484 57.6588 57.6707 57.6863 57.7090 57.7388 57.7794 57.8121 57.8413 57.8627 57.8685 57.8642 57.8367 77.1094 78.2381 79.4366 80.5454 81.7492 82.0968 82.3064 82.5130 82.5663 82.5245 82.4116 82.1474 81.1369 80.1313
52.2429 55.3854 55.4040 55.7255 56.2216 56.2682 56.5668 56.5619 56.5510 56.5081 56.5529 56.5385 56.5644 56.5636 56.5958 56.5508 56.5998 56.6063 56.6198 56.6161 56.6322 56.6306 56.6556 56.6764 56.6915 56.7057 56.7226 56.7463 56.7783 56.8116 56.8498 56.8781 56.8977 56.9115 56.9148 75.9058 77.0377 78.2397 79.3422 80.5637 81.0609 81.4064 81.7674 81.9843 81.9962 82.0287 81.8980 81.6062 81.1362 80.0832
51.3817 54.4638 54.7896 55.1893 55.2111 55.4070 54.6986 55.5807 55.5396 55.5846 55.5704 55.5958 55.6052 55.6212 55.5834 55.6289 55.6139 55.6443 55.6483 55.6578 55.6594 55.6705 55.6751 55.6967 55.7184 55.7372 55.7565 55.7817 55.8110 55.8476 55.8822 55.9133 55.9335 55.9475 72.6138 75.8504 77.0303 78.1447 79.3761 79.9642 80.3853 80.8489 81.2310 81.4260 81.4837 81.4452 81.3014 81.0717 80.6571 79.5872
50.7393 53.8186 54.1671 54.1691 54.2282 53.9609 54.5077 54.5588 54.6206 54.6112 54.6379 54.6369 54.6597 54.6207 54.6661 54.6470 54.6719 54.6705 54.6912 54.6909 54.6976 54.7015 54.7108 54.7191 54.7391 54.7619 54.7847 54.8107 54.8401 54.8744 54.9103 54.9408 54.9642 69.9732 74.5285 75.9319 76.9382 78.1661 78.6916 78.4361 79.8036 80.1948 80.3432 80.8124 80.7986 80.8249 80.6305 80.4005 80.0629 78.9593
50.0731 53.1330 53.2116 53.2352 53.1298 53.5003 53.6213 53.6687 53.6554 53.6931 53.6979 53.7226 53.7011 53.7169 53.7041 53.7213 53.7149 53.7218 53.7246 53.7391 53.7429 53.7404 53.7440 53.7528 53.7631 53.7828 53.8072 53.8325 53.8640 53.8944 53.9280 53.9600 67.6323 73.0865 74.8170 75.8819 76.9487 77.4259 77.1889 78.5731 79.1020 79.3617 79.8213 79.9422 79.9589 79.9559 79.8855 79.6632 79.3614 78.2357
49.2084 52.2149 52.2760 52.2553 52.5366 52.6863 52.7436 52.7443 52.7664 52.7665 52.7924 52.7985 52.8047 52.7916 52.8060 52.7940 52.7938 52.7818 52.7842 52.7798 52.7892 52.7937 52.7852 52.7874 52.7953 52.8074 52.8267 52.8525 52.8804 52.9109 52.9433 52.9784 71.5794 73.6805 74.8081 75.7643 76.2138 76.1224 76.2425 77.9631 78.2879 78.7010 78.8804 78.9462 78.9485 78.9603 78.9162 78.8096 78.5868 77.4399
48.3338 51.2962 51.3678 51.5996 51.7608 51.8320 51.8515 51.8682 51.8732 51.8892 51.8956 51.9197 51.9251 51.9205 51.8925 51.9062 51.8926 51.8713 51.8505 51.8471 51.8361 51.8407 51.8439 51.8311 51.8312 51.8389 51.8514 51.8709 51.8967 51.9260 51.9630 68.5328 72.5171 73.7413 74.6265 75.0643 75.0912 75.3918 76.6899 77.1874 77.5534 77.7482 77.8323 77.8609 77.8704 77.8756 77.8633 77.8191 77.6981 76.5314
47.5243 50.4347 50.6726 50.8474 50.9329 50.9703 51.0040 51.0134 51.0335 51.0430 51.0566 51.0665 51.0854 51.0757 51.0505 51.0014 51.0081 50.9895 50.9604 50.9229 50.9113 50.8937 50.8935 50.8859 50.8763 50.8758 50.8826 50.8953 50.9163 66.8055 66.1095 71.1646 72.6957 73.5886 74.0294 74.1636 74.5118 75.5240 76.0751 76.4183 76.6056 76.6994 76.7311 76.7467 76.7506 76.7456 76.7623 76.7482 76.6981 75.5166
46.8377 49.7206 49.9349 50.0354 50.0907 50.1430 50.1780 50.2134 50.2260 50.2433 50.2549 50.2676 50.2792 50.2764 50.2495 50.2044 50.1113 50.1196 50.0886 50.0497 49.9979 49.9771 49.9526 49.9469 65.5123 65.5680 65.6723 68.2646 67.6005 69.9625 70.0206 71.6344 72.6398 73.1975 73.4161 73.8102 74.5599 75.0555 75.3430 75.4836 75.5638 75.5948 75.6115 75.6141 75.6026 75.5549 75.6144 75.6341 75.6222 74.4318
46.1473 48.9941 49.1429 49.2339 49.3058 49.3642 49.4177 49.4530 49.4758 49.4912 49.5074 49.5202 49.5074 49.5121 49.4914 49.4468 49.3627 49.2146 49.2279 49.1887 49.1315 49.0738 49.0365 64.7899 65.5292 66.5296 66.5858 68.4363 69.3270 70.2000 70.9084 70.5540 72.3851 72.6074 73.3815 74.0054 74.3154 74.3848 74.4516 74.4645 74.4699 74.4734 74.4728 74.4601 74.4320 74.4699 74.4828 74.4361 74.4936 73.2783
45.4202 48.2210 48.3585 48.4710 48.5551 48.6473 48.7129 48.7546 48.7721 48.7930 48.8096 48.8255 48.8107 48.7995 48.7811 48.7160 48.6459 48.5239 48.5203 48.8173 50.8633 62.9438 63.9024 64.7353 65.7343 66.5386 67.5479 68.4480 69.3574 70.2371 71.1080 71.8372 72.4319 72.8057 73.0104 72.7954 72.7402 72.3193 73.5155 73.4056 73.3577 73.3395 73.3207 73.3022 73.3267 73.3353 73.3058 73.3151 73.1723 71.9971
44.7035 47.4587 47.6360 47.7498 47.8782 47.9786 48.0683 48.1113 48.1543 48.1505 48.1656 48.1818 48.1690 48.1382 48.3341 49.8422 58.8002 59.4114 59.7348 60.8042 60.8744 62.8735 63.8436 64.8254 65.7400 66.6573 67.5636 68.4694 69.3632 70.2643 71.1057 71.9609 72.5325 72.8845 72.9108 73.0557 72.7415 72.3270 72.4752 72.3018 72.2239 72.1901 72.1708 72.1850 72.1900 72.1684 72.1563 72.0714 72.1501 70.9533
44.0377 46.7551 46.9440 47.0936 47.2477 47.3803 47.4514 47.5177 47.5451 47.5760 47.5917 47.6021 47.6833 48.2929 50.6659 58.2658 58.8307 59.5617 60.2020 60.4175 61.8276 62.9582 63.7608 64.7549 65.7533 66.6487 67.5840 68.4837 69.3883 70.2636 71.1856 71.9434 72.5723 72.8181 73.0504 72.8016 72.8620 72.3532 71.7710 71.1800 71.0775 71.0476 71.0621 71.0463 71.0284 71.0073 70.9535 70.9933 70.9668 69.7803
43.4078 46.0900 46.3093 46.4844 46.6585 46.7717 46.7832 46.9634 47.0208 47.0984 47.3882 48.9113 56.8943 57.3525 57.8549 58.3740 58.9315 59.5385 60.3314 61.0327 61.0517 62.8307 63.7797 64.8104 65.6330 66.6946 67.5481 68.2167 67.8064 70.0284 69.6529 71.8581 72.3735 72.7074 72.7254 72.8488 72.4509 72.2396 71.6391 70.0213 69.9497 69.9232 69.9152 69.9322 69.8636 69.8275 69.8464 69.8367 69.8600 68.6686
42.7886 45.4475 45.6505 45.6118 45.7832 45.9922 46.4715 46.6187 46.9750 48.4925 55.9702 56.4547 56.9284 57.4222 57.9149 58.4412 59.0138 59.6217 60.3367 61.1116 61.9209 61.9563 63.8883 64.6304 65.7615 66.4995 66.5526 66.6820 67.1201 67.1932 70.7610 71.5739 71.9681 72.1456 72.3402 72.2890 72.2070 71.8136 71.4169 70.6836 68.8361 68.8029 68.7806 68.7331 68.7851 68.7460 68.7155 68.7206 68.7177 67.5211
42.1603 44.7625 44.7224 45.3366 46.7309 53.4166 53.9821 54.4656 54.9987 55.4985 55.9926 56.4621 56.9510 57.4427 57.9490 58.4824 59.0613 59.6879 60.3012 61.1179 61.9270 62.8592 63.8211 64.8111 65.4653 65.5038 65.5629 65.6259 65.7785 66.1193 70.5820 71.0734 71.3463 71.4992 71.4676 71.5861 71.5067 71.3490 70.9784 70.5229 69.6904 67.6729 67.6064 67.6288 67.5858 67.6413 66.4803 67.3546 67.5451 66.3160
41.5944 44.0706 44.9015 46.9101 52.0584 53.4209 53.9867 54.5137 54.9699 55.5003 55.9819 56.4815 56.9419 57.4488 57.9592 58.4971 59.0720 59.7060 60.3919 61.1548 61.9026 62.0810 63.8818 64.4455 64.4724 64.5362 64.5739 64.6289 64.7002 64.8595 70.0750 70.4244 70.5864 70.6009 70.7001 70.6526 70.6860 70.6051 70.4324 70.0883 69.6036 66.5159 66.4817 66.4582 66.4804 66.4186 66.3666 65.6717 66.1329 64.9090
42.0126 44.4504 46.7448 50.9623 52.7286 53.4368 53.9880 54.5139 55.0134 55.4732 56.0033 56.4819 56.9665 57.4304 57.9703 58.5067 59.0884 59.7219 60.4022 61.0062 61.1300 62.7638 62.9060 63.0237 63.4231 63.5340 63.5965 63.6415 63.6961 63.7753 69.4112 69.6398 69.6894 69.7586 69.7474 69.7572 69.7135 69.7530 69.6815 68.0760 68.8727 65.3841 65.3584 65.3311 65.2973 65.3376 65.2987 65.1774 64.7352 63.6043
43.7686 46.3500 49.9716 51.9335 52.8035 53.4216 53.9871 54.5158 55.0083 55.5233 56.0158 56.4866 56.9468 57.3757 57.9568 58.4885 59.0653 59.6688 60.2009 60.5481 61.7131 62.0103 62.0948 62.0331 62.1356 62.4390 62.5772 62.6540 62.7068 62.7640 68.6187 68.7537 68.8115 68.8169 68.8155 68.7765 68.8158 68.7664 68.8058 67.8463 67.3869 67.4161 64.2291 64.1686 64.1909 64.1823 64.2032 64.1679 64.0290 62.8585
46.1712 49.0361 51.0851 52.1014 52.7695 53.3883 53.9654 54.4879 55.0233 55.5163 55.9986 56.4410 56.8659 57.3011 57.9138 58.4297 58.9729 59.4325 59.7014 59.6904 59.8250 61.1686 61.1280 61.1684 61.1386 61.2353 61.4674 61.6188 61.7089 61.7704 67.7419 67.8625 67.8727 67.8674 67.8273 67.8716 67.8578 67.8477 67.7955 67.7524 67.0455 66.5858 63.0929 63.0865 63.0566 63.0645 63.0628 63.0725 63.0352 61.8520
47.3577 50.1728 51.3031 52.0515 52.7057 53.3292 53.8847 54.4480 54.8966 54.9976 55.9125 56.3254 56.7478 57.2169 57.2398 57.2924 58.6348 58.6339 58.8178 58.8492 58.8468 59.0792 60.0124 60.1812 60.2328 60.2347 60.3178 60.5088 60.6619 60.7625 66.8377 66.8639 66.9162 66.8772 66.9215 66.9090 66.9346 66.8691 66.9030 66.8702 66.7549 66.2022 65.3641 62.7271 62.1313 61.9786 61.9497 61.9431 61.9439 60.7800
48.4581 49.2517 50.3760 51.1994 51.8920 52.5676 53.1662 53.7432 54.2116 54.4186 55.2287 55.6694 56.0919 56.4874 56.5140 56.6386 57.7016 57.7970 57.9167 57.9283 57.9398 58.1785 58.9498 59.1692 59.2350 59.2417 59.3249 59.5031 59.6904 60.2491 65.2002 65.7987 65.8994 65.8821 65.9148 65.9101 65.9254 65.8767 65.8948 65.8582 65.7128 65.1675 64.1951 61.8152 61.0177 60.7954 60.7448 60.7321 60.7143 60.6645
