#Value Function.
13.3697 13.7140 14.0544 14.3920 14.7636 15.1676 15.5109 15.9573 16.0955 16.3308 16.6928 17.0718 17.4599 17.8382 18.2214 18.6199 19.0449 19.3906 19.7555 20.1196 20.3170 20.4878 20.7855 21.0214 21.0272 21.0392 20.9091 20.5246 20.0331 19.5871 19.2378 18.7850 18.3089 17.9569 17.5121 17.1313 16.7854 16.3493 15.9582 15.7056 15.2815 14.8569 14.4472 14.0448 13.6593 13.3443 13.1825 12.8224 12.4808 12.2132
13.4826 13.7928 14.1516 14.4981 14.8397 15.2253 15.6521 15.9749 16.4970 16.5416 16.8124 17.2038 17.5900 17.9910 18.3746 18.7671 19.1756 19.6257 19.9557 20.3392 20.7284 20.8912 21.0544 21.3981 21.6427 21.5336 21.1148 20.5851 20.1122 19.7942 19.3210 18.7975 18.4838 17.9981 17.6092 17.2823 16.8149 16.3858 16.1918 15.7247 15.2868 14.8689 14.4559 14.0563 13.7058 13.6140 13.2044 12.8479 12.5547 12.1765
13.6388 13.8993 14.2186 14.5981 14.9476 15.2923 15.6936 16.1501 16.4295 16.8832 16.9962 17.3039 17.7260 18.1136 18.5311 18.9171 19.3205 19.7373 20.2214 20.5201 20.9331 21.1757 21.4995 21.6997 21.1953 21.2911 20.9431 20.6864 20.2285 19.7448 19.2781 19.0330 18.4844 18.0858 17.7944 17.2867 16.8188 16.5216 16.0449 15.7205 15.2959 14.8718 14.4615 14.0738 13.8691 13.4562 13.1636 12.8149 12.4865 12.1790
13.7813 14.0688 14.3185 14.6559 15.0591 15.4072 15.7545 16.1734 16.6715 16.8828 17.3110 17.4693 17.8102 18.2667 18.6465 19.0881 19.4706 19.8889 20.3097 20.8430 21.0844 21.5601 21.7052 21.2156 21.1151 20.7569 20.7510 20.3904 20.1840 19.7704 19.2635 18.8052 18.5210 18.0448 17.6158 17.2774 16.8184 16.3819 16.0441 15.6230 15.2736 14.8734 14.4643 14.1681 13.7511 13.4548 13.0844 12.8529 12.4652 12.1298
13.8099 14.2382 14.5008 14.7447 15.1055 15.5362 15.8757 16.2267 16.6639 17.2226 17.3334 17.7585 17.9580 18.3311 18.8283 19.1855 19.6655 20.0331 20.4745 20.8900 21.5089 21.7061 21.1030 21.0255 20.6726 20.5868 20.2452 20.2387 19.8801 19.6305 19.3038 18.9790 18.4407 18.0161 17.5655 17.1356 16.7641 16.3574 15.9468 15.5912 15.2002 14.8435 14.4766 14.0798 13.7427 13.3695 13.0445 12.7196 12.4600 12.1092
13.8334 14.2528 14.7370 14.8916 15.1743 15.5695 16.0308 16.3513 16.7096 17.1447 17.5569 17.8094 18.2115 18.4653 18.8656 19.4147 19.7179 20.2393 20.6065 21.0838 21.3329 21.2384 21.2153 20.6333 20.4186 20.1337 20.0860 19.7558 19.7887 19.3706 19.0821 18.7702 18.4310 17.9579 17.5263 17.0689 16.6728 16.2996 15.9077 15.5153 15.1552 14.7723 14.4112 14.0621 13.6872 13.3499 12.9906 12.8140 12.4223 12.0956
13.8172 14.2868 14.6870 15.1630 15.3097 15.6292 16.0454 16.5462 16.8309 17.1953 17.5809 18.0290 18.3167 18.6591 18.9904 19.4116 19.9478 20.2466 20.8506 21.0555 20.9016 20.8539 20.6750 20.6324 20.1341 19.8539 19.6092 19.6385 19.2745 19.1736 18.8449 18.5511 18.2462 17.9062 17.4306 17.0401 16.6127 16.2204 15.8487 15.4687 15.0730 14.7123 14.3748 14.0117 13.6638 13.3062 13.0157 12.6390 12.4126 12.0672
13.8184 14.2607 14.7099 15.1406 15.5355 15.7496 16.0982 16.5322 17.0868 17.3097 17.7141 18.0782 18.4801 18.8581 19.0931 19.5736 19.8291 20.3678 20.5637 20.7352 20.6632 20.4522 20.4978 20.1593 20.1017 19.6360 19.3190 19.0941 19.0261 18.7605 18.6019 18.3194 18.0326 17.7337 17.3720 16.9540 16.5689 16.1629 15.7778 15.3825 15.0201 14.6808 14.3066 13.9678 13.6187 13.2666 12.9197 12.6285 12.2939 12.0327
13.8004 14.2693 14.6888 15.0909 15.5510 15.9949 16.2016 16.5826 16.9970 17.4606 17.8109 18.2401 18.5493 18.7342 19.1645 19.3872 19.9103 20.0619 20.1600 20.2887 20.2575 20.0886 20.0873 20.0030 19.6666 19.6378 19.1436 18.8059 18.5790 18.4572 18.2389 18.0573 17.8011 17.5252 17.2302 16.8117 16.4329 16.0594 15.6682 15.3280 14.9187 14.5934 14.2624 13.9087 13.5501 13.2230 12.8887 12.5575 12.2590 11.9433
13.7744 14.2496 14.6521 15.0897 15.5175 15.9107 16.4518 16.6582 17.0893 17.4957 17.8523 18.2237 18.4236 18.6068 18.9029 19.4621 19.6236 19.6858 19.8004 19.8879 19.8885 19.6712 19.5338 19.4972 19.4959 19.2334 19.0504 18.6388 18.3045 18.0712 17.9177 17.7214 17.5322 17.2930 17.0282 16.7294 16.2745 15.9021 15.5944 15.1970 14.8837 14.5120 14.1828 13.8291 13.5091 13.1693 12.8452 12.5201 12.2005 12.0339
13.7568 14.2202 14.6413 15.0584 15.4696 15.9693 16.3036 16.8046 17.1385 17.5076 17.8907 17.9743 18.1015 18.4360 18.9928 19.0530 19.2153 19.2658 19.3201 19.4163 19.4002 19.2965 19.1187 18.9867 18.9371 18.9588 18.8863 18.5243 18.1399 17.8130 17.5734 17.4002 17.2135 17.0230 16.7961 16.5358 16.1893 15.6764 15.3311 15.1158 14.7763 14.4573 14.0791 13.7732 13.4403 13.1218 12.7951 12.4769 12.3630 12.3180
13.7350 14.2044 14.6131 15.0264 15.4961 15.9458 16.4898 16.7497 17.0232 17.4540 17.4569 17.6166 18.0085 18.5313 18.5226 18.7209 18.6988 18.7718 18.9279 19.1042 18.9944 18.8577 18.7336 18.5757 18.4499 18.3932 18.3875 18.2986 17.9988 17.6463 17.3302 17.0866 16.9006 16.7173 16.5281 16.3100 16.0295 15.6112 15.1618 14.8901 14.6337 14.3208 14.0302 13.6792 13.3761 13.0578 12.7505 12.6987 12.6753 12.5834
13.7214 14.1795 14.5900 15.0395 15.4898 15.9838 16.3562 16.5690 17.0648 16.9703 17.1408 17.5390 18.1023 18.0254 18.2387 18.1618 18.2559 18.5393 18.6579 18.6495 18.7745 18.5376 18.3394 18.1935 18.0448 17.9244 17.8610 17.8341 17.7368 17.4797 17.1584 16.8555 16.6107 16.4163 16.2337 16.0465 15.8298 15.4690 15.1173 14.7656 14.4455 14.1994 13.8696 13.6095 13.2925 13.0638 13.0475 13.0368 12.9644 12.7042
13.7264 14.1625 14.5995 15.0477 15.5106 15.9431 16.1089 16.4778 16.5152 16.6824 17.1128 17.5600 17.5480 17.8081 17.6768 17.8300 18.0013 18.2247 18.2702 18.5161 18.3307 18.2764 18.1487 17.8587 17.6777 17.5283 17.4105 17.3409 17.2978 17.1963 16.9700 16.6770 16.3887 16.1353 15.9411 15.7543 15.5750 15.3522 14.9791 14.6201 14.3244 13.9968 13.7689 13.4773 13.3619 13.4087 13.4045 13.3609 13.0511 12.8510
13.7342 14.1694 14.6118 15.0597 15.5193 15.6564 15.9389 16.0445 16.2467 16.6818 17.0249 17.0749 17.3271 17.2499 17.3663 17.5437 17.8699 17.8975 18.2007 18.0600 18.1203 17.9378 17.7703 17.7724 17.3983 17.1838 17.0272 16.9089 16.8334 16.7779 16.6742 16.4684 16.1358 15.8107 15.5390 15.3703 15.2339 15.0377 14.8629 14.5207 14.1670 13.8864 13.7620 13.6695 13.6526 13.7389 13.7841 13.3928 13.2173 12.9779
13.7350 14.1792 14.6185 15.0737 15.2559 15.4358 15.5846 15.8294 16.3555 16.5907 16.6155 16.8732 16.7827 16.8794 17.1484 17.3912 17.4707 17.7450 17.6282 17.6976 17.7696 17.6187 17.5125 17.2958 17.2104 16.9220 16.7027 16.5402 16.4197 16.3385 16.2733 16.0894 15.8858 15.6001 15.2834 15.0511 14.8414 14.7129 14.5298 14.3902 14.0814 14.0207 14.0339 14.0210 14.0225 13.9145 13.5979 13.3819 13.2531 13.1151
13.7164 14.1833 14.6143 14.9433 14.9727 15.1334 15.3935 15.8253 16.0688 16.1754 16.4823 16.3416 16.4182 16.7351 16.9234 17.0001 17.2558 17.1882 17.3131 17.4304 17.4282 17.2656 17.1424 17.0499 16.8235 16.6879 16.4450 16.2314 16.0661 15.9429 15.8215 15.7432 15.5602 15.3633 15.1358 14.8559 14.6208 14.4189 14.2592 14.0572 13.9333 13.8082 14.2386 14.3249 14.1238 13.9348 13.7338 13.6109 13.4968 13.2658
13.6347 14.1758 14.5872 14.5415 14.6923 14.9537 15.3234 15.5708 15.7340 16.0850 15.9551 15.9932 16.3071 16.4389 16.5957 16.7774 16.7200 16.8796 17.0133 16.9095 16.9316 17.0605 16.8083 16.7456 16.5597 16.3515 16.1915 15.9741 15.7693 15.5764 15.4440 15.3566 15.2592 15.0988 14.9102 14.6896 14.4328 14.2015 13.9946 13.8088 13.8491 13.8204 14.1083 14.4005 14.3186 14.0967 13.9482 13.8978 13.6501 13.3254
13.5863 14.0758 14.1208 14.2624 14.5160 14.8434 15.0900 15.2771 15.5397 15.5543 15.5928 15.8661 15.9711 16.1965 16.2911 16.2972 16.4011 16.6657 16.4826 16.5394 16.5210 16.5104 16.6518 16.3968 16.3185 16.1194 15.8928 15.7157 15.4803 15.2720 15.1229 14.9904 14.8966 14.7950 14.6470 14.4672 14.2556 14.0113 13.7846 13.5848 14.0123 14.0105 14.0934 14.5304 14.4739 14.3045 14.2511 14.0658 13.7024 13.3337
13.4482 13.6966 13.8423 14.0843 14.3810 14.6234 14.8185 15.0334 15.1048 15.2593 15.4310 15.5582 15.7727 15.7949 15.8411 15.9507 16.2529 16.1110 16.1358 16.0227 16.0328 16.1253 16.0892 16.1294 15.9066 15.8209 15.6441 15.4058 15.1857 15.0182 14.8316 14.6794 14.5497 14.4493 14.3449 14.2055 14.0294 13.8259 13.5995 13.5596 13.6736 14.0823 14.2167 14.2311 14.6908 14.5503 14.4811 14.0785 13.7027 13.3396
13.1286 13.4285 13.6605 13.9337 14.1695 14.3654 14.5558 14.6690 14.8892 14.9871 15.1993 15.3229 15.3435 15.5237 15.5079 15.7949 15.8524 15.7612 15.6528 15.6339 15.6486 15.8129 15.7313 15.5967 15.6051 15.4479 15.3116 15.1698 14.9586 14.7506 14.5758 14.3993 14.2474 14.1189 14.0142 13.9030 13.7732 13.5999 13.4118 13.3420 13.7469 13.8262 14.0704 14.3753 14.4238 14.7813 14.3404 14.0732 13.7101 13.3421
12.8769 13.2437 13.4997 13.7277 13.9215 14.1004 14.2436 14.4899 14.6315 14.8089 14.8445 14.9096 15.1176 15.0786 15.3028 15.4754 15.4246 15.3701 15.2866 15.1955 15.3136 15.3669 15.2915 15.2417 15.1359 15.0821 14.9818 14.8552 14.7118 14.5194 14.3225 14.1464 13.9762 13.8261 13.6933 13.5865 13.4740 13.3506 13.1897 13.4074 13.4524 13.6741 13.9505 14.1255 14.3388 14.5011 14.3437 13.9804 13.6879 13.3425
12.6927 13.0762 13.2978 13.4882 13.6623 13.8245 14.0694 14.3782 14.3891 14.3933 14.4828 14.7030 14.6556 14.8400 15.0630 15.1198 15.0203 14.9599 14.9021 14.8532 14.9934 14.9385 14.8960 14.8050 14.7534 14.6816 14.6200 14.5270 14.4081 14.2673 14.0891 13.9024 13.7258 13.5573 13.4108 13.2782 13.1724 13.0599 13.0916 13.0935 13.2868 13.5419 13.7672 14.1686 14.3218 14.2973 14.1065 13.9226 13.6121 13.3120
12.5231 12.8778 13.0665 13.2405 13.4229 13.6972 14.0610 13.9425 13.9604 14.0560 14.2560 14.2528 14.3982 14.6367 14.8825 14.6648 14.6456 14.5693 14.5046 14.6519 14.6117 14.5420 14.4708 14.4334 14.3599 14.3025 14.2363 14.1715 14.0834 13.9709 13.8323 13.6577 13.4808 13.3110 13.1407 13.0060 12.8711 12.7642 12.7397 12.9107 13.1514 13.3979 13.7530 14.1055 14.1144 13.9646 13.8761 13.7113 13.5211 13.2395
12.3303 12.6555 12.8355 13.0465 13.4071 13.7371 13.6002 13.6047 13.6342 13.8090 13.8993 13.9759 14.2255 14.6092 14.4061 14.3955 14.2476 14.1954 14.3682 14.3497 14.2232 14.1462 14.0949 14.0330 13.9873 13.9228 13.8641 13.8010 13.7352 13.6509 13.5066 13.4003 13.2333 13.0703 12.9102 12.7395 12.6098 12.4837 12.5453 12.7746 13.0291 13.3560 13.6685 13.8311 14.0838 13.9728 13.6404 13.4865 13.3245 13.1302
12.1201 12.4427 12.6753 13.0510 13.4236 13.2824 13.2865 13.2390 13.4262 13.5671 13.5744 13.8229 14.2047 14.1137 14.1252 13.9925 13.9414 13.9660 13.9497 13.9231 13.8667 13.7901 13.7175 13.6616 13.6040 13.5546 13.4953 13.4371 13.3760 13.3105 13.2252 13.1004 12.9856 12.8334 12.6614 12.5157 12.3582 12.2259 12.4093 12.6639 12.9686 13.2584 13.4673 13.7966 13.8738 13.9490 13.6148 13.3009 13.1156 12.9446
11.9266 12.3028 12.6495 12.9671 12.9588 12.9767 12.8878 13.1209 13.1905 13.1940 13.4305 13.8106 13.7336 13.7463 13.6902 13.6714 13.5743 13.6351 13.5501 13.6352 13.5102 13.4407 13.3676 13.2982 13.2404 13.1849 13.1340 13.0778 13.0209 12.9614 12.8963 12.8126 12.7000 12.5839 12.4401 12.2804 12.1334 12.0575 12.3047 12.5923 12.8711 13.1191 13.5085 13.6457 13.8864 13.7069 13.6394 13.2712 12.9639 12.7545
11.8001 12.2544 12.5409 12.6131 12.5672 12.5568 12.7916 12.7715 12.8193 13.0494 13.4270 13.3505 13.3640 13.3174 13.3098 13.2691 13.3046 13.1881 13.1939 13.1759 13.1869 13.0991 13.0268 12.9557 12.8887 12.8303 12.7758 12.7246 12.6705 12.6150 12.5569 12.4926 12.4114 12.3073 12.1930 12.0566 11.9064 11.9675 12.2381 12.5571 12.8179 13.2250 13.4064 13.6394 13.7326 13.7573 13.4188 13.2849 12.9304 12.6266
11.7325 12.1393 12.2502 12.1887 12.2059 12.4458 12.3960 12.4479 12.6786 13.0539 12.9773 12.9903 12.9440 12.9381 12.9053 12.9860 12.8829 12.8718 12.7932 12.7786 12.7648 12.7595 12.6925 12.6229 12.5540 12.4889 12.4307 12.3769 12.3258 12.2733 12.2192 12.1625 12.0991 12.0208 11.9231 11.8122 11.8640 12.0197 12.3329 12.5544 12.9531 13.1354 13.2487 13.4287 13.6303 13.6250 13.3678 13.0979 12.8937 12.6290
11.5837 11.7712 11.8158 11.8717 12.1379 12.0324 12.0871 12.3255 12.7096 12.6162 12.6271 12.5803 12.5740 12.5390 12.6861 12.5573 12.5596 12.4908 12.4604 12.4005 12.3768 12.3621 12.3482 12.2934 12.2284 12.1621 12.0988 12.0411 11.9879 11.9373 11.8860 11.8333 11.7778 11.7158 11.6404 11.7617 11.9240 12.2377 12.3445 12.7237 12.8512 12.9007 13.1984 13.3934 13.4969 13.4282 13.2384 12.9992 12.7459 12.5276
11.2595 11.4396 11.5448 11.8796 11.7323 11.7383 11.9877 12.4184 12.2824 12.2901 12.2313 12.2210 12.1901 12.4360 12.2656 12.2646 12.1796 12.1557 12.1019 12.0640 12.0139 11.9861 11.9691 11.9502 11.9030 11.8428 11.7795 11.7181 11.6613 11.6087 11.5585 11.5084 11.4570 11.4028 11.4499 11.7754 12.1422 12.2460 12.6395 12.5324 12.5645 12.8307 13.1751 13.1058 13.1748 13.2930 13.0660 12.8667 12.6391 12.3965
10.9545 11.1990 11.4448 11.4605 11.4725 11.6283 11.9575 11.9827 11.9982 11.9126 11.8932 11.8492 11.9979 12.0035 12.0123 11.9017 11.8684 11.8027 11.7672 11.7201 11.6796 11.6351 11.6055 11.5859 11.5642 11.5218 11.4663 11.4061 11.3466 11.2909 11.2389 11.1894 11.1403 11.1479 11.4411 11.7910 12.1329 12.5455 12.2750 12.2541 12.4620 12.7337 12.7557 12.8363 13.1407 12.9273 12.8834 12.7000 12.5049 12.2835
10.7275 11.0396 11.0878 11.1243 11.2763 11.5307 11.5902 11.6034 11.5997 11.5998 11.5412 11.5892 11.6121 11.6187 11.6182 11.6118 11.5337 11.4882 11.4313 11.3908 11.3467 11.3059 11.2176 11.2219 11.2100 11.1885 11.1499 11.0986 11.0415 10.9842 10.9296 10.8785 10.8517 11.1160 11.4495 11.7834 12.1155 12.1631 12.1376 12.1015 12.3235 12.3888 12.4875 12.7242 12.8171 12.9326 12.6132 12.5044 12.3390 12.1477
10.5382 10.7228 10.7797 10.9235 11.1289 11.2034 11.2198 11.2198 11.2250 11.2237 11.2170 11.2276 11.2312 11.2099 11.2326 11.2388 11.2273 11.1684 11.1197 11.0675 10.9779 10.9700 10.9169 10.8479 10.8523 10.8430 10.8226 10.7872 10.7396 10.6856 10.6305 10.5774 10.7994 11.1158 11.4332 11.7135 11.7850 11.7761 11.7914 11.9365 12.0272 12.1371 12.3361 12.4807 12.6919 12.7380 12.5610 12.2937 12.1475 11.9831
10.2519 10.4379 10.5740 10.7457 10.8253 10.8461 10.8487 10.8525 10.8535 10.8570 10.8561 10.8590 10.8607 10.8586 10.8470 10.8623 10.8683 10.8555 10.8086 10.7608 10.7040 10.6024 10.6022 10.5546 10.4822 10.4788 10.4821 10.4654 10.4333 10.3892 10.3384 10.4907 10.7889 11.0871 11.3321 11.4166 11.4245 11.4544 11.5728 11.6727 11.7901 11.9699 12.1452 12.4475 12.4034 12.5659 12.5441 12.2324 11.9745 11.8023
9.9885  10.2284 10.3774 10.4570 10.4818 10.4867 10.4899 10.4915 10.4944 10.4960 10.4986 10.4989 10.5010 10.5024 10.5000 10.4914 10.5025 10.5074 10.4948 10.4559 10.4100 10.3517 10.2526 10.2413 10.2020 10.1407 10.1333 10.1321 10.1174 10.1289 10.2004 10.4698 10.7475 10.9672 11.0588 11.0814 11.1205 11.2231 11.3269 11.4485 11.6173 11.7994 12.0328 12.0631 12.1998 12.3787 12.3200 12.1699 11.9019 11.6531
9.7793  10.0202 10.0988 10.1267 10.1336 10.1367 10.1387 10.1412 10.1431 10.1456 10.1475 10.1496 10.1504 10.1522 10.1532 10.1509 10.1400 10.1515 10.1557 10.1440 10.1109 10.0672 10.0087 9.9249  10.1892 10.1268 10.0952 10.0350 10.1382 10.4441 10.2323 10.4202 10.6174 10.7119 10.7466 10.7919 10.8850 10.9899 11.1135 11.2746 11.4532 11.6472 11.7174 11.8387 11.9780 11.9800 11.9990 12.0492 11.8347 11.5747
9.5668  9.7493  9.7806  9.7894  9.7927  9.7948  9.7971  9.7991  9.8014  9.8034  9.8056  9.8076  9.8095  9.8107  9.8122  9.8129  9.8103  9.8002  9.8098  9.8133  9.8027  9.7739  9.7326  9.9234  10.1178 10.4326 10.2151 10.2715 10.3032 10.3613 10.5079 10.3708 10.3872 10.4416 10.4760 10.5628 10.6658 10.7886 10.9419 11.1115 11.2817 11.3725 11.4837 11.5976 11.6193 11.6387 11.6743 11.6677 11.8036 11.5152
9.3052  9.4422  9.4537  9.4575  9.4597  9.4619  9.4639  9.4660  9.4681  9.4702  9.4722  9.4744  9.4763  9.4781  9.4794  9.4808  9.4813  9.4786  9.4697  9.4784  9.5013  9.7184  9.7536  9.9257  10.2345 10.2073 10.5039 10.3874 10.4324 10.5230 10.6331 10.6427 10.6289 10.6607 10.7380 10.7123 10.7268 10.7504 10.7780 10.9302 11.0266 11.1357 11.2327 11.2653 11.2863 11.3157 11.3313 11.4224 11.4164 11.4068
9.0114  9.1254  9.1308  9.1331  9.1353  9.1373  9.1393  9.1413  9.1434  9.1454  9.1475  9.1495  9.1515  9.1534  9.1577  9.1714  9.2187  9.3303  9.3857  9.6128  9.5294  9.7272  10.0401 9.9982  10.1331 10.3645 10.3685 10.5100 10.6020 10.6289 10.6810 10.8080 10.6872 10.8842 10.9387 11.0527 10.9047 10.5829 10.5851 10.6808 10.7792 10.8656 10.9194 10.9430 10.9693 10.9949 11.0605 11.0685 11.0746 11.0676
8.7077  8.8113  8.8149  8.8170  8.8190  8.8210  8.8230  8.8250  8.8269  8.8290  8.8311  8.8337  8.8380  8.8504  8.8878  8.9970  9.2359  9.5154  9.5988  9.6265  9.8050  9.7321  9.8922  10.1910 10.2646 10.4062 10.5301 10.6411 10.5785 10.6264 10.6414 10.5324 10.7410 10.7771 10.9449 11.0773 10.7844 10.5849 10.3719 10.4475 10.5301 10.5923 10.6787 10.6313 10.6646 10.7130 10.7274 10.7326 10.7329 10.7330
8.4057  8.5038  8.5069  8.5089  8.5108  8.5128  8.5147  8.5168  8.5192  8.5225  8.5296  8.5497  8.6091  8.7761  8.9509  9.0790  9.2584  9.5131  9.8285  9.8682  9.8734  9.9893  9.9526  10.1585 10.3749 10.5636 10.6616 10.4432 10.3437 10.3628 10.3216 10.4100 10.4980 10.7186 10.8398 10.7171 10.7141 10.4983 10.2978 10.2077 10.2695 10.3369 10.3457 10.5387 10.3771 10.3977 10.4005 10.4012 10.4040 10.4017
8.1097  8.2038  8.2067  8.2086  8.2105  8.2000  8.2145  8.2217  8.2336  8.2738  8.4401  8.6223  8.7250  8.8598  9.0380  9.2225  9.3357  9.5267  9.7024  9.9272  10.1756 10.0713 10.1645 10.2124 10.4587 10.5745 10.3300 10.3210 10.1641 10.0676 10.1087 10.2100 10.3894 10.5080 10.6041 10.5388 10.4313 10.3830 10.2084 10.0283 10.0151 10.0505 10.1861 10.2014 10.4103 10.1494 10.0936 10.0837 10.0824 10.0808
7.8197  7.9054  7.8798  7.9169  7.9326  8.0193  7.9814  8.0628  8.3004  8.3271  8.5036  8.6961  8.8903  8.9717  9.1174  9.3075  9.5040  9.5929  9.6936  9.9955  10.0289 10.3764 10.0928 10.3698 10.4946 10.2479 10.2339 10.0686 10.0107 9.8844  9.9232  10.0780 10.1970 10.2899 10.3627 10.4490 10.2662 10.1491 10.0734 9.9223  9.7684  9.8599  9.9113  10.0590 10.0760 10.2989 9.9711  9.8206  9.7823  9.7704 
7.5307  7.6013  7.6216  7.6681  7.7923  7.8876  8.0686  8.1625  8.2936  8.5859  8.5365  8.7672  8.9529  9.0926  9.2200  9.3833  9.5841  9.6765  9.8725  9.9029  10.2344 10.0595 10.3674 10.3049 10.1503 10.1516 9.9875  9.9256  9.7972  9.7181  9.7780  9.8937  9.9852  10.0634 10.1619 10.1882 10.2627 10.0161 9.8763  9.7802  9.6431  9.6188  9.7340  9.7904  9.9456  9.9496  9.9391  9.7040  9.5512  9.4897 
7.2492  7.3572  7.4244  7.5637  7.7222  7.8302  7.9985  8.1690  8.4043  8.4614  8.7617  8.7390  8.9693  9.0291  9.2706  9.4074  9.6341  9.6691  9.6764  9.9600  9.9066  10.0141 10.0338 10.0495 9.9920  9.8805  9.8399  9.7163  9.6354  9.5250  9.5990  9.6891  9.7691  9.8580  9.9265  10.1182 9.9587  10.0591 9.7833  9.6200  9.5022  9.4283  9.4987  9.6151  9.6369  9.6379  9.6396  9.6071  9.4284  9.2806 
7.0254  7.1862  7.3297  7.4817  7.6032  7.7612  7.9330  8.1334  8.2414  8.4748  8.5352  8.7923  8.7967  9.0261  9.1752  9.4416  9.4589  9.4469  9.6575  9.7924  9.7127  9.7333  9.7451  9.7406  9.7436  9.6941  9.6057  9.5467  9.4438  9.3567  9.4019  9.4844  9.5842  9.6917  9.9788  9.8060  9.7991  9.7545  9.9081  9.6047  9.3779  9.2431  9.3020  9.3302  9.3340  9.3363  9.3377  9.3355  9.2939  9.1484 
6.8778  7.0994  7.2494  7.3786  7.5307  7.6987  7.8796  8.0116  8.2066  8.3350  8.5545  8.5690  8.7686  9.0127  9.3201  9.2419  9.2046  9.3992  9.5392  9.4845  9.4894  9.4505  9.4495  9.4540  9.4523  9.4485  9.4052  9.3313  9.2656  9.1744  9.2113  9.3311  9.4835  9.7937  9.6556  9.6587  9.5446  9.5885  9.5860  9.5752  9.3478  9.1354  9.0350  9.0391  9.0401  9.0415  9.0435  9.0445  9.0387  8.9914 
6.7993  7.0230  7.1567  7.3048  7.4675  7.6362  7.7786  7.9523  8.0926  8.2740  8.3426  8.5186  8.7518  8.9952  9.0146  9.0273  9.1156  9.2771  9.2483  9.2477  9.2120  9.2035  9.1759  9.1699  9.1714  9.1702  9.1626  9.1244  9.0604  8.9935  9.0685  9.2498  9.4702  9.4812  9.4833  9.3930  9.3635  9.2991  9.3020  9.2998  9.2672  9.0869  8.8966  8.7835  8.7610  8.7567  8.7568  8.7582  8.7585  8.7470 
6.7132  6.8571  7.0002  7.1553  7.3139  7.4579  7.6172  7.7598  7.9162  8.0124  8.1767  8.3916  8.6001  8.6904  8.7197  8.7509  8.9018  9.0827  9.0114  8.9774  8.9659  8.9389  8.9246  8.9028  8.8944  8.8935  8.8917  8.8821  8.8478  8.7911  8.8740  9.0609  9.1522  9.1790  9.1921  9.1863  9.1223  9.0823  9.0317  9.0228  9.0158  8.9730  8.8240  8.6530  8.5347  8.4924  8.4802  8.4773  8.4774  8.4746 
