#Max_Reward.
0.0000  0.0000  0.0000  0.0000  0.0000  0.0000  0.0000  0.0000  0.0000  0.0000  0.0000  0.0000  0.0000  0.0000  0.0000  0.0000  0.0000  0.0000  0.0000  0.0000  0.0000  0.0000  0.0000  0.0000  0.0000  0.0000  0.0000  0.0000  0.0000  0.0000  0.0000  0.0000  0.0000  0.0000  0.0000  0.0000  0.0000  0.0000  1.5800  0.0000  0.0000  0.0000  0.0000  0.0000  0.0000  0.0000  0.0000  0.0000  0.0000  0.0000 
0.0000  0.0000  0.0000  0.0000  0.0000  0.0000  0.0000  0.0000  0.0000  0.0000  0.0000  0.0000  0.0000  0.0000  0.0000  0.0000  0.0000  0.0000  0.0000  0.0000  0.0000  0.0000  0.0000  0.0000  0.0000  0.0000  0.0000  0.7400  2.3700  0.5700  1.5800  1.5100  1.7900  0.6100  0.0000  0.0000  0.0000  0.0000  1.5300  1.3300  2.3200  0.0000  0.0000  0.0000  0.0000  0.0000  0.0000  0.0000  0.0000  0.0000 
0.0000  0.0000  0.0000  0.0000  0.0000  0.0000  0.0000  0.0000  0.0000  0.0000  0.0000  0.0000  0.0000  0.0000  0.0000  0.7400  4.2900  2.3400  1.7200  0.0000  0.0000  0.0000  0.0000  0.0000  0.0000  0.0000  1.8500  3.2500  1.6600  1.0800  1.4600  3.1300  1.8100  1.5600  0.0000  0.0000  0.0000  0.0000  1.2800  0.8800  2.0200  0.0000  0.0000  0.0000  0.0000  0.0000  0.0000  0.0000  0.0000  0.0000 
0.0000  0.0000  0.0000  0.0000  0.0000  0.0000  0.0000  0.0000  0.0000  0.0000  0.0000  0.0000  0.0000  0.0000  0.0000  0.0000  4.2100  3.0700  1.2600  0.0000  0.0000  0.0000  0.0000  0.0000  0.0000  0.0000  3.3900  2.4000  1.5600  0.0300  0.3200  1.2400  3.6300  2.4300  0.1700  0.0100  -0.0000 0.0000  0.4600  3.1400  1.0400  0.0000  0.0000  0.0000  0.0000  0.0000  0.0000  0.0000  0.0000  0.0000 
0.0000  0.0000  0.0000  0.0000  0.0000  0.0000  0.0000  0.0000  0.0000  0.0000  0.0000  0.0000  0.0000  0.0000  0.0000  0.0000  0.7300  5.3700  3.9800  1.7900  0.0000  0.0000  0.0000  0.0000  0.0000  0.0000  0.0000  0.0000  0.0000  0.0000  0.0000  0.0200  1.6300  2.3200  3.8000  2.6900  1.6600  0.0100  0.2900  1.1900  2.1700  2.7400  2.2000  0.0000  0.0000  0.0000  0.0000  0.0000  0.0000  0.0000 
0.0000  0.0000  0.0000  0.0000  0.0000  0.0000  0.0000  0.0000  0.0000  0.0000  0.0000  0.0000  0.0000  0.0000  0.0000  0.0000  0.4700  3.8800  2.7800  1.4700  0.0000  0.0000  0.0000  0.0000  0.0000  0.0000  0.0000  0.0000  0.0000  0.0000  0.0000  0.0000  1.1300  1.0300  4.0100  4.7600  3.8900  1.4600  0.0100  1.5900  1.6200  1.4000  2.1800  1.0200  -0.0000 0.0000  0.0000  0.0000  0.0000  0.0000 
0.0000  0.0000  0.0000  0.0000  0.0000  0.0000  0.0000  0.0000  0.0000  0.0000  0.0000  0.0000  0.0000  0.0000  0.0000  0.0000  0.7600  2.9900  4.0000  0.2600  0.0100  0.0000  0.0000  0.0000  0.0000  0.0000  0.0000  0.0000  0.0000  0.0000  0.0000  0.0900  2.3700  3.1000  1.5900  1.6200  5.9400  4.2400  1.4500  2.7100  2.5600  4.3200  3.2300  1.5600  1.2700  0.0000  0.0000  0.0000  0.0000  0.0000 
0.0000  0.0000  0.0000  0.0000  0.0000  0.0000  0.0000  0.0000  0.0000  0.0000  0.0000  0.0000  0.0000  0.0000  0.0000  0.0000  0.8400  1.7400  4.7500  1.9800  1.5400  0.0000  0.0000  0.0000  0.0000  0.0000  0.0000  0.0000  0.0000  0.0000  0.0000  1.4600  1.8400  3.9700  1.1800  2.6800  5.5700  5.0000  2.4500  1.6500  1.9800  3.1300  3.2900  0.7500  1.6400  0.0000  0.0000  0.0000  0.0000  0.0000 
0.0000  0.0000  0.0000  0.0000  0.0000  0.0000  0.0000  0.0000  0.0000  0.0000  0.0000  0.0000  0.0000  0.0000  0.0000  0.0000  1.6400  3.7200  5.4200  1.6900  -0.0000 0.0000  0.0000  0.0000  0.0000  0.0000  0.0000  0.0000  0.0200  1.6100  3.1200  2.9000  1.5700  3.4700  2.0700  3.1600  5.4600  7.4100  5.7200  3.4900  1.7300  3.2000  2.6700  1.6700  2.8200  0.0000  0.0000  0.0000  0.0000  0.0000 
0.0000  0.0000  0.0000  0.0000  0.0000  0.0000  0.0000  0.0000  0.0000  0.0000  0.0000  0.0000  0.0000  0.0000  0.0000  0.0000  0.8100  4.0000  1.5100  0.1800  0.0000  0.0000  0.0000  0.0000  0.0000  0.0000  0.0000  0.1000  2.4300  3.6500  3.1300  1.5800  -0.0000 0.0000  0.0000  1.8900  3.0400  4.5100  7.3100  6.0600  2.0200  1.9900  1.7000  2.8100  2.0400  0.0000  0.0000  0.0000  0.0000  0.0000 
0.0000  0.0000  0.0000  0.0000  0.0000  0.0000  0.0000  0.0000  0.0000  0.0000  0.0000  0.0000  0.0000  0.0000  0.0000  0.0000  0.8900  4.7400  3.8600  4.5900  2.8600  1.0500  0.0300  0.0000  0.0000  0.0000  0.0000  2.1700  3.1700  2.5200  0.1500  0.0100  -0.0000 0.0000  0.0000  0.0500  2.5000  3.5300  5.6000  3.4600  3.4200  0.2800  3.2200  1.1700  1.6000  0.0000  0.0000  0.0000  0.0000  0.0000 
0.0000  0.0000  0.0000  0.0000  0.0000  0.0000  0.0000  0.0000  0.0000  0.0000  0.0000  0.0000  0.0000  0.0000  0.0000  0.0000  1.0500  3.8200  2.7200  2.9300  1.8800  1.6600  0.4500  0.0000  0.0000  0.0000  0.0000  2.6800  2.1700  0.1000  0.0000  0.0000  0.0000  0.0000  0.0000  0.0000  0.0400  1.8400  2.5700  5.4300  5.5400  3.7900  4.5600  1.1500  3.1900  0.0000  0.0000  0.0000  0.0000  0.0000 
0.0000  0.0000  0.0000  0.0000  0.0000  0.0000  0.0000  0.0000  0.0000  0.0000  0.0000  0.0000  0.0100  2.1300  2.7100  2.0600  2.0300  3.0800  2.0300  1.3200  2.6300  2.7600  0.7000  0.0000  0.0000  0.0000  0.0000  0.0000  0.0000  0.0000  0.0000  0.0000  0.0000  0.0000  0.0000  0.0000  0.0000  0.1400  3.2100  4.6800  3.5100  4.1200  3.0900  5.0000  5.1400  0.0300  0.0000  0.0000  0.0000  0.0000 
0.0000  0.0000  0.0000  0.0000  2.9000  3.5500  1.7600  1.4700  0.0000  0.0000  0.0000  0.0000  0.6500  3.7000  2.1200  1.2900  0.8300  3.8600  0.8300  0.0000  1.9100  3.0500  0.8900  0.0000  0.0000  0.0000  0.0000  0.0000  0.0000  0.0000  0.0000  0.0000  0.0000  0.0000  0.0000  0.0000  0.0000  0.0100  1.5800  3.0100  1.6600  3.5800  4.5200  4.0400  11.1200 2.8600  0.0400  0.0000  0.0000  0.0000 
0.0000  1.9800  0.3700  0.0000  1.0100  3.0600  0.5600  0.0000  0.0000  0.0000  0.0000  0.0000  0.9000  2.8800  4.2400  0.0000  1.5700  3.3800  1.5700  0.0000  1.6500  2.9700  1.6300  0.0000  0.0000  0.0000  0.0000  0.0000  0.0000  0.0000  0.0000  0.0000  0.0000  0.0000  0.0000  0.0000  0.0000  -0.0000 -0.0000 1.5800  1.6100  4.0600  1.1700  1.7600  -6.8300 5.3200  9.1300  0.0000  0.0000  0.0000 
0.0000  2.7700  0.9700  0.0000  0.9900  3.7200  0.7400  0.0000  0.0000  0.0000  0.0000  0.0000  0.6700  1.6900  1.9100  0.0000  0.5600  3.7500  0.5700  -0.0000 0.4600  4.3000  1.9700  0.4600  0.0000  0.0000  0.0000  0.0000  0.0000  0.0000  0.0000  0.0000  0.0000  0.0000  0.0000  0.0000  0.0000  0.0000  0.0000  0.0100  1.3000  1.8300  8.2800  -3.2200 -2.4100 5.3100  0.9600  0.0000  0.0000  0.0000 
0.0000  0.5400  2.3100  0.0000  0.9500  1.7200  0.9300  0.0000  0.0000  0.0000  0.0000  0.0000  0.8700  2.8900  0.9900  0.0000  1.5900  4.1700  3.6200  0.0800  0.5800  3.2800  3.3000  0.9300  0.0000  0.0000  0.0000  0.0000  0.0000  0.0000  0.0000  0.0000  0.0000  0.0000  0.0000  0.0000  0.0000  0.0000  0.0700  2.0400  2.5900  1.3800  1.8500  8.7100  11.6600 0.4600  0.9600  0.0000  0.0000  0.0000 
0.0000  6.0200  1.9600  0.0100  0.5400  1.6400  0.5400  0.0000  0.0000  1.7200  1.9300  1.7200  0.8700  1.6100  0.8700  0.0000  0.5300  6.0600  5.3300  2.8300  1.4200  5.8000  4.0300  -0.0000 0.0000  0.0000  0.0000  0.0000  0.0000  0.0000  0.0000  0.0000  0.0000  0.0000  0.0000  0.0000  0.0000  0.0000  2.3800  2.2700  2.0400  0.0100  0.2900  1.9100  1.4300  0.7300  0.0000  0.0000  0.0000  0.0000 
0.0000  4.7400  4.0400  0.5900  0.1800  3.9700  3.4800  2.0100  0.0000  1.1900  1.7800  1.1900  0.8700  1.6100  0.8700  0.0000  0.2700  3.9900  3.6400  2.0600  1.5900  1.5800  0.4400  0.0000  0.0000  0.0000  0.0000  0.0000  0.0000  0.0000  0.0000  0.0000  0.0000  0.0000  0.0000  0.0000  0.0000  0.0000  2.2600  2.3800  0.0700  0.0000  0.0300  1.2200  2.6300  1.1700  0.0000  0.0000  0.0000  0.0000 
0.0000  4.7400  1.3700  0.9200  0.7400  4.7300  4.1900  1.9800  0.0000  0.4700  3.6300  2.2300  2.4700  1.6300  0.8500  0.0000  0.8100  5.9500  5.3900  1.8000  1.3200  1.5300  0.1200  0.0000  0.0000  0.0000  0.0000  0.0000  0.0000  0.0000  0.0000  0.0000  0.0000  0.0000  0.0000  0.0000  0.0000  0.0000  0.0000  0.0000  0.0000  -0.0000 1.1900  0.9000  1.4400  0.0800  0.0000  0.0000  0.0000  0.0000 
0.0000  1.4800  2.2300  0.4600  0.3700  2.7500  2.3000  1.1400  0.0000  0.0000  3.8900  2.9200  1.6400  1.8200  0.0400  0.0200  1.1000  1.1100  0.6700  1.2100  1.0000  0.0000  0.0000  0.0000  0.0000  0.0000  0.0000  0.0000  0.0000  0.0000  0.0000  0.0000  0.0000  0.0000  0.0000  0.0000  0.0000  0.0000  0.0000  0.0000  0.0000  0.0600  2.3100  3.0100  0.6500  0.0000  0.0000  0.0000  0.0000  0.0000 
0.0000  0.0200  2.1700  3.1400  1.0500  2.8900  3.1800  0.0400  0.0000  0.0000  1.2400  2.9400  2.8700  3.3400  0.6400  2.2000  6.0700  5.4200  2.2300  0.1200  0.0000  0.0000  0.0000  0.0000  1.7200  2.6600  1.7200  0.0000  0.0000  0.0000  0.0000  0.0000  0.0000  0.0000  0.0000  0.0000  0.0000  0.0000  0.0000  0.0000  -0.0000 0.6600  3.0600  1.2900  0.0000  0.0000  0.0000  0.0000  0.0000  0.0000 
0.0000  0.0000  0.3300  2.4300  3.0100  1.3700  0.9100  0.2500  2.8500  1.5600  0.0700  1.9100  4.8300  3.4700  4.6200  1.0300  7.9400  2.9500  0.1000  0.0000  0.0000  0.0000  0.0000  0.0000  1.3200  3.3700  1.3200  0.0000  0.0000  0.0000  0.0000  0.0000  0.0000  0.0000  0.0000  0.0000  0.0000  0.0000  0.0000  0.0200  1.3900  1.6800  0.6100  -0.0000 0.0000  0.0000  0.0000  0.0000  0.0000  0.0000 
0.0000  0.0000  0.0000  0.0400  3.4800  5.4100  2.9700  2.1700  2.2200  1.0700  0.3400  4.2900  6.7200  2.3000  2.4100  0.7600  3.3100  1.1800  0.0000  0.0000  0.0000  0.0000  0.0000  0.0000  1.4100  3.0200  1.4100  0.0000  0.0000  0.0000  0.0000  0.0000  0.0000  0.0000  0.0000  0.0000  0.0000  0.0000  0.0200  1.4900  1.6100  1.3900  -0.0000 0.0000  0.0000  0.0000  0.0000  0.0000  0.0000  0.0000 
0.0000  0.0000  0.0000  0.0000  1.9300  4.0800  6.7700  2.9000  1.0300  2.2400  0.0800  5.0400  6.2300  1.0100  6.3500  5.6400  0.7500  -0.0000 0.0000  0.0000  0.0000  0.0000  0.0000  0.0000  0.5500  2.6300  0.7700  0.0300  0.0000  0.0000  0.0000  0.0000  0.0000  0.0000  0.0000  0.0000  0.0000  0.0000  1.6700  2.9500  1.4900  0.0200  0.0000  0.0000  0.0000  0.0000  0.0000  0.0000  0.0000  0.0000 
0.0000  0.0000  0.0000  2.4400  3.2100  2.8700  4.1400  4.1200  1.0600  1.9500  4.6100  7.2300  5.4400  6.7000  7.2100  3.3100  0.0300  0.0000  0.0000  0.0000  0.0000  0.0000  0.0000  0.0000  0.1800  4.9500  1.7900  0.6100  0.0000  0.0000  0.0000  0.0000  0.0000  0.0000  0.0000  0.0000  0.0000  0.0000  2.6400  1.6700  0.0200  0.0000  0.0000  0.0000  0.0000  0.0000  0.0000  0.0000  0.0000  0.0000 
0.0000  0.0000  0.0000  1.8900  2.9000  3.2800  1.7100  2.0200  4.7100  2.0800  7.1000  5.2800  9.3300  7.7600  3.1900  0.1400  -0.0000 0.0000  0.0000  0.0000  0.0000  0.0000  0.0000  0.0000  0.6700  4.8900  3.8500  1.7000  0.0000  0.0000  0.0000  0.0000  0.0000  0.0000  0.0000  0.0000  0.0000  0.0000  0.0000  0.0000  0.0000  0.0000  0.0000  0.0000  0.0000  0.0000  0.0000  0.0000  0.0000  0.0000 
0.0000  0.0000  0.0000  -0.0000 1.9500  4.3100  2.5600  4.3700  1.6200  5.2100  10.2300 6.1000  6.3200  1.7200  0.0400  0.0000  0.0000  0.0000  0.0000  0.0000  0.0000  0.0000  0.0000  -0.0000 0.1000  5.9100  3.5200  1.6300  0.0000  0.0000  0.0000  0.0000  0.0000  0.0000  0.0000  0.0000  0.0000  0.0000  0.0000  0.0000  0.0000  0.0000  0.0000  0.0000  0.0000  0.0000  0.0000  0.0000  0.0000  0.0000 
0.0000  0.0000  0.0100  0.3100  0.6800  1.6700  1.6000  3.8400  4.7800  17.9100 30.3500 13.4500 5.4000  0.7300  0.0000  0.0000  0.0000  0.0000  0.0000  0.0000  0.0000  0.0000  0.0000  1.2200  2.8300  6.6800  6.0600  0.9400  0.0000  0.0000  0.0000  0.0000  0.0000  0.0000  0.0000  0.0000  0.0000  0.0000  0.0000  0.0000  0.0000  0.0000  0.0000  0.0000  0.0000  0.0000  0.0000  0.0000  0.0000  0.0000 
0.0000  0.0000  0.3600  1.8100  0.2200  1.7000  1.4200  2.6700  7.9200  16.7600 4.7300  0.6900  5.0000  4.6100  0.0000  0.0000  0.0000  0.0000  0.0000  0.0000  0.0000  0.0000  0.0000  0.6800  1.7200  4.3700  3.6100  0.9100  0.0000  0.0000  0.0000  0.0000  0.0000  0.0000  0.0000  0.0000  0.0000  0.0000  0.0000  0.0000  0.0000  0.0000  0.0000  0.0000  0.0000  0.0000  0.0000  0.0000  0.0000  0.0000 
0.0000  0.0000  1.9000  0.3600  0.0100  0.1800  1.2300  1.4500  4.7500  -0.6800 -4.6000 0.6300  10.4200 0.6100  0.0000  0.0000  0.0000  0.0000  0.0000  0.0000  0.0000  0.0000  0.0000  0.8900  3.8800  2.5900  1.6100  0.4100  0.0200  0.0000  0.0000  0.0000  0.0000  0.0000  0.0000  0.0000  0.0000  0.0000  0.0000  0.0000  0.0000  0.0000  0.0000  0.0000  0.0000  0.0000  0.0000  0.0000  0.0000  0.0000 
0.0000  0.0000  0.0000  0.0000  0.0000  0.0000  0.0000  0.0000  0.3000  3.6400  10.1200 8.0500  1.4900  0.0000  0.0000  0.0000  0.0000  0.0000  0.0000  0.0000  0.0000  0.0000  0.0400  0.8600  1.6200  0.7000  3.2400  2.4800  2.2800  0.0700  0.0000  0.0000  0.0000  0.0000  0.0000  0.0000  0.0000  0.0000  0.0000  0.0000  0.0000  0.0000  0.0000  0.0000  0.0000  0.0000  0.0000  0.0000  0.0000  0.0000 
0.0000  0.0000  0.0000  0.0000  0.0000  0.0000  0.0000  0.0200  2.5000  0.2800  4.3600  2.1700  0.0000  0.0000  0.0000  0.0000  0.0000  0.0000  0.0000  0.0000  0.0000  0.0000  4.1200  2.9000  2.3200  0.3100  3.8900  4.0700  2.7900  -0.0000 0.0000  0.0000  0.0000  0.0000  0.0000  0.0000  0.0000  0.0000  0.0000  0.0000  0.0000  0.0000  0.0000  0.0000  0.0000  0.0000  0.0000  0.0000  0.0000  0.0000 
0.0000  0.0000  0.0000  0.0000  0.0000  0.0000  0.0000  0.1700  3.2500  1.8300  4.1000  2.5000  0.0000  0.0000  0.0000  0.0000  0.0000  0.0000  0.0000  0.0000  0.0000  0.0000  3.0500  6.8400  2.9200  2.3900  1.1300  1.8100  1.4800  0.0000  0.0000  0.0000  0.0000  0.0000  0.0000  1.6300  3.0400  1.3600  1.4700  0.1000  0.0000  0.0000  0.6700  2.1400  0.4700  0.0000  0.0000  0.0000  0.0000  0.0000 
0.0000  0.0000  0.0000  0.0000  0.0000  0.0000  1.0900  1.6000  0.7400  1.6500  1.3200  1.8400  0.0000  0.0000  0.0000  0.0000  0.0000  0.0000  0.0000  0.0000  0.0000  0.0000  0.0900  2.5700  4.2400  3.3700  1.4800  2.7800  0.9000  0.0000  0.0000  0.0000  0.0000  1.0800  3.6000  4.0800  3.0400  1.7600  3.6900  1.9300  0.4300  3.8700  0.4100  0.5300  5.6500  1.0000  0.0000  0.0000  0.0000  0.0000 
0.0000  0.0000  0.0000  0.0000  0.0000  1.9700  2.0900  2.7900  0.0800  1.2500  0.5500  0.9300  0.0000  0.0000  0.0000  0.0000  0.0000  0.0000  0.0000  0.0000  0.0000  0.0000  0.0000  0.1500  2.0400  4.5800  1.6900  2.9800  0.9300  0.0000  0.0000  0.0000  0.3200  2.2800  6.3700  1.4800  4.2500  0.8900  4.5600  0.7600  3.3200  2.9600  0.1200  3.7200  6.0500  2.9900  1.5500  0.0000  0.0000  0.0000 
0.0000  0.0000  0.0000  0.0000  0.0000  3.4400  1.6600  0.3800  0.2000  2.0400  0.8200  0.0300  0.0000  0.0000  0.0000  0.0000  0.0000  0.0000  0.0000  0.0000  0.0000  0.0000  0.0000  -0.0000 1.2400  2.7400  4.9300  1.3300  2.2400  -0.0000 0.0000  0.5800  4.4300  6.3000  5.4400  3.1900  2.6500  0.1500  1.6100  2.8800  3.3300  1.8800  1.4700  0.0500  0.1900  1.7000  2.4000  0.0000  0.0000  0.0000 
0.0000  0.0000  0.0000  0.0000  0.0000  0.0000  0.0000  0.0000  1.1800  1.6700  4.8500  1.5100  0.0000  0.0000  0.0000  0.0000  0.0000  0.0000  0.0000  0.0000  0.0000  0.0000  0.0000  0.0000  -0.0000 5.6900  4.5000  4.8700  1.5800  4.4700  2.5600  7.6000  10.0300 7.1800  1.1300  1.3200  3.8100  1.7000  0.8400  -0.0000 1.1500  1.6400  4.4000  1.8500  0.0900  0.0000  0.0000  0.0000  0.0000  0.0000 
0.0000  0.0000  0.0000  0.0000  0.0000  0.0000  0.0000  0.0000  0.0000  0.3500  1.6600  2.9500  0.0000  0.0000  0.0000  0.0000  0.0000  0.0000  0.0000  0.0000  0.0000  0.0000  0.0000  0.0000  0.0000  3.7400  5.5800  9.0400  9.8300  9.4900  5.6700  12.9800 9.4000  2.6200  -0.0000 0.0100  1.6600  2.8400  1.6400  0.0700  -0.0000 0.1300  1.9300  2.1000  2.7400  0.0000  0.0000  0.0000  0.0000  0.0000 
0.0000  0.0000  0.0000  0.0000  0.0000  0.0000  0.0000  0.0000  0.0000  0.9600  2.7500  3.8800  0.1200  0.0000  0.0000  0.0000  0.0000  0.0000  0.0000  0.0000  0.0000  0.0000  0.0000  0.0000  0.0000  0.5100  5.9100  5.9200  1.9100  -15.1000 -2.9500 6.7800  2.4800  0.0100  0.0000  0.0000  0.0900  3.1300  3.1500  0.4600  0.0000  0.0000  0.0900  2.7400  2.7500  0.0000  0.0000  0.0000  0.0000  0.0000 
0.0000  0.0000  0.0000  0.0000  0.0000  0.0000  0.0000  0.0000  0.0000  0.0000  0.1300  1.8400  0.1300  0.0000  0.0000  0.0000  0.0000  0.0000  0.0000  0.0000  0.0000  0.0000  0.0000  0.0000  0.0000  0.0000  1.4300  2.9200  8.6000  -6.4600 5.7000  1.6400  0.2200  0.0000  0.0000  0.0000  0.0000  1.4900  3.0300  2.6400  1.3600  0.0000  0.0000  0.0000  0.0000  0.0000  0.0000  0.0000  0.0000  0.0000 
0.0000  0.0000  0.0000  0.0000  0.0000  0.0000  0.0000  0.0000  0.0000  0.0000  0.7100  1.6400  0.7800  0.0000  0.0000  0.0000  0.0000  0.0000  0.0000  0.0000  0.0000  0.0000  0.0000  0.0000  0.0000  0.0000  0.1500  3.8700  9.8800  17.0400 8.0000  0.7100  -0.0000 0.0000  0.0000  0.0000  0.0000  -0.0000 1.5800  2.8600  1.6900  1.4800  -0.0000 0.0000  0.0000  0.0000  0.0000  0.0000  0.0000  0.0000 
0.0000  0.0000  0.0000  0.0000  0.0000  0.0000  0.0000  0.0000  0.0000  0.0000  0.7800  2.7900  1.8300  0.0000  0.0000  0.0000  0.0000  0.0000  0.0000  0.0000  0.0000  0.0000  0.0000  0.0000  0.0000  0.0000  2.2500  4.5200  6.1900  -0.1200 2.3000  1.5700  1.4900  -0.0000 0.0000  0.0000  0.0000  0.0000  0.0000  -0.0000 1.5800  3.1300  0.9900  0.0200  0.0000  0.0000  0.0000  0.0000  0.0000  0.0000 
0.0000  0.0000  0.0000  0.0000  0.0000  0.0000  0.0000  0.0000  0.0000  0.0000  0.3900  2.3400  2.9300  0.0000  0.0000  0.0000  0.0000  0.0000  0.0000  0.0000  0.0000  0.0000  0.0000  0.0000  0.0000  0.0000  3.7100  4.2700  1.3400  3.0800  3.2200  5.3100  1.9300  1.3700  0.0100  0.0000  0.0000  0.0000  0.0000  -0.0000 0.1200  1.0800  2.0400  1.3300  0.0100  0.0000  0.0000  0.0000  0.0000  0.0000 
0.0000  0.0000  0.0000  0.0000  0.0000  0.0000  0.0000  0.0000  0.0000  0.0000  0.5100  2.5700  1.7900  0.0200  0.0000  0.0000  0.0000  0.0000  0.0000  0.0000  0.0000  0.0000  0.0000  0.0000  0.0000  0.0000  2.0500  1.6400  3.1100  0.0100  2.3400  5.6500  6.2000  3.7600  2.0600  0.1000  0.0000  0.0000  0.0000  0.0000  0.0000  0.0200  1.3300  2.9200  1.8600  0.0000  0.0000  0.0000  0.0000  0.0000 
0.0000  0.0000  0.0000  0.0000  0.0000  0.0000  0.0000  0.0000  0.0000  0.0000  0.0200  0.9800  3.0400  0.8300  0.0000  0.0000  0.0000  0.0000  0.0000  0.0000  0.0000  0.0000  0.0000  0.0000  0.0000  0.0400  1.0600  0.1100  1.7900  0.5400  0.0000  3.4200  5.4300  3.6600  2.3400  3.1400  0.0000  0.0000  0.0000  0.0000  0.0000  0.0000  0.0100  1.8600  2.3000  0.0000  0.0000  0.0000  0.0000  0.0000 
0.0000  0.0000  0.0000  0.0000  0.0000  0.0000  0.0000  0.0000  0.0000  0.0000  0.0000  0.8900  1.9000  0.8900  0.0000  0.0000  0.0000  0.0000  0.0000  0.0000  0.0000  0.0000  0.0000  0.0000  0.0000  0.9700  2.8800  1.1000  1.2500  0.0300  0.0000  0.0000  1.7200  4.0700  5.0500  3.4300  0.0000  0.0000  0.0000  0.0000  0.0000  0.0000  0.0000  0.0000  0.0000  0.0000  0.0000  0.0000  0.0000  0.0000 
0.0000  0.0000  0.0000  0.0000  0.0000  0.0000  0.0000  0.0000  0.0000  0.0000  0.0000  1.5700  2.9500  1.5700  0.0000  0.0000  0.0000  0.0000  0.0000  0.0000  0.0000  0.0000  0.0000  0.0000  0.0000  0.8600  3.6600  2.3700  0.0000  0.0000  0.0000  0.0000  0.0300  1.8800  2.5500  0.0000  0.0000  0.0000  0.0000  0.0000  0.0000  0.0000  0.0000  0.0000  0.0000  0.0000  0.0000  0.0000  0.0000  0.0000 
0.0000  0.0000  0.0000  0.0000  0.0000  0.0000  0.0000  0.0000  0.0000  0.0000  0.0000  1.5400  2.4500  1.5400  0.0000  0.0000  0.0000  0.0000  0.0000  0.0000  0.0000  0.0000  0.0000  0.0000  0.0000  1.2400  2.0300  3.5800  0.6500  0.0000  0.0000  0.0000  0.0000  0.0000  0.0000  0.0000  0.0000  0.0000  0.0000  0.0000  0.0000  0.0000  0.0000  0.0000  0.0000  0.0000  0.0000  0.0000  0.0000  0.0000 
0.0000  0.0000  0.0000  0.0000  0.0000  0.0000  0.0000  0.0000  0.0000  0.0000  0.0000  0.0000  0.0000  0.0000  0.0000  0.0000  0.0000  0.0000  0.0000  0.0000  0.0000  0.0000  0.0000  0.0000  0.0000  0.0000  0.0000  0.0000  0.0000  0.0000  0.0000  0.0000  0.0000  0.0000  0.0000  0.0000  0.0000  0.0000  0.0000  0.0000  0.0000  0.0000  0.0000  0.0000  0.0000  0.0000  0.0000  0.0000  0.0000  0.0000 
