#Value Function.
16611.96 17159.96 17723.04 18306.58 18909.81 19530.13 20162.62 20798.42 21422.67 22013.70 22545.43 22992.98 23338.82 23578.46 23723.50 23797.94 23828.83 23837.63 23837.26 23833.90 23830.13 23827.40 23827.44 23833.16 23849.14 23882.08 23940.94 24034.17 24160.85 24306.22 24446.67 24564.18 24650.01 24704.30 24730.49 24737.67 24736.30 24731.99 24727.19 24722.24 24717.31 24712.34 24707.28 24701.24 24692.97 24678.25 24648.11 24589.37 24488.21 24332.92
16655.80 17202.52 17760.62 18338.95 18938.48 19558.24 20195.43 20844.94 21497.51 22137.35 22741.29 23281.74 23732.85 24076.98 24310.68 24447.88 24515.22 24541.27 24547.46 24545.93 24542.10 24538.12 24535.28 24535.34 24541.35 24558.15 24592.79 24655.02 24754.31 24888.97 25041.83 25186.42 25305.05 25389.71 25441.98 25465.23 25469.95 25467.50 25462.69 25457.78 25452.67 25447.64 25441.56 25433.64 25419.83 25390.99 25333.33 25231.74 25079.06 24876.32
16697.17 17243.63 17798.11 18370.80 18964.65 19580.44 20216.96 20871.24 21538.04 22207.62 22863.22 23480.08 24028.94 24483.06 24824.74 25051.70 25180.46 25240.53 25261.88 25265.69 25263.17 25258.95 25254.78 25251.84 25251.90 25258.20 25275.85 25312.24 25377.97 25483.84 25627.11 25787.84 25936.25 26055.69 26138.83 26189.01 26208.99 26211.20 26207.90 26202.61 26197.67 26191.48 26183.88 26171.02 26143.58 26087.24 25985.70 25829.65 25631.43 25390.33
16737.10 17286.56 17840.41 18408.92 18996.65 19606.49 20239.00 20892.73 21564.56 22249.10 22936.17 23607.92 24237.84 24794.91 25251.57 25590.10 25809.49 25929.25 25981.94 25998.79 26000.48 25997.13 25992.59 25988.25 25985.19 25985.25 25991.87 26010.42 26048.60 26117.98 26231.11 26383.76 26552.84 26704.58 26824.62 26905.81 26953.94 26970.19 26969.90 26965.27 26959.62 26952.32 26940.44 26914.49 26859.56 26758.63 26598.82 26397.63 26158.05 25895.21
16773.04 17328.22 17884.93 18452.41 19035.34 19638.57 20264.89 20914.60 21586.01 22275.84 22978.61 23683.65 24371.96 25015.06 25580.11 26038.80 26373.41 26584.36 26694.54 26739.81 26752.43 26752.27 26748.23 26743.41 26738.91 26735.74 26735.79 26742.74 26762.24 26802.28 26875.44 26996.63 27159.47 27337.70 27492.02 27612.37 27690.90 27736.39 27747.54 27742.46 27737.92 27726.93 27703.31 27650.49 27550.96 27386.33 27183.44 26936.69 26672.47 26416.74
16803.65 17365.77 17928.40 18498.57 19080.02 19677.77 20296.98 20940.29 21607.70 22297.25 23005.54 23727.03 24450.55 25155.84 25812.25 26384.97 26845.15 27175.02 27376.56 27476.61 27514.49 27523.21 27521.47 27516.89 27511.84 27507.18 27503.88 27503.91 27511.22 27531.75 27573.66 27650.66 27780.92 27954.89 28143.37 28298.04 28417.89 28490.42 28531.43 28533.69 28526.72 28508.11 28458.86 28362.67 28191.85 27989.21 27734.83 27459.71 27202.85 26984.90
16828.78 17397.72 17967.62 18543.94 19127.86 19723.64 20336.62 20972.32 21633.14 22318.74 23026.92 23754.13 24494.87 25237.39 25960.12 26629.92 27209.94 27671.04 27995.27 28186.39 28275.77 28306.39 28311.58 28308.54 28303.53 28298.29 28293.48 28290.05 28290.04 28297.71 28319.35 28363.15 28443.94 28584.57 28769.80 28969.16 29116.26 29234.19 29292.42 29319.37 29317.22 29277.18 29189.57 29010.94 28815.02 28552.83 28265.76 27998.15 27782.66 27620.72
16848.85 17423.95 18000.96 18584.92 19175.25 19773.19 20383.68 21012.29 21665.05 22343.91 23048.21 23775.49 24522.09 25282.63 26044.70 26785.35 27468.59 28055.46 28516.91 28834.54 29014.07 29092.29 29115.91 29118.02 29113.95 29108.60 29103.18 29098.22 29094.64 29094.57 29102.64 29125.49 29171.18 29255.56 29406.67 29601.98 29808.12 29939.71 30024.94 30082.37 30071.31 30013.51 29830.26 29656.78 29389.82 29090.15 28811.74 28589.24 28435.60 28322.85
16865.42 17444.69 18028.38 18619.71 19218.09 19822.73 20434.93 21060.56 21705.20 22375.49 23072.94 23796.47 24543.35 25309.94 26090.83 26873.02 27632.11 28328.79 28921.96 29383.21 29693.16 29859.85 29926.51 29943.50 29943.00 29938.15 29932.55 29926.96 29921.83 29918.11 29917.94 29926.44 29950.64 29997.42 30081.72 30239.85 30439.66 30624.62 30717.57 30757.97 30765.91 30629.31 30496.69 30238.82 29930.79 29642.52 29413.87 29260.24 29156.95 29082.55
16880.25 17461.68 18049.81 18648.43 19254.33 19867.53 20486.79 21113.35 21754.55 22415.61 23103.78 23820.45 24563.71 25331.11 26118.03 26919.90 27722.93 28501.01 29211.09 29809.86 30270.44 30571.49 30723.94 30778.73 30789.64 30787.04 30781.62 30775.81 30770.06 30764.77 30760.89 30760.57 30769.54 30793.69 30840.14 30919.25 31070.07 31231.09 31328.87 31353.20 31322.03 31266.27 31066.55 30775.75 30486.79 30255.30 30104.54 30000.92 29937.66 29887.19
16895.32 17476.65 18067.24 18670.56 19284.52 19905.21 20533.53 21167.24 21808.06 22465.55 23142.81 23850.02 24586.44 25350.49 26139.03 26946.99 27770.50 28594.99 29392.70 30116.03 30719.54 31179.15 31469.86 31606.49 31649.32 31654.84 31650.65 31644.84 31638.86 31632.94 31627.48 31623.45 31622.89 31630.91 31650.73 31686.93 31730.45 31825.63 31877.23 31870.47 31871.97 31791.19 31576.47 31324.49 31106.02 30965.54 30863.90 30803.05 30764.42 30722.20
16912.36 17491.71 18082.34 18688.47 19307.32 19936.95 20572.12 21215.87 21864.16 22518.49 23191.14 23885.55 24612.70 25371.51 26157.33 26967.56 27797.44 28643.19 29489.79 30307.85 31044.17 31651.34 32109.96 32388.54 32507.63 32538.68 32539.67 32534.37 32528.29 32522.16 32516.07 32510.42 32506.25 32503.87 32506.95 32515.27 32518.72 32449.89 32399.14 32414.94 32411.14 32304.41 32133.68 31953.82 31841.60 31744.02 31688.40 31652.22 31622.25 31571.54
16933.94 17508.45 18097.45 18703.69 19325.67 19959.90 20605.48 21253.67 21912.19 22572.78 23237.41 23928.77 24640.14 25393.25 26175.51 26985.59 27817.52 28669.97 29538.68 30407.89 31247.20 31996.08 32605.54 33063.66 33327.74 33427.45 33447.26 33444.74 33438.74 33432.47 33426.19 33419.91 33414.08 33408.30 33390.98 33335.39 33211.67 33025.47 32944.14 32993.22 32989.02 32926.76 32804.27 32719.80 32637.75 32592.03 32560.52 32532.97 32495.97 32410.79
16964.52 17528.97 18113.79 18718.73 19340.93 19978.44 20628.33 21287.62 21942.38 22613.57 23281.39 23961.41 24672.96 25415.87 26194.69 27002.72 27835.47 28689.92 29565.12 30457.45 31349.86 32211.58 32972.32 33582.29 34041.24 34287.50 34365.99 34375.62 34370.66 34364.28 34357.86 34351.39 34344.34 34325.80 34257.87 34084.42 33831.36 33680.82 33703.62 33698.19 33692.26 33650.20 33599.69 33544.87 33514.86 33490.06 33465.27 33431.46 33361.01 33202.51
17008.92 17557.37 18132.51 18734.06 19355.81 19993.64 20646.30 21307.60 21973.99 22634.18 23305.98 23990.73 24696.55 25437.04 26213.64 27020.49 27852.85 28707.78 29585.31 30483.45 31400.15 32316.25 33201.93 33973.42 34581.56 35044.07 35267.55 35323.32 35324.42 35318.11 35311.53 35304.66 35290.65 35227.29 35037.39 34742.60 34533.10 34525.72 34537.92 34531.81 34525.44 34501.56 34476.34 34457.55 34440.06 34418.95 34389.04 34323.06 34177.65 33902.15
17072.28 17598.32 18157.69 18751.10 19369.02 20007.64 20659.38 21321.93 21985.58 22650.88 23318.98 24004.87 24711.30 25452.86 26229.97 27037.34 27870.02 28725.65 29603.41 30504.03 31425.36 32367.49 33307.53 34219.36 34999.85 35603.06 36074.14 36267.09 36299.63 36294.48 36287.75 36278.73 36227.41 36030.35 35697.13 35457.73 35459.52 35459.39 35460.33 35453.78 35447.16 35433.44 35423.95 35410.11 35394.49 35369.27 35308.32 35165.58 34897.40 34474.58
17146.15 17656.20 18190.28 18772.07 19384.80 20018.99 20668.06 21326.19 21990.93 22653.74 23328.73 24011.48 24718.62 25468.41 26246.25 27054.09 27887.33 28743.21 29621.84 30522.29 31446.53 32391.38 33360.24 34324.05 35265.26 36051.99 36646.08 37134.38 37284.33 37286.22 37279.48 37254.18 37055.77 36678.71 36393.85 36436.55 36443.28 36440.80 36436.80 36430.01 36423.19 36413.94 36406.31 36393.59 36371.99 36317.32 36178.12 35905.66 35484.49 34897.26
17227.05 17714.99 18235.01 18792.53 19399.59 20027.98 20672.28 21324.29 21985.17 22650.93 23318.52 24002.54 24725.27 25478.66 26259.88 27069.86 27904.16 28760.99 29639.76 30541.38 31464.81 32413.49 33381.96 34379.38 35365.91 36341.47 37130.01 37709.27 38192.29 38232.64 38226.80 38070.23 37722.78 37131.69 37310.14 37420.13 37452.29 37453.67 37447.76 37440.86 37433.90 37426.90 37416.46 37398.04 37350.63 37216.09 36938.63 36508.12 35913.06 35176.58
17287.39 17772.52 18264.50 18820.19 19413.02 20032.03 20666.31 21313.42 21966.52 22625.20 23295.33 23994.40 24725.47 25485.41 26273.43 27085.78 27921.07 28778.49 29658.14 30559.59 31484.74 32431.49 33405.68 34397.47 35426.10 36432.79 37450.56 38196.69 38710.37 38972.81 38969.32 38728.81 38079.91 37764.76 38145.36 38373.65 38468.94 38490.44 38485.54 38478.55 38471.47 38464.35 38448.51 38408.77 38280.51 37996.64 37557.76 36941.85 36192.40 35338.77
17313.52 17797.85 18289.30 18833.15 19415.96 20025.36 20653.01 21289.82 21935.16 22594.31 23277.08 23988.05 24729.49 25496.24 26287.32 27101.87 27938.13 28796.30 29676.12 30578.61 31503.09 32452.57 33422.86 34423.97 35438.04 36502.04 37514.28 38510.12 38970.03 39289.18 39289.58 38973.10 38241.36 38181.46 38812.45 39248.29 39458.02 39535.93 39539.72 39532.94 39525.70 39518.46 39489.45 39372.69 39079.74 38634.52 37995.54 37220.86 36350.60 35422.18
17301.04 17806.06 18301.45 18835.57 19409.21 20010.99 20629.06 21258.60 21903.76 22572.17 23266.68 23989.65 24736.85 25508.25 26302.45 27118.09 27955.33 28813.95 29694.49 30596.90 31522.90 32470.81 33445.62 34439.33 35469.46 36503.45 37573.67 38446.56 39133.82 39284.66 39289.05 38978.59 38251.12 38462.87 39243.42 39961.92 40370.13 40544.72 40597.66 40591.63 40584.53 40575.48 40482.49 40182.40 39739.93 39074.42 38274.17 37374.29 36429.56 35462.65
17251.07 17801.69 18302.91 18828.34 19394.28 19987.51 20599.38 21229.19 21882.05 22560.89 23268.31 23999.28 24748.89 25522.16 26317.93 27134.72 27972.58 28831.78 29712.52 30615.88 31541.38 32491.62 33463.05 34463.40 35473.62 36500.18 37436.06 38291.08 38728.94 39118.48 38974.33 38713.22 38200.05 38608.28 39544.15 40391.51 41134.77 41491.76 41612.97 41608.81 41602.27 41576.11 41277.96 40864.68 40173.38 39353.13 38421.84 37448.45 36466.98 35484.83
17157.65 17762.16 18263.54 18801.81 19365.91 19957.34 20571.21 21209.08 21877.33 22576.46 23292.71 24025.35 24774.26 25541.80 26334.82 27151.61 27989.94 28849.45 29730.86 30634.21 31560.93 32509.31 33481.82 34464.50 35446.83 36355.46 37185.30 37786.66 38266.84 38450.88 38490.20 38200.92 37720.57 38664.53 39693.82 40709.25 41550.35 42255.84 42495.48 42495.76 42490.70 42323.05 41975.48 41279.82 40446.85 39491.08 38490.96 37482.70 36488.12 35499.77
17069.21 17699.29 18222.93 18760.72 19333.74 19930.46 20554.70 21217.05 21900.04 22599.62 23316.78 24051.55 24802.80 25570.03 26355.23 27169.00 28007.25 28867.27 29748.84 30652.74 31577.85 32523.48 33477.17 34420.30 35296.64 36078.60 36678.09 37142.61 37388.62 37510.99 37503.02 37424.75 37623.71 38680.87 39797.09 40850.17 41825.30 42600.12 43097.40 43112.54 43109.97 42909.59 42330.66 41517.84 40565.05 39553.10 38521.88 37503.05 36502.82 35511.67
16998.32 17642.20 18170.95 18725.38 19305.73 19916.61 20568.15 21237.71 21922.56 22623.13 23340.65 24076.36 24830.19 25600.54 26386.58 27190.31 28024.74 28884.79 29766.38 30668.24 31587.58 32511.90 33418.85 34261.42 35003.37 35583.63 36017.10 36263.80 36389.91 36422.19 36436.24 36665.62 37601.81 38707.92 39827.57 40937.66 41967.16 42793.36 43256.28 43347.90 43348.07 43112.78 42502.08 41626.70 40624.04 39580.81 38541.79 37517.57 36514.64 35522.91
16949.96 17587.33 18129.87 18696.39 19293.42 19929.97 20585.71 21257.21 21944.09 22646.43 23364.84 24100.75 24855.55 25628.97 26418.96 27224.61 28046.93 28901.51 29780.12 30673.49 31568.64 32441.47 33250.45 33957.11 34515.19 34924.48 35167.67 35292.45 35341.07 35406.25 35711.39 36562.06 37636.78 38736.44 39854.69 40963.32 41989.37 42806.72 43261.43 43345.68 43347.80 43116.79 42510.41 41637.50 40635.85 39592.85 38553.66 37529.27 36526.06 35534.27
16920.17 17545.97 18100.76 18683.81 19303.51 19945.18 20602.47 21275.45 21964.21 22668.69 23388.94 24125.64 24880.41 25654.83 26448.41 27258.55 28084.42 28925.42 29781.46 30648.28 31489.53 32267.59 32944.51 33482.32 33873.44 34112.71 34239.76 34307.49 34421.75 34765.62 35554.23 36578.80 37655.17 38767.04 39873.81 40911.53 41861.33 42604.76 43074.07 43088.70 43093.54 42900.74 42329.27 41528.37 40586.67 39582.07 38554.68 37536.81 36536.62 35545.27
16906.52 17517.82 18087.84 18689.98 19317.39 19960.16 20618.51 21292.70 21983.00 22689.45 23411.98 24150.58 24906.01 25680.13 26474.74 27289.05 28119.78 28966.59 29828.47 30702.07 31577.05 32419.75 33163.57 33709.97 34049.39 34219.80 34301.38 34350.61 34436.73 34787.91 35599.75 36604.75 37684.69 38770.68 39801.64 40773.28 41562.68 42198.38 42413.41 42419.73 42420.12 42262.87 41932.73 41260.92 40453.02 39520.32 38534.69 37534.10 36542.18 35554.61
16907.04 17505.26 18091.33 18702.95 19331.00 19974.59 20633.92 21309.20 22000.73 22708.79 23433.40 24174.43 24931.84 25706.45 26500.42 27315.82 28151.47 29003.18 29871.55 30755.44 31651.70 32550.72 33416.14 34176.20 34713.42 35036.97 35187.66 35249.63 35293.38 35363.49 35733.82 36650.26 37694.18 38711.84 39651.08 40429.86 41069.07 41353.86 41466.31 41467.75 41465.29 41447.66 41166.65 40781.15 40136.86 39351.09 38454.37 37503.73 36534.62 35557.71
16915.82 17507.17 18102.64 18715.75 19344.31 19988.57 20648.76 21325.06 22017.72 22727.02 23453.30 24196.54 24956.54 25733.22 26527.47 27341.80 28178.62 29036.24 29909.25 30799.81 31706.23 32625.69 33549.79 34438.81 35216.86 35739.32 36036.65 36168.35 36217.90 36248.78 36296.63 36688.29 37658.76 38566.37 39323.30 39916.14 40221.11 40349.76 40401.28 40404.84 40392.41 40379.25 40292.27 40017.67 39617.33 39015.67 38261.57 37406.85 36493.37 35544.39
16927.02 17516.95 18114.97 18728.47 19357.45 20002.23 20663.12 21340.32 22034.03 22744.51 23472.05 24217.03 24979.36 25758.83 26555.25 27369.58 28204.81 29063.73 29943.99 30838.51 31752.01 32681.45 33624.60 34574.99 35488.32 36277.00 36779.13 37046.75 37159.94 37188.63 37206.99 37204.98 37547.29 38281.94 38827.83 39139.97 39279.76 39317.93 39313.21 39321.21 39309.96 39290.98 39238.30 39124.88 38862.88 38473.85 37905.18 37194.08 36380.19 35491.92
16938.73 17528.66 18127.34 18741.16 19370.50 20015.71 20677.14 21355.07 22049.74 22761.30 23490.04 24236.28 25000.45 25782.38 26581.80 27398.44 28233.33 29090.00 29971.73 30875.39 31791.44 32728.86 33681.70 34648.99 35616.98 36557.67 37356.44 37831.70 38052.38 38134.08 38137.95 38142.34 38029.69 37856.51 38148.05 38281.71 38320.36 38297.40 38290.26 38265.66 38250.62 38224.08 38187.21 38109.59 37980.83 37731.11 37359.35 36820.81 36148.90 35362.87
16950.50 17540.72 18139.72 18753.85 19383.52 20029.09 20690.95 21369.46 22064.88 22777.46 23507.33 24254.81 25020.22 25804.10 26606.11 27426.01 28263.35 29119.25 29997.91 30903.24 31831.13 32768.46 33731.13 34697.54 35692.44 36674.11 37647.84 38441.53 38862.54 39020.00 39051.84 38960.27 38640.64 38169.77 37578.16 37422.19 37402.45 37393.99 37355.38 37312.02 37264.21 37220.45 37160.06 37107.53 37010.28 36870.43 36628.39 36272.96 35762.04 35114.81
16962.27 17552.80 18152.10 18766.55 19396.53 20042.44 20704.68 21383.62 22079.64 22793.00 23523.96 24272.60 25039.31 25824.36 26628.49 27451.08 28292.00 29150.53 30027.90 30929.12 31858.89 32811.99 33769.87 34750.76 35737.78 36753.01 37734.27 38726.74 39476.71 39798.73 39813.72 39515.95 38999.04 38384.11 37740.92 37113.96 36726.70 36601.44 36536.91 36465.17 36367.57 36289.82 36217.09 36128.36 36043.54 35939.18 35791.36 35554.52 35207.03 34715.71
16974.05 17564.88 18164.48 18779.24 19409.55 20055.80 20718.38 21397.70 22094.17 22808.16 23539.92 24289.74 25057.61 25844.05 26649.22 27474.18 28317.84 29180.34 30060.56 30959.84 31884.20 32839.31 33808.85 34788.92 35786.82 36785.03 37801.99 38757.38 39723.77 40191.68 40244.58 39740.90 39126.30 38473.21 37833.90 37222.29 36599.81 36100.33 35875.25 35721.06 35602.49 35455.93 35344.94 35229.08 35115.99 35003.95 34888.31 34733.44 34506.36 34158.49
16985.83 17576.96 18176.87 18791.95 19422.58 20069.15 20732.07 21411.75 22108.61 22823.06 23555.48 24306.11 25075.29 25862.86 26669.56 27495.32 28341.73 29206.92 30091.64 30994.01 31915.64 32863.75 33836.30 34821.59 35825.38 36827.75 37813.66 38799.98 39580.48 40237.32 40243.27 39792.94 39151.93 38507.95 37889.93 37276.43 36665.72 36062.99 35495.21 35179.81 34941.97 34769.37 34575.41 34406.90 34254.76 34115.02 33985.09 33857.47 33703.46 33466.33
16997.62 17589.05 18189.27 18804.66 19435.61 20082.51 20745.77 21425.80 22123.02 22837.87 23570.75 24322.10 25092.06 25881.12 26688.87 27516.39 28363.19 29231.74 30118.86 31026.51 31951.48 32895.88 33859.36 34850.36 35849.91 36852.13 37850.06 38707.85 39417.57 39677.84 39724.65 39605.81 39143.21 38528.69 37903.27 37293.22 36703.44 36109.08 35524.74 34910.98 34486.17 34163.20 33938.45 33695.80 33482.03 33300.45 33134.97 32993.46 32855.60 32682.46
17009.42 17601.15 18201.68 18817.38 19448.65 20095.88 20759.48 21439.85 22137.43 22852.64 23585.95 24337.73 25108.50 25898.29 26707.78 27536.14 28385.12 29253.33 30144.86 31054.19 31985.63 32923.57 33894.44 34870.73 35871.89 36860.44 37741.86 38453.81 38822.42 38982.39 39003.99 39007.77 38876.45 38465.71 37902.95 37302.93 36708.55 36128.90 35547.13 34952.26 34321.55 33792.25 33391.87 33082.97 32799.23 32557.56 32347.89 32172.09 32019.64 31861.35
17021.22 17613.26 18214.09 18830.10 19461.70 20109.26 20773.19 21453.92 22151.85 22867.43 23601.09 24353.33 25124.51 25915.21 26725.30 27555.82 28405.21 29276.35 30166.24 31081.79 32013.40 32960.86 33918.98 34909.93 35883.82 36769.87 37492.20 37926.20 38160.26 38251.01 38282.05 38305.17 38294.61 38144.39 37764.64 37246.38 36703.51 36133.38 35567.11 34977.38 34360.39 33691.14 33090.02 32614.07 32235.88 31914.20 31643.01 31414.32 31226.49 31059.95
17033.03 17625.37 18226.50 18842.83 19474.75 20122.64 20786.91 21467.98 22166.27 22882.21 23616.27 24368.85 25140.53 25931.58 26742.77 27573.60 28425.83 29296.56 30190.74 31102.39 32043.34 32986.93 33950.47 34918.22 35790.53 36513.93 37000.97 37287.44 37451.23 37541.78 37597.11 37606.66 37618.07 37567.76 37366.50 37044.02 36609.09 36110.70 35567.48 34986.99 34366.33 33699.54 32995.66 32346.81 31810.35 31383.32 31029.88 30737.21 30497.02 30295.42
17044.84 17637.48 18238.93 18855.57 19487.81 20136.03 20800.64 21482.06 22180.70 22897.01 23631.43 24384.43 25156.43 25948.04 26759.45 27591.73 28443.73 29318.43 30210.68 31129.06 32061.17 33016.96 33968.81 34848.43 35561.88 36079.24 36421.72 36626.24 36770.99 36868.63 36919.61 36940.78 36940.83 36928.40 36835.32 36668.06 36386.18 35999.05 35529.07 34980.21 34371.89 33705.54 32992.48 32257.51 31571.55 30996.13 30532.03 30154.16 29847.75 29593.88
17056.66 17649.61 18251.36 18868.31 19500.87 20149.43 20814.38 21496.14 22195.14 22911.81 23646.62 24399.97 25172.43 25964.31 26776.42 27608.66 28462.66 29336.17 30234.33 31147.04 32087.61 33028.02 33906.08 34676.43 35204.11 35574.44 35822.77 35953.46 36093.43 36188.93 36254.70 36282.74 36287.78 36287.39 36254.84 36168.17 36022.47 35763.25 35387.71 34903.54 34324.09 33672.06 32989.08 32245.47 31486.32 30780.91 30178.77 29688.68 29294.54 28972.60
17068.47 17661.74 18263.79 18881.07 19513.95 20162.83 20828.12 21510.23 22209.59 22926.63 23661.79 24415.56 25188.35 25980.76 26793.03 27626.19 28479.73 29356.21 30251.39 31172.64 32099.49 32988.18 33802.26 34402.18 34850.65 35117.06 35240.87 35365.95 35448.84 35515.06 35591.93 35631.61 35645.30 35650.86 35648.18 35616.60 35536.72 35395.25 35125.33 34725.88 34230.89 33617.23 32934.23 32209.61 31448.25 30688.12 29974.02 29363.55 28859.71 28441.93
17080.26 17673.87 18276.23 18893.82 19527.03 20176.24 20841.87 21524.33 22224.04 22941.44 23676.99 24431.12 25204.36 25997.06 26809.97 27643.11 28497.95 29373.17 30272.10 31179.24 32072.83 32908.96 33616.59 34187.63 34524.35 34679.69 34767.69 34769.72 34793.25 34847.86 34928.15 34964.93 35005.10 35008.47 35026.45 35024.97 34981.12 34889.70 34726.56 34421.59 34011.65 33475.80 32834.53 32127.67 31389.40 30641.12 29882.18 29175.74 28560.03 28035.37
17091.90 17686.00 18288.68 18906.59 19540.11 20189.66 20855.62 21538.43 22238.50 22956.27 23692.19 24446.72 25220.30 26013.51 26826.62 27660.52 28514.61 29389.58 30273.26 31145.36 31977.78 32733.51 33392.31 33870.14 34130.87 34210.35 34165.01 34103.15 34087.95 34160.41 34219.05 34308.00 34337.37 34353.92 34378.26 34385.62 34360.50 34295.40 34175.62 33981.41 33638.68 33216.34 32654.84 32001.19 31302.30 30565.14 29818.86 29075.85 28384.33 27758.20
17102.73 17698.09 18301.13 18919.35 19553.20 20203.08 20869.39 21552.54 22252.97 22971.10 23707.40 24462.30 25236.31 26029.78 26843.26 27676.19 28527.13 29385.41 30233.12 31046.55 31806.28 32502.90 33070.05 33465.47 33616.74 33614.13 33616.19 33495.97 33379.09 33443.40 33529.58 33591.21 33636.92 33661.83 33699.85 33703.35 33678.36 33649.36 33559.30 33384.39 33160.89 32813.54 32358.37 31792.50 31158.45 30462.15 29740.32 29007.28 28279.23 27591.80
17109.59 17709.98 18313.58 18932.13 19566.30 20216.51 20883.16 21566.66 22267.44 22985.94 23722.60 24477.88 25252.12 26045.60 26857.52 27685.05 28517.89 29339.77 30131.01 30875.31 31564.35 32137.28 32602.70 32890.97 32981.15 32996.11 32958.52 32844.77 32698.13 32702.84 32773.45 32838.16 32897.22 32956.50 32964.79 32970.55 32943.56 32918.20 32856.00 32743.38 32551.94 32284.30 31934.86 31477.97 30924.97 30299.89 29622.73 28923.43 28205.50 27490.09
17097.65 17720.66 18326.03 18944.88 19579.37 20229.91 20896.90 21580.74 22281.88 23000.73 23737.71 24493.13 25267.00 26058.16 26862.83 27670.96 28467.06 29233.19 29954.99 30620.11 31186.88 31645.98 31981.74 32132.67 32214.52 32222.02 32186.96 32125.26 31988.92 31904.97 31997.91 32055.26 32137.14 32173.01 32179.12 32184.23 32165.28 32140.69 32084.18 31998.00 31863.65 31665.73 31388.22 31035.20 30584.80 30056.49 29451.58 28793.76 28115.05 27411.94
16970.34 17731.56 18335.84 18954.91 19589.64 20240.41 20907.63 21591.72 22293.08 23012.08 23748.95 24503.47 25274.07 26056.32 26840.35 27611.45 28352.95 29050.27 29688.51 30236.57 30679.23 31007.15 31184.13 31294.23 31341.09 31353.37 31336.48 31291.31 31234.70 31126.56 31186.00 31273.34 31312.91 31344.67 31350.75 31356.61 31338.28 31319.21 31271.90 31201.27 31100.87 30962.38 30758.29 30479.54 30138.46 29704.52 29198.18 28613.32 27981.68 27315.91
16925.46 17531.63 18128.47 18740.32 19367.64 20010.82 20670.25 21346.31 22039.33 22749.42 23476.14 24217.57 24968.90 25720.54 26458.68 27167.75 27833.10 28438.60 28959.14 29381.75 29705.43 29975.36 30157.78 30279.21 30364.44 30414.58 30426.00 30411.63 30376.13 30330.59 30261.11 30325.14 30383.35 30439.07 30472.39 30484.03 30474.42 30458.21 30423.11 30376.76 30302.42 30191.48 30040.45 29843.41 29573.65 29244.23 28826.11 28339.92 27782.49 27170.29
