#Value Function.
9.6780  10.0688 10.3540 10.6306 10.7935 11.0993 11.2196 11.3307 11.5160 11.6241 11.6567 11.8206 11.8411 11.9135 12.0449 12.1658 12.1655 12.3223 12.3670 12.5280 12.7882 12.9160 12.9349 13.2388 13.5066 13.7637 14.1491 14.4258 14.7762 15.1822 15.1631 15.2086 15.1018 14.9249 14.7118 14.4476 14.1658 13.8410 13.5532 13.3540 13.1016 12.8663 12.6616 12.3328 12.1009 11.8508 11.6210 11.3774 11.1102 10.7127
9.9564  10.3300 10.6293 10.9298 11.2454 11.4460 11.7423 11.8422 11.9414 12.1711 12.2838 12.2714 12.5081 12.4831 12.5592 12.7121 12.8642 12.7998 13.0282 13.0200 13.1936 13.5184 13.6469 13.5774 13.9710 14.2418 14.4802 14.9407 15.1876 15.5608 16.0985 15.9660 15.7713 15.5530 15.2652 14.9788 14.6182 14.2941 14.1241 13.8422 13.5868 13.3969 13.1109 12.7984 12.5239 12.2906 12.0383 11.7533 11.4735 11.0568
9.9885  10.3760 10.6337 10.9477 11.2561 11.6495 11.6748 11.9902 12.1186 12.0581 12.2262 12.3550 12.4691 12.4605 12.6268 12.8447 12.9608 13.0493 13.1617 13.4577 13.3872 13.4456 13.6369 13.9561 14.0078 14.1131 14.5231 14.7860 15.1429 15.5868 15.8347 16.1484 15.7673 15.3584 15.3235 15.0074 14.6686 14.4006 14.0499 13.9660 13.7425 13.3948 13.2493 12.9097 12.6804 12.4276 12.1232 11.8410 11.5432 11.1398
10.0271 10.3984 10.6880 10.9320 11.2683 11.4251 11.9502 11.8791 11.7590 11.9482 12.0064 12.0940 12.1403 12.3314 12.6497 12.6333 12.9162 13.0847 13.3623 13.3180 13.3876 13.3634 13.6657 13.8211 13.8077 14.1083 14.4583 14.8397 15.2247 15.5310 16.1039 15.9418 15.6209 15.3656 14.9710 15.1104 14.8121 14.4628 14.2664 13.9091 13.7150 13.5903 13.2640 13.0027 12.8257 12.4905 12.2116 11.8963 11.6213 11.2384
10.0214 10.4496 10.7000 11.0124 11.1855 11.6352 11.6626 11.5548 11.6129 11.7483 11.7434 11.8302 12.0664 12.2958 12.3083 12.5314 12.7406 13.0598 13.0737 13.0758 13.1834 13.2805 13.6105 13.5909 13.7833 14.1652 14.4978 14.8574 15.2543 15.6704 15.9102 15.7664 15.6721 15.2806 15.1029 14.9234 14.8926 14.5664 14.3267 14.1312 13.8791 13.6657 13.3659 13.2640 12.8570 12.5979 12.2531 11.9764 11.7240 11.3692
10.0465 10.4243 10.7746 10.9999 11.3672 11.4486 11.3190 11.3005 11.4538 11.4605 11.5411 11.9350 11.9329 12.0833 12.1863 12.3854 12.6608 12.8575 12.8866 12.9548 12.9307 13.1818 13.3111 13.4927 13.8660 14.1596 14.5755 14.8973 15.2288 15.5993 15.8889 16.0273 15.6935 15.5798 15.3698 15.2044 14.9857 14.7453 14.5710 14.3123 14.0067 13.7168 13.7589 13.2084 13.0080 12.6121 12.3400 12.0753 11.8978 11.3774
10.0193 10.4702 10.7124 11.1197 11.2900 11.0875 11.0505 11.1139 11.2711 11.2413 11.5244 11.6081 11.7828 11.9457 12.0459 12.3084 12.6120 12.6798 12.7868 12.6114 12.8147 13.1116 13.2607 13.6580 13.8470 14.2773 14.5291 14.8296 15.2606 15.4321 15.6611 16.0868 16.1729 15.8806 15.6906 15.4315 15.2506 15.0429 14.7618 14.4234 14.1553 13.7825 13.4929 13.4591 12.9648 12.7201 12.4147 12.3284 11.8555 11.4080
10.0307 10.4182 10.8007 10.9124 10.8844 10.8358 10.8269 11.0686 10.9530 11.1571 11.2818 11.4538 11.6642 11.8373 12.0685 12.3680 12.4878 12.3919 12.3792 12.5164 12.8879 13.0007 13.5525 13.5447 13.9811 14.2018 14.5262 14.9557 15.0363 15.2505 15.6278 15.9447 16.3326 16.2847 15.9498 15.7317 15.5046 15.2747 14.8686 14.6149 14.1741 13.9216 13.5211 13.2423 13.1843 12.7073 12.5384 12.1384 11.9037 11.4221
9.9459  10.3783 10.5773 10.5829 10.5857 10.5680 10.9131 10.6967 10.8806 11.0914 11.2647 11.5173 11.6820 11.9906 12.1758 12.4077 12.1389 12.1216 12.4167 12.6883 12.8365 13.3201 13.2474 13.6916 13.8917 14.1526 14.6214 14.6712 14.8543 15.2147 15.5317 15.9737 16.2067 16.4103 16.3053 15.9999 15.7846 15.3096 14.9179 14.5439 14.3860 13.8947 13.6625 13.3022 12.9961 12.8945 12.4486 12.2993 11.8962 11.5127
9.9189  10.2140 10.2585 10.2969 10.3026 10.5279 10.5430 10.7863 10.9910 11.1997 11.4285 11.5833 11.8531 12.0222 12.3812 11.9509 11.9727 12.2511 12.4568 12.7858 13.0921 12.9755 13.4037 13.5135 13.7992 14.3257 14.2858 14.4736 14.8504 15.1391 15.6692 15.7577 15.9746 16.2644 16.5309 16.1652 15.7714 15.3534 14.9919 14.5518 14.2210 14.1110 13.6878 13.4170 13.0099 12.7234 12.7498 12.2195 12.0417 11.4991
9.7586  9.9397  9.9846  10.0279 10.2092 10.3887 10.6213 10.8544 11.1176 11.3173 11.5291 11.7970 11.9017 12.2246 11.8450 11.8612 12.0820 12.3136 12.6254 12.8108 12.8211 13.1613 13.1646 13.4268 13.8289 13.9143 14.1132 14.5424 14.7695 15.3023 15.3650 15.5944 16.0471 16.1161 16.2134 16.2857 15.7992 15.4056 14.9542 14.6480 14.1944 14.0613 13.8632 13.3825 13.0783 12.6958 12.4014 12.4826 11.9523 11.5161
9.5196  9.7060  9.8793  10.0717 10.3000 10.4614 10.6981 10.9375 11.1701 11.4631 11.6758 11.8810 12.1929 11.7197 11.8432 11.9597 12.2138 12.4333 12.6552 12.6195 12.8292 12.8457 13.0541 13.3815 13.5340 13.7458 14.1132 14.4194 15.0100 15.0191 15.3043 15.8428 15.8070 15.9913 16.2362 16.0600 15.7866 15.3515 14.9722 14.5567 14.2954 13.8484 13.6833 13.4959 13.0702 12.7379 12.3593 12.0932 12.0249 11.4406
9.4099  9.7001  9.9201  10.1907 10.3675 10.6272 10.7571 11.0172 11.2627 11.4865 11.5896 12.0890 11.6556 11.7726 11.9524 12.2219 12.2806 12.5825 12.3870 12.4898 12.6003 12.6928 12.9671 13.1546 13.3776 13.7094 14.0415 14.5058 14.6728 14.9336 15.4834 15.6723 15.8308 16.1395 16.1650 16.0243 15.6589 15.2641 14.9731 14.5189 14.1655 13.9412 13.5191 13.4384 13.1407 12.7152 12.3846 12.0353 11.7437 11.3706
9.5522  9.8031  9.9887  10.2091 10.5203 10.6607 10.9775 11.0465 11.3487 11.3341 11.7518 11.5730 11.6764 11.9653 12.1196 12.2881 12.6337 12.2134 12.1559 12.3649 12.4352 12.5776 12.7814 13.0133 13.3262 13.6788 14.0653 14.3483 14.6419 15.1190 15.2725 15.6250 15.8191 15.9213 16.0147 16.1297 15.6228 15.2365 14.8219 14.6085 14.1332 13.8726 13.6167 13.1907 13.0102 12.7682 12.3941 12.0838 11.8023 11.4111
9.6900  9.9664  10.0945 10.2826 10.4961 10.8757 10.9392 11.3650 11.2847 11.5143 11.6079 11.6813 11.9435 11.9807 12.3544 12.4726 12.1337 12.0742 11.9939 12.1609 12.2307 12.4450 12.6560 12.9704 13.3451 13.6976 14.0577 14.4709 14.7525 15.0128 15.3445 15.5350 15.6245 15.8162 16.0098 15.7039 15.7069 15.2038 14.8236 14.4226 14.3404 13.8165 13.4897 13.3132 12.9897 12.7570 12.4477 12.1648 11.8957 11.5789
9.7542  10.1173 10.2828 10.3881 10.5856 10.7727 11.2735 11.1853 11.4209 11.6201 11.7334 11.9879 11.9881 12.3528 12.2647 12.0196 11.9417 11.7559 11.8053 11.9719 12.3141 12.3170 12.6092 12.9690 13.3349 13.7283 14.0817 14.4429 14.9122 15.1292 15.3206 15.2851 15.4734 15.5675 15.6619 15.9374 15.5302 15.2758 14.8177 14.4555 14.0915 13.8814 13.6088 13.3797 13.1015 12.8350 12.5406 12.2366 12.1239 11.6165
9.8479  10.1564 10.4834 10.5655 10.6714 10.9057 11.0219 11.2247 11.5317 11.7897 11.9848 12.0540 12.4066 12.1286 11.9234 11.7868 11.6058 11.5156 11.6381 11.9022 11.9957 12.2590 12.5989 12.9580 13.3367 13.7053 14.1252 14.4744 14.8243 14.8674 14.9268 15.1589 15.2415 15.4037 15.6346 15.7248 15.4732 15.2046 14.8910 14.4865 14.2588 14.0052 13.8115 13.5263 13.2329 12.9456 12.6418 12.3650 12.1039 11.6915
9.9371  10.2663 10.4310 10.6504 10.8791 10.9692 11.1440 11.3543 11.5457 11.8923 12.1547 12.3748 12.1555 11.9010 11.6807 11.5008 11.3488 11.3136 11.5356 11.7116 11.9691 12.2396 12.5890 12.9548 13.3211 13.7151 14.0790 14.5393 14.4820 14.7188 14.8217 15.0976 15.1468 15.3223 15.4858 15.5331 15.4883 15.0842 14.8728 14.6842 14.4732 14.2628 13.9373 13.6645 13.3490 13.0245 12.7417 12.4861 12.1995 11.7786
10.0516 10.3521 10.5881 10.7246 10.9031 11.1274 11.3088 11.4690 11.7178 11.8498 12.2627 12.1031 11.8510 11.6827 11.4677 11.2638 11.0922 11.1926 11.3841 11.6415 11.9826 12.2291 12.5831 12.9426 13.3171 13.6739 14.0437 14.1144 14.3565 14.4775 14.7395 14.7778 15.1193 15.3286 15.3164 15.5600 15.4872 15.3020 15.1542 14.9099 14.7179 14.4294 14.0925 13.7569 13.4318 13.1243 12.8800 12.5783 12.2895 11.8780
10.1304 10.4844 10.6562 10.9318 11.0323 11.2144 11.4745 11.6571 11.8171 12.0868 12.1299 11.8016 11.6215 11.4245 11.2442 11.0471 10.8885 11.1153 11.3846 11.6695 11.9220 12.2330 12.5716 12.9301 13.2742 13.5932 13.7329 13.9560 14.2058 14.3668 14.4630 14.6726 14.9006 15.1130 15.3447 15.2050 15.7862 15.6430 15.3630 15.2185 14.8820 14.5199 14.1736 13.8358 13.5232 13.2341 12.9636 12.6677 12.3841 12.0311
10.1994 10.5556 10.8177 10.9539 11.3045 11.3439 11.5426 11.8581 12.0055 12.1670 11.7469 11.5838 11.3611 11.1886 11.0048 10.8292 10.8868 11.1107 11.4506 11.6461 11.9374 12.2680 12.5776 12.9024 13.2105 13.4885 13.6405 13.8900 13.9766 14.2598 14.3003 14.5249 14.9107 15.1579 15.0245 15.3227 15.3114 15.8352 15.7411 15.3551 14.9796 14.6141 14.2485 13.9286 13.6326 13.3659 13.0707 12.7462 12.5990 12.0199
10.2937 10.6212 10.8706 11.1708 11.2332 11.4239 11.7003 11.8565 12.2520 11.7347 11.6007 11.3082 11.1465 10.9514 10.7757 10.6994 10.9081 11.2225 11.4101 11.6850 11.9851 12.2741 12.6264 12.9335 13.2737 13.4811 13.5341 13.6012 13.8296 13.9872 14.2292 14.7503 14.6957 14.7775 14.8523 14.9448 15.3183 15.4155 15.8196 15.4226 15.0657 14.7049 14.3006 14.0430 13.7801 13.4830 13.1444 12.8097 12.5167 12.0452
10.3681 10.7306 10.9312 11.1855 11.5579 11.5263 11.7044 12.0810 11.6708 11.6071 11.4624 11.1788 10.9279 10.7393 10.5613 10.7629 11.0269 11.2078 11.4455 11.7473 12.0201 12.3353 12.6132 13.0000 13.2087 13.1450 13.2372 13.4487 13.7328 14.0428 14.4043 14.4167 14.4821 14.4388 14.5658 14.8920 15.1313 15.7528 15.4899 15.5195 15.1571 14.7279 14.3645 13.9466 13.9064 13.5475 13.1873 12.9205 12.5374 12.0369
10.5237 10.7876 11.0649 11.2423 11.4941 11.5718 11.8563 11.7410 11.5579 11.4597 11.1748 11.0090 10.7725 10.5542 10.5953 10.8650 11.0749 11.3015 11.5383 11.7672 12.0975 12.3593 12.7000 12.8942 12.7971 12.8823 13.1057 13.5025 13.8214 14.1224 14.1134 14.2364 14.0889 14.2102 14.5747 14.8685 15.2858 15.3244 15.1929 15.3036 15.1476 14.8140 14.3408 13.9908 13.5957 13.5582 13.3473 12.9204 12.5442 12.0480
10.7205 10.9692 11.0836 11.4196 11.5540 11.7567 11.7759 11.4640 11.3952 11.1511 11.0030 10.7990 10.7193 10.6791 10.7164 10.8942 11.1224 11.4144 11.6343 11.8800 12.0878 12.4657 12.6007 12.4833 12.5421 12.7854 13.1755 13.4580 13.9070 13.7674 14.0888 13.8023 13.8793 14.3517 14.5044 14.8975 15.1017 14.8971 15.1830 15.1539 15.0274 14.6669 14.4335 13.9548 13.6188 13.2529 13.3098 12.8949 12.5623 12.0324
11.0126 11.1705 11.2600 11.3326 11.7968 11.7207 11.4245 11.3238 11.1149 11.0813 11.0669 11.0520 11.0045 10.9920 11.0177 11.0592 11.2035 11.4395 11.7700 11.9719 12.2370 12.3108 12.2009 12.2183 12.4730 12.8435 13.1322 13.5803 13.4228 13.6050 13.5575 13.5649 14.0275 14.1603 14.6132 14.8631 14.6485 14.9181 15.1755 14.9392 14.8682 14.5232 14.2533 14.0524 13.5893 13.2045 12.9072 12.9770 12.4852 11.9770
11.3553 11.4941 11.5031 11.5073 11.4980 11.5454 11.5883 11.4180 11.4246 11.4209 11.4148 11.3780 11.3641 11.3702 11.3607 11.3577 11.3737 11.5177 11.7569 12.1520 11.9463 11.9347 11.9237 12.2262 12.5571 12.8103 13.2302 13.1008 13.1742 13.1927 13.2898 13.6764 13.8750 14.3156 14.4517 14.4245 14.7473 15.0786 14.6652 14.8239 14.6700 14.3619 14.0497 13.9155 13.5530 13.1847 12.7977 12.5382 12.3994 11.8393
11.7174 11.8585 11.8586 11.8701 11.8650 11.8003 11.7776 11.7633 11.7963 11.7906 11.7876 11.7234 11.7473 11.7336 11.7371 11.7128 11.6433 11.7011 11.8202 11.6715 11.6792 11.6294 11.9032 12.2077 12.5852 12.9360 12.8669 12.8172 12.8349 13.0035 13.2913 13.6630 14.0204 14.2041 14.1718 14.5022 14.8401 14.4782 14.5740 14.6171 14.4125 14.1984 13.8747 13.6081 13.5796 13.1126 12.7371 12.3896 12.1214 11.6623
12.0962 12.2350 12.2467 12.2531 12.2483 12.2357 12.1807 12.1760 12.1623 12.1754 12.1659 12.1540 12.0874 12.1282 12.1043 12.0531 11.8537 11.7625 11.6722 11.5030 11.3660 11.6531 11.9001 12.2530 12.5277 12.6214 12.5356 12.5087 12.7441 12.9727 13.3961 13.6332 14.0122 13.9888 14.3083 14.4974 14.4694 14.3443 14.2035 14.3879 14.3790 13.9805 13.7054 13.4109 13.1763 13.0059 12.6489 12.3001 11.9704 11.4993
12.5083 12.6530 12.6517 12.6474 12.6411 12.6366 12.5501 12.5940 12.5822 12.5448 12.5504 12.5564 12.5398 12.5051 12.4547 12.3632 12.1778 12.0661 11.8763 11.6480 11.4042 11.6044 12.0187 12.2201 12.3441 12.2429 12.2312 12.5361 12.7293 13.1406 13.2994 13.7325 13.9797 13.9422 14.2564 14.4923 14.1268 13.9712 13.9844 14.2089 14.1682 14.0191 13.5661 13.2530 12.9656 12.7273 12.5031 12.1926 11.8639 11.3791
12.9095 13.0587 13.0574 13.0499 13.0464 13.0389 13.0336 13.0026 12.9916 12.9208 12.9689 12.9504 12.9152 12.8647 12.7877 12.5842 12.4759 12.2693 12.0271 11.7668 11.4977 11.7238 11.8987 12.0740 11.9596 11.9506 12.1686 12.4259 12.9543 13.0455 13.4300 13.5627 13.7173 14.0690 14.2934 14.0515 13.9097 13.6674 13.8201 14.1160 14.2102 13.7791 13.6310 13.1596 12.8428 12.5400 12.2897 12.0410 11.7449 11.2583
13.3108 13.4764 13.4690 13.4678 13.4581 13.4556 13.4409 13.4149 13.4206 13.4094 13.3724 13.3344 13.2840 13.2084 13.0857 12.9035 12.6716 12.4149 12.1449 11.8617 11.5716 11.6850 11.8098 11.6787 11.6754 11.8268 12.0982 12.5233 12.7248 13.0831 13.1976 13.4636 13.8803 14.0872 14.0252 13.7846 13.5690 13.4785 13.8456 14.0078 13.9485 13.6698 13.3474 13.2551 12.7754 12.5074 12.1442 11.8675 11.5985 11.1241
13.7193 13.8907 13.9018 13.8871 13.8899 13.8730 13.8502 13.8546 13.8462 13.8031 13.7642 13.7141 13.6410 13.5173 13.3256 13.0819 12.8113 12.5315 12.2439 11.9417 11.6327 11.5800 11.4287 11.4055 11.5023 11.7656 12.1332 12.4044 12.8868 12.8642 13.1868 13.4787 13.8342 14.1045 13.6830 13.5061 13.2993 13.5669 13.6846 13.9281 13.6202 13.4444 13.1819 12.9293 12.9403 12.4101 12.0739 11.7411 11.4496 10.9919
14.0626 14.3266 14.3219 14.3385 14.3138 14.3041 14.2982 14.2979 14.2418 14.2045 14.1551 14.0859 13.9626 13.7601 13.5010 13.2163 12.9273 12.6328 12.3224 12.0143 11.6887 11.3558 11.1827 11.1910 11.4356 11.7667 12.0612 12.4432 12.5639 12.9557 13.1657 13.5833 13.8184 13.5406 13.4826 13.2164 13.1851 13.4536 13.6235 13.6470 13.8364 13.2951 13.0178 12.7409 12.5226 12.3658 11.9875 11.6553 11.3333 10.8779
14.3673 14.6676 14.7920 14.7569 14.7909 14.7479 14.7683 14.6881 14.6570 14.6069 14.5433 14.4228 14.2073 13.9308 13.6304 13.3324 13.0324 12.7105 12.4053 12.0859 11.7255 11.4111 11.0890 11.1123 11.4157 11.7129 12.0429 12.2359 12.5697 12.8725 13.3784 13.4941 13.3263 13.2517 13.0727 12.9563 13.2173 13.2740 13.3013 13.4648 13.4809 13.4666 12.9368 12.6315 12.3285 12.0974 11.8769 11.5593 11.2393 10.7772
14.6311 14.9804 15.1162 15.2799 15.1923 15.2646 15.1381 15.1233 15.0692 15.0131 14.8997 14.6678 14.3713 14.0533 13.7470 13.4414 13.1196 12.8067 12.4696 12.1243 11.7800 11.4380 11.1068 11.0802 11.3694 11.6704 11.8997 12.2076 12.5399 12.9421 13.1958 13.0895 12.9992 12.8723 12.7565 13.0525 12.9040 12.9286 13.0765 13.2172 13.2927 13.1062 13.0502 12.5616 12.2759 11.9363 11.6796 11.4319 11.1350 10.6715
14.8006 15.2576 15.4389 15.5652 15.8025 15.5827 15.6073 15.5412 15.4948 15.3959 15.1415 14.8229 14.4842 14.1720 13.8566 13.5529 13.2120 12.8620 12.5043 12.1498 11.7984 11.4539 11.1205 11.1006 11.3615 11.6362 11.9019 12.2301 12.5559 12.8849 12.8418 12.7476 12.6446 12.5426 12.7193 12.6257 12.6147 12.6976 12.8485 13.0795 13.0349 12.8404 12.6795 12.6930 12.1940 11.8708 11.5440 11.2729 11.0074 10.5526
14.9293 15.4117 15.7345 15.9073 16.0071 16.1178 16.0209 15.9864 15.9158 15.6281 15.2860 14.9215 14.6093 14.2794 13.9822 13.6241 13.2644 12.8932 12.5289 12.1672 11.8133 11.4675 11.1337 11.0911 11.4374 11.6921 11.9806 12.2346 12.5857 12.5815 12.4882 12.4062 12.3133 12.3667 12.3061 12.3161 12.3756 12.5324 12.9463 12.7267 12.6704 12.6648 12.4130 12.3117 12.2174 11.8037 11.4665 11.1549 10.8719 10.4344
14.9753 15.5492 15.8592 16.2312 16.3902 16.4730 16.4742 16.4675 16.1250 15.7623 15.3619 15.0624 14.7066 14.4293 14.0450 13.6778 13.2908 12.9180 12.5451 12.1819 11.8270 11.4809 11.1469 11.1044 11.4034 11.7971 12.0279 12.3395 12.2835 12.2231 12.1582 12.0737 12.0267 12.0417 11.9959 12.0433 12.2420 12.7988 12.4426 12.5059 12.4631 12.3117 12.3054 12.0313 12.0360 11.7535 11.4298 11.0847 10.7678 10.3358
14.9599 15.5824 16.0184 16.2976 16.7576 16.9608 16.9008 16.5816 16.2614 15.7977 15.5397 15.1305 14.9015 14.4718 14.1040 13.6966 13.3176 12.9323 12.5599 12.1957 11.8405 11.4945 11.1625 11.0816 11.4321 11.7163 12.1816 12.1335 11.9588 11.8957 11.8280 11.7676 11.8955 11.7423 11.7750 11.9465 12.4394 12.2172 12.2238 12.1544 12.1042 12.0676 12.0372 11.9758 11.6975 11.7744 11.3597 11.0270 10.6954 10.2584
14.9579 15.5483 15.9358 16.3659 16.7475 17.4123 16.9917 16.6094 16.2260 16.0784 15.5340 15.4131 14.8974 14.5468 14.1086 13.7292 13.3286 12.9477 12.5730 12.2088 11.8538 11.5120 11.1750 11.0900 11.3862 11.7552 11.8919 11.7728 11.6684 11.5765 11.5146 11.5076 11.4994 11.4851 11.6573 12.1753 11.9208 11.9503 11.8791 11.8620 11.7831 11.7474 11.7094 11.7486 11.6721 11.3817 11.2622 10.9470 10.6279 10.1861
14.9240 15.4847 15.8959 16.2911 16.8081 16.7469 16.6715 16.3726 16.1656 15.8845 16.0138 15.3053 15.0153 14.5178 14.1563 13.7297 13.3453 12.9576 12.5857 12.2215 11.8743 11.5243 11.1871 11.0592 11.3782 11.6166 11.5058 11.4574 11.3574 11.2737 11.2215 11.1994 11.1943 11.3427 11.6973 11.6430 11.6756 11.6044 11.5693 11.5222 11.5335 11.4345 11.4182 11.4030 11.5260 11.3711 11.0408 10.8293 10.5428 10.1100
14.8681 15.4352 15.8218 16.2267 16.2752 16.2725 16.2618 16.0541 15.8175 15.7795 15.5452 15.3533 14.8519 14.6111 14.1146 13.7585 13.3442 12.9732 12.5960 12.2475 11.8848 11.5348 11.1939 11.0458 11.3488 11.2144 11.2100 11.1332 11.0540 10.9780 10.9277 10.9067 11.0199 11.2765 11.2984 11.3531 11.3335 11.3058 11.3077 11.2305 11.1941 11.2189 11.1157 11.1443 11.1363 11.0600 11.0152 10.7472 10.4543 10.0747
14.8114 15.3511 15.6920 15.7972 15.8867 15.8356 15.7842 15.8059 15.5031 15.3144 15.1763 15.0347 14.8518 14.3981 14.2031 13.7082 13.3777 12.9712 12.6342 12.2518 11.8899 11.5345 11.1917 11.1344 10.9282 10.9441 10.8866 10.8292 10.7543 10.6872 10.6425 10.6984 10.8919 10.9506 11.0039 11.0270 11.0276 11.0876 10.9821 10.9380 10.9094 10.8817 10.9223 10.8359 10.8144 10.7659 10.6537 10.6242 10.5448 9.9799 
14.7155 15.1870 15.3225 15.4127 15.4981 15.3991 15.3941 15.3014 15.1751 14.9516 14.7776 14.6269 14.4707 14.3553 13.9530 13.8184 13.3189 13.0417 12.6171 12.2439 11.8749 11.5177 11.1703 10.8652 10.7165 10.6284 10.5893 10.5285 10.4625 10.4028 10.3869 10.5323 10.6062 10.6588 10.6987 10.7230 10.8418 10.7429 10.6994 10.6458 10.6140 10.6060 10.5924 10.6486 10.5115 10.4527 10.3846 10.3175 10.2035 9.7747 
14.5343 14.8542 14.9495 15.0259 15.0503 15.2795 14.9764 14.8899 14.7479 14.5965 14.4084 14.2402 14.0990 13.9440 13.8767 13.5260 13.4963 12.9484 12.5861 12.2033 11.8377 11.4804 11.1336 10.7979 10.5178 10.3540 10.2935 10.2379 10.1773 10.1331 10.1920 10.2698 10.3265 10.3783 10.4474 10.5545 10.4885 10.4631 10.4046 10.3612 10.3315 10.3160 10.3233 10.3048 10.4309 10.1724 10.0983 10.0176 9.9026  9.4821 
14.2268 14.4955 14.5727 14.6270 14.7905 14.8083 14.6715 14.4850 14.3553 14.2023 14.0477 13.8779 13.7213 13.5975 13.4473 13.4360 13.1177 12.9179 12.5086 12.1437 11.7785 11.4263 11.0824 10.7471 10.4289 10.1693 10.0141 9.9543  9.9022  9.8864  9.9433  10.0034 10.0672 10.1930 10.2289 10.2190 10.2109 10.1667 10.1228 10.0808 10.0524 10.0400 10.0345 10.0705 10.0348 9.9701  9.8181  9.7278  9.6126  9.2024 
13.8852 14.1316 14.2010 14.3240 14.3664 14.3737 14.2681 14.1191 13.9687 13.8243 13.6735 13.5210 13.3649 13.2279 13.1271 12.9957 13.0594 12.6853 12.4139 12.0614 11.7117 11.3628 11.0219 10.6887 10.3663 10.0679 9.8257  9.6834  9.6394  9.6364  9.6890  9.7566  9.8475  9.9089  9.9351  9.9381  9.9192  9.8858  9.8437  9.8064  9.7799  9.7657  9.7701  9.7723  9.7467  9.6663  9.5658  9.4478  9.3330  8.9297 
13.5360 13.7766 13.8788 13.9317 13.9794 13.9622 13.8765 13.7430 13.5984 13.4537 13.3075 13.1608 13.0135 12.8840 12.7680 12.7022 12.5853 12.4854 12.2122 11.9329 11.6092 11.2757 10.9410 10.6116 10.2900 9.9815  9.7012  9.4776  9.3856  9.3874  9.4513  9.5424  9.6661  9.7487  9.6640  9.6571  9.6399  9.6088  9.5716  9.5373  9.5123  9.5006  9.4988  9.4925  9.4582  9.3883  9.2907  9.1844  9.0618  8.6138 
12.9199 13.3665 13.4962 13.5603 13.5887 13.5682 13.4889 13.3685 13.2305 13.0887 12.9460 12.8028 12.6644 12.5376 12.4350 12.3419 12.2444 12.0905 11.8675 11.5841 11.2767 10.9534 10.6283 10.3074 9.9952  9.6993  9.4364  9.2439  9.1479  9.1428  9.1963  9.2870  9.3884  9.5404  9.4160  9.3831  9.3642  9.3358  9.3021  9.2708  9.2479  9.2357  9.2295  9.2157  9.1787  9.1117  9.0211  8.9115  8.6853  7.8923 
