#Value_Function_Estimate.
86.37   90.11   92.01   95.32   98.62   99.06   99.04   99.06   99.00   98.75   97.95   95.26   93.17   91.21   88.34   84.75   80.41   79.35   82.00   85.90   90.65   96.80   101.66  103.05  102.80  103.11  99.95   93.97   91.01   86.54   84.20   81.97   76.36   75.16   69.55   66.69   61.82   57.46   53.28   51.98   48.29   47.61   44.07   42.29   41.61   39.43   36.95   33.81   29.95   25.95  
90.31   91.05   95.54   96.76   99.99   103.72  103.74  103.70  103.45  102.92  99.82   97.66   95.65   92.65   89.09   84.65   80.85   82.36   85.19   87.97   92.47   97.83   104.60  109.77  110.81  110.15  100.70  98.23   93.11   90.85   89.17   81.87   81.87   74.84   72.34   66.63   61.44   59.00   55.97   51.11   51.18   46.76   44.98   44.75   42.62   40.75   38.28   34.69   30.39   25.94  
90.99   95.88   98.96   100.72  104.88  108.36  108.40  108.04  107.97  104.37  102.21  100.10  96.91   93.41   88.81   84.98   83.84   85.42   87.94   91.07   93.82   98.83   104.55  111.97  117.58  117.88  109.58  102.86  100.38  96.04   91.85   87.62   85.96   79.39   73.75   70.25   63.90   61.30   58.51   52.59   50.42   49.27   46.71   45.60   44.30   42.37   39.39   35.53   30.43   25.98  
91.33   95.95   101.15  104.26  108.57  111.84  112.48  113.16  108.84  106.80  104.57  101.10  97.73   92.90   89.12   86.58   87.80   88.93   90.56   93.30   96.73   99.25   104.77  110.90  119.45  117.50  110.42  107.12  103.09  98.07   93.39   89.16   85.28   81.18   76.60   71.49   66.93   62.22   57.98   55.97   52.68   49.80   50.06   47.57   46.01   43.51   40.52   35.67   30.54   26.19  
91.70   96.27   100.85  106.43  109.68  114.09  117.27  114.29  111.52  109.04  105.20  102.20  96.11   91.37   87.92   89.62   91.37   92.62   93.73   95.39   98.33   102.12  106.58  112.55  118.43  116.26  112.76  108.69  103.43  98.67   94.41   90.55   86.64   82.28   77.49   72.58   67.61   62.74   58.08   54.20   53.47   53.56   50.40   49.27   47.12   44.89   40.64   35.80   30.63   27.04  
91.63   96.55   101.24  104.80  110.46  115.85  117.83  114.31  109.36  109.82  106.64  101.00  97.27   91.50   89.47   91.94   94.06   95.90   97.15   98.23   99.91   102.81  109.84  111.82  117.60  118.13  113.80  108.57  103.79  99.25   95.35   91.67   87.61   83.12   78.40   73.42   68.34   63.27   58.36   53.85   50.80   52.01   52.45   50.33   48.72   44.89   40.77   35.75   31.16   28.76  
91.75   96.41   101.30  105.74  110.73  113.37  117.20  113.42  109.56  111.21  106.74  100.82  96.81   90.99   90.55   93.52   96.01   98.15   100.08  101.32  102.38  104.08  109.80  112.10  116.22  118.50  113.35  108.84  103.96  100.02  96.59   92.52   88.36   84.02   79.25   74.16   68.94   63.67   58.57   54.00   50.19   49.61   51.50   52.21   48.51   45.04   40.66   35.99   32.40   30.83  
91.63   96.56   101.11  105.94  108.71  110.93  115.42  111.42  107.02  110.65  105.33  102.31  95.64   91.41   90.86   94.28   97.16   99.69   102.06  104.22  105.42  107.64  111.69  111.33  114.73  116.79  113.62  108.61  104.32  101.39  97.80   93.55   89.31   84.85   79.98   74.78   69.34   63.90   58.84   54.50   51.02   48.25   48.89   48.55   48.51   44.87   40.76   36.26   34.34   32.93  
91.75   96.40   101.16  104.27  106.55  107.82  113.27  109.41  105.70  107.23  106.11  101.55  96.24   90.20   90.83   94.39   97.63   100.74  103.52  106.02  108.34  110.22  114.10  112.60  114.00  116.91  112.50  108.82  105.82  102.78  99.21   94.62   90.40   85.68   80.54   75.17   69.53   64.09   59.26   55.40   52.42   49.87   47.52   45.53   45.10   44.45   40.58   38.00   36.44   34.97  
91.61   96.36   99.76   102.06  102.53  104.96  111.27  109.25  105.15  104.64  103.22  101.26  95.64   90.67   90.88   94.36   97.64   101.13  104.74  107.64  110.03  112.49  117.03  114.03  112.98  114.20  112.13  110.29  107.28  104.39  100.36  96.15   91.40   86.40   81.23   75.52   69.65   64.36   59.97   56.65   54.04   51.71   49.59   47.63   45.69   43.75   41.88   40.13   38.51   36.91  
91.52   95.17   97.62   98.70   102.56  104.61  108.75  107.60  103.63  102.54  98.81   98.36   94.01   89.88   90.50   93.21   97.51   101.32  105.20  109.40  112.28  114.27  118.93  116.83  114.93  116.48  114.85  111.80  109.02  105.43  102.18  97.07   92.28   87.43   81.98   76.21   70.02   64.82   60.96   58.15   55.80   53.73   51.88   50.06   48.11   46.06   44.08   42.24   40.48   38.72  
90.48   93.15   94.71   98.11   99.77   101.09  103.54  104.10  101.10  100.35  96.93   95.28   91.28   88.11   89.54   93.33   97.53   101.26  105.71  109.70  114.49  117.24  118.94  119.41  121.03  119.43  116.29  113.72  109.85  107.58  102.96  98.17   93.44   88.38   83.34   76.85   70.54   65.48   62.23   59.83   57.78   56.02   54.34   52.52   50.45   48.31   46.23   44.25   42.32   40.36  
89.40   92.04   94.77   97.35   101.45  99.14   99.04   99.09   98.25   96.98   94.83   93.34   89.73   85.99   89.58   94.39   97.67   101.40  105.51  110.80  114.46  120.04  121.10  128.10  120.70  121.00  118.42  114.17  112.44  108.10  104.19  99.22   94.39   90.15   84.00   77.65   70.89   66.42   63.79   61.78   60.08   58.51   56.84   54.90   52.74   50.50   48.28   46.13   43.99   41.84  
89.40   93.40   96.22   98.91   97.19   97.12   96.21   94.45   94.93   94.90   92.83   91.34   89.50   86.27   90.20   93.85   97.67   101.27  106.06  110.45  116.25  118.99  126.74  121.65  121.48  118.69  119.82  117.54  112.56  109.50  105.21  100.20  96.46   90.63   85.26   77.78   71.47   67.72   65.70   64.12   62.62   61.05   59.25   57.22   54.98   52.60   50.21   47.83   45.49   43.24  
89.54   93.13   97.56   96.76   95.00   93.80   92.30   90.97   89.59   90.12   90.50   88.91   85.00   86.99   90.23   93.62   97.71   101.39  105.54  110.23  114.45  123.80  119.06  120.10  116.87  119.46  118.46  116.27  114.88  110.49  106.03  102.56  96.63   92.45   85.36   78.09   72.15   69.52   68.08   66.70   65.21   63.48   61.60   59.51   57.14   54.59   51.96   49.35   46.89   44.64  
89.37   93.15   93.32   93.59   93.04   91.32   90.89   87.70   86.32   84.05   84.96   86.42   83.24   85.52   90.19   94.14   97.59   100.94  103.42  107.66  116.90  115.16  117.07  114.38  114.38  114.33  117.95  115.66  113.16  111.87  108.99  102.29  99.00   92.44   85.58   78.20   73.44   71.93   70.71   69.34   67.65   65.85   63.94   61.70   59.17   56.38   53.50   50.75   48.28   46.15  
89.03   89.76   89.87   89.81   89.91   89.54   87.33   88.34   88.71   87.41   82.11   78.53   80.83   86.61   90.35   93.43   96.84   96.15   98.59   105.58  106.12  109.71  111.28  111.32  109.91  112.69  112.29  115.01  111.06  108.62  108.19  105.30  98.66   92.67   85.43   78.85   75.73   74.61   73.41   71.80   70.04   68.23   66.16   63.79   61.01   57.94   54.90   52.12   49.76   47.72  
86.16   86.34   86.61   88.18   91.03   85.25   84.98   84.21   85.60   85.14   82.74   77.17   78.48   83.90   88.67   92.20   91.10   92.48   95.03   98.66   101.06  105.83  107.74  106.09  107.71  107.94  109.93  109.68  109.77  106.33  103.60  102.03  98.97   92.43   85.62   79.89   78.44   77.39   75.87   74.19   72.47   70.47   68.28   65.67   62.57   59.34   56.24   53.56   51.30   49.20  
83.15   84.64   86.20   89.11   86.35   85.80   82.87   81.53   82.52   82.76   80.60   78.95   70.39   76.39   69.12   75.74   80.23   83.36   90.42   92.81   99.96   102.25  102.07  103.15  103.73  105.23  105.29  105.42  105.26  104.83  101.43  98.22   95.97   92.36   85.51   82.29   81.30   79.84   78.27   76.68   74.72   72.64   70.20   67.23   63.98   60.63   57.59   55.03   52.74   50.62  
82.58   84.51   87.53   86.05   86.02   83.87   83.38   81.67   79.51   78.89   78.83   77.30   74.20   54.31   31.55   41.53   63.60   78.84   85.86   93.85   97.33   98.05   98.85   99.56   100.78  100.98  101.09  101.00  101.09  100.90  100.07  96.63   92.97   89.81   86.23   85.24   83.73   82.24   80.85   78.94   76.92   74.60   71.75   68.64   65.21   61.88   58.97   56.40   54.14   52.13  
82.39   85.42   86.71   85.08   83.53   83.12   82.70   84.05   81.85   79.10   83.10   83.17   75.31   61.54   23.32   25.56   64.37   82.83   89.43   96.59   97.16   100.71  101.58  101.48  101.64  101.47  101.56  100.63  98.88   97.06   96.43   95.17   91.75   90.21   89.30   87.64   86.13   84.93   83.08   81.18   78.95   76.12   73.17   69.82   66.32   63.08   60.21   57.77   55.67   53.76  
82.55   84.27   83.44   83.58   82.36   80.98   82.93   85.77   86.47   84.37   86.97   88.54   88.15   75.72   63.56   45.72   80.14   91.84   94.29   101.00  101.57  102.71  104.34  105.11  104.82  105.09  104.16  102.36  100.75  98.65   96.28   95.71   94.30   93.51   91.64   90.00   88.96   87.12   85.38   83.28   80.41   77.58   74.32   70.80   67.34   64.16   61.52   59.32   57.31   55.58  
81.25   80.97   81.36   80.83   80.75   80.49   83.21   85.61   86.54   88.16   89.15   90.47   86.78   79.44   69.15   68.74   81.84   96.35   101.23  102.45  108.65  106.52  106.21  107.98  108.70  107.78  105.54  105.68  104.94  100.71  99.95   98.37   97.89   95.77   93.93   93.06   91.07   89.48   87.58   84.66   81.94   78.73   75.27   71.76   68.26   65.42   63.10   60.97   59.20   57.37  
78.21   78.46   78.23   78.46   78.33   81.24   84.09   86.20   88.89   89.86   90.89   90.77   92.03   84.10   80.95   79.85   82.57   93.77   100.91  104.92  106.88  111.54  107.21  107.83  112.00  108.01  107.46  103.87  103.52  102.50  104.25  102.38  100.01  97.93   97.32   95.01   93.50   91.83   88.82   86.30   83.09   79.71   76.35   72.62   69.55   67.03   64.74   62.93   61.03   58.94  
75.53   75.43   75.74   77.17   79.73   81.78   84.65   87.24   88.98   92.51   92.95   92.77   94.76   94.89   91.76   89.87   86.71   91.38   99.87   103.45  107.43  107.35  109.84  107.29  109.81  108.00  105.65  105.40  105.65  102.14  102.78  104.29  101.95  101.82  98.99   97.53   96.07   92.84   90.62   87.43   84.12   81.05   77.22   73.98   71.25   68.73   66.79   64.81   62.61   60.41  
72.70   73.90   76.05   78.18   80.31   83.48   85.19   87.81   90.28   92.01   95.81   100.24  101.09  99.98   99.12   94.95   94.72   96.27   98.52   101.34  103.77  105.90  106.01  110.93  107.79  107.07  106.42  104.87  105.28  104.92  103.85  102.17  106.56  103.04  101.64  100.41  96.73   94.88   91.70   88.45   85.85   81.97   78.67   75.81   73.05   70.86   68.74   66.39   64.14   61.63  
72.09   74.62   76.93   78.99   81.45   83.81   87.10   88.13   90.57   93.36   97.99   102.84  104.14  103.92  101.42  96.95   93.06   95.92   101.54  103.50  100.68  102.71  106.62  106.99  110.02  105.93  107.94  107.68  105.79  104.19  103.46  104.59  105.18  106.35  104.99  100.51  99.14   95.86   92.62   90.73   86.76   83.49   80.61   77.64   75.25   72.95   70.29   68.02   65.35   62.94  
72.67   74.84   77.69   79.95   82.19   85.16   87.25   90.59   90.85   95.64   101.82  105.30  108.48  105.32  102.28  96.90   91.99   93.48   98.37   103.05  105.90  99.59   103.37  105.75  105.63  105.66  106.49  110.25  109.87  107.59  106.16  103.66  103.67  106.21  106.35  103.58  99.98   96.53   95.69   91.49   88.27   85.54   82.31   79.91   77.53   74.40   72.09   69.23   66.69   64.31  
73.49   75.56   77.77   80.76   83.24   85.75   88.76   89.58   91.27   95.63   100.55  107.84  112.70  107.32  103.48  96.09   92.44   91.99   96.37   99.38   103.46  104.19  101.34  101.90  102.07  103.32  106.42  106.77  109.71  112.03  110.82  108.39  105.72  104.34  104.80  102.24  101.14  98.21   96.75   95.15   90.56   86.90   84.72   82.45   78.85   76.49   73.33   70.60   68.10   65.67  
75.74   76.57   78.63   80.63   84.14   86.94   87.77   89.70   91.67   93.66   102.25  105.95  108.47  105.93  101.40  95.85   91.36   92.73   98.44   99.06   103.67  103.94  103.41  102.69  102.69  102.78  103.51  106.04  108.21  111.71  114.60  113.10  109.32  108.27  105.60  103.99  104.14  100.47  98.98   96.67   93.60   89.63   87.50   83.52   81.33   77.75   74.73   72.07   69.46   67.06  
78.10   79.46   79.71   81.64   82.80   84.88   86.14   88.18   90.13   93.44   99.97   103.80  105.07  105.37  101.14  95.70   91.08   92.19   99.23   101.35  105.17  104.60  105.98  104.85  106.51  104.16  103.78  104.37  107.67  110.14  110.36  114.42  113.88  112.80  108.69  108.98  104.15  104.47  101.30  99.80   96.80   92.78   88.09   86.45   82.49   79.17   76.30   73.42   70.84   68.73  
79.24   82.09   83.18   82.91   83.66   85.80   86.28   86.46   90.32   92.21   97.67   99.43   100.07  102.47  99.54   94.91   90.71   92.19   97.11   103.36  104.74  107.29  108.17  110.55  107.15  108.15  103.97  103.41  105.68  106.54  109.58  109.82  113.20  114.86  115.24  109.35  109.24  105.27  104.34  101.51  97.92   94.70   91.68   87.37   83.91   80.86   77.60   74.80   72.57   70.43  
79.33   83.38   86.14   86.69   85.33   86.09   86.21   89.15   89.55   91.34   93.08   96.03   97.06   99.95   96.50   93.06   89.36   91.71   97.38   102.47  106.27  110.22  112.28  108.29  112.53  106.93  106.45  102.88  102.45  104.92  105.72  108.55  110.28  111.70  114.41  114.41  110.54  108.88  106.04  102.40  99.08   96.89   92.26   88.80   85.77   82.09   79.01   76.57   74.41   71.36  
79.46   83.40   87.48   90.12   90.48   89.84   89.72   89.52   89.93   88.60   89.77   91.68   95.11   96.38   93.14   89.84   87.60   91.96   96.59   100.95  103.93  108.64  113.00  108.83  107.59  111.30  106.72  104.42  100.95  101.62  104.07  105.91  107.44  109.93  112.06  117.68  114.05  111.43  106.81  103.35  102.30  97.54   94.77   90.90   86.94   83.54   80.77   78.63   75.15   72.79  
79.35   83.58   87.33   91.58   93.83   94.42   94.69   92.16   90.02   87.84   86.86   88.68   92.89   97.59   92.91   88.47   87.50   91.46   94.08   98.81   101.06  104.69  110.68  105.38  104.45  106.55  109.09  105.07  102.52  99.79   101.67  103.30  105.67  108.09  112.60  112.31  116.81  111.97  108.49  107.44  101.88  99.86   95.15   92.53   88.41   85.23   83.21   79.02   76.85   73.11  
79.46   83.41   87.58   91.16   95.64   96.87   97.85   93.26   90.82   87.71   85.64   89.63   92.87   97.30   91.33   90.05   86.79   89.20   93.89   95.65   97.84   102.25  107.85  103.33  104.36  103.44  104.52  107.43  103.08  101.14  99.20   101.47  103.99  107.82  108.48  111.91  112.01  113.62  108.86  106.04  104.91  99.98   95.47   90.85   90.26   88.26   82.99   81.20   76.99   73.32  
79.35   83.57   87.32   91.51   93.70   97.01   97.31   93.88   90.56   87.88   86.84   88.26   92.93   94.52   92.75   91.18   88.45   88.05   90.63   92.32   95.33   100.50  103.96  101.82  101.48  100.69  101.56  102.51  106.27  102.46  100.40  99.77   103.15  104.40  107.17  107.75  108.96  108.66  110.73  106.92  103.05  100.42  95.73   92.28   88.34   87.14   85.97   81.04   77.17   73.70  
79.45   83.37   87.37   89.91   93.19   94.12   94.45   92.87   90.76   87.52   87.57   88.74   91.37   94.72   90.48   91.06   87.04   86.07   87.74   90.42   94.64   96.60   100.41  99.78   100.51  97.95   98.38   100.48  101.71  105.45  101.75  98.48   100.09  102.45  103.30  104.29  104.35  105.87  105.57  107.54  105.56  100.50  97.41   93.14   90.51   86.13   83.23   81.23   77.53   73.94  
79.27   83.19   86.01   89.11   90.66   91.19   91.97   92.86   89.78   87.65   86.99   88.93   91.88   92.41   89.62   89.94   85.97   83.91   86.14   89.23   91.05   92.30   96.62   96.50   97.64   96.84   96.16   97.58   99.75   99.92   102.06  97.52   97.68   98.69   99.57   99.85   101.01  101.10  102.54  102.28  105.25  102.60  97.91   95.81   90.74   87.82   84.48   81.56   77.75   74.04  
78.97   81.84   84.89   86.79   87.60   88.46   89.66   93.05   89.45   86.62   86.63   88.28   90.87   93.52   89.89   88.20   86.24   82.28   83.71   85.04   86.36   88.99   92.73   92.54   92.13   92.04   93.31   95.17   95.69   96.88   98.71   98.80   94.30   94.76   95.17   96.12   96.42   97.56   97.75   99.99   99.93   101.97  101.36  95.43   92.75   88.99   85.99   81.75   77.84   74.02  
77.74   80.61   82.60   83.63   84.70   86.41   89.12   91.31   90.10   88.41   87.81   89.47   90.02   92.99   88.98   89.56   85.20   81.80   80.45   82.09   83.55   86.78   90.74   90.67   87.79   88.83   90.47   91.21   92.34   93.90   94.02   95.88   96.78   91.98   91.16   91.59   92.54   93.01   94.79   95.15   96.69   96.55   97.97   97.97   93.72   90.78   85.99   81.86   77.80   74.04  
76.39   78.42   79.76   81.05   83.03   85.67   88.28   92.04   92.46   88.42   88.96   88.22   87.55   87.30   87.47   84.76   84.61   81.03   77.86   78.89   81.27   83.64   86.06   84.61   84.29   85.65   86.52   87.62   89.00   89.42   90.92   91.40   93.06   94.83   89.62   87.64   88.17   89.65   90.26   91.51   91.69   92.82   93.25   95.71   95.95   90.48   86.16   81.77   77.85   74.02  
74.61   76.00   77.49   79.60   82.23   84.95   88.51   92.11   92.93   89.88   87.76   86.55   83.96   82.66   82.25   82.09   80.39   79.81   76.75   75.81   76.64   78.59   78.40   79.42   80.81   81.77   82.85   84.10   84.72   85.99   86.69   88.16   89.46   91.03   92.82   87.56   84.70   85.43   86.52   86.92   87.88   88.58   90.55   91.03   90.86   90.48   85.96   81.86   77.80   74.04  
72.49   74.02   76.22   78.86   81.65   85.01   88.11   90.65   93.66   89.63   86.48   84.13   82.30   79.79   77.96   77.33   77.01   75.92   75.10   72.57   73.01   73.69   74.77   76.07   77.07   78.14   79.31   80.06   81.20   82.04   83.39   84.73   86.24   87.78   87.50   89.42   84.52   81.82   82.35   83.23   84.08   85.73   86.34   86.24   86.38   86.19   85.47   81.67   77.83   74.01  
70.84   72.98   75.58   78.39   81.59   84.60   87.08   89.69   92.95   89.90   86.20   83.03   80.40   78.21   75.66   73.58   72.72   72.22   71.38   70.41   69.24   70.28   71.51   72.55   73.61   74.73   75.57   76.63   77.55   78.83   80.19   81.65   83.05   83.20   84.63   84.48   86.12   81.90   80.12   79.83   81.25   81.94   81.92   82.02   81.92   82.02   81.79   80.89   77.62   74.01  
69.84   72.38   75.20   78.27   81.18   83.66   86.12   88.09   91.09   88.24   86.18   82.72   79.49   76.64   74.19   71.67   69.53   68.33   67.63   66.80   66.05   67.23   68.28   69.34   70.42   71.32   72.34   73.32   74.56   75.91   77.33   78.66   79.09   80.24   80.42   81.70   81.86   84.34   80.06   78.94   77.81   77.87   77.96   77.89   77.96   77.89   77.94   77.67   76.67   73.76  
69.28   72.03   75.00   77.82   80.26   82.58   84.61   87.09   86.98   87.11   84.71   82.48   79.14   75.82   72.82   70.28   67.75   65.52   64.09   63.19   63.28   64.34   65.39   66.45   67.38   68.39   69.40   70.61   71.96   73.34   74.63   75.25   76.23   76.62   77.69   78.16   80.10   79.96   83.00   78.85   77.41   74.40   74.11   74.14   74.09   74.14   74.09   74.10   73.79   72.70  
68.89   71.72   74.42   76.78   78.95   80.93   83.03   83.20   83.30   83.20   83.05   80.96   78.64   75.37   72.01   68.98   66.34   63.74   61.51   59.98   60.73   61.77   62.81   63.77   64.76   65.79   66.98   68.31   69.66   70.90   71.65   72.53   73.05   73.99   74.65   76.24   76.62   78.92   78.77   81.30   77.25   73.92   71.08   70.53   70.48   70.44   70.47   70.43   70.40   70.05  
68.36   70.85   73.05   75.04   76.90   78.70   79.03   79.13   79.06   79.13   79.03   78.70   76.84   74.50   71.32   68.04   65.10   62.42   59.90   57.74   58.40   59.42   60.38   61.36   62.40   63.57   64.87   66.18   67.38   68.19   69.02   69.62   70.48   71.24   72.61   73.29   75.13   75.49   77.40   77.25   77.23   73.77   70.50   67.80   67.05   66.90   66.85   66.85   66.83   66.76  
67.08   68.99   70.75   72.43   73.97   74.39   74.50   74.45   74.50   74.45   74.50   74.38   73.94   72.23   69.95   66.99   64.00   61.33   58.88   56.54   56.15   57.10   58.08   59.11   60.26   61.52   62.80   63.96   64.80   65.60   66.24   67.06   67.87   69.10   69.95   71.51   72.15   73.67   73.78   73.87   73.76   73.35   70.30   67.14   64.56   63.62   63.34   63.26   63.24   63.21  
