#Value Function.
13.0132 13.1881 13.4519 13.7653 14.0755 14.3855 14.7334 15.1668 15.4687 15.6910 15.7392 15.7606 15.7472 15.7610 15.7472 15.7602 15.7493 15.8492 15.9815 16.0178 16.0296 16.0237 16.0299 16.0237 16.0285 16.0071 15.9314 15.7047 15.4168 15.1400 14.9303 14.6577 14.7548 14.9110 15.0850 15.2722 15.4440 15.6151 15.7653 15.9044 16.0831 16.2943 16.5278 16.5676 16.5789 16.5705 16.5490 16.3256 16.2564 16.1316
13.3407 13.4297 13.6056 13.8829 14.2112 14.5281 14.8409 15.1919 15.6692 15.9661 16.2094 16.2345 16.2611 16.2375 16.2608 16.2324 16.2375 16.2310 16.3445 16.4974 16.5214 16.5344 16.5238 16.5340 16.5140 16.4526 16.2086 15.9044 15.6088 15.4149 15.1208 14.8775 15.0611 15.2244 15.3816 15.5613 15.7574 15.9308 16.1098 16.2619 16.3974 16.5830 16.8009 17.0719 17.0833 17.0978 16.8119 16.7704 16.6513 16.4374
13.7097 13.7696 13.8471 14.0278 14.3198 14.6648 14.9874 15.3024 15.6505 16.1869 16.4471 16.7451 16.7312 16.7717 16.7282 16.7470 16.6915 16.6341 16.7304 16.8441 17.0259 17.0293 17.0474 17.0258 16.9830 16.6681 16.3893 16.0782 15.9120 15.5899 15.3279 15.2149 15.3305 15.5377 15.7003 15.8580 16.0438 16.2505 16.4233 16.6124 16.7660 16.8955 17.0901 17.3101 17.6710 17.2911 17.2948 17.1777 16.9433 16.7806
14.0141 14.1633 14.2035 14.2737 14.4596 14.7679 15.1316 15.4588 15.7764 16.0687 16.5442 16.9548 17.3011 17.2318 17.2732 17.2029 17.1638 16.9655 17.0375 17.2585 17.3501 17.5762 17.5452 17.5445 17.1456 16.7098 16.5466 16.4300 16.0703 15.7871 15.6776 15.6658 15.6388 15.8030 16.0290 16.1878 16.3459 16.5382 16.7580 16.9267 17.1294 17.2838 17.4041 17.6114 17.7613 17.8381 17.7224 17.4519 17.3013 17.1436
14.1097 14.4940 14.6234 14.6475 14.7095 14.9011 15.2273 15.6125 15.9422 16.2711 16.5295 16.8909 17.3195 17.8195 17.7197 17.7265 17.3953 17.3320 17.4977 17.5368 17.8094 17.8579 18.1538 17.5338 17.1238 17.0393 16.9744 16.5611 16.2546 16.1506 16.1546 16.1297 16.0673 16.0897 16.2897 16.5360 16.6868 16.8456 17.0444 17.2811 17.4399 17.6620 17.8160 17.9223 18.1376 18.2876 17.9670 17.8315 17.6666 17.5700
14.1312 14.5691 14.9880 15.0945 15.1016 15.1546 15.3524 15.6983 16.1086 16.4364 16.7852 17.0178 17.2826 17.7162 18.3224 17.8879 17.8631 17.7889 17.8432 18.0535 18.0350 18.3904 17.8217 17.5869 17.5512 17.5489 17.0607 16.7302 16.6339 16.6584 16.6303 16.5943 16.2988 16.3945 16.5859 16.7864 17.0604 17.1966 17.3575 17.5622 17.8218 17.9614 18.2118 18.3634 18.4397 18.4851 18.3803 18.1905 18.1350 17.8559
14.1302 14.5866 15.0315 15.5044 15.5752 15.5666 15.6090 15.8137 16.1809 16.6214 16.9394 17.3199 17.5330 17.7299 17.9210 18.4567 18.0355 18.0803 18.3588 18.3597 18.6396 18.0771 17.9228 17.9085 18.1594 17.5655 17.2198 17.0844 17.1795 17.1374 17.1472 16.7809 16.6529 16.7667 16.8913 17.0966 17.3128 17.5275 17.7273 17.8808 18.0910 18.3828 18.4884 18.7815 18.9226 18.9423 18.7173 18.7194 18.4279 17.9696
14.1562 14.5790 15.0495 15.4997 16.0482 16.0632 16.0310 16.0742 16.2848 16.6750 17.1535 17.4484 17.8767 18.0671 18.1630 18.3773 18.3562 18.5833 18.5955 18.9613 18.4210 18.3269 18.3028 18.4935 17.9473 17.7174 17.6026 17.5085 17.5724 17.7309 17.2794 17.0489 17.0601 17.1640 17.3020 17.4320 17.6420 17.8445 18.0642 18.2737 18.4154 18.6297 18.9684 19.0160 19.3121 19.2413 19.1552 19.1195 18.4958 17.9713
14.2700 14.5980 15.0340 15.5262 15.7724 16.2912 16.5886 16.4987 16.5328 16.7682 17.1795 17.7085 17.9587 18.4600 18.6246 18.6959 18.8580 18.8026 19.1932 18.7113 18.7523 18.7360 18.9068 18.4344 18.2400 18.1445 17.9890 18.0118 18.0381 17.7798 17.5507 17.4840 17.5080 17.5892 17.5970 17.7907 17.9636 18.1809 18.3848 18.6147 18.8372 18.9607 19.1765 19.5853 19.5193 19.5921 19.5480 18.9232 18.5304 17.9511
14.5078 14.7109 15.0449 15.4572 15.7871 16.1966 16.5689 17.0630 16.9318 16.9623 17.2706 17.6918 18.2925 18.4627 19.0809 19.1346 19.1657 19.4141 18.9811 19.0832 19.0719 19.3566 18.9499 18.7772 18.7069 18.5184 18.4994 18.5200 18.3038 18.0723 17.9516 17.9050 18.0306 17.7702 17.9528 18.1415 18.3341 18.5028 18.7355 18.9374 19.1792 19.4198 19.5165 19.7279 19.8662 20.0440 19.4009 18.9547 18.3889 17.9595
14.5704 14.9994 15.1505 15.4938 15.9558 16.2646 16.6956 16.9788 17.5034 17.3701 17.4455 17.7890 18.0612 18.6143 18.9306 19.5683 19.6635 19.4173 19.4004 19.4713 19.6865 19.4850 19.3265 19.2920 19.0639 18.9912 19.0355 18.8639 18.6057 18.4956 18.3879 18.5140 18.0196 18.1530 18.3173 18.5019 18.6909 18.8931 19.0526 19.3073 19.5016 19.7576 20.0239 20.0979 20.3303 19.6992 19.4158 18.8483 18.3855 17.8529
14.5894 15.0373 15.5104 15.5912 15.9655 16.4761 16.7468 17.2352 17.4462 17.9477 17.8171 17.9518 18.3460 18.5265 18.9985 19.3678 20.0238 19.9209 19.6730 19.8330 20.0571 19.8849 19.9041 19.6171 19.5545 19.4433 19.4498 19.1456 19.0651 18.8769 18.9916 18.4967 18.3380 18.5317 18.7147 18.8677 19.0617 19.2536 19.4694 19.6116 19.8988 20.0764 20.3498 20.6244 19.9711 19.6955 19.1558 18.8193 18.3013 17.8293
14.5791 15.0584 15.5051 16.0530 16.0255 16.4494 17.0225 17.2257 17.8099 17.9255 18.3996 18.2731 18.4729 18.9379 19.0401 19.4202 19.6302 20.2854 20.1854 19.9397 20.0057 20.5597 20.1790 20.1729 19.8612 19.9315 19.6916 19.6626 19.3981 19.4812 18.9401 18.7802 18.6815 18.9059 19.0920 19.2842 19.4301 19.6370 19.8289 20.0652 20.1768 20.5139 20.6755 20.0416 19.9641 19.4222 19.0944 18.6123 18.2472 17.7570
14.5897 15.0401 15.5363 15.8261 16.1947 16.4762 16.7474 17.2401 17.6000 18.1173 18.4373 18.8554 18.7887 18.9998 19.5681 19.5598 19.6202 19.9222 20.5182 20.4145 20.0876 20.1972 20.8360 20.4252 20.3915 20.1556 20.2937 19.9365 19.9859 19.4656 19.1740 19.1061 19.0401 19.2423 19.4822 19.6651 19.8710 20.0036 20.2295 20.4157 20.6843 20.7489 20.1265 20.0439 19.6619 19.3656 18.8743 18.5188 18.0742 17.6891
14.5772 15.0416 15.3529 15.6903 15.9643 16.4387 16.7116 17.0901 17.5594 17.9026 18.3729 18.7877 19.2151 19.3404 19.5235 20.2483 19.8387 19.8747 20.3034 20.7052 20.6417 20.3368 20.4644 21.0784 20.6411 20.8224 20.4773 20.4870 20.0269 19.6529 19.6256 19.2696 19.4560 19.6064 19.8166 20.0761 20.2499 20.4771 20.5864 20.8416 21.0113 20.3428 20.1007 19.6042 19.5183 19.2467 18.8461 18.3467 17.9615 17.5497
14.5599 14.8870 15.2089 15.5005 15.9259 16.2511 16.8010 17.0237 17.3839 17.8259 18.2613 18.7393 19.1869 19.3933 19.9454 19.7163 20.3912 20.2751 20.1157 20.6441 20.9064 20.9289 20.7105 20.7630 21.2920 20.9448 20.9632 20.6163 20.1944 20.1240 19.6807 19.7251 19.8390 20.0468 20.1846 20.4044 20.6896 20.8447 21.1061 21.1752 20.6422 20.3564 20.1349 20.0833 19.8401 19.4013 18.8796 18.4192 18.1032 17.5935
14.4250 14.7425 15.0421 15.4347 15.7819 16.2729 16.6230 17.1799 17.4937 17.7915 18.1849 18.6417 19.0020 19.6180 19.3571 19.7419 19.7805 20.3223 20.5569 20.4253 21.0407 21.0779 21.3767 21.1389 21.3230 21.4167 21.2430 20.7591 20.6038 20.2558 19.8922 20.1286 20.3260 20.4176 20.6585 20.7734 21.0055 21.3257 21.4459 20.8760 20.6492 20.6329 20.7980 20.4927 20.0013 19.4587 19.0376 18.4931 18.1433 17.5749
14.2841 14.5913 14.9609 15.3168 15.7683 16.1428 16.6451 17.0247 17.5587 18.0473 18.3176 18.6254 19.2369 19.0487 19.1365 19.2530 19.6987 19.9796 20.5574 20.7177 20.8430 21.4417 21.3604 21.7958 21.6346 21.7783 21.3341 21.1860 20.8062 20.1598 19.9810 20.5258 20.7303 20.9478 21.0021 21.2954 21.3708 21.6249 21.0836 20.9645 20.9616 21.3092 20.8628 20.2340 19.8928 19.6711 19.0253 18.7272 18.1094 17.5994
14.1512 14.5654 14.8589 15.2824 15.6671 16.1327 16.5308 17.0329 17.5385 17.9037 18.2186 18.8385 18.7203 18.6572 18.7216 19.1070 19.4239 19.9242 20.2113 20.8582 20.8308 21.1823 21.8805 21.7142 22.3365 21.9184 21.8529 21.2936 20.7509 20.1922 20.0457 20.5765 21.1885 21.3379 21.5953 21.5870 21.9644 21.5268 21.4746 21.3386 21.6229 21.1653 20.6747 20.3833 19.7548 19.3732 19.0562 18.5545 18.1500 17.5757
14.1351 14.5768 15.0467 15.1989 15.6386 16.0441 16.5229 17.0194 17.5110 17.7223 18.2808 18.3653 18.2721 18.2038 18.5394 18.8715 19.3221 19.6554 20.2071 20.4794 21.1260 21.2877 21.5594 22.2428 22.1715 22.5359 21.7392 21.3727 20.7590 20.3747 20.2076 20.6338 21.1807 21.8872 21.9297 22.1417 22.0483 22.0818 21.5220 22.0009 21.3624 21.0614 20.9506 20.2996 19.9860 19.3557 19.1264 18.5341 18.0771 17.5958
14.1274 14.5911 15.0325 15.5665 15.5774 16.0336 16.5128 17.0286 17.2524 17.7036 17.8925 17.8514 17.8158 17.9925 18.3269 18.7441 19.1009 19.5981 19.9857 20.4990 21.0199 21.2765 21.9279 21.8175 22.5112 22.0102 22.0430 21.3479 20.9618 20.7648 20.7241 20.7776 21.2383 21.7887 21.9709 22.0203 21.9281 21.8349 22.1724 21.4341 21.5814 21.0894 20.5343 20.2976 19.8477 19.7593 19.0740 18.6400 18.0670 17.5793
14.1352 14.5777 15.0553 15.2775 15.7819 16.0209 16.5346 16.8459 17.1456 17.3375 17.3298 17.3539 17.4766 17.7927 18.1860 18.5540 19.0245 19.5229 19.9988 20.5955 20.9062 21.5557 21.4312 22.0447 21.7524 22.0339 21.5209 21.5609 21.3755 21.3541 21.3508 21.3516 21.3535 21.3751 21.5574 21.4530 21.7247 21.5224 21.4641 21.6066 21.1870 20.9303 20.6282 20.0563 19.7086 19.3236 19.2268 18.6023 18.1291 17.5843
14.1251 14.5698 14.8390 15.2784 15.5761 16.0586 16.4500 16.6228 16.8003 16.8299 16.9731 17.1067 17.2721 17.6489 18.0589 18.5428 19.0666 19.5275 20.1279 20.5808 21.2569 21.2629 21.7525 21.8401 21.9098 21.9783 21.9987 22.0018 22.0029 22.0018 22.0029 22.0018 22.0029 22.0017 22.0016 21.9914 21.9486 21.7684 21.5218 21.1452 21.0737 20.9812 20.3676 20.1042 19.6717 19.1983 18.8319 18.6934 18.1057 17.7504
14.0993 14.4005 14.7985 15.1207 15.5594 15.9266 16.1221 16.2822 16.3460 16.5679 17.0737 17.5558 17.6360 17.7482 18.1520 18.6160 19.1129 19.6584 20.0970 20.7592 21.0279 21.5005 21.9021 22.3193 22.5366 22.6240 22.6671 22.6714 22.6696 22.6716 22.6696 22.6716 22.6695 22.6709 22.6625 22.6269 22.4931 22.2196 21.8235 21.4832 21.0874 20.7875 20.3887 20.0449 19.7667 19.4027 19.0295 18.6190 18.3065 18.0008
13.9613 14.3370 14.6697 15.0759 15.4249 15.6300 15.7817 15.8683 16.0856 16.5618 17.1006 17.6202 18.1694 18.1788 18.2660 18.7162 19.1860 19.6982 20.2712 20.6258 21.1578 21.6806 22.0883 22.5821 23.0348 23.2537 23.3415 23.3533 23.3576 23.3542 23.3576 23.3542 23.3573 23.3499 23.3232 23.1930 22.9089 22.5494 22.1716 21.7487 21.3668 21.0082 20.6524 20.3893 20.0187 19.6508 19.2291 18.8847 18.5717 18.2771
13.8857 14.2255 14.6064 14.9385 15.1484 15.2962 15.3986 15.6125 16.0518 16.5697 17.0876 17.6481 18.1728 18.8201 18.6094 18.8051 19.3004 19.7673 20.2995 20.8045 21.2633 21.8335 22.3656 22.7494 23.2902 23.7722 23.9888 24.0556 24.0556 24.0617 24.0558 24.0616 24.0538 24.0376 23.9135 23.6123 23.2347 22.8506 22.4226 22.0493 21.6803 21.3450 21.0333 20.6356 20.2694 19.8176 19.5013 19.1542 18.8608 18.5341
13.7846 14.1498 14.4666 14.6781 14.8253 14.9459 15.2255 15.6227 16.0608 16.5618 17.1011 17.6250 18.2125 18.5702 19.2155 18.9704 19.3797 19.9045 20.3758 20.9462 21.4527 21.8877 22.5086 22.9120 23.4502 24.0160 24.5278 24.7350 24.7824 24.7746 24.7846 24.7740 24.7705 24.6558 24.3341 23.9356 23.5494 23.0954 22.7166 22.3603 22.0149 21.6794 21.3468 20.9155 20.4104 20.1123 19.7422 19.4527 19.1271 18.7480
13.7006 14.0084 14.2208 14.3814 14.6371 14.9695 15.3338 15.7185 16.1231 16.5695 17.0861 17.6344 18.0477 18.6686 18.7588 19.3989 19.5079 19.9887 20.5172 21.0058 21.5653 22.0213 22.5452 22.9634 23.5083 24.1779 24.7478 25.3052 25.4907 25.5275 25.5104 25.5219 25.4213 25.0750 24.6512 24.2701 23.7823 23.4011 23.0379 22.6801 22.3613 22.0346 21.5615 21.1230 20.7456 20.3412 20.0610 19.7293 19.3444 18.9297
13.5605 13.7954 14.1374 14.4809 14.7824 15.1169 15.4542 15.8301 16.2245 16.6363 17.0813 17.5409 18.0747 18.4136 18.7975 19.2424 19.6669 20.1282 20.5979 21.1563 21.6259 22.0480 22.4750 23.0246 23.6793 24.1957 24.9216 25.4874 26.1141 26.2625 26.2919 26.2121 25.8358 25.3797 25.0157 24.4822 24.1037 23.7338 23.3613 23.0380 22.7253 22.2282 21.7873 21.3843 21.0227 20.6870 20.3479 19.9486 19.5322 19.0709
13.5167 13.8710 14.2396 14.6072 14.9635 15.2611 15.6104 15.9502 16.3397 16.7438 17.1640 17.5672 18.0937 18.3888 18.8825 19.2875 19.8531 20.2644 20.7663 21.2692 21.6120 22.0046 22.5372 23.1407 23.7079 24.4146 24.8880 25.6951 26.2338 26.9347 26.9770 26.4769 26.1075 25.7907 25.1929 24.8255 24.4489 24.0590 23.7281 23.4415 22.8963 22.4459 22.0370 21.7046 21.3648 21.0153 20.5673 20.1442 19.6730 19.1971
13.6277 13.9713 14.3297 14.7108 15.0889 15.4610 15.7489 16.1187 16.4569 16.8632 17.2765 17.7125 18.1048 18.6072 18.9499 19.4876 19.8672 20.5147 20.9117 21.2446 21.5527 22.1052 22.6306 23.2168 23.8459 24.4006 25.1838 25.5077 26.2605 26.9383 27.1623 26.4847 26.2940 25.9262 25.5680 25.1840 24.7741 24.4292 24.1879 23.5758 23.1225 22.6958 22.3676 22.0159 21.7195 21.2146 20.7733 20.2834 19.7984 19.3397
13.7741 14.0820 14.4329 14.7996 15.1945 15.5821 15.9750 16.2443 16.6441 16.9734 17.4018 17.8269 18.3048 18.6590 19.2420 19.5368 20.1908 20.4606 20.8042 21.1278 21.5414 22.0913 22.7992 23.3047 23.9136 24.5748 24.8178 25.5028 26.2559 26.7354 26.6552 26.5535 25.9839 25.9723 25.9449 25.5084 25.1368 24.9714 24.2629 23.8191 23.3677 23.0516 22.6727 22.4138 21.8545 21.4142 20.9409 20.4064 19.9511 19.4598
13.9245 14.2374 14.5415 14.9072 15.2808 15.6913 16.0862 16.5084 16.7443 17.1952 17.5231 18.0214 18.4091 18.9003 19.2382 19.8894 20.0647 20.3822 20.7764 21.0967 21.5957 22.2053 22.7399 23.5087 23.9900 24.1473 24.7681 25.4868 26.1480 26.5757 26.1360 26.0596 25.8275 25.4333 25.6701 25.8833 25.4911 24.9515 24.5395 24.0504 23.7606 23.3347 23.1407 22.5027 22.0721 21.5944 21.0230 20.5740 20.0613 19.6394
14.0479 14.3954 14.7079 15.0107 15.3952 15.7727 16.2024 16.5999 17.0756 17.2999 17.7989 18.0447 18.6103 18.9268 19.6061 19.7189 20.0123 20.2437 20.7323 21.2642 21.7438 22.2389 22.8192 23.4035 23.5760 24.0968 24.8302 25.3974 26.1302 25.8040 25.7650 25.4712 25.3834 25.0746 25.1300 25.4489 25.6703 25.2902 24.7397 24.4979 24.0183 23.6307 23.1091 22.7322 22.2706 21.6481 21.2188 20.6667 20.2576 19.8109
14.1853 14.5154 14.8748 15.1911 15.4890 15.8982 16.2747 16.7663 17.1399 17.6545 17.8033 18.4046 18.5099 19.1415 19.2852 19.7531 19.8729 20.3101 20.8499 21.3713 21.9226 22.4036 22.9082 23.2948 23.7499 24.2863 24.7894 25.6018 25.5832 25.6546 25.2830 25.0283 24.9079 24.6462 24.7000 24.9270 25.2195 25.4696 24.9486 24.7450 24.1749 23.7854 23.3144 22.8905 22.2828 21.8897 21.2807 20.8864 20.4354 19.9485
14.3547 14.6548 14.9887 15.3687 15.6876 15.9750 16.4187 16.7982 17.3245 17.6611 18.2697 18.1057 18.6961 18.9264 19.5292 19.5475 19.9113 20.4757 20.9444 21.4920 22.0204 22.6014 23.0787 23.6243 23.9839 24.4544 25.0210 25.3135 25.1072 24.9389 25.1340 24.7819 24.3530 24.3218 24.2083 24.4815 24.7243 24.9893 25.2785 24.5093 24.2843 23.7360 23.2727 22.6662 22.2034 21.9047 21.5351 21.0699 20.5689 20.1031
14.4612 14.8428 15.1289 15.4728 15.8780 16.1983 16.5036 16.9739 17.3089 17.9060 17.9073 18.2946 18.6020 19.2081 19.2946 19.4607 20.0067 20.5194 21.1218 21.5734 22.1590 22.6870 23.3078 23.7683 24.3640 24.6838 25.2023 24.8988 24.7223 24.4096 24.3345 24.5298 24.3093 23.7168 23.7995 24.0026 24.2636 24.5313 24.7445 24.8425 24.0909 23.6672 23.2112 22.5952 22.0323 21.5915 21.7279 21.1916 20.7603 20.0571
14.5808 14.9386 15.3427 15.6116 15.9676 16.4042 16.7878 16.9980 17.5395 17.6149 18.0209 18.3148 18.9528 18.7463 18.9755 19.4806 20.0691 20.6299 21.1376 21.7934 22.2149 22.8546 23.3579 24.0372 24.4598 25.1435 24.5950 24.4152 24.4460 24.0212 23.7863 23.7459 23.9272 23.5750 23.2941 23.4747 23.8087 24.0125 24.1280 24.2907 24.4121 23.6464 23.2120 22.7168 22.0308 21.6026 21.0633 21.0260 20.5640 20.1026
14.6336 15.0750 15.4183 15.8626 16.1119 16.5666 16.9261 17.3601 17.5434 18.1486 17.8731 18.5025 18.3358 18.4486 18.9617 19.5804 20.0719 20.6959 21.2717 21.7649 22.3761 22.8700 23.5695 24.0336 24.8119 24.2827 24.3548 23.9114 23.7338 23.9627 23.3683 23.2002 23.1581 23.3212 22.9335 23.0961 23.3012 23.4279 23.5794 23.7203 24.0026 23.9533 23.1857 22.6635 22.2997 21.5618 20.9758 20.4906 20.3580 19.9362
14.6527 15.1221 15.5804 15.9025 16.3314 16.6172 17.1129 17.4073 18.0033 17.5989 17.8622 17.8756 18.0076 18.4637 19.0327 19.5376 20.2095 20.6700 21.2902 21.9412 22.4089 23.0758 23.5293 24.3191 23.9678 24.2586 23.8255 23.6197 23.2376 23.2064 23.4787 22.7868 22.6113 22.5673 22.7144 22.5605 22.7430 22.8882 23.0371 23.2685 23.2872 23.5141 23.3813 22.6377 22.1803 21.6190 21.0222 20.4064 19.9206 19.7139
14.6496 15.1409 15.6164 16.1055 16.3972 16.8794 17.1145 17.6918 17.3958 17.4010 17.3527 17.5731 18.0140 18.5883 19.0245 19.6387 20.0923 20.6635 21.3070 21.9376 22.6373 23.0561 23.8095 23.6710 23.7138 23.5049 23.6780 23.3783 22.9474 22.7543 22.7337 23.0358 22.3121 22.0209 21.9707 22.0601 22.1592 22.3658 22.5640 22.6224 22.7930 22.7622 22.9753 22.8882 22.1533 21.6729 21.0165 20.5363 19.9771 19.5412
14.6547 15.1333 15.6371 16.1204 16.6533 16.8909 17.4586 17.2047 17.1216 16.8888 17.1459 17.5804 18.1432 18.5601 19.1942 19.5886 20.0523 20.6793 21.2938 21.9622 22.5959 23.3664 23.0810 23.3021 23.0262 22.9974 22.9267 23.1373 23.0379 22.3354 22.3145 22.2594 22.3599 21.6986 21.4092 21.5140 21.6959 21.8279 21.9650 22.1021 22.1146 22.2694 22.2390 22.4952 22.3645 21.6332 21.1835 20.5732 20.1735 19.5800
14.6497 15.1418 15.6228 16.1476 16.6319 17.2304 16.8880 16.8890 16.6876 16.7279 17.1528 17.7045 18.1163 18.7386 19.0094 19.4655 20.0584 20.6660 21.3184 21.9377 22.6378 22.5891 22.7575 22.5787 22.8395 22.4040 22.4284 22.4035 22.6525 22.3273 21.7451 21.7034 21.8716 21.6455 21.0879 21.0462 21.1801 21.3070 21.3838 21.4736 21.5938 21.6082 21.7931 21.8491 21.9749 21.8612 21.1713 20.8250 20.1888 19.6314
14.6547 15.1334 15.6373 16.1227 16.6745 16.6117 16.6508 16.3958 16.3465 16.7348 17.2756 17.6779 18.2878 18.4572 18.8908 19.4556 20.0504 20.6794 21.2954 21.9771 22.0048 22.2551 22.0370 22.1324 22.1129 22.3811 21.8235 21.9519 21.9349 22.2313 21.6656 21.1965 21.1455 21.1898 20.9621 20.5475 20.6672 20.7488 20.8346 20.9192 20.9832 21.1332 21.2081 21.3189 21.4402 21.4683 21.5093 20.7984 20.2589 19.6009
14.6497 15.1411 15.6164 16.0896 16.1055 16.2035 16.1110 16.1025 16.3293 16.8547 17.2496 17.8477 17.9275 18.3300 18.8695 19.4493 20.0575 20.6591 21.2563 21.3739 21.8237 21.5426 21.5673 21.4857 21.6851 21.6697 21.9573 21.3384 21.5322 21.4893 21.5024 21.0236 20.6100 20.5307 20.5304 20.3122 20.1288 20.2116 20.2928 20.3620 20.4652 20.5800 20.6845 20.7954 20.8579 21.1478 20.9695 20.9027 20.2037 19.6331
14.6524 15.1174 15.5380 15.6260 15.7701 15.6976 15.6868 15.9659 16.4671 16.8319 17.4150 17.4176 17.7841 18.2991 18.8626 19.4513 20.0334 20.5734 20.7666 21.1156 21.1090 21.1382 20.9312 21.0210 21.0550 21.2700 21.2593 21.5975 20.9468 20.9098 20.8585 20.8101 20.3965 20.0289 19.9283 19.8929 19.7036 19.6828 19.7549 19.8528 19.9620 20.0609 20.1667 20.2548 20.4775 20.4427 20.5058 20.6341 20.2407 19.5988
14.6233 15.0143 15.1640 15.4984 15.2391 15.2625 15.6183 16.1500 16.4545 17.0189 16.9253 17.2533 17.7439 18.2902 18.8599 19.4207 19.9200 20.1577 20.4474 20.4830 20.5025 20.4855 20.4830 20.4441 20.6155 20.6587 20.9107 20.8823 20.9723 20.4772 20.3690 20.2489 20.1494 19.7847 19.4550 19.3386 19.2781 19.1622 19.2557 19.3601 19.4588 19.5656 19.7453 19.8369 19.8411 19.8960 19.9942 19.9407 19.9649 19.5927
14.5072 14.6977 14.9655 14.9467 14.9739 15.1433 15.6379 16.1162 16.7043 16.4803 16.7374 17.2034 17.7319 18.2830 18.8222 19.2912 19.5540 19.8063 19.8671 19.8848 19.8751 19.8851 19.8730 19.9864 20.0597 20.2568 20.2695 20.3288 20.2763 20.2962 19.9234 19.8832 19.6488 19.5154 19.1882 18.8896 18.7619 18.6893 18.7737 18.8720 18.9812 19.1392 19.2304 19.2493 19.2998 19.3774 19.3511 19.3823 19.3478 19.3152
14.2283 14.4589 14.4784 14.5168 14.6972 15.1424 15.6142 16.1137 16.1262 16.2397 16.6771 17.1874 17.7202 18.2383 18.6833 18.9592 19.1877 19.2637 19.2833 19.2787 19.2855 19.2878 19.3818 19.4676 19.6289 19.6650 19.7080 19.6781 19.7088 19.6745 19.6608 19.3745 19.2326 19.0567 18.9043 18.6068 18.3338 18.2043 18.2999 18.4091 18.5506 18.6404 18.6700 18.7173 18.7806 18.7713 18.7900 18.7718 18.7897 18.7558
13.9647 14.0136 14.0653 14.2508 14.6579 15.1125 15.5515 15.6303 15.7615 16.1593 16.6505 17.1649 17.6627 18.0878 18.3692 18.5820 18.6673 18.6905 18.6898 18.6956 18.7071 18.7885 18.8788 19.0159 19.0648 19.0996 19.0837 19.1017 19.0838 19.1013 19.0757 19.0310 18.7729 18.6384 18.4736 18.3073 18.0335 17.7825 17.8433 17.9721 18.0598 18.0970 18.1420 18.1953 18.1965 18.2085 18.1980 18.2086 18.1979 18.2025
